0	543
0.378715991974	-543
0.378914117813	543
0.670511007309	-1420
0.670530080795	-1420
0.670586109161	-787
0.672874212265	543
0.693197011948	543
0.782689094543	-543
0.802707195282	543
0.957367181778	-543
0.964867115021	543
1.10920000076	-543
1.10941410065	543
1.22140598297	-543
1.40694904327	-1057
1.50567507744	-1420
1.50573301315	-1316
1.51911211014	-891
1.63138508797	-543
1.63336706161	543
1.63355898857	543
1.86878609657	-543
2.02154302597	-1420
2.02160906792	-1420
2.02164912224	-787
2.02168416977	-1420
2.02173113823	-1420
2.02176618576	-1264
2.03118014336	-1420
2.03124499321	-1420
2.03128314018	-1264
2.05396819115	-1368
2.13407921791	-1420
2.1342291832	-1420
2.13427901268	-1420
2.134319067	-1212
2.13436603546	-1420
2.13440203667	-1420
2.13440608978	-1264
2.13445019722	-1420
2.13445305824	-1316
2.13448810577	-1420
2.13449120522	-1420
2.13452410698	-1264
2.13477516174	543
2.14340400696	-1420
2.14341211319	-1420
2.1434841156	-1420
2.14348721504	-1212
2.14353013039	-1420
2.14353203773	-1316
2.14368414879	543
2.14610719681	543
2.15497708321	543
2.20582699776	1460
2.20591807365	111
2.20926213264	-1420
2.20926713943	-1316
2.2168610096	543
2.24640607834	-1420
2.24642109871	-1420
2.2464799881	-1420
2.24648308754	-1212
2.24660015106	-1420
2.24660205841	-1420
2.24663901329	-1264
2.24664211273	-1368
2.24673008919	-1420
2.24673509598	-1316
2.24690008163	-1420
2.24690413475	-1316
2.2469420433	-1420
2.24694514275	-1420
2.24694609642	-1264
2.24701118469	-1368
2.24724721909	-1420
2.24725008011	-1316
2.24733114243	-1420
2.24733304977	-482
2.24756407738	543
2.56785202026	-1420
2.56787014008	-1420
2.56793212891	-1420
2.56793498993	-1420
2.56797909737	-1160
2.56798219681	-414
2.56822013855	543
2.57716608047	-1420
2.57718110085	-1420
2.57723498344	-1264
2.58736515045	543
2.59285521507	-1420
2.59287309647	-1420
2.59292817116	-1264
2.59293103218	-1420
2.59296512604	-1316
2.59315013885	543
2.60285902023	-1420
2.60286808014	-1420
2.60292315483	-1264
2.60756111145	-1420
2.60760521889	-1420
2.60760807991	-1264
2.60775399208	543
2.60779118538	-1420
2.60779309273	-1316
2.60784006119	-1368
2.61206912994	-1368
2.62734913826	-1420
2.62736415863	-1316
2.64659714699	-1368
2.65592217445	-1368
2.65625214577	1057
2.68158102036	-151
2.68179011345	543
2.99209904671	-543
2.99229001999	543
3.04353713989	-1420
3.04355406761	-1316
3.0599360466	-1368
3.10493898392	-580
3.1079211235	543
3.11142420769	543
3.182087183	-1420
3.18210220337	-1316
3.18240213394	-1420
3.18240714073	-1316
3.18251800537	-1368
3.19147801399	-1420
3.19153213501	-1420
3.19153618813	-1264
3.19168710709	543
3.21364116669	-1420
3.21365618706	-1420
3.21371412277	-1264
3.21472406387	-1420
3.21474814415	-1420
3.21475100517	-1264
3.21486520767	-1420
3.2148680687	-1420
3.21490812302	-1264
3.21729016304	-1221
3.22304821014	-1420
3.22305703163	-1420
3.22310209274	-1264
3.22319507599	543
3.24599719048	-1420
3.24601316452	-1316
3.24622607231	-1368
3.24635219574	543
3.26182508469	-1368
3.2619740963	-1420
3.26202821732	-1420
3.26203107834	-1420
3.26206612587	-1212
3.2620871067	-1368
3.27135515213	-1420
3.2713739872	-1316
3.27140903473	-1368
3.29398918152	-1420
3.29405498505	-1420
3.29405999184	-1264
3.30367207527	-1420
3.3036839962	-1420
3.30373811722	-1264
3.30374121666	-1420
3.30377721786	-1316
3.30377912521	-1368
3.30719208717	543
3.31315803528	-1420
3.31316208839	-1420
3.31320214272	-1264
3.31499505043	543
3.32605314255	-1420
3.32606005669	-1420
3.32611203194	-1264
3.33544015884	-1203
3.33593702316	543
3.37109017372	-1420
3.37110614777	-1316
3.37324714661	-1420
3.37325119972	-1316
3.37471818924	-1368
3.37626004219	-1420
3.37628602982	-1316
3.37735700607	-1368
3.37868618965	-1420
3.37869000435	-1420
3.37872719765	-1264
3.38031506538	-1368
3.38084411621	543
3.39272499084	-1420
3.39274120331	-1420
3.39277601242	-1264
3.39296221733	-1420
3.39300203323	-1420
3.39300513268	-1264
3.39305400848	-1368
3.39305710793	-1368
3.39564704895	543
3.40144515038	-1420
3.40145611763	-1316
3.40150308609	-1368
3.42968606949	-1368
3.44792103767	-528
3.46298313141	-1420
3.46304106712	-1316
3.4634180069	-1420
3.46343898773	-1316
3.4635720253	-1420
3.46361017227	-1316
3.46361207962	-1368
3.472687006	-1420
3.47269415855	-1316
3.47280216217	-1420
3.47280621529	-1316
3.47990512848	543
3.48172211647	543
3.50366020203	-1368
3.50381803513	-1420
3.50387310982	-1316
3.50387620926	-1420
3.5039191246	-1316
3.50392103195	-1368
3.50408506393	-1420
3.50408816338	-1420
3.50412607193	-1264
3.50420022011	543
3.50673317909	-1420
3.50673913956	-1420
3.5067820549	-1264
3.50993108749	543
3.53427100182	-1368
3.56020998955	-499
3.56553316116	-1368
3.56606507301	-1368
3.56627821922	-1420
3.56628108025	-1316
3.56635904312	-1420
3.56636214256	-1420
3.56637907028	-1264
3.57585215569	-1420
3.57590603828	-1420
3.5759100914	-1264
3.58928608894	-1420
3.58930110931	-1316
3.5919752121	543
3.59692215919	-1368
3.598747015	-1420
3.59880614281	-1316
3.67245006561	-301
3.70633602142	543
3.801831007	-543
3.80655813217	543
3.91411304474	-543
3.98435521126	543
4.02636909485	1057
4.02646017075	-543
4.02656722069	543
4.13888120651	-543
4.21864414215	-1368
4.25177407265	-746
4.26191115379	543
4.36396813393	-543
4.36427521706	543
4.3796710968	-1420
4.37969112396	-1316
4.38089799881	-1420
4.3809030056	-1420
4.3809440136	-1264
4.38542509079	-1420
4.38547515869	-1316
4.38547801971	-1368
4.3861541748	-1420
4.38616013527	-1316
4.38635015488	-1368
4.38736605644	-1368
4.38753199577	-1420
4.38753509521	-1316
4.38783812523	-1420
4.38784098625	-1316
4.38787698746	-1368
4.3900179863	543
4.40647816658	-1420
4.40648913383	-1420
4.40654206276	-1264
4.40670609474	543
4.41617798805	-1368
4.48770403862	-1368
4.49259305	-151
4.53315520287	-1420
4.53317308426	-1316
4.54202413559	-1420
4.54203605652	-1420
4.54206705093	-1264
4.56310105324	-1368
4.56640219688	1460
4.56645202637	111
4.60565018654	-1160
4.64295506477	-1420
4.64302206039	-1316
4.6513030529	-1368
4.65334916115	543
4.71778512001	-66
4.71965098381	543
4.83998799324	-1420
4.84000515938	-1420
4.84005212784	-787
4.84005618095	-1368
4.84038805962	-1420
4.84039306641	-1420
4.84044003487	-1420
4.84044313431	-1420
4.84047818184	-1160
4.84995102882	-1368
4.87055015564	-1368
4.88814616203	-1420
4.88821220398	-1316
4.88821721077	-1368
4.88825321198	-1420
4.888256073	-1316
4.88829112053	-1368
4.88861012459	-1420
4.88866615295	-1420
4.88866901398	-1264
4.88889217377	543
4.88974905014	-1420
4.88975405693	-1316
4.89014601707	-1368
4.89189815521	-1420
4.89194321632	-1316
4.89374303818	-1368
4.89386320114	543
4.89660716057	-1420
4.89661812782	-1316
4.89921212196	-1420
4.89921998978	-1316
4.90753316879	-1420
4.90755319595	-1420
4.90759706497	-1264
4.9279191494	-1368
4.95261406898	-349
4.97482705116	-1420
4.97490406036	-1316
4.97491002083	-1368
4.97508907318	-1420
4.97510099411	-1316
4.97517204285	543
4.97603917122	543
4.98476600647	-1420
4.98477911949	-1420
4.98483109474	-1264
4.9897081852	-1420
4.989839077	-1420
4.98984217644	-1264
4.98987913132	-1420
4.98988199234	-1420
4.989975214	-1264
4.98997807503	-1420
4.99002313614	-1316
4.99002599716	-1368
4.9970600605	-1420
4.99706912041	-1420
4.99711513519	-1264
4.99751019478	-1420
4.9975540638	-1420
4.99755716324	-1264
4.99768018723	543
4.99777817726	-1420
4.99778103828	-1316
4.99803304672	-1368
4.99855899811	-1420
4.99860215187	-1420
4.99860501289	-1264
4.9987411499	543
4.99925708771	-1420
4.99926018715	-1316
4.99940705299	-1368
5.00587511063	-1420
5.00592899323	-1420
5.00593209267	-1264
5.03592801094	-1368
5.03600311279	-1420
5.0360519886	-1420
5.03605413437	-1420
5.03607320786	-1212
5.0360751152	-1368
5.04023098946	-1420
5.04024600983	-1420
5.04030013084	-1264
5.04042410851	543
5.0454761982	-1420
5.04549407959	-1316
5.06509900093	-1106
5.11763811111	543
5.21308517456	-543
5.5403470993	-1057
5.73159718513	-543
5.73180818558	543
6.37525820732	-1420
6.37527608871	-1420
6.37533307076	-787
6.48740720749	-1057
6.49569416046	543
6.49592113495	543
6.9133951664	-543
7.05600905418	-1420
7.0561439991	-1316
7.05619120598	-1420
7.05623316765	-1316
7.05626821518	-1368
7.06514811516	-1420
7.06520199776	-1420
7.06523799896	-1420
7.06527304649	-867
7.08822417259	-1420
7.08827900887	-1316
7.09787011147	-1368
7.10652112961	-1420
7.10661101341	-1316
7.10664820671	-1368
7.16829705238	-1420
7.16832208633	-1316
7.16840815544	-1420
7.16842103004	-1420
7.16845798492	-1264
7.16846108437	-1420
7.16848516464	-1316
7.16848921776	-1420
7.16851115227	-1316
7.16856002808	-1368
7.16874718666	543
7.16889715195	543
7.17747116089	-1420
7.17749714851	-1420
7.17761111259	-1264
7.17761301994	-1420
7.17764902115	-1420
7.17765116692	-1264
7.17771100998	-1368
7.17771315575	-1368
7.20064806938	-1420
7.20066213608	-1420
7.20072007179	-1264
7.20072317123	-1368
7.20091414452	543
7.21025013924	-1420
7.21026706696	-1316
7.21853017807	-146
7.30233311653	1057
7.87998199463	-543
7.88079619408	543
8.31284713745	-1420
8.31287312508	-1179
