0	1057
0.361965179443	-543
0.547819137573	-1380
0.547897100449	-191
0.576941013336	1057
0.936097145081	-543
1.01948308945	-1380
1.01952505112	-1380
1.08720517159	-867
1.10500311852	-1380
1.19874119759	-191
1.20368719101	543
1.31527400017	1057
1.56338310242	-543
1.81778812408	-1380
1.81784009933	-1380
1.81785511971	-867
1.81893205643	-1380
1.81909704208	-1380
1.81913018227	-1380
1.82203817368	-1380
1.82206821442	-1380
1.82210206985	-1380
1.90550208092	-1380
1.91454219818	1057
1.92953801155	-1380
1.92957401276	-1380
1.92958116531	-1380
1.92960619926	-1380
1.92963504791	-1380
1.92967104912	-1380
1.93058300018	-1380
1.93061208725	-1380
1.93071317673	-1380
1.93076109886	-1380
1.93079018593	-1380
1.93082404137	-1380
1.93360114098	-284
1.97832417488	-1380
1.97834920883	-1380
1.99174308777	-1380
1.99179506302	-1380
1.99182701111	-1380
1.99793720245	1380
2.0172522068	-1380
2.01730513573	-1380
2.02622509003	763
2.04134511948	-1380
2.04136705399	-1380
2.04140019417	-1380
2.04143309593	-1380
2.0414659977	-1380
2.04149913788	-1380
2.04153108597	-1380
2.04156017303	-1380
2.04159212112	-1380
2.06492114067	-1380
2.06499004364	-1380
2.06500101089	-1380
2.06500601768	-1380
2.06509113312	-1380
2.06513118744	-1380
2.0651910305	-1380
2.06522417068	-1380
2.07812809944	-1380
2.07816314697	-1380
2.07818412781	-1380
2.07847309113	-1380
2.07850599289	-1380
2.07855200768	-1380
2.07858610153	-1380
2.08328104019	-1380
2.08333420753	-1380
2.08372306824	1380
2.09012103081	-1380
2.09015011787	-1380
2.09017419815	-1380
2.0902030468	-1380
2.1034450531	-1380
2.1034681797	-1380
2.10349321365	-1380
2.10352611542	-1380
2.10984802246	-1380
2.10987210274	-1380
2.12907719612	-1380
2.1291270256	-1380
2.12915420532	-1380
2.12915921211	-40
2.1764960289	249
2.19907212257	-1380
2.19914102554	-1380
2.19915008545	-1380
2.24074411392	-30
2.28460502625	-1380
2.39124512672	-191
2.40119600296	543
2.40149211884	1380
2.50292801857	-543
2.51281404495	1219
2.52543401718	-1380
2.52547812462	-1380
2.61134719849	-1380
2.62466216087	-1058
2.7802259922	-543
2.87720298767	-1380
2.87723112106	-1380
2.87727618217	-1380
2.87730717659	-1380
2.8773431778	-1380
2.87972807884	-1380
2.88013911247	-1380
2.88017320633	-1380
2.88020420074	-1380
2.8803691864	-1380
2.88040518761	-1380
2.88046908379	-1380
2.88059306145	-1380
2.88062405586	-1380
2.88065719604	-1380
2.88068819046	-1380
2.88071918488	-1380
2.8807849884	-1380
2.88084411621	543
2.88085007668	-1380
2.88088011742	-1380
2.88096117973	-1380
2.88396716118	-1380
2.88400316238	-1380
2.88403606415	-1380
2.88442707062	-1380
2.88446712494	-1380
2.88450407982	-1380
2.88453912735	-1380
2.88533520699	-1380
2.88536715508	-1380
2.88539814949	-1380
2.93522119522	-404
2.96643805504	-1380
2.96646308899	-1380
2.96685004234	-1380
2.96690607071	-1380
2.96693921089	-1380
2.96697020531	-1380
2.96700406075	-1380
2.96703314781	-1380
2.96707201004	-1380
2.96710419655	-1380
2.96713614464	-1380
2.96716809273	-1380
2.96719908714	-1380
2.96723413467	-1380
3.03228616714	1086
3.04692602158	-1016
3.05783414841	1380
3.05784606934	1380
3.05806112289	1380
3.05886507034	1380
3.13304615021	1380
3.14398908615	14
3.27822208405	1057
3.34220004082	-1380
3.34222412109	-705
3.34455108643	-1380
3.34478998184	-1380
3.34485816956	-1380
3.34492301941	-1380
3.34494709969	-1380
3.34497904778	-1380
3.34524703026	-1380
3.34527802467	-1380
3.34529805183	-1380
3.34791016579	-1380
3.34794402122	-1380
3.34796500206	-1380
3.34820103645	-1380
3.34831500053	-1380
3.34834599495	-1380
3.38989806175	1086
3.42993712425	-1380
3.4299890995	-1380
3.42999815941	-1380
3.43005013466	-1380
3.43007707596	-1380
3.43010520935	-1380
3.43016600609	-1380
3.43019509315	-1380
3.43022799492	-1380
3.4303920269	-1380
3.43042206764	-1380
3.43045306206	-1380
3.43048405647	-1380
3.43052220345	-1380
3.43058419228	-1380
3.43061518669	-1380
3.43064904213	-1380
3.43069911003	-1380
3.43357920647	-1380
3.43363213539	-1380
3.43366909027	-1380
3.43433904648	-1380
3.43449306488	-1380
3.43452715874	-1380
3.4345600605	-1380
3.43459320068	-1380
3.43462204933	-1380
3.45391106606	-934
3.50162410736	1086
3.50594711304	-1380
3.50597715378	-1380
3.50598311424	-1380
3.50608110428	-1380
3.50611209869	-1380
3.50614500046	-1380
3.51615715027	-1380
3.5162050724	-1380
3.51623606682	-1380
3.51632118225	-1380
3.5163731575	-1380
3.5164000988	-1380
3.51654219627	-1380
3.51658701897	-1380
3.51661610603	-1380
3.51668000221	-1380
3.51671099663	-1380
3.51677203178	-1380
3.51713204384	-1380
3.51714920998	-1380
3.5171661377	-1380
3.5198969841	-1380
3.51992106438	-1380
3.51993703842	-1380
3.52024006844	-1380
3.52025699615	-1380
3.52027511597	-1380
3.52061510086	-1380
3.52062702179	-1380
3.52066802979	-1380
3.52070307732	-1380
3.52073407173	-1380
3.52076911926	-1380
3.5918610096	-1380
3.59196019173	-1380
3.59203410149	-1380
3.59211921692	-1380
3.59214305878	-1380
3.59217619896	-1380
3.59244799614	-1380
3.59247899055	-1380
3.59251117706	-1380
3.59261703491	-1380
3.59267115593	-1380
3.59270620346	-1380
3.59306120872	1380
3.60287809372	-1380
3.6029791832	-1380
3.60305309296	-1380
3.603069067	-1380
3.60310602188	-1380
3.60323214531	-1380
3.60326004028	-1380
3.60329818726	-1380
3.60330820084	-863
3.60348105431	-1380
3.60349702835	-1380
3.60375618935	-1380
3.60379099846	-1380
3.60382199287	-1380
3.603921175	-1380
3.60395121574	-1380
3.60398721695	-1380
3.60419011116	-1380
3.60427212715	-1380
3.60430407524	-1380
3.60433220863	-1380
3.60439419746	-1380
3.60442900658	-1380
3.60590720177	-1380
3.60594916344	-1380
3.60598111153	-1380
3.60601305962	-1380
3.6060461998	-1380
3.606082201	-1380
3.60632705688	-1380
3.60642814636	-1380
3.60648417473	-1380
3.60652017593	-1380
3.60654401779	-1380
3.60658216476	-1380
3.60672307014	1380
3.65232801437	1041
3.67824602127	-1380
3.67829704285	-1380
3.67838406563	-1380
3.67841911316	-1380
3.67844820023	-1380
3.67847919464	-1380
3.67862510681	-1380
3.6786570549	-1380
3.67871904373	-1380
3.7153069973	-654
3.76040410995	-1380
3.76050710678	-1380
3.76053500175	-1380
3.7605650425	-1380
3.76059103012	-1380
3.76063299179	-1380
3.76075911522	-1380
3.76078820229	-1380
3.76082015038	-1380
3.76085305214	-1380
3.76088619232	-1380
3.76092410088	-1380
3.76095604897	-1380
3.76098799706	-1380
3.76104998589	-1380
3.76122498512	-1380
3.76126003265	-1380
3.76130819321	-1380
3.76134610176	-1380
3.7613761425	-1380
3.76142215729	-1380
3.76146006584	-1380
3.76150107384	-1380
3.76153802872	-1380
3.76161503792	-1380
3.76165509224	-1380
3.76169109344	-1380
3.76173210144	-1380
3.76176905632	-1380
3.76181101799	-1380
3.76184511185	-1380
3.7618792057	-1380
3.76195406914	-1380
3.76199507713	-1380
3.76206898689	-1380
3.76209902763	-1380
3.76213598251	-1380
3.76218008995	-1380
3.7622179985	-1380
3.76226711273	-1380
3.7623000145	-1380
3.76233911514	-1380
3.762373209	-1380
3.76240420341	-1380
3.76244711876	-1380
3.76248598099	-1380
3.76252198219	-1380
3.76256108284	-1380
3.76262021065	-1380
3.7626581192	-1380
3.76269412041	-1380
3.76272511482	-1380
3.76276302338	-1380
3.76279807091	-1380
3.76282501221	-1380
3.76286101341	-1380
3.76289415359	-1380
3.76392507553	1380
3.7641351223	249
3.77041602135	-1380
3.77049899101	-1380
3.77056717873	-1380
3.77080512047	-1380
3.77083110809	-1380
3.77088999748	-1380
3.77205514908	-1380
3.77207112312	-1380
3.77210116386	-1380
3.77308106422	-1380
3.77310299873	-1380
3.77312421799	-1380
3.77334713936	-1380
3.77337408066	-1380
3.77434420586	1380
3.77847719193	1380
3.80865502357	1380
3.80866909027	1380
3.82697415352	-558
3.84039211273	-1380
3.84043908119	-1380
3.84112811089	-1380
3.85197305679	-1380
3.85203504562	-1380
3.85205507278	-1380
3.85205817223	-1380
3.85207819939	-1380
3.85213303566	-1380
3.85231518745	-1380
3.85234212875	-1380
3.85237407684	-1380
3.85689115524	1380
3.85696721077	1380
3.86142015457	-1380
3.87587118149	205
3.95226407051	-796
4.13109111786	-543
4.13455414772	-1380
4.13458800316	-1380
4.1375951767	-1380
4.13768601418	-1380
4.13773012161	-1380
4.13774108887	-1380
4.13797402382	-1380
4.13803005219	-1380
4.13806319237	-1380
4.13812112808	-1380
4.1381521225	-1380
4.13818216324	-1380
4.13831615448	-1380
4.13835000992	-1380
4.13840818405	-1380
4.13855910301	543
4.13893508911	-1380
4.1389670372	-1380
4.13899707794	-1380
4.13931417465	-1380
4.13935017586	-1380
4.13937711716	-1380
4.13955116272	-1380
4.1395881176	-1380
4.13962006569	-1380
4.13982701302	-1380
4.13985800743	-1380
4.13989400864	-1380
4.14042615891	-1380
4.14045619965	-1380
4.14048504829	-1380
4.21842718124	-1380
4.21849107742	-1380
4.21851801872	-1380
4.21852707863	-1380
4.21853399277	-1380
4.21855807304	-1380
4.21893811226	-1380
4.21897721291	-1380
4.21899414062	-1380
4.21902012825	-1380
4.21950912476	-1380
4.21954011917	-1380
4.21961712837	-1380
4.21964001656	-1380
4.21986317635	-1380
4.21989011765	-1380
4.22029900551	-1380
4.22032999992	-1380
4.22036218643	-1380
4.22042417526	-1380
4.22046113014	-1380
4.22049212456	-1380
4.22068619728	-1380
4.22072219849	-1380
4.22078418732	-1380
4.22081208229	-1380
4.22108411789	1380
4.22159314156	-1380
4.2216231823	-1380
4.2216629982	-1380
4.24282002449	-351
4.25032401085	792
4.29655909538	-1380
4.29665517807	-1380
4.29668712616	-1380
4.29927706718	-1380
4.29932808876	-1380
4.29952311516	-1380
4.29970002174	-1380
4.29973506927	-1380
4.29974102974	-1380
4.29993319511	-1380
4.29996705055	-1380
4.29999709129	-1380
4.30036211014	-1380
4.30039405823	-1380
4.30042815208	-1380
4.30057907104	-1380
4.30061006546	-1380
4.3006401062	-1380
4.30111217499	-1380
4.30114006996	-1380
4.30117106438	-1380
4.3015191555	-1380
4.30154919624	-1380
4.30158114433	-1380
4.30161118507	-1380
4.30164504051	-1380
4.30168819427	-1380
4.3017270565	-1380
4.30175805092	-1380
4.30178999901	-1380
4.30250811577	-1380
4.30255007744	-1380
4.30259203911	-1380
4.30333304405	1380
4.35440921783	-330
4.38028001785	-1380
4.3803191185	220
4.3803331852	-1380
4.38035702705	-1380
4.38038301468	-1380
4.38041305542	-1380
4.38125801086	-1380
4.38128113747	-1380
4.3813149929	-1380
4.38141202927	-1380
4.38144207001	-1380
4.38147521019	-1380
4.38161110878	-1380
4.38164901733	-1380
4.38168406487	-1380
4.38172507286	-1380
4.38175415993	-1380
4.38179421425	-1380
4.38233017921	-1380
4.38235902786	-1380
4.38239002228	-1380
4.38268899918	-1380
4.38271617889	-1380
4.38274598122	-1380
4.38277816772	-1380
4.38281106949	-1380
4.38284611702	-1380
4.38288116455	-1380
4.38290905952	-1380
4.38294005394	-1380
4.38312315941	-1380
4.38321709633	-1380
4.38323020935	-1380
4.45835518837	-1380
4.45839500427	-1380
4.46090102196	-1380
4.46092605591	-1380
4.46110415459	-1380
4.46113300323	-1380
4.46145606041	1380
4.46198415756	-1380
4.46200919151	-1380
4.4620411396	-1380
4.46223902702	-1380
4.46227812767	-1380
4.46231102943	-1380
4.46241021156	-1380
4.46244120598	-1380
4.46247220039	-1380
4.46250510216	-1380
4.46264815331	-1380
4.46268010139	-1380
4.46271300316	-1380
4.46357607841	-1380
4.4636092186	-1380
4.46364116669	-1380
4.46380400658	-1380
4.46383619308	-1380
4.46386599541	-1380
4.46401906013	-1380
4.46404910088	-1380
4.46408200264	-1380
4.46411514282	-1380
4.46414899826	-1380
4.46418118477	-1380
4.4919052124	-543
4.49193811417	792
4.53929400444	-1380
4.5393280983	-1380
4.53934407234	-1380
4.54177117348	-1380
4.54179310799	-1380
4.54182600975	-1380
4.5419549942	-1380
4.54202008247	-1380
4.54205918312	-1380
4.54284214973	-1380
4.54287600517	-1380
4.54290509224	-1380
4.5430970192	1380
4.54352998734	-1380
4.54356002808	-1380
4.54358816147	-1380
4.54363012314	-1380
4.543664217	-1380
4.54369711876	-1380
4.5437271595	-1380
4.54375910759	-1380
4.5437951088	-1380
4.54464101791	-1380
4.54467105865	-1380
4.54470300674	-1380
4.54473519325	-1380
4.54476618767	-1380
4.54480218887	-1380
4.54514312744	-1380
4.54517912865	-1380
4.5452170372	-1380
4.54525709152	-1380
4.54529118538	-1380
4.54533100128	-1380
4.5453619957	-1380
4.58519101143	1380
4.60375499725	-65
4.60378813744	469
4.67719507217	1380
4.75479507446	1380
4.7643032074	411
4.8278222084	-1380
4.82786512375	-1380
4.82787203789	-867
4.82824420929	-1380
4.82827115059	-1380
4.82834506035	-1380
4.82837700844	-1380
4.82840800285	-1380
4.82848310471	-1380
4.82852721214	-1380
4.82858920097	-1380
4.82892608643	-1380
4.8289539814	-1380
4.82898616791	-1380
4.82902121544	-1380
4.82924818993	1380
4.82931399345	-1380
4.82934117317	-1380
4.82949304581	-1380
4.82962918282	-1380
4.82965898514	-1380
4.82974410057	-1380
4.82977509499	-1380
4.82980704308	-1380
4.83032608032	-1380
4.83038711548	-1380
4.83041810989	-1380
4.83044815063	-1380
4.83051919937	-1380
4.83055019379	-1380
4.83082914352	-1380
4.83086705208	-1380
4.83090114594	-1380
4.83096814156	-1380
4.87604403496	1277
4.90874910355	-1380
4.90877914429	-1380
4.90879917145	-1380
4.90907120705	-1380
4.90910220146	-1380
4.90913414955	-1380
4.91322517395	-1380
4.93948411942	-551
5.08904409409	-1380
5.09111714363	-191
5.1784901619	-1380
5.17853403091	-1380
5.17854404449	-1380
5.17920804024	-1380
5.17923617363	-1380
5.202876091	-412
5.20662903786	-1380
5.20667600632	-1380
5.20674800873	-1380
5.20723819733	-1380
5.20727515221	-1380
5.20728302002	-1380
5.20746517181	543
5.20756101608	-1380
5.20760416985	-1380
5.20762109756	-1380
5.20763015747	-1380
5.2096221447	1380
5.20964407921	1380
5.20977401733	1380
5.21032309532	1380
5.21146202087	1380
5.21258401871	1380
5.22528815269	1380
5.26421403885	-1380
5.2925632	-1380
5.29265403748	-1380
5.2926671505	-1380
5.29900312424	1380
5.31473016739	-444
5.3191921711	1159
5.37840509415	-1380
5.43084216118	-191
5.44418120384	543
5.49931812286	-1380
5.49937915802	-1380
5.49939513206	-1380
5.49940013885	-1380
5.49940514565	-1380
5.49957418442	-1380
5.49959516525	-1380
5.49962806702	-1380
5.49965500832	-1380
5.49970006943	-1380
5.49972319603	-1380
5.500041008	-1380
5.50007200241	-1380
5.50019717216	-1380
5.5004119873	-1380
5.50050616264	-1380
5.50053310394	-1380
5.50066900253	-1380
5.50069117546	-1380
5.50070619583	-1380
5.50073814392	-1380
5.50086402893	-1380
5.50089216232	-1380
5.50102210045	-1380
5.50110816956	-1380
5.50112819672	-1380
5.50150108337	-1380
5.50153207779	-1380
5.50157809258	-1380
5.50157904625	1380
5.50172519684	-1380
5.50176119804	-1380
5.50180506706	-1380
5.50189900398	-1380
5.50210905075	-1380
5.50214409828	-1380
5.50217413902	-1380
5.54265809059	-845
5.58013820648	-1380
5.58017110825	1306
5.58017802238	-1380
5.58045816422	-1380
5.58068919182	-1380
5.58072018623	-1380
5.58084607124	-1380
5.58089613914	-1380
5.58093214035	-1380
5.58096909523	-1380
5.58100008965	-1380
5.58107018471	-1380
5.58109998703	-1380
5.58134508133	-1380
5.58137607574	-1380
5.58140921593	-1380
5.58146810532	-1380
5.58150315285	-1380
5.58153700829	-1380
5.58156704903	-1380
5.58159613609	-1380
5.58162808418	-1380
5.58199501038	-1380
5.58202910423	-1380
5.58205914497	-1380
5.58209013939	-1380
5.5821211338	-1380
5.58231711388	-1380
5.58239817619	-1380
5.58243012428	-1380
5.58246207237	-1380
5.58271217346	-1380
5.58276319504	-1380
5.58279514313	-1380
5.58600211143	-1380
5.58603310585	-1380
5.58606100082	-1380
5.66096711159	-1380
5.66102719307	-1380
5.66105604172	-1380
5.66205716133	-1380
5.66210818291	-1380
5.66212511063	-1380
5.6622262001	-1380
5.66224813461	-1380
5.66225218773	-1380
5.66227221489	-1380
5.66230201721	-1380
5.66233801842	-1380
5.66239714622	-1380
5.66243219376	-1380
5.66249299049	-1380
5.662525177	-1380
5.66255712509	-1380
5.66259002686	-1380
5.66262102127	-1380
5.66265702248	-1380
5.66268706322	-1380
5.66271805763	-1380
5.66275119781	-1380
5.66278219223	-1380
5.66284799576	-1380
5.66287899017	-1380
5.66290998459	-1380
5.66324019432	-1380
5.66325521469	-1380
5.66328716278	-1380
5.66372013092	-1380
5.66374802589	-1380
5.6637802124	-1380
5.66381001472	1380
5.66679906845	-1380
5.66686010361	-1380
5.66688418388	-1380
5.69119405746	-720
5.69218015671	1335
5.74196100235	-1380
5.74199104309	-1380
5.74200105667	-1380
5.7420270443	-1380
5.74208211899	-1380
5.74209213257	-1380
5.74296212196	-1380
5.74299001694	-1380
5.743019104	-1380
5.74307799339	-1380
5.74310803413	-1380
5.74313998222	-1380
5.74339818954	-1380
5.74342918396	-1380
5.74346208572	-1380
5.74354600906	-1380
5.74361205101	-1380
5.74367499352	-1380
5.74371504784	-1380
5.74377417564	-1380
5.74380612373	-1380
5.74383807182	-1380
5.74387407303	-1380
5.74390721321	-1380
5.7439391613	-1380
5.74396800995	-1380
5.74404716492	-1380
5.74407601357	-1380
5.74409604073	-1380
5.74413204193	-1380
5.74416303635	-1380
5.74420404434	-1380
5.74423098564	-1380
5.74478507042	-1380
5.74484610558	-1380
5.74485611916	-1380
5.74620914459	1380
5.74752116203	-1380
5.74755501747	-1380
5.74760317802	-1380
5.80280303955	-390
5.8227930069	-1380
5.8228161335	1306
5.82282614708	-1380
5.82300305367	-1380
5.82315611839	-1380
5.82321405411	-1380
5.8232460022	-1380
5.82405400276	-1380
5.82408499718	-1380
5.82411503792	-1380
5.8241481781	-1380
5.82418012619	-1380
5.82421517372	-1380
5.8243560791	-1380
5.82438707352	-1380
5.82441711426	-1380
5.82452106476	-1380
5.82455301285	-1380
5.82464599609	-1380
5.82487821579	-1380
5.82494306564	-1380
5.82500720024	-1380
5.82503914833	-1380
5.82506918907	-1380
5.8251080513	-1380
5.82514214516	-1380
5.82517409325	-1380
5.82520413399	-1380
5.82527303696	-1380
5.82530212402	-1380
5.82536220551	-1380
5.82539319992	-1380
5.82543206215	-1380
5.82547521591	-1380
5.82580018044	-1380
5.82583212852	-1380
5.82589411736	-1380
5.82630205154	1380
5.82848000526	-1380
5.82851099968	-1380
5.82854318619	-1380
5.90371513367	-1380
5.90376400948	-1380
5.90377521515	-1380
5.90409898758	-1380
5.90412306786	-1380
5.90413808823	-1380
5.90496015549	-1380
5.90497207642	-1380
5.90505599976	-1380
5.90527105331	-1380
5.90533018112	-1380
5.90533900261	-1380
5.90539503098	-1380
5.90540599823	-1380
5.9054350853	-1380
5.90546703339	-1380
5.90549612045	-1380
5.90553116798	-1380
5.9059882164	-1380
5.90601301193	-1380
5.90606307983	-1380
5.90609502792	-1380
5.90612721443	-1380
5.90615510941	-1380
5.90618920326	-1380
5.90622711182	-1380
5.9063231945	-1380
5.90635204315	-1380
5.90638518333	-1380
5.90641617775	-1380
5.90648412704	-1380
5.90651321411	-1380
5.90654611588	-1380
5.90670800209	-1380
5.9067401886	-1380
5.90677213669	-1380
5.90964603424	-1380
5.90968298912	-1380
5.90970301628	-1380
5.91009712219	-1380
5.91012811661	-1380
5.91016101837	-1380
5.91033601761	1380
5.91451215744	-810
5.9157512188	1380
5.91577601433	1380
5.91592216492	1380
5.93803215027	14
5.98484611511	-1380
5.98487615585	-1380
5.98488020897	-1380
5.98574709892	-1380
5.98576021194	-1380
5.98578000069	-1380
5.9860970974	-1380
5.98611402512	-1380
5.98615503311	-1380
5.98645210266	-1380
5.9865090847	-1380
5.98654103279	-1380
5.98657107353	-1380
5.98660898209	-1380
5.9866540432	-1380
5.98668313026	-1380
5.98672318459	-1380
5.98675513268	-1380
5.98769307137	-1380
5.98770713806	-1380
5.98776817322	-1380
5.98779821396	-1380
5.98786520958	-1380
5.98789620399	-1380
5.98792910576	-1380
5.9879591465	-1380
5.98811221123	-1380
5.98814320564	-1380
5.98817610741	-1380
5.98820710182	-1380
5.98827409744	-1380
5.98830199242	-1380
5.98836016655	-1380
5.98839211464	-1380
5.9884250164	-1380
5.99044203758	-1380
5.99052000046	-1380
5.99052619934	-1380
5.99234318733	1380
6.02770400047	-1227
6.04957318306	792
6.06557416916	-1380
6.06563210487	-1380
6.06584119797	-1380
6.06594610214	-1380
6.06597709656	-1380
6.06603717804	-1380
6.06669807434	-1380
6.06672310829	-1380
6.06675314903	-1380
6.06687116623	-1380
6.06690716743	-1380
6.06693911552	-1380
6.0672750473	-1380
6.06731009483	-1380
6.06736803055	-1380
6.06772613525	-1380
6.06777906418	-1380
6.0678319931	-1380
6.06788301468	-1380
6.06793403625	-1380
6.06822419167	-1380
6.06826019287	-1380
6.06828904152	-1380
6.06856513023	-1380
6.0685942173	-1380
6.06862616539	-1380
6.0686841011	-1380
6.06877398491	-1380
6.06880712509	-1380
6.06887316704	-1380
6.06890702248	-1380
6.06893801689	-1380
6.06903815269	-1380
6.06906819344	-1380
6.06910014153	-1380
6.06913208961	-1380
6.06916809082	-1380
6.06920218468	-1380
6.07118201256	-1380
6.07120919228	-1380
6.07123303413	-1380
6.14648509026	-1380
6.14651012421	-1380
6.14654803276	-1380
6.1470181942	-1380
6.14704918861	-1380
6.14707899094	-1380
6.14758610725	-1380
6.14762210846	-1380
6.14763998985	-1380
6.14794611931	-1380
6.14801001549	-1380
6.14801907539	-1380
6.14845299721	-1380
6.14848804474	-1380
6.14851617813	-1380
6.14855098724	-1380
6.1485850811	-1380
6.14864301682	-1380
6.14867401123	-1380
6.1487121582	-1380
6.14874315262	-1380
6.14893317223	-1380
6.14896321297	-1380
6.14899420738	-1380
6.14933300018	1380
6.14969611168	-1380
6.14975214005	-1380
6.14978098869	-1380
6.14981603622	-1380
6.14985013008	-1380
6.14988398552	-1380
6.14991903305	-1380
6.149944067	-1380
6.14997720718	-1380
6.15001106262	-1380
6.15004611015	-1380
6.15007615089	-1380
6.15010619164	-1380
6.15013599396	-1380
6.1501750946	-1380
6.15208721161	-1380
6.15211415291	-1380
6.15213918686	-1380
6.1524720192	-1380
6.15250110626	-1380
6.15252900124	-1380
6.16125106812	-621
6.16135001183	1335
6.22789502144	-1380
6.2279291153	-1380
6.22793412209	-1380
6.2279651165	-1380
6.22799515724	-1380
6.22803211212	-1380
6.2283911705	-1380
6.22842216492	-1380
6.22848105431	-1380
6.2288839817	-1380
6.22925400734	-1380
6.22928309441	-1380
6.22931408882	-1380
6.22934317589	-1380
6.22937703133	-1380
6.22941207886	-1380
6.22944402695	-1380
6.22981500626	-1380
6.22986221313	1380
6.22987413406	-1380
6.22990512848	-1380
6.22993612289	-1380
6.22997498512	-1380
6.23000621796	-1380
6.23085999489	-1380
6.23088598251	-1380
6.23091816902	-1380
6.23095703125	-1380
6.23099017143	-1380
6.23101902008	-1380
6.23105311394	-1380
6.23108315468	-1380
6.23112201691	-1380
6.23115515709	-1380
6.23118519783	-1380
6.23121714592	-1380
6.23124814034	-1380
6.23128318787	-1380
6.23134303093	-1380
6.23306012154	-1380
6.23307800293	-1380
6.23309016228	-1380
6.2335422039	-1380
6.23355913162	-1380
6.2335870266	-1380
6.24631714821	1380
6.24639606476	1380
6.27310013771	-201
6.27312421799	660
6.30897498131	-1380
6.30899405479	-1380
6.30900001526	-1380
6.30903315544	-1380
6.30979704857	-1380
6.30980801582	-1380
6.30982804298	-1380
6.30986118317	-1380
6.30989003181	-1380
6.30992913246	-1380
6.31067800522	-1380
6.31069016457	-1380
6.31075000763	-1380
6.31081008911	-1380
6.31084609032	-1380
6.31087803841	-1380
6.3110601902	-1380
6.31107711792	-1380
6.31116509438	-1380
6.31119608879	-1380
6.31122803688	-1380
6.31209802628	-1380
6.31212306023	-1380
6.31215715408	-1380
6.31223011017	-1380
6.31226015091	-1380
6.31229114532	-1380
6.31236004829	-1380
6.31239199638	-1380
6.31245112419	-1380
6.3125231266	-1380
6.31255412102	-1380
6.31258511543	-1380
6.31274604797	-1380
6.31277513504	-1380
6.3128080368	-1380
6.31383419037	-1380
6.31386017799	-1380
6.31389117241	-1380
6.3139231205	-1380
6.31395220757	-1380
6.31398916245	-1380
6.31595802307	1380
6.38479304314	-876
6.38481712341	1277
6.38943219185	-1380
6.38945508003	-1380
6.38950705528	-1380
6.39002799988	-1380
6.39006304741	-1380
6.39075613022	-1380
6.39078807831	-1380
6.39081716537	-1380
6.39088320732	-1380
6.39091801643	-1380
6.39094901085	-1380
6.39116001129	-1380
6.3912961483	-1380
6.39132809639	-1380
6.39167809486	-1380
6.39170718193	-1380
6.39174008369	-1380
6.39186000824	-1380
6.3918941021	-1380
6.39192414284	-1380
6.39195609093	-1380
6.39198803902	-1380
6.3920249939	-1380
6.39252209663	-1380
6.39255213737	-1380
6.39258503914	-1380
6.39291501045	-1380
6.39295220375	-1380
6.39298200607	-1380
6.39302110672	-1380
6.39305520058	-1380
6.3930990696	-1380
6.39313721657	-1380
6.39317798615	-1380
6.39321517944	-1380
6.39324998856	-1380
6.39331507683	-1380
6.39334607124	-1380
6.39338707924	-1380
6.39356803894	1380
6.39466118813	-1380
6.3946890831	-1380
6.39472198486	-1380
6.39510011673	-1380
6.39513421059	-1380
6.39516210556	-1380
6.47094011307	-1380
6.47097706795	-1380
6.47101712227	-1380
6.47104716301	-1380
6.4710791111	-1380
6.47111415863	-1380
6.47151303291	-1380
6.47154808044	-1380
6.47158098221	-1380
6.47180318832	-1380
6.47183799744	-1380
6.47189617157	-1380
6.4722700119	-1380
6.47229909897	-1380
6.47232818604	-1380
6.47268605232	-1380
6.47271513939	-1380
6.47274899483	-1380
6.47277808189	-1380
6.47281217575	-1380
6.47287607193	-1380
6.47300219536	-1380
6.47303819656	-1380
6.47306799889	-1380
6.4736571312	-1380
6.47368717194	-1380
6.47371816635	-1380
6.47409200668	-1380
6.47412419319	-1380
6.47415399551	-1380
6.47424817085	-1380
6.47428202629	-1380
6.4743180275	-1380
6.47435808182	-1380
6.47439312935	-1380
6.47443819046	-1380
6.47451210022	-1380
6.47453999519	1380
6.47454309464	-1380
6.47457408905	-1380
6.47463917732	-1380
6.47466921806	-1380
6.47475719452	1380
6.47612309456	-1380
6.47615408897	-1380
6.47618412971	-1380
6.49659204483	-1078
6.49661707878	117
6.55122113228	-1380
6.5512471199	-1380
6.55126905441	-1380
6.55190610886	-1380
6.55193805695	-1380
6.55197501183	-1380
6.55249404907	-1380
6.55252313614	-1380
6.55255413055	-1380
6.55297398567	-1380
6.55301213264	-1380
6.55304408073	-1380
6.55325102806	-1380
6.55328702927	-1380
6.55334401131	-1380
6.55348014832	-1380
6.5535171032	-1380
6.55355620384	-1380
6.5539162159	-1380
6.55394816399	-1380
6.55397701263	-1380
6.55400919914	-1380
6.55404114723	-1380
6.55407714844	-1380
6.55411219597	-1380
6.55413913727	-1380
6.55437302589	1380
6.5547451973	-1380
6.55477619171	-1380
6.5548081398	-1380
6.55484008789	-1380
6.55524706841	-1380
6.55528020859	-1380
6.55534005165	-1380
6.55537509918	-1380
6.5554060936	-1380
6.55543899536	-1380
6.55546998978	-1380
6.55550813675	-1380
6.55554103851	-1380
6.55557012558	-1380
6.55560207367	-1380
6.55665802956	-1380
6.55669116974	-1380
6.55672502518	-1380
6.55709314346	-1380
6.55714416504	-1380
6.55719017982	-1380
6.60837006569	-1317
6.60843205452	763
6.63302707672	-1380
6.63305306435	-1380
6.6330780983	-1380
6.63310909271	-1380
6.63314008713	-1380
6.63354206085	-1380
6.63357400894	-1380
6.63360309601	-1380
6.63387608528	-1380
6.63390803337	-1380
6.63393998146	-1380
6.63408613205	-1380
6.63411903381	-1380
6.6341509819	-1380
6.63483119011	-1380
6.63485813141	-1380
6.63489103317	-1380
6.63492202759	-1380
6.63495206833	-1380
6.63498806953	-1380
6.63502120972	-1380
6.63505220413	-1380
6.63508415222	-1380
6.63563299179	-1380
6.63566207886	-1380
6.63569402695	-1380
6.63572406769	-1380
6.63575315475	-1380
6.63579320908	-1380
6.63637113571	-1380
6.6364030838	-1380
6.63643407822	-1380
6.63646411896	-1380
6.6364941597	-1380
6.63653111458	-1380
6.63656306267	-1380
6.63659620285	-1380
6.63680315018	-1380
6.63705515862	-1380
6.63730216026	-1380
6.63755106926	-1380
6.63778805733	-1380
6.6378531456	-1380
6.63788414001	-1380
6.63818001747	-1380
6.63821601868	-1380
6.63824820518	-1380
6.67255520821	1380
6.71290016174	-1380
6.71292209625	-1380
6.71324801445	1380
6.71397209167	-1380
6.71398806572	-1380
6.71400618553	-1380
6.71403813362	-1380
6.71430516243	1380
6.71454715729	-1380
6.71455907822	-1380
6.71458601952	-1380
6.71468114853	-1380
6.71471500397	-1380
6.71474814415	-1380
6.71514320374	-1380
6.71517205238	-1380
6.71519899368	-1380
6.71523213387	-1380
6.71563911438	-1380
6.71565103531	-1380
6.71570920944	-1380
6.71573901176	-1380
6.71579003334	-1380
6.71582007408	-1380
6.71596121788	-1380
6.71601104736	-1380
6.71610403061	-1380
6.71671009064	-1380
6.71673607826	-1380
6.71689915657	-1380
6.71693515778	-1380
6.71696901321	-1380
6.71711611748	-1380
6.71715712547	-1380
6.71719503403	-1380
6.71725606918	-1380
6.71729111671	-1380
6.71732020378	-1380
6.71774101257	-1380
6.71777319908	-1380
6.71780014038	-1380
6.71790003777	-1380
6.71793103218	-1380
6.71796321869	-1380
6.71873402596	-1380
6.71875405312	-1380
6.71909403801	-1380
6.71912312508	-1380
6.71915221214	-1380
6.72014904022	-1034
6.72016119957	1232
6.79392814636	-1380
6.79405498505	-1380
6.79407906532	-1380
6.79480409622	-1380
6.7948319912	-1380
6.79533910751	-1380
6.79536914825	-1380
6.79539608955	-1380
6.79542899132	-1380
6.79545617104	-1380
6.79549407959	-1380
6.79611515999	-1380
6.79614114761	-1380
6.79617500305	-1380
6.79620718956	-1380
6.79624319077	-1380
6.79627299309	-1380
6.79658603668	-1380
6.79661798477	-1380
6.79664611816	-1380
6.79670906067	-1380
6.79674720764	-1380
6.79677700996	-1380
6.79690909386	-1380
6.79694318771	-1380
6.7969751358	-1380
6.79739117622	-1380
6.7974281311	-1380
6.79745411873	-1380
6.79774618149	-1380
6.7977771759	-1380
6.79781198502	-1380
6.79806613922	-1380
6.79809808731	-1380
6.79812502861	-1380
6.79851913452	-1380
6.7985432148	-1380
6.79857516289	-1380
6.79860901833	-1380
6.79863810539	-1380
6.79867601395	-1380
6.79892110825	-1380
6.79895019531	-1380
6.79897999763	-1380
6.80012202263	-1380
6.8001511097	-1380
6.80018305779	-1380
6.80064821243	1380
6.83184719086	-774
6.83186912537	249
6.87472915649	-1380
6.87481713295	-1380
6.87484908104	-1380
6.87584900856	-1380
6.87589001656	-1380
6.87592411041	-1380
6.87593102455	-1380
6.8759431839	-1380
6.87623715401	-1380
6.87626600266	-1380
6.87629413605	-1380
6.87662816048	-1380
6.87665700912	-1380
6.87668704987	-1380
6.87708520889	-1380
6.87709999084	-1380
6.87714910507	-1380
6.87717819214	-1380
6.87721514702	-1380
6.87724900246	-1380
6.87728118896	-1380
6.87731218338	-1380
6.87741518021	-1380
6.8774471283	-1380
6.87768721581	-1380
6.87774705887	-1380
6.87777805328	-1380
6.87784814835	1380
6.87831616402	-1380
6.87834501266	-1380
6.87837505341	-1380
6.87845301628	-1380
6.8785431385	-1380
6.87857508659	-1380
6.87902903557	-1380
6.87905502319	-1380
6.87908911705	-1380
6.87916707993	-1380
6.87919807434	-1380
6.87922906876	-1380
6.87926101685	-1380
6.87949299812	-1380
6.87952709198	-1380
6.87956905365	-1380
6.87985801697	-1380
6.87989211082	-1380
6.8799200058	-1380
6.88053321838	-1380
6.88054800034	-1380
6.88058018684	-1380
6.91290998459	-1380
6.91295313835	-1380
6.9435172081	-966
6.9435441494	792
6.95770716667	-1380
6.95773100853	-1380
6.95775318146	-1380
6.95831918716	-1380
6.95833110809	-1380
6.95835518837	-1380
6.95878720284	-1380
6.95880508423	-1380
6.95946598053	-1380
6.9595451355	-1380
6.95994210243	-1380
6.95998120308	-1380
6.96000218391	-1380
6.96020412445	1380
6.96059918404	-1380
6.96062207222	-1380
6.96092200279	-1380
6.96098208427	-1380
6.96101307869	-1380
6.96131706238	-1380
6.96134805679	-1380
6.96137714386	-1380
6.96194601059	-1380
6.96197915077	-1380
6.96202611923	-1380
6.96226501465	-1380
6.96229600906	-1380
6.9623529911	-1380
6.96290707588	-1380
6.96293210983	-1380
6.96295213699	-1380
6.96317410469	-1380
6.96320319176	-1380
6.96323513985	-1380
6.96361303329	-1380
6.96363306046	-1380
6.96364712715	-1380
6.96384119987	-1380
6.96386098862	-1380
6.9638941288	-1380
6.96419715881	-1380
6.96443319321	-1380
6.96446108818	-1380
6.96453404427	-1380
6.96456408501	-1380
6.9645922184	-1380
6.96474719048	-1380
6.96477913857	-1380
6.96480798721	-1380
7.0363111496	-1380
7.03633403778	-1380
7.03636717796	-1380
7.03718709946	-1380
7.03721904755	-1380
7.03724908829	-1380
7.03822302818	-1380
7.03825211525	-1380
7.03828501701	-1380
7.03831315041	-1380
7.0383450985	-1380
7.03838300705	-1380
7.03841400146	-1380
7.03844308853	-1380
7.03847718239	-1380
7.03866219521	1380
7.03930521011	-1380
7.03933405876	-1380
7.03936815262	-1380
7.03939604759	-1380
7.03943014145	-1380
7.03946709633	-1380
7.03993606567	-1380
7.03996801376	-1380
7.03999710083	-1380
7.04002904892	-1380
7.04005908966	-1380
7.04009604454	-1380
7.04088115692	-1380
7.04090809822	-1380
7.04094219208	-1380
7.04100418091	-1380
7.04103517532	-1380
7.04106521606	-1380
7.04109621048	-1380
7.04113006592	-1380
7.04119610786	-1380
7.04122805595	-1380
7.04125905037	-1380
7.04144215584	-1380
7.04147410393	-1380
7.04150319099	-1380
7.04153704643	-1380
7.04156708717	-1380
7.04160404205	-1380
7.04166221619	-1380
7.04177713394	-1380
7.04180407524	-1380
7.04183602333	-1380
7.04214811325	1380
7.04231905937	-1380
7.04235005379	-1380
7.0423810482	-1380
7.05523014069	-816
7.05525803566	747
7.11734604836	-1380
7.11737108231	-1380
7.11740207672	-1380
7.11962819099	-1380
7.1196680069	-1380
7.11970114708	-1380
7.11972904205	-1380
7.11976408958	-1380
7.11981010437	-1380
7.11984205246	-1380
7.11987400055	-1380
7.11990499496	-1380
7.11997413635	-1380
7.12000513077	-1380
7.12003707886	-1380
7.12026309967	-1380
7.12029504776	-1380
7.1203250885	-1380
7.12035703659	-1380
7.12038803101	-1380
7.12056303024	-1380
7.12104415894	-1380
7.12107801437	-1380
7.12110900879	-1380
7.12113809586	-1380
7.12116909027	-1380
7.12120509148	-1380
7.12202215195	-1380
7.12205314636	-1380
7.12208104134	-1380
7.12219119072	-1380
7.12222504616	-1380
7.12225699425	-1380
7.12233805656	-1380
7.12239313126	-1380
7.12245512009	-1380
7.12248516083	-1380
7.12262511253	-1380
7.12268614769	-1380
7.12272119522	-1380
7.12274909019	-1380
7.12280011177	-1380
7.12283015251	-1380
7.12286114693	-1380
7.12289214134	-1380
7.12304019928	-1380
7.12307214737	-1380
7.12310099602	-1380
7.12325906754	-1380
7.12332010269	-1380
7.12335014343	-1380
7.12360501289	1380
7.1669511795	-995
7.16699004173	249
7.19819808006	-1380
7.19822406769	-1380
7.19825100899	-1380
7.19919705391	-1380
7.19922804832	-1380
7.19927000999	-1380
7.2006380558	-1380
7.20073914528	-1380
7.20077419281	-1380
7.20081305504	-1380
7.20084619522	-1380
7.20087409019	-1380
7.2009370327	-1380
7.20097398758	-1380
7.20100307465	-1380
7.20126509666	-1380
7.20129799843	-1380
7.20132899284	-1380
7.20135998726	-1380
7.201390028	-1380
7.20145916939	-1380
7.20181417465	-1380
7.20184612274	-1380
7.20187711716	-1380
7.20190620422	-1380
7.20193910599	-1380
7.20197415352	-1380
7.20290613174	-1380
7.20293617249	-1380
7.20296812057	-1380
7.2030620575	-1380
7.20309519768	-1380
7.20312809944	-1380
7.20329809189	-1380
7.20339298248	-1380
7.20342612267	-1380
7.20348501205	-1380
7.20351409912	-1380
7.20355415344	-1380
7.20381116867	-1380
7.20384407043	-1380
7.20387411118	-1380
7.20399618149	-1380
7.20402812958	-1380
7.20406007767	-1380
7.20412421227	-1380
7.20421409607	-1380
7.20424509048	-1380
7.2042760849	-1380
7.20437002182	-1380
7.20440220833	-1380
7.20443606377	-1380
7.20467805862	1380
7.2479660511	-1380
7.24799418449	-1380
7.24801707268	-1380
7.24835801125	1380
7.27854204178	-217
7.2785680294	498
7.28026199341	-1380
7.28029203415	-1380
7.28032112122	-1380
7.28156805038	-1380
7.28159809113	-1380
7.28163218498	-1380
7.2816619873	-1380
7.28169417381	-1380
7.28173208237	-1380
7.28195810318	-1380
7.28201508522	-1380
7.28204917908	-1380
7.28230404854	-1380
7.28236508369	-1380
7.28239703178	-1380
7.28253602982	-1380
7.28256702423	-1380
7.28259801865	-1380
7.28263020515	-1380
7.28269314766	-1380
7.28272509575	-1380
7.28280210495	-1380
7.28286409378	-1380
7.28292512894	-1380
7.28296113014	-1380
7.28298902512	-1380
7.28302502632	-1380
7.28378009796	-1380
7.28382706642	-1380
7.28388500214	-1380
7.28391814232	-1380
7.28394913673	-1380
7.28398013115	-1380
7.28400921822	-1380
7.28413200378	-1380
7.28416204453	-1380
7.28419613838	-1380
7.2847070694	-1380
7.28473901749	-1380
7.28476810455	-1380
7.28480005264	-1380
7.28483009338	-1380
7.28487014771	-1380
7.28490304947	-1380
7.28493309021	-1380
7.28496217728	-1380
7.28550720215	-1380
7.28554010391	-1380
7.28557014465	-1380
7.28593420982	-1380
7.28596520424	-1380
7.28599619865	-1380
7.36123299599	-1380
7.36126303673	-1380
7.36129117012	-1380
7.36238718033	-1380
7.36241602898	-1380
7.36245012283	-1380
7.36248016357	-1380
7.36251211166	-1380
7.36254811287	-1380
7.36300706863	-1380
7.363063097	-1380
7.363104105	-1380
7.36313915253	-1380
7.3631670475	-1380
7.36331105232	-1380
7.3633491993	-1380
7.36338019371	-1380
7.36344099045	-1380
7.36347699165	-1380
7.36351418495	-1380
7.36389303207	-1380
7.36392402649	-1380
7.36395716667	-1380
7.36403608322	-1380
7.36408519745	-1380
7.3641140461	-1380
7.36414599419	-1380
7.36417603493	-1380
7.36423921585	1380
7.36514520645	-1380
7.36518311501	-1380
7.36521601677	-1380
7.36524510384	-1380
7.3652780056	-1380
7.3653151989	-1380
7.36536502838	-1380
7.36539912224	-1380
7.3654820919	-1380
7.36551403999	-1380
7.36555099487	-1380
7.3657720089	-1380
7.36579918861	-1380
7.36583304405	-1380
7.36586403847	-1380
7.36589717865	-1380
7.36593604088	-1380
7.36601114273	-1380
7.36604118347	-1380
7.36607503891	-1380
7.36611104012	-1380
7.36642217636	-1380
7.36646509171	-1380
7.36649608612	-1380
7.36677002907	-1380
7.36680221558	-1380
7.36758613586	1380
7.39093017578	-1125
7.39097499847	1012
7.44194602966	-1380
7.44198107719	-1380
7.44202709198	-1380
7.44345498085	-1380
7.44348406792	-1380
7.44351816177	-1380
7.44416117668	-1380
7.4441921711	-1380
7.44422602654	-1380
7.44425606728	-1380
7.44428801537	-1380
7.44432616234	-1380
7.44435715675	-1380
7.44438815117	-1380
7.44442009926	-1380
7.44445109367	-1380
7.44448709488	-1380
7.44451808929	-1380
7.44457912445	-1380
7.44461107254	-1380
7.44464612007	-1380
7.44473719597	-1380
7.44477105141	-1380
7.44481801987	-1380
7.44517421722	-1380
7.44520521164	-1380
7.44523620605	-1380
7.44575405121	1380
7.44620704651	-1380
7.44623708725	-1380
7.44626808167	-1380
7.44630002975	-1380
7.44633221626	-1380
7.44637107849	-1380
7.44640207291	-1380
7.44643211365	-1380
7.4464662075	-1380
7.44649815559	-1380
7.44678115845	-1380
7.44681406021	-1380
7.4468460083	-1380
7.44701504707	-1380
7.44704914093	-1380
7.44708013535	-1380
7.44711112976	-1380
7.4471411705	-1380
7.44717907906	-1380
7.44720816612	-1380
7.44724011421	-1380
7.44730019569	-1380
7.44736409187	-1380
7.44739413261	-1380
7.4474260807	-1380
7.44748616219	1380
7.50265312195	-100
7.50268006325	469
7.52223610878	-1380
7.52225899696	-1380
7.5222890377	-1380
7.52397608757	-1380
7.52400398254	-1380
7.52403616905	-1380
7.52445816994	-1380
7.52449011803	-1380
7.52464199066	-1380
7.52540016174	-1380
7.5254471302	-1380
7.52547812462	-1380
7.52561306953	-1380
7.52564620972	-1380
7.52574110031	-1380
7.52580499649	-1380
7.52583813667	-1380
7.52586913109	-1380
7.52590799332	-1380
7.5259771347	-1380
7.52600812912	-1380
7.52603912354	-1380
7.52606916428	-1380
7.52609705925	-1380
7.52617502213	-1380
7.52620506287	-1380
7.52626609802	-1380
7.52740907669	-1380
7.5274450779	-1380
7.52747702599	-1380
7.52753019333	-1380
7.52756619453	-1380
7.52759313583	-1380
7.52766108513	-1380
7.52769398689	-1380
7.5277261734	-1380
7.52775716782	-1380
7.527821064	-1380
7.52785205841	-1380
7.52788519859	-1380
7.52791619301	-1380
7.52794003487	1380
7.52798008919	-1380
7.52800917625	-1380
7.52804112434	-1380
7.52828502655	-1380
7.52837014198	-1380
7.5284011364	-1380
7.52843308449	-1380
7.52846908569	-1380
7.52854418755	-1380
7.52857804298	-1380
7.52862119675	-1380
7.52865815163	-1380
7.52879118919	-1380
7.52882409096	-1380
7.52885508537	-1380
7.52900505066	-1380
7.6033000946	-1380
7.60487008095	-1380
7.6049041748	-1380
7.60493803024	-1380
7.60514521599	1380
7.60537409782	-1380
7.60540699959	-1380
7.6054391861	-1380
7.60546898842	-1380
7.60549998283	-1380
7.60629105568	-1380
7.60632109642	-1380
7.60635304451	-1380
7.60638403893	-1380
7.60641598701	-1380
7.60645198822	-1380
7.6064851284	-1380
7.60651516914	-1380
7.60654807091	-1380
7.60664916039	-1380
7.60668206215	-1380
7.60671114922	-1380
7.60673999786	-1380
7.60677099228	-1380
7.60680818558	-1380
7.60846710205	-1380
7.60850405693	-1380
7.608533144	-1380
7.60892510414	-1380
7.60895514488	-1380
7.60898709297	-1380
7.60901713371	-1380
7.60904717445	-1380
7.60908198357	-1380
7.60911512375	-1380
7.60914707184	-1380
7.60917711258	-1380
7.60934019089	-1380
7.60937309265	-1380
7.60940313339	-1380
7.60951805115	-1380
7.60954618454	-1380
7.60965919495	-1380
7.60985612869	-1380
7.60988903046	-1380
7.60991716385	-1380
7.60998511314	-1380
7.61001420021	-1380
7.61004710197	-1380
7.61010098457	-1380
7.61014199257	-1380
7.61017417908	-1380
7.61035513878	-1380
7.61038613319	-1380
7.61041808128	-1380
7.61052012444	-1380
7.61076402664	1380
7.61423206329	-70
7.61426401138	747
7.68417716026	-1380
7.68420910835	-1380
7.68579602242	-1380
7.68582701683	-1380
7.68585014343	-1380
7.68624615669	-1380
7.68627810478	-1380
7.68628406525	-1380
7.68815016747	-1380
7.6881980896	-1380
7.68825006485	-1380
7.68836712837	-1380
7.6884291172	-1380
7.68846321106	-1380
7.68853402138	-1380
7.68856716156	-1380
7.68860507011	-1380
7.68868708611	-1380
7.68872904778	-1380
7.68875908852	-1380
7.68879008293	-1380
7.6888730526	-1380
7.68894410133	-1380
7.68897509575	-1380
7.6890130043	-1380
7.68904209137	-1380
7.68916511536	-1380
7.68919420242	-1380
7.68922615051	-1380
7.68953800201	-1380
7.6895980835	-1380
7.68963098526	-1380
7.68969321251	-1380
7.6897251606	-1380
7.68975520134	-1380
7.68983721733	-1380
7.68990898132	-1380
7.68994903564	-1380
7.68998908997	-1380
7.68999218941	1380
7.69002509117	-1380
7.69006109238	-1380
7.69024705887	-1380
7.69027805328	-1380
7.69030809402	-1380
7.69074106216	-1380
7.69077706337	-1380
7.69082403183	-1380
7.69087100029	-1380
7.69090008736	-1380
7.69094204903	-1380
7.69098711014	-1380
7.6910340786	-1380
7.69106721878	-1380
7.69110608101	-1380
7.69116020203	-1380
7.69119310379	-1380
7.72603702545	-1378
7.7260620594	792
7.76575303078	-1380
7.76578617096	-1380
7.76589918137	-1380
7.76741218567	-1380
7.76745009422	-1380
7.76746320724	-1380
7.76749300957	-1380
7.76752305031	-1380
7.76759815216	-1380
7.76925420761	-1380
7.7692990303	-1380
7.76933002472	-1380
7.76933598518	-1380
7.76934099197	-1380
7.76942706108	-1380
7.76943516731	-1380
7.7694849968	-1380
7.7694940567	-1380
7.76954817772	-1380
7.76955914497	-1380
7.76958703995	-1380
7.76961708069	-1380
7.7696480751	-1380
7.76968002319	-1380
7.76971411705	-1380
7.76977705956	-1380
7.7698071003	-1380
7.77033400536	-1380
7.77036714554	-1380
7.77039813995	-1380
7.77042913437	-1380
7.77046012878	-1380
7.77049708366	-1380
7.7705271244	-1380
7.77056002617	-1380
7.77059221268	-1380
7.770622015	-1380
7.77066016197	-1380
7.77070999146	1380
7.77072000504	-1380
7.77086615562	-1380
7.77091503143	-1380
7.77095603943	-1380
7.77097821236	-1380
7.77131199837	-1380
7.77134108543	-1380
7.77137112617	-1380
7.77181911469	-1380
7.77184915543	-1380
7.77193498611	-1380
7.7720041275	-1380
7.77204108238	-1380
7.7720811367	-1380
7.77211713791	-1380
7.77214813232	-1380
7.79813098907	-1380
7.79815912247	-1380
7.79818105698	-1380
7.83773612976	-512
7.83783221245	792
7.8466360569	-1380
7.84666705132	-1380
7.84667205811	-1380
7.84829115868	-1380
7.84832310677	-1380
7.84836220741	-1380
7.84840011597	-1380
7.84843707085	-1380
7.84847998619	-1380
7.84984016418	-1380
7.84987306595	-1380
7.84989500046	-1380
7.84993219376	-1380
7.8499610424	-1380
7.84999418259	-1380
7.850025177	-1380
7.85006213188	-1380
7.85010504723	-1380
7.85013699532	-1380
7.85017204285	-1380
7.85023021698	-1380
7.85051417351	-1380
7.85057210922	-1380
7.85060310364	-1380
7.85063505173	-1380
7.85067915916	-1380
7.85133814812	-1380
7.85136508942	-1380
7.85139703751	-1380
7.85144400597	1380
7.85200500488	-1380
7.85203719139	-1380
7.85206913948	-1380
7.85217499733	-1380
7.8522040844	-1380
7.85223817825	-1380
7.85242605209	-1380
7.85245704651	-1380
7.85248804092	-1380
7.85261011124	-1380
7.85264110565	-1380
7.85267210007	-1380
7.85306119919	-1380
7.85308909416	-1380
7.8531191349	-1380
7.85323619843	-1380
7.85327100754	-1380
7.85329914093	-1380
7.85338115692	-1380
7.85341620445	-1380
7.8534450531	-1380
7.85350704193	-1380
7.85361599922	-1380
7.85366201401	-1380
7.85372805595	-1380
7.87892508507	-1380
7.87895798683	-1380
7.87898015976	-1380
7.8790102005	-1380
7.9275021553	-1380
7.9276471138	-1380
7.92768621445	-1380
7.92857408524	1380
7.92909502983	-1380
7.92912220955	-1380
7.92915320396	-1380
7.92940616608	-1380
7.92945504189	-1380
7.92946410179	-1380
7.92947101593	-1380
7.92947721481	-1380
7.93076515198	-1380
7.93078708649	-1380
7.93081617355	-1380
7.93109512329	-1380
7.93115711212	-1380
7.93118715286	-1380
7.93121004105	-1380
7.93123698235	-1380
7.93126916885	-1380
7.93129920959	-1380
7.93133616447	-1380
7.93136119843	-1380
7.93164110184	-1380
7.93170714378	-1380
7.93172907829	-1380
7.93206310272	-1380
7.93209218979	-1380
7.93212199211	-1380
7.93215703964	-1380
7.93218302727	-1380
7.93222212791	-1380
7.93240499496	1380
7.93302798271	-1380
7.93304419518	-1380
7.93313717842	-1380
7.93314218521	-1380
7.93314409256	-1380
7.93326020241	-1380
7.93336009979	-1380
7.93339014053	-1380
7.93344211578	-1380
7.93347215652	-1380
7.93350315094	-1380
7.93378806114	-1380
7.93385720253	-1380
7.93388819695	-1380
7.93391919136	-1380
7.93411517143	-1380
7.93414616585	-1380
7.93417716026	-1380
7.93423819542	-1380
7.93427300453	-1380
7.93430519104	-1380
7.93440008163	-1380
7.93444013596	-1380
7.93447113037	-1380
7.93452906609	-1380
7.934882164	1380
7.94947314262	-158
7.94953012466	453
8.00749111176	-1380
8.00752210617	-1380
8.00992798805	-1380
8.00995802879	-1380
8.00999116898	-1380
8.01004314423	-1380
8.01007604599	-1380
8.01010704041	-1380
8.01050901413	-1380
8.01054120064	-1380
8.01057100296	-1380
8.01068806648	-1380
8.01147007942	-1380
8.01150012016	-1380
8.01203918457	-1380
8.01206898689	-1380
8.01210212708	-1380
8.01213121414	-1380
8.01216006279	-1380
8.01219701767	-1380
8.01222801208	-1380
8.01226019859	-1380
8.01228904724	-1380
8.01232218742	-1380
8.01238799095	-1380
8.01241898537	-1380
8.01280117035	-1380
8.01283311844	-1380
8.01286411285	-1380
8.01289319992	-1380
8.01292514801	-1380
8.01296401024	-1380
8.01393604279	-1380
8.01397013664	-1380
8.01400208473	-1380
8.01403212547	-1380
8.01406407356	-1380
8.01410102844	-1380
8.01413106918	-1380
8.01416301727	-1380
8.01419520378	-1380
8.01445412636	-1380
8.01449418068	-1380
8.01456212997	-1380
8.01459813118	-1380
8.01463508606	-1380
8.01466417313	-1380
8.01469302177	-1380
8.01484799385	-1380
8.01487898827	-1380
8.01519608498	1380
8.01530003548	-1380
8.01534605026	-1380
8.015376091	-1380
8.01545715332	-1380
8.01548600197	-1380
8.01551699638	-1380
8.01554703712	-1380
8.01557898521	-1380
8.01565814018	-1380
8.04075407982	-1380
8.0611770153	-484
8.0612142086	792
8.08919906616	-1380
8.08923506737	-1380
8.09084701538	-1380
8.0908780098	-1380
8.09090805054	-1380
8.09170818329	-1380
8.0917391777	-1380
8.09180998802	-1380
8.09184408188	-1380
8.09187912941	-1380
8.09190917015	-1380
8.09228301048	-1380
8.09235215187	-1380
8.09238815308	-1380
8.09285616875	-1380
8.09289002419	-1380
8.09291911125	-1380
8.0931789875	-1380
8.09321212769	-1380
8.09324407578	-1380
8.09327602386	-1380
8.09331202507	-1380
8.09334516525	-1380
8.09337615967	-1380
8.09340810776	-1380
8.09343719482	-1380
8.09398198128	-1380
8.09401607513	-1380
8.09404420853	-1380
8.09407806396	-1380
8.09410905838	-1380
8.09414505959	-1380
8.09510803223	-1380
8.09513711929	-1380
8.09516906738	-1380
8.095277071	-1380
8.09530711174	-1380
8.0953400135	-1380
8.09548807144	-1380
8.09552001953	-1380
8.09555315971	-1380
8.09563803673	1380
8.09568500519	-1380
8.09571504593	-1380
8.09574604034	-1380
8.09577703476	-1380
8.09580612183	-1380
8.09584403038	-1380
8.09590506554	-1380
8.09620904922	-1380
8.09623908997	-1380
8.09648299217	-1380
8.09651398659	-1380
8.09654402733	-1380
8.09657502174	-1380
8.09664201736	-1380
8.09667015076	-1380
8.09686303139	-1380
8.10331606865	1380
8.11921906471	1380
8.12147712708	-1380
8.12150716782	-1380
8.1215531826	-1380
8.17023706436	-1380
8.1702580452	-1380
8.17027211189	-1380
8.17178106308	-1380
8.17179608345	-1380
8.17182302475	-1380
8.17272210121	-1380
8.17275118828	-1380
8.17280101776	-1380
8.17280721664	-147
8.17282509804	660
8.17348718643	-1380
8.17350006104	-1380
8.17360401154	-1380
8.17361521721	-1380
8.17363905907	-1380
8.17420601845	-1380
8.17422509193	-1380
8.17426609993	-1380
8.174295187	-1380
8.17432308197	-1380
8.17438220978	-1380
8.17441320419	-1380
8.17444300652	-1380
8.17447400093	-1380
8.17450618744	-1380
8.17457413673	-1380
8.17508411407	-1380
8.17512106895	-1380
8.17515802383	-1380
8.17519617081	-1380
8.1752281189	-1380
8.17526698112	-1380
8.17594599724	-1380
8.17597913742	-1380
8.17601013184	-1380
8.17604017258	-1380
8.17607116699	-1380
8.17611098289	-1380
8.17614221573	-1380
8.17617321014	-1380
8.17620205879	-1380
8.17623519897	-1380
8.17636609077	1380
8.1765961647	-1380
8.17662620544	-1380
8.17691111565	-1380
8.17694020271	-1380
8.17697405815	-1380
8.17718601227	-1380
8.17724299431	-1380
8.17727518082	-1380
8.17730808258	-1380
8.17734098434	-1380
8.17769217491	-1380
8.177724123	-1380
8.17775511742	-1380
8.1778151989	-1380
8.17785406113	-1380
8.17788505554	-1380
8.17791819572	-1380
8.17794919014	-1380
8.25042104721	-1380
8.25045919418	-1380
8.25047802925	-1380
8.25291109085	-1380
8.25293803215	-1380
8.25298810005	-1380
8.25310206413	-1380
8.25313401222	-1380
8.25320720673	-1380
8.25326418877	1380
8.25394201279	-1380
8.25397205353	-1380
8.25400209427	-1380
8.2543129921	-1380
8.25435304642	-1380
8.25438809395	-1380
8.25442004204	-1380
8.25445318222	-1380
8.2544901371	-1380
8.25505304337	-1380
8.25508308411	-1380
8.25518608093	-1380
8.2553331852	-1380
8.25536417961	-1380
8.25542402267	-1380
8.25573515892	-1380
8.25576710701	-1380
8.25579810143	-1380
8.25582814217	-1380
8.25629901886	-1380
8.25632810593	-1380
8.25640702248	-1380
8.25645208359	-1380
8.25648617744	-1380
8.25659704208	1380
8.25672721863	-1380
8.25673818588	-1380
8.25676608086	-1380
8.25727510452	-1380
8.25729203224	-1380
8.2573120594	-1380
8.25734210014	-1380
8.25737214088	-1380
8.25740718842	-1380
8.25765514374	-1380
8.25766611099	-1380
8.25769209862	-1380
8.25797319412	-1380
8.25799012184	-1380
8.25800704956	-1380
8.25811004639	-1380
8.25815320015	-1380
8.25818419456	-1380
8.25825715065	-1380
8.25831699371	-1380
8.25834512711	-1380
8.2587389946	-1380
8.25875020027	-1380
8.25876808167	-1380
8.25880098343	-1380
8.25883698463	-1380
8.25886821747	-1380
8.28309798241	-1380
8.28312802315	-1380
8.28314518929	-1380
8.28451299667	-804
8.28453707695	1290
8.33230018616	-1380
8.33232903481	-1380
8.3336930275	-1380
8.33370614052	-1380
8.33372807503	-1380
8.33376002312	-1380
8.33379006386	-1380
8.3344950676	-1380
8.33452320099	-1380
8.33506011963	-1380
8.33507514	-1380
8.33510518074	-1380
8.33522701263	-1380
8.33560204506	-1380
8.33563303947	-1380
8.33566498756	-1380
8.33605098724	-1380
8.33608198166	-1380
8.33611416817	-1380
8.33614420891	-1380
8.33618116379	-1380
8.33621311188	-1380
8.33624505997	-1380
8.33627414703	-1380
8.33640003204	-1380
8.33642911911	-1380
8.33646607399	-1380
8.33721399307	-1380
8.33724308014	-1380
8.39638519287	-1021
8.39643907547	1086
8.46103310585	-1380
8.46106219292	-1380
8.4610710144	-1380
8.46108412743	-1380
8.46122312546	-1380
8.4612569809	-1380
8.4612891674	-1380
8.50810718536	-251
8.50813817978	1086
8.54643106461	-1380
8.61986398697	-191
8.62545800209	543
8.78039908409	543
8.8030371666	-543
8.89214015007	-1380
8.89219903946	-1380
8.89222216606	-1380
8.89224815369	-1380
8.89227819443	-1380
8.89239001274	-1380
8.89242315292	-1380
8.89256620407	-1380
8.89262199402	-1380
8.89265203476	-1380
8.89268398285	-1380
8.89272904396	543
8.89274311066	-1380
8.89277720451	-1380
8.8930990696	-1380
8.89315319061	-1380
8.89318799973	-1380
8.89321517944	-1380
8.8933801651	-1380
8.89341211319	-1380
8.89362001419	-1380
8.89365315437	-1380
8.89368510246	-1380
8.89403820038	-1380
8.89407300949	-1380
8.89410305023	-1380
8.89413714409	-1380
8.89417314529	-1380
8.89420413971	-1380
8.8946390152	-1380
8.89473009109	-1380
8.89476513863	-1380
8.89479804039	-1380
8.89495205879	-1380
8.89498710632	-1380
8.89532899857	-1380
8.89539718628	-1380
8.8954269886	-1380
8.89549708366	-1380
8.89564299583	-1380
8.89567518234	-1380
8.89575815201	-1380
8.89585518837	-1380
8.89589118958	-1380
8.89591908455	-1380
8.89595103264	-1380
8.89598011971	-1380
8.89666104317	1380
8.9512321949	-1068
8.97668409348	-1380
8.97679018974	-1380
9.00841999054	249
9.06230998039	-1380
9.06968212128	-1380
9.06979417801	-1380
9.06991004944	-1380
9.06994104385	-1380
9.06998205185	-1380
9.07028317451	-1380
9.07033705711	-1380
9.0703701973	-1380
9.07039618492	-1380
9.07043719292	-1380
9.07046914101	-1380
9.08841109276	-473
9.23211121559	-1380
9.23918104172	-763
9.2523291111	543
9.54111719131	-1057
9.55785918236	1380
9.55798506737	705
9.56103801727	1380
9.6696331501	1248
9.70449209213	1380
9.78142905235	191
9.92736101151	-1057
9.94524908066	1057
10.0377750397	-1380
10.037842989	-1380
10.0382881165	-1380
10.0383150578	-1380
10.0383431911	-1380
10.0569901466	-354
10.1687531471	-1086
10.1896381378	1380
10.1896531582	1380
10.1897790432	1380
10.18978405	1058
10.3014252186	-543
10.4470779896	-1380
10.4478251934	543
10.4510850906	-220
10.4699649811	-1380
10.4700009823	-1380
10.5816581249	-353
10.582873106	543
10.6945810318	-543
10.6946191788	543
10.8063650131	-1086
10.8071269989	1380
10.8072400093	191
10.8152151108	-1380
10.8152451515	-1380
10.9188511372	-353
10.9190862179	543
11.0307610035	-543
11.0855891705	543
11.0974411964	-1380
11.1793000698	-705
11.1886951923	1380
11.1893370152	1380
11.1893529892	1380
11.2910101414	-543
11.2910890579	1087
11.4350280762	-1057
11.4357340336	-1380
11.4357631207	-1380
11.4359610081	-1380
11.4359951019	-1380
11.4360260963	-1380
11.4365701675	-1380
11.4366021156	-1380
11.4366340637	-1380
11.4366621971	-1380
11.4366960526	-1380
11.4367330074	-1380
11.4370651245	-1380
11.437166214	-1380
11.4371991158	-1380
11.4372301102	-1380
11.4372591972	-1380
11.437292099	-1380
11.4375460148	543
11.5207271576	-1380
11.5207540989	-1380
11.5474250317	-856
11.588280201	543
11.6993381977	-1057
11.7363340855	1057
11.831482172	-543
11.8329780102	1380
11.9243462086	191
12.0865921974	-1380
12.0866451263	-1380
12.0866751671	-353
12.2619299889	-543
12.4473071098	-543
