0	-543
3.08678603172	543
4.09789800644	543
4.38324904442	-543
4.3834540844	543
4.64297294617	-1420
4.64299297333	-151
4.69111013412	543
4.87360501289	-543
4.87824296951	543
5.04663395882	-1368
5.04665207863	-1420
5.04671597481	-839
5.06526899338	-1420
5.06533312798	-1316
5.06534600258	-1368
5.06643795967	-1368
5.06665706635	-1420
5.06670403481	-1316
5.06678009033	543
5.1163380146	-132
5.15074396133	-1368
5.15081095695	-1368
5.15105605125	-1368
5.15172100067	-1420
5.15172600746	-1420
5.15176796913	-1264
5.16179394722	-1420
5.16185307503	-1316
5.16194295883	-1368
5.25165700912	-741
5.30334305763	-1057
5.44298791885	543
5.49136996269	543
5.52512001991	543
5.52560710907	543
5.66828298569	-543
5.68113493919	543
5.7837240696	-543
5.78392100334	543
5.98565292358	-543
5.98584890366	543
6.03903794289	-543
6.03925013542	543
6.04134011269	-1368
6.04144096375	-1368
6.08984708786	-891
6.11764597893	-1420
6.1177251339	-1316
6.12503004074	-1420
6.12508392334	-1316
6.21611213684	-1268
6.32713198662	-1420
6.32720208168	-151
6.32914710045	543
6.32990694046	543
6.34287405014	-1420
6.34289097786	-1316
6.36764097214	-1368
6.37724995613	-1368
6.37750792503	-1368
6.37751293182	-1368
6.37984704971	543
6.3800599575	543
6.42253708839	-1368
6.51266312599	-820
6.51457810402	543
6.51534104347	543
6.56303191185	-543
6.76464390755	-1420
6.76472091675	-665
6.78120398521	543
6.86029005051	-543
6.94065403938	-1368
6.94083595276	-1420
6.940928936	-1316
6.94100499153	-1368
6.96140503883	-1368
6.96152091026	-1420
6.96157002449	-1316
6.96174907684	-1368
6.96194195747	-1368
6.96202397346	-1368
7.01501107216	-944
7.01518702507	543
7.03708410263	-1420
7.03709793091	-1316
7.03716397285	-1368
7.03722405434	-1368
7.06622290611	-1368
7.06623911858	-1420
7.0662779808	-1316
7.15768194199	-306
7.17286491394	543
7.44818496704	-1420
7.44820308685	-1420
7.44826197624	-787
7.45803809166	-1420
7.45809412003	-1316
7.45809698105	-1368
7.55010700226	-1123
7.59343314171	543
7.86696696281	-1420
7.86706900597	-1420
7.86711502075	-273
7.86797404289	543
7.87395906448	543
8.15042591095	-1420
8.15044307709	-1420
8.15049910545	-273
8.34232711792	-543
