0	565
0.11199593544	-543
0.494560956955	-565
0.499723911285	565
0.99295592308	-1420
0.992979049683	-169
1.00801086426	565
1.44306087494	-565
1.44325399399	565
1.84293103218	-1420
1.84295201302	-1420
1.84300589561	-813
1.94156193733	-1368
2.00188803673	-221
2.00382184982	565
2.00459504128	1077
2.34838986397	-565
2.62507891655	-1420
2.62515306473	-1420
2.62519288063	-813
2.64248204231	-1368
2.65039205551	-1420
2.65043592453	-1316
2.6580619812	-1368
2.66697788239	-1420
2.66702795029	-1316
2.67979502678	565
2.6820268631	-1368
2.70008206367	565
2.78422498703	-1420
2.78424286842	-1420
2.78429603577	-1420
2.78429889679	-1212
2.78433299065	-1420
2.78433585167	-1316
2.8016409874	-1420
2.801653862	-1316
2.80183601379	565
2.80949997902	-1420
2.80950498581	-1420
2.8095459938	-1420
2.80954885483	-1212
2.81180405617	565
2.81713294983	-1420
2.81713891029	-1316
2.8259999752	-1420
2.82600808144	-1420
2.82605886459	-1420
2.82606196404	-1212
2.82817697525	565
2.8813970089	-1420
2.88141393661	-1316
2.9433400631	-1420
2.94336104393	-1420
2.94339990616	-1264
2.94340205193	-1420
2.94341993332	-1316
2.94342303276	-1368
2.94350099564	-1420
2.94350385666	-1420
2.94354200363	-1264
2.94354391098	-1368
2.94361186028	-1420
2.94361495972	-1316
2.94385290146	565
2.9608309269	-1420
2.96085596085	-1420
2.96089601517	-1420
2.96089792252	-1212
2.96873807907	-1420
2.96879291534	-1420
2.96884703636	-1420
2.96884894371	-1212
2.96889400482	-1420
2.96889686584	-1420
2.96895003319	-1264
2.96895194054	-1368
2.96912789345	565
2.97632789612	-1420
2.97633385658	-1420
2.97637701035	-1420
2.97637987137	-1212
2.97651696205	565
2.98512291908	-1420
2.98513007164	-1420
2.98518395424	-1264
2.98519587517	-1420
2.9852309227	-1316
2.98523402214	-1420
2.98528385162	-1316
2.98528599739	-1368
3.04078793526	-1420
3.04082107544	-1420
3.04089093208	-1005
3.19975686073	-565
3.20014595985	565
3.35961985588	-565
3.35989308357	565
3.48554086685	-1420
3.48555898666	-1316
3.4858019352	565
3.51959490776	-970
3.5272898674	-1368
3.60736584663	-1420
3.60738396645	-1420
3.60743784904	-1264
3.60931897163	565
3.64649605751	-1368
3.67876601219	-503
3.68085289001	565
3.68166899681	1460
3.6817240715	1153
3.85016107559	-1420
3.85017991066	-1420
3.85024404526	-813
3.92114186287	-1368
4.00907802582	-221
4.01101493835	565
4.13863801956	-1420
4.13865590096	-1420
4.13869190216	-1264
4.15317702293	-1420
4.15323591232	-1420
4.15324091911	-1264
4.1615319252	-1420
4.16154098511	-1420
4.16159105301	-1264
4.16169595718	565
4.16804099083	-342
4.17174005508	-1420
4.1717839241	-1316
4.17178702354	-1368
4.1810259819	-1368
4.18686485291	-1420
4.18691086769	-1316
4.19542598724	-1420
4.19548892975	-1420
4.19549393654	-1264
4.19566202164	565
4.20662498474	-1420
4.20664405823	-1420
4.20669698715	-1264
4.21651005745	-1420
4.21656298637	-1420
4.21656799316	-1264
4.22771501541	-1420
4.22773098946	-1316
4.22911500931	-1368
4.24074292183	-1420
4.24081587791	-1316
4.24081993103	-1368
4.25380992889	-1420
4.25381994247	-1420
4.25387191772	-1264
4.26593399048	-1368
4.27387404442	-1420
4.27388000488	-1316
4.29088401794	-1368
4.29967999458	565
4.30118203163	-1420
4.3011879921	-1420
4.30123186111	-1264
4.30923295021	-1368
4.31825399399	-1368
4.31954503059	-1420
4.31959605217	-1316
4.31967592239	565
4.33099603653	-1009
4.33922791481	-1368
4.33928203583	-1368
4.34953689575	-1368
4.37041497231	-1368
4.37085390091	1460
4.37091088295	1460
4.37095999718	1181
4.37106490135	1141
4.4901509285	-335
4.61301589012	565
4.67252898216	565
4.67997503281	-1077
4.7010679245	-1420
4.70107889175	-1316
4.71225190163	-1420
4.71226000786	-1420
4.71230506897	-1264
4.72037100792	-1420
4.72037792206	-1420
4.72042393684	-1264
4.7324950695	-1420
4.73250293732	-1420
4.7325398922	-1420
4.73254299164	-1212
4.76659393311	-1368
4.77459788322	-1420
4.7746219635	-1316
4.78550601006	-1420
4.78552293777	-1316
4.78906798363	565
4.79467892647	-1368
4.80173993111	-1420
4.80178689957	-1316
4.80861186981	-1368
4.81603097916	-1420
4.81603598595	-1316
4.82617998123	-1420
4.82618689537	-1420
4.8262360096	-1264
4.83982396126	-1420
4.83988595009	-1316
4.84672307968	-1368
4.85614490509	-1420
4.85615897179	-1316
4.85788393021	-1420
4.857888937	-1316
4.85803985596	565
4.8601398468	-1206
4.8602309227	565
4.87535691261	-1368
4.88291501999	-1420
4.88296604156	-1316
4.9091489315	-1368
4.92688202858	-1420
4.92689490318	-1420
4.9269490242	-1264
4.93648004532	-1420
4.93654799461	-1420
4.93655204773	-1264
4.94401693344	-1420
4.9440279007	-1316
4.95055389404	-1368
4.96466898918	-1420
4.96474194527	-1420
4.96474599838	-1264
4.98069000244	-1420
4.98071193695	-1420
4.98074793816	-1264
4.98492503166	-1368
4.98509192467	565
4.99113798141	-1420
4.99115586281	-1420
4.99120998383	-1264
4.99670100212	-1420
4.99673986435	-1316
5.03437590599	-446
5.03835201263	-1420
5.0383579731	-1316
5.06463503838	543
5.06971907616	-1420
5.06973290443	-1420
5.06978607178	-1264
5.08045697212	-1368
5.08710002899	-1420
5.08711504936	-1316
5.09334492683	-1420
5.0933508873	-1316
5.0984389782	-1420
5.09844994545	-1420
5.09849905968	-1264
5.10254597664	565
5.10368704796	-1368
5.10377693176	565
5.11465287209	-1420
5.11466789246	-1420
5.11472892761	-1264
5.11931395531	-1420
5.11935806274	-1316
5.12182593346	-1368
5.1407558918	-1420
5.14077091217	-1316
5.14465785027	-1420
5.14466404915	-1420
5.14470696449	-1264
5.1623609066	-1368
5.1663069725	-1368
5.17874789238	-1420
5.17881798744	-1420
5.17882204056	-1264
5.19551301003	-1420
5.19552707672	-1420
5.19558000565	-1264
5.19576501846	565
5.19743895531	-498
5.20158791542	-1368
5.20603895187	-1420
5.20604491234	-1316
5.22033190727	-1420
5.22035098076	-1316
5.2376499176	-1368
5.24492406845	-1420
5.2449760437	-1420
5.24497890472	-1264
5.26214194298	-1420
5.26217103004	-1420
5.26221895218	-1264
5.28558087349	-1420
5.2856528759	-1316
5.29067802429	-1420
5.29071903229	-1316
5.29080605507	565
5.30342507362	-1368
5.30359792709	-1368
5.30379390717	-1420
5.30379891396	-1316
5.30391693115	565
5.31762194633	-1420
5.31763696671	-1420
5.31768894196	-1264
5.31913900375	-1368
5.32430791855	-1368
5.32946395874	-1420
5.32952284813	-1316
5.35075902939	-1368
5.36074495316	-1072
5.71570396423	-1420
5.7157728672	-1420
5.71581697464	-301
5.7575199604	-1420
5.75757408142	-1316
5.79464888573	-1420
5.79471588135	-1420
5.79475307465	-1264
5.80567407608	-1368
5.80588197708	565
5.80951285362	-1420
5.80953097343	-1316
5.81926488876	-1420
5.81929087639	-1316
5.81933689117	-1420
5.81933999062	-1420
5.81935501099	-1264
5.84752297401	-1420
5.84759497643	-1316
5.84759807587	-1368
5.85152602196	-1420
5.85153102875	-1316
5.85332894325	-1420
5.85333395004	-1420
5.85337400436	-1264
5.86658406258	-1420
5.8666369915	-1420
5.86664104462	-1264
5.87461590767	-753
5.87472701073	565
5.87556695938	-1420
5.87557196617	-1420
5.87561202049	-1264
5.8756840229	565
5.87859988213	-1420
5.87860488892	-1316
5.88939189911	-1420
5.88941597939	-1316
5.90283989906	-1420
5.90285801888	-1420
5.90291285515	-1264
5.9219520092	-1368
5.92207789421	-1420
5.92208003998	-1316
5.93320989609	-1420
5.93322587013	-1420
5.9332818985	-1264
5.9448390007	-1420
5.94490289688	-1420
5.94490790367	-1264
5.95259189606	-1420
5.95259785652	-1420
5.95263886452	-1264
5.95275497437	565
5.96131706238	-1420
5.96133303642	-1316
5.96920704842	-1368
5.98285984993	-1420
5.98293399811	-1420
5.9829390049	-1264
5.99184703827	-1420
5.99186491966	-1420
5.99193096161	-1264
5.99534988403	-1420
5.99540400505	-1420
5.99540686607	-1264
6.00388097763	-1368
6.00398397446	-1420
6.00402903557	-1316
6.0179028511	-1368
6.0180850029	565
6.03109788895	-1368
6.03126192093	565
6.03353500366	-1420
6.03354001045	-1420
6.03358387947	-1264
6.03372502327	565
6.03461194038	-487
6.04769206047	-1420
6.04775190353	-1316
6.06069588661	-1368
6.06118392944	-1420
6.06118893623	-1316
6.07003808022	-1420
6.07005405426	-1420
6.07010793686	-1264
6.07635593414	-1368
6.07641506195	-1420
6.07642793655	-1316
6.07644701004	-1368
6.0945289135	-1420
6.09459495544	-1420
6.09459996223	-1264
6.09748888016	-1368
6.11565494537	-1420
6.11571407318	-1420
6.11571788788	-1264
6.11597490311	565
6.11610388756	565
6.12390303612	-1420
6.1239118576	-1420
6.12396097183	-1264
6.12592506409	-1420
6.12596988678	-1420
6.12597298622	-1264
6.12642502785	-1420
6.12643003464	-1316
6.14030599594	-1420
6.14032101631	-1420
6.14038085938	-1264
6.1500389576	-1420
6.1501019001	-1420
6.15010690689	-1264
6.15968394279	-1420
6.15970897675	-1420
6.15978288651	-1264
6.16349887848	565
6.16601395607	-1368
6.1667330265	565
6.17172503471	-1420
6.17174196243	-1316
6.17541503906	-1420
6.17542099953	-1316
6.17547297478	-1420
6.17547607422	-1316
6.17857503891	-1420
6.17859601974	-1316
6.17955803871	-1368
6.18632292747	-1368
6.18648791313	-1420
6.18649291992	-1316
6.19602894783	-1420
6.19604706764	-1316
6.1960849762	-1368
6.2066450119	-411
6.21640992165	-1420
6.21642589569	-1420
6.21648097038	-1264
6.21686005592	-1420
6.21689391136	-1316
6.21696805954	-1368
6.21713089943	-1420
6.21713495255	-1316
6.21719002724	565
6.21772193909	-1368
6.21809887886	-1420
6.21814799309	-1420
6.21815085411	-1264
6.21826505661	-1420
6.21826887131	-1316
6.21836495399	-1368
6.21857404709	-1420
6.21861505508	-1420
6.21861791611	-1264
6.26696801186	-1420
6.26698493958	-1420
6.26704096794	-1264
6.26794791222	-1420
6.26799201965	-1420
6.26799488068	-1264
6.26814103127	-1420
6.26814508438	-1316
6.26820397377	565
6.26826691628	-1368
6.26841688156	565
6.26854991913	-1420
6.26856207848	-1316
6.26861000061	-1368
6.26873588562	-1420
6.26877498627	-1316
6.2689769268	-1368
6.26899886131	-1368
6.36571288109	-963
6.36698389053	565
6.5685479641	-1420
6.56856489182	-1420
6.56862807274	-813
6.71658992767	-1368
6.71782493591	-1420
6.7178299427	-1316
6.72030591965	565
6.72055506706	1460
6.72059988976	1153
6.72753787041	-1138
6.81784892082	-1368
6.8670539856	-1420
6.86706900597	-1420
6.86712408066	-1264
6.86728405952	-1420
6.86733198166	-1316
6.8674030304	-1368
6.86750602722	-1368
6.86760592461	565
6.86770892143	-1420
6.86771202087	-1316
6.8697309494	565
6.87973093987	1077
6.91804885864	-1368
6.92631793022	-731
7.06685185432	-1420
7.06686592102	-1316
7.08539891243	-917
7.21830606461	-1420
7.21832299232	-1316
7.21845388412	-1420
7.21845793724	-1420
7.21848487854	-1264
7.21853590012	-1420
7.21857094765	-1316
7.21875786781	-1420
7.21880507469	-1316
7.21884894371	-1420
7.21889400482	-1316
7.21889591217	-1368
7.21897101402	-1368
7.21908092499	-1420
7.21912193298	-1316
7.21917486191	-1420
7.21919488907	-1316
7.21922397614	565
7.21925997734	-1420
7.21926188469	-1316
7.21949696541	-1420
7.21950006485	-1316
7.21959805489	565
7.21970891953	-1420
7.21971297264	-1420
7.21975207329	-1264
7.21987891197	-1420
7.21990084648	-1420
7.21990394592	-1264
7.21992301941	-1420
7.21992492676	-1420
7.2199409008	-1264
7.22006702423	-1420
7.22008800507	-1316
7.22016000748	-1368
7.26835584641	-1420
7.26837301254	-1420
7.26842784882	-1264
7.26859903336	565
7.28404808044	-132
7.31803393364	-1420
7.31812596321	-1420
7.31813097	-1264
7.31817507744	-1420
7.31817793846	-1316
7.31825685501	-1368
7.31825900078	-1420
7.31830096245	-1420
7.31830406189	-1264
7.3184158802	-1420
7.31841993332	-1316
7.31843900681	-1368
7.31856298447	-1420
7.31861495972	-1316
7.31861805916	-1420
7.31865096092	-1420
7.31865286827	-1264
7.3189239502	565
7.31898403168	-1420
7.31898593903	-1420
7.3189868927	-1264
7.31898784637	-1420
7.31898784637	-1420
7.31898903847	-1264
7.31905388832	-1420
7.31905508041	-1420
7.31905603409	-1264
7.3191139698	-1368
7.31923103333	-1420
7.31923484802	-1420
7.31923604012	-1264
7.31931400299	-1420
7.31931591034	-1316
7.31945204735	565
7.31948685646	-1420
7.31948804855	-1316
7.31968092918	-1420
7.31968402863	-1420
7.31970191002	-1264
7.31970405579	-1368
7.31983184814	-1420
7.31983494759	-1420
7.31983590126	-1264
7.31997895241	-1420
7.31998205185	-1420
7.31998300552	-1264
7.32008600235	-1420
7.32009196281	-1316
7.32019400597	-1420
7.32019686699	-1316
7.32025504112	-1368
7.32093596458	565
7.32116794586	565
7.36834287643	-1420
7.36836099625	-1420
7.36839604378	-1264
7.41836905479	-1420
7.4183909893	-1420
7.41843891144	-1264
7.41844201088	-1368
7.41848492622	-1368
7.41861391068	-1420
7.41866087914	-1316
7.41885495186	-1368
7.41891694069	-1420
7.41892004013	-1420
7.41898298264	-1264
7.41898488998	-1420
7.41901898384	-1316
7.41902208328	-1368
7.41932487488	-1420
7.41932892799	-1420
7.4193649292	-1264
7.41964006424	-1420
7.41965889931	-1316
7.42000102997	-1420
7.42000389099	-1420
7.42000508308	-1420
7.42000603676	-1420
7.42000699043	-1160
7.42017507553	-1420
7.42017793655	-1316
7.42028784752	-1368
7.42049002647	-1420
7.4204928875	-1420
7.42049407959	-1264
7.42085504532	-1368
7.42099499702	-1420
7.42099785805	-1420
7.42099905014	-1264
7.4211499691	-1420
7.42115187645	-1420
7.42115402222	-1264
7.42148184776	-1420
7.42148590088	-1316
7.4217748642	-1368
7.4218890667	-1420
7.42189192772	-1316
7.42204093933	-1420
7.42204499245	-1420
7.42204594612	-1264
7.42964196205	-1420
7.42965507507	-1420
7.42965698242	-1420
7.4296579361	-1212
7.42989301682	565
7.43021988869	565
7.43055486679	565
7.43195605278	565
7.44288706779	-111
7.44982504845	565
7.50113892555	1077
7.55799388885	565
7.5604839325	565
7.60731387138	565
7.60933208466	-565
7.6758389473	565
7.80811500549	-565
7.96736693382	-1420
7.96743106842	-1420
7.96750688553	-1420
7.96750998497	-1420
7.96754598618	-1160
7.9675488472	-1420
7.96763586998	-1316
7.96763801575	-1368
7.96767306328	-1420
7.9676759243	-1420
7.96771907806	-1264
7.96772098541	-1420
7.96780991554	-1420
7.96781301498	-1264
7.96785593033	-1368
7.96803092957	-1420
7.96807789803	-1420
7.96808099747	-1264
7.96808195114	-1420
7.96808290482	-1316
7.96808385849	-1368
7.96815705299	-1368
7.96821308136	-1420
7.96822404861	-1316
7.96831297874	-1368
7.96842002869	-1368
7.96854496002	-1420
7.96854805946	-1420
7.96854996681	-1264
7.96857690811	-1368
7.96866488457	-1420
7.96866703033	-1316
7.96871399879	-1368
7.96881699562	-1368
7.96884799004	565
7.96891999245	-1420
7.9689218998	-1420
7.96892285347	-1264
7.96897697449	-1368
7.96905088425	-1368
7.96926593781	565
7.96948099136	565
8.00707197189	-336
8.01902103424	-1368
8.06814098358	-1368
8.16836905479	-1420
8.16838502884	-1316
8.16867089272	565
8.17797803879	-425
8.17810797691	565
8.2681119442	-1420
8.26812791824	-1316
8.26817297935	-1368
8.277354002	565
8.33706498146	-114
8.36804199219	-1368
8.52697587013	-221
8.52713990211	565
8.52799987793	1460
8.52804899216	1460
8.52808403969	1181
8.52814793587	1460
8.52820491791	1460
8.52823996544	1181
8.52831506729	1205
8.52866196632	565
8.71703004837	-1420
8.71704792976	-1420
8.7171049118	-1420
8.71710896492	-65
8.7666258812	-1420
8.76664185524	-1420
8.7666990757	-1420
8.76670193672	-1212
8.76723003387	-1420
8.76723504066	-1420
8.76725792885	-1264
8.76956391335	565
8.77785897255	565
8.7786488533	1077
8.77885699272	1077
8.81618285179	-1368
8.81637191772	565
8.8190279007	-1368
8.81903290749	-1368
8.81927704811	-1420
8.81928086281	-1316
8.81940698624	-1420
8.81941103935	-1420
8.81944704056	-1264
8.81944990158	-1368
8.81951189041	-1368
8.81960988045	-1420
8.81965589523	-1316
8.81968593597	-1420
8.8197119236	-1316
8.81989002228	-1420
8.81993103027	-1420
8.8199429512	-1264
8.82001805305	-1420
8.82002091408	-1420
8.82005691528	-1264
8.8207359314	565
8.8297560215	565
8.83137488365	1077
8.86639285088	-1420
8.86642885208	-1420
8.86650085449	-1264
8.86650395393	-1368
8.86654901505	-1420
8.86655092239	-1316
8.86658501625	-1420
8.86658787727	-1316
8.86672902107	-1420
8.8667318821	-1316
8.8669359684	-1420
8.86693906784	-1316
8.87600302696	-213
8.87616300583	565
8.91695094109	-1420
8.91696691513	-1420
8.91702890396	-1420
8.9170320034	-1420
8.91713190079	-1160
8.91713404655	-1420
8.91716885567	-1420
8.91717195511	-1264
8.91721105576	-1368
8.91729688644	-1420
8.91733288765	-1316
8.91733598709	-1368
8.91741490364	-1420
8.91741895676	-1420
8.91744589806	-1264
8.91744804382	-1368
8.91763305664	-1420
8.91763687134	-1316
8.91787385941	565
8.91792988777	-1420
8.91794085503	-1420
8.91794204712	-1264
8.9180150032	-1420
8.91801691055	-1420
8.91801786423	-1264
8.91801905632	-1368
8.9182009697	-1420
8.91820502281	-1316
8.91845202446	565
8.96639990807	-1420
8.9664170742	-1420
8.9664850235	-1420
8.96648907661	-1212
8.96652793884	-1420
8.96653985977	-1316
8.9665749073	-1420
8.96657800674	-1316
8.96661090851	-1368
8.96672296524	-1420
8.96672487259	-1420
8.96672606468	-1264
9.0169210434	-1420
9.01693606377	-1316
9.0169968605	-1368
9.01715707779	565
9.01772689819	-1420
9.01773285866	-1420
9.01778006554	-1264
9.01800990105	-1420
9.01806688309	-1420
9.01806998253	-1420
9.01810693741	-1212
9.01818704605	565
9.01830506325	-1420
9.01830792427	-1420
9.0183570385	-1264
9.01845407486	-1420
9.01845598221	-1420
9.01845693588	-1420
9.01845693588	-1212
9.01845908165	-1368
9.01855587959	-1420
9.01855802536	-1316
9.01868200302	-1420
9.01868486404	-1316
9.01880908012	-1420
9.01881098747	-1420
9.01881194115	-1264
9.01893806458	-1420
9.0189409256	-1420
9.01894307137	-1264
9.01911497116	565
9.01935887337	-1368
9.0194849968	-1420
9.01948785782	-1316
9.01988792419	-1420
9.01989293098	-1316
9.01996898651	-1420
9.01997303963	-1316
9.02008795738	-1420
9.02009296417	-1316
9.02038097382	-1368
9.02064204216	-1420
9.02066493034	-1420
9.02066707611	-1264
9.02068400383	-1368
9.02075099945	565
9.06746697426	-1368
9.06760907173	-1420
9.06771492958	-1316
9.06772589684	-1420
9.06776285172	-1316
9.06776595116	-1420
9.06781387329	-1316
9.06781697273	-1420
9.06785988808	-1316
9.06792187691	-1420
9.06794190407	-1420
9.06795287132	-1264
9.06797003746	-1368
9.06812906265	-1420
9.06817507744	-1316
9.06831097603	565
9.06835603714	-1420
9.06835794449	-1316
9.06860685349	565
9.07389307022	-225
9.11656403542	-1420
9.11658096313	-1316
9.11662387848	-1420
9.11676502228	-1316
9.1168050766	-1420
9.11680793762	-1420
9.1168410778	-1264
9.11684393883	-1368
9.11693000793	-1420
9.11694288254	-1316
9.11697888374	-1368
9.11706590652	-1420
9.1171028614	-1420
9.11710596085	-1264
9.11726093292	-1368
9.11738991737	-1420
9.11742997169	-1420
9.11743307114	-1264
9.11746692657	-1420
9.11747002602	-1316
9.11755299568	-1420
9.11755490303	-1420
9.11755490303	-1264
9.11763906479	-1420
9.11764097214	-1420
9.11764097214	-1420
9.11764192581	-1212
9.11780595779	-1420
9.11780905724	-1420
9.11781001091	-1264
9.11781191826	-1420
9.11781287193	-1316
9.11796808243	-1420
9.11796998978	-1420
9.11797094345	-1264
9.11808490753	-1420
9.11808800697	-1420
9.11808896065	-1264
9.11821889877	-1368
9.11822295189	-1420
9.11822390556	-1316
9.11836886406	-1420
9.11840796471	-1420
9.11840987206	-1264
9.11841106415	-1420
9.11841201782	-1316
9.11853003502	-1420
9.11853384972	-1420
9.11853504181	-1264
9.11875104904	565
9.11895394325	565
9.11922287941	565
9.16708397865	-1420
9.16709399223	-1420
9.16714596748	-1264
9.16736197472	-1368
9.16764688492	-1420
9.16765189171	-1420
9.16769194603	-1420
9.16769385338	-1212
9.16773891449	-1368
9.16778802872	-1420
9.16782999039	-1420
9.16783285141	-1264
9.16804695129	-1420
9.16805005074	-1316
9.16814303398	-1420
9.168145895	-1316
9.16817998886	-1368
9.16838097572	-1420
9.16844701767	-1316
9.16844987869	-1420
9.1684949398	-1316
9.16853785515	1077
9.16858196259	-1420
9.16858386993	-1316
9.21769499779	-1420
9.21772193909	-1420
9.21778488159	-1420
9.21778988838	-1212
9.21785998344	-1420
9.21786308289	-1420
9.21792602539	-1264
9.21792888641	-1420
9.21799898148	-1316
9.21800208092	-1368
9.21829199791	-1420
9.21829605103	-1420
9.21835589409	-1264
9.21836805344	-1368
9.21840405464	-1420
9.21840596199	-1316
9.21858596802	-1420
9.21859002113	-1420
9.2186589241	-1264
9.21866202354	-1420
9.21866297722	-1316
9.21866393089	-1368
9.21882200241	565
9.21916007996	-1420
9.21916389465	-1316
9.21924090385	-1368
9.21943998337	-1420
9.21948003769	-1420
9.21948194504	-1264
9.21959400177	-1420
9.21959686279	-1316
9.21963500977	-1368
9.21967387199	-1368
9.21972894669	565
9.21979999542	-1368
9.21985793114	-1368
9.22001504898	-1420
9.22001886368	-1316
9.22014498711	565
9.22018504143	-1420
9.22018694878	-1316
9.22033500671	-1368
9.22035598755	-1420
9.22039294243	-1420
9.22039484978	-1420
9.22039604187	-1212
9.22039699554	-1368
9.22047901154	-1420
9.22048187256	-1420
9.22048306465	-1264
9.22066402435	-1420
9.22066688538	-1420
9.22066807747	-1264
9.22076106071	-1420
9.22076296806	-1420
9.22076296806	-1264
9.22088289261	-1420
9.22088503838	-1420
9.22088503838	-1264
9.22093486786	-1420
9.22093701363	-1420
9.22093987465	-1264
9.22108006477	-1420
9.22108387947	-1420
9.22108507156	-1264
9.22161698341	565
9.26922893524	-1420
9.26923894882	-1316
9.26929593086	-1368
9.26950597763	-1420
9.26955389977	-1420
9.26955699921	-1264
9.26963090897	565
9.26984190941	-1420
9.26984500885	-1420
9.2698829174	-1264
9.27014899254	-1368
9.27020192146	565
9.27033996582	-1420
9.27034306526	-1316
9.27048993111	-1420
9.27049303055	-1420
9.2705578804	-1264
9.27056002617	-1420
9.27060294151	-1316
9.27070808411	-1420
9.27073907852	-1316
9.27074098587	-1368
9.27084207535	-1420
9.27084493637	-1316
9.27093505859	-1368
9.27096199989	-1420
9.27096295357	-1316
9.27107787132	-1368
9.27116990089	-1420
9.27117395401	-1316
9.27130103111	-1420
9.27130508423	-1420
9.2713060379	-1264
9.27139496803	565
9.27197790146	-604
9.31798791885	-1420
9.31800484657	-1420
9.3180398941	-1264
9.31828594208	-1420
9.31828784943	-1420
9.31828904152	-1264
9.31840395927	-1368
9.31852602959	565
9.31864404678	-1368
9.3186519146	-1420
9.31868195534	-1420
9.31868386269	-1264
9.31886506081	-1420
9.3188688755	-1420
9.31890892982	-1264
9.31891202927	-1368
9.31909704208	565
9.31913685799	-1420
9.31913900375	-1316
9.31924700737	-1368
9.31939387321	-1368
9.31953907013	-1420
9.31954288483	-1420
9.3195810318	-1264
9.31962704659	-1420
9.31964588165	-1420
9.31964802742	-1264
9.31966400146	-1368
9.32022690773	-1420
9.32027506828	-1420
9.32027792931	-1264
9.32031488419	-1368
9.3203868866	-1420
9.32042598724	-1420
9.32042789459	-1264
9.32052493095	565
9.32057785988	-1420
9.32058000565	-1420
9.32058095932	-1264
9.32058191299	-1420
9.32064890862	-1420
9.32065105438	-1420
9.32065105438	-1212
9.32065296173	-1420
9.32065296173	-1316
9.32069897652	-1368
9.3209168911	-1420
9.32091999054	-1420
9.32092189789	-1264
9.3210978508	-1420
9.32110095024	-1420
9.32110190392	-1264
9.32113003731	-1368
9.32122898102	-1420
9.32123208046	-1420
9.32123303413	-1264
9.32126498222	-1368
9.3215649128	-1420
9.32156896591	-1316
9.321641922	-1420
9.32164406776	-1316
9.32173585892	-1420
9.32173895836	-1420
9.32174086571	-1264
9.32184696198	-1420
9.32185101509	-1420
9.32185196877	-1264
9.32197785378	-1420
9.32198095322	-1316
9.3220808506	-1420
9.32208395004	-1420
9.32208490372	-1264
9.32211208344	-1368
9.32221102715	565
9.32241988182	1077
9.36926198006	-1420
9.36927986145	-1420
9.36934089661	-1264
9.36934399605	-1368
9.3693959713	-1420
9.36939907074	-1420
9.36944484711	-1264
9.36944699287	-1420
9.36948895454	-1316
9.3696680069	-1368
9.36980390549	-1420
9.36980700493	-1420
9.36985588074	-1264
9.37015199661	565
9.41693401337	-1420
9.41694903374	-1420
9.41700005531	-1264
9.41715788841	-1420
9.41721487045	-1420
9.41721701622	-1420
9.41729998589	-1212
9.41730284691	-1420
9.417345047	-1420
9.41734790802	-1264
9.41738200188	-1420
9.41738390923	-1316
9.41766905785	-1420
9.41767287254	-1420
9.41769003868	-1264
9.4176928997	-1368
9.41781401634	-1368
9.41790699959	-1420
9.41794490814	-1420
9.41794705391	-1420
9.41794896126	-1212
9.41801095009	-1420
9.41801285744	-1420
9.41801404953	-1264
9.41879892349	565
9.41894698143	-1368
9.41896796227	565
9.41901803017	-1420
9.41901993752	-1420
9.41901993752	-1264
9.41911196709	-1420
9.41911387444	-1316
9.41936302185	-1420
9.41936588287	-1420
9.41938591003	-1264
9.41940593719	565
9.4195330143	-1420
9.41953587532	-1316
9.41973996162	-1368
9.41974186897	-1420
9.41977906227	-1420
9.41978096962	-1264
9.42009186745	-1420
9.42009592056	-1420
9.42011594772	-1264
9.4204249382	565
9.46724796295	-1368
9.46740102768	-1420
9.46747803688	-1316
9.4674808979	-1368
9.46757006645	-1368
9.46757292747	-1420
9.46760702133	-1420
9.46761894226	-1264
9.46767306328	-1368
9.46771907806	-1420
9.4677529335	-1316
9.46794605255	-1420
9.46798491478	-1420
9.46798801422	-1264
9.46805906296	-1420
9.46806192398	-1420
9.46809506416	-1264
9.4681520462	565
9.46820688248	-1420
9.46820902824	-1316
9.46828389168	-1420
9.46828603745	-1420
9.4683380127	-1264
9.46833896637	-1368
9.46850395203	-1420
9.46850705147	-1316
9.46860384941	-1420
9.46860694885	-1420
9.4686088562	-1264
9.46863603592	-1368
9.46884989738	565
9.46892285347	-1368
9.46902108192	-1420
9.46904301643	-1420
9.46904492378	-1264
9.46906089783	-1420
9.46906304359	-1420
9.46907901764	-1264
9.46957492828	1077
9.47084903717	-43
9.51734399796	-1420
9.51735687256	-1316
9.51771306992	-1368
9.51790499687	-1420
9.51790785789	-1316
9.51821088791	-1368
9.51836490631	1077
9.51847100258	-1420
9.51847505569	-1420
9.51850485802	-1264
9.5185520649	-1368
9.51875901222	-1368
9.51888990402	-1420
9.51893496513	-1420
9.51893806458	-1264
9.51899886131	-1420
9.51900196075	-1316
9.51904201508	-1420
9.51904392242	-1316
9.51935005188	-1420
9.51935505867	-1420
9.51939487457	-1264
9.51958107948	-1420
9.5196390152	-1420
9.51964187622	-1264
9.51975393295	-1420
9.51975607872	-1420
9.51979088783	-1264
9.51991391182	-1420
9.51995396614	-1420
9.51995587349	-1264
9.52008485794	565
9.52011990547	-1368
9.520154953	-1420
9.52017402649	-1316
9.56642699242	-1420
9.56644392014	-1420
9.56647992134	-1264
9.56655788422	-1420
9.56660985947	-1420
9.56661295891	-1264
9.56664586067	-1368
9.56752896309	-1420
9.56753492355	-1420
9.56757092476	-1420
9.56757307053	-1212
9.567663908	-1420
9.56766700745	-1420
9.56770396233	-1264
9.56770586967	-1420
9.56773900986	-1316
9.56784486771	565
9.56800198555	-1420
9.5680038929	-1316
9.5680539608	-1368
9.56807804108	565
9.56848788261	-1420
9.5684928894	-1420
9.5685338974	-1264
9.56876993179	-1420
9.56881284714	-1420
9.56885194778	-1264
9.56892991066	-1420
9.56893205643	-1420
9.56896901131	-1264
9.56897091866	-1420
9.56900501251	-1420
9.56900691986	-1264
9.56904888153	-1420
9.56905198097	-1316
9.56914901733	-1420
9.56915307045	-1316
9.5693359375	-1420
9.56933903694	-1420
9.56937599182	-1264
9.56945204735	-1420
9.56949090958	-1316
9.56951093674	565
9.66661500931	-1420
9.6666328907	-1420
9.66670107841	-1264
9.66670393944	-1420
9.66678786278	-1420
9.66679000854	-1420
9.66684007645	-1212
9.66686105728	-1368
9.6669318676	-1368
9.66693496704	-1420
9.66697001457	-1420
9.66697192192	-1264
9.66724991798	-1368
9.66739106178	565
9.66759204865	-1368
9.66759490967	-1368
9.6677069664	-1420
9.66771006584	-1420
9.66774702072	-1264
9.66778492928	565
9.66789698601	-1420
9.66790294647	-1420
9.66790390015	-1264
9.66790390015	-1420
9.66790485382	-1420
9.66790604591	-1420
9.66790604591	-1212
9.66808795929	-1420
9.66809201241	-1316
9.66818594933	-1420
9.66818785667	-1420
9.6682009697	-1264
9.66820192337	-1368
9.66832685471	-1420
9.66833090782	-1420
9.6683318615	-1264
9.66847300529	-1420
9.66847586632	-1316
9.6685769558	-1420
9.66858005524	-1420
9.66858196259	-1264
9.66893100739	-1420
9.6689350605	-1316
9.66901397705	-1368
9.66918087006	-1420
9.66920185089	-1420
9.66920495033	-1420
9.66922092438	-240
9.66933894157	565
9.66966795921	-1368
9.67002987862	-1420
9.67005300522	-1316
9.67015194893	565
9.67045807838	-1420
9.67046284676	-1316
9.6705520153	-1420
9.67055487633	-1420
9.67059206963	-1264
9.67059493065	-1368
9.67065691948	-1368
9.67075800896	565
9.6708779335	-1368
9.67111301422	-1420
9.67114901543	-1420
9.67115187645	-1264
9.67116999626	-1368
9.67124390602	-1420
9.67126607895	-1316
9.67137503624	-1368
9.67151403427	-1420
9.67151784897	-1316
9.6716299057	-1368
9.67193198204	-1420
9.67195391655	-1316
9.67219400406	-1420
9.67221593857	-1316
9.67231297493	-1420
9.67233395576	-1316
9.67243099213	-1420
9.67247104645	-1420
9.6724729538	-1264
9.67278599739	-1420
9.67279005051	-1420
9.67279100418	-1264
9.6728708744	-1420
9.67287302017	-1420
9.67287397385	-1264
9.67300987244	-1368
9.71859788895	-1420
9.7186050415	-1420
9.71864485741	-1420
9.71864795685	-1212
9.7188410759	1077
9.71921205521	-1420
9.719217062	-1316
9.71931600571	565
9.76640105247	-1420
9.76641893387	-1420
9.76647496223	-1264
9.76647806168	-1420
9.76652503014	-1420
9.76652908325	-1264
9.76664304733	-1420
9.76664686203	-1316
9.76680207253	-1420
9.76680588722	-1316
9.76702094078	-1420
9.76702594757	-1420
9.76706600189	-1264
9.7673459053	-1368
9.76748299599	-1420
9.7674870491	-1316
9.76777386665	-1420
9.76777887344	-1316
9.76790094376	-1368
9.76797103882	565
9.76800704002	-1368
9.76819586754	-1420
9.76821899414	-1316
9.76836800575	-1368
9.76838898659	-1368
9.76853990555	-1420
9.7685790062	-1316
9.76858186722	-1368
9.76867699623	-1420
9.76868104935	-1316
9.76882386208	-1420
9.76882696152	-1420
9.76886487007	-1264
9.76886701584	-1368
9.76895284653	-1420
9.76895594597	-1420
9.76899194717	-1264
9.76905202866	-1420
9.76907587051	-1316
9.76918506622	-1368
9.76933503151	-1420
9.76933908463	-1420
9.7693939209	-1264
9.76939702034	-1368
9.7695119381	-1420
9.76951503754	-1316
9.76960992813	-1420
9.76961398125	-1420
9.76965308189	-1264
9.76974487305	-1420
9.76974701881	-1420
9.76974892616	-1264
9.76979207993	-1420
9.76979398727	-1316
9.77008700371	-1420
9.77009105682	-1316
9.77011108398	565
9.77021694183	-1420
9.77022004128	-1420
9.77022099495	-1420
9.77022194862	-1212
9.77022600174	-1420
9.77022695541	-1316
9.77026700974	565
9.77048206329	-1420
9.77048587799	-1316
9.77068400383	-1420
9.77068686485	-1420
9.77072286606	-1264
9.77072501183	-1420
9.7707259655	-1316
9.77079200745	-1368
9.77116584778	565
9.81649684906	-1420
9.81650996208	-1420
9.81657505035	-1264
9.81693696976	-1368
9.81697893143	-1420
9.81699490547	-1316
9.81703186035	-1420
9.81703400612	-1316
9.81714200974	-1420
9.81714391708	-1420
9.81717991829	-1264
9.81718301773	-1420
9.81721496582	-1316
9.81736207008	1077
9.81864690781	-1420
9.81866407394	-1420
9.8187379837	-1264
9.81874108315	-1420
9.81877398491	-1316
9.81877708435	-1368
9.8188290596	-1420
9.81883192062	-1316
9.8189868927	-1420
9.81898999214	-1316
9.8190279007	-1368
9.8191678524	-1420
9.81920790672	-1420
9.81921100616	-1264
9.81928086281	-1420
9.81928300858	-1420
9.81928396225	-1264
9.81939697266	-1368
9.81945204735	565
9.81961894035	-1420
9.81962203979	-1420
9.81965899467	-1264
9.81966090202	-1368
9.81975507736	-1420
9.81975793839	-1316
9.81991696358	-1368
9.82010197639	-1420
9.8201239109	-1316
9.82027006149	-1420
9.82030892372	-1420
9.82031202316	-1264
9.82034707069	-1420
9.82034897804	-1420
9.82040500641	-1420
9.82040786743	-1212
9.82044196129	-1368
9.82044386864	-1420
9.82047986984	-1316
9.8205280304	-1420
9.82054805756	-1420
9.8205499649	-1264
9.82092905045	-1420
9.82093191147	-1420
9.82100701332	-1264
9.82100892067	-1420
9.8210439682	-1420
9.82104706764	-1264
9.82104802132	-1420
9.82104897499	-1316
9.82114195824	-1368
9.82123088837	565
9.8213300705	565
9.82874202728	-365
9.86841106415	-1420
9.86847686768	-1420
9.86848187447	-1264
9.868516922	-1420
9.86851906776	-1316
9.86961984634	-1420
9.86963391304	-1420
9.86967301369	-1264
9.86967587471	-1368
9.86995697021	-1420
9.86996102333	-1316
9.86999797821	-1368
9.8700928688	565
9.87015104294	-1420
9.87015295029	-1316
9.916670084	-1420
9.91672706604	-1420
9.91678404808	-1264
9.9167869091	-1420
9.91683006287	-1420
9.91683292389	-1264
9.91692590714	-1420
9.91692900658	-1316
9.91715693474	-1420
9.91716885567	-1316
9.91723489761	-1420
9.91723799706	-1420
9.91727304459	-1264
9.91727495193	-1368
9.91736102104	-1420
9.91736388206	-1420
9.91739797592	-1264
9.91750407219	-1420
9.91759586334	-1420
9.91759896278	-1264
9.91760087013	-1420
9.91760206223	-1420
9.9176030159	-1264
9.91785788536	-1420
9.91786193848	-1420
9.91786289215	-1264
9.91786503792	-1368
9.91789388657	565
9.917937994	-1420
9.91793990135	-1420
9.91794085503	-1264
9.91808485985	-1420
9.91808891296	-1316
9.9181740284	-1420
9.91817593575	-1316
9.91831493378	-1420
9.91831803322	-1316
9.91854095459	-1368
9.91867399216	-1420
9.91867804527	-1420
9.91867899895	-1264
9.9186809063	-1368
9.91884493828	565
9.91907286644	565
9.93327188492	565
9.9662630558	-1420
9.96627902985	-1420
9.96637201309	-1264
9.96638393402	-1420
9.96642494202	-1420
9.96642804146	-1264
9.96647191048	-1420
9.96647500992	-1316
9.96650886536	-1420
9.96652007103	-1420
9.96656298637	-1264
9.96656703949	-1420
9.96660995483	-1316
9.96681594849	-1420
9.96688389778	-1316
9.96688699722	-1420
9.96693396568	-1316
9.96693706512	-1368
9.96703791618	-1368
9.96722507477	-1420
9.96722793579	-1316
9.96736288071	-1420
9.96736598015	-1420
9.96736693382	-1264
9.96748685837	-1420
9.96748995781	-1420
9.96749091148	-1264
9.96763706207	-1420
9.96764087677	-1420
9.96764206886	-1264
9.96768593788	-1420
9.96768808365	-1420
9.96768903732	-1264
9.96777105331	-1420
9.96777296066	-1420
9.96777391434	-1264
9.96792197227	-1420
9.96792507172	-1420
9.96792697906	-1264
9.96805095673	565
9.96815299988	565
9.96843004227	565
10.0165848732	-1420
10.016646862	-1420
10.016741991	-1264
10.0167448521	-1420
10.0167839527	-1316
10.0167870522	-1368
10.0168380737	-1420
10.0168399811	-1420
10.0168919563	-1264
10.0168950558	-1420
10.0169460773	-1420
10.0169489384	-1264
10.0169820786	-1420
10.0169849396	-1316
10.0170900822	-1420
10.0170929432	-1316
10.0173490047	-1420
10.0173518658	-1316
10.0174338818	-1420
10.0174369812	-1420
10.0174388885	-1264
10.0175740719	565
10.0176339149	-1420
10.0176360607	-1420
10.0176370144	-1264
10.0176858902	-1368
10.0177800655	565
10.0178699493	-1420
10.0178740025	-1316
10.0179519653	-1420
10.0179538727	-1316
10.0179889202	-1368
10.0180909634	-1420
10.0180950165	-1316
10.0181839466	-1420
10.018185854	-1420
10.0181870461	-1264
10.0182960033	-1420
10.0183000565	-1420
10.0183010101	-1264
10.0184018612	-1420
10.018404007	-1316
10.0186300278	565
10.0270009041	-1044
10.0699980259	-1368
10.0701699257	-1420
10.0701739788	-1420
10.0702118874	-1264
10.0703759193	565
10.1161558628	-1420
10.1161730289	-1420
10.1162569523	-1264
10.1162600517	-1420
10.1162960529	-1420
10.116298914	-1420
10.1163659096	-1212
10.116369009	-1368
10.1164169312	-1420
10.1164190769	-1420
10.1164529324	-1264
10.1165299416	-1420
10.1165659428	-1316
10.1166648865	-1420
10.1167118549	-1316
10.1167149544	-1368
10.1167879105	-1368
10.1170599461	-1420
10.1171069145	-1316
10.117413044	565
10.1174509525	-1420
10.1174528599	-1420
10.117454052	-1264
10.1174550056	-1368
10.1174559593	-1420
10.117456913	-1420
10.117456913	-1264
10.1177270412	-1420
10.1177299023	-1316
10.1177999973	-1420
10.1178019047	-1316
10.1180160046	-1420
10.1180200577	-1316
10.118131876	-1420
10.1181349754	-1420
10.1181709766	-1264
10.1182260513	565
10.1182589531	-1368
10.1182608604	-1368
10.1184229851	-1368
10.1185319424	-1420
10.1185359955	-1420
10.1185369492	-1264
10.1185638905	-1420
10.1185660362	-1316
10.1186850071	-1420
10.1186878681	-1420
10.1187238693	-1420
10.1187260151	-1212
10.1187598705	-1368
10.1188390255	-1420
10.1188778877	-1420
10.1188800335	-1264
10.118917942	-1368
10.1189548969	-1420
10.1189899445	-1316
10.119027853	565
10.1190779209	-1420
10.1190800667	-1316
10.1191430092	-1420
10.1192128658	-1420
10.1192169189	-1264
10.1192178726	-1368
10.1193370819	-1420
10.1193399429	-1316
10.1194188595	-1368
10.119453907	565
10.119508028	-1420
10.119508028	-1420
10.1195089817	-1264
10.1195690632	-1368
10.1196410656	-1420
10.1196439266	-1316
10.1197059155	-1420
10.1197080612	-1316
10.1198170185	-1420
10.1198210716	-1420
10.1198220253	-1264
10.1199228764	-1368
10.1199979782	-1420
10.120018959	-1316
10.1203150749	1077
10.1663179398	-1420
10.1663429737	-1316
10.1664140224	-1368
10.1676568985	-1420
10.1677119732	-1316
10.1677150726	-1368
10.1677548885	-1368
10.1678328514	-1420
10.1678729057	-1316
10.1678779125	-1368
10.1680219173	-1420
10.1680259705	-1316
10.168088913	-1368
10.1681349277	-1368
10.1682779789	-1420
10.1682810783	-1420
10.1683170795	-1264
10.1683690548	-1420
10.1683969498	-1316
10.168473959	565
10.1685709953	-1368
10.1686718464	-1420
10.1686940193	-1420
10.1686959267	-1264
10.1686968803	-1368
10.1688039303	-1420
10.1688070297	-1316
10.1689260006	-1420
10.1689300537	-1316
10.168956995	-1420
10.168959856	-1316
10.1690740585	-1420
10.1690769196	-1316
10.1692330837	-1368
10.169303894	565
10.1693398952	-1420
10.169342041	-1420
10.169342041	-1264
10.1696908474	-1420
10.1697130203	-1316
10.216105938	-1420
10.216119051	-1316
10.2161619663	-1368
10.2162899971	-1420
10.2163908482	-1316
10.2163939476	-1420
10.2164299488	-1316
10.2165510654	565
10.2169249058	565
10.2169830799	-1420
10.2169849873	-1420
10.2169859409	-1264
10.2176160812	-1420
10.2176599503	-1420
10.2176630497	-1264
10.217799902	-1420
10.2178030014	-1316
10.217911005	-1368
10.2183718681	-1420
10.2184150219	-1420
10.218419075	-1264
10.2188248634	-1420
10.2188298702	-1420
10.2188699245	-1264
10.2261178493	-965
10.2263128757	-1420
10.2263178825	-1316
10.2264230251	-1368
10.2264709473	565
10.2673718929	-1420
10.2673828602	-1420
10.2674350739	-1264
10.2677428722	-1420
10.267786026	-1420
10.267788887	-1264
10.2694659233	-1420
10.2694709301	-1420
10.2695100307	-1264
10.2860178947	-1368
10.3166799545	-1420
10.3166980743	-1316
10.3167510033	-1368
10.3169250488	565
10.3170678616	-1420
10.3170728683	-1316
10.3171930313	565
10.3585829735	-1420
10.3585979939	-1316
10.3586518764	-1368
10.3853700161	-692
10.456444025	-1420
10.4564619064	-1316
10.4702720642	-1368
10.4929230213	-1420
10.4929969311	-1420
10.4930009842	-1264
10.4981729984	-1420
10.4981789589	-1420
10.4982290268	-1264
10.5227239132	-1420
10.5227968693	-1420
10.5228018761	-1264
10.5330119133	-1420
10.5330240726	-1420
10.5330848694	-1264
10.5420589447	-1420
10.5421259403	-1420
10.5421309471	-1264
10.5423069	565
10.5443279743	-684
10.5512049198	-1420
10.5512669086	-1420
10.5512709618	-1264
10.5733890533	-1420
10.5734040737	-1420
10.5734639168	-1264
10.5910048485	-1420
10.5910658836	-1420
10.5910699368	-1264
10.6016099453	-1420
10.6016230583	-1420
10.6016728878	-1264
10.6021909714	-1420
10.6022338867	-1420
10.6022360325	-1264
10.6023380756	565
10.6246180534	-1368
10.6246368885	-1420
10.6246900558	-1316
10.6248478889	565
10.6322798729	-1420
10.6322898865	-1316
10.6323559284	-1368
10.6403410435	-1420
10.640392065	-1420
10.6403949261	-1264
10.6457769871	-1420
10.6457829475	-1420
10.6458230019	-1264
10.6517839432	-1368
10.6576180458	-1420
10.6576249599	-1316
10.6580629349	-1420
10.658066988	-1420
10.6581120491	-1264
10.6687979698	-1420
10.6688480377	-1420
10.6688518524	-1264
10.6808140278	-1420
10.6808309555	-1420
10.6808969975	-1264
10.6808998585	-1368
10.6810798645	565
10.7000348568	-1420
10.7000470161	-1420
10.7001068592	-1264
10.7102940083	-175
10.715982914	-1420
10.7159888744	-1316
10.716094017	-1368
10.7232170105	-1420
10.7232658863	-1420
10.7232689857	-1264
10.7310419083	-1368
10.7385718822	-1420
10.7386169434	-1316
10.7387480736	565
10.7458269596	-1420
10.74584198	-1420
10.7458980083	-1264
10.7489130497	-1420
10.7489540577	-1420
10.7489569187	-1264
10.7491369247	565
10.7616798878	-1420
10.761703968	-1420
10.7617480755	-1264
10.766466856	-1420
10.7665190697	-1420
10.7665219307	-1264
10.7812950611	-1368
10.7815330029	-1420
10.7815818787	-1316
10.7906520367	-1420
10.790708065	-1420
10.7907109261	-1264
10.7996518612	-1420
10.7996580601	-1420
10.7997069359	-1264
10.8079349995	-1420
10.8079810143	-1420
10.8079838753	-1264
10.8186628819	-1368
10.8188409805	565
10.8317060471	-1420
10.8317220211	-1316
10.834127903	-1420
10.8341350555	-1420
10.8341770172	-1264
10.8487899303	-1420
10.8488619328	-1420
10.8488669395	-1264
10.8568408489	-1420
10.8568499088	-1420
10.8568968773	-1264
10.8658890724	-1368
10.8744459152	-1420
10.8744618893	-1316
10.8746349812	565
10.875246048	-1243
10.8920998573	-1420
10.8921649456	-1420
10.8921699524	-1264
10.9001469612	-1420
10.900151968	-1316
10.9002048969	-1368
10.9227640629	-1420
10.9228248596	-1420
10.9228310585	-1264
10.9366030693	-1420
10.9366178513	-1316
10.9366719723	-1368
10.9493939877	-1420
10.9494569302	-1420
10.9494609833	-1264
10.9575500488	-1420
10.9575588703	-1420
10.9576020241	-1264
10.9641540051	-1420
10.9642269611	-1420
10.9642310143	-1264
10.9644200802	565
10.9644989967	-1420
10.9645018578	-1420
10.9645030499	-1264
10.9750909805	-1368
10.9841918945	-1420
10.9842078686	-1316
10.991756916	-1420
10.9917669296	-1420
10.9918119907	-1264
10.9919538498	565
10.9971709251	-1420
10.9971759319	-1420
10.9972169399	-1264
11.0033590794	-1420
11.0034048557	-1316
11.0125188828	-1420
11.012567997	-1420
11.012570858	-1264
11.0127029419	565
11.0169150829	-1420
11.0169198513	-1316
11.0262379646	-1420
11.0262448788	-1316
11.0264260769	565
11.0327739716	-1420
11.0327820778	-1420
11.0328278542	-1264
11.0413880348	-1420
11.0414478779	-1420
11.041451931	-1264
11.051279068	-1190
11.0554058552	-1420
11.0554580688	-1420
11.0554618835	-1264
11.060833931	-1420
11.060849905	-1316
11.0608968735	-1368
11.0696549416	543
11.0728449821	-1420
11.0728900433	-1420
11.0728969574	-1264
11.0783939362	-1420
11.0784108639	-1316
11.0785820484	565
11.0846440792	-1420
11.0846529007	-1316
11.0846989155	-1420
11.0847020149	-1316
11.0991549492	-1420
11.0991709232	-1420
11.0992238522	-1264
11.1051669121	-1368
11.1052620411	-1420
11.1052658558	-1316
11.1054689884	-1420
11.1054739952	-1420
11.1055119038	-1264
11.1174390316	-1368
11.1241719723	-1420
11.1241848469	-1420
11.1242449284	-1264
11.1243720055	565
11.1290709972	-1420
11.129076004	-1316
11.136245966	-1420
11.1362528801	-1420
11.1362960339	-1264
11.1364049911	565
11.1430559158	-1420
11.1430640221	-1420
11.1431059837	-1264
11.1475639343	-1420
11.1476130486	-1420
11.1476168633	-1420
11.1476559639	-1212
11.1619708538	-1420
11.162019968	-1420
11.1620240211	-1264
11.1668479443	-1368
11.1670210361	-1420
11.1670510769	-1316
11.1714868546	-1420
11.1715409756	-1316
11.171544075	-1368
11.1716940403	565
11.1770429611	-1368
11.1771318913	-1420
11.1771728992	-1316
11.1889359951	-1420
11.1889998913	-1420
11.1890039444	-1264
11.2078969479	-1420
11.2079150677	-1420
11.2079689503	-1264
11.2079708576	-1420
11.2080059052	-1420
11.2080080509	-1264
11.2144908905	-806
11.2148139477	-1420
11.2148730755	-1316
11.226749897	-1368
11.2269220352	565
11.2340669632	-1420
11.23407197	-1420
11.2341189384	-1264
11.2401180267	-1420
11.2401878834	-1316
11.2401909828	-1368
11.2403428555	565
11.2502930164	-1420
11.2503080368	-1316
11.251926899	-1368
11.2569680214	-1420
11.2570109367	-1420
11.2570140362	-1264
11.2662050724	-1420
11.2662169933	-1420
11.2662730217	-1264
11.2736279964	-1420
11.2736918926	-1420
11.2736959457	-1264
11.2854070663	-1420
11.2854218483	-1420
11.2854750156	-1264
11.2892830372	-1420
11.2893249989	-1420
11.2893278599	-1264
11.2894830704	565
11.289798975	-1368
11.2941410542	-1420
11.2941908836	-1316
11.3021769524	-1420
11.3022348881	-1420
11.3022389412	-1264
11.3078999519	-1420
11.3079180717	-1420
11.307972908	-1264
11.3136630058	-1420
11.3137149811	-1420
11.3137199879	-1420
11.3137369156	-1212
11.3291399479	-1420
11.3292119503	-1420
11.3292160034	-1264
11.3294219971	565
11.3345470428	-1420
11.3345520496	-1420
11.3345909119	-1264
11.3402068615	-1420
11.3402500153	-1420
11.3402528763	-1264
11.3403670788	565
11.3538959026	-1420
11.3539040089	-1420
11.3539559841	-1264
11.3540139198	-1368
11.3596179485	-1420
11.3596229553	-1420
11.3596639633	-1420
11.3596689701	-1212
11.359703064	-1368
11.3724830151	-1420
11.3725478649	-1420
11.3725528717	-1264
11.3725879192	-1368
11.3737950325	-3
11.3832309246	-1368
11.3889539242	-1420
11.3890058994	-1316
11.3891179562	565
11.3967618942	-1420
11.3967678547	-1420
11.3968160152	-1264
11.4038760662	-1368
11.4039239883	-1420
11.4051258564	-1316
11.408149004	-1420
11.4081778526	-1420
11.4082200527	-1264
11.4195020199	-1420
11.4195590019	-1420
11.419563055	-1264
11.4245119095	-1420
11.4245169163	-1316
11.4295520782	-1420
11.4295568466	-1316
11.4296619892	565
11.4354338646	-1420
11.4354400635	-1420
11.4355070591	-1264
11.4355089664	-1368
11.4356470108	565
11.4448640347	-1420
11.4448699951	-1316
11.4449350834	-1368
11.4507489204	-1420
11.4507939816	-1420
11.4507980347	-1264
11.4521820545	-1420
11.452188015	-1420
11.4522280693	-1264
11.4618868828	-1420
11.4619629383	-1420
11.4619660378	-1264
11.4718580246	-1420
11.4718790054	-1420
11.4719359875	-1264
11.4810838699	-1368
11.4906840324	-1420
11.4906949997	-1316
11.490860939	565
11.4909338951	-1420
11.4909360409	-1420
11.4909369946	-1264
11.4942250252	-1420
11.4942679405	-1420
11.49427104	-1264
11.4973049164	-1420
11.4973099232	-1420
11.4973769188	-1264
11.5052490234	-1420
11.505302906	-1420
11.5053060055	-1264
11.5276310444	-1420
11.5276448727	-1316
11.5331709385	-1058
11.5332560539	565
11.5365619659	-1420
11.5365669727	-1316
11.5430119038	-1420
11.5430169106	-1420
11.5430560112	-1264
11.5496690273	-1420
11.5497119427	-1420
11.5497150421	-1264
11.5498459339	565
11.5541708469	-1420
11.5541770458	-1420
11.5542230606	-1264
11.5608730316	-1420
11.5609178543	-1420
11.5609209538	-1264
11.567358017	-1420
11.5673639774	-1420
11.5674059391	-1264
11.574753046	-1420
11.5747909546	-1420
11.574794054	-1264
11.5783638954	-1420
11.5783810616	-1316
11.5848948956	-1368
11.5850498676	565
11.5895409584	-1368
11.5896608829	-1420
11.5897068977	-1316
11.5956439972	-1420
11.5956909657	-1420
11.5956940651	-1264
11.598293066	-1420
11.5983059406	-1316
11.5983700752	-1368
11.6045260429	-1420
11.6045939922	-1420
11.6045980453	-1264
11.6087479591	-1368
11.6161599159	-1420
11.6162080765	-1316
11.6206538677	-1420
11.6206989288	-1420
11.6207020283	-1264
11.6208300591	565
11.6267728806	-1420
11.6267869473	-1420
11.6268360615	-1264
11.6269979477	565
11.6301040649	-1420
11.6301078796	-1316
11.6302158833	-1368
11.6344869137	-1368
11.6386098862	-1420
11.638614893	-1420
11.6386530399	-1264
11.6418280602	-1420
11.6418678761	-1420
11.6418709755	-1264
11.6492979527	-1420
11.6493039131	-1420
11.6493420601	-1264
11.6592278481	-1420
11.6592769623	-1420
11.6592810154	-1264
11.6625828743	-1420
11.6625878811	-1420
11.6626269817	-1264
11.6627130508	565
11.6715888977	-1420
11.6715979576	-1420
11.671640873	-1264
11.6799888611	-1420
11.6800498962	-1420
11.6800539494	-1264
11.6855700016	-1368
11.6856329441	-1420
11.6856729984	-1316
11.6923899651	-1368
11.6954748631	-116
11.698474884	-1420
11.6985170841	-1316
11.7044789791	-1368
11.7153260708	-1420
11.715337038	-1420
11.7153918743	-1264
11.7155299187	565
11.7223689556	-1420
11.7223770618	-1316
11.722522974	-1368
11.729336977	-1420
11.7293839455	-1420
11.7293879986	-1264
11.7295238972	565
11.7358188629	-1420
11.7358438969	-1316
11.7417159081	-1420
11.7417359352	-1420
11.7417879105	-1420
11.7417910099	-1212
11.74584198	-1420
11.7458548546	-1420
11.7459108829	-1264
11.7462890148	-1420
11.7463600636	-1316
11.7463650703	-1368
11.7600150108	-1420
11.7600290775	-1316
11.766283989	-1420
11.7662889957	-1316
11.7665939331	565
11.769810915	-1420
11.7698168755	-1420
11.7698590755	-1264
11.7760009766	-1420
11.7760438919	-1420
11.7760469913	-1264
11.7839279175	-1420
11.7839360237	-1316
11.7911479473	-1420
11.7911548615	-1420
11.7911958694	-1264
11.7951889038	-1420
11.7952320576	-1316
11.7953879833	-1368
11.7967910767	-1420
11.7967948914	-1316
11.7969300747	565
11.8047959805	-1420
11.8048188686	-1420
11.8048529625	-1264
11.8089780807	-1420
11.8090269566	-1316
11.8091599941	565
11.8151838779	-1420
11.8151979446	-1316
11.8218610287	-1420
11.8219058514	-1420
11.8219540119	-1264
11.8279559612	-1420
11.8280000687	-1420
11.8280029297	-1264
11.8359599113	-1420
11.8359708786	-1420
11.8360178471	-1420
11.8360209465	-1212
11.8388578892	-1420
11.8388700485	-1420
11.8389220238	-1264
11.8504149914	-1420
11.8504788876	-1420
11.8504829407	-1264
11.8506660461	565
11.8545229435	-1420
11.854528904	-1420
11.8545720577	-1420
11.8545749187	-252
11.8583190441	-1368
11.863617897	-1420
11.8636639118	-1420
11.8636679649	-1264
11.8672349453	-1420
11.8672389984	-1420
11.8672709465	-1264
11.873210907	-1420
11.8732528687	-1420
11.8732559681	-1264
11.8762738705	-1420
11.8762788773	-1420
11.8763170242	-1420
11.8763198853	-1212
11.8763530254	-1368
11.8764538765	565
11.8807609081	-1420
11.8807659149	-1420
11.8808059692	-1264
11.8808860779	565
11.8891029358	-1368
11.8930950165	-1420
11.8931410313	-1316
11.89321208	-1368
11.8983299732	-1420
11.8983359337	-1420
11.898375988	-1264
11.9012699127	-1420
11.9013109207	-1420
11.9013140202	-1264
11.9233858585	-1420
11.9234039783	-1420
11.9234578609	-1264
11.9302170277	-1368
11.9513440132	-1368
11.9514908791	565
11.9573700428	-1420
11.9573819637	-1316
11.963545084	-1420
11.9635498524	-1420
11.9635899067	-1264
11.9685058594	-1420
11.9685480595	-1420
11.9685509205	-1264
11.9706010818	-1420
11.9706058502	-1420
11.9706459045	-1420
11.9706480503	-1212
11.9833769798	-1420
11.9833879471	-1420
11.9834349155	-1264
11.9949309826	-1420
11.9949970245	-1420
11.9950010777	-1264
11.9952149391	565
11.9992208481	-1420
11.9992258549	-1316
12.0038859844	-1368
12.003895998	-1420
12.0039379597	-1420
12.0039410591	-1264
12.0040669441	565
12.0084290504	-1420
12.0084359646	-1420
12.0084769726	-1264
12.0125179291	-1420
12.0125598907	-1420
12.0125629902	-1264
12.017457962	-683
12.0203828812	-1420
12.0204439163	-1420
12.0204479694	-1264
12.0248479843	-1420
12.0248608589	-1316
12.0248949528	-1368
12.0341658592	-1368
12.0386528969	-1420
12.0386600494	-1420
12.0387029648	-1264
12.0387899876	565
12.043159008	-1420
12.0431680679	-1316
12.043211937	-1368
12.0473499298	-1368
12.0474309921	-1420
12.0474350452	-1316
12.0513968468	-1420
12.0514109135	-1316
12.0578269958	-1420
12.0578548908	-1420
12.0579109192	-1264
12.0583789349	-1420
12.0584199429	-1316
12.0672459602	-1368
12.0672979355	-1420
12.0673019886	-1316
12.0675158501	565
12.0734920502	-1420
12.073497057	-1420
12.073538065	-1264
12.0856568813	-1420
12.0857069492	-1316
12.0858099461	-1420
12.0858490467	-1316
12.0859498978	565
12.0882148743	-1420
12.0882198811	-1420
12.088258028	-1264
12.0924499035	-1420
12.0925278664	-1316
12.0925309658	-1368
12.1020829678	-1420
12.1020989418	-1316
12.1021878719	-1420
12.102191925	-1316
12.1046168804	-1420
12.1046309471	-1316
12.1046779156	-1368
12.1101050377	-1420
12.1101570129	-1316
12.1105749607	565
12.1176269054	-1420
12.1176390648	-1316
12.1218259335	-1420
12.1218400002	-1316
12.1219038963	-1368
12.1258809566	-1420
12.125936985	-1316
12.1259498596	-1368
12.1310138702	-1420
12.1310260296	-1316
12.1310770512	-1368
12.1396729946	-1420
12.1397218704	-1420
12.1397259235	-1264
12.1439778805	-1420
12.1439900398	-1316
12.1441450119	565
12.1441838741	-1368
12.1477220058	-1420
12.1477608681	-1420
12.1477639675	-1420
12.1477980614	-1212
12.1479029655	565
12.1585948467	-1368
12.1586120129	-1420
12.1586658955	-1420
12.1586699486	-1264
12.1630339622	-1368
12.1677529812	-1420
12.1678140163	-1420
12.1678180695	-1264
12.1698830128	-1420
12.1698989868	-1316
12.1699669361	-1368
12.1701848507	-1420
12.1702258587	-1420
12.1702289581	-1264
12.1782228947	-1420
12.1782288551	-1420
12.178276062	-1264
12.1795048714	-581
12.1796090603	565
12.1857569218	-1420
12.1857619286	-1420
12.1858119965	-1264
12.1895358562	-1420
12.1895780563	-1420
12.1895809174	-1264
12.1939139366	-1420
12.1939189434	-1420
12.193956852	-1264
12.1969618797	-1420
12.1970009804	-1420
12.1970040798	-1264
12.2010760307	-1368
12.2046749592	-1420
12.2047190666	-1316
12.2178418636	-1420
12.2179129124	-1420
12.2179169655	-1264
12.2181289196	565
12.2267310619	-1368
12.2277290821	-1420
12.2277829647	-1316
12.2278618813	565
12.2313249111	-1420
12.2313370705	-1420
12.2314040661	-1264
12.2314069271	-1368
12.245169878	-1420
12.2451870441	-1420
12.2452418804	-1264
12.249368906	-1420
12.249409914	-1420
12.2494130135	-1264
12.2551760674	-1420
12.2551820278	-1420
12.2552239895	-1264
12.260365963	-1420
12.2604038715	-1420
12.260406971	-1264
12.2681570053	-1368
12.2731089592	-1420
12.2731659412	-1420
12.2731699944	-1264
12.2735919952	565
12.2806608677	-1420
12.2806780338	-1420
12.2807340622	-1264
12.2853410244	-1420
12.285392046	-1420
12.2853958607	-1264
12.2905819416	-1420
12.2905979156	-1420
12.2906489372	-1264
12.2963159084	-1420
12.29636693	-1316
12.3010869026	-1420
12.3011288643	-1420
12.3011319637	-1264
12.3012690544	565
12.3062419891	-1420
12.3062469959	-1316
12.3133590221	-1420
12.3133649826	-1420
12.3134078979	-1264
12.3134980202	565
12.3154230118	-1420
12.3154270649	-1316
12.3241269588	-1368
12.3243169785	-1368
12.3287229538	-1420
12.3287279606	-1420
12.3287680149	-1420
12.3287708759	-1212
12.3345980644	-1420
12.3346040249	-1420
12.3346450329	-1264
12.3447608948	-223
12.3490080833	-1420
12.3490200043	-1420
12.3490679264	-1264
12.3549308777	-1420
12.3549950123	-1420
12.3550000191	-1420
12.3550360203	-1420
12.3550379276	-1160
12.355905056	565
12.3569729328	-1368
12.3665990829	-1420
12.3666610718	-1420
12.3666648865	-1264
12.3749768734	-1420
12.3749880791	-1420
12.3750329018	-1264
12.3947150707	-1420
12.3947720528	-1420
12.3947749138	-1264
12.3986668587	-1420
12.3986709118	-1420
12.3987100124	-1264
12.4060008526	-1420
12.4060549736	-1420
12.406058073	-1264
12.4062080383	565
12.4117648602	-1368
12.418473959	-1368
12.4186139107	-1368
12.4186599255	565
12.4253029823	-1368
12.4319899082	-1420
12.4320390224	-1316
12.439841032	-1420
12.4398958683	-1420
12.4398999214	-1264
12.4406499863	-1420
12.4406549931	-1420
12.4406950474	-1420
12.4406979084	-1212
12.4512460232	-1420
12.4512550831	-1420
12.451294899	-1264
12.4633929729	-1420
12.4634580612	-1420
12.463463068	-1264
12.4688749313	-1368
12.4761810303	-1420
12.476238966	-1316
12.4764490128	565
12.4829549789	-1420
12.4829628468	-1420
12.4830100536	-1420
12.483011961	-1212
12.4871799946	-1368
12.4873149395	-1368
12.4978070259	-1420
12.497823	-1420
12.497879982	-1264
12.5042769909	-1420
12.5043289661	-1420
12.5043320656	-1264
12.5079469681	-692
12.5080440044	565
12.5114428997	-1368
12.5115509033	-1420
12.5115919113	-1316
12.5174388885	-1368
12.5241360664	-1420
12.5241429806	-1316
12.5242660046	565
12.5327219963	-1420
12.5327270031	-1316
12.6676518917	-1129
12.6797990799	1460
12.6798739433	641
12.6817119122	1460
12.6817588806	641
12.6847589016	565
12.8223669529	1460
12.8224580288	129
12.8226509094	565
12.8736100197	-543
12.9573180676	-565
13.0109989643	565
13.1215510368	-1420
13.1216080189	-1420
13.121628046	-1264
13.1531069279	-1420
13.1531729698	-1316
13.1531920433	-1368
13.1561279297	-1305
13.2097289562	1460
13.209815979	1460
13.2098579407	1181
13.2099559307	629
13.2697038651	-1420
13.2697708607	-1420
13.2698159218	-1264
13.2700219154	565
13.3151419163	-679
13.4741640091	-565
13.4744129181	565
13.7186129093	-565
13.8696520329	-1420
13.8697190285	-1316
13.8698680401	-1368
13.8702700138	1460
13.8703298569	129
13.9182360172	-167
13.9192349911	565
13.9206929207	565
13.9405040741	565
13.940746069	565
14.1946389675	565
14.2040719986	1460
14.2063548565	1460
14.2063949108	221
14.2472980022	-565
14.2474849224	565
14.3927719593	-1368
14.4439659119	-1420
14.4440338612	-1316
14.4441740513	-1420
14.4442129135	-1420
14.4442470074	-1264
14.4446520805	-1420
14.4446899891	-1420
14.4447250366	-1420
14.4447600842	-1212
14.4450750351	-1420
14.4451229572	-1316
14.4454269409	-1420
14.4454669952	-1420
14.4455029964	-1264
14.4456000328	-1420
14.4456038475	-1316
14.4462170601	565
14.4849760532	-447
14.4851689339	565
14.4931910038	-1368
14.4935450554	-1420
14.4935948849	-1316
14.5430829525	-1368
14.6441988945	-1359
14.6579558849	565
14.8472230434	-565
14.8476290703	1460
14.8476910591	129
14.8945579529	-1368
15.0063679218	-733
15.0092179775	1077
15.1446239948	-1420
15.1446418762	-1316
15.2050058842	-405
15.364235878	-565
15.5234410763	-1077
15.5449519157	1077
15.9658920765	-565
