0	-543
0.010066986084	543
0.38400387764	-543
3.95555686951	543
4.59056997299	-543
4.59078288078	543
7.26712083817	-543
7.30984282494	-1420
7.30988788605	-1420
7.30993103981	-1264
7.41066002846	-638
7.41316103935	543
7.41472387314	543
7.42439103127	543
7.57165598869	-543
7.72824883461	-1086
7.73994398117	543
7.74025893211	543
7.92304301262	-543
7.93599200249	-1368
8.05255103111	-746
9.06003189087	1057
10.1313979626	-543
10.1328599453	-1420
10.132901907	-1316
10.1436958313	-1368
10.2478809357	-638
10.2504680157	543
10.2506639957	543
10.4251840115	-543
10.6355760098	-543
10.7520339489	-543
10.7872200012	543
11.4680030346	-543
11.4682250023	543
11.8730049133	543
11.8731050491	543
14.273195982	-543
14.3202729225	-1420
14.3203189373	-1420
14.3205199242	-1264
14.4175298214	-638
14.4195289612	543
14.4201660156	543
14.578070879	-543
15.0165498257	-543
15.0289988518	-1420
15.0290548801	-1316
15.0294430256	-1368
15.0294909477	-1368
15.0295109749	-1368
15.029820919	-1420
15.0298569202	-1316
15.0302319527	-1368
15.0303380489	-1368
15.0669989586	543
15.0764558315	543
15.0872869492	543
15.1331338882	-1420
15.133150816	-1316
15.1455709934	-1420
15.145581007	-1420
15.1456370354	-1420
15.1456408501	-58
15.1458268166	543
15.5279660225	-543
15.5281720161	543
15.6786808968	-543
15.6788659096	543
15.703193903	-1420
15.7032108307	-1420
15.7032740116	-1264
15.7034358978	543
15.7956700325	-124
15.7978298664	543
15.7997219563	543
15.9039378166	-1420
15.9039590359	-1316
15.9040048122	-1368
15.9120709896	-95
15.9142270088	543
15.9210398197	543
16.0357539654	-543
16.0483150482	-1420
16.0483558178	-1316
16.0611279011	-1368
16.0631020069	543
16.0649158955	543
16.1524989605	-638
16.159817934	543
16.2692399025	-543
16.2944638729	-1368
16.3859729767	-1289
16.3909618855	1460
16.3910210133	1460
16.3910708427	707
16.4932658672	-1368
16.4934778214	543
16.5022318363	-261
16.5053048134	-1368
16.6186249256	-232
16.6801478863	-1368
16.7335188389	-1368
16.7342619896	-1420
16.7343049049	-1316
16.7349529266	-1420
16.7349579334	-1420
16.7350180149	-1264
16.7350208759	-1368
16.7350859642	-1420
16.7350888252	-1316
16.7459959984	-1368
16.7477018833	-1368
16.7751729488	-1420
16.7752299309	-1316
16.8369438648	-1420
16.8369698524	-1316
16.8512020111	-1420
16.8512198925	-1420
16.851282835	-1420
16.8512859344	-1212
16.8513200283	-1420
16.851323843	-1316
16.8515889645	-1420
16.8515930176	-1420
16.8516290188	-113
16.8518149853	-1420
16.8518419266	-1316
16.8521528244	-1420
16.8521809578	-1420
16.8521838188	-1264
16.8525009155	-1420
16.852504015	-1420
16.8525400162	-1264
16.8527429104	543
16.8529119492	543
16.8533480167	-1368
16.8644428253	-1420
16.8645098209	-1420
16.8645148277	-1420
16.8645498753	-1212
16.8647248745	543
16.8919048309	-1420
16.8919298649	-1420
16.891974926	-1420
16.8919780254	-1212
16.9536979198	-1420
16.9537138939	-1420
16.9537658691	-1420
16.9537689686	-1212
16.9677729607	-1420
16.9678049088	-1420
16.9678678513	-1420
16.967869997	-1212
16.9679059982	-1420
16.967911005	-1316
16.9679448605	-1420
16.9679470062	-1316
16.9680309296	-1420
16.9680469036	-1316
16.9680829048	-1420
16.9680848122	-1316
16.9681899548	-1420
16.9682018757	-1420
16.9682388306	-1264
16.96824193	-1368
16.9683749676	-1420
16.9683790207	-1420
16.9683799744	-298
16.9686429501	543
16.9688408375	543
16.9968760014	-1420
16.9969439507	-1420
16.9970009327	-1420
16.99700284	-1212
16.9970839024	-1420
16.9970860481	-1420
16.9971330166	-1420
16.9971358776	-1212
16.9971790314	-1368
16.9971809387	-1420
16.9972259998	-1420
16.9972279072	-1264
16.997262001	-1420
16.9972648621	-1316
16.9975259304	543
17.0850050449	-612
17.0855100155	1460
17.0855660439	1139
17.1948428154	1460
17.1971688271	111
17.2488799095	-543
17.250056982	-1368
17.2503788471	-1420
17.2503838539	-1316
17.2505919933	543
17.2506439686	-1420
17.2506458759	-1316
17.2519719601	-1420
17.2519769669	-1420
17.2520189285	-1264
17.2526218891	-1420
17.2526469231	-1316
17.2528178692	-1368
17.2528619766	-1368
17.2530329227	-1420
17.2530748844	-1316
17.2541799545	-1420
17.2542250156	-1420
17.2542278767	-1264
17.2550988197	-1368
17.2551808357	543
17.2552599907	-1368
17.2632639408	-1368
17.2634608746	-1420
17.2634749413	-1316
17.2635350227	-1420
17.26354599	-1316
17.2635920048	-1368
17.2637310028	543
17.2640628815	-1420
17.2640688419	-1316
17.2641098499	-1368
17.2644088268	-1420
17.2644338608	-1316
17.2645089626	-1420
17.2645509243	-1316
17.264647007	-1420
17.2646868229	-1316
17.2759699821	543
17.3044068813	1460
17.3044958115	111
17.3099498749	-1368
17.3100869656	543
17.3110229969	-1368
17.3111538887	-1368
17.3112339973	-1368
17.3114159107	-1420
17.3114829063	-1316
17.3114860058	-1368
17.3115229607	-1368
17.3115708828	-1368
17.3224129677	-1420
17.3224248886	-1316
17.3249928951	543
17.3666498661	-165
17.5384418964	-543
17.5412299633	-1420
17.5412359238	-1420
17.5412948132	-1264
17.5412979126	-1420
17.5413348675	-1316
17.5505139828	-1368
17.5506570339	543
17.5809688568	-1420
17.5809860229	-1420
17.5810229778	-1264
17.5812368393	-1368
17.581897974	-1420
17.5819029808	-1420
17.5819439888	-1264
17.5820279121	-1368
17.5820758343	-1368
17.5821650028	-1368
17.5822489262	543
17.5824549198	-1420
17.5824589729	-1420
17.5825259686	-1264
17.5825369358	-1420
17.5825769901	-1316
17.594591856	-1368
17.5947990417	-1420
17.5948040485	-1316
17.5949869156	-1420
17.594990015	-1316
17.5950849056	-1368
17.5952830315	-1420
17.5953319073	-1316
17.5956559181	543
17.5958628654	543
17.5961508751	-1420
17.5961558819	-1316
17.5970528126	-1420
17.5970578194	-1420
17.5970988274	-1264
17.5972650051	-1368
17.5973808765	-1368
17.5974898338	-1420
17.5975329876	-1316
17.5976378918	-1368
17.5979008675	-1368
17.5981669426	-1368
17.598553896	-1420
17.5985589027	-1316
17.6048049927	-1368
17.6048979759	543
17.6049480438	-1420
17.6049509048	-1316
17.6108119488	-1368
17.6132030487	-1420
17.6132528782	-1420
17.6132559776	-1420
17.6133019924	-1212
17.6133038998	-1368
17.6136100292	-1368
17.6137938499	-1420
17.6138339043	-1316
17.6139099598	543
17.6144368649	1460
17.6144900322	111
17.6148929596	543
17.6152439117	543
17.6167259216	-1368
17.6578090191	-255
17.670776844	543
17.7745640278	-1086
17.779845953	543
17.7800219059	543
17.7886018753	1057
17.7907040119	543
17.7912158966	543
17.8046109676	1057
18.0220298767	-543
18.0346398354	-1420
18.0346908569	-1316
18.1512439251	-920
18.1533248425	543
18.1539218426	543
18.262267828	-1420
18.2622959614	-1420
18.2623348236	-1264
18.2633190155	-1420
18.2633829117	-1316
18.2633860111	-1368
18.2644839287	-1368
18.2646458149	543
18.2651388645	-1420
18.265141964	-1420
18.265182972	-1264
18.2653329372	1057
18.2657618523	543
18.2660298347	-1420
18.2660329342	-1420
18.2660729885	-1264
18.2668018341	-1420
18.2668290138	-1316
18.2668309212	-1420
18.266849041	-1316
18.2669768333	-1420
18.2670128345	-1316
18.2682509422	-1420
18.2682719231	-1316
18.2683160305	-1368
18.2701439857	-781
18.2728478909	-1420
18.2728838921	-1316
18.2729318142	-1368
18.2731649876	543
18.2734119892	543
18.2746059895	-1420
18.2746109962	-1420
18.2746539116	-1264
18.2765648365	543
18.276873827	-1420
18.2768769264	-1316
18.2770090103	-1368
18.2772388458	-1420
18.2772579193	-1316
18.2777729034	-1420
18.2778289318	-1316
18.2778320312	-1368
18.2791109085	-1420
18.2791178226	-1420
18.279157877	-1264
18.2791600227	-1368
18.2794179916	-1368
18.2794208527	-1420
18.2794568539	-1316
18.2795059681	-1368
18.2805490494	-1420
18.2805528641	-1316
18.2806248665	-1368
18.2806808949	543
18.2809350491	1057
18.2836518288	543
18.2863619328	-1420
18.2863688469	-1420
18.286413908	-1264
18.3352818489	1460
18.3353919983	111
18.3871269226	-1340
18.4070448875	-1420
18.4071118832	-1420
18.4071609974	-1264
18.4306299686	-1420
18.4306898117	-1420
18.4307088852	-1264
18.4309358597	543
18.4379379749	-1420
18.4379520416	-1420
18.4380059242	-1264
18.4391000271	-1420
18.4391579628	-1420
18.4391608238	-1264
18.4424159527	-1368
18.4424319267	-1420
18.4424648285	-1316
18.4514980316	-1368
18.4517140388	543
18.4537038803	543
18.4541988373	1460
18.4542469978	111
18.4554610252	-1420
18.4554669857	-1316
18.4556679726	-1368
18.5037999153	-744
18.5039849281	543
18.5216379166	543
18.5225849152	543
18.5227890015	1460
18.5228319168	111
18.5234088898	543
18.5237548351	543
18.5240929127	543
18.5246348381	543
18.531908989	543
18.6779198647	-543
18.6805720329	-1368
18.6903078556	-1420
18.6903178692	-1316
18.6904430389	-1368
18.6912820339	543
18.701171875	-1420
18.7011809349	-1420
18.7012348175	-1264
18.7025039196	-1368
18.7025828362	-1368
18.7038319111	543
18.7111868858	543
18.7127888203	543
18.7130379677	543
18.7971959114	-1313
18.7991099358	543
18.8918969631	-1368
18.8930268288	-1420
18.8930590153	-1316
18.8944218159	-1368
18.8945169449	-1420
18.8945188522	-1316
18.8946888447	-1420
18.8946928978	-1420
18.8947310448	-1264
18.8956258297	-1368
18.8958148956	-1368
18.8959369659	543
18.896062851	-1420
18.8960649967	-1316
18.8976509571	-1420
18.8976569176	-1316
18.897769928	-1420
18.8977730274	-1420
18.8978099823	-1264
18.8979229927	-1368
18.8979458809	-1368
18.8981039524	-1368
18.8981599808	543
18.8982620239	-1368
18.8992009163	-1420
18.8992278576	-1316
18.8993198872	-1368
18.9043660164	-1420
18.9043819904	-1316
18.9044368267	-1368
18.9053308964	-1420
18.9053649902	-1316
18.9062769413	543
18.9063210487	-1368
18.9066698551	-1420
18.9067149162	-1316
18.9068138599	-1368
18.9082820415	-1420
18.9082858562	-1316
18.9084479809	-1368
18.9087460041	-1420
18.9087920189	-1316
18.9088819027	-1368
18.9095158577	543
18.9103448391	-1420
18.9103488922	-1420
18.9103879929	-1264
18.9104549885	-1368
18.910640955	-1420
18.9106450081	-1420
18.9106929302	-1264
18.9108769894	-1420
18.9108989239	-1420
18.9109008312	-1264
18.9109179974	-1368
18.9109199047	-1368
18.9111440182	543
18.9124019146	-1420
18.9124078751	-1316
18.9125709534	-1368
18.9536809921	-23
19.157709837	-543
19.1579368114	-1420
19.1579978466	-1316
19.1580200195	-1368
19.1580460072	-1368
19.1583080292	-1420
19.1583459377	-1420
19.1583888531	-1264
19.1584429741	-1368
19.1585819721	-1368
19.1589858532	-1420
19.1589889526	-1316
19.1592538357	-1420
19.1592578888	-1316
19.1595139503	-1368
19.1595900059	-1368
19.1596429348	-1368
19.1597340107	-1368
19.159924984	-1368
19.1599290371	-1420
19.1599650383	-1316
19.1599919796	-1368
19.1645879745	543
19.1647980213	1057
19.2745118141	-433
19.2787530422	-1420
19.2788250446	-1420
19.2788310051	-1420
19.2788748741	-1212
19.2788779736	-1368
19.2790310383	-1368
19.2790338993	-1420
19.2790620327	-1316
19.2801449299	-1368
19.2804229259	-1420
19.2804260254	-1420
19.2804899216	-1264
19.280493021	-1420
19.2805268764	-1316
19.2806639671	-1420
19.2807018757	-1316
19.280782938	-1368
19.2809708118	-1420
19.2809739113	-1316
19.2810089588	-1368
19.2821028233	-1368
19.2822768688	-1420
19.2822799683	-1420
19.2823159695	-1264
19.2828638554	-1420
19.2828838825	-1420
19.2828860283	-1264
19.2846620083	543
19.2849218845	543
19.2851469517	543
19.3029458523	1460
19.303030014	111
19.307051897	1460
19.3071219921	111
19.3398120403	543
19.3952670097	-80
19.3976838589	-1420
19.3977458477	-1420
19.3977489471	-1264
19.3977880478	-1420
19.3977909088	-1420
19.3978250027	-1420
19.3978278637	-1212
19.3979508877	-1420
19.3979549408	-1316
19.3980939388	-1420
19.3980979919	-1316
19.3981339931	-1420
19.3981368542	-1316
19.3981690407	-1368
19.3982679844	543
19.3983418941	-1420
19.3983440399	-1420
19.3983449936	-1264
19.3985219002	543
19.3989319801	543
19.4276709557	-1420
19.4276878834	-1316
19.4329669476	-1368
19.4335038662	543
19.4342899323	-1420
19.4342958927	-1316
19.435585022	-1420
19.4355909824	-1420
19.4356720448	-1264
19.4356749058	-1420
19.4357159138	-1316
19.4357888699	-1368
19.4375598431	-1368
19.4375748634	-1368
19.4382219315	-1420
19.4382269382	-1316
19.4383518696	-1368
19.438822031	-1420
19.4388580322	-1316
19.4389588833	-1368
19.4392478466	-1420
19.4392540455	-1316
19.4394629002	-1368
19.4401910305	-1368
19.4402959347	543
19.4408578873	-1368
19.4411158562	-1420
19.4411430359	-1316
19.4414608479	-1420
19.4415049553	-1420
19.4415078163	-1264
19.4638319016	543
19.466727972	543
19.4689269066	1460
19.4690058231	111
19.469386816	543
19.4695990086	543
19.4826288223	543
19.4831669331	543
19.4874629974	-1420
19.4874699116	-1420
19.4875159264	-1264
19.4876148701	-1420
19.4876379967	-1316
19.4876499176	-1420
19.4876689911	-1420
19.4876708984	-1264
19.499819994	543
19.5144150257	-848
19.5146079063	543
19.523458004	1460
19.5235240459	111
19.5324108601	543
19.5398039818	543
19.5513899326	543
19.5528190136	543
19.5541658401	1460
19.5542149544	111
19.5808308125	543
19.5984859467	543
19.6702718735	-543
19.6732699871	-1420
19.673322916	-1420
19.6733269691	-1264
19.6753079891	-1420
19.6753120422	-1316
19.6774039268	-1368
19.6777288914	-1420
19.6777749062	-1420
19.6777789593	-1264
19.680480957	-1368
19.6809279919	543
19.6812820435	543
19.6839299202	-1420
19.6839358807	-1316
19.7898108959	-380
19.8299279213	-543
19.8805339336	-1368
19.8807840347	1460
19.8808410168	1460
19.8808758259	193
19.882930994	-1420
19.8829369545	-1316
19.883081913	-1368
19.8831820488	-1368
19.8834769726	-1420
19.8834810257	-1316
19.8835208416	-1368
19.8837800026	-1368
19.8839259148	-1420
19.8839290142	-1316
19.8846399784	-1368
19.8847179413	543
19.8850839138	-1420
19.8850889206	-1316
19.8853909969	-1420
19.8853948116	-1316
19.8856408596	-1368
19.8858950138	-1420
19.8859348297	-1316
19.8877139091	-1420
19.8877558708	-1420
19.8877589703	-1264
19.8877949715	-1420
19.8877978325	-1420
19.88783288	-1264
19.8880019188	-1420
19.8880398273	-1316
19.8880419731	-1368
19.8881409168	-1368
19.8890719414	543
19.8892259598	543
19.8951458931	-1368
19.895485878	-1420
19.8955328465	-1316
19.8955359459	-1420
19.8955619335	-1316
19.8956649303	-1368
19.8967368603	-1420
19.8967409134	-1316
19.8967590332	-1368
19.8969528675	543
19.8974659443	-1420
19.897480011	-1316
19.8976089954	-1368
19.8985779285	-1420
19.8986058235	-1316
19.898608923	-1368
19.8989548683	-1420
19.8989579678	-1316
19.8990938663	-1368
19.8993189335	-1420
19.8993580341	-1420
19.8993599415	-1264
19.9000070095	-1420
19.9000098705	-1316
19.9001579285	-1368
19.9004588127	-1420
19.9004969597	-1420
19.9004998207	-1264
19.9006898403	543
19.9008729458	-1420
19.9008779526	-1420
19.900895834	-1264
19.9008989334	-1420
19.9009149075	-1316
19.901034832	543
19.9010980129	-1368
19.9100170135	543
19.9152019024	1460
19.9152710438	111
19.945912838	-872
19.9460349083	-1420
19.9460799694	-1420
19.9460828304	-1264
19.9673848152	-1420
19.9674088955	-1316
19.967607975	-1420
19.9676208496	-1316
19.9676699638	-1420
19.967674017	-1420
19.9677100182	-1420
19.9677119255	-1212
19.9677460194	-1368
19.9679389	-1420
19.9679780006	-1420
19.9679808617	-1264
19.9681949615	-1420
19.9681990147	-1316
19.9683270454	-1420
19.9683299065	-1316
19.9683759212	-1368
19.9685089588	-1420
19.968547821	-1420
19.9685509205	-1264
19.968585968	-1368
19.9689199924	-1420
19.9689400196	-1420
19.9689428806	-1264
19.9690380096	-1368
19.9690849781	-1368
19.9691989422	-1420
19.9692020416	-1316
19.9692828655	-1368
19.9693858624	-1420
19.9694228172	-1316
19.9695188999	-1420
19.9695558548	-1316
19.971298933	543
19.9715149403	543
19.9716498852	543
19.9980900288	-1420
19.9981110096	-1316
19.9982359409	-1420
19.998239994	-1316
19.998267889	-1420
19.9982700348	-1316
19.9984109402	-1368
19.9985208511	-1420
19.9985678196	-1316
20.0000460148	-1368
20.0003008842	-1420
20.000305891	-1316
20.0003628731	-1368
20.0010778904	-1420
20.0011019707	-1316
20.0014250278	-1368
20.001543045	-1420
20.0015459061	-1316
20.0021488667	-1368
20.0024158955	-1420
20.0024600029	-1316
20.0026838779	-1420
20.0027339458	-1316
20.0027370453	-1368
20.0029559135	1057
20.0030918121	543
20.0036818981	543
20.0040609837	-1368
20.0043430328	-1420
20.0043869019	-1420
20.0043900013	-1264
20.0049738884	-1420
20.0049788952	-1420
20.0050208569	-1264
20.0050868988	543
20.0053529739	-1420
20.0053570271	-1316
20.0054609776	-1368
20.0063898563	-1420
20.0064148903	-1316
20.0065128803	-1368
20.0109009743	-1420
20.0109159946	-1420
20.01095891	-1264
20.0109708309	-1368
20.0110099316	-1420
20.0110118389	-1316
20.0111379623	-1420
20.0111408234	-1316
20.0113060474	-1368
20.0115938187	543
20.0122640133	-1420
20.0122778416	-1316
20.0126600266	-1368
20.0129978657	-1420
20.0130398273	-1420
20.0130429268	-1264
20.0138728619	-1420
20.0138759613	-1316
20.0139119625	-1420
20.0139148235	-1316
20.0140190125	-1420
20.0140218735	-1316
20.0146858692	-1368
20.0148148537	-1420
20.014852047	-1316
20.016409874	-1420
20.0164580345	-1316
20.0166509151	-1368
20.0170538425	-1420
20.0170588493	-1316
20.0171530247	-1420
20.0171558857	-1420
20.0171940327	-1264
20.0172529221	-1420
20.0172920227	-1316
20.0172939301	-1368
20.0174229145	543
20.0178198814	-1420
20.0178339481	-1316
20.0186450481	-1368
20.0216219425	-1420
20.0216569901	-1420
20.0216598511	-1264
20.0217700005	543
20.0221338272	-1420
20.022138834	-1316
20.0626478195	-858
20.0630469322	1057
20.1019599438	543
20.1561849117	-1420
20.1562008858	-1420
20.1562638283	-1264
20.1584899426	-1368
20.1599419117	-1420
20.1599488258	-1420
20.1599969864	-1264
20.1618258953	-1420
20.1618700027	-1420
20.1618728638	-1264
20.1697018147	543
20.1720478535	543
20.1730158329	543
20.1732649803	543
20.2190659046	-488
20.2218279839	543
20.2221260071	543
20.3876998425	-1420
20.3877179623	-491
20.3877718449	-1368
20.4210660458	-1368
20.4223718643	-1420
20.4223768711	-1316
20.4224309921	-1368
20.4238379002	1057
20.4241080284	543
20.4242589474	-1420
20.4242649078	-1316
20.4243550301	-1368
20.4244790077	-1420
20.4245178699	-1316
20.4256608486	-1368
20.4265379906	-1420
20.4265420437	-1316
20.4292778969	-1368
20.4293758869	-1420
20.4294300079	-1316
20.4294319153	-1368
20.4295139313	543
20.43019104	-1420
20.4301970005	-1316
20.4302458763	-1368
20.431032896	-1420
20.4310770035	-1420
20.4310789108	-1264
20.4320278168	-1420
20.4320340157	-1420
20.4320669174	-1264
20.4324028492	-1420
20.4324269295	-1316
20.432543993	-1368
20.4333748817	-1420
20.4333808422	-1420
20.4334218502	-1264
20.4340338707	-1368
20.4344658852	-1368
20.4350478649	-1420
20.4350910187	-1420
20.435092926	-1264
20.4362938404	543
20.4363338947	-1368
20.4367518425	543
20.504295826	-692
20.5044429302	543
20.5163600445	543
20.632463932	-1420
20.6324808598	-1316
20.6334240437	-1420
20.633428812	-101
20.6343300343	-1420
20.6343359947	-1316
20.6344048977	-1368
20.6345808506	-1368
20.6347138882	-1420
20.6347179413	-1316
20.6362979412	543
20.642608881	-1420
20.6426169872	-1420
20.642665863	-1264
20.7498350143	-256
20.8214399815	-1420
20.8214569092	-1420
20.8215210438	-1264
20.8224680424	-1420
20.8224730492	-1316
20.8225238323	-1420
20.822633028	543
20.822676897	-1316
20.8227438927	-1368
20.8229939938	-1420
20.8229980469	-1316
20.8231170177	-1368
20.8232598305	-1368
20.8254678249	543
20.8299028873	543
20.8305609226	543
20.862694025	543
20.8631629944	543
20.9061088562	-952
20.9089939594	543
20.909250021	543
21.0526590347	-543
21.0528030396	543
21.0923309326	-1420
21.0923559666	-1316
21.0926289558	543
21.0930130482	543
21.1018090248	-1368
21.1041409969	-1368
21.1042020321	-1368
21.1042058468	-1368
21.1046149731	-1420
21.1046209335	-1316
21.1046628952	-1368
21.1047129631	-1368
21.1977479458	-1420
21.1977739334	-1420
21.1978108883	-1264
21.1979060173	-1368
21.2087109089	-330
21.2107100487	543
21.2114439011	543
21.325109005	-543
21.3252949715	543
21.8728308678	543
21.9364578724	-543
21.9404020309	-1368
21.941161871	-1420
21.9411678314	-1316
21.9420490265	-1368
21.942054987	-1420
21.9420778751	-1316
21.9529130459	543
21.9532408714	543
21.9623529911	543
21.9697959423	543
22.0080089569	-1420
22.0080268383	-1420
22.0080909729	-1420
22.0080938339	-1212
22.0529258251	-32
22.0534830093	543
22.0539250374	543
22.1652579308	-1420
22.1652770042	-1420
22.1653459072	-1420
22.1653490067	-1420
22.1653859615	-1160
22.1656038761	543
22.167675972	543
22.1869590282	-501
22.187297821	543
22.3038158417	-543
22.3126440048	-1420
22.3127088547	-1420
22.3127138615	-1264
22.3133718967	-1420
22.3133769035	-1420
22.3134169579	-1264
22.3138039112	-1420
22.3138380051	-1316
22.3139159679	-1368
22.3145358562	-1420
22.314540863	-1420
22.3145728111	-1264
22.3146598339	543
22.3235878944	-1420
22.3236029148	-1316
22.3243699074	-1368
22.3244979382	-1420
22.3245398998	-1316
22.3254609108	-1420
22.3254959583	-1420
22.3254978657	-1264
22.3255159855	-1368
22.3256289959	-1420
22.3256678581	-1316
22.3260660172	-1368
22.3261928558	-1420
22.3261959553	-1316
22.3264119625	-1420
22.3264160156	-1420
22.3264558315	-1264
22.3265829086	543
22.3364419937	-1368
22.3365588188	-1420
22.3365619183	-1316
22.3366718292	-1420
22.3366930485	-1316
22.3368208408	-1368
22.3374969959	-1420
22.3375029564	-1420
22.3375258446	-1264
22.3376119137	543
22.3381378651	-1368
22.4204318523	-431
22.6263978481	1057
22.6382508278	-543
22.6384420395	-1420
22.6385099888	-1316
22.6385579109	-1368
22.6388230324	-1368
22.6391088963	-1420
22.6391408443	-1316
22.6510689259	-1368
22.6512508392	543
22.6514019966	-1420
22.6514070034	-1316
22.6518239975	-1420
22.6518278122	-1316
22.6519358158	-1368
22.6531279087	-1420
22.6531698704	-1316
22.6531739235	-1368
22.654271841	-1368
22.6626420021	-1420
22.6626989841	-1420
22.6627018452	-1420
22.6627449989	-1420
22.6627469063	-1160
22.6630139351	-1368
22.6630179882	-1420
22.6630489826	-1316
22.6633579731	-1368
22.6635978222	-1420
22.6636018753	-1420
22.6636388302	-1264
22.6637179852	543
22.7549419403	-283
22.8786718845	-1420
22.8787369728	-1316
22.8787748814	-1420
22.8787930012	-1316
22.8788180351	-1368
22.8792169094	-1420
22.8792688847	-1420
22.8793058395	-1264
22.8795399666	-1420
22.8796019554	-1316
22.8796408176	-1368
22.8797249794	543
22.8797588348	-1420
22.8797619343	-1420
22.879762888	-1264
22.8909788132	-1420
22.8910548687	-1316
22.8910589218	-1420
22.8911278248	-1420
22.8911399841	-1264
22.8911759853	-1368
22.8913109303	-1420
22.8913588524	-1316
22.8913919926	-1420
22.8914198875	-1420
22.891422987	-1264
22.8916070461	-1420
22.8916089535	-1420
22.8916099072	-1264
22.8916258812	543
22.8916709423	-1368
22.9030430317	-1368
22.9032788277	-1420
22.9033439159	-1420
22.9033458233	-1264
22.9034218788	-1420
22.9034249783	-1420
22.9034609795	-1264
22.9035959244	543
22.9107420444	-278
23.5491659641	-543
23.5492289066	-1420
23.5492489338	-1316
23.5497510433	-1420
23.5497829914	-1420
23.5497999191	-1264
23.5521168709	-1420
23.5521419048	-1316
23.5522489548	-1368
23.5985939503	-1368
23.5986449718	-1420
23.5986728668	-1316
23.5988340378	543
23.5990579128	-1368
23.5993700027	-1420
23.5994129181	-1316
23.5995769501	-1420
23.599627018	-1316
23.5996479988	-1368
23.5999250412	-1368
23.599930048	-1368
23.6000139713	-1368
23.6000909805	543
23.6005558968	-1368
23.6006698608	-1420
23.6007118225	-1420
23.6007139683	-1264
23.6109609604	-1420
23.6109778881	-1420
23.611071825	-1264
23.6110749245	-1420
23.611125946	-1420
23.6111290455	-1264
23.6112339497	-1420
23.6112370491	-1420
23.6112380028	-1264
23.6113989353	-1420
23.6114478111	-1316
23.6114599705	-1368
23.6116650105	-1420
23.6116688251	-1316
23.6117320061	-1368
23.6118760109	543
23.6234328747	-1420
23.6234838963	-1420
23.6235308647	-1264
23.6235339642	-1420
23.6235518456	-1420
23.6235539913	-1264
23.6236848831	-1420
23.6236879826	-1316
23.6238708496	543
23.6239449978	-1420
23.6239469051	-1420
23.6239478588	-1264
23.6241300106	-1368
23.6242949963	-1368
23.6296389103	543
23.6303169727	543
23.6307349205	543
23.6309459209	543
23.6396570206	543
23.6400179863	543
23.6658399105	-471
23.6697258949	543
23.720676899	-1420
23.720708847	-1420
23.7207670212	-1264
23.7218439579	-1420
23.7218840122	-1316
23.7219698429	-1368
23.821669817	-704
23.8218269348	543
23.8222329617	543
23.8409509659	-1420
23.8409650326	-1420
23.8410189152	-1420
23.8410220146	-1212
23.8418519497	-1368
23.8420100212	-1368
23.8425118923	-1420
23.8425178528	-1420
23.842569828	-1264
23.8425729275	-1420
23.8426179886	-1316
23.8427300453	-1368
23.8429148197	-1420
23.8429198265	-1420
23.8429579735	-1264
23.8430519104	-1420
23.8430948257	-1316
23.8431408405	-1420
23.8431689739	-1316
23.8432638645	543
23.8658509254	543
23.8840289116	543
23.8962390423	1460
23.896337986	111
23.9383199215	-686
24.4147689342	-543
24.4201748371	-1420
24.4202268124	-1420
24.4202709198	-1264
24.4300160408	-1368
24.4304578304	-1368
24.4661810398	543
24.5312509537	-74
24.5340900421	543
24.5659818649	-1420
24.5660059452	-1316
24.5661098957	-1368
24.5662310123	543
24.5678470135	-1420
24.5678520203	-1420
24.5679018497	-1264
24.5691168308	-1420
24.5691578388	-1316
24.5691609383	-1368
24.571395874	1460
24.5714468956	111
24.5770578384	-1420
24.5770640373	-1420
24.5771110058	-1264
24.5779650211	-1420
24.578001976	-1316
24.5780889988	-1420
24.5781309605	-1316
24.5782330036	543
24.5802400112	-1368
24.580425024	-1420
24.5804679394	-1420
24.5804710388	-1264
24.5807468891	543
24.5813169479	-1420
24.5813219547	-1420
24.5813639164	-1264
24.6325018406	1057
24.6487770081	-1420
24.6488389969	-1420
24.6488778591	-1420
24.6489210129	-1212
24.648955822	-1420
24.6490030289	-1420
24.6490478516	-1264
24.6491589546	-1368
24.6491959095	-1420
24.6492779255	-1420
24.6493229866	-1264
24.6493668556	-1368
24.6494100094	-1420
24.6494448185	-1420
24.649479866	-1264
24.6495139599	-1368
24.6495568752	-1368
24.6498799324	543
24.6500580311	543
24.6606488228	-1420
24.6606609821	-1316
24.6607129574	-1368
24.6826918125	-1243
24.7991168499	-543
24.7993140221	543
24.8018059731	-1420
24.8018188477	-1420
24.8018679619	-1420
24.8018698692	-1420
24.8019049168	-1160
24.8023488522	-1368
24.8037469387	-1368
24.8047599792	-1420
24.8047859669	-1316
24.8052120209	-1420
24.8052649498	-1316
24.8064849377	-1368
24.8065218925	-1420
24.8065240383	-1316
24.806773901	-1368
24.8071169853	-1368
24.8076238632	-1420
24.8076279163	-1316
24.8081970215	-1368
24.8127000332	543
24.8249108791	-1420
24.8249268532	-1420
24.8249819279	-1420
24.8249850273	-1212
24.826128006	-1368
24.826130867	-1368
24.8273358345	-1420
24.8273389339	-1316
24.8282039165	-1368
24.8289630413	-1420
24.8289949894	-1316
24.8293988705	-1368
24.8294949532	543
24.8304100037	-1368
24.8316860199	-1420
24.8317358494	-1316
24.8318269253	-1368
24.8318989277	543
24.8322718143	-1420
24.8322758675	-1316
24.8324248791	-1368
24.8332359791	-1420
24.8332779408	-1420
24.8332810402	-1264
24.8338680267	-1420
24.8338718414	-1316
24.8339738846	-1368
24.8344128132	-1368
24.8348999023	-1368
24.8353099823	-1420
24.8353359699	-1316
24.8354389668	-1420
24.8354799747	-1316
24.8355169296	-1368
24.835616827	543
24.8361899853	-1420
24.8361959457	-1316
24.8363080025	-1368
24.8378388882	-1420
24.8378658295	-1316
24.8379759789	-1368
24.8381438255	-1368
24.8386719227	-1420
24.838696003	-1316
24.8388419151	-1368
24.8390328884	-1420
24.8390369415	-1316
24.8392210007	-1420
24.8392238617	-1316
24.8393089771	-1368
24.8469569683	-1368
24.847028017	-1368
24.8472619057	-1420
24.8473138809	-1420
24.8473169804	-1264
24.8473620415	-1420
24.8473649025	-1316
24.8476400375	-1420
24.8476428986	-1316
24.8477709293	543
24.8478829861	543
24.8480398655	-1420
24.8480448723	-1316
24.8481078148	-1368
24.8496079445	-1368
24.849998951	-1420
24.8500049114	-1420
24.8500459194	-1420
24.8500490189	-1212
24.8501088619	-1420
24.8501110077	-1316
24.8516418934	-1420
24.8516538143	-1316
24.9184589386	-1420
24.9184758663	-1420
24.9186248779	-1420
24.9186279774	-1212
24.9186649323	-1420
24.9186680317	-1420
24.9187119007	-1264
24.9187150002	-1368
24.9187488556	-1420
24.918751955	-1420
24.9187860489	-727
24.9189288616	543
24.9498178959	-1420
24.9498460293	-1316
24.9501779079	-1420
24.9501819611	-1316
24.9502589703	-1368
24.9503519535	-1420
24.9503908157	-1316
24.9504418373	-1368
24.9516849518	-1368
24.9517920017	543
24.9521098137	-1368
24.9521720409	-1420
24.9522130489	-1316
24.9525618553	-1420
24.952603817	-1316
24.9526748657	543
24.9527699947	-1420
24.9527719021	-1316
24.9529109001	-1368
24.9530978203	-1420
24.9531228542	-1316
24.9533078671	-1368
25.0353138447	-1316
25.0991158485	-1420
25.0991868973	-1420
25.099241972	-1264
25.0993049145	-1420
25.0993709564	-1316
25.0994148254	-1368
25.0994749069	-1420
25.0995109081	-1316
25.0996289253	-1368
25.1001830101	-1420
25.1002750397	-1316
25.1003198624	-1420
25.100361824	-1420
25.1004059315	-1420
25.1004428864	-1212
25.1004779339	-1368
25.1006269455	543
25.1102519035	543
25.1111028194	-1368
25.1518769264	-251
25.1699068546	543
25.4890668392	-543
25.489882946	-1420
25.4899349213	-1316
25.4899868965	-1420
25.4900369644	-1316
25.492910862	543
25.5001938343	1057
25.5020208359	-1420
25.5020258427	-1316
25.6065368652	-219
25.7592558861	-543
25.7714869976	543
25.9306428432	-543
26.086894989	-543
26.0871648788	543
26.2242259979	-543
26.3809399605	-1086
26.6325628757	1057
26.7647418976	-543
26.7771508694	-1420
26.7771990299	-1316
26.8813729286	-920
26.8849098682	543
26.8882980347	543
27.2518658638	-543
27.2644870281	-1368
27.2646558285	543
27.3811209202	-746
27.3820970058	1057
27.632532835	1057
27.7258238792	-543
28.0693190098	-543
28.185890913	-543
28.1947050095	543
28.5502698421	-543
28.550454855	543
29.569893837	543
29.7493770123	-543
29.7505488396	-1420
29.7505989075	-1316
29.7506759167	-1368
29.7511880398	-1420
29.7511930466	-1420
29.7512388229	-1420
29.7512409687	-1420
29.7512760162	-1160
29.7617878914	-1368
29.8672878742	-1420
29.8673079014	-1420
29.8673708439	-1264
29.8673739433	-1420
29.8674108982	-1420
29.8674139977	-1264
29.8676128387	543
29.8678460121	-1420
29.8678479195	-1420
29.8678488731	-1264
29.8678588867	-1368
29.8679690361	-1420
29.8679709435	-1420
29.8679888248	-1264
29.8680980206	-1420
29.868144989	-1316
29.8681468964	-1420
29.8682019711	-1420
29.8682048321	-1264
29.9179148674	-1420
29.9179329872	-1316
29.9838578701	-1420
29.9839248657	-1420
29.9839830399	-1420
29.9839859009	-1212
29.984030962	-1420
29.984033823	-1420
29.9841279984	-1264
29.9841308594	-1420
29.9841659069	-1420
29.9841678143	-1420
29.9842009544	-1420
29.9842038155	-1160
29.9844129086	543
29.9845719337	-1420
29.9845738411	-1420
29.9846129417	-1264
29.9847099781	-1420
29.9847679138	-1420
29.9847710133	-1420
29.9848458767	-1212
29.9848480225	-1420
29.9848818779	-1316
29.9849128723	543
29.9849629402	-1420
29.9849648476	-1420
29.9849660397	-1264
29.9850280285	-1420
29.9850299358	-1420
29.9850299358	-1264
29.9851808548	-1420
29.9851839542	-1316
29.9852218628	-1420
29.9852249622	-1420
29.9852588177	-1264
29.9852619171	-1420
29.9852948189	-1316
29.9853749275	-1368
29.9855408669	543
29.9855778217	-1368
30.0346059799	-1420
30.0346748829	-1420
30.0347118378	-1264
30.0347459316	-1368
30.1006000042	-1420
30.1006798744	-1420
30.1007499695	-1264
30.1007938385	-1420
30.1008269787	-1420
30.1009058952	-1420
30.1009459496	-1420
30.1009788513	-1160
30.1010129452	-1420
30.101047039	-1420
30.1011140347	-1264
30.1011619568	-1420
30.1011958122	-1420
30.101238966	-1264
30.1013000011	-1368
30.1013350487	-1420
30.1013770103	-1420
30.1014118195	-1420
30.1014459133	-1212
30.1015508175	-1420
30.1015958786	-1316
30.1016299725	-1368
30.1016759872	-1420
30.1017608643	-1420
30.1018140316	-1420
30.101847887	-1212
30.1018948555	-1420
30.101929903	-1420
30.1019649506	-1264
30.1020669937	-1420
30.1021039486	-1316
30.1021389961	-1420
30.1021828651	-1420
30.1022179127	-1264
30.1022539139	-1420
30.1022889614	-1420
30.1023240089	-1420
30.1023578644	-1212
30.1023919582	-1420
30.1024258137	-1420
30.1024599075	-1264
30.1024940014	-1420
30.1025290489	-1420
30.102563858	-941
30.1027128696	543
30.1044809818	543
30.1109428406	543
30.1112439632	543
30.111415863	543
30.7749679089	-543
30.7756009102	-1420
30.7756528854	-1316
30.78824687	-1368
30.8921339512	-638
30.8941318989	543
30.8949198723	543
31.052136898	-543
31.1700749397	-1420
31.170142889	-1420
31.1701638699	-1264
31.170181036	-1368
31.1704859734	-1420
31.1705129147	-1316
31.170541048	-1368
31.1706569195	-1368
31.1707448959	-1368
31.1725108624	1057
31.1837489605	-1368
31.1844248772	-1368
31.1844649315	-1368
31.1845178604	-1368
31.1848678589	-1420
31.1848728657	-1316
31.1850090027	-1368
31.1851689816	-1420
31.1852018833	-1316
31.1853249073	-1368
31.2089140415	-744
31.2499108315	-1420
31.2499690056	-1420
31.2500059605	-1264
31.2526729107	-1420
31.252715826	-1420
31.2527518272	-1264
31.252961874	-1368
31.2530999184	-1420
31.253139019	-1420
31.2532010078	-1264
31.2532458305	-1420
31.2532808781	-1316
31.2868869305	-1420
31.2869639397	-1420
31.2870030403	-1264
31.2870440483	-1420
31.2870838642	-1420
31.287127018	-1420
31.2871959209	-1420
31.2872319221	-1160
31.287266016	-1368
31.2875649929	543
31.3253669739	-35
31.4420969486	-543
34.5718359947	543
34.7539219856	-543
34.7568349838	-1420
34.7568998337	-1316
34.7572629452	-1420
34.7573049068	-1420
34.7573518753	-1264
34.7573888302	-1420
34.7574329376	-1420
34.7574670315	-1264
34.8239078522	-1368
34.8705940247	-1420
34.8706438541	-1316
34.8734388351	-1420
34.8735098839	-1316
34.8735449314	-1420
34.8735790253	-1316
34.8738758564	-1420
34.8738968372	-1420
34.8739409447	-1264
34.8739588261	-1420
34.8739750385	-1316
34.8740098476	-1420
34.8740308285	-1420
34.874065876	-1264
34.8741660118	-1420
34.8741939068	-1420
34.8742098808	-1264
34.8743069172	-1368
34.8766729832	543
34.9405879974	-1420
34.9406058788	-1316
34.9873578548	-1420
34.987375021	-1420
34.9874298573	-1420
34.9874329567	-1212
34.9876580238	1057
34.9901669025	-1420
34.990172863	-1420
34.9902470112	-1420
34.9902498722	-1212
34.9903008938	-1420
34.9903030396	-1420
34.990336895	-1264
34.9903390408	-1368
34.990475893	-1420
34.9904799461	-1316
34.9905569553	-1420
34.9905598164	-1420
34.9905948639	-1264
34.9905970097	-1368
34.9907460213	-1420
34.9907488823	-1316
34.9909889698	-1420
34.9909918308	-1420
34.9909918308	-1264
34.9909930229	-1368
34.9909939766	-1420
34.9909949303	-1420
34.9909949303	-1264
34.9911329746	-1420
34.991134882	-1420
34.9911358356	-1264
34.9912688732	-1420
34.9912719727	-1420
34.9912889004	-1264
34.9912910461	-1368
34.9914188385	-1420
34.9914219379	-1316
34.9915938377	543
35.0571899414	-1420
35.0572090149	-1420
35.0572628975	-1264
35.0572659969	-1368
35.0574548244	543
35.1038849354	-1420
35.103951931	-1420
35.1040740013	-1420
35.104077816	-1212
35.104115963	-1420
35.104118824	-1316
35.104159832	-1420
35.1041619778	-1316
35.1043579578	543
35.1066999435	-1420
35.1067049503	-1316
35.1067798138	-1420
35.1067819595	-1420
35.1068179607	-1264
35.1069288254	-1420
35.1069688797	-1420
35.1069710255	-1264
35.10739398	-1420
35.1073989868	-1316
35.1074569225	-1420
35.107460022	-1420
35.1075329781	-1264
35.1075358391	-1420
35.1075708866	-1420
35.1075730324	-1264
35.1076068878	-1420
35.1076090336	-1316
35.107708931	-1420
35.1077108383	-1420
35.1077120304	-1420
35.1077129841	-1212
35.1077139378	-1368
35.107820034	-1420
35.1078219414	-1420
35.1078228951	-1264
35.1079089642	-1420
35.1079108715	-57
35.1080238819	543
39.5708558559	543
39.7231628895	-543
39.7256138325	-1420
39.725673914	-1316
39.7264308929	-1420
39.7265050411	-1420
39.7265160084	-1264
39.7265558243	-1420
39.7265589237	-1420
39.7265908718	-1264
39.7266688347	543
39.7268459797	543
39.7380268574	-1368
39.8422679901	-1368
39.8423719406	-1420
39.8424048424	-1316
39.8424229622	-1420
39.8424379826	-1420
39.8424530029	-1264
39.843061924	-1420
39.8431038857	-1420
39.8431978226	-1264
39.8432369232	-1368
39.8432409763	-1420
39.843282938	-1420
39.8432848454	-1420
39.8433308601	-1212
39.8433330059	-1382
39.8435218334	543
39.862295866	-1420
39.8623108864	-1316
39.8952150345	-1420
39.8952338696	-1316
39.9589338303	-1420
39.9589748383	-1316
39.9590559006	-1420
39.9590599537	-1420
39.9591259956	-1264
39.9591288567	-1368
39.9591958523	-1420
39.9591989517	-1316
39.9592330456	-1420
39.9592349529	-1420
39.9592678547	-1264
39.9592709541	-1368
39.9596190453	-1420
39.95962286	-1316
39.9597408772	-1420
39.9597439766	-1420
39.9597809315	-1264
39.9599020481	-1420
39.9599409103	-1316
39.9599428177	-1368
39.9600088596	-1420
39.9600119591	-1420
39.9600288868	-1264
39.9601449966	-1420
39.9601838589	-1420
39.9601869583	-1264
39.9602220058	-1368
39.9602799416	-1420
39.9603178501	-1420
39.9603209496	-1264
39.9603569508	-1420
39.9603598118	-1316
39.9672338963	543
39.967416048	543
39.979033947	-1420
39.979049921	-1420
39.9791109562	-1420
39.9791138172	-1212
39.979282856	543
40.0117838383	-1420
40.0117950439	-1420
40.0118479729	-1420
40.0118508339	-1212
40.0755560398	-1420
40.0755720139	-1420
40.0756280422	-1264
40.0756309032	-1420
40.0756649971	-1420
40.0756800175	-1264
40.0757470131	-1368
40.0757498741	-1420
40.0757849216	-1420
40.075786829	-1264
40.0758609772	-1420
40.0758638382	-1420
40.0759129524	-1420
40.0759158134	-700
40.0762419701	1057
40.6503820419	543
40.6508979797	543
40.6512799263	543
41.1847548485	-543
41.1849679947	543
41.5241379738	-543
41.524312973	543
42.3240778446	-543
42.3242688179	543
46.8795719147	543
49.8733098507	543
50.7191238403	-543
54.8727638721	543
56.0328199863	-543
56.4268858433	-543
60.0122590065	236
60.1532158852	-748
60.15376091	126
60.293407917	-51
60.2936489582	38
60.4253058434	-1420
60.4253258705	-77
60.425755024	1057
60.5655479431	-543
60.5659599304	543
60.7245228291	-543
60.7249159813	543
60.8795108795	543
60.917527914	-543
61.3486888409	-543
61.3491299152	543
61.4659650326	-543
62.7022979259	-543
62.7027118206	543
62.8188738823	-543
62.9922549725	-543
62.9927170277	543
63.1088249683	-543
64.2108399868	-543
64.2112729549	543
64.3272638321	-543
66.2245278358	-543
66.2249820232	543
66.3410990238	-543
66.4975898266	-543
67.793063879	-543
68.1003799438	-543
68.1011140347	543
68.2326948643	-543
72.8725039959	543
73.2511868477	-543
73.8725290298	543
75.8794209957	543
77.2617800236	-543
94.8731729984	543
95.3278398514	-543
100.65830183	-543
100.65891099	543
100.774690866	-543
100.88052392	543
100.902038813	-543
108.936380863	-543
108.936903954	543
109.05292201	-543
110.290572882	-543
110.290980816	543
110.407032967	-543
110.87923789	543
111.836374044	-543
115.872730017	543
116.656728983	-543
