0	1057
0.299947023392	-543
0.660128116608	-543
0.660278081894	-1368
0.660304069519	-1368
0.74324297905	-1368
0.805778980255	-609
0.816867113113	543
0.96244096756	1057
1.116065979	-543
1.29778599739	-543
1.36212301254	-1368
1.44364595413	-1260
1.45635390282	543
1.7962179184	-543
1.98198509216	-543
2.00329709053	1057
2.31619310379	-543
2.67966794968	-543
2.7202129364	-1368
2.76951909065	-1368
2.76964998245	-1368
2.82547903061	-667
2.82589793205	543
2.97152709961	1086
3.274091959	-543
3.36467790604	-1368
3.36474990845	-1368
3.364798069	-1368
3.40067195892	-1368
3.40073204041	-1368
3.40074706078	-1368
3.40075707436	-1368
3.40083003044	-1368
3.44870901108	-1368
3.45789408684	-1368
3.45794200897	-1368
3.46679210663	1057
3.51034808159	-1368
3.51040291786	-1368
3.51046490669	-1368
3.51053500175	-728
3.61250305176	1057
3.81073594093	-543
3.94036698341	-1368
3.98061704636	-1368
3.99389791489	-464
4.02114105225	-1368
4.0614669323	-1368
4.06153011322	-1368
4.06166696548	-1368
4.07227897644	543
4.13950705528	-298
4.21918010712	543
4.4220559597	-543
4.51652693748	-1368
4.56790804863	-1260
4.57460999489	1368
4.57465410233	1368
4.57485890388	377
5.04239106178	-543
5.0429880619	-1368
5.04305291176	-1368
5.04309010506	-1368
5.08288311958	-1368
5.08293604851	-1368
5.08302092552	-1368
5.16466498375	-1368
5.16475510597	-1368
5.16959309578	-1368
5.16966700554	-1368
5.16968798637	-1368
5.18873810768	-1368
5.18881607056	-322
5.20510911942	-1368
5.2052989006	-1368
5.20535302162	-1368
5.20538592339	-1368
5.20542693138	-1368
5.20545291901	-1368
5.20672106743	1057
5.21006393433	-1368
5.22856092453	-1368
5.22863006592	-1368
5.22866606712	-1368
5.22875595093	-1368
5.26992511749	-1368
5.26995706558	-1368
5.31039190292	-1368
5.3104569912	-1368
5.3104839325	-1368
5.31051111221	-1368
5.31517910957	-1368
5.31524705887	-1368
5.31527900696	-1368
5.31529903412	-1368
5.31534600258	-1368
5.31536412239	-1368
5.3345079422	-1368
5.33456707001	-1368
5.33459401131	-1368
5.3345990181	-1368
5.3525929451	-1368
5.35265111923	-1368
5.35267710686	-1368
5.35268306732	-1368
5.35269093513	-1368
5.35269498825	-1368
5.35270595551	-1368
5.3527109623	-1368
5.35272502899	-1368
5.35272908211	-1368
5.35276889801	-1368
5.35278105736	543
5.35278606415	-1368
5.37476301193	-1368
5.3749089241	-1368
5.37493395805	-1368
5.37495398521	-1368
5.37496209145	-1368
5.37497591972	-1368
5.3749859333	-1368
5.37500500679	-1368
5.41394305229	-1368
5.41399312019	-1368
5.41588711739	-1368
5.41593408585	-1368
5.41596508026	-1368
5.41597294807	-1368
5.45611596107	-1368
5.45624709129	-1368
5.45635199547	-1368
5.45636606216	-1368
5.45638298988	-1368
5.45639491081	-1368
5.4564139843	-1368
5.4564230442	-1368
5.45829796791	1368
5.46093702316	-1368
5.46106290817	-1368
5.46110606194	-192
5.47460699081	1368
5.47590112686	1368
5.53554201126	1239
5.63436293602	1368
5.65813493729	1368
5.67976593971	1368
5.74813294411	1181
5.79203391075	-543
5.88898897171	1368
5.94367289543	261
5.95600295067	-1368
5.95602297783	-1368
5.95604491234	-1368
5.95616602898	-1368
5.95623207092	-1368
5.9566090107	-1368
5.95663404465	-1368
5.95668101311	-1368
5.96432209015	-1368
5.96434092522	-1368
5.9644100666	-1368
5.96461510658	-1368
5.96471691132	-1368
5.96482491493	-1368
5.973995924	-214
5.99734592438	-1368
5.99736499786	-1368
5.99746704102	-1368
5.99776792526	-1368
5.99779605865	-1368
5.99782299995	-1368
5.99789309502	-1368
5.99793696404	-1368
6.00799798965	1368
6.00803112984	1368
6.03245592117	-1368
6.03266096115	-1368
6.03671908379	1368
6.03789997101	-1368
6.03797292709	-1368
6.03801298141	-1368
6.03812789917	-1368
6.03817009926	-1368
6.03836393356	-1368
6.038408041	-1368
6.03844404221	-1368
6.03848099709	-1368
6.03851890564	-1368
6.03856110573	-1368
6.05765199661	-1368
6.05769395828	-1368
6.05769991875	-1368
6.05772900581	-1368
6.05782699585	-1368
6.07840800285	-1368
6.07848000526	-1368
6.07861709595	-1368
6.07863497734	-1368
6.07866501808	1368
6.07872700691	-1368
6.07899808884	-1368
6.07907104492	-1368
6.07911109924	-1368
6.07938599586	-1368
6.07940006256	-1368
6.07941412926	-1368
6.07945990562	-1368
6.07954096794	-1368
6.07965302467	-1368
6.07974505424	-1368
6.11778092384	1368
6.11949491501	-497
6.11952400208	1131
6.22261500359	-1368
6.22268509865	-1368
6.22271490097	-1368
6.22272109985	-1368
6.22273111343	-1368
6.22273802757	-1368
6.22279596329	-1368
6.22281312943	-1368
6.22297811508	-1368
6.22314500809	-1368
6.22317790985	-1368
6.22319793701	-1368
6.26129508018	-1368
6.26558995247	-525
6.26562690735	543
6.28549098969	-1368
6.28552293777	-1368
6.28554606438	-1368
6.28555011749	-1368
6.30658698082	-1368
6.32319998741	-1368
6.32328891754	-1368
6.32336211205	-1368
6.36390805244	-1368
6.36394190788	-1368
6.36451506615	-1368
6.36509394646	-1368
6.36511397362	-1368
6.36529397964	-1368
6.36538505554	-1368
6.3654088974	-1368
6.36543607712	-1368
6.36546301842	-1368
6.36549592018	-1368
6.36553311348	-1368
6.36557793617	-1368
6.36561703682	-1368
6.36570000648	-1368
6.36591601372	-1368
6.37409710884	-1368
6.3741209507	-1368
6.37413692474	-1368
6.37436389923	1368
6.39853096008	-1368
6.39855408669	-1368
6.39857196808	-1368
6.39857506752	-1368
6.39861893654	-1368
6.39869093895	-1368
6.39890003204	-1368
6.39897489548	-1368
6.39905309677	-1368
6.40016794205	-1368
6.40018892288	-1368
6.40019392967	-1368
6.40022802353	-1368
6.40024590492	-1368
6.40033912659	-1368
6.40042209625	-1368
6.40045309067	-1368
6.40055990219	-1368
6.40058708191	-1368
6.40072011948	-1368
6.40079593658	-1368
6.40964794159	1368
6.41131210327	-57
6.41133308411	1036
6.41395306587	-1368
6.41397190094	-1368
6.41407203674	-1368
6.41412711143	-1368
6.41421103477	-1368
6.41428589821	-1368
6.41462397575	-1368
6.41463589668	-1368
6.41470503807	-1368
6.43123006821	1368
6.45603013039	-1368
6.47324299812	-1368
6.47331690788	-1368
6.47338795662	-1368
6.4894258976	-1368
6.48950910568	-1368
6.48961400986	-1368
6.49822402	1368
6.55724310875	-1163
6.55730700493	464
6.59623003006	-1368
6.59634709358	-1368
6.60679507256	-1368
6.60715889931	-1368
6.60754203796	-1368
6.60757613182	-1368
6.60820198059	-1368
6.60823702812	-1368
6.6082611084	-1368
6.60827207565	-1368
6.60828900337	-1368
6.6084010601	-1368
6.60850095749	-1368
6.60853600502	-1368
6.60856890678	-1368
6.60865402222	-1368
6.60872411728	-1368
6.60879397392	-1368
6.60882592201	-1368
6.60888409615	-1368
6.60891199112	-1368
6.609416008	1368
6.63711309433	-1368
6.63721013069	-1368
6.67976999283	-1368
6.68063211441	1368
6.7029531002	-1216
6.70300006866	493
6.72021889687	1368
6.77735900879	-1368
6.77743291855	-1368
6.77747011185	-1368
6.77747893333	-1368
6.77756690979	-1368
6.77781009674	-1368
6.77799105644	-1368
6.77802395821	-1368
6.77808904648	-1368
6.77827501297	-1368
6.77830290794	-1368
6.79293990135	-1368
6.82579708099	-1368
6.82590603828	-1368
6.82613611221	-1368
6.82616305351	-1368
6.82618403435	-1368
6.82626605034	-1368
6.82629609108	-1368
6.82635402679	-1368
6.82830190659	1368
6.83394312859	-1368
6.8341319561	-1368
6.83416509628	-1368
6.84868597984	-926
6.84872412682	1007
6.87982392311	-1368
6.889523983	-1368
6.88966012001	-1368
6.90112495422	-1368
6.90118789673	-1368
6.90119409561	-1368
6.90152096748	-1368
6.90156412125	-1368
6.90169095993	-1368
6.90187692642	-1368
6.90189409256	-1368
6.90198493004	-1368
6.93586611748	-1368
6.93592000008	-1368
6.93595790863	-1368
6.93596196175	-1368
6.98188996315	-1368
6.981965065	-1368
6.98198509216	-1368
6.9831840992	1368
6.99454808235	-715
6.99459195137	1318
7.03570890427	-1368
7.03573989868	-1368
7.09334301949	-1368
7.09337091446	-1368
7.09369707108	-1368
7.09371209145	-1368
7.09379410744	-1368
7.09385704994	-1368
7.09388709068	-1368
7.10252809525	-1368
7.10257411003	-1368
7.10258102417	-1368
7.10258698463	-1368
7.10261011124	-1368
7.10264205933	-1368
7.11606812477	-1368
7.14017701149	-77
7.140198946	543
7.15222406387	1368
7.15320897102	1368
7.15351009369	1368
7.15389800072	1368
7.16778707504	-1368
7.16790103912	-1368
7.16798210144	-1368
7.16799402237	-1368
7.16800999641	-1368
7.16801810265	-1368
7.1680290699	-1368
7.18542194366	-1368
7.18554592133	-1368
7.18556189537	-1368
7.18557810783	-1368
7.18618798256	1368
7.20383310318	-1368
7.20409703255	-1368
7.20447492599	-1368
7.20464396477	-1368
7.20471405983	-1368
7.20842003822	-1368
7.2084479332	-1368
7.20860600471	-1368
7.28582310677	-686
7.28585910797	1160
7.28821706772	-1368
7.28830003738	-1368
7.28844809532	-1368
7.28862404823	-1368
7.28903603554	-1368
7.28912401199	-1368
7.28931093216	-1368
7.2894089222	-1368
7.28959107399	-1368
7.28961706161	-1368
7.28969097137	-1368
7.28971791267	-1368
7.28974509239	-1368
7.32359290123	1368
7.32858705521	-1368
7.32860898972	-1368
7.32875490189	-1368
7.33624696732	1368
7.34818696976	1368
7.34984302521	1368
7.35202598572	1368
7.35871291161	1368
7.36368107796	-1368
7.36416697502	-1368
7.36424398422	-1368
7.36434698105	-1368
7.36487793922	-1368
7.36493492126	-1368
7.36541008949	-1368
7.36557412148	-1368
7.36562204361	-1368
7.36579203606	-1368
7.37082695961	-1368
7.40711712837	1368
7.4315071106	-225
7.43159508705	509
7.47274804115	-1368
7.47311496735	-1368
7.4731490612	-1368
7.47652006149	-1368
7.47654509544	-1368
7.47659611702	-1368
7.49564003944	-1368
7.49578690529	-1368
7.49592399597	-1368
7.49609398842	-1368
7.49614310265	-1368
7.49621605873	-1368
7.4962439537	-1368
7.49639296532	-1368
7.49641990662	-1368
7.49664092064	-1368
7.49673295021	-1368
7.49678707123	-1368
7.49705910683	-1368
7.49766111374	-1368
7.49768590927	-1368
7.49818396568	-1368
7.49822092056	-1368
7.49850392342	-1368
7.4988360405	-1368
7.49885201454	-1368
7.49893498421	-1368
7.50954508781	-1368
7.50963807106	-1368
7.50968503952	-1368
7.50988197327	1368
7.51374292374	-1368
7.51378512383	-1368
7.51382899284	-1368
7.51386094093	-1368
7.51388692856	-1368
7.5139169693	-1368
7.51395702362	-1368
7.51398301125	-1368
7.51401090622	-1368
7.51403713226	-1368
7.51412701607	-1368
7.51418495178	-1368
7.51420211792	-1368
7.51425790787	-1368
7.51430702209	-1368
7.51441693306	-1368
7.51454806328	-1368
7.52022004128	1368
7.52369499207	-1368
7.53626489639	-1368
7.53640007973	-1368
7.53642201424	-1368
7.53643894196	-1368
7.53644704819	-1368
7.53645992279	-1368
7.53648591042	-1368
7.53651595116	-1368
7.53655290604	-1368
7.53658294678	-1368
7.57723999023	-603
7.57731199265	1036
7.64317512512	-1368
7.64320993423	-1368
7.64323592186	-1368
7.64538192749	-1368
7.64542102814	-1368
7.64544010162	-1368
7.64567995071	-1368
7.64573407173	-1368
7.64575791359	-1368
7.64582395554	-1368
7.64585399628	-1368
7.64588093758	-1368
7.64605998993	-1368
7.64611005783	-1368
7.64613699913	-1368
7.64619112015	-1368
7.64623403549	-1368
7.64628911018	-1368
7.6464369297	-1368
7.64650201797	-1368
7.64652895927	-1368
7.64671301842	-1368
7.64686393738	-1368
7.64687895775	-1368
7.64729595184	-1368
7.64733195305	-1368
7.64745497704	-1368
7.64757704735	-1368
7.647605896	-1368
7.6476559639	-1368
7.64775300026	-1368
7.64788794518	-1368
7.64797592163	-1368
7.64821910858	-1368
7.64824295044	-1368
7.64831089973	1368
7.64840197563	-1368
7.66173791885	-1368
7.66189908981	-1368
7.66191506386	-1368
7.66192698479	-1368
7.67841506004	-1368
7.67858099937	-1368
7.67859506607	-1368
7.67861104012	-1368
7.67861700058	-1368
7.67862892151	-1368
7.67863607407	-1368
7.67865300179	-1368
7.67880797386	-1368
7.67884612083	-1368
7.67887401581	-1368
7.67892694473	-1368
7.67932391167	1368
7.68613910675	-1368
7.68618798256	-1368
7.68621492386	-1368
7.68622207642	-1368
7.68632292747	-1368
7.68635106087	-1368
7.68638205528	-1368
7.68640899658	-1368
7.68648290634	-1368
7.68667697906	-1368
7.68673396111	-1368
7.68680500984	-1368
7.68683004379	-1368
7.68692302704	-1368
7.68695211411	-1368
7.69677901268	1368
7.70440006256	1368
7.70661711693	1368
7.7229719162	-92
7.72300410271	161
7.72868990898	-1368
7.72877693176	-1368
7.72887396812	-1368
7.72890806198	-1368
7.72893095016	-1368
7.72895002365	-1368
7.72901201248	-1368
7.72904801369	-1368
7.72920203209	-1368
7.72931003571	-1368
7.72937107086	1368
7.72937512398	1368
7.72963500023	-1368
7.72965407372	-1368
7.72973394394	-1368
7.73001194	-1368
7.73003005981	-1368
7.73010492325	-1368
7.73013210297	-1368
7.73019099236	-1368
7.73025107384	-1368
7.73045897484	-1368
7.73048400879	-1368
7.73051905632	-1368
7.73053503036	-1368
7.73067998886	-1368
7.73071694374	-1368
7.73073601723	-1368
7.73081493378	-1368
7.73083591461	1368
7.73090100288	-1368
7.73098707199	-1368
7.73104000092	-1368
7.73112010956	-1368
7.73124194145	-1368
7.73125290871	-1368
7.73133206367	-1368
7.73136711121	-1368
7.7313849926	-1368
7.7314350605	-1368
7.73200702667	-1368
7.76130700111	-1368
7.76144099236	-1368
7.76146602631	-1368
7.76149106026	-1368
7.76152205467	-1368
7.76154708862	-1368
7.76172804832	-1368
7.76180100441	-1368
7.761936903	-1368
7.7619740963	-1368
7.7620139122	-1368
7.76210403442	-1368
7.76214909554	-1368
7.76219892502	-1368
7.76222801208	-1368
7.76226210594	-1368
7.76231408119	-1368
7.76975297928	-1368
7.76978492737	-1368
7.76981401443	-1368
7.77029204369	1368
7.78920006752	-1368
7.7892510891	-1368
7.79069590569	-1368
7.79071903229	-1368
7.79105997086	-1368
7.79109811783	-1368
7.79113602638	-1368
7.79147696495	-1368
7.79150509834	-1368
7.80598592758	-1368
7.80623912811	-1368
7.80625510216	-1368
7.80646395683	-1368
7.80649209023	-1368
7.81037092209	-1368
7.81039309502	-1368
7.81042098999	-1368
7.81226611137	-1368
7.8122959137	-1368
7.81241297722	-1368
7.81247997284	-1368
7.81255412102	-1368
7.81284093857	1368
7.81289792061	-1368
7.81291413307	-1368
7.81297206879	-1368
7.81300401688	-1368
7.8133020401	-1368
7.8133919239	-1368
7.81341791153	-1368
7.81345105171	-1368
7.81349992752	-1368
7.81353092194	-1368
7.81354999542	-1368
7.81361508369	-1368
7.82580399513	-1368
7.8285779953	-1368
7.82862591743	-1368
7.85098409653	-1368
7.85102796555	-1368
7.8512339592	-1368
7.86494898796	1368
7.86900806427	-1042
7.86907410622	393
7.87454009056	1368
7.91837310791	-1368
7.91843104362	-1368
7.91861200333	-1368
7.99293708801	-1368
7.99906396866	-1368
7.99938392639	-1368
7.99948501587	-1368
8.00134801865	-1368
8.00139403343	-1368
8.00142002106	-1368
8.00144791603	-1368
8.00331401825	1368
8.01550292969	-293
8.01556992531	464
8.02302312851	-1368
8.02348303795	1368
8.02814602852	-1368
8.02854704857	-1368
8.02859997749	-1368
8.0287399292	-1368
8.03442001343	-1368
8.03949308395	-1368
8.03957605362	-1368
8.04225111008	-1368
8.04233002663	-1368
8.04234194756	-1368
8.04235601425	-1368
8.04236102104	-1368
8.04249405861	-1368
8.04792404175	-1368
8.04797005653	-1368
8.04807710648	-1368
8.06469607353	-1368
8.07416701317	1368
8.07418203354	1368
8.07982492447	-1368
8.07991600037	-1368
8.08004307747	-1368
8.12835693359	-1368
8.12838292122	-1368
8.12840390205	-1368
8.12843799591	-1368
8.12851500511	-1368
8.12857413292	-1368
8.13146495819	-1368
8.13153791428	-1368
8.13156890869	-1368
8.13160204887	-1368
8.13175296783	-1368
8.13184094429	-1368
8.13189411163	-1368
8.13193106651	-1368
8.13203501701	-1368
8.13205504417	-1368
8.13207912445	-1368
8.13227701187	-1368
8.13238310814	-1368
8.13241195679	-1368
8.13251399994	-1368
8.13266301155	-1368
8.13269710541	-1368
8.13271594048	-1368
8.13276910782	-1368
8.13284802437	-1368
8.13392400742	1368
8.13769507408	-1368
8.13774394989	-1368
8.13777399063	-1368
8.13790512085	-1368
8.13799190521	-1368
8.15590691566	1368
8.15984392166	-1368
8.1611931324	-877
8.16121912003	103
8.19524407387	-1368
8.1953690052	-1368
8.19543790817	-1368
8.19545292854	-1368
8.19554805756	-1368
8.21002197266	-1368
8.2102599144	-1368
8.21082496643	1368
8.23069500923	-1368
8.23815107346	1368
8.23926997185	1368
8.26279091835	-1368
8.26281309128	-1368
8.26283311844	-1368
8.26297497749	-1368
8.26300907135	-1368
8.26302790642	-1368
8.27115297318	-1368
8.27120709419	-1368
8.27128505707	-1368
8.29452896118	-1368
8.29463100433	-1368
8.30670499802	-201
8.30672001839	696
8.3937189579	-1368
8.39375090599	-1368
8.39376997948	-1368
8.39380311966	-1368
8.39384412766	-1368
8.39387702942	-1368
8.41656494141	-1368
8.41659092903	-1368
8.41675591469	-1368
8.45231103897	-227
8.4573340416	-1368
8.45741701126	-1368
8.46071505547	-1368
8.46131110191	-1368
8.46211290359	-1368
8.4621629715	-1368
8.46559309959	-1368
8.46567106247	-1368
8.46570801735	-1368
8.46574211121	-1368
8.46581101418	-1368
8.46668291092	-1368
8.46674203873	-1368
8.46688294411	-1368
8.46708297729	-1368
8.46719694138	-1368
8.46723103523	-1368
8.46725296974	543
8.46726202965	-1368
8.46729803085	-1368
8.46731495857	-1368
8.46735191345	-1368
8.46738290787	-1368
8.46741199493	-1368
8.4674448967	-1368
8.46752309799	-1368
8.49775600433	-1368
8.49777698517	-1368
8.49779510498	-1368
8.497838974	-1368
8.53811812401	-1368
8.53814792633	-1368
8.57371997833	-1368
8.57374000549	-1368
8.59788203239	-842
8.61445713043	-1368
8.61447906494	1086
8.6144900322	-1368
8.65986609459	-1368
8.65988898277	-1368
8.66010499001	-1368
8.66136097908	-1368
8.66166996956	1368
8.76006913185	-1368
8.76013994217	-1368
8.76019406319	-1368
8.760201931	-372
8.76021289825	1318
8.78041291237	-1368
8.78043794632	-1368
8.78484606743	-1368
8.86662602425	-1368
8.90611100197	-899
8.90616512299	1086
9.02526807785	-1368
9.05196404457	-232
9.06586098671	-1368
9.10971593857	-1368
9.10979294777	-1368
9.19306206703	-1368
9.19312405586	-1368
9.19316196442	-1368
9.1976249218	-762
9.19817209244	543
9.22618293762	-1368
9.22623705864	-1368
9.23024106026	-1368
9.23331594467	-1368
9.2333741188	-1368
9.34323000908	-559
9.3620159626	-1368
9.36207294464	543
9.36438894272	-1368
9.3646440506	-1368
9.36500597	-1368
9.37872099876	-1368
9.38235998154	1368
9.45639896393	-1368
9.46529102325	-1368
9.4847009182	-1368
9.48938989639	-1284
9.49716901779	-1368
9.52844595909	804
9.55804109573	-1368
9.55961894989	1368
9.63499999046	-435
9.70556211472	261
9.80942392349	-1368
9.80948495865	-1368
9.80952596664	-1368
9.81779503822	-95
9.8886089325	-1368
9.8887181282	-1368
9.88878011703	-1368
9.88879203796	-1368
9.88944506645	-1368
9.88951802254	-1368
9.88955497742	-1368
9.8895740509	-1368
9.88959813118	-1368
9.8898999691	-1368
9.88996696472	-1368
9.8900179863	-1368
9.89013791084	-1368
9.89068102837	-1368
9.89103507996	-1368
9.89109611511	-1368
9.89116501808	-1368
9.89130091667	-1368
9.8925139904	543
9.90797901154	1368
9.91388106346	-1368
9.9315290451	-1368
9.9565820694	-1368
9.95683503151	-1368
9.95718193054	-1368
9.95721697807	-1368
9.95732307434	-1368
9.95743012428	-1368
9.95751309395	-1368
9.95762109756	-1368
9.95769500732	-1368
9.95771598816	-1368
9.95776891708	-1368
9.95784091949	-1368
9.957873106	-1368
9.95796704292	-1368
9.95805597305	-1368
9.95808196068	-1368
9.9581360817	-1368
9.95822691917	-1368
9.9582490921	-1368
9.95830512047	-1368
9.9583261013	-1368
9.95835089684	-1368
9.95896911621	-1368
9.95931696892	-1368
9.95941996574	-1368
9.95947504044	-1368
9.95977497101	-1368
9.95982098579	-1368
9.95998096466	-1368
9.96006298065	-1368
9.96020507812	-1368
9.96027398109	-1368
9.96034812927	-1368
9.96057009697	-1368
9.96059608459	-1368
9.96076798439	-1368
9.96079707146	-1368
9.96084809303	-1368
9.96093010902	-1368
9.96095395088	-1368
9.96137905121	-1368
9.9621989727	-1368
9.96240592003	-1368
9.96245312691	-1368
9.96270012856	-1368
9.96271705627	1368
9.96282291412	-1368
9.96338891983	-1062
9.97212290764	-1368
9.97221899033	-1368
9.97223997116	-1368
9.97226691246	-1368
9.97232198715	-1368
9.97235012054	-1368
9.97237610817	-1368
9.97240209579	-1368
9.97247695923	-1368
9.97251391411	-1368
9.97253203392	-1368
9.97264194489	-1368
9.97268795967	-1368
9.97289609909	-1368
9.97317290306	-1368
9.97320795059	-1368
9.97330594063	-1368
9.97446703911	1368
9.97998309135	-1368
9.9800350666	-1368
9.98024392128	-1368
9.98025989532	-1368
9.98052406311	-1368
9.9986269474	-1368
9.99869990349	-1368
9.99871897697	-1368
9.99890208244	-1368
9.99895095825	-1368
9.99898409843	-1368
9.99903512001	-1368
9.99907612801	-1368
9.99913406372	-1368
9.99914908409	-1368
9.99919509888	-1368
9.99921607971	-1368
9.99922800064	-1368
9.99927592278	-1368
9.99935102463	-1368
9.99937009811	-1368
9.99945092201	-1368
9.99954295158	-1368
9.99974012375	1368
10.0399971008	-1368
10.0400700569	472
10.0400891304	-1368
10.0400989056	-1368
10.0401220322	-1368
10.0401279926	-1368
10.0401399136	-1368
10.0401461124	-1368
10.0401759148	-1368
10.0402860641	-1368
10.0403149128	-1368
10.0404419899	-1368
10.0406279564	-1368
10.0410430431	-1368
10.0412380695	-1368
10.0415389538	-1368
10.0418400764	-1368
10.0420980453	-1368
10.0422210693	-1368
10.0424621105	-1368
10.0427570343	-1368
10.0429000854	-1368
10.0432300568	-1368
10.0432810783	-1368
10.0433120728	-1368
10.0433449745	-1368
10.0437619686	-1368
10.0441730022	-1368
10.044285059	-1368
10.0444469452	-1368
10.0446000099	-1368
10.0447061062	-1368
10.0447258949	-1368
10.0447618961	1368
10.0449259281	-1368
10.0449619293	-1368
10.0451300144	-1368
10.0451700687	-1368
10.0452640057	-1368
10.0452969074	-1368
10.0453901291	-1368
10.0454139709	-1368
10.0455169678	-1368
10.0455470085	-1368
10.0455989838	-1368
10.0456540585	-1368
10.0457310677	-1368
10.0457530022	-1368
10.0457799435	-1368
10.0459480286	-1368
10.0459709167	-1368
10.0460009575	-1368
10.0460560322	-1368
10.0463049412	-1368
10.046407938	-1368
10.0465660095	-1368
10.0467591286	-1368
10.0468709469	-1368
10.0469200611	-1368
10.052904129	-1368
10.0530500412	-1368
10.0530769825	-1368
10.0530979633	-1368
10.0531101227	-1368
10.0531299114	-1368
10.0531749725	-1368
10.0532650948	-1368
10.0532851219	-1368
10.0534100533	-1368
10.0535409451	-1368
10.0535950661	-1368
10.0536510944	-1368
10.0536909103	-1368
10.0536990166	-1368
10.0538849831	-1368
10.0539729595	-1368
10.0552530289	1368
10.0644259453	-1368
10.0644490719	-1368
10.0644779205	-1368
10.0645079613	-1368
10.0646018982	-1368
10.0646319389	-1368
10.0647759438	-1368
10.0648810863	-1368
10.0649089813	-1368
10.0802080631	-1368
10.0802910328	-1368
10.0803239346	-1368
10.0803570747	-1368
10.0803930759	-1368
10.0804519653	-1368
10.0848760605	-1368
10.0849170685	-1368
10.0849261284	-1368
10.0849380493	-1368
10.0851409435	-1368
10.0851778984	-1368
10.0852770805	-1368
10.0853121281	-1368
10.085351944	-1368
10.0853700638	-1368
10.0854249001	-1368
10.0855610371	-1368
10.0856370926	-1368
10.0856750011	-1368
10.0857739449	-1368
10.0860040188	1368
10.11769104	-1186
10.124557972	-1368
10.1246950626	-1368
10.1247389317	-1368
10.124915123	-1368
10.1249439716	-1368
10.1250419617	-1368
10.1250789165	-1368
10.125207901	-1368
10.1252360344	-1368
10.1253149509	-1368
10.12550807	-1368
10.1256248951	-1368
10.1256709099	-1368
10.1258659363	-1368
10.1260631084	-1368
10.1260979176	-1368
10.1263298988	-1368
10.1265029907	-1368
10.1266961098	-1368
10.1269259453	-1368
10.1270310879	-1368
10.1270561218	-1368
10.1770589352	-1368
10.1771929264	-1368
10.1772561073	-1368
10.1905229092	1326
10.2211489677	-1368
10.221198082	-1368
10.2703170776	-710
10.3695340157	-1368
10.4231660366	-1368
10.4232230186	-1368
10.423279047	-1368
10.4232969284	-1368
10.4233191013	-1368
10.4234600067	-1368
10.4235510826	-1368
10.4236240387	-1368
10.4248161316	543
10.4470639229	-1368
10.4470911026	-1368
10.4471209049	-1368
10.4471650124	-1368
10.4536390305	-496
10.4629969597	-1368
10.6085739136	-775
10.6086831093	543
10.6166050434	-1368
10.6166439056	-1368
10.661411047	-1368
10.7544679642	-1152
10.7589159012	543
10.8238139153	-1368
10.9005141258	-746
10.9356079102	1368
10.9552481174	1289
11.0461740494	-1086
11.0565009117	1368
11.1010460854	261
11.2024190426	-543
11.3214230537	-1368
11.3215250969	-1368
11.3216059208	-1368
11.3223640919	-1368
11.3224840164	-1368
11.3225851059	-1368
11.322617054	-1368
11.3226249218	-1368
11.3226630688	-1368
11.3226819038	-1368
11.3227190971	-1368
11.3227410316	-1368
11.3227930069	-1368
11.3229761124	-1368
11.3230109215	-1368
11.3230960369	-1368
11.3259739876	543
11.3647840023	-1368
11.3779981136	-1368
11.3780751228	-1368
11.3858759403	-230
11.4029150009	-1368
11.423995018	-1368
11.4240789413	-1368
11.424186945	-1368
11.4245629311	-1368
11.4245800972	-1368
11.4246139526	-1368
11.4246411324	-1368
11.4246571064	-1368
11.4246919155	-1368
11.4247920513	-1368
11.4248199463	-1368
11.4248719215	-1368
11.4248969555	-1368
11.4249551296	-1368
11.425014019	-1368
11.4299819469	-1368
11.4300260544	-1368
11.4300589561	-1368
11.4300680161	-1368
11.4301960468	-1368
11.4302330017	-1368
11.4303760529	-1368
11.4309270382	-1368
11.4309659004	-1368
11.4310350418	1368
11.4311020374	-1368
11.4424250126	-1368
11.4424889088	-1368
11.4427640438	-1368
11.4429299831	-1368
11.4545340538	-1368
11.4545891285	-1368
11.4547450542	-1368
11.4547810555	-1368
11.4718499184	261
11.4833350182	-1368
11.4833819866	-1368
11.4835379124	-1368
11.4934449196	-1368
11.4935851097	-1368
11.4936060905	-1368
11.5314199924	-120
11.6174869537	543
11.7299520969	-543
11.7631900311	543
11.8372421265	-1368
11.83730793	-1368
11.8757750988	-406
11.9961760044	-1368
12.0739629269	-261
12.0903470516	543
12.176705122	-1368
12.1768100262	-1368
12.1768651009	-1368
12.1768949032	-1368
12.1770529747	-1368
12.177380085	-1368
12.1774060726	-1368
12.1774959564	-1368
12.1775329113	-1368
12.1970849037	-1368
12.1971859932	-1368
12.1972100735	-1368
12.1972670555	-1368
12.1972920895	-1368
12.1973800659	-1368
12.1976060867	1368
12.2170500755	-1368
12.2171459198	-1368
12.217206955	-1368
12.2196519375	-483
12.2599759102	-1368
12.2600591183	1347
12.2600700855	-1368
12.2601270676	-1368
12.3655440807	-1152
12.5034739971	543
12.5415561199	-1368
12.549849987	-1260
12.6490190029	543
12.6955919266	-543
12.8391139507	-1368
12.8391699791	-1368
12.8392119408	-1368
12.8392400742	-1368
12.8394811153	-1368
12.8396151066	-1368
12.8397040367	-1368
12.8398480415	-1368
12.8399269581	-1368
12.8400061131	-1368
12.8402750492	-1368
12.8403229713	-1368
12.8404541016	-1368
12.8406441212	-1368
12.8406770229	-1368
12.8410489559	-1368
12.8412320614	-1368
12.8413090706	543
12.8414320946	-1368
12.8414740562	-1368
12.8415119648	-56
12.841727972	-1368
12.8780949116	-1368
12.8782000542	-1368
12.9610841274	-1368
12.9611430168	-1368
12.9611899853	-1368
12.9874019623	-1189
12.987459898	543
13.0885090828	-1368
13.0886161327	-1368
13.0887680054	-1368
13.1332290173	-609
13.1332709789	543
13.2788870335	-543
13.2789459229	1086
13.3714029789	-1368
13.3714900017	-1368
13.411796093	-1368
13.4245929718	-1368
13.4246659279	-1368
13.4246768951	-559
13.4247961044	-1368
13.4250171185	-1368
13.4252460003	-1368
13.425260067	-1368
13.4253849983	-1368
13.4255619049	-1368
13.4255959988	-1368
13.4257180691	-1368
13.4257640839	-1368
13.425786972	-1368
13.4266519547	543
13.4277820587	-1368
13.4278109074	-1368
13.4278299809	-1368
13.4278700352	-1368
13.4398341179	-1368
13.4398739338	-1368
13.439923048	-1368
13.4405601025	-1368
13.4405970573	-1368
13.4406321049	-1368
13.4406869411	-1368
13.4407811165	-1368
13.4428761005	1368
13.4428899288	-1368
13.4429359436	-1368
13.4432730675	-1368
13.4433341026	-1368
13.4434809685	-1368
13.4435141087	-1368
13.4435799122	-1368
13.455135107	-1368
13.4552440643	-1368
13.4552569389	-1368
13.4552760124	-1368
13.4552819729	-1368
13.4552879333	-1368
13.4552919865	-1368
13.455302	-1368
13.4553411007	-1368
13.4554450512	-1368
13.4554860592	-1368
13.4555549622	-1368
13.455673933	-1368
13.4557030201	-1368
13.4557790756	-1368
13.4558110237	-1368
13.4558649063	-1368
13.4558830261	-1368
13.4566400051	1368
13.4664099216	-1368
13.4665029049	-1368
13.4665510654	-1368
13.4665601254	-1368
13.4665679932	-1368
13.4666149616	-1368
13.4666469097	-1368
13.5067610741	-1368
13.5068080425	-1368
13.5069150925	-1368
13.5088710785	-1368
13.5088949203	-1368
13.5089240074	-1368
13.5089519024	-1368
13.5090420246	-1368
13.5090799332	-1368
13.5091850758	-1368
13.5093739033	1368
13.509540081	-1368
13.5095701218	-1368
13.5096979141	-1368
13.5097270012	-1368
13.50978899	-1368
13.5098071098	-1368
13.5098400116	-1368
13.5098910332	-1368
13.509953022	-1368
13.5100669861	-1368
13.5101599693	-1368
13.5102000237	-1368
13.5102260113	-1368
13.5102450848	-1368
13.5102729797	-1368
13.5103080273	-1368
13.5103280544	-1368
13.5104470253	-1368
13.5104870796	-1368
13.5106420517	-1368
13.510668993	-1368
13.5107729435	-1368
13.5109379292	-1368
13.5110299587	-1368
13.5110960007	-1368
13.5111200809	-1368
13.5111379623	-1368
13.5234029293	-1368
13.5235481262	-1368
13.5235691071	-1368
13.5349059105	-1368
13.5349349976	-1368
13.5349550247	-1368
13.534965992	-1368
13.5349941254	-1368
13.535022974	-1368
13.5351190567	-1368
13.5351428986	-1368
13.5351700783	-1368
13.5352509022	-1368
13.5352759361	-1368
13.5353031158	-1368
13.5353960991	-1368
13.5354249477	-1368
13.5359010696	1368
13.5485270023	-1368
13.5486841202	-1368
13.5487110615	-1368
13.5487539768	-1368
13.5487849712	-1368
13.5700919628	-83
13.5886070728	472
13.6920790672	-1368
13.715845108	-1260
13.7793009281	1057
13.8614239693	-543
14.0074341297	1057
14.15102911	-543
14.3682289124	-543
14.5645160675	-1368
14.5938510895	-775
14.7397429943	-1086
14.7650089264	1057
15.0079131126	1057
15.1254560947	-543
16.1922039986	-543
16.1922960281	-1368
16.1923139095	-1368
16.2753961086	-1368
16.3378119469	-609
16.3475739956	543
16.4932861328	543
16.720345974	-543
16.8381080627	-1368
16.8385128975	-1368
16.8385441303	-1368
16.8390851021	-1368
16.8391399384	-1368
16.8391571045	-1368
16.8446900845	1057
16.8784570694	-1368
16.878508091	-1368
16.8785860538	-1368
16.9058010578	-256
16.9213418961	-1368
16.9216859341	-1368
16.9217689037	-1368
16.9218020439	-1368
16.9218249321	-1368
16.9219059944	-1368
16.9219341278	-1368
16.9220559597	-1368
16.9619479179	-1368
16.9620049	-1368
16.962059021	-1368
16.9620699883	-1368
16.9620919228	-1368
16.9841449261	-1368
16.9842269421	-1368
16.9842939377	-1368
16.9843571186	-1368
17.002589941	-1368
17.0026431084	543
17.0026750565	-1368
17.0026860237	-1368
17.0046770573	-1368
17.0047709942	-1368
17.0048649311	-1368
17.0050339699	-1368
17.0051651001	-1368
17.0240740776	-1368
17.0241420269	-1368
17.0241699219	-1368
17.0241858959	-1368
17.0515539646	-1368
17.0516130924	-979
17.2340741158	-543
17.3819749355	543
17.6682779789	-543
17.6683530807	-1368
17.6683750153	-1368
17.6687231064	-1368
17.6687560081	-1368
17.6688320637	-1368
17.7094039917	-1368
17.7095499039	-1368
17.7095789909	-1368
17.7095959187	-1368
17.709624052	-1368
17.7096409798	-1368
17.7096579075	-1368
17.7096719742	-1368
17.7097480297	-1368
17.7098679543	-1368
17.7112541199	543
17.7516999245	-1368
17.7517580986	-1368
17.7517960072	-1368
17.7518060207	-1368
17.7518229485	-1368
17.7519369125	-1368
17.751955986	-1368
17.7519600391	-1368
17.7520129681	-1368
17.7520229816	-1368
17.7521009445	-1368
17.7921459675	-1368
17.7922589779	-1368
17.7924559116	-1368
17.7924830914	-1368
17.8139760494	-1368
17.8140029907	-1368
17.8140211105	-1368
17.8140361309	-1368
17.8141341209	-1368
17.8141601086	-1368
17.8143370152	-1368
17.8143639565	-1368
17.8144659996	-1368
17.8145201206	-1368
17.8145940304	-1368
17.8146190643	-1368
17.8551969528	-1368
17.855287075	-1368
17.85531497	-1368
17.8553619385	-1368
17.8554339409	-1368
17.8554708958	-1368
17.8554880619	-1368
17.8555381298	-1368
17.8555641174	-1368
17.8555920124	-1368
17.8556149006	1368
17.8556449413	-1368
17.8556809425	-1368
17.8556990623	-1368
17.8557329178	-1368
17.8557710648	-1368
17.8558521271	-1368
17.8558681011	-1368
17.855962038	-1368
17.8560318947	-1368
17.8561959267	-1368
17.8953080177	804
17.8973150253	-1368
17.8973801136	-1368
17.8974359035	-1368
17.8974421024	-1368
17.897454977	-1368
17.8974590302	-1368
17.8974859715	-1368
17.8975610733	-1368
17.8976140022	-1368
17.8976380825	-1368
17.8976759911	-1368
17.8976929188	-1368
17.8977949619	-1368
17.8978209496	-1368
17.8978939056	-1368
17.8979279995	-1368
17.8979489803	-1368
17.8979680538	-1368
17.8980250359	-1368
17.8980839252	-1368
17.933852911	-1368
17.9338970184	-1368
17.937928915	-1368
17.9379611015	-1368
17.9379811287	-1368
17.9379849434	-1368
17.938174963	-1368
17.9382309914	-1368
17.9383199215	-1368
17.9384019375	-1368
17.9384241104	1368
17.9597640038	-1368
17.9598278999	-1368
17.9598670006	-1368
17.9598701	-1368
17.9598779678	-1368
17.959882021	-1368
17.9598889351	-1368
17.9598920345	-1368
17.959897995	-1368
17.9599010944	-1368
17.9599070549	-1368
17.9599299431	-1368
17.9600110054	-1368
17.9600329399	-1368
17.960062027	-1368
17.9600651264	-1368
17.9600698948	-1368
17.9601240158	-1368
17.9603190422	-1368
17.9603879452	-1368
17.9604239464	-1368
17.9604599476	-1368
17.9605379105	-1368
17.9606070518	-1368
18.0010011196	-207
18.0410220623	804
21.2657530308	-543
21.6624560356	-543
21.9263339043	-543
21.9410541058	543
21.9411180019	543
21.9411480427	543
22.3835380077	543
22.6878190041	-543
22.687953949	-1368
22.6879858971	-1368
22.6880578995	-1368
22.7281870842	-1368
22.7282679081	-1368
22.7282869816	-1368
22.7722549438	-1368
22.7723660469	-1368
22.7727739811	-1368
22.7729079723	543
22.8336961269	-1368
22.8337979317	-1368
22.8338649273	-1368
22.8339118958	-1368
22.8339300156	-1368
22.8339409828	-1368
22.8340349197	-1368
22.8340759277	-1368
22.8739180565	-1368
22.8739440441	-1368
22.8739640713	-1368
22.8740429878	-1368
22.8740720749	-1368
22.8741009235	-1368
22.9180679321	-1368
22.9181540012	-1368
22.9182350636	-1368
22.9183011055	-1368
22.9184839725	-1368
22.9185941219	-1368
22.9187510014	543
22.932541132	1368
22.9379599094	1368
22.9796741009	-1368
22.9797301292	-1368
22.9797830582	-1368
22.9797940254	-1368
22.9798219204	-1368
22.9798281193	-1368
22.9798409939	-1368
22.9798460007	-1368
22.9798591137	-1368
22.9798641205	-1368
22.9799261093	-1368
22.9799380302	-1368
22.9799609184	-1368
22.9800069332	-1368
22.9800291061	-1368
22.9800519943	-1368
23.0195269585	-1368
23.0195710659	-1368
23.0196120739	-1368
23.0196170807	-1368
23.0196969509	-1368
23.0197269917	-1368
23.0197529793	-1368
23.0197780132	-1368
23.0197949409	-1368
23.0198249817	-1368
23.0198550224	-1368
23.019908905	-1368
23.0200080872	1368
23.0642111301	-1368
23.0643150806	-1368
23.0643620491	-1368
23.0643730164	-1368
23.0643849373	-1368
23.0643930435	-1368
23.0644049644	-1368
23.0644159317	-1368
23.064426899	-1368
23.0644710064	-1368
23.0645189285	-1368
23.064538002	-1368
23.0782239437	1297
23.1254029274	-1368
23.1254749298	-1368
23.1255300045	-1368
23.1255431175	-1368
23.1255550385	-1368
23.1255600452	-1368
23.1255960464	-1368
23.1256101131	-1368
23.1256389618	-1368
23.1256859303	-1368
23.125729084	-1368
23.1257810593	-1368
23.1258001328	-1368
23.1258349419	-1368
23.1258590221	-1368
23.1258780956	-1368
23.1259229183	-1368
23.1259510517	-1368
23.1259839535	-1368
23.1260039806	-1368
23.1260449886	-1368
23.1260809898	-1368
23.1261200905	-1368
23.1261339188	-1368
23.12616992	-1368
23.1261889935	-1368
23.1262259483	-1368
23.1262450218	-1368
23.1263589859	-1368
23.1263740063	-1368
23.1264300346	-1368
23.126447916	-1368
23.1651890278	-1368
23.1652328968	-1368
23.1652579308	-1368
23.1652679443	-1368
23.1652770042	-1290
23.1659150124	1368
23.2239999771	261
23.6132769585	-543
23.7978351116	-1086
26.9412469864	543
27.097233057	-543
27.3803939819	543
27.6687059402	-543
27.6688539982	-1368
27.6689081192	-1368
27.6692481041	-1368
27.6693041325	-1368
27.6695570946	-1368
27.7094140053	-1368
27.7095401287	-1368
27.7096009254	-1368
27.751994133	-1368
27.8144500256	-1368
27.8146009445	-1368
27.814620018	-1368
27.814633131	-1368
27.8146409988	-1368
27.8146529198	-1368
27.8148460388	-1368
27.8149659634	-1368
27.8150920868	-1368
27.8151071072	-1368
27.8151700497	-1368
27.8152251244	-1368
27.816229105	1057
27.8552880287	-1368
27.8553540707	-1368
27.8553910255	-1368
27.8554010391	-1368
27.8554120064	-1368
27.8554201126	-1368
27.8976011276	-1368
27.8977179527	-1368
27.9603259563	-1368
27.9603910446	-1368
27.9604279995	-1368
27.9604380131	-1368
27.9604561329	-1368
27.9604649544	-1368
27.9604790211	-1368
27.9605169296	-1368
27.9605400562	-1368
27.9605600834	-1368
27.9605879784	-1368
27.9606239796	-1368
27.9606490135	-1368
27.9606668949	-1368
27.9607229233	-1368
27.9607470036	-1368
27.9607999325	-1368
27.9608271122	-1368
27.9608979225	-1368
27.9609460831	-1368
27.9610140324	-1368
27.9610359669	-1368
27.9610619545	-1368
27.9610819817	-1368
27.9620850086	543
28.0009980202	-1368
28.0010390282	-1368
28.0010659695	-1368
28.0010919571	-1368
28.0011188984	-1368
28.0011479855	-1368
28.0011639595	-1368
28.0011940002	-1368
28.0012319088	-1368
28.0012531281	-1368
28.001333952	-1368
28.0013899803	-1368
28.0433659554	-1368
28.0434648991	-1368
28.0435581207	-1368
28.0435779095	-1368
28.1061720848	-1368
28.1062319279	-1368
28.1062779427	-1368
28.1062870026	-1368
28.1063029766	-1368
28.1063289642	-1368
28.1063499451	-1368
28.1063809395	-1368
28.1064059734	-1368
28.1064419746	-1368
28.1064670086	-1368
28.1064939499	-1368
28.1065280437	-1368
28.1065950394	-1368
28.1066200733	-936
28.1073970795	1368
28.1078059673	261
29.1337881088	-543
33.3632509708	-543
34.9408740997	543
38.9415440559	543
49.2241809368	-543
49.2253360748	543
49.3710820675	-543
50.3375611305	-543
50.3386518955	543
50.4833259583	-543
50.8237359524	-543
50.8248050213	543
50.9693140984	-543
51.9129030704	-543
51.9137880802	543
52.058396101	-543
54.5667541027	-543
54.5685629845	543
54.7123420238	-1086
54.8980770111	-1086
59.69252491	-543
71.4003911018	-543
78.9409980774	543
87.9407889843	543
88.4666099548	-543
90.6785418987	-543
91.795265913	-543
91.796462059	543
91.9408619404	-543
92.9414079189	543
92.9414830208	543
94.1051280499	-543
95.7353889942	-543
97.2927520275	-543
97.2945520878	543
97.4384469986	-543
97.9410851002	543
97.9945540428	-543
97.9957039356	543
98.1400489807	-543
