0	543
0.0223090648651	543
0.240696191788	-543
0.425486087799	-1057
0.438180208206	1057
2.05306220055	-543
16.4618020058	543
16.7342040539	-543
32.3710961342	-543
32.4225161076	-1420
32.4225871563	-1420
32.4226419926	-1300
32.4250020981	543
32.4328801632	543
32.4331490993	543
32.4333851337	543
32.5105051994	-30
32.5206141472	543
32.6903240681	-543
32.956084013	-543
33.1176781654	-543
33.3421161175	-543
33.4662230015	-1420
33.4662971497	-1420
33.4663450718	-1300
33.4815211296	-30
33.6211810112	-1086
33.6234321594	543
33.624022007	543
41.0361661911	-543
41.3124260902	-543
41.4519610405	-1057
41.4825050831	543
42.4619390965	543
43.9646780491	-543
47.4783661366	-543
53.7741930485	-543
53.9537811279	-1057
54.0207672119	1057
54.4729990959	-543
54.6307380199	-1420
54.630808115	-1420
54.6308481693	-787
54.6335651875	543
54.650796175	543
54.6511352062	543
54.6513721943	543
54.7653830051	-543
54.7738451958	543
55.091709137	-543
55.2540910244	-543
55.3846161366	-1057
55.5225419998	-1420
55.5226111412	-1420
55.5226511955	-787
55.6408190727	-543
55.642802	543
55.6429810524	543
55.7590022087	-543
56.0868580341	-543
56.2851140499	-1057
56.4943652153	-543
56.5075790882	543
59.3900191784	1057
65.4613611698	543
72.4621059895	543
72.7809619904	-543
81.072204113	-543
86.462179184	543
88.2587380409	-543
88.3147881031	-565
88.4621970654	543
88.4623122215	543
88.4624490738	543
88.4625070095	543
89.3668551445	-543
89.5358099937	-543
89.6756131649	-1057
89.7593500614	-543
89.8151631355	-543
89.8205451965	543
90.0741260052	-543
90.3031580448	-1057
90.3086221218	-1420
90.308658123	-1340
90.3248710632	-1380
90.324917078	-1420
90.3249371052	-1340
90.4212851524	-383
90.4728031158	-1380
90.4728581905	-1380
90.4770030975	-1380
90.4820251465	-1420
90.4820940495	-1340
90.487208128	-1420
90.487251997	-1340
90.4874231815	543
90.4898622036	-1420
90.4898691177	-1340
90.4930071831	-1420
90.4930160046	-1340
90.4930901527	-1380
90.493170023	543
90.4963331223	-1420
90.4963390827	-1340
90.4969890118	1057
90.5025260448	1057
90.504997015	-1380
90.53987813	-1420
90.5399281979	-757
90.591094017	-1420
90.5911099911	-1340
90.6165602207	-1420
90.6165721416	-1340
90.6223711967	-1380
90.6225881577	-1380
90.6461851597	-1420
90.6462001801	-1420
90.6462640762	-1300
90.6501610279	-1420
90.6501669884	-1340
90.6541612148	-1420
90.6541650295	-1340
90.6580681801	-738
90.6583051682	543
90.6586010456	-1420
90.6586060524	-1340
90.7462940216	-1380
90.7768280506	-1058
91.1107661724	-1057
91.1307330132	-1380
91.1321110725	-1380
91.2289412022	-867
91.2803211212	-1420
91.280408144	-1340
91.2805981636	-1380
91.2912940979	543
91.3471810818	-544
91.3473381996	543
91.5055391788	-1057
91.5147371292	543
91.7502660751	-543
92.0935320854	1057
92.1512970924	-543
92.2112011909	1057
92.2314960957	1057
92.3046460152	543
92.3069391251	1057
92.5567641258	-543
92.6848611832	-1420
92.6849272251	-1420
92.6849751472	-273
92.8172080517	-1420
92.8172831535	-151
92.8286170959	543
92.8304541111	543
92.8312001228	543
92.8851220608	-1420
92.8851370811	-1420
92.8851931095	-1300
92.8909811974	-1380
92.8976221085	543
92.9028980732	543
92.9031350613	543
92.9355862141	-250
92.9502379894	-1420
92.9502980709	-1340
93.0492432117	-1380
93.0655140877	-544
93.0803010464	543
93.0808720589	543
93.0811021328	543
93.183989048	-1057
93.1899180412	543
93.230836153	-1380
93.3085842133	-220
93.4622139931	565
93.4623200893	543
93.4663181305	-543
93.5539901257	-1380
93.5844061375	-220
93.6101372242	1057
93.6885499954	-1380
93.7026021481	-734
93.7501130104	1460
93.7502040863	625
93.8220071793	-543
93.9614720345	-1380
93.9853510857	-220
94.0002930164	1057
94.1036710739	-1057
94.2658550739	-1420
94.2658720016	-665
94.3206059933	-1380
94.3217301369	-1420
94.3217360973	-1340
94.3839571476	-544
94.4021391869	-1420
94.4021551609	-1340
94.4942851067	-1420
94.4943032265	-1340
94.4961361885	-1420
94.496142149	-1420
94.4961681366	-1300
94.498388052	-1420
94.4983940125	-1340
94.5003190041	-1380
94.5021409988	-223
94.5086810589	-1420
94.5086910725	-1340
94.5098810196	-1380
94.5115790367	-1420
94.5115849972	-1340
94.5389831066	-1420
94.5389990807	-1340
94.5394570827	543
94.6205031872	-1250
94.6729991436	-1380
94.6730821133	-1380
94.675396204	-1380
94.6755011082	543
94.7863640785	-30
94.7869000435	1057
94.7873060703	1057
95.2992551327	-1420
95.2992751598	-1420
95.299336195	-787
95.3009049892	-1420
95.300932169	-1340
95.3037621975	-1380
95.3053131104	-1420
95.3053200245	-1340
95.3073642254	-1380
95.3102791309	-1380
95.3104140759	-1380
95.3125531673	-1380
95.4191710949	-633
95.4318311214	-1380
95.4318830967	-1380
95.489303112	-1420
95.4893701077	-1340
95.4941811562	-1380
95.5021262169	-1420
95.5021831989	-1340
95.5500340462	-1250
95.5708560944	543
95.6682631969	-1057
95.6712741852	543
96.0389001369	-1057
96.0399491787	543
96.0407919884	1057
96.0473680496	1057
96.0476851463	543
96.1925690174	1057
96.2061421871	-543
96.5093061924	-1057
96.6547291279	-543
96.7208790779	-1380
96.720949173	-1380
96.7246081829	-1380
96.7729501724	-30
96.8912332058	-543
96.9188849926	-1420
96.9189550877	-1340
96.9216611385	-1380
96.9332342148	543
97.0091850758	-30
97.011070013	543
97.4320840836	-1057
97.4331271648	543
97.5993871689	-543
97.8832981586	-1420
97.883398056	-1179
97.8836660385	543
97.8848249912	543
97.8856761456	1057
98.4675030708	-1420
98.4675312042	-1179
98.5993361473	-543
98.7342810631	-1420
98.7343761921	-1340
98.7346200943	-1380
98.7575662136	-30
98.7622401714	543
99.211687088	-543
