0	-543
2.2892870903	543
2.28946399689	543
2.28969311714	543
4.14015007019	1057
4.56299901009	-543
4.8623509407	-543
5.14841413498	-1420
5.14848899841	-1420
5.14852905273	-787
5.14869403839	543
5.26189804077	-1420
5.26191210747	-1340
5.26498699188	-353
5.26868200302	543
5.26897001266	543
5.2892870903	543
6.07766103745	-543
6.21927309036	-543
6.22257208824	-1420
6.22262597084	-1340
6.23092412949	-1420
6.23097014427	-1420
6.23100805283	-1300
6.23312807083	-1420
6.23317694664	-1420
6.23321413994	-1300
6.23400592804	-1420
6.23403310776	-564
6.32565498352	1057
6.33650493622	-1380
6.3393330574	-1420
6.33938312531	-1340
6.33949708939	-1420
6.33953714371	-1340
6.34831500053	-1380
6.34833097458	-1420
6.34836792946	-1420
6.3483710289	-1300
6.34848403931	-1420
6.34848999977	-1340
6.34858894348	543
6.35027003288	-1420
6.35027694702	-1420
6.35032200813	-1300
6.35086512566	-987
6.40601301193	-1420
6.40603113174	-1340
6.41299700737	-1380
6.4504699707	-1420
6.45053005219	-1340
6.45324897766	-1420
6.45328211784	-1340
6.45612597466	-1420
6.45620393753	-1420
6.45620799065	-1300
6.45624804497	-1420
6.45624995232	-1340
6.45663309097	543
6.46101093292	-1420
6.46102404594	-1340
6.46107792854	-1380
6.46120095253	543
6.46514296532	-1420
6.4651529789	-1420
6.46520709991	-1300
6.46752810478	-694
6.49576497078	1057
6.50727009773	1057
6.51871609688	1057
6.55284404755	1057
6.87409210205	-543
6.95085906982	-1420
6.95090913773	-1340
6.98812913895	-1420
6.98819899559	-1340
7.0309419632	-1220
7.03402614594	543
7.20695209503	-1057
7.28389906883	-1420
7.28397607803	-1340
7.28425908089	-543
7.32134199142	-1420
7.32139205933	-1340
7.39489603043	-1220
7.39785194397	543
7.40345907211	1460
7.40351200104	625
7.43507099152	-1420
7.43508696556	-1420
7.43515014648	-1300
7.43515205383	-1420
7.43519306183	-1420
7.43519496918	-1300
7.44519400597	-1420
7.44520807266	-1420
7.44527506828	-1300
7.44527792931	-1380
7.4483320713	543
7.45063900948	1460
7.45069098473	111
7.51111197472	-1420
7.51112699509	-1420
7.51119303703	-1300
7.51138496399	-282
7.51475596428	543
7.52313613892	1057
7.54856610298	-1420
7.54858493805	-1340
7.63724207878	-353
7.64029097557	543
7.65420293808	543
7.75413298607	-543
7.92189192772	-543
8.10152006149	-1420
8.10153698921	-1420
8.10159611702	-787
8.10170292854	-1420
8.10174393654	-1420
8.10174703598	-1300
8.1035900116	543
8.11175608635	-1420
8.11177301407	-1420
8.11183094978	-1300
8.20712804794	-1420
8.20714497566	-1340
8.20746612549	-1380
8.21527910233	-1420
8.21529603004	-1420
8.21535515785	-1300
8.21744513512	-1420
8.21745800972	-1340
8.21750998497	-1380
8.21758913994	-1420
8.21761202812	-1340
8.21770310402	-1380
8.21780204773	543
8.21806502342	-1420
8.21807098389	-1340
8.2181930542	-1420
8.21819710732	-713
8.30424594879	-1420
8.30426311493	-1340
8.32123208046	-1420
8.32124614716	-1340
8.3213019371	-1380
8.32909011841	-1380
8.32914495468	-1420
8.32914996147	-1340
8.33112096786	-1420
8.33112502098	-1420
8.33116793633	-1300
8.33135604858	-1380
8.3314769268	543
8.33480906487	-120
8.40248703957	-1420
8.40250396729	-1340
8.40271401405	-1420
8.40271902084	-1340
8.40313601494	-1380
8.41126298904	-1420
8.41127705574	-1420
8.41132998466	-1300
8.41640710831	543
8.42854213715	-1420
8.42855811119	-1420
8.42861413956	-1300
8.45305895805	-443
8.48544406891	-1420
8.4854631424	-1420
8.48551797867	-1300
8.48571705818	-1420
8.48576807976	-1420
8.48577094078	-1300
8.49564003944	-1420
8.49565005302	-1340
8.49582910538	-1380
8.4959731102	543
8.51903700829	-1420
8.51905298233	-1420
8.51911616325	-1300
8.57259702682	-1420
8.57261013985	-1420
8.57265400887	-1300
8.57272815704	-1420
8.57275104523	-1340
8.5824649334	-1420
8.58247208595	-1340
8.5826830864	-1380
8.59911394119	-1420
8.599132061	-1420
8.59917712212	-1300
8.60220813751	-1077
8.60901212692	-1380
8.66012907028	-1420
8.66014409065	-1340
8.66025209427	-1420
8.66025614738	-1340
8.66035199165	-1420
8.66035604477	-1420
8.66038393974	-1300
8.66048598289	-1380
8.66061306	543
8.66076898575	543
8.66132998466	1057
8.66167402267	1057
8.67080402374	-1420
8.67081403732	-1420
8.67086100578	-1300
8.67139315605	1057
8.67171216011	543
8.71891403198	-120
8.74554395676	-1380
8.74600696564	-1420
8.74601197243	-1340
8.74610805511	-1420
8.74611115456	-1340
8.74655294418	-1420
8.74655795097	-1420
8.74660396576	-1300
8.75604510307	-1420
8.75610208511	-1340
8.75610613823	-1380
8.7666759491	-1420
8.76669001579	-1340
8.83567595482	-282
8.83624315262	-1420
8.83630108833	-1340
8.83630514145	-1420
8.83634305	-1340
8.83642792702	-1380
8.84626793861	-1420
8.84627604485	-1340
8.84631896019	-1380
8.90401506424	-1420
8.90403199196	-1340
8.90409994125	-1380
8.90423607826	543
8.91440010071	-1380
8.92981815338	-1420
8.92987203598	-1340
8.93000197411	-1420
8.9300429821	-1340
8.93017792702	-1380
8.9401011467	-1380
8.94016313553	-1420
8.94020295143	-1340
8.94033098221	543
8.95316410065	-1047
9.02189016342	-1420
9.02191710472	-1340
9.02199316025	-1380
9.02199602127	-1420
9.02204298973	-1340
9.02204608917	-1380
9.02210998535	-1380
9.02227401733	-1420
9.02232408524	-1340
9.02239704132	543
9.03209900856	-1420
9.0321149826	-1340
9.03217315674	-1380
9.04313397408	-1420
9.04320502281	-1340
9.05344605446	-1380
9.05593514442	543
9.10899996758	-693
9.1173620224	-1420
9.11741709709	-1340
9.11759614944	-1420
9.11766409874	-1340
9.11766695976	-1380
9.12795805931	-1420
9.12796998024	-1420
9.12802195549	-1300
9.15668296814	-1420
9.15675115585	-1420
9.15675497055	-1300
9.16767001152	-1380
9.2290289402	-120
9.23332905769	-1420
9.23335504532	-1340
9.2338309288	-1420
9.23383498192	-1420
9.23389410973	-1300
9.24308395386	-1420
9.24310994148	-1420
9.24316716194	-1300
9.243309021	543
9.27066802979	-1420
9.27068305016	-1420
9.27074813843	-1300
9.28104400635	-1380
9.28120207787	543
9.3239159584	-1380
9.32430195808	-1380
9.32484507561	-1380
9.32552909851	-1380
9.32630515099	-1380
9.33090901375	-1420
9.33096909523	-1420
9.33097410202	-1300
9.34987306595	-1047
9.40351915359	-1420
9.40353298187	-1340
9.41263914108	-1380
9.50637197495	-573
9.51300811768	-1380
9.51305603981	543
9.62389111519	-1219
9.65324401855	543
9.65683293343	1057
9.67812204361	543
9.68747806549	1057
9.68799614906	1057
9.69779396057	1057
9.70532298088	1057
9.74183893204	-1057
9.80578303337	1057
9.9274790287	-1420
9.92749500275	-1420
9.92755794525	-787
10.0411410332	-1380
10.041159153	-1380
10.0439691544	-353
10.0475261211	543
10.2929041386	543
10.5001649857	-1420
10.5001831055	-1420
10.5002450943	-787
10.5110721588	-1420
10.5111291409	-1420
10.5111329556	-1300
10.5914530754	-1420
10.5914700031	-1340
10.5917520523	-1380
10.6019909382	-1420
10.6020669937	-1420
10.6020720005	-1300
10.6026339531	543
10.614107132	-1380
10.6143131256	-1380
10.6221280098	-443
10.6456129551	543
10.7713370323	-1380
10.7802791595	-191
10.780960083	1057
10.7813520432	1057
10.8544631004	-1380
10.8544890881	-1380
10.8849790096	-1420
10.8849949837	-1340
10.8973250389	-1220
10.8974630833	543
10.900354147	543
10.9035170078	543
11.0410079956	-1420
11.0410261154	-1420
11.0410821438	-787
11.0421741009	543
11.043751955	543
11.0523869991	-543
11.0526781082	543
11.1541259289	-1380
11.1575350761	-191
11.2929339409	543
11.3282771111	-1420
11.3283030987	-1420
11.3283600807	-787
11.3283629417	-1420
11.3283989429	-1420
11.3284020424	-1300
11.3387191296	-1420
11.3387351036	-1420
11.3388011456	-1300
11.4277830124	-1420
11.4277989864	-1340
11.4278559685	-1380
11.4281270504	-1420
11.4281580448	-1420
11.4281611443	-1300
11.4329850674	543
11.4369421005	543
11.4381239414	-1420
11.4381380081	-1340
11.4381899834	-1380
11.4419929981	-1420
11.4420449734	-1420
11.4420480728	-1300
11.4448649883	-180
11.4486501217	-1380
11.4804561138	543
11.5030720234	543
11.5266480446	543
11.526900053	543
11.565515995	-705
11.5728671551	543
11.5737290382	1057
11.6243510246	-1380
11.6911671162	-191
11.6953840256	543
11.7030439377	1057
11.7330629826	1057
11.8099629879	-1420
11.809980154	-1420
11.8100440502	-787
11.8104491234	-1380
11.8105621338	-1380
11.8105659485	-1380
11.8205270767	-1420
11.8205330372	-1420
11.8205749989	-1300
11.8979589939	-1380
11.897974968	-1420
11.8980281353	-1340
11.8983719349	-1420
11.898430109	-1420
11.89843297	-1300
11.8984811306	-1420
11.8984830379	-1340
11.8985249996	-1380
11.9029419422	543
11.9085299969	-1420
11.9085359573	-1340
11.9086611271	-1380
11.9128689766	543
11.9241690636	-1420
11.9241809845	-1340
11.9268050194	-1047
11.9887499809	-1420
11.9887681007	-1420
11.9888219833	-1300
11.9993619919	-1420
11.9993770123	-1420
11.9994311333	-1300
12.0422101021	-1420
12.0422251225	-1420
12.0422890186	-1300
12.044178009	-119
12.1610500813	-543
12.191411972	-1420
12.1914279461	-1340
12.3079760075	-353
12.3093421459	543
12.4358010292	-1420
12.4358689785	-1420
12.4359331131	-787
12.4359359741	-1420
12.4359800816	-1420
12.4359829426	-1300
12.446269989	-1420
12.4462859631	-1420
12.4463291168	-1300
12.5494771004	-1380
12.55250597	-765
12.553262949	1057
12.5537590981	1057
12.699324131	-1057
12.7030899525	1057
12.9718899727	-543
12.9726099968	1057
12.9730370045	1057
13.1654951572	-1057
13.3678219318	-1057
13.6511149406	-1420
13.6511831284	-665
13.6514279842	543
13.6663110256	543
13.965337038	-1420
13.9653680325	-1420
13.9654109478	-787
13.9754951	-1420
13.9755620956	-1420
13.9755671024	-1300
13.9785349369	543
13.9799211025	543
14.0401420593	-1380
14.0786690712	-1420
14.0787460804	-1340
14.0819411278	-60
14.211151123	-1420
14.2111690044	-1340
14.2120640278	-867
14.2929339409	543
14.3249981403	-1420
14.325067997	-1340
14.3691730499	-353
14.3711769581	543
14.3720810413	1057
14.4667620659	543
14.5794949532	-543
14.6682391167	-543
14.7823140621	-1420
14.7823760509	-1340
14.8254470825	-353
15.223154068	1057
15.2817671299	-1420
15.2818441391	-1179
15.2929840088	543
15.2964270115	543
15.4027740955	-1420
15.4027910233	-665
15.4163470268	1460
15.416435957	625
15.5326581001	1057
15.7165460587	1057
15.770884037	-543
16.0657110214	-1420
16.0657300949	-1420
16.0657980442	-787
16.0664460659	1057
16.0668439865	1057
16.0730221272	543
16.0747389793	1057
16.2734069824	-1420
16.2734251022	-1420
16.2734920979	-273
16.2810759544	1460
16.2811479568	111
16.5003900528	-543
16.7167220116	-1380
16.7168009281	-1420
16.7168419361	-827
16.7704529762	-1420
16.7705259323	-1420
16.7705719471	-1300
16.7742581367	543
16.7811250687	-1420
16.7811319828	-1340
16.833714962	-1420
16.8337359428	-1420
16.833794117	-1420
16.833796978	-264
16.8339481354	-1420
16.8339509964	-1340
16.8339951038	-1380
16.8376441002	543
16.8379471302	543
16.8439381123	-1380
16.8440909386	543
16.8854660988	1057
16.8873710632	-1420
16.8873851299	-1420
16.8874399662	-1420
16.8874509335	-1260
16.8874909878	-1420
16.8874940872	-1340
16.8979330063	-1420
16.897949934	-1420
16.8980109692	-1420
16.8980140686	-1260
16.9505290985	-1420
16.9505460262	-1420
16.9506340027	-1300
16.950646162	-1380
16.9507610798	-1380
16.9507651329	-1420
16.9508039951	-1420
16.9508070946	-673
16.9509840012	543
16.9576349258	-1420
16.9576411247	-1340
16.9578020573	-1380
16.9974350929	-1420
16.9974470139	-1340
16.998237133	-1380
16.9983360767	-1420
16.9983770847	-1340
17.0045731068	-1420
17.0045969486	-1420
17.0046539307	-1300
17.0046570301	-1380
17.0089421272	-1420
17.0089690685	-1340
17.009073019	-1380
17.0092520714	543
17.0614540577	-1420
17.0614709854	-1340
17.061563015	-1420
17.0615661144	-1420
17.0616149902	-1300
17.0616180897	-1380
17.0616641045	-1420
17.0616669655	-1420
17.061702013	-1300
17.0619189739	543
17.0673601627	-240
17.0718741417	-1420
17.0719311237	-1340
17.0722789764	-1380
17.1131789684	-1420
17.1132040024	-1420
17.1132609844	-1300
17.1133470535	-1380
17.1134951115	-1420
17.1134979725	-1420
17.1134989262	-1300
17.1135270596	-1420
17.1135289669	-1340
17.1137411594	543
17.1228821278	-1420
17.1228890419	-1340
17.122934103	-1380
17.1748650074	-1420
17.1748960018	-1340
17.1750080585	-1380
17.1752040386	-1420
17.1752650738	-1340
17.1753890514	-1420
17.1753931046	-1340
17.1754119396	-1380
17.1754610538	-1380
17.1839470863	-240
17.1841750145	543
17.1854741573	-1420
17.1854801178	-1420
17.1855630875	-1300
17.1855659485	-1420
17.1856119633	-1340
17.2234399319	-1380
17.3015639782	-603
17.3021111488	1460
17.3021659851	625
17.3420500755	-1420
17.3420741558	-1340
17.3422760963	-1420
17.3422789574	-1340
17.3423781395	-1380
17.3426520824	543
17.3528690338	-1420
17.3528831005	-1420
17.3529551029	-1300
17.4037330151	-1420
17.4037470818	-1420
17.4037950039	-1300
17.4047579765	-1380
17.4054150581	-1420
17.4054191113	-1340
17.4057700634	-1420
17.4057750702	-1340
17.4058530331	-1380
17.4060001373	543
17.4132599831	-1420
17.4132680893	-1420
17.4133131504	-1300
17.4203081131	-1047
17.4626281261	-1420
17.4626441002	-1340
17.5769319534	-867
17.6609721184	-1420
17.6610031128	-1340
17.6611990929	-1420
17.6612040997	-1340
17.6614601612	-1380
17.6714420319	-1420
17.671448946	-1340
17.6715650558	-1380
17.6938290596	-927
17.7057330608	-1420
17.7057580948	-1340
17.7058191299	-1420
17.7058300972	-1340
17.7059190273	-1380
17.7061171532	543
17.7163119316	-1420
17.7163200378	-1420
17.7163529396	-1300
17.7164821625	543
17.7745230198	-1420
17.77455616	-1340
17.810696125	-1251
17.8330321312	1057
17.8359789848	1057
18.036906004	-543
18.2088460922	-543
18.2093040943	1460
18.2093570232	625
18.3481459618	-543
18.4026460648	-1420
18.4027070999	-1340
18.4382500648	-1380
18.4406671524	543
18.4568779469	543
18.4988760948	-1420
18.4988920689	-1420
18.4989480972	-1300
18.5052981377	-31
18.5068950653	543
18.5548510551	543
18.5551459789	543
18.6618881226	-543
18.6639521122	543
18.8732600212	-1057
18.8832581043	1460
18.8833220005	111
19.0467729568	-1420
19.046790123	-665
19.1641881466	-1057
19.1652331352	1460
19.1652891636	111
19.3679831028	-543
19.6082830429	-1420
19.6083741188	-1420
19.6084260941	-787
19.7039649487	1460
19.7040569782	111
19.7217190266	-1420
19.7217719555	-1340
19.7253320217	-867
19.7257781029	1460
19.7258379459	111
19.8355009556	-1380
19.8423349857	-1219
19.8522269726	1057
19.8614201546	1057
20.2332000732	-1057
20.3834459782	-1420
20.3835179806	-1340
20.3835401535	-1380
20.3901269436	-30
20.4065749645	-1420
20.4066331387	-1420
20.4066529274	-1300
20.4173750877	-1420
20.4174261093	-1420
20.4174621105	-1300
20.4255361557	543
20.4310481548	543
20.4447381496	543
20.4717180729	-1420
20.4717330933	-1420
20.4717869759	-1300
20.4739451408	543
20.4981229305	-1420
20.498139143	-1420
20.4982030392	-1300
20.5089530945	-91
20.5091450214	543
20.5196700096	-1420
20.5196750164	-1340
20.6021249294	-1420
20.6021430492	-1420
20.6022160053	-1300
20.6022200584	-1420
20.6022679806	-1340
20.6023230553	-1380
20.6024870872	543
20.612128973	-1420
20.6121449471	-1340
20.6122009754	-1380
20.6337859631	-1420
20.6338579655	-1420
20.6338629723	-1300
20.6362941265	-502
20.6435029507	-1420
20.6435620785	-1420
20.6435649395	-1300
20.6442811489	-1380
20.6444239616	-1420
20.6444499493	-1340
20.6445500851	543
20.7155611515	-1420
20.7155790329	-1420
20.7156381607	-1300
20.7258491516	-1420
20.7258961201	-1420
20.7258999348	-1300
20.7478909492	-1420
20.7479059696	-1420
20.747961998	-1300
20.761934042	-1207
20.8033001423	1460
20.8033821583	111
20.9189770222	-543
21.0421669483	-1057
21.1548790932	-1380
21.1587021351	-191
21.1605241299	1460
21.1605770588	625
21.5367310047	1460
21.5368249416	625
21.614109993	-543
21.7057421207	1460
21.7058529854	625
21.8821339607	-1420
21.8821849823	-1420
21.8822071552	-273
21.9246790409	1057
21.9355361462	1057
22.1090159416	-543
22.4108531475	-543
22.4140591621	1460
22.414180994	111
22.5379719734	-543
22.6955730915	-543
22.7741370201	-1420
22.7742090225	-1340
22.7844481468	-1380
22.7866051197	543
22.8136241436	-30
22.815500021	543
22.8878800869	-1420
22.8878970146	-1340
22.8980920315	-1380
22.8982310295	543
22.9000480175	543
22.978700161	-30
22.980576992	543
23.14844203	-1420
23.1484589577	-1420
23.1485140324	-787
23.1492300034	-1420
23.1492731571	-1420
23.1492760181	-1300
23.1589751244	-1420
23.1589820385	-1420
23.1590299606	-1300
23.1591310501	543
23.2625179291	-1420
23.2625350952	-1340
23.2649080753	-413
23.3063220978	-1420
23.3063340187	-1340
23.3067390919	-1420
23.306743145	-1420
23.3067829609	-1300
23.3169269562	-1420
23.3169369698	-1340
23.3170640469	-1380
23.4156799316	-1420
23.4156980515	-1420
23.4157550335	-1420
23.4157581329	-1260
23.421432972	-120
23.4258780479	-1380
23.5290460587	-1380
23.5379011631	1057
23.5381679535	-382
23.551142931	1460
23.5512411594	1460
23.5512800217	707
23.7241849899	-543
24.2624919415	-1420
24.2625660896	-665
24.2702720165	1460
24.2703421116	111
24.2949700356	543
25.0008990765	-1420
25.0009169579	-1420
25.0009551048	-1420
25.0009579659	-747
25.0009760857	-1380
25.0009789467	-1380
25.0011799335	543
25.0114929676	-1420
25.0115039349	-1420
25.0115561485	-1300
25.0148489475	543
25.1145200729	-1380
25.1179480553	-1420
25.1180140972	-1420
25.118019104	-553
25.1181950569	543
25.1251010895	-1380
25.2348091602	-705
25.2406289577	1460
25.2407169342	625
25.5387001038	1057
26.0397491455	-543
26.0461709499	1460
26.0463521481	111
26.2995519638	-1057
26.8322639465	-1420
26.8323340416	-1420
26.8323769569	-787
26.949600935	-1057
26.9598670006	1460
26.9600279331	625
27.5398480892	1057
27.7021861076	-543
27.7052071095	1460
27.7052659988	111
28.1958220005	-543
28.5119490623	-1420
28.5120201111	-1340
28.5120799541	-867
28.5125041008	-1380
28.5126070976	-1420
28.5126969814	-1340
28.5231320858	-1420
28.5232009888	-1420
28.5232479572	-1300
28.5235021114	543
28.625385046	-1380
28.6286330223	-1420
28.6286680698	-373
28.6356379986	-1420
28.6356699467	-1340
28.7454471588	-353
28.7546451092	1460
28.7548630238	625
