0	-543
2.37286520004	543
2.55081820488	-543
2.55104899406	543
2.73457217216	-543
2.74875211716	-1380
2.74895620346	-1380
2.76099300385	-1420
2.76105499268	-1340
2.86030220985	-735
2.86352515221	543
2.86775922775	543
3.04918122292	-543
3.2829720974	-543
3.29797720909	-1380
3.30121207237	-1380
3.3013021946	-1380
3.30137610435	-1380
3.34355306625	-1420
3.34365701675	-1340
3.34370517731	-1380
3.35833311081	-1420
3.35840320587	-1340
3.3585460186	543
3.39473414421	-1420
3.39475011826	-1340
3.40969204903	-1380
3.40992116928	-1380
3.4126830101	-1380
3.41273903847	-1045
3.41645407677	543
3.43103218079	543
3.44297504425	-1380
3.45715212822	-1420
3.45721817017	-1340
3.46538615227	-1380
3.47091317177	-1380
3.47093701363	-1380
3.48104405403	-1380
3.48453116417	-1420
3.48459100723	-1340
3.4965441227	-1380
3.5106921196	-1380
3.51070213318	-1380
3.52439022064	-1206
3.54490399361	-1420
3.54497408867	-1340
3.54497909546	-1380
3.56345415115	-1380
3.57937216759	-1420
3.57947516441	-1340
3.57947921753	-1380
3.57966399193	543
3.59456014633	-1420
3.59457612038	-1340
3.60850000381	-1420
3.60851812363	-1340
3.61261415482	543
3.62299919128	-1380
3.62318611145	-1420
3.62323713303	-1340
3.63846302032	-46
3.68274617195	-1380
3.68831920624	-1420
3.68837213516	-1340
3.69140720367	543
3.75211000443	543
3.78938317299	-631
3.79651904106	543
3.79669809341	543
3.90680599213	543
3.93431305885	-543
3.93448615074	543
4.07387018204	-1380
4.07409310341	543
4.07426905632	543
4.08558011055	-249
4.08791422844	-1420
4.08796405792	-1340
4.10194706917	-1380
4.10200119019	-1380
4.19972920418	-735
4.20276904106	543
4.31131219864	-543
4.31152701378	543
4.35333919525	-1420
4.35335206985	-1340
4.36057019234	-1380
4.36911416054	-1380
4.37038111687	-1380
4.37313818932	543
4.37398004532	1057
4.3748190403	-1420
4.37482500076	-1340
4.38663601875	-1380
4.38669705391	-1380
4.38679218292	-1380
4.38693809509	543
4.41086506844	-1380
4.41107416153	-1420
4.41107916832	-1340
4.41458702087	543
4.41484212875	1460
4.41489315033	625
4.42287421227	-854
4.46363401413	-1380
4.534730196	-763
4.53845214844	543
4.53941607475	1460
4.53946709633	111
4.55374217033	-1380
4.55376601219	-1380
4.55382013321	-1380
4.56653022766	-1380
4.61209416389	-1380
4.61566901207	543
4.62015509605	-1380
4.62062716484	543
4.63301420212	-1380
4.63308405876	-1380
4.63319206238	-1380
4.64666104317	-177
4.64906811714	-1380
4.64916419983	-1380
4.64921021461	-1380
4.66397619247	-1420
4.66403508186	-1340
4.66404008865	-1380
4.69432711601	-1380
4.69461107254	-1420
4.69466209412	-1340
4.70588612556	-1380
4.70592999458	-1380
4.7059340477	-1380
4.7060790062	543
4.74443101883	-1420
4.74444699287	-1340
4.74450302124	-1380
4.74466013908	543
4.75785422325	-693
4.75909900665	-1380
4.75919604301	-1380
4.76208615303	-1380
4.77638506889	-1420
4.77640104294	-1340
4.77980303764	-1380
4.79362607002	-1380
4.79390621185	-1380
4.79510712624	-543
4.80968904495	-1420
4.80978322029	-1340
4.80978822708	-1380
4.82179307938	-1420
4.8218100071	-1340
4.82186722755	-1380
4.84362220764	-1380
4.84367799759	-1380
4.84383416176	543
4.84389710426	-1380
4.85893917084	-1380
4.85900402069	-1380
4.85900902748	-1380
4.87002706528	-1076
4.87418603897	-1380
4.87488818169	-1380
4.87843799591	-1380
4.88814210892	-1420
4.88815617561	-1340
4.89215922356	-1380
4.90660309792	-1420
4.90667009354	-1340
4.90916609764	-1380
4.92031002045	-1420
4.92032504082	-1340
4.93094015121	-1380
4.9310901165	1057
4.94518113136	-1420
4.94519615173	-1340
4.95799612999	-1420
4.95801520348	-1340
4.95807218552	-1380
4.97520303726	-1420
4.9752600193	-1340
4.97526407242	-1380
4.98147821426	-1076
4.98898506165	-1420
4.98905920982	-1340
4.99178004265	-1380
5.00828719139	-1380
5.00830221176	-1380
5.00959420204	-1380
5.02251005173	-1420
5.02256417274	-1340
5.03464317322	-1380
5.04690408707	-1420
5.04692101479	-1340
5.05178809166	-1380
5.0519080162	543
5.06743812561	-1380
5.06755304337	-1380
5.06951117516	-1380
5.06993818283	1057
5.07030701637	543
5.07172203064	-1380
5.07180905342	-1380
5.07334303856	543
5.07644319534	543
5.09327316284	-1046
5.0934920311	-1420
5.09355306625	-1340
5.09441399574	-1380
5.10659313202	-1420
5.10660409927	-1340
5.10951519012	-1380
5.12627100945	-1420
5.12633919716	-1340
5.13461208344	-1380
5.14569115639	-1420
5.14570116997	-1340
5.14587903023	543
5.14806509018	-1380
5.14816403389	543
5.15735912323	-1420
5.15737009048	-1340
5.19697618484	-1380
5.20079708099	-1380
5.20084810257	-1380
5.20517110825	-1017
5.20830821991	-1380
5.20838713646	-1380
5.20853114128	-1380
5.21260809898	-1420
5.21265101433	-1340
5.21272611618	-1380
5.22293615341	-1420
5.22294807434	-1340
5.22419500351	-1380
5.23763108253	-1380
5.23771500587	-1380
5.2388920784	-1380
5.25428819656	-1380
5.25430321693	-1380
5.26379919052	-1380
5.26393914223	543
5.28122711182	-1420
5.28123807907	-1340
5.28718900681	-1380
5.29316306114	-1420
5.29322719574	-1340
5.2946741581	-1380
5.30913305283	-1420
5.3091480732	-1340
5.3164601326	-1106
5.34707117081	-1420
5.34717917442	-1340
5.34718322754	-1380
5.3635032177	-1420
5.36352205276	-1340
5.36356306076	-1380
5.38254618645	-1420
5.38260507584	-1340
5.38275122643	543
5.38300299644	-1380
5.38307714462	543
5.39462399483	-1420
5.39463615417	-1340
5.39522719383	-1380
5.40996599197	-1420
5.41001915932	-1340
5.43360304832	-1380
5.44745516777	-1380
5.44747018814	-1380
5.44915914536	-1380
5.45821809769	-209
5.4664850235	-1420
5.46649122238	-1340
5.46716809273	-1380
5.47991108894	-1420
5.47997617722	-1340
5.48123121262	-1380
5.4974591732	-1380
5.49747920036	-1380
5.49819302559	-1380
5.51010322571	-1380
5.51040816307	-1380
5.51128220558	-1380
5.52398109436	-1420
5.52399301529	-1340
5.52954602242	-1380
5.54380607605	-1420
5.54387307167	-1340
5.56031107903	-1420
5.56036806107	-1340
5.56037306786	-1380
5.57744002342	-1380
5.57747602463	-1380
5.57756900787	-1380
5.57757210732	-563
5.57782912254	1057
5.58910799026	-1380
5.58916711807	-1380
5.58920001984	-1380
5.61311912537	-1420
5.61317920685	-1340
5.61318302155	-1380
5.61337208748	543
5.62231111526	-1380
5.62239122391	-1380
5.62244009972	-1380
5.64108300209	-1420
5.6411550045	-1340
5.64116001129	-1380
5.65620517731	-1420
5.65622115135	-1340
5.65633201599	-1380
5.65649318695	543
5.66871213913	-1420
5.66872000694	-1340
5.70043706894	-1046
5.83170509338	543
5.83516907692	543
5.85728812218	543
5.85947608948	-1380
5.85961222649	-1380
5.86111211777	-1380
5.86220812798	-59
5.87165403366	1057
5.87300515175	-1380
5.87512016296	543
5.87558603287	543
5.89462709427	543
5.95045208931	543
5.97386908531	-1219
5.97733306885	543
6.04119706154	-1380
6.05717301369	-1420
6.05725312233	-1340
6.05954813957	-1380
6.07370901108	-1380
6.07372617722	-1380
6.07383203506	-1380
6.08485722542	-1380
6.08492517471	-1380
6.08893299103	-148
6.08910918236	1057
6.08951807022	543
6.10382413864	-1380
6.10405802727	543
6.20036315918	-763
6.20060920715	543
6.2902071476	-1380
6.29042315483	543
6.29268217087	-1420
6.29268717766	-1340
6.32013106346	-1380
6.3202111721	-1380
6.3202521801	-1380
6.34601807594	-1380
6.34609818459	-1380
6.34610199928	-1380
6.34958600998	543
6.35160517693	-1205
6.35175299644	543
6.3623251915	-1380
6.36589717865	543
6.37042117119	543
6.37689208984	-1380
6.37993216515	-1380
6.38758802414	-1420
6.38759303093	-1420
6.38764214516	-1300
6.40913414955	-1420
6.4092001915	-1420
6.4092040062	-1300
6.44514012337	-1420
6.44515514374	-1340
6.4452021122	-1380
6.45938205719	-1380
6.45951604843	-1380
6.45964503288	543
6.46161317825	1057
6.46181917191	1057
6.46317410469	-531
6.46688508987	543
6.49189805984	-1380
6.49191403389	-1380
6.49384999275	-1380
6.4970099926	543
6.50496315956	-1420
6.50496721268	-1340
6.57776021957	-1380
6.57869911194	-118
6.58090400696	543
6.58258199692	543
6.58555316925	-1380
6.59756922722	-1380
6.59761404991	-1380
6.61529922485	-1380
6.61537909508	-1380
6.61538314819	-1380
6.64661812782	-1420
6.64663100243	-1340
6.64668416977	-1380
6.65726113319	-1380
6.65734815598	-1380
6.65745520592	-1380
6.67637419701	-1380
6.67639899254	-1380
6.67644810677	-1380
6.68906712532	-1380
6.68911218643	-1380
6.68924713135	-1380
6.69006919861	-723
6.69654917717	543
6.69669914246	543
6.70032715797	543
6.70061612129	1057
6.70742106438	-1380
6.70753502846	-1380
6.70757222176	-1380
6.72133517265	-1420
6.72139215469	-1340
6.72139716148	-1380
6.73506903648	-1420
6.73509407043	-1340
6.74488520622	-1380
6.74895620346	-1420
6.74900603294	-1340
6.75982308388	-1380
6.7784910202	-1380
6.77851009369	-1380
6.77953910828	-1380
6.77963399887	543
6.78730511665	-1380
6.81239509583	-1420
6.8124601841	-7
6.82185006142	543
6.82211017609	543
6.82253503799	543
6.82746005058	543
6.93427300453	-543
6.93750810623	1057
7.0031042099	-1380
7.00312209129	-1380
7.0551841259	-1380
7.05683922768	543
7.08818602562	-117
7.08876299858	1057
7.08915615082	543
7.14449620247	-1380
7.14451313019	-1380
7.14565420151	-1380
7.18995809555	-1420
7.18997502327	-1340
7.19338822365	-1380
7.19584608078	-1380
7.20080900192	-280
7.20654511452	543
7.35049915314	-1380
7.35070800781	543
7.35333514214	-763
7.36050915718	543
7.36085915565	543
7.36135220528	543
7.40167808533	-1380
7.44979405403	-1380
7.44985604286	-1380
7.47272610664	-602
7.50501012802	1057
7.51455020905	-1420
7.514564991	-1340
7.51462006569	-1380
7.51801109314	543
7.55188322067	-1380
7.55190610886	-1380
7.58450818062	-984
7.58465719223	543
7.58720016479	-1420
7.58720612526	-1340
7.58839607239	543
7.60128307343	-1420
7.6012980938	-1340
7.69602322578	-1278
7.69896817207	543
7.70711517334	543
7.77110505104	-1420
7.77112221718	-1340
7.77133703232	543
7.79157710075	-1380
7.79172301292	543
7.79837918282	1057
7.80734300613	-88
7.80884122849	-1420
7.80887508392	-1340
7.8121471405	1057
7.85192418098	-1380
7.85194206238	-1380
7.90665602684	1057
7.91881203651	-735
7.92080807686	543
7.99528408051	-1380
8.00948214531	-1420
8.0095500946	-1340
8.03163814545	-602
8.04825806618	-1420
8.04827308655	-1340
8.04832005501	-1380
8.06073999405	-1380
8.06080722809	-1420
8.06081104279	-1340
8.07988810539	-1420
8.07992506027	-1420
8.07998514175	-1300
8.09724402428	-1420
8.09733104706	-1340
8.09733605385	-1380
8.11090421677	-1420
8.11092209816	-1340
8.11098599434	-1380
8.11112213135	543
8.14334011078	-693
8.14636611938	-1380
8.14642310143	-1380
8.14795017242	-1380
8.23375415802	-1420
8.23377108574	-1340
8.23561406136	-1380
8.23715806007	-1420
8.23719120026	-1340
8.23897814751	-1420
8.23901700974	-1340
8.24061203003	543
8.2416510582	543
8.25154018402	-1380
8.25494122505	-1015
8.28605008125	1057
8.30304121971	1057
8.50225400925	-543
8.50265002251	543
8.62661910057	-543
8.62703704834	1460
8.62709212303	625
8.71864199638	-1420
8.71865916252	-1340
8.73010611534	-1380
8.73221707344	-1380
8.73225212097	-1380
8.73889017105	-926
8.81664800644	-1380
8.81718206406	1057
8.83097219467	-1380
8.83099007607	-1380
8.83376717567	-1380
8.84369111061	-1420
8.84375905991	-1340
8.85047221184	-1146
8.8505961895	543
8.93661022186	-1380
8.95140218735	-1380
8.96198821068	-440
8.9701590538	1460
8.97024607658	625
8.97341012955	-1420
8.97341799736	-1340
9.02682709694	-1420
9.02684402466	-1340
9.03522109985	-1380
9.04338502884	-1380
9.07312011719	-1380
9.07313513756	-309
9.08531999588	-1380
9.0853869915	-1380
9.10150718689	-1420
9.10153317451	-1340
9.10158109665	-1380
9.12028717995	-1420
9.12036013603	-1340
9.12036514282	-1380
9.18452215195	-413
9.19831609726	-1380
9.20690703392	-1420
9.20692205429	-1340
9.21085309982	1057
9.23253822327	-1380
9.23269414902	1057
9.24500703812	-1420
9.24502301216	-1340
9.24507808685	-1380
9.29649305344	-881
9.31710004807	-1380
9.31712317467	-1380
9.31737017632	-1380
9.32906603813	-1380
9.32911205292	-1380
9.34662103653	-1380
9.36125612259	-1380
9.36151218414	-1380
9.37435603142	-1420
9.37437105179	-1340
9.39002108574	543
9.39012002945	543
9.40835404396	-339
9.45574617386	-1420
9.45576405525	-1340
9.45582103729	-1380
9.46380615234	-543
9.47689819336	-1420
9.47693920135	-1340
9.47707414627	-1380
9.49054002762	-1380
9.49055504799	-1420
9.49060821533	-1340
9.49073410034	543
9.52937722206	-1420
9.52939414978	-1340
9.52945113182	-1380
9.54230308533	-1420
9.54235601425	-1340
9.56815099716	-46
9.5861852169	-1420
9.5862030983	-1340
9.62806606293	-1380
9.65879106522	-1380
9.67671322823	-1420
9.67672801018	-1340
9.67677402496	-1380
9.68992304802	-1380
9.69715213776	-44
9.73867821693	-1420
9.73869109154	-1340
9.7388510704	543
9.74973106384	-1380
9.74983215332	543
9.75095319748	-1380
9.75386309624	-1380
9.76243114471	-1380
9.76945114136	-1380
9.76950311661	-1380
9.78223013878	-1380
9.8130171299	-1420
9.81303215027	-1340
9.83323216438	-1380
9.85047721863	-236
9.85286712646	-1380
9.87894201279	-1380
9.87910413742	-1380
9.87928700447	-1380
9.93944001198	-1380
9.95028400421	-1420
9.95034217834	-1340
9.95661401749	-1380
9.96607422829	-1380
9.97195720673	-749
9.97207808495	543
10.0184550285	-1420
10.018474102	-1340
10.0186171532	-1380
10.035392046	-1380
10.0782141685	-1380
10.0782320499	-1420
10.0782711506	-1340
10.1091060638	-280
10.1511440277	-1380
10.1649529934	-1380
10.2148251534	-1420
10.2148430347	-1340
10.2404382229	-1380
10.2449710369	-1420
10.2450220585	-1420
10.2450261116	-1300
10.305232048	-1130
10.3056261539	1057
10.6352441311	-543
10.6486721039	-1380
10.6487381458	-1380
10.663364172	-1420
10.6634531021	-1340
10.6634571552	-1380
10.663651228	543
10.675620079	-1420
10.6756331921	-1340
10.7277190685	543
10.7485589981	-1380
10.7602431774	-1380
10.7603120804	-1420
10.7603170872	-813
10.8725881577	-543
10.8809900284	-1380
10.8827700615	-1420
10.8827960491	-1340
10.9479691982	-1420
10.9479970932	-1340
10.9481611252	543
10.9497761726	-1380
10.9651660919	-1380
10.9925570488	-1366
10.9954349995	-1380
10.9955310822	-1380
11.0107750893	-1380
11.0108361244	-1420
11.0108401775	-1340
11.0618901253	-1420
11.0619220734	-1340
11.0620071888	-1380
11.0796570778	-1420
11.079706192	-1340
11.0797600746	-1380
11.1068861485	-986
11.1229720116	543
11.1495811939	-1380
11.1975162029	-1380
11.2015330791	-1380
11.2015740871	-1380
11.2140550613	-1380
11.214236021	543
11.2167670727	1057
11.2179780006	-499
11.2551012039	-1420
11.2551760674	-1340
11.2624640465	-1380
11.262609005	543
11.2814340591	-1380
11.290938139	-1380
11.3309180737	-1380
11.3432152271	-1420
11.3432950974	-1340
11.3572821617	-1380
11.3575391769	-1420
11.3575429916	-1340
11.3670589924	-16
11.3945991993	-1380
11.3946151733	-1420
11.3946621418	-1340
11.4000902176	1057
11.4079210758	-1380
11.4195401669	-1420
11.4196140766	-1340
11.4196190834	-1380
11.4471430779	-1420
11.4471530914	-1340
11.4473941326	543
11.4587020874	-1380
11.4587161541	-1380
11.4590451717	-1380
11.4787480831	-750
11.480574131	-1380
11.5902671814	-705
11.7301740646	-543
11.7475171089	543
11.7493050098	1460
11.7493810654	111
11.8426351547	-543
11.8469061852	543
11.8486471176	543
11.9266591072	1057
11.992000103	-543
11.99219203	543
12.0824961662	-1380
12.0828871727	-1420
12.0829360485	-1340
12.0831301212	543
12.0968050957	-1420
12.096820116	-1340
12.0968840122	-1380
12.103479147	-89
12.1036281586	543
12.1497859955	-1420
12.149805069	-1340
12.1499080658	-1380
12.1994891167	-1380
12.1995081902	-1380
12.1995542049	-1380
12.206482172	-1420
12.2065551281	-1340
12.2065582275	-1380
12.2107160091	-1380
12.210807085	543
12.2109560966	-1420
12.2109611034	-1340
12.2155342102	-663
12.2158091068	-1380
12.2164280415	-1380
12.2346382141	-1380
12.2403790951	-1420
12.240388155	-1340
12.2589700222	-1380
12.2591600418	543
12.2728841305	-1420
12.2728991508	-1340
12.2889451981	-1380
12.2889611721	-1380
12.2892072201	-1380
12.2894711494	1460
12.2895212173	111
12.3271570206	-443
12.3507430553	-1380
12.3508121967	-1380
12.3509340286	-1380
12.3609662056	-1420
12.3609731197	-1340
12.3617990017	-1380
12.3784761429	-1420
12.3785731792	-1340
12.3785769939	-1380
12.3869361877	543
12.3932640553	-1420
12.3932909966	-1340
12.393376112	-1380
12.4387741089	-663
12.4455621243	-1380
12.44562006	-1380
12.4503149986	-1380
12.4504520893	543
12.4615561962	-1420
12.4615721703	-1340
12.4624111652	-1380
12.4784350395	-1420
12.4784941673	-1340
12.4794261456	-1380
12.4907371998	-1420
12.4907491207	-1340
12.5173380375	-1380
12.517357111	-1380
12.5174741745	-1380
12.5175960064	543
12.5476481915	-1420
12.5476820469	-1340
12.5477561951	-1380
12.5502541065	-1046
12.5620160103	-1420
12.5620250702	-1340
12.5725560188	-1380
12.5726950169	543
12.578263998	-1380
12.5783350468	-1380
12.580946207	-1380
12.5952270031	-1420
12.5952961445	-1340
12.5966610909	-1380
12.6123092175	-1420
12.6123239994	-1340
12.633795023	-1380
12.6470911503	-1420
12.6471610069	-1340
12.6491160393	-1380
12.6611452103	-1420
12.6611611843	-1340
12.6615021229	-503
12.6641950607	1057
12.6694610119	543
12.6787240505	-1420
12.6787321568	-1340
12.6788032055	-1380
12.6952610016	-1420
12.6953291893	-1340
12.695333004	-1380
12.7067520618	1057
12.709785223	-1420
12.7097911835	-1340
12.7099142075	-1380
12.7440440655	-1380
12.7774820328	-824
12.8792099953	-1420
12.8792350292	-1340
12.879805088	-1380
12.8799641132	543
12.8808610439	-1380
12.8808660507	-1380
12.9326581955	-1380
12.9484241009	-89
12.950646162	-1380
12.9506521225	-1380
12.9508430958	-1380
12.9607942104	-1420
12.9608612061	-1340
12.9638001919	-1380
12.9755899906	-1420
12.9756011963	-1340
12.9812200069	-1380
12.9813160896	543
12.9959130287	-1420
12.9959321022	-1340
12.9963681698	-1380
13.0076851845	-1380
13.0077600479	-1380
13.0311779976	-1380
13.0430572033	-1380
13.0430731773	-1380
13.0598912239	-1017
13.0712621212	-1380
13.0720620155	1057
13.0841591358	-1380
13.0841841698	-1380
13.1043541431	-1420
13.1043701172	-1340
13.1044180393	-1380
13.1131711006	-1420
13.1132230759	-1340
13.113297224	-1380
13.1429121494	-1420
13.1429321766	-1340
13.1429982185	-1380
13.1431422234	543
13.1570401192	-1380
13.1570570469	-1380
13.1572320461	-1380
13.1838371754	-722
13.1976180077	-1380
13.1976451874	-1380
13.1977272034	-1380
13.2039861679	-1380
13.2041342258	543
13.2042620182	-1380
13.3075661659	-412
13.3291110992	543
13.3319430351	543
13.3885240555	-1380
13.4189291	-220
13.4228889942	543
13.426623106	543
13.4271540642	543
13.5701010227	-543
13.5702950954	543
13.7324960232	-543
13.7326822281	543
13.8607590199	-1420
13.8608031273	-1340
13.8608591557	-1380
13.8610432148	543
13.8835551739	-602
13.892250061	543
13.8952331543	543
13.9651670456	-1420
13.9651851654	-1340
13.9779701233	-1380
13.994795084	-59
14.0083100796	543
14.008877039	543
14.1059441566	-543
14.1070070267	-1380
14.1887180805	-1380
14.2004401684	543
14.2201771736	-925
14.22656703	543
14.382474184	-1086
14.3827152252	543
14.4949481487	-543
14.4971621037	1057
14.5819711685	-543
14.6070270538	-1086
14.7186322212	-1086
14.7196722031	1460
14.7197301388	111
14.8948051929	-543
14.8952970505	1057
15.0465581417	-1057
15.0798749924	-1380
15.0934381485	543
15.1503880024	-1380
15.157859087	-498
15.1602342129	543
15.3347301483	-543
15.3349120617	543
15.5285701752	-543
15.5287652016	543
15.6167221069	-1420
15.6167402267	-1340
15.6329832077	-1380
15.6349620819	543
15.6793661118	-59
15.6814410686	543
15.7854151726	-1380
15.7854321003	-1380
15.7905831337	-896
15.7978382111	543
15.8875951767	1460
15.8876860142	111
15.9019269943	-543
15.9118390083	543
16.0026650429	-1380
16.0132200718	-249
16.124887228	-1086
16.1259260178	1460
16.1259970665	625
16.2006931305	-1380
16.2378101349	-249
16.4016771317	-543
16.4686980247	-1380
16.4822690487	-1380
16.503303051	543
16.5724050999	-440
16.5961220264	543
16.7236380577	-543
16.723845005	543
16.8459892273	-543
16.846198082	543
16.9861660004	-1380
16.9861831665	-1380
16.9975361824	-896
16.9993541241	543
17.1090681553	-543
17.1109790802	543
17.1571810246	-1380
17.1572041512	-1380
17.190557003	-1380
17.1922461987	543
17.2203371525	-59
17.222340107	543
17.3321781158	-1086
17.4435842037	-1086
17.4437720776	543
17.5558102131	-1086
17.5604090691	1460
17.5605061054	111
17.8882210255	-543
17.9184911251	-1380
17.9405732155	543
18.0298712254	-1335
18.0482480526	543
18.1646080017	-543
18.1647901535	543
18.2767500877	-543
18.2769370079	543
18.352782011	-1380
18.366394043	-1420
18.3664691448	-1340
18.3885090351	-88
18.4066221714	543
18.4069290161	543
18.452986002	-1380
18.4530010223	-1380
18.4680740833	-1380
18.469905138	543
18.4995660782	-59
18.501511097	543
18.6108090878	-543
18.6960151196	-1380
18.7504401207	1057
18.7735412121	-792
18.7745091915	1460
18.7745630741	111
18.8913500309	-543
19.0025629997	-543
19.2020840645	-1380
19.2405011654	-249
19.256537199	543
19.4413480759	-543
19.4610161781	-1380
19.4716250896	-1380
19.4716320038	-1380
19.5271091461	-1380
19.5724670887	-279
20.7568671703	1057
20.9342570305	-543
21.7568860054	1057
21.942330122	-543
23.7568991184	1057
