0	543
0.391299962997	-543
0.391515016556	543
0.759238004684	-1420
0.759258031845	-1420
0.759315013885	-787
0.866926908493	-1420
0.866998910904	-1176
0.887333869934	-517
0.89054608345	543
0.894321918488	543
1.05374789238	543
1.27622890472	-543
1.51835107803	-1420
1.51840806007	-1179
1.51859498024	543
1.52416491508	-1298
1.52442908287	-1420
1.52447986603	-1176
1.52448296547	-1420
1.524518013	-1176
1.56878709793	-1298
1.61455392838	543
1.625882864	-1298
1.6466729641	-1420
1.64674091339	-1420
1.64678192139	-1420
1.64681792259	-932
1.6527428627	-1420
1.65279006958	-1420
1.65282607079	-1054
1.6529340744	-1420
1.65293693542	-1420
1.65298199654	-1054
1.65298390388	-1298
1.6531419754	543
1.73720097542	-1420
1.73721694946	-1176
1.75389695168	-1420
1.75392007828	-1176
1.7748670578	-1420
1.77488207817	-1420
1.77493596077	-1420
1.77493906021	-932
1.77497386932	-1298
1.7811589241	-1420
1.78121709824	-1420
1.78122997284	-1054
1.78126788139	-1420
1.78127002716	-1420
1.78131508827	-1420
1.78133606911	-932
1.78138804436	-1298
1.78156304359	543
1.82102894783	-1420
1.82104587555	-1176
1.86536002159	-1420
1.86537599564	-1420
1.86541104317	-1054
1.86559796333	543
1.87823009491	543
1.881939888	-1420
1.88195586205	-298
1.91029906273	543
1.92389202118	543
2.01020908356	-543
2.0107998848	543
2.34109687805	-543
2.34128189087	543
2.47896289825	-543
2.47914099693	543
2.48901295662	-1420
2.48901987076	-1420
2.4890639782	-1054
2.48917102814	543
2.59705686569	-1420
2.59707403183	-1176
2.60830688477	-793
2.61122298241	543
2.70481204987	-1420
2.70483994484	-1176
2.73701095581	-1031
2.81909704208	-1420
2.8191640377	-1176
2.85580992699	-1420
2.85586309433	-1176
2.8558819294	-1298
2.85950088501	543
2.85971188545	1460
2.85978507996	1460
2.85985207558	707
2.86498093605	-250
2.96353793144	-1420
2.96355509758	-1176
2.99339795113	-517
2.99646496773	543
2.99735188484	543
3.10196590424	-1420
3.10198497772	-1176
3.12531089783	-1031
3.21061205864	-1298
3.21075987816	-1298
3.25359392166	-1060
3.25667786598	543
3.25905990601	1057
3.30412006378	-1420
3.30413389206	-1420
3.30418896675	-1420
3.30419206619	-932
3.30422687531	-1298
3.30422902107	-1298
3.32221102715	-1420
3.32222604752	-1420
3.32228708267	-1054
3.35763788223	-1420
3.35768389702	-1176
3.38499808311	-317
3.3929309845	-1420
3.39294099808	-1420
3.39298892021	-1420
3.39299106598	-932
3.39302492142	-1298
3.39375591278	-1420
3.39379787445	-1420
3.39380097389	-1420
3.39384198189	-1420
3.39384508133	-810
3.39395689964	1057
3.4324119091	-1420
3.43242692947	-1420
3.43248105049	-1420
3.43248391151	-932
3.43251800537	-1420
3.43251991272	-1420
3.43256187439	-1054
3.43256402016	-1298
3.45040798187	-1420
3.45042490959	-1420
3.45047903061	-1420
3.45048189163	-932
3.48593497276	-1420
3.48595094681	-1420
3.48601508141	-1054
3.48618292809	543
3.51358699799	-1420
3.51362204552	-1176
3.52127790451	-1420
3.52129292488	-1420
3.52134799957	-1420
3.5213508606	-1420
3.52138495445	-810
3.52182507515	-1420
3.52192997932	-1420
3.52193307877	-1054
3.52198195457	-1420
3.52198505402	-1420
3.52202892303	-1054
3.5220310688	-1298
3.5220720768	-1298
3.56064105034	-1420
3.56065297127	-1176
3.56070208549	-1420
3.56070494652	-1420
3.56076192856	-1420
3.560765028	-1420
3.56079888344	-1420
3.56080102921	-688
3.56083393097	-1298
3.56101298332	543
3.56118702888	543
3.578551054	-1420
3.57856893539	-1176
3.57862591743	-1420
3.57862901688	-1420
3.57866501808	-1420
3.5786678791	-932
3.61424994469	-1420
3.61426496506	-1420
3.61433792114	-1420
3.61434102058	-932
3.64212799072	-1420
3.64214706421	-1420
3.64219999313	-1054
3.64952588081	-1420
3.64959001541	-1420
3.64959406853	-1420
3.64963293076	-932
3.64963507652	-1420
3.64966893196	-1176
3.64980792999	543
3.64999508858	-1420
3.6499979496	-1176
3.65007996559	-1420
3.65008187294	-1176
3.65015792847	-1420
3.65016102791	-1176
3.65032696724	-1420
3.65033102036	-1420
3.65043997765	-1054
3.65044307709	-1298
3.6504778862	-1298
3.68896198273	-1420
3.68902087212	-1420
3.68902492523	-1054
3.68912506104	-1298
3.68912696838	-1420
3.68917894363	-1420
3.6891810894	-1054
3.68930888176	-1420
3.68931102753	-1420
3.68934488297	-1420
3.68934798241	-932
3.68957686424	1057
3.70689201355	-1420
3.70690703392	-1420
3.70696091652	-1054
3.70696306229	-1420
3.70699691772	-1420
3.70699906349	-1420
3.7070338726	-1420
3.70703601837	-810
3.70706796646	-1298
3.74251198769	-1420
3.74257802963	-1420
3.74258208275	-1420
3.74262094498	-932
3.74262404442	-1298
3.77057290077	-1420
3.77058792114	-1420
3.77064490318	-1420
3.77064800262	-932
3.77080798149	543
3.77771401405	-1420
3.77771997452	-1420
3.77776503563	-1420
3.77776694298	-932
3.77801203728	-1420
3.7780148983	-1176
3.77806305885	-1420
3.7780649662	-1176
3.77844905853	-1420
3.77845406532	-1420
3.77849197388	-1420
3.77849507332	-1420
3.77859592438	-810
3.77859807014	-1420
3.77863693237	-1420
3.77863907814	-1054
3.7786860466	-1420
3.77868890762	-1420
3.77872300148	-1054
3.77872490883	-1298
3.77881908417	-1420
3.77882099152	-1420
3.77882194519	-1054
3.77891802788	-1298
3.77907800674	543
3.77923202515	543
3.81722092628	-1420
3.81723999977	-1420
3.81735992432	-1054
3.81736302376	-1420
3.81740808487	-1420
3.81741094589	-1054
3.81746101379	-1420
3.81746387482	-1420
3.81756401062	-1054
3.81756687164	-1420
3.81760501862	-1420
3.81761097908	-1054
3.81765198708	-1420
3.81765389442	-1176
3.83524894714	-1420
3.83526301384	-1420
3.83538889885	-1420
3.83539104462	-932
3.83543491364	-1420
3.83543801308	-1420
3.8354780674	-1054
3.83547997475	-1420
3.83552098274	-1420
3.83552289009	-1054
3.8357129097	543
3.87063288689	-1420
3.87065005302	-1420
3.87070393562	-1420
3.87070703506	-932
3.87074303627	-1420
3.87074589729	-1176
3.89947390556	-1420
3.89949202538	-1420
3.89955091476	-1420
3.89955401421	-1420
3.89959788322	-810
3.89960408211	-1298
3.8998260498	1057
3.90640187263	-1420
3.90640807152	-1420
3.90648508072	-641
4.09277200699	1460
4.09329605103	111
4.09380888939	1057
4.09996700287	543
4.11195206642	1057
4.11593794823	543
4.15878391266	543
4.18383407593	543
4.18982100487	543
4.48987388611	-543
4.52217102051	-1420
4.52223801613	-1176
4.52226495743	-1298
4.52858400345	543
4.53052592278	-1420
4.53053092957	-1176
4.53058409691	-1298
4.57067608833	-1420
4.5707359314	-1176
4.62901902199	-1298
4.63406395912	543
4.65011692047	-343
4.77822589874	-543
4.77849698067	543
4.87081408501	-1298
4.87103390694	543
4.90682601929	-845
4.90703296661	543
4.91945505142	-1420
4.919465065	-1176
5.03594207764	-1031
5.05396604538	-1420
5.05403208733	-1176
5.12046909332	-1420
5.12048602104	-1420
5.12054300308	-1420
5.12055492401	-932
5.12062001228	-1298
5.12062287331	-1298
5.12797093391	543
5.12820887566	543
5.161632061	-1420
5.1616499424	-1420
5.16170406342	-1054
5.16432499886	-802
5.27272605896	-1420
5.27274298668	-1176
5.29301786423	-1060
5.29348993301	1460
5.29354596138	625
5.40165400505	-1420
5.40167093277	-1176
5.4224729538	-517
5.42354893684	543
5.42513990402	543
5.47140407562	-1420
5.4714179039	-1176
5.47148799896	-1420
5.4714910984	-1176
5.47152686119	-1298
5.50978708267	-1420
5.50984692574	-1176
5.52065491676	543
5.52155900002	1057
5.55097699165	-1281
5.55111908913	543
5.65907907486	-1420
5.65910506248	-1176
5.67944788933	-1060
5.68305802345	543
5.68862295151	543
5.70220804214	-1420
5.70222496986	-1420
5.70228695869	-1054
5.70228886604	-1420
5.70233488083	-1420
5.70233893394	-1054
5.70725989342	-1420
5.70726394653	-1420
5.70730304718	-1054
5.70744609833	-1420
5.70756292343	-1176
5.70756602287	-1420
5.70761203766	-1176
5.70761394501	-1420
5.70765995979	-1420
5.70766186714	-1054
5.70769786835	-1298
5.70790886879	543
5.71643686295	-1420
5.71644496918	-1420
5.71649599075	-1420
5.71649909019	-1420
5.71654105186	-810
5.71654295921	-1420
5.71658492088	-1176
5.74913907051	-1420
5.74918889999	-1176
5.76661086082	-1420
5.76666903496	-1176
5.78722405434	-1298
5.80772900581	-344
5.87560892105	-1298
5.89444208145	543
5.90526390076	543
5.93648409843	-302
5.94692087173	543
5.94748592377	543
6.06532001495	-543
6.17861795425	1057
6.19393086433	-543
6.19850802422	543
6.19870591164	-1298
6.32249999046	-874
6.32646799088	1057
6.45100998878	-543
6.5158059597	-1420
6.51582503319	-1420
6.51588106155	-1420
6.51588392258	-932
6.51591897011	-1420
6.51592206955	-1176
6.5161550045	543
6.51632404327	543
6.51643109322	543
6.55305695534	-1420
6.55307292938	-1420
6.55313897133	-1420
6.55314207077	-932
6.56986904144	-1420
6.56988286972	-1176
6.57954406738	-76
6.65664505959	-1298
6.68751096725	-1298
6.70779395103	-32
6.79686689377	-1420
6.79688596725	-1176
6.88235592842	-3
6.8839828968	543
6.8997130394	-1298
6.90333199501	-1298
6.90338897705	-1420
6.90339398384	-1176
7.01065707207	-520
7.03513598442	-1420
7.03520607948	-1176
7.05202198029	-1420
7.05209302902	-1420
7.05209803581	-1054
7.05576705933	543
7.16313409805	-250
7.17229509354	-1420
7.1723279953	-1176
7.29290604591	-1298
7.29590892792	543
7.30024290085	-276
7.30863499641	543
7.46883487701	-543
7.67063307762	-543
7.84430599213	-543
7.85902190208	543
8.19870090485	-1298
8.19887900352	-1420
8.19893908501	-909
8.30662202835	-1420
8.3067150116	-1176
8.3271150589	-3
8.9270529747	543
9.32296705246	-1420
9.32306098938	-665
9.33645296097	543
9.66629195213	543
9.69326806068	-1420
9.69328403473	-1176
9.69334506989	-3
9.69352698326	543
10.0362780094	-543
10.0366230011	543
10.4033360481	-1420
10.4033539295	-1420
10.4034090042	-787
10.5105900764	-1420
10.510641098	-1176
10.5313279629	-517
10.5315339565	543
10.5345029831	543
10.5391750336	1057
11.0309779644	-543
11.1989998817	-1420
11.1990680695	-1176
11.1991260052	-1031
11.199174881	-1420
11.1992170811	-1420
11.1992518902	-1054
11.2896468639	-1420
11.2897279263	-1420
11.2897489071	-1054
11.3065710068	-1298
11.3186180592	1057
11.3270640373	-1368
11.3277468681	1057
11.3281300068	543
11.6687340736	-1420
11.6687529087	-1420
11.6688079834	-787
11.6688120365	-1420
11.6688530445	-1420
11.6688559055	-1054
11.6944680214	1460
11.6945850849	625
11.7579190731	-1420
11.7579360008	-1420
11.757997036	-1054
11.7767679691	-1298
11.7970020771	-1420
11.7970190048	-1420
11.7970809937	-1420
11.7970840931	-932
11.7971270084	-1420
11.7971310616	-1420
11.7971670628	-1420
11.7971699238	-932
11.7974040508	543
11.8860430717	-1298
11.8860619068	-1420
11.8861260414	-1420
11.8861300945	-355
11.902107954	543
11.9089488983	543
11.9217810631	543
11.9337370396	543
12.0141758919	-543
12.0143790245	543
12.3528158665	-1420
12.3528339863	-1420
12.352889061	-1420
12.352891922	-665
12.3529269695	-1420
12.3529288769	-1176
12.3531420231	543
12.4426589012	-1420
12.442677021	-1420
12.4427409172	-1054
12.4427440166	-1420
12.4427890778	-1176
12.4429619312	543
12.4661829472	-1420
12.4661979675	-1420
12.46626091	-1054
12.4665110111	543
12.4810400009	-1420
12.4810540676	-1420
12.4811370373	-1054
12.4811410904	-1420
12.4812040329	-1420
12.4812068939	-1420
12.4812610149	-932
12.481263876	-1298
12.4812989235	-1420
12.4813010693	-1176
12.5709300041	-1420
12.5709469318	-1420
12.5710010529	-1420
12.5710039139	-932
12.5710380077	-1420
12.5710408688	-1420
12.5710749626	-1054
12.5712559223	543
12.5944669247	-1420
12.5944850445	-1420
12.5945429802	-1420
12.5945460796	-932
12.6092319489	-1420
12.6092469692	-1420
12.6093258858	-1420
12.6093299389	-932
12.6093809605	-1420
12.6093840599	-1420
12.609418869	-1054
12.6094210148	-1298
12.6094748974	-1420
12.6094770432	-1420
12.6095218658	-1054
12.6095240116	-1420
12.6095719337	-1176
12.6098139286	517
