0	543
0.134400844574	543
0.216680765152	-543
0.350522994995	-1368
0.350615978241	-1368
0.350634813309	-1368
0.358827829361	-1368
0.375773906708	-1368
0.485300779343	-1015
0.49757194519	543
0.631775856018	543
0.700470924377	-543
0.944734811783	-543
0.950176000595	-1368
0.950684785843	-1368
0.950710773468	-1368
0.950818777084	-1368
0.950844764709	-1368
0.957890987396	-1368
0.957948923111	-1368
0.958037853241	-1368
0.970731973648	-1368
0.970784902573	-1368
0.97602391243	-1368
1.06854891777	1057
1.07913994789	-1368
1.07925987244	-1368
1.08461594582	-1368
1.08470082283	-1368
1.08508992195	-1368
1.08510899544	-1368
1.08514094353	-1368
1.08516097069	-1368
1.08518791199	-1368
1.08522677422	-1368
1.08524990082	-1368
1.08527183533	-1368
1.09225392342	-1368
1.09228396416	-1368
1.09230184555	-1368
1.09233283997	-1368
1.09234881401	-1368
1.09238195419	-1368
1.10505485535	-1368
1.10514688492	-1368
1.11037898064	-1368
1.11044383049	-1368
1.11048293114	-1368
1.1104888916	-1368
1.11120676994	1368
1.20298695564	261
1.21380877495	-1368
1.2138569355	-1368
1.21389889717	-1368
1.21391391754	-1368
1.2191798687	-1368
1.21923685074	-1368
1.21927380562	-1368
1.21928191185	-1368
1.21938681602	-1368
1.2194378376	-1368
1.2194647789	-1106
1.21947193146	-1368
1.2195019722	-1368
1.26138281822	-1368
1.26409578323	-1368
1.26419997215	-1368
1.27502584457	-1368
1.27510786057	-1368
1.30004096031	1368
1.35391497612	-907
1.35396194458	746
1.36125397682	1368
1.3690829277	1368
1.4883108139	949
1.50543498993	-543
1.54051685333	-1368
1.54055690765	-1368
1.54056477547	-1368
1.55628490448	-1368
1.56056785583	-1368
1.56060791016	-1368
1.56063699722	-1368
1.56371378899	-1368
1.56384086609	-1368
1.56972289085	1368
1.58034086227	-1368
1.58038878441	-1368
1.58042883873	-1368
1.58232784271	-1368
1.58556485176	-1368
1.58558678627	-1368
1.58752799034	-1368
1.58754992485	-1368
1.58842492104	1368
1.58942699432	-1368
1.58948898315	-1368
1.59637093544	-1368
1.59729290009	-1368
1.5973508358	-1368
1.59735989571	-1368
1.59828996658	-1368
1.59831786156	-1368
1.59963989258	-1368
1.59968876839	-1368
1.60095691681	-1368
1.60098099709	-1368
1.60099887848	-1368
1.60165882111	-1368
1.60932183266	-1368
1.60934996605	-1368
1.60937976837	-1368
1.61695694923	-1368
1.61703181267	-1368
1.61704182625	-1368
1.6181409359	-1368
1.62034392357	-1368
1.62037086487	-1368
1.62037491798	-1368
1.62267684937	-1368
1.6227388382	-1368
1.62275981903	-1368
1.62504696846	-1368
1.62508392334	1036
1.62509894371	-1368
1.6251077652	-1368
1.62623882294	-1368
1.62627887726	-1368
1.62698292732	-1368
1.62701678276	-1368
1.62753987312	-1368
1.62756991386	-1368
1.62759685516	-1368
1.63159799576	-1368
1.63164591789	-1368
1.63419890404	-1368
1.67490386963	-1368
1.67494893074	-1368
1.67497682571	-1368
1.67499399185	-1368
1.67501497269	-1368
1.67505192757	-1368
1.67508292198	-1368
1.67511796951	-1368
1.6760289669	1368
1.69495797157	-1368
1.6949877739	-1368
1.69500994682	-1368
1.69502186775	-1368
1.69503879547	-1368
1.69507098198	-1368
1.69510793686	-1368
1.69513487816	-1368
1.69809389114	-1368
1.69815587997	-1368
1.69820094109	-1368
1.69822597504	-1368
1.71475076675	-1368
1.71479487419	-1368
1.7148168087	-1368
1.7148399353	-1368
1.71662998199	-1368
1.71670889854	-1368
1.71676397324	-1368
1.71677398682	-1368
1.71992588043	-1368
1.72001981735	-1368
1.72009181976	-1368
1.72010183334	-1368
1.72202992439	-1368
1.72210288048	-778
1.72214984894	-1368
1.72216892242	-1368
1.72379779816	-1368
1.72383499146	-1368
1.72385287285	-1368
1.72385692596	-1368
1.7318649292	-1368
1.7319188118	-1368
1.73195290565	-1368
1.73196196556	-1368
1.73197889328	-1368
1.73198699951	-1368
1.73202085495	-1368
1.73204779625	-1368
1.73250484467	1368
1.73262882233	-1368
1.73265886307	-1368
1.73268485069	-1368
1.73269677162	-1368
1.73411488533	-1368
1.73417282104	-1368
1.73421096802	-1368
1.7342209816	-1368
1.73527479172	-1368
1.73530888557	-1368
1.73533678055	-1368
1.73534393311	-1368
1.73597884178	-1368
1.7360098362	-1368
1.73603582382	-1368
1.73604297638	-1368
1.74371290207	-1368
1.74376988411	-1368
1.74380683899	-1368
1.74382281303	-1368
1.74423289299	1368
1.75134277344	-1368
1.75139784813	-1368
1.7514359951	-1368
1.75144481659	-1368
1.75145888329	-1368
1.75146698952	-1368
1.75151896477	-1368
1.75152587891	-1368
1.75473499298	-1368
1.75478076935	-1368
1.75481677055	-1368
1.75482678413	-1368
1.75484395027	-1368
1.75488495827	-1368
1.75490880013	-1368
1.75494480133	-1368
1.75701594353	-1368
1.75704884529	-1368
1.75707197189	-1368
1.75712180138	-1368
1.75953984261	-1368
1.75957989693	696
1.75959277153	-1368
1.76119184494	-1368
1.76377081871	-1368
1.76382279396	-1368
1.76569795609	-1368
1.76575088501	-1368
1.76728582382	-1368
1.76732492447	-1368
1.77044177055	-1368
1.77049994469	-1368
1.77190899849	-1368
1.77194690704	-1368
1.77198290825	-1368
1.77335476875	-1368
1.77339076996	-1368
1.77342796326	-1368
1.77480697632	-1368
1.7748298645	-1368
1.77485489845	-1368
1.77492880821	-1368
1.77842283249	-1368
1.77844882011	-1368
1.77846693993	-1368
1.78027796745	-1368
1.78030776978	-1368
1.78260183334	-1368
1.78265786171	-1368
1.80940890312	-1368
1.80948495865	-1368
1.80949282646	-1368
1.80949997902	-1368
1.80950284004	-1368
1.80950880051	-1368
1.8100259304	1368
1.81934380531	-1368
1.82354784012	-1368
1.82358193398	-1368
1.82359790802	-1368
1.82543087006	-1368
1.825496912	-1368
1.82552099228	-1368
1.8266658783	-1368
1.83564281464	-1368
1.83567380905	-1368
1.83569383621	-1368
1.83724498749	-1368
1.83727097511	-1368
1.84006595612	-1368
1.84009599686	-1368
1.84010791779	-1368
1.84242391586	-1368
1.84244394302	-1368
1.84423589706	-1368
1.84425282478	-1368
1.85639476776	-1058
1.86067676544	-1368
1.89315295219	-1368
1.94435286522	1318
1.99508285522	-406
2.14089393616	1368
2.14141988754	1368
2.14145088196	1368
2.15549278259	211
2.19182181358	1368
2.22880983353	1368
2.26257777214	1368
2.28979086876	124
2.33867096901	-543
2.36145377159	-1368
2.3646979332	-1368
2.364787817	-1368
2.36480283737	-1368
2.37465596199	-1368
2.37713098526	-1368
2.3829138279	-1368
2.38294696808	-1368
2.3829729557	-1368
2.38611292839	-1368
2.38617897034	-1368
2.39043784142	-1368
2.40764284134	1368
2.41696095467	-1368
2.42744398117	1368
2.43015694618	-1368
2.43018484116	493
2.43019485474	-1368
2.43020296097	-1368
2.4411277771	-1368
2.44115376472	-1368
2.45564198494	-1368
2.47313594818	-773
2.47902584076	1368
2.50511693954	-1368
2.53089785576	-1368
2.53093290329	-1368
2.55682587624	-1368
2.55686593056	-1368
2.55687093735	-1368
2.55699491501	-1368
2.56458091736	232
2.57152581215	-1368
2.57158398628	-1368
2.57179379463	-1368
2.57180786133	-1368
2.57910680771	1368
2.58303284645	-1368
2.58307480812	-1368
2.60776495934	-1126
2.61250782013	-1368
2.61381483078	-1368
2.61416077614	-1368
2.61420083046	-1368
2.61425995827	-1368
2.61498689651	-1368
2.61501479149	-1368
2.61537289619	-1368
2.61539697647	-1368
2.61578583717	-1368
2.61581587791	-1368
2.62453198433	-1368
2.62459397316	-1368
2.62524795532	-1368
2.62737894058	-1368
2.62745189667	-1368
2.6274638176	-1368
2.62747883797	-1368
2.6280298233	-1368
2.62806797028	-1368
2.62807798386	-1368
2.62840485573	-1368
2.62842583656	-1368
2.62891983986	-1368
2.62949585915	-1368
2.629529953	-1368
2.63006782532	-1368
2.63010978699	-1368
2.63012194633	-1368
2.63035392761	-1368
2.63040280342	-1368
2.63116598129	-1368
2.63119482994	-1368
2.63151097298	-1368
2.63153481483	-1368
2.63213992119	-1368
2.63216686249	-1368
2.63219094276	-1368
2.63847780228	-1368
2.6385269165	-1368
2.63853597641	-1368
2.63854885101	-1368
2.63858294487	-1368
2.63913297653	1368
2.64249491692	-1368
2.64253997803	-1368
2.64256596565	-1368
2.65191078186	-1368
2.65197491646	-1368
2.65201497078	-1368
2.66586780548	-1368
2.66591978073	-1368
2.66703391075	1368
2.67047381401	1368
2.69493985176	1057
2.71363782883	986
2.74681186676	-666
2.84801387787	1086
2.91126799583	-1368
2.91486787796	-1368
2.91490578651	-1368
2.91701984406	-1368
2.91926193237	-1368
2.91971683502	-530
2.92086577415	-1368
2.92088890076	-1368
2.92298293114	-1368
2.925126791	-1368
2.92804789543	-1368
2.92815279961	-1368
2.93885183334	-1368
2.93998599052	1368
2.95016884804	1368
2.95064282417	1368
2.99009490013	-543
3.04651379585	153
3.05397486687	-936
3.08197379112	-1368
3.1613638401	-1368
3.16144394875	-1368
3.16151189804	-1368
3.1639509201	-1368
3.16404891014	-1368
3.16406178474	-1368
3.16551184654	-1368
3.16555690765	-1368
3.17066287994	-1368
3.17071485519	-1368
3.17075395584	-1368
3.17198395729	-1368
3.17526292801	-1368
3.17682099342	-1368
3.17685580254	-1368
3.176902771	-1368
3.18388581276	-1368
3.18392586708	1057
3.18394088745	-1368
3.22762298584	-454
3.22948694229	1368
3.23030996323	1368
3.24945497513	-1368
3.25968384743	-1231
3.26347589493	-1368
3.26351499557	-1368
3.26354885101	-1368
3.27545380592	-1368
3.27553892136	-1368
3.30140399933	-1368
3.3620159626	-480
3.36206388474	1007
3.37045192719	1368
3.49649977684	-543
3.49655199051	232
3.56940197945	-1368
3.5694539547	-1368
3.63068294525	-435
3.68766784668	-1368
3.68772697449	-1368
3.68776893616	-1368
3.69087696075	-1368
3.70578885078	-1368
3.7131857872	-1368
3.73736000061	543
3.75052976608	-1368
3.75833892822	1368
3.77648186684	-1368
3.77655076981	-1368
3.80363678932	-372
3.82280778885	1368
3.8228199482	1368
3.8928527832	95
3.97836399078	-543
4.1203379631	-1368
4.1312918663	-1368
4.13878679276	-1368
4.15714788437	-1368
4.15730881691	-1368
4.15943384171	-45
4.16249990463	543
4.28165984154	-1368
4.28176093102	-1368
4.29377579689	-406
4.29675579071	1057
4.32752799988	1368
4.43109178543	-543
4.43115878105	203
4.56548285484	543
4.61557078362	-543
4.7706758976	-1368
4.78744888306	-261
4.78860783577	1368
4.78873276711	717
4.8261859417	-1368
4.92174887657	-261
4.92306184769	543
5.11654376984	-543
5.11800599098	1368
5.11813879013	717
5.45642495155	-543
5.45772695541	1368
5.45785284042	203
5.78191184998	-543
5.78512692451	-1368
5.78519392014	-1368
5.78520178795	-1368
5.78654098511	-1368
5.78658294678	-1368
5.79354977608	-1368
5.79366993904	-1368
5.80795693398	-1368
5.80799388885	-1368
5.80802297592	-1368
5.80811285973	-1368
5.80851387978	543
5.83554983139	-1368
5.83560585976	-1368
5.83562898636	-1368
5.83651089668	-1368
5.8376147747	-1368
5.83896780014	-1368
5.84017682076	-1368
5.84021186829	-1368
5.84183692932	-1368
5.84186387062	-1368
5.84989881516	-1368
5.85001277924	-1368
5.85008192062	-1368
5.85994076729	-1368
5.91953492165	-246
5.92082095146	1368
5.94297289848	746
6.27096986771	-543
6.2716319561	-1368
6.27170276642	-1368
6.27196192741	-1368
6.27199578285	-1368
6.28301692009	-1368
6.28307199478	-1368
6.28351283073	-1368
6.28372478485	-1368
6.28374886513	-1368
6.28402781487	543
6.29701185226	-1368
6.34247899055	-1368
6.34855985641	-1368
6.34860682487	-1368
6.34862494469	-1368
6.35330581665	-1368
6.35731387138	-1368
6.36032295227	-1368
6.36324381828	-1368
6.36615777016	-1368
6.36826395988	-1368
6.36830091476	-1368
6.36832380295	-1368
6.373295784	-1368
6.37336182594	-1368
6.37560892105	-1368
6.3756737709	-1368
6.37807583809	-1368
6.37811398506	-1368
6.38001298904	-1368
6.38005280495	-1368
6.38015794754	-1368
6.39073491096	-1368
6.39077997208	-1368
6.39291286469	-1368
6.39293885231	-1368
6.39295887947	-1368
6.3941988945	-1368
6.39422988892	-1368
6.40009784698	-1368
6.4001429081	-1368
6.40583586693	-460
6.41829776764	1086
6.42021989822	-1368
6.42027783394	-1368
6.42726278305	-543
6.54022598267	-377
6.54260897636	1368
6.5925989151	203
6.91238594055	-543
6.93740797043	543
7.00848197937	1368
7.07173395157	717
7.15985989571	-543
7.18584299088	-1368
7.3201239109	-203
7.34504294395	543
7.47956991196	-543
7.4855017662	1368
7.48567581177	203
7.54441094398	-1368
7.62021279335	-1318
7.657558918	543
7.8172519207	-543
7.81732678413	1057
7.81863689423	-1368
7.81867480278	-1368
7.81870698929	-1368
7.82746291161	-1368
7.82754182816	-1368
7.84351396561	-1368
7.86346578598	-1368
7.86352491379	-1368
7.8635559082	-1368
7.86356282234	-1368
7.86939477921	-1368
7.86968493462	1368
7.87755489349	1368
7.95182085037	-662
7.95187687874	978
8.1642138958	-543
8.1749689579	543
8.30194997787	1057
8.33562994003	-1086
8.34612488747	1368
8.36718082428	1368
8.36719799042	1368
8.43631577492	124
8.50775098801	-543
8.57866477966	-1368
8.57873177528	-1368
8.57876181602	-1368
8.58362388611	-1368
8.58369088173	-1368
8.58414983749	543
8.58864378929	-1368
8.58868288994	-1368
8.59292984009	-1368
8.59297084808	-1368
8.59299492836	-1368
8.59313583374	-1368
8.60564088821	-1368
8.60569691658	-1368
8.60572385788	-1368
8.61015987396	-1368
8.61408996582	-1368
8.61413598061	-1368
8.61871480942	-1368
8.61877083778	-1368
8.61888885498	-1368
8.61891698837	-1368
8.61894583702	-1368
8.6301779747	-1368
8.63024997711	-1368
8.63025999069	-1368
8.63553881645	-1368
8.63560080528	-1368
8.64015579224	-1368
8.64020085335	-1368
8.64352083206	-1368
8.64355993271	-1368
8.64698290825	-1368
8.64711785316	-1368
8.64720988274	-1368
8.64723491669	-1368
8.64726877213	-1368
8.65589380264	-1368
8.65596985817	-1368
8.65913677216	-1368
8.6592168808	-1368
8.65923094749	-1368
8.66305780411	-1368
8.66312098503	-1368
8.66366791725	1368
8.66772890091	-1368
8.67484378815	-1368
8.67492294312	-1368
8.67682981491	-1368
8.67690896988	-1368
8.67968082428	-882
8.68335795403	-1368
8.68804192543	-1368
8.68810176849	-1368
8.69225382805	-1368
8.69232177734	-1368
8.69233489037	-1368
8.70046377182	-1368
8.70057177544	-1368
8.7047829628	-1368
8.70489597321	-1368
8.70493888855	-1368
8.70513391495	-1368
8.70516180992	-1368
8.71667098999	-1368
8.71674084663	-1368
8.72131490707	-1368
8.72135186195	804
8.72443795204	-1368
8.72448587418	-1368
8.72880887985	-1368
8.72886586189	-1368
8.72889184952	-1368
8.73207592964	-1368
8.7321498394	-1368
8.74103498459	-1368
8.7411108017	-1368
8.74602079391	-1368
8.7501437664	-1368
8.75024080276	-1368
8.75532388687	-1368
8.75541090965	-1368
8.76110196114	-1368
8.7620909214	-1368
8.76215577126	-1368
8.76217889786	-1368
8.77066493034	-1368
8.77069091797	-1368
8.77710580826	-1368
8.77716898918	-1368
8.7811229229	-1368
8.78118181229	-1368
8.78122878075	-1368
8.78847694397	-1368
8.7920229435	-1368
8.79593491554	-1368
8.79941082001	1368
8.80075097084	-1368
8.81405377388	-903
8.81829190254	-1368
8.89551496506	1318
8.94845986366	-717
8.96824479103	1368
9.06943583488	717
9.08287382126	-543
9.10129880905	-1368
9.10137581825	-1368
9.10138678551	-1368
9.10328292847	-1368
9.1033308506	-1368
9.10454487801	-1368
9.1045768261	-1368
9.107462883	-1368
9.10752987862	-1368
9.10755085945	-1368
9.10899782181	-1368
9.11022591591	-1368
9.11175298691	-1368
9.11180996895	-1368
9.11181998253	-1368
9.11327791214	-1368
9.11484479904	-1368
9.11490178108	-1368
9.11643576622	-1368
9.11656594276	-1368
9.11744189262	-1368
9.11751699448	-1368
9.1175339222	-1368
9.12610983849	-1368
9.12617278099	-1368
9.17500376701	543
9.19405984879	-1368
9.19561576843	-1368
9.19565582275	-1368
9.196641922	-1368
9.19667983055	-1368
9.19670081139	-1368
9.19749498367	-1368
9.19752287865	-1368
9.19835591316	-1368
9.19838190079	-1368
9.19954395294	-1368
9.20024085045	1368
9.20076394081	-1368
9.2008099556	-1368
9.20184779167	-1368
9.20191597939	-1368
9.20249676704	-1368
9.20252585411	-1368
9.20359396935	-1368
9.20363378525	-1368
9.21783280373	-1368
9.21789193153	232
9.21791577339	-1368
9.21793293953	-1368
9.23572993279	-1280
9.35220885277	1057
9.40748381615	-543
9.4216067791	1368
9.43208193779	-543
9.52651882172	203
9.54216980934	-543
9.5557949543	-1368
9.57514595985	-1368
9.5752158165	-1368
9.69007587433	-124
9.70256590843	543
9.70403289795	1057
9.84899282455	-543
9.87108588219	-1368
9.87113189697	-1368
9.87554478645	-1368
9.87649297714	543
9.92319178581	-1368
10.0053369999	-298
10.0667998791	-543
10.2444419861	-1057
10.2463669777	1368
10.2465119362	203
10.4774398804	-543
10.5035858154	-1368
10.5228869915	1057
10.6120817661	-1347
10.7281677723	-1368
10.7541778088	-1368
10.7542197704	-1368
10.7876977921	-667
10.792514801	543
10.7932398319	543
10.9674508572	-543
11.2154037952	-1057
11.2176239491	1368
11.2177689075	717
11.4543299675	-543
11.480424881	-1368
11.5160548687	1057
11.588835001	-1347
11.7425239086	-1368
11.7425618172	-1368
11.7580487728	-1368
11.7635757923	-667
11.7854919434	543
11.7866768837	543
11.9665949345	-543
12.1668257713	-1057
12.169331789	1368
12.169552803	203
12.2024028301	976
