0	543
0.0267248153687	543
0.447127819061	-543
0.820688009262	-543
0.831950902939	1057
1.27178692818	-543
1.56546282768	-543
1.57834601402	-1420
1.57841181755	-1420
1.57844996452	-787
1.70277190208	-1420
1.70282101631	-180
1.70508980751	543
1.71095395088	543
1.72208881378	543
1.72238492966	543
1.72272801399	543
1.89917898178	-543
1.92627882957	-1420
1.92638492584	-1208
2.1497168541	-543
2.32028698921	-543
2.5945789814	-543
2.6123650074	-1420
2.61242890358	-1420
2.61246800423	-1330
2.73670482635	-1086
2.7386879921	543
2.73920583725	543
3.18879294395	-543
3.61713790894	-543
3.63044190407	-1420
3.63049793243	-1420
3.63053584099	-787
3.64283299446	-1420
3.64287781715	-665
3.66626882553	1057
3.69372987747	1057
3.91919589043	-543
3.9358279705	-1420
3.9358959198	-1420
3.93590283394	-787
3.9384059906	1057
3.94830489159	-1420
3.94831395149	-1420
3.94835996628	-787
3.95079088211	1057
4.21124196053	-543
4.21244096756	-1420
4.21249580383	-1420
4.21249890327	-787
4.21273493767	-1420
4.21273899078	-665
4.21884989738	543
4.23688197136	-1420
4.2368979454	-1420
4.2369530201	-1330
4.23711299896	543
4.36128401756	-543
4.51241803169	-543
4.51345300674	-1420
4.51349687576	-1420
4.51353383064	-787
4.52559399605	-1420
4.52564883232	-1420
4.52566695213	-787
4.59557080269	-1420
4.59562897682	-180
4.72001385689	-1086
4.8097858429	-1420
4.80980396271	-1420
4.80985999107	-1330
4.82189702988	-1420
4.82191181183	-1420
4.82196688652	-787
4.83524298668	-1420
4.83525395393	-1420
4.83530402184	-302
4.95981693268	-1086
5.03540802002	-1420
5.03543496132	-180
5.05021500587	-1420
5.0502269268	-180
5.11741900444	-1420
5.11743283272	-1420
5.11748886108	-1330
5.11766195297	543
5.1297659874	-1420
5.12977600098	-1420
5.12982392311	-787
5.15542197227	-1420
5.15548586845	-1420
5.15548992157	-1330
5.25503993034	-1420
5.25505781174	-723
5.3793900013	-543
5.40098500252	-1420
5.40105485916	-1420
5.40105986595	-1359
5.41398882866	-1420
5.41399884224	-1420
5.41404795647	-1330
5.43921279907	-1420
5.43928194046	-1420
5.43928694725	-845
5.43949198723	543
5.46032595634	-1420
5.46034193039	-1420
5.46040391922	-1330
5.58458590508	-543
5.66296601295	-1420
5.662981987	-1420
5.6630449295	-302
5.71002101898	-1420
5.7100379467	-1420
5.71007490158	-1330
5.72219085693	-1420
5.7222058773	-665
5.72236680984	543
5.73551082611	-1420
5.73552083969	-1420
5.73557400703	-302
5.73596382141	-1420
5.73600697517	-1420
5.7360098362	-1330
5.74539780617	-1420
5.74540495872	-694
5.7476439476	-1420
5.74764990807	-151
5.80985498428	-1420
5.809871912	-1208
5.81199383736	543
5.83995985985	-1420
5.8399848938	-1208
5.84258985519	543
5.84288191795	1057
5.94614100456	1057
5.99240398407	-543
6.02012991905	-1420
6.02020287514	-1420
6.02020692825	-787
6.03221583366	-1420
6.03222990036	-1420
6.03228402138	-331
6.0326218605	-1420
6.03266692162	-1420
6.03266882896	-1330
6.0351088047	543
6.03557300568	543
6.03601193428	-1420
6.03601789474	-1420
6.03605985641	-1420
6.03606295586	-453
6.04509902	-1420
6.04510998726	-665
6.15325498581	-1420
6.1532728672	-1208
6.15524792671	543
6.32786488533	-543
6.32800388336	543
6.32942485809	-1420
6.32943081856	-1420
6.32947182655	-787
6.32947492599	-1420
6.32950901985	-1420
6.3295109272	-787
6.32964491844	543
6.34104299545	-1420
6.34106302261	-1420
6.34112000465	-1330
6.35468888283	-1420
6.3547399044	-665
6.47914385796	-1086
6.62634897232	-543
6.62756586075	-1420
6.62757086754	-1420
6.6276140213	-787
6.62788796425	-1420
6.62789297104	-1420
6.62794089317	-787
6.63896679878	-1420
6.63897585869	-1420
6.6390209198	-1330
6.65393185616	-1420
6.65394687653	-1420
6.65399980545	-816
6.65421795845	543
6.77826595306	-543
6.81609892845	-1420
6.81623482704	-1316
6.81624102592	-1420
6.81627988815	-14
6.82788896561	-1420
6.82795190811	-1420
6.8279569149	-273
6.92357397079	-1420
6.92358994484	-1420
6.92365193367	-1420
6.92365479469	-453
6.92379593849	-1420
6.92379879951	-1420
6.92383480072	-1420
6.92383790016	-453
6.93503594398	-1420
6.93505096436	-1420
6.93510484695	-787
6.93521595001	-1420
6.9352478981	-180
6.93535280228	543
7.05263400078	-1420
7.05265188217	-1420
7.05271697044	-302
7.19977593422	-543
7.20087194443	-1420
7.20087695122	-1420
7.20092487335	-787
7.2010538578	-1420
7.20105600357	-1420
7.20105695724	-787
7.21302199364	-1420
7.21303582191	-1420
7.21308898926	-1330
7.213285923	543
7.21500182152	-1420
7.21501779556	-1420
7.21504187584	-1330
7.21666502953	-1420
7.21671700478	-1237
7.219810009	-1420
7.21986484528	-1420
7.21986794472	-1330
7.21990299225	-1420
7.2199048996	-665
7.22576379776	-1420
7.22578287125	-1420
7.22584986687	-1330
7.2261698246	543
7.23799395561	-1420
7.23800992966	-1420
7.23806381226	-787
7.51162099838	-543
7.51540780067	-1420
7.51545190811	-1420
7.51550102234	-787
7.51554679871	-1420
7.51558089256	-665
7.53595280647	-1420
7.53601980209	-1420
7.53606390953	-1330
7.55075788498	-1420
7.55082297325	-1420
7.55086684227	-787
7.58106088638	-1420
7.58112692833	-1420
7.58117890358	-1330
7.58135986328	543
7.59370183945	-1420
7.59371495247	-1420
7.59376382828	-1420
7.59376692772	-453
7.6078619957	-1420
7.6078748703	-1420
7.60792684555	-787
7.62427997589	-1420
7.62435388565	-1420
7.62435889244	-1330
7.63076591492	-1420
7.63078999519	-1420
7.63082385063	-816
7.63223385811	-1420
7.63228201866	-1420
7.63228487968	-1330
7.63241696358	543
7.63268685341	-1420
7.63269090652	-1420
7.63273382187	-787
7.6334798336	-1420
7.63352298737	-1420
7.63352584839	-1330
7.63392090797	-1420
7.63392591476	-1420
7.63396787643	-1330
7.63450598717	-1420
7.63453888893	-1237
7.64131188393	-1420
7.64138102531	-1420
7.64138579369	-302
7.80683898926	-543
7.82154893875	-1420
7.8215918541	-180
7.82331681252	-1420
7.82335495949	-151
7.82342481613	543
7.98590993881	-543
7.98703980446	-1420
7.98712086678	-1420
7.98712682724	-787
7.98747491837	543
7.99912190437	-1420
7.9991350174	-1420
7.99918699265	-787
8.00133800507	1057
8.01301980019	-1420
8.01302886009	-1420
8.01308679581	-1330
8.01339292526	543
8.11357998848	1460
8.11365795135	111
8.12841796875	1460
8.12849593163	111
8.1344769001	1460
8.13454389572	111
8.13819599152	1460
8.1382598877	111
8.14271402359	543
8.14499282837	1057
8.14626288414	1460
8.1463329792	111
8.14965581894	1460
8.14972496033	111
8.15429782867	1057
8.15755081177	1460
8.15762996674	111
8.168145895	1057
8.17169880867	1057
8.19358992577	1057
8.20776581764	1057
8.23220086098	1057
8.23539495468	543
8.23793697357	1057
8.2422118187	1057
8.29242300987	543
8.29272079468	543
8.40294384956	-543
8.44749403	1057
8.60048794746	-543
8.61393284798	-1420
8.61399483681	-1420
8.61403393745	-787
8.62636685371	-1420
8.62643384933	-1420
8.62647199631	-273
8.69121980667	-1420
8.69128584862	-1420
8.69131183624	-1330
8.70379686356	-1420
8.70386099815	-1316
8.70389795303	-1420
8.70393300056	-557
8.70586895943	-1420
8.70587491989	-1420
8.70597791672	-787
8.70598101616	-1420
8.70601892471	-1420
8.70602202415	-1330
8.7161719799	-1420
8.71618580818	-1208
8.71622991562	-1420
8.71623301506	-180
8.7203669548	-1420
8.7203810215	-1316
8.72045898438	-1420
8.7204618454	-1420
8.7204978466	-1330
8.72050094604	-891
8.72054290771	-1420
8.72054696083	-180
8.72083497047	543
8.72874689102	-1420
8.72876882553	-1316
8.72880601883	-1420
8.72880887985	-14
8.73087286949	-1420
8.73087882996	-1420
8.73098683357	-787
8.73098897934	-1420
8.73102688789	-1420
8.73102998734	-1330
8.73115801811	-1420
8.73116087914	-694
8.73134589195	543
8.73580980301	-1420
8.73582291603	-1420
8.73585391045	-1420
8.73585581779	-250
8.73600697517	-1420
8.73601102829	-839
8.7363088131	-1420
8.73631286621	-1179
8.7363948822	543
8.74310898781	-1420
8.74311900139	-1420
8.74316692352	-787
8.74567699432	-1420
8.7457280159	-1420
8.74573087692	-1420
8.74577784538	-735
8.74577999115	-1420
8.74581480026	-1382
8.74599289894	-1420
8.74608492851	-1420
8.74608802795	-816
8.74612402916	-1420
8.74612593651	-1420
8.74616003036	-787
8.80294895172	-1420
8.80296587944	-209
8.80748200417	-1420
8.80751490593	-180
8.80960083008	-1420
8.80961585045	-1179
8.82790493965	-1420
8.82792496681	-209
8.84410595894	-1420
8.84412002563	-694
8.84476280212	543
8.84516787529	1057
8.95307397842	-543
8.99887800217	-1420
8.99888896942	-1420
8.99893498421	-1330
8.99914979935	-1420
8.99915194511	-1420
8.99915289879	-787
9.00977683067	-1420
9.0097899437	-1420
9.0098388195	-1330
9.01003479958	543
9.02206087112	-1420
9.02208399773	-1179
9.02223300934	543
9.07184886932	-1420
9.07186794281	-1420
9.07193088531	-1330
9.08402681351	-1420
9.0840909481	-1420
9.08409500122	-787
9.09511780739	-1420
9.09513187408	-1420
9.09518480301	-1330
9.09553098679	-1420
9.0955657959	-1316
9.09567379951	-1420
9.09573483467	-557
9.09577393532	-1420
9.09580397606	-1420
9.09580588341	-787
9.09594392776	543
9.09621191025	-1420
9.09621691704	-1316
9.09631299973	-1420
9.09631681442	-14
9.09669089317	-1420
9.09669995308	-1316
9.0967400074	-1420
9.09674286842	-14
9.09694695473	-1420
9.09695196152	-1420
9.09699296951	-1264
9.09699487686	-609
9.09784293175	-1420
9.09784793854	-1420
9.09789180756	-787
9.1059718132	-1420
9.10610485077	-1420
9.10611081123	-1420
9.10616087914	-1420
9.10616397858	-1226
9.10620093346	-1420
9.10620379448	-14
9.10623884201	-1368
9.10624194145	-1420
9.10629796982	-1420
9.10630393028	-505
9.106580019	543
9.10994696617	-1420
9.10995697975	-665
9.11008000374	543
9.11021089554	-1420
9.11021280289	-1420
9.11025381088	-302
9.11098384857	-1420
9.1110830307	-1316
9.11108589172	-1420
9.11112380028	-14
9.11126184464	-1420
9.11129403114	-665
9.11278295517	-1420
9.11285090446	-1420
9.11285495758	-302
9.11293387413	-1420
9.11293697357	-1420
9.11298298836	-302
9.11304593086	-1420
9.11306500435	-1420
9.1130669117	-787
9.11321496964	-1420
9.1132209301	-1420
9.11325883865	-787
9.11362290382	543
9.12634086609	-1420
9.12635588646	-1420
9.12641382217	-1330
9.126942873	-1420
9.12698888779	-1420
9.12699198723	-1330
9.12716388702	-1420
9.12716698647	-1316
9.1273059845	-891
9.12730789185	-1420
9.12734389305	-1316
9.1273458004	-1420
9.12738990784	-14
9.12739181519	-1420
9.12750291824	-1420
9.12750482559	-613
9.12760996819	-1368
9.12761282921	-1420
9.12764883041	-14
9.12787485123	543
9.13377094269	-1420
9.13377785683	-1420
9.13382196426	-787
9.13495182991	-1420
9.13498902321	-180
9.22146701813	-1420
9.22148394585	-1420
9.22153902054	-845
9.22180581093	543
9.2408850193	-1420
9.24090099335	-180
9.30068182945	-1420
9.30072999001	-209
9.31291389465	-1420
9.31292581558	-1420
9.31298589706	-787
9.37360501289	-1420
9.37362384796	-723
9.39664292336	-1420
9.39665794373	-1420
9.39673399925	-1330
9.39673686028	-1420
9.39677381516	-1420
9.39677786827	-787
9.3970489502	-1420
9.39705395699	-1316
9.39722895622	-1420
9.39723300934	-14
9.39748597145	-1420
9.39749002457	-1420
9.39752984047	-1330
9.39792895317	-1420
9.39793395996	-1420
9.39797496796	-1264
9.39797687531	-609
9.39810490608	543
9.40852594376	-1420
9.40854287148	-1420
9.40857887268	-787
9.42481279373	-1420
9.42488598824	-1420
9.42489099503	-816
9.46794295311	-1420
9.46796894073	-1420
9.46802401543	-1330
9.46802687645	-1420
9.46806097031	-1420
9.46806383133	-787
9.46826696396	543
9.46863484383	-1420
9.46863985062	-1420
9.46868181229	-1330
9.46887898445	-1420
9.46891283989	-1420
9.46891593933	-1330
9.4690079689	543
9.47978687286	-1368
9.48003387451	-1420
9.4800889492	-1420
9.48009181023	-505
9.49218082428	-1420
9.49219679832	-1420
9.49225902557	-787
9.51098179817	-1420
9.51105189323	-1420
9.51105594635	-302
9.52690291405	-1420
9.52691698074	-180
9.53245592117	-1420
9.5324640274	-1420
9.53250694275	-302
9.53494882584	-1420
9.53499293327	-723
9.54500293732	-1420
9.54507398605	-1420
9.54507899284	-302
9.61299180984	-1420
9.61300802231	-1420
9.61307001114	-845
9.61648988724	543
9.61875581741	-1368
9.61894583702	-1420
9.61900186539	-1382
9.62099099159	543
9.62118983269	543
9.63134288788	-1420
9.63136601448	-665
9.65574097633	-1420
9.65576481819	-180
9.66817498207	-1420
9.66818189621	-180
9.758893013	-1420
9.7589199543	-1420
9.75895881653	-302
9.81641983986	-1420
9.81643295288	-1420
9.81648397446	-302
9.85963201523	-1420
9.85964894295	-209
9.86497592926	-1420
9.86499595642	-665
9.8654999733	-1420
9.86551380157	-1316
9.86560893059	-1420
9.86561203003	-1420
9.86566901207	-1420
9.86567282677	-801
9.86589002609	543
9.86593794823	-1420
9.86593985558	-1420
9.86594080925	-1330
9.86603999138	543
9.86607694626	-1420
9.86607885361	-1316
9.86607980728	-1420
9.86608099937	-14
9.8666908741	-1420
9.86670088768	-1420
9.86672496796	-1264
9.86672687531	-609
9.86715888977	-1420
9.86716389656	-1420
9.8671848774	-787
9.86750602722	-1420
9.86754798889	-1420
9.86755084991	-1330
9.86779499054	-1420
9.86779880524	-1420
9.86783981323	-1330
9.87076401711	543
9.87619280815	-1420
9.8762049675	-1420
9.87625598907	-1420
9.8762588501	-453
9.89013695717	-1420
9.89015197754	-1420
9.89019989967	-787
9.92258191109	-1420
9.92264795303	-1420
9.92265295982	-331
9.93020486832	-1420
9.93021082878	-1420
9.93025398254	-302
9.93251490593	-1420
9.93255591393	-180
9.94255590439	543
9.94346094131	1460
9.94350981712	1139
9.9860329628	1057
9.9995598793	1057
10.0068149567	-1420
10.0068378448	-1208
10.0088260174	543
10.0122139454	1460
10.0122628212	1460
10.0123078823	1161
10.0124189854	89
10.0139908791	-1420
10.0139968395	-1208
10.0156350136	-1420
10.0156400204	-1208
10.0215828419	543
10.0238909721	543
10.0308129787	1460
10.0308659077	1139
10.0311059952	1460
10.0311508179	1139
10.0616798401	-1420
10.0616998672	-1420
10.0617539883	-302
10.061923027	543
10.0640349388	-1420
10.0640399456	-1420
10.0640850067	-302
10.1216108799	543
10.1244008541	-543
10.1370708942	-543
10.1566758156	-1420
10.1567468643	-665
10.1586818695	543
10.1595900059	1460
10.1596479416	111
10.2585577965	-1420
10.2585778236	-180
10.2587327957	-1420
10.2587368488	-1316
10.2588009834	-1420
10.2588038445	-14
10.25928092	-1420
10.2592859268	-1420
10.2593278885	-787
10.2604968548	-1420
10.2605428696	-1420
10.260545969	-1330
10.2610440254	-1420
10.2610487938	-1420
10.2610948086	-1330
10.2616269588	543
10.2620198727	-1368
10.2622969151	-1420
10.262337923	-1420
10.2623398304	-505
10.2625617981	-1420
10.2625648975	-1420
10.262583971	-1420
10.262586832	-1420
10.2626028061	-1420
10.2626049519	-697
10.2627408504	-1420
10.2627449036	-1420
10.2627828121	-1330
10.2628519535	-1420
10.2628698349	-1420
10.2628729343	-1420
10.2628879547	-453
10.2692630291	-1420
10.2693169117	-1420
10.2693209648	-787
10.2694299221	543
10.274520874	-1420
10.2745289803	-1420
10.2746338844	-1330
10.2746369839	-1420
10.2746739388	-1420
10.2746767998	-1420
10.2747139931	-967
10.2748398781	543
10.2749598026	-1420
10.2749629021	-1420
10.274990797	-273
10.2751297951	-1420
10.2751669884	-1420
10.2751698494	-787
10.2866709232	-1420
10.2867059708	-1208
10.3206148148	-1420
10.3206298351	-1208
10.3226168156	543
10.3234729767	1460
10.3235218525	1460
10.3235888481	707
10.332960844	-1420
10.3329679966	-1420
10.3330218792	-302
10.447412014	-543
10.4560978413	-1420
10.4561069012	-665
10.4579808712	543
10.4754300117	-1420
10.4754419327	-1208
10.4774489403	543
10.478276968	1460
10.4783258438	111
10.5591139793	-1420
10.5591318607	-209
10.5622889996	543
10.5687289238	-1420
10.5687389374	-1420
10.5687878132	-1330
10.5812268257	-1420
10.5812718868	-1237
10.5814328194	543
10.5974919796	-1420
10.5975039005	-209
10.6158969402	-1420
10.6159198284	-180
10.619093895	1057
10.6514987946	-1420
10.651515007	-1420
10.6515698433	-302
10.6532378197	-1368
10.6535680294	-1420
10.6535818577	-1420
10.6536359787	-1420
10.6536478996	-1420
10.6536839008	-749
10.6536879539	-1420
10.6537268162	-1420
10.6537299156	-1330
10.653968811	-1420
10.6539728642	-1420
10.6540119648	-1330
10.6540689468	543
10.6655459404	-1420
10.6655619144	-1420
10.6656169891	-1420
10.6656198502	-453
10.6777908802	-1420
10.6778078079	-1420
10.6778638363	-787
10.6780259609	543
10.7057080269	-543
10.7108700275	-543
10.746024847	-1420
10.7460370064	-1208
10.7480208874	543
10.7488539219	543
10.7575500011	543
10.8669409752	-543
10.8703179359	-543
10.955824852	543
10.9631679058	-1420
10.963176012	-1316
10.963351965	-1420
10.963354826	-557
10.975605011	-1420
10.9756178856	-1420
10.9756708145	-273
10.9767599106	-1420
10.9767649174	-694
10.9832777977	-1420
10.9832890034	-1420
10.9833378792	-642
10.9833400249	-1420
10.9833748341	-354
10.9845049381	-1420
10.9845099449	-1420
10.9845538139	-1330
10.9877898693	-1420
10.9877958298	-665
10.9879889488	-1420
10.9879930019	-694
11.0005140305	-1420
11.0005278587	-694
11.0148599148	-1420
11.0148749352	-1420
11.0149228573	-1330
11.0272779465	-1420
11.0272920132	-1420
11.0273458958	-331
11.0294578075	543
11.0304570198	1460
11.0305149555	1460
11.0305709839	1161
11.0307278633	603
11.1176857948	-1420
11.1177070141	-209
11.1178920269	543
11.1199188232	-1420
11.11992383	-665
11.1273019314	-1420
11.1273088455	-1420
11.1273519993	-302
11.1300029755	-1420
11.1300499439	-1420
11.1300528049	-302
11.3119218349	-543
11.3170979023	-1420
11.3171699047	-1420
11.3171749115	-845
11.3244469166	-1368
11.3244588375	-232
11.3368318081	-1420
11.3368458748	-180
11.349424839	-1420
11.3494408131	-1420
11.3494949341	-1420
11.3494977951	-453
11.3495328426	-1420
11.3495368958	-1420
11.3495719433	-787
11.3500349522	-1420
11.3500869274	-1420
11.3500900269	-1330
11.3501260281	-1420
11.3501288891	-1420
11.3501739502	-1330
11.3502728939	543
11.3701050282	-1420
11.3701229095	-1237
11.3708269596	-1420
11.3708329201	-1420
11.3708729744	-1330
11.3712790012	-1420
11.3713037968	-665
11.3725318909	-1420
11.3725748062	-1420
11.3725779057	-1330
11.3742389679	-1420
11.3742439747	-665
11.3743479252	543
11.3820528984	-1420
11.3820669651	-180
11.3824930191	-1420
11.3824980259	-1420
11.3825387955	-1330
11.3826339245	543
11.3828120232	-1420
11.3828158379	-1420
11.3828539848	-787
11.3834228516	-1420
11.3834760189	-1420
11.3834788799	-1330
11.3835170269	-1420
11.3835279942	-1420
11.3835639954	-816
11.3836519718	543
11.3840708733	-1420
11.3840768337	-1420
11.3841178417	-302
11.3868339062	-1420
11.3868858814	-1420
11.3868899345	-273
11.39092803	-1420
11.3909378052	-1420
11.3909878731	-1330
11.3909900188	-1420
11.391024828	-665
11.3986058235	-1420
11.3986718655	-1420
11.3986768723	-1330
11.3994250298	-1420
11.3994288445	-1420
11.3994708061	-787
11.4013259411	543
11.42334795	-1420
11.423363924	-1420
11.423514843	-302
11.4235179424	-1420
11.4235608578	-1316
11.4235730171	-1420
11.423666954	-14
11.4236688614	-1420
11.423707962	-1420
11.4237108231	-787
11.4251890182	-1420
11.4251949787	-1420
11.4252479076	-1330
11.4253900051	-1420
11.4254457951	-1316
11.4254579544	-1420
11.4254949093	-14
11.4255988598	543
11.4259209633	-1420
11.4259259701	-1420
11.4259660244	-1420
11.4259688854	-453
11.4260809422	-1420
11.4260838032	-1420
11.4261188507	-787
11.4265408516	-1420
11.426584959	-1420
11.4265868664	-1330
11.4267089367	543
11.426776886	-1420
11.4267809391	-1420
11.4268000126	-1330
11.4272680283	-1420
11.4272918701	-1316
11.4272940159	-1420
11.4273109436	-557
11.4276199341	-1420
11.4276618958	-1420
11.4276649952	-787
11.437691927	-1420
11.4377019405	-1420
11.4377589226	-1330
11.437762022	-1420
11.4378077984	-1420
11.4378108978	-787
11.4600989819	-1420
11.4601140022	-1237
11.4700198174	-1420
11.4700360298	-180
11.4824209213	-1420
11.4824450016	-694
11.5146329403	-1420
11.514647007	-1420
11.514703989	-1420
11.5147068501	-453
11.5554449558	543
11.5570149422	543
11.6071608067	-543
11.704739809	-1420
11.7047610283	-1420
11.704805851	-302
11.7061359882	-1420
11.7061429024	-1420
11.7061989307	-1330
11.7157299519	-1420
11.7157449722	-1420
11.7158019543	-787
11.7159628868	1057
11.7170598507	-1420
11.7170658112	-1420
11.7171139717	-302
11.7460339069	-1420
11.7460927963	-1420
11.7460958958	-302
11.7467830181	-1420
11.7467880249	-1420
11.7468287945	-1330
11.7472229004	-1420
11.7473268509	-1420
11.7473299503	-787
11.7473669052	-1420
11.7473700047	-1420
11.7474048138	-1330
11.7478528023	-1420
11.7479679585	-1316
11.7479708195	-1420
11.748087883	-14
11.7480900288	-1420
11.74812603	-1316
11.748128891	-1420
11.7481629848	-557
11.7482988834	543
11.7483439445	-1420
11.7488329411	-1420
11.7488749027	-787
11.7488799095	-1420
11.7489159107	-1420
11.7489178181	-1330
11.7490899563	-1420
11.7490928173	-1316
11.7492628098	-1420
11.7492668629	-14
11.7547588348	-1420
11.7547669411	-151
11.7657868862	-1420
11.7657968998	-180
11.7662270069	-1420
11.7662320137	-1420
11.766343832	-787
11.7663469315	-1420
11.7663857937	-1420
11.7663888931	-787
11.7664480209	-1420
11.7664589882	-1316
11.7664968967	-1420
11.7665009499	-14
11.7665848732	-1420
11.7665879726	-694
11.7667758465	543
11.7669818401	-1420
11.7669849396	-1316
11.7670450211	-1420
11.7670478821	-14
11.7695219517	-1420
11.7695279121	-1420
11.7695720196	-787
11.7732949257	543
11.7785859108	-1420
11.778594017	-1420
11.7786438465	-273
11.781015873	-1420
11.781056881	-1420
11.7810590267	-1420
11.7810928822	-453
11.7816228867	-1420
11.7816708088	-1420
11.7816739082	-787
11.7818388939	-1420
11.7818419933	-1316
11.7818880081	-1420
11.7818908691	-14
11.7819290161	-1420
11.7819309235	-1420
11.7819750309	-1330
11.7822678089	-1368
11.7825059891	-1420
11.7825098038	-1420
11.7825489044	-505
11.7827730179	-1420
11.7828149796	-1420
11.7828168869	-787
11.7830610275	543
11.7831118107	-1420
11.7831139565	-1420
11.7831149101	-1330
11.7832579613	-1420
11.7832589149	-1420
11.7832598686	-1330
11.7838039398	-1420
11.7838089466	-1420
11.7838478088	-1264
11.7838509083	-609
11.7841598988	543
11.784940958	-1420
11.7849459648	-1420
11.7849888802	-302
11.7852180004	-1420
11.7852599621	-1420
11.7852628231	-787
11.7931108475	-1420
11.793129921	-1179
11.7949359417	-1420
11.7949409485	-1420
11.7949819565	-787
11.8035478592	-1420
11.8036038876	-1179
11.8060870171	-1420
11.8061459064	-1208
11.8224380016	543
11.8225979805	-1420
11.8226048946	-1420
11.8226377964	-1330
11.8551268578	-1420
11.8551859856	-1420
11.8551898003	-1330
11.8552088737	-1420
11.8552110195	-665
11.8584918976	-1420
11.858497858	-180
11.8587768078	-1368
11.8590009212	-1420
11.8590250015	-354
11.8622498512	-1420
11.8622939587	-1420
11.8622980118	-1330
11.862432003	543
11.8662509918	-1420
11.8662569523	-665
11.9790649414	-1420
11.9790818691	-180
11.9913938046	-1420
11.9914059639	-1420
11.9914638996	-1330
12.0059838295	-1420
12.0060408115	-151
12.0624330044	-1420
12.0624499321	-1420
12.0625050068	-1330
12.0625078678	-1420
12.0625419617	-1420
12.0625448227	-787
12.0627639294	543
12.071231842	-1420
12.0712409019	-1420
12.0712859631	-1330
12.0714797974	-1420
12.0715219975	-1420
12.0715248585	-302
12.0716660023	-1420
12.0716688633	-1316
12.0717959404	-1420
12.0717988014	-14
12.0720438957	-1420
12.0720469952	-1420
12.0720849037	-787
12.0721678734	543
12.073431015	-1420
12.0734369755	-1420
12.0734770298	-787
12.0859949589	-1420
12.0860598087	-1420
12.0860638618	-787
12.0940208435	-1420
12.094026804	-1420
12.0940718651	-1420
12.0940749645	-453
12.0942428112	-1420
12.0942459106	-665
12.0947518349	-1420
12.0947568417	-1420
12.0947978497	-1330
12.0951008797	-1420
12.095143795	-1420
12.0951468945	-787
12.0953547955	-1420
12.0953588486	-1316
12.0954008102	-1420
12.0954120159	-14
12.0954618454	-1420
12.0954740047	-1316
12.0956709385	-1420
12.0956759453	-14
12.0958650112	543
12.1028659344	-1420
12.1028749943	-1420
12.1029210091	-1420
12.1029238701	-453
12.1030759811	543
12.1293258667	-1420
12.1293518543	-180
12.1414649487	-1420
12.1414809227	-1420
12.1415369511	-787
12.1415398121	-1420
12.1415748596	-665
12.1416800022	-1420
12.1417219639	-1316
12.1417248249	-1420
12.1417589188	-14
12.1496338844	-1420
12.149698019	-1420
12.1497030258	-787
12.1558840275	-1420
12.1558899879	-180
12.1822710037	-1420
12.1822869778	-1420
12.1824069023	-1330
12.1824100018	-1420
12.1824560165	-1420
12.1824579239	-787
12.182669878	543
12.1829478741	-1420
12.1829528809	-1420
12.183000803	-1330
12.1834080219	-1420
12.1835269928	-1420
12.1835308075	-1330
12.1835668087	-1420
12.1835699081	-1316
12.183604002	-1368
12.1836798191	-609
12.1839008331	-1420
12.1839058399	-1420
12.1839449406	-787
12.1841959953	-1420
12.184237957	-1420
12.184240818	-1330
12.1843190193	-1420
12.1843218803	-1316
12.1844358444	-1420
12.1844480038	-14
12.1845889091	1057
12.1964240074	1057
12.202067852	1057
12.2279160023	-1086
12.2524199486	-1420
12.2524769306	-180
12.2528820038	543
12.2667798996	-1420
12.2667939663	-1420
12.2668499947	-787
12.3747639656	-1420
12.3747828007	-1420
12.3748469353	-302
12.3749778271	-1420
12.3750247955	-1420
12.375027895	-1330
12.375715971	-1420
12.3757209778	-1420
12.3757808208	-787
12.3759288788	543
12.3839378357	-1420
12.3839519024	-1420
12.3840038776	-1330
12.3984398842	-1420
12.3984999657	-694
12.4823479652	-1420
12.482364893	-1420
12.4824290276	-1330
12.4825909138	-1420
12.4825928211	-1420
12.4825940132	-787
12.4839730263	-1420
12.4839777946	-1420
12.4840378761	-1330
12.4840409756	-1420
12.4840779305	-694
12.4854359627	543
12.485806942	-1420
12.4858119488	-1420
12.4858539104	-1420
12.4858570099	-1420
12.4859008789	-1420
12.4859030247	-697
12.4859948158	-1420
12.4859969616	-1420
12.4860339165	-1330
12.4860358238	-1420
12.4860708714	-1420
12.4860739708	-1330
12.4862809181	543
12.4941208363	-1420
12.4941318035	-1420
12.4941818714	-1420
12.4941849709	-453
12.506570816	-1420
12.5065798759	-1420
12.5066418648	-787
12.5067470074	543
12.5173249245	1460
12.5174088478	111
12.5313389301	1057
12.5330510139	-1420
12.5330579281	-1420
12.5331029892	-1330
12.5338439941	1057
12.542963028	-1420
12.5429728031	-1420
12.5430209637	-787
12.5526609421	1057
12.5695450306	1057
12.6288819313	1460
12.6289768219	111
12.6360328197	1057
12.6813588142	1057
12.7676990032	-543
12.7684078217	-1420
12.7684698105	-1420
12.7684748173	-787
12.7687330246	-1420
12.7687358856	-665
12.7703318596	-1420
12.7703359127	-1420
12.7703750134	-302
12.7705419064	-1420
12.7705719471	-1420
12.7705738544	-787
12.7712860107	-1420
12.7712898254	-1420
12.7713270187	-1420
12.7713289261	-424
12.7714138031	-1420
12.7714169025	-1420
12.7714328766	-787
12.7759649754	543
12.77983284	-1420
12.7798399925	-1420
12.7798829079	-816
12.7805359364	-1420
12.7805809975	-1420
12.7805838585	-787
12.7821547985	-1420
12.7821609974	-1179
12.8346538544	-1420
12.8346719742	-1420
12.8347299099	-845
12.8348989487	543
12.8706688881	-1420
12.8706970215	-1420
12.8707618713	-1330
12.8709537983	-1420
12.8709850311	-665
12.8717098236	-1420
12.8717558384	-1420
12.8717589378	-787
12.8719909191	-1420
12.8719959259	-1179
12.8723049164	-1420
12.8723099232	-1420
12.8723499775	-787
12.8724389076	-1420
12.8724789619	-1420
12.8724808693	-787
12.8726170063	543
12.8729188442	-1420
12.872923851	-1316
12.8729658127	-1420
12.8729689121	-14
12.8746747971	-1420
12.8746829033	-1420
12.8747279644	-1330
12.8751239777	-1420
12.8751678467	-1420
12.8751709461	-1264
12.875207901	-609
12.8755009174	-1420
12.8755228519	-1420
12.8755249977	-787
12.8818948269	-1420
12.8819010258	-1420
12.8819439411	-1330
12.9268980026	1057
12.9547970295	-1420
12.9548130035	-1420
12.9548690319	-1330
12.9560158253	543
12.9563758373	543
12.9751398563	543
13.0064959526	-543
13.0176618099	1057
13.09333992	1460
13.0934560299	1139
13.0960659981	543
13.0973808765	543
13.1126558781	1057
13.1311600208	-1086
13.1503489017	-1420
13.1503989697	-209
13.1509668827	543
13.1561658382	-1420
13.1561739445	-180
13.1666610241	-1420
13.1666719913	-1420
13.1667399406	-1330
13.1667737961	-1420
13.1668019295	-1316
13.1670329571	-891
13.1671879292	-1420
13.1671910286	-1420
13.1672270298	-1330
13.1676468849	-1420
13.1676948071	-1420
13.1676979065	-1330
13.167965889	-1420
13.1679699421	-1316
13.168006897	-1420
13.1680099964	-557
13.168558836	-1420
13.1685628891	-1420
13.168599844	-787
13.1708748341	543
13.1713299751	543
13.181044817	-1420
13.1810657978	-1420
13.1811068058	-1330
13.2181818485	-543
13.2961819172	-543
13.2982988358	-1420
13.2983047962	-209
13.3107068539	-1420
13.3107190132	-1420
13.3107788563	-787
13.3258469105	-1420
13.3259208202	-1420
13.325925827	-1420
13.3259630203	-453
13.3272778988	-1420
13.3273458481	-1420
13.3273499012	-787
13.3278520107	-1420
13.3278570175	-1316
13.3279688358	-1420
13.3279738426	-14
13.3377728462	-1420
13.337790966	-1420
13.3378479481	-1330
13.3519020081	-1420
13.3519668579	-1420
13.351970911	-787
13.39189291	-1420
13.391908884	-1420
13.3919630051	-1420
13.3919668198	-996
13.3922019005	543
13.3940768242	543
13.3943369389	1057
13.4678759575	-1420
13.4679028988	-209
13.4701399803	543
13.4805719852	543
13.4826319218	-1420
13.4826369286	-1420
13.4826829433	-1330
13.4991958141	543
13.4997498989	-1420
13.4997558594	-209
13.5081439018	543
13.5083839893	1057
13.5124909878	-1420
13.5124959946	-1420
13.5125479698	-1330
13.5923769474	-1086
13.5988647938	543
13.6332550049	-543
13.6870338917	-1420
13.6870598793	-209
13.6871109009	-1420
13.6871140003	-1420
13.6871528625	-787
13.7117629051	-1420
13.7117760181	-209
13.7141318321	543
13.7196350098	-1420
13.7196388245	-209
13.7199659348	1460
13.7200210094	1460
13.7200767994	193
13.7230689526	-1420
13.723074913	-694
13.7233738899	-1420
13.7233788967	-209
13.7236328125	543
13.7247879505	-1420
13.724793911	-1420
13.7248380184	-787
13.7249028683	543
13.7251198292	-1420
13.725124836	-151
13.7257518768	-1420
13.7257559299	-1420
13.7257838249	-1330
13.7257869244	-1368
13.7258508205	-1420
13.72585392	-839
13.7264368534	-1420
13.7264409065	-1420
13.7264778614	-816
13.7286388874	-1420
13.7286598682	-1420
13.7286629677	-1330
13.7299218178	-1420
13.7299280167	-1179
13.7592229843	-1420
13.7592380047	-180
13.7594218254	543
13.7605638504	-1420
13.7605688572	-1420
13.7606129646	-1330
13.7694749832	1057
13.7729678154	-1420
13.7729728222	-1420
13.7730228901	-787
13.7871727943	-1420
13.7872378826	-1420
13.7872419357	-816
13.79134202	543
13.844769001	-543
13.9342908859	-1420
13.9343078136	-209
13.9437057972	-1420
13.9437208176	-1420
13.9437758923	-787
13.9516978264	1057
13.99446702	-1420
13.9944858551	-180
14.119134903	-1086
14.1214239597	543
14.1216459274	1057
14.1769258976	-1420
14.1769440174	-1420
14.1770060062	-1330
14.1806929111	-1420
14.180727005	-209
14.1891899109	-1420
14.1892478466	-1179
14.2077798843	-1420
14.2078499794	-665
14.2902669907	-1420
14.2902929783	-209
14.2929909229	543
14.2932670116	543
14.3168179989	-1420
14.3168339729	-1237
14.3173449039	543
14.4277489185	-1420
14.4277667999	-1420
14.4278290272	-1420
14.4278318882	-453
14.4280388355	543
14.4287219048	-1420
14.4287278652	-1420
14.4287679195	-787
14.4344029427	-1420
14.4344398975	-694
14.4347388744	543
14.4400219917	-1420
14.4400279522	-180
14.576363802	-543
14.6754899025	-1420
14.6755080223	-694
14.7173449993	-1420
14.7173609734	-1420
14.7174158096	-1420
14.7174189091	-453
14.7175998688	543
14.7262430191	-1420
14.7262508869	-1420
14.7262978554	-787
14.7458209991	1460
14.745898962	111
14.8507258892	-543
14.9701628685	-543
15.0770509243	-543
15.0864188671	-1420
15.0864768028	-180
15.0866539478	543
15.0870418549	543
15.0973329544	1057
15.0975859165	1057
15.0977787971	-1420
15.0977838039	-1420
15.0978288651	-787
15.0984358788	-1420
15.0984759331	-1420
15.0984778404	-787
15.1040918827	1057
15.110809803	-1420
15.1108198166	-1420
15.1108589172	-816
15.1165440083	543
15.1173839569	1057
15.1519768238	1057
15.1609108448	1057
15.1616549492	-1420
15.1616609097	-1208
15.2023749352	-1420
15.2023878098	-1420
15.2024497986	-1330
15.2148358822	-1420
15.21489501	-1420
15.2148988247	-787
15.2814519405	1460
15.2815599442	1460
15.2816128731	193
15.3829028606	-543
15.627188921	-543
15.6306538582	543
15.632819891	1057
15.6745638847	-1420
15.6745808125	-209
15.7190728188	-1420
15.7190949917	-209
15.7194600105	-1420
15.7194650173	-1420
15.719506979	-787
15.7315478325	-1420
15.7316019535	-1179
15.7685809135	-1420
15.7686510086	-180
15.7720148563	-1420
15.7720668316	-1420
15.7720708847	-1330
15.7838068008	-1420
15.7838218212	-1420
15.7838568687	-787
15.7983548641	-1420
15.7984240055	-1420
15.7984278202	-302
15.7986078262	543
15.8052108288	543
15.9791209698	-543
16.0437510014	-1420
16.0437679291	-1420
16.0438230038	-845
16.1328179836	-1420
16.1328349113	-209
16.2901530266	-543
16.3034749031	-1420
16.3034989834	-1420
16.3035359383	-787
16.316092968	-1420
16.3161129951	-1420
16.3161559105	-273
16.3182079792	543
16.3191859722	543
16.4017298222	-1420
16.4017498493	-694
16.4416878223	1057
16.44430089	1057
16.5462667942	-543
16.6662158966	-543
16.8308739662	-543
16.9558038712	543
17.0352818966	-543
17.3024439812	-1420
17.3024938107	-209
17.3297588825	-1420
17.3298089504	-1420
17.3298459053	-787
17.4540419579	-543
17.6016619205	-543
17.9257838726	543
17.9265928268	543
17.9268147945	543
17.9358799458	543
17.9363210201	543
17.936565876	543
18.2368190289	-543
18.2641580105	-1420
18.2642319202	-1420
18.2642788887	-1330
18.2751538754	543
18.2758920193	1057
18.3230028152	-1420
18.3230178356	-1420
18.323073864	-1330
18.4475739002	-1086
18.6130948067	-543
18.6160488129	543
18.6179418564	1057
18.6201708317	-1420
18.6201779842	-1420
18.6202218533	-1330
18.6204459667	-1420
18.620486021	-1420
18.6204879284	-787
18.6260528564	-1420
18.6260659695	-1420
18.6261029243	-1264
18.6261069775	-66
18.626718998	-1420
18.6267879009	-1420
18.6267910004	-302
18.632696867	-1420
18.6327118874	-1420
18.6327679157	-1330
18.6327698231	-1420
18.6328148842	-1420
18.6328179836	-1420
18.6328849792	-735
18.6328868866	-1420
18.6329209805	-1382
18.6362009048	1057
18.6514549255	1057
18.6973748207	1057
18.700150013	1057
18.8602459431	-543
18.880065918	-543
18.8985688686	-1420
18.8986279964	-665
19.1499278545	-543
19.3142797947	-543
19.4782629013	-543
19.4787788391	543
19.5263259411	-1420
19.5263419151	-1420
19.5263969898	-1420
19.5263988972	-453
19.6506209373	-543
19.8622968197	-543
19.8654329777	543
19.8723268509	543
19.9903550148	-543
20.1501948833	-543
20.1760339737	-1420
20.1760909557	-665
20.1774318218	1460
20.1775009632	111
20.3005428314	-543
20.5735259056	-543
20.6013829708	-1420
20.6014478207	-1420
20.6014859676	-787
20.7257168293	-543
20.9012420177	-543
20.9042079449	543
20.9062860012	1460
20.9063339233	111
20.9557259083	543
21.2015898228	-543
21.3652229309	-543
21.5270349979	-1420
21.5271039009	-1420
21.5271258354	-1330
21.5389590263	-1420
21.5390210152	-1420
21.53905797	-787
21.6509988308	-1420
21.6510469913	-180
22.5797758102	-543
22.7047288418	-1057
22.7766928673	1057
22.7927520275	1057
22.8243339062	543
22.8273749352	543
22.9392518997	-543
22.9607620239	543
22.9620299339	-1420
22.9620828629	-1420
22.9621219635	-1330
22.9851939678	543
23.0640888214	-1368
23.0866060257	-1420
23.0866758823	-1420
23.0866808891	-505
23.1075668335	543
23.1083040237	1460
23.1083569527	1460
23.1084020138	1161
23.1084828377	1460
23.1085519791	685
23.2265028954	-543
23.3510320187	-543
23.3911349773	-1420
23.3911938667	-1420
23.3911998272	-1420
23.3912348747	-453
23.3993849754	-1420
23.3994069099	-1420
23.3994529247	-787
23.3996489048	543
23.4028778076	-1420
23.4029049873	-1420
23.4029438496	-1330
23.5156328678	-1420
23.5156488419	-1420
23.515709877	-1420
23.5157139301	-1212
23.5157499313	-1420
23.5157530308	-1316
23.5239448547	-1420
23.5239539146	-1420
23.5240108967	-1420
23.5240139961	-1212
23.5240488052	-1368
23.5241827965	543
23.5274069309	-1420
23.527422905	-1420
23.5274689198	-1264
23.5274708271	-1420
23.5275068283	-1316
23.6401729584	-1420
23.6401898861	-1420
23.6402540207	-1264
23.6402568817	-1420
23.6403038502	-1316
23.6403069496	-1420
23.6403579712	-1420
23.6403608322	-1420
23.640431881	-1212
23.6404349804	-1368
23.6407828331	543
23.6483650208	-1368
23.6484730244	-1420
23.6484758854	-1420
23.6484768391	-1420
23.6484768391	-1420
23.6484780312	-1160
23.6519818306	-1420
23.6519868374	-1420
23.6520938873	-1264
23.6520969868	-1368
23.6521339417	-1420
23.6521368027	-1420
23.6521708965	-1420
23.6521828175	-1212
23.6522488594	-1420
23.6522510052	-1316
23.6524088383	543
23.7649109364	-1420
23.7649328709	-1420
23.7650167942	-1420
23.7650198936	-1212
23.7650659084	-1420
23.7650690079	-1420
23.7651770115	-1264
23.7651798725	-1420
23.7652440071	-1420
23.7652468681	-1420
23.7652928829	-1212
23.7652959824	-1420
23.7653298378	-1420
23.7653329372	-1264
23.7653670311	-1368
23.7655618191	543
23.7732429504	-1420
23.7732620239	-1420
23.7733178139	-1420
23.7733209133	-1420
23.7733569145	-1420
23.7733588219	-1108
23.7733929157	-1368
23.7733960152	-1420
23.7734308243	-1420
23.77343297	-1264
23.7734668255	-1368
23.7736868858	543
23.7767899036	-1420
23.7767958641	-1316
23.7768378258	-1420
23.7768399715	-1316
23.7768750191	-1420
23.7768778801	-1420
23.7769110203	-1264
23.7771568298	-1420
23.7772059441	-1420
23.7772088051	-1420
23.7772459984	-1420
23.7772479057	-1160
23.7772829533	-1420
23.7772848606	-1420
23.7773199081	-1264
23.7773218155	-1420
23.7773559093	-1316
23.7773590088	-1368
23.7774889469	543
23.7777149677	543
23.8896689415	-1420
23.8897078037	-1420
23.8898789883	-1420
23.889882803	-1212
23.8899948597	-1368
23.8899979591	-1368
23.8901438713	-1368
23.8901469707	-1420
23.8901839256	-1316
23.8901870251	-1420
23.8902459145	-1420
23.8902490139	-1264
23.8903059959	-1420
23.8903079033	-1420
23.8903579712	-1264
23.8903689384	-1420
23.8913948536	-1316
23.8914120197	-1368
23.8915178776	-1420
23.891520977	-1316
23.8915598392	-1368
23.8915629387	-1368
23.891605854	-1420
23.8916089535	-1316
23.892551899	543
23.8976578712	-1420
23.8976700306	-1420
23.8977298737	-1264
23.8979139328	-1420
23.8979468346	-1420
23.897949934	-1264
23.8979659081	-1420
23.8979678154	-1420
23.8979849815	-1264
23.8979868889	-1420
23.8980009556	-1420
23.8980028629	-1264
23.8980238438	-1420
23.8980259895	-1420
23.8980429173	-1264
23.8980448246	-1368
23.898141861	-1368
23.8981888294	543
23.8986418247	-1420
23.8986458778	-1316
23.8988809586	543
23.9012229443	-1420
23.9012289047	-1420
23.9012749195	-1264
23.9012768269	-1420
23.9013140202	-1420
23.9013159275	-1264
23.9013500214	-1368
23.9013810158	-1420
23.9013979435	-1316
23.9015660286	-1420
23.9016709328	-1420
23.9016728401	-1264
23.9017088413	-1420
23.9017119408	-1420
23.9017448425	-1264
23.901747942	-1420
23.9017829895	-1420
23.9017848969	-1264
23.9020338058	-1420
23.9020369053	-1420
23.9020748138	-1264
23.9020779133	-1420
23.9021580219	-1316
23.9021599293	-1420
23.9021949768	-1316
23.9021978378	-1420
23.902274847	-1420
23.9022779465	-1264
23.902312994	-1420
23.902315855	-1420
23.9023499489	-1264
23.9024488926	543
23.9026198387	543
23.9027929306	543
23.9410359859	-1420
23.9410459995	-1316
24.0145568848	-1420
24.0145738125	-1420
24.0146389008	-1420
24.0146429539	-1212
24.0147638321	-1420
24.0147669315	-1420
24.0148119926	-1420
24.0148148537	-1212
24.0148508549	-1420
24.0148539543	-1420
24.0149049759	-1420
24.0149078369	-1212
24.0149419308	-1420
24.0149450302	-1420
24.0149788857	-1420
24.0149819851	-1212
24.0151138306	-1368
24.01511693	-1420
24.0151529312	-1420
24.0151560307	-1420
24.0151908398	-1212
24.0151939392	-1420
24.0152378082	-1316
24.015239954	-1368
24.015337944	-1420
24.0153408051	-1420
24.015378952	-1264
24.015381813	-1420
24.0154178143	-1420
24.01541996	-1264
24.0154559612	-1420
24.0154588223	-1316
24.0155010223	-1368
24.0156009197	-1420
24.0156369209	-1420
24.0156400204	-1264
24.0156579018	-1420
24.0156598091	-1420
24.015693903	-1420
24.0156970024	-1212
24.0157129765	-1368
24.0157999992	-1368
24.0168848038	543
24.0171968937	543
24.0174539089	543
24.0223519802	-1420
24.0223579407	-1420
24.0223908424	-1264
24.0223939419	-1368
24.0225689411	-1420
24.0225718021	-1420
24.022619009	-1264
24.0226209164	-1420
24.0226688385	-1316
24.0226719379	-1368
24.0227179527	-1420
24.0227198601	-1316
24.022756815	-1420
24.0227599144	-1316
24.0229179859	-1420
24.0229208469	-1316
24.0230648518	-1420
24.0230679512	-1420
24.0231039524	-1264
24.0234699249	543
24.0235099792	-1420
24.0235128403	-1420
24.023624897	-1264
24.0236330032	-1420
24.0236690044	-1316
24.0237510204	-1420
24.0237870216	-1420
24.023788929	-1264
24.0238239765	-1420
24.0238258839	-1316
24.0238599777	-1420
24.0238628387	-1316
24.0239388943	-1420
24.0239408016	-1316
24.0243258476	543
24.0244498253	543
24.0264289379	-1420
24.0264348984	-1420
24.0264589787	-1264
24.026570797	-1420
24.0266098976	-1420
24.0266129971	-1264
24.0268228054	-1420
24.0268259048	-1316
24.0269949436	-1420
24.0269989967	-1420
24.0270428658	-1264
24.0270459652	-1368
24.0271258354	-1368
24.0271289349	-1420
24.0272250175	-1420
24.0272278786	-1420
24.0272638798	-1212
24.0272669792	-1420
24.0273008347	-1420
24.0273039341	-1241
24.0295739174	543
24.0303399563	543
24.1274759769	-1057
24.5790429115	-543
24.580976963	-1420
24.581029892	-1316
24.5811347961	-891
24.58147192	-1420
24.5815169811	-1420
24.5815529823	-787
24.5816669464	543
24.581840992	-1368
24.5819909573	-1420
24.5820348263	-1382
24.5931038857	-1420
24.5931680202	-1420
24.5931718349	-1330
24.5955529213	-1420
24.5955588818	-1420
24.5955929756	-1420
24.5955958366	-453
24.5956459045	-1420
24.5956590176	-1420
24.5956859589	-787
24.5957958698	543
24.595872879	-1420
24.5958769321	-1316
24.5960009098	-1420
24.5960040092	-14
24.5961079597	-1420
24.5961108208	-1316
24.5962300301	-1420
24.5962328911	-14
24.6076829433	-1420
24.6076958179	-723
25.5883209705	1057
25.751942873	-543
25.7567379475	-1420
25.7567980289	-1420
25.7568027973	-787
25.7694628239	-1420
25.7694778442	-1420
25.7695329189	-787
25.7739849091	-1420
25.7740459442	-1420
25.7740499973	-1330
25.7750258446	-1420
25.7750308514	-1420
25.775072813	-1330
25.7761440277	-1368
25.776419878	-1420
25.7764248848	-1420
25.7764658928	-505
25.7764678001	-1420
25.776501894	-1420
25.7765059471	-787
25.7766540051	1057
25.7794668674	-1420
25.7794859409	-1420
25.7795197964	-1330
25.7811048031	-1420
25.7811789513	-180
25.7815890312	-1420
25.7816359997	-1420
25.7816388607	-787
25.7940998077	-1420
25.7941138744	-1420
25.7941668034	-787
25.918571949	-543
25.9557650089	543
26.4553058147	-543
27.9861159325	1057
28.3928480148	1057
28.5617029667	-543
28.563117981	-1420
28.5631649494	-1420
28.563202858	-787
28.5754408836	-1420
28.5755050182	-1420
28.5755419731	-787
28.5782258511	-1420
28.578263998	-1420
28.5782818794	-1330
28.5783967972	-1420
28.5784368515	-1420
28.5784728527	-1330
28.5786008835	-1368
28.5787119865	543
28.5788419247	-1420
28.5788469315	-1316
28.5789809227	-609
28.5902819633	-1420
28.5903530121	-1420
28.5903580189	-787
28.5903949738	-1420
28.5903978348	-180
28.8177609444	1057
28.8273909092	1460
28.8274478912	1460
28.8275029659	193
28.9852919579	-543
28.9871478081	-1420
28.9871988297	-1420
28.9872028828	-787
28.9991629124	-1420
28.9991760254	-1420
28.9992289543	-787
29.0012419224	-1420
29.0012898445	-1420
29.0013029575	-1330
29.0013389587	-1420
29.0013408661	-1420
29.0013768673	-1330
29.0015749931	1057
29.001832962	-1420
29.0018379688	-1316
29.0018780231	-1420
29.0018808842	-557
29.0131390095	-1420
29.0131518841	-1420
29.0132169724	-1420
29.0132198334	-735
29.0132570267	-1420
29.013258934	-1382
29.0898268223	-1420
29.0898427963	-723
29.1108579636	543
29.11972785	-1420
29.1197419167	-1420
29.119797945	-1330
29.1199300289	-1420
29.1199688911	-1420
29.1199729443	-787
29.1217749119	-1420
29.121781826	-1420
29.1218259335	-1330
29.1227200031	543
29.1274719238	-1420
29.1274878979	-1316
29.1275258064	-1420
29.1275289059	-14
29.1278839111	-1420
29.1278879642	-1420
29.1279289722	-1330
29.1320278645	-1420
29.1320958138	-1420
29.1320998669	-787
29.1344168186	-1420
29.1344268322	-1420
29.1344938278	-1330
29.1344969273	-1420
29.1345310211	-1316
29.1345329285	-1420
29.134567976	-14
29.1350958347	-1420
29.1351358891	-1420
29.1351377964	-787
29.1353299618	-1420
29.1353328228	-1316
29.1353700161	-1420
29.1353728771	-14
29.1354730129	-1420
29.1354758739	-1420
29.1355128288	-1330
29.1408748627	1057
29.1425318718	-1420
29.1425378323	-1420
29.1425819397	-1420
29.142583847	-453
29.1430368423	-1420
29.1430418491	-1420
29.1430819035	-787
29.1507148743	-1420
29.1507768631	-1316
29.1507809162	-1420
29.1508169174	-14
29.1510398388	-1420
29.1510720253	-1316
29.1511619091	-1420
29.1511919498	-14
29.1516618729	-1420
29.1517038345	-1420
29.151706934	-1264
29.1517419815	-609
29.1518080235	543
29.1549270153	-1420
29.1549329758	-1420
29.1549758911	-787
29.1551589966	-1420
29.1551988125	-1420
29.1552009583	-1330
29.155299902	-1420
29.1553018093	-1420
29.1553378105	-1330
29.1576199532	-1420
29.1576600075	-1420
29.1576628685	-1420
29.1576969624	-453
29.1580228806	-1420
29.1580657959	-1420
29.1580688953	-787
29.1608660221	-1420
29.1608719826	-1420
29.1609208584	-1330
29.1611628532	-1420
29.1612048149	-1316
29.1612079144	-1420
29.1612439156	-14
29.1613378525	543
29.1614630222	543
29.1617658138	-1368
29.1619880199	-1420
29.1621088982	-1420
29.1621119976	-505
29.1621489525	-1420
29.1621508598	-1420
29.1621859074	-787
29.167028904	-1420
29.1670758724	-1420
29.1670808792	-1330
29.1714468002	1057
29.1718759537	1057
29.3046159744	-543
29.3176059723	-1420
29.3176720142	-1420
29.3176779747	-787
29.3302378654	-1420
29.3302509785	-1420
29.3303039074	-787
29.3410389423	-1420
29.341105938	-1420
29.3411109447	-1330
29.3411478996	-1420
29.341149807	-1420
29.3412048817	-787
29.3432118893	543
29.3488309383	1057
29.3530569077	-1420
29.3530738354	-1420
29.353115797	-1330
29.3655028343	-1420
29.3655688763	-1420
29.3655729294	-816
29.3660190105	543
29.3897600174	543
29.4664559364	-1420
29.4664850235	-1420
29.466588974	-1420
29.466591835	-453
29.5075528622	543
29.8521268368	-543
30.0161650181	-543
30.0464019775	-1420
30.0464718342	-694
30.0472698212	543
30.0609300137	-1420
30.0609459877	-1208
30.0612869263	543
30.0717539787	543
30.0766899586	1057
30.2392199039	-543
30.2670710087	-1420
30.2671449184	-1420
30.2671530247	-787
30.3917360306	-543
30.5660758018	-543
30.5710129738	543
30.5728888512	543
30.5730929375	543
30.6066789627	-1420
30.6066849232	-694
30.8193039894	-543
30.9831488132	-543
31.0063829422	-1420
31.0064120293	-1208
31.0238609314	543
31.1307148933	-543
31.4541008472	-543
31.4814009666	-1420
31.4814558029	-665
31.6059248447	-1086
31.6139428616	1057
31.8480918407	-543
31.8526418209	-1420
31.8527128696	-1420
31.8527219296	-273
31.8615949154	-1420
31.8616039753	-180
31.875469923	-1420
31.8754827976	-723
31.8757088184	543
31.9027898312	543
32.0640058517	-543
32.3615729809	-543
32.3735640049	1057
32.3883090019	-1420
32.3883218765	-1420
32.388381958	-787
32.3904998302	543
32.3921048641	543
32.5998249054	-543
32.7708599567	-543
32.7979400158	-1420
32.7979958057	-1208
32.7993388176	543
33.0478270054	-543
33.3438518047	-543
