0	-543
0.280066013336	543
0.590303182602	543
1.68634915352	-543
1.68658709526	543
2.21567106247	-543
2.38054513931	-543
2.40712618828	543
3.17800211906	-543
3.17915415764	543
3.94487214088	-543
4.09884309769	-1368
4.09892201424	-1368
4.0989420414	-1368
4.10877299309	-609
4.11981296539	543
4.25705909729	-543
4.26057100296	543
4.46171212196	-543
4.46198606491	543
4.8724629879	-543
4.87257409096	-1368
4.99891114235	-203
5.00171709061	543
5.02657413483	-543
5.9676861763	-543
5.96914505959	-1368
5.96921014786	-1368
6.09438800812	-891
6.11078906059	-1368
6.11095905304	-1368
6.11100697517	-1368
6.11348104477	-1368
6.15846514702	543
6.22096705437	-783
6.28513503075	-1368
6.28524112701	-1368
6.2852640152	-1368
6.28528904915	-1368
6.28530812263	-1368
6.28542208672	-1368
6.28546714783	-1368
6.28652310371	543
6.34771108627	-1363
6.41313314438	543
6.44057703018	-1368
6.44062614441	-1368
6.44172310829	-1368
6.44174599648	-1368
6.44176697731	-1368
6.4442551136	-1368
6.44430804253	-1368
6.44431614876	-1368
6.44569897652	-1368
6.44572496414	-1368
6.51261115074	-343
6.61285114288	-1368
6.61295509338	-1368
6.61303710938	-1368
6.6130490303	-1368
6.61307096481	-1368
6.61308217049	-1368
6.61317896843	-1368
6.61319518089	-1368
6.61332798004	-1368
6.61354899406	-1368
6.61357712746	-1368
6.61378312111	-1368
6.61473417282	543
6.63948106766	-807
6.76668596268	-1368
6.76673603058	-1368
6.76861906052	-1368
6.76866912842	-1368
6.76870107651	-1368
6.81269598007	-414
6.94039797783	-543
6.94058418274	-1368
6.94062209129	-1368
6.94094109535	-1368
6.94096398354	-1368
6.94098305702	-1368
6.9411740303	-1368
6.94122219086	-1368
6.94125103951	-1368
6.94163203239	-1368
6.94221305847	-1368
6.94224309921	-1368
6.94227600098	1057
6.94260215759	-1368
6.94264101982	-1368
6.94267010689	-1368
6.94364404678	-1368
7.06726002693	-844
7.09443306923	-1368
7.09456706047	-1368
7.09458708763	-1368
7.09460496902	-1368
7.09462404251	-1368
7.09463405609	-1368
7.09464216232	-1368
7.09465098381	-1368
7.09466099739	-1368
7.09666013718	-1368
7.0967001915	-1368
7.22105097771	-575
7.26903915405	-1368
7.26910209656	-1368
7.26914405823	-1368
7.26915097237	-1368
7.26916313171	-1368
7.26945996284	-1368
7.26956701279	-1368
7.26958203316	-1368
7.26964902878	-1368
7.26984214783	543
7.26987600327	-1368
7.27014613152	-1368
7.27023506165	-1368
7.27026200294	-1368
7.27032804489	-1368
7.27034497261	-1368
7.27041196823	-1368
7.27053809166	-1368
7.38487410545	-1368
7.38493204117	-1368
7.39577317238	-1368
7.39583015442	-1368
7.39585518837	-462
7.42170119286	-1368
7.4217569828	1086
7.42178297043	-1368
7.4217941761	-1368
7.4221200943	-1368
7.42215299606	-1368
7.42227602005	-1368
7.54854607582	-675
7.54926109314	543
7.59665608406	-1368
7.5967130661	-1368
7.5967400074	-1368
7.59677910805	-1368
7.59680819511	-1368
7.59691905975	-1368
7.59722399712	-1368
7.59724116325	-1368
7.59735202789	-1368
7.59751415253	-1368
7.59753608704	-1368
7.59756803513	-1368
7.59785699844	-1368
7.59788608551	-1368
7.59791707993	-1368
7.59798502922	-1368
7.59837818146	-1368
7.59843707085	-1368
7.59846901894	-1368
7.59848809242	-1368
7.59852313995	-1368
7.67598700523	-1368
7.6760661602	543
7.67608308792	-1368
7.72333812714	-1368
7.72339916229	-1368
7.72342896461	-217
7.76217412949	-1368
7.76223015785	-1368
7.8502831459	-377
7.94112896919	-1368
7.94120311737	-1368
7.94124007225	-1368
7.97696614265	-66
7.97784399986	1057
8.07981705666	-1368
8.1037940979	-717
8.77068400383	-543
8.9669470787	-1057
9.27881097794	-543
9.43763017654	-1368
9.43769598007	-1231
9.77981305122	-543
9.93556404114	-1368
9.9356470108	-717
9.9465200901	543
10.0732960701	1057
10.8607411385	-543
11.3489830494	-543
11.5059461594	-1368
11.5060269833	-1368
11.5060479641	-891
11.6327080727	-543
11.8491411209	-543
11.849902153	-1368
11.8499729633	-1368
11.9759411812	-891
12.0018980503	-1368
12.0019700527	-1368
12.0020740032	-1368
12.0042490959	-1368
12.0042910576	-1368
12.0043561459	-1368
12.1025540829	-132
12.2804551125	543
12.2804851532	543
12.3446769714	-543
12.3454639912	-1368
12.3455049992	-1368
12.4715530872	-891
12.4716081619	-543
12.4721040726	543
12.4980759621	-1368
12.4981479645	-1368
12.4981861115	-1368
12.5983240604	-1123
12.8414671421	-543
12.9976811409	-1368
12.9978091717	-1231
13.2802710533	543
13.3182551861	-543
13.3186740875	-1368
13.3186991215	-1368
13.3190531731	-1368
13.3190841675	-1368
13.3191101551	-1368
13.3193531036	-1368
13.4450030327	-1189
13.4665150642	-543
13.4715390205	-1368
13.4716110229	-1368
13.4726440907	-1368
13.4726910591	-1368
13.4727170467	-1368
13.4728779793	-1368
13.4729039669	-1368
13.4734101295	543
13.4745311737	-1368
13.5721449852	-1052
13.5947010517	-543
13.599946022	543
13.615226984	1368
13.7266700268	203
13.7905580997	-543
13.7908670902	-1368
13.7909300327	-1368
13.7913429737	-1368
13.7913980484	-1368
13.7914049625	-1368
13.7920100689	-1368
13.792039156	-1368
13.7920660973	-1368
13.9145600796	-1368
13.9146091938	-1368
13.9146471024	-1368
13.9155960083	-1368
13.9177000523	-807
13.9440350533	-1368
13.9462590218	-1368
13.9463419914	-1368
13.9465880394	543
14.044355154	-95
14.2606799603	-543
14.4168260098	-1368
14.4168901443	-717
14.4655101299	1368
14.4656331539	203
14.5171861649	1368
14.534651041	1368
14.5459520817	1368
14.5921671391	1210
14.6960020065	1368
14.7190001011	804
14.741284132	-543
14.7444431782	-1368
14.7447290421	-1368
14.744754076	-1368
14.7447831631	-1368
14.7453241348	-1368
14.7453751564	-1368
14.7455410957	-1368
14.745871067	-1368
14.7459590435	-1368
14.8680641651	-741
14.8949661255	-1368
14.8949871063	-1368
14.8976910114	-1368
14.8980400562	543
14.9735910892	1368
14.9948630333	-580
15.0677251816	775
15.3910121918	-543
15.3927080631	-1368
15.394505024	-1368
15.3945560455	-1368
15.3945770264	-1368
15.3945930004	-1368
15.3946051598	-1368
15.3950541019	543
15.5176341534	-704
15.5440270901	-1368
15.5440649986	-1368
15.5455980301	-1368
15.545799017	-1368
15.5458271503	-1368
15.5459339619	-1368
15.5460250378	-1368
15.5460669994	-1368
15.5488581657	-1368
15.5489320755	-1368
15.6708571911	-1368
15.6709229946	-1368
15.6709570885	-1368
15.6723821163	-1368
15.6724140644	-1368
15.6724209785	-1368
15.6724309921	-1250
15.672768116	543
15.6988220215	-1368
15.6988830566	-1368
15.699037075	-1368
15.699062109	-1368
15.699090004	-1368
15.6992151737	-1368
15.6993820667	-1368
15.699598074	-1368
15.7976360321	-1368
15.7976741791	-1368
15.7976989746	-1368
15.7994401455	-836
15.7994701862	543
15.8743610382	-1368
15.8743910789	-1368
15.8744089603	-1368
15.8747019768	1368
15.8757581711	-1368
15.8762631416	-1368
15.8766860962	-1368
15.8767039776	-1368
15.8767330647	-1368
15.8768610954	-1368
15.8768901825	-1368
15.8769161701	-1368
15.8771150112	1368
15.8773431778	-1368
15.8776650429	-1368
15.877956152	-1368
15.9242780209	-1368
15.9259061813	-48
15.9259471893	522
16.0186741352	-1368
16.0187320709	-1368
16.0272490978	-1368
16.027310133	-1368
16.027354002	-1368
16.0273580551	-1368
16.0273680687	-1368
16.0274121761	-1368
16.0275101662	-1368
16.0276050568	-1368
16.0276310444	-1368
16.0296361446	-1368
16.0296990871	-1368
16.0297410488	-1368
16.0297441483	-1368
16.0299491882	1368
16.0299601555	-1368
16.0299901962	-1368
16.0407719612	-1368
16.0407981873	-1368
16.0526530743	-1368
16.0526821613	232
16.0526871681	-1368
16.0526921749	-1368
16.1455290318	-1368
16.145660162	-1368
16.1457340717	-1368
16.1539540291	-1368
16.1540291309	-1368
16.1540429592	-1368
16.1540651321	-1368
16.1540720463	-1368
16.1540920734	-1368
16.1540980339	-1240
16.1794471741	1086
16.1804111004	-1368
16.1804890633	-1368
16.1805291176	-1368
16.1807739735	-1368
16.1809840202	-1368
16.1810100079	-1368
16.1812851429	-1368
16.181540966	-1368
16.1818990707	-1368
16.1820220947	-1368
16.182131052	-1368
16.1824331284	-1368
16.1824600697	-1368
16.1824951172	-1368
16.1825881004	-1368
16.1827230453	-1368
16.1827991009	-1368
16.2723460197	-1368
16.272411108	-1368
16.2724430561	-1368
16.272963047	1368
16.2806229591	-1368
16.280752182	-781
16.3715701103	804
16.407651186	-1086
16.5289990902	-1368
16.5291230679	543
16.532047987	-1368
16.532102108	-1368
16.5726761818	-95
16.6810469627	-1368
16.6810970306	-1368
16.681125164	-1368
16.7367601395	-609
16.8335680962	-1368
16.8638529778	-775
16.8805160522	-1368
16.8809239864	-1368
16.8809649944	-1368
16.8810241222	-1368
16.8813331127	-1368
16.8814070225	-1368
16.8818011284	543
16.9109179974	-1368
16.910998106	-1368
16.9203510284	-1368
16.9204061031	-1368
16.9906771183	-1060
17.0303761959	-1368
17.0304181576	543
17.1568021774	-775
17.1690180302	543
17.1967701912	543
17.2695610523	-1368
17.2695841789	-1368
17.2696790695	-1368
17.3208031654	-638
17.3607540131	-1368
17.360779047	-1368
17.4261770248	-1368
17.4262011051	-1368
17.4273641109	-1368
17.4274351597	-1368
17.4278020859	-1368
17.447270155	-393
17.452655077	-543
17.4536480904	543
17.5098400116	-1368
17.573980093	-1289
17.673664093	-1368
17.6980161667	-1368
17.7007989883	-435
17.7064340115	543
17.7071230412	1368
17.7071380615	1368
17.7072901726	1368
17.7230200768	-1368
17.7394361496	-543
17.8110690117	-1368
17.8111681938	-1368
17.8145179749	-1368
17.8146371841	-1368
17.8148131371	-1368
17.8231861591	1368
17.8239831924	1368
17.8239920139	1368
17.8241419792	1368
17.8241519928	1368
17.827532053	-1247
17.8338491917	509
17.8348610401	1368
17.8348779678	1368
17.8349890709	1368
17.8349950314	1368
17.8672890663	-1368
17.8673610687	-1368
17.8735561371	1368
17.8735661507	1368
17.8737101555	1368
17.873718977	1368
17.8800051212	-1368
17.9044439793	-775
17.9607200623	-435
17.9608051777	1081
17.9860091209	-1368
17.9863431454	-1368
18.0063619614	-1368
18.0064401627	-1368
18.0875720978	-269
18.1223211288	-1368
18.1405880451	-1368
18.1408929825	-1368
18.1409239769	-1368
18.1411151886	543
18.1520709991	-543
18.2489500046	-899
18.2970831394	-1368
18.2985930443	-1368
18.299213171	-1368
18.3042171001	-1368
18.3085319996	543
18.3101739883	1368
18.317690134	1368
18.3177070618	1368
18.3178260326	1368
18.4127430916	-327
18.437210083	812
18.4596991539	-1368
18.5640230179	-717
18.5758841038	543
18.5763781071	1368
18.6909191608	-1086
18.7033531666	203
18.7764890194	-1368
18.8300490379	-1260
18.8446891308	543
18.844930172	1368
18.9286329746	-1368
18.957365036	-261
18.9720630646	203
19.0418281555	-1368
19.0838069916	-232
19.0866611004	-1368
19.0867099762	-1368
19.0872941017	-1368
19.138600111	543
19.1514031887	-1368
19.1514630318	-1368
19.160888195	-1368
19.1610031128	-1368
19.1610350609	-1368
19.1984741688	-1368
19.1985111237	-1368
19.1985599995	-1368
19.2102050781	-177
19.2330780029	-1368
19.2331981659	-1368
19.2332651615	-1368
19.2407841682	-1368
19.2651910782	543
19.3368360996	-327
19.4259381294	-1368
19.4260129929	-1368
19.4260420799	-1368
19.5006539822	-66
19.5763599873	-1368
19.5764770508	-1368
19.5767440796	-1368
19.5771331787	-1368
19.5772051811	-1368
19.5774550438	-1368
19.5787711143	-1368
19.5788121223	-1368
19.5788350105	-1368
19.5792541504	-1368
19.579668045	-1368
19.5798890591	-1368
19.5799930096	543
19.5819861889	-1368
19.5869421959	-1368
19.5870120525	-1368
19.5870800018	-1368
19.5871219635	-1368
19.5871641636	-1368
19.6273691654	-425
19.6366240978	-1368
19.6366810799	-1368
19.6366980076	-1368
19.6386129856	-1368
19.6386430264	-1368
19.63875103	-1368
19.6757421494	-1368
19.6758260727	-1368
19.6760921478	-1368
19.6762311459	-1368
19.7254240513	-1368
19.7255301476	543
19.7255961895	-1368
19.7256150246	-1368
19.7328951359	-1368
19.7329549789	-1368
19.7330000401	-1368
19.7632009983	-1134
19.8584430218	-1368
19.8587729931	543
19.8589119911	-1368
19.8589279652	-1368
19.8589560986	-1368
19.8589830399	-1368
19.8590090275	-1368
19.8590450287	-1368
19.8590819836	-1368
19.8591029644	-1368
19.8591320515	-1368
19.8595051765	-1368
19.8595371246	-1368
19.8595740795	-1368
19.8598489761	-1368
19.885226965	-1368
19.885351181	-1368
19.8900220394	-1105
19.9382779598	-1368
20.0080680847	-1368
20.0081281662	1086
20.0084249973	-1368
20.0084500313	-1368
20.0084860325	-1368
20.0085170269	-1368
20.0085380077	-1368
20.0094981194	-1368
20.0099141598	-1368
20.0100040436	-1368
20.0127761364	-1368
20.0128781796	-1368
20.0129740238	-1368
20.0130560398	-1368
20.013076067	-1368
20.0131311417	-1368
20.0165221691	-19
20.018171072	-1368
20.0184481144	-1368
20.0185310841	-1368
20.018777132	-1368
20.0192861557	-1368
20.0193190575	-1368
20.019338131	-1368
20.0195350647	-1368
20.0197250843	-1368
20.0199871063	-1368
20.0200049877	-1368
20.0204191208	-1368
20.0204451084	-1368
20.0208699703	-1368
20.1048760414	-1368
20.1049351692	-1368
20.1350901127	-1368
20.1351571083	543
20.135171175	-1368
20.1351799965	-1368
20.1351959705	-1368
20.1352250576	-1368
20.1353011131	-1368
20.1451041698	-1237
20.1614570618	-1368
20.1615030766	-1368
20.1615381241	-1368
20.1615440845	-1368
20.1624500751	-1368
20.1624751091	-1368
20.1625449657	-1368
20.1628160477	-1368
20.1631240845	-1368
20.1636991501	-1368
20.1646401882	-1368
20.1657640934	-1368
20.1667320728	-1368
20.1667671204	-1368
20.1667950153	-1368
20.1676740646	-1368
20.1677250862	-1368
20.1683161259	-1368
20.2510941029	-1368
20.2511360645	-1368
20.2511851788	-1368
20.2718381882	-549
20.271944046	543
20.2904310226	-1368
20.2904741764	-1368
20.2911679745	-1368
20.2911939621	-1368
20.2912240028	-1368
20.2914600372	-1368
20.291601181	-1368
20.2916281223	-1368
20.291738987	-1368
20.2917630672	-1368
20.2917909622	-1368
20.2923111916	-1368
20.2923409939	-1368
20.2923660278	-1368
20.2926809788	-1368
20.2927591801	-1368
20.2927839756	-1368
20.3194689751	-1368
20.3670780659	-1368
20.3671321869	-1368
20.367166996	-1368
20.3671929836	-1368
20.3985450268	-209
20.3986101151	1086
20.4078800678	-1368
20.4422311783	-1368
20.4422771931	-1368
20.4422850609	-1368
20.4427661896	-1368
20.4428050518	-1368
20.4428420067	-1368
20.4430701733	-1368
20.4430961609	-1368
20.4431259632	-1368
20.4436721802	-1368
20.4437010288	-1368
20.4437251091	-1368
20.4453201294	-1368
20.4453761578	-1368
20.4453830719	-1368
20.446213007	-1368
20.4470419884	-1368
20.4470920563	-1368
20.4476389885	-1368
20.4483411312	-1368
20.4488911629	-1368
20.448925972	-1368
20.4491071701	-1368
20.449187994	-1368
20.4492480755	-1368
20.4497630596	-1368
20.4498171806	-1368
20.4498581886	-1368
20.4503309727	-1368
20.4506840706	1368
20.4612751007	543
20.492784977	-1368
20.4929080009	-1368
20.4941320419	-1368
20.4941730499	-1368
20.4941971302	-1368
20.4942109585	-1368
20.4942209721	-1368
20.5104160309	-1368
20.5254061222	-1314
20.5254809856	775
20.5958321095	-1368
20.595908165	-1368
20.5959541798	-1368
20.5963180065	-1368
20.5963671207	-1368
20.5963771343	-1368
20.6250231266	1368
20.6262381077	-1368
20.6262609959	-1368
20.6522929668	-596
20.6523389816	775
20.657487154	1368
20.6909229755	1368
20.7195279598	-1368
20.7195591927	-1368
20.7243030071	-1368
20.7243411541	-1368
20.724725008	-1368
20.7247581482	-1368
20.7247800827	-1368
20.7248020172	-1368
20.7248289585	-1368
20.7248749733	-1368
20.7249491215	-1368
20.724968195	-1368
20.7251780033	1368
20.7252349854	-1368
20.7252390385	-1368
20.7252430916	-1368
20.7252700329	-1368
20.7253041267	-1368
20.7253830433	-1368
20.7255110741	-1368
20.725538969	-1368
20.7256159782	-1368
20.725659132	-1368
20.7257430553	-1368
20.7258210182	-1368
20.7258901596	-1368
20.7260200977	-1368
20.726195097	-1368
20.7262201309	-1368
20.726391077	-1368
20.7264201641	-1368
20.7269420624	-1368
20.7269701958	-1368
20.7270030975	-1368
20.7271721363	-1368
20.7272491455	-1368
20.7522201538	-543
20.7525351048	-1368
20.7788720131	-104
20.7789111137	1268
20.8420920372	-1368
20.8421251774	-1368
20.844037056	-1368
20.8444960117	-1368
20.8445329666	-1368
20.8445510864	-1368
20.8461589813	-1368
20.8461821079	-1368
20.8462250233	-1368
20.8787260056	-717
20.8856811523	-1368
20.8857190609	-1368
20.8860571384	-1368
20.8860900402	-1368
20.8861670494	-1368
20.8862090111	-1368
20.886231184	-1368
20.8862969875	-1368
20.8867340088	-1368
20.8874461651	-1368
20.8875451088	-1368
20.8875601292	-1368
20.8879051208	-1368
20.888117075	-1368
20.8881540298	-1368
20.8882751465	1368
20.9057030678	-217
20.9058749676	261
21.0318071842	-1368
21.0325109959	-1260
21.1147739887	-1368
21.1148769855	-1368
21.1149120331	-1368
21.1149351597	-1368
21.114964962	-1368
21.1149890423	-1368
21.1150200367	-1368
21.1150619984	-1368
21.1150791645	-1368
21.1151111126	-1368
21.115142107	-1368
21.1151840687	-1368
21.1590681076	-836
21.188336134	-1368
21.1884231567	-1368
21.1889750957	543
21.2859230042	-949
21.30027318	-1368
21.3003971577	-1368
21.3005411625	-1368
21.3006460667	-1368
21.3013520241	-1368
21.3013820648	-1368
21.301388979	-1368
21.3208069801	-1368
21.3208780289	543
21.3440999985	-1368
21.3441720009	-1368
21.3612720966	-1368
21.361303091	-1368
21.3613221645	-1368
21.3615860939	-1368
21.3616020679	-1368
21.3616039753	-1368
21.3737311363	-1368
21.3738679886	-1368
21.3739631176	-1368
21.3739831448	-1368
21.3740329742	-1368
21.3744370937	-1368
21.3744761944	-1368
21.3744959831	-1368
21.3745081425	-1368
21.3745441437	-1368
21.3745751381	-1368
21.3747911453	-1368
21.3748149872	-1368
21.3748450279	-1368
21.426954031	-718
21.4838030338	-1368
21.4839420319	1086
21.5029451847	-1368
21.5109610558	-1368
21.5110211372	-1368
21.5540361404	-841
21.5616769791	-1368
21.562182188	-1368
21.5622131824	-1368
21.5622689724	-1368
21.5624480247	-1368
21.6013121605	1368
21.6321620941	1368
21.6425690651	1368
21.656386137	-1368
21.6564290524	211
21.6564371586	-1368
21.6640450954	-1368
21.6640841961	-1368
21.6806631088	-828
21.7703831196	-1368
21.7704269886	-1368
21.7704429626	-1368
21.7706341743	-1368
21.7706539631	-1368
21.7706770897	-1368
21.7707071304	-1368
21.7707309723	-1368
21.7708261013	-1368
21.7708849907	-1368
21.7709171772	-1368
21.7709519863	-1368
21.7711069584	-1368
21.7712101936	-1368
21.7712421417	-1368
21.7713131905	1368
21.7721951008	-1368
21.772616148	-1368
21.772644043	-1368
21.7728450298	-1368
21.7728691101	-1368
21.8073561192	-288
21.8074371815	261
21.9340319633	-543
21.9340891838	543
22.0051159859	-1368
22.0053670406	-1368
22.0053961277	-1368
22.0054340363	-1368
22.0054681301	-1368
22.0055019855	-1368
22.0059809685	-1368
22.0061061382	-1368
22.0061731339	-1368
22.0062000751	-1368
22.0064020157	-1368
22.0064270496	-1368
22.0064580441	-1368
22.0064861774	-1368
22.0607750416	-699
22.0608561039	543
22.1034371853	-1368
22.1035101414	-1368
22.1035480499	-1368
22.1039590836	-1368
22.1039931774	-1368
22.104003191	-1368
22.1253421307	-1368
22.1253969669	-1368
22.1254429817	-1368
22.1589269638	-1368
22.1592311859	-1368
22.1592581272	-1368
22.1593241692	-1368
22.160061121	-1368
22.1601171494	-1368
22.1601259708	-1368
22.1609511375	-1368
22.1609940529	-1368
22.1610190868	-1368
22.1617991924	-1368
22.1618540287	-1368
22.1618630886	-1368
22.1635570526	-1368
22.1635940075	-1368
22.1636230946	-1368
22.1638381481	-1368
22.1638660431	-1368
22.1638929844	-1368
22.1875510216	-283
22.1876101494	543
22.2110700607	-1368
22.2112209797	-1368
22.2112770081	-1368
22.211299181	-1368
22.2113451958	-1368
22.2113649845	-1368
22.2115490437	-1368
22.2115700245	-1368
22.211591959	-1368
22.2118079662	-1368
22.2118279934	-1368
22.2120091915	-1368
22.2123661041	-1368
22.2124500275	-1368
22.2128350735	-1368
22.2130360603	-1368
22.2301261425	-1368
22.2301549911	-1368
22.230173111	-1368
22.2306380272	-1368
22.2327749729	1368
22.2327861786	1368
22.314478159	-831
22.3145260811	435
22.3703069687	-1368
22.3703560829	-1368
22.3704030514	-1368
22.371363163	-1368
22.3713850975	-1368
22.3713901043	-1368
22.3718280792	-1368
22.3718411922	-1368
22.3727021217	-1368
22.3731579781	-1368
22.3732149601	-1368
22.3735010624	-1368
22.3936750889	-1368
22.3937549591	-1368
22.3941960335	-1368
22.4090390205	-1368
22.4091260433	-1368
22.4091341496	-1368
22.4125699997	-1368
22.4126000404	-1368
22.4126300812	-1368
22.4126341343	-1368
22.4129631519	1368
22.4414570332	-1295
22.4416241646	261
22.4467191696	-1368
22.4467771053	-1368
22.4469981194	-1368
22.4482159615	-1368
22.448292017	-1368
22.4483120441	-1368
22.448718071	-1368
22.448731184	-1368
22.4490480423	-1368
22.4494681358	-1368
22.4495179653	-1368
22.4497671127	-1368
22.4500541687	-1368
22.4500939846	-1368
22.4507570267	-1368
22.4507870674	-1368
22.4508080482	-1368
22.4510929585	-1368
22.451125145	-1368
22.4515149593	-1368
22.451529026	-1368
22.4519820213	-1368
22.4520041943	-1368
22.4520111084	-1368
22.4522171021	-1368
22.4970450401	-1368
22.4970781803	-1368
22.4970979691	-1368
22.4980139732	-1368
22.5260381699	-1368
22.5260629654	-1368
22.5260841846	-1368
22.5261671543	-1368
22.5262680054	-1368
22.5266151428	1368
22.5435349941	-1368
22.5441191196	-1368
22.5681941509	-365
22.5682339668	804
22.5955150127	-1368
22.5955581665	-1368
22.6884610653	-1368
22.6885721684	-1368
22.688639164	-1368
22.6886651516	-1368
22.6950471401	-704
22.6951880455	1086
22.7393209934	-1368
22.739385128	-1368
22.7394220829	-1368
22.811519146	-1368
22.8123171329	-1368
22.8124661446	-1368
22.8124880791	-1368
22.8127110004	-1368
22.8127369881	-1368
22.8127670288	-1368
22.8130791187	-1368
22.8131070137	-1368
22.8131420612	-1368
22.8132469654	-1368
22.8132779598	-1368
22.8133280277	-1368
22.8133530617	-1368
22.813395977	-1368
22.8134150505	-1368
22.8134541512	-1368
22.8210589886	1368
22.8219060898	-860
22.8219361305	261
22.8305881023	1368
22.8305990696	1368
22.8307440281	1368
22.8374681473	1368
22.8375329971	1368
22.9085919857	-1368
22.9086780548	-1368
22.9485139847	-406
22.948592186	16
23.0632400513	-1368
23.0751559734	-232
23.2185630798	-543
23.2486310005	-1368
23.2487089634	-1368
23.2487280369	-1368
23.2499010563	-1368
23.2499291897	-1368
23.2499601841	-1368
23.2502191067	-1368
23.250259161	-1368
23.2502861023	-1368
23.2510449886	-1368
23.2510750294	-1368
23.2510950565	-1368
23.2511301041	-1368
23.2512860298	-1368
23.2517540455	-1368
23.2519440651	-1368
23.2519700527	-1368
23.3351550102	-1368
23.3352069855	-1368
23.3360719681	-1368
23.3364620209	-1368
23.336673975	543
23.337074995	-1368
23.3371059895	-1368
23.3371331692	-1368
23.3371760845	-1368
23.3372070789	-1368
23.3372650146	-1368
23.3373739719	-1368
23.3373999596	-1368
23.3374791145	-1368
23.3376049995	-1368
23.3376300335	-1368
23.3376851082	-1368
23.337939024	-1368
23.3379640579	-1368
23.3379950523	-1368
23.3380491734	-1368
23.3380961418	-1368
23.3381531239	-1368
23.3382360935	-1368
23.3382611275	-1368
23.3383860588	-1368
23.3384590149	-1368
23.3384971619	-1368
23.3385159969	-1368
23.3385560513	-1368
23.338629961	-1368
23.3467361927	-1368
23.3468170166	-1368
23.3468310833	-1368
23.3752260208	-1368
23.3752779961	-1267
23.4077291489	-1368
23.407752037	-1368
23.4078240395	-1368
23.4080049992	1368
23.4150061607	1368
23.4492051601	1368
23.4573841095	1368
23.5018529892	-1152
23.5018839836	899
23.5498950481	1368
23.5526030064	-543
23.5601780415	-1368
23.5602080822	-1368
23.5604400635	-1368
23.5634491444	-1368
23.5672721863	1368
23.5674130917	1368
23.5692641735	-1368
23.569288969	-1368
23.5693740845	-1368
23.5860111713	-1368
23.5860459805	-1368
23.586055994	-1368
23.5863611698	-1368
23.6153430939	-1368
23.6154260635	-1368
23.6286151409	-1068
23.6287009716	124
23.686578989	-1368
23.68664217	-1368
23.6871290207	-1368
23.6878781319	-1368
23.6879220009	-1368
23.6884360313	-1368
23.6884741783	-1368
23.68851614	-1368
23.6895320415	-1368
23.6895551682	-1368
23.68957901	-1368
23.6904230118	-1368
23.6905100346	-1368
23.690538168	-1368
23.6916930676	-1368
23.6917140484	-1368
23.6917409897	-1368
23.6924040318	-1368
23.6924660206	-1368
23.6932311058	-1368
23.6934280396	-1368
23.6934950352	-1368
23.6939060688	-1368
23.6939291954	-1368
23.694712162	-1368
23.6947519779	-1368
23.6947801113	-1368
23.6950960159	-1368
23.6951231956	-1368
23.695182085	-1368
23.6956400871	-1368
23.6956820488	-1368
23.6957101822	-1368
23.6966350079	1368
23.7017891407	-1368
23.7018280029	-1368
23.719563961	-1368
23.7554171085	-850
23.7554500103	804
23.9153971672	-543
24.07406497	-1368
24.07498312	543
24.0960011482	1368
24.0962240696	1368
24.0966660976	-261
24.1021950245	1368
24.197108984	-1368
24.1971521378	-1368
24.1971709728	-1368
24.1978871822	1368
24.2229480743	385
24.2289850712	-1152
24.2673389912	-1368
24.2801170349	543
24.3501269817	1057
24.3942070007	-232
24.4192581177	-1368
24.4194450378	-1368
24.4195029736	-1368
24.4196100235	-1368
24.4196250439	-1368
24.4196321964	-1368
24.4198031425	-1368
24.4198820591	-1368
24.4200761318	-1368
24.420279026	-1368
24.4203071594	-1368
24.420361042	-1368
24.4204161167	-1368
24.4204421043	-1368
24.4205961227	-1368
24.4206471443	-1368
24.4206631184	-1368
24.4207770824	-1368
24.4208321571	-1368
24.4208619595	-1368
24.4208881855	-1368
24.4211170673	-1368
24.4211530685	-1368
24.4212281704	-1368
24.421257019	-1368
24.4212861061	-1368
24.4214639664	-1368
24.4215149879	-1368
24.4215500355	-1368
24.4215540886	-1368
24.4215760231	-1368
24.4216389656	-1368
24.4217669964	-1368
24.4217970371	-1368
24.4218289852	-1368
24.4815289974	-1368
24.4815580845	1086
24.4815721512	-1368
24.481577158	-1368
24.5303580761	-1368
24.5304679871	-1368
24.5371170044	-1368
24.5371570587	-1368
24.5459079742	-1011
24.5587310791	1368
24.5587451458	1368
24.6526770592	435
24.6770629883	-1368
24.6771211624	-1368
24.6855421066	-435
24.7441301346	-1368
24.7795171738	543
24.8337771893	-1368
24.848911047	-949
24.9362270832	-1368
24.9367120266	-1368
24.9399540424	1057
24.9754490852	-522
24.9813041687	-1368
24.9813420773	-1368
25.0295701027	-1368
25.029597044	-1368
25.1080930233	-240
25.2349960804	-1086
25.2958061695	-1368
25.2978889942	-1368
25.2985670567	-1368
25.2986550331	-1368
25.298992157	-1368
25.2990550995	-1368
25.2990911007	-1368
25.2992630005	543
25.2993190289	-1368
25.2998201847	-1368
25.2998859882	-1368
25.3002831936	-1368
25.3006670475	-1368
25.3007221222	-1368
25.3010640144	-1368
25.3023221493	-1368
25.3023500443	-1368
25.3023710251	-1368
25.3029401302	-1368
25.3030281067	-1368
25.3031129837	-1368
25.3032250404	-1368
25.3032491207	-1368
25.3035011292	-1368
25.3036630154	-1368
25.3036911488	-1368
25.3037650585	-1368
25.303951025	-1368
25.3040370941	-1368
25.3040909767	-1368
25.3041601181	-1368
25.3042080402	-1368
25.3042421341	-1368
25.3043940067	-1368
25.3044700623	-1368
25.30448699	-1368
25.3045790195	-1368
25.304610014	-1368
25.304639101	-1368
25.304723978	-1368
25.3048021793	-1368
25.3048341274	-1368
25.3048641682	-1368
25.3048989773	-1368
25.3049411774	-1368
25.3050181866	-1368
25.3050410748	-1368
25.3051590919	-1368
25.3051869869	-1368
25.3052620888	-1368
25.3053171635	-1368
25.3053450584	-1368
25.305670023	1368
25.3617510796	-123
25.4258019924	1347
25.4494931698	-1368
25.4495270252	-1368
25.44957304	-1368
25.4495911598	-1368
25.4497580528	-1368
25.4497880936	-1368
25.4498610497	-1368
25.4501881599	-1368
25.4503471851	-1368
25.4504029751	-1368
25.45068717	-1368
25.4507369995	-1368
25.4507660866	-1368
25.4508700371	-1368
25.4508919716	-1368
25.4509329796	-1368
25.4510540962	-1368
25.5248560905	-765
25.5924479961	1086
25.6071550846	-1368
25.6515500546	-232
25.6877059937	-1368
25.6877269745	-1368
25.7781159878	-891
25.8019201756	-1368
25.8047029972	-1368
25.8085460663	543
25.8406600952	-1368
25.8406860828	-1368
25.8407120705	-1368
25.9283809662	-16
25.9355499744	543
25.9663481712	-1368
25.9663729668	-1368
25.969312191	-1368
26.055011034	-66
26.1815559864	-543
26.2779061794	-1368
26.3081970215	-1231
26.3089220524	1057
26.4348330498	-543
26.4354090691	543
26.6253750324	-543
26.7788469791	-1368
26.7788760662	-1368
26.7789881229	-1368
26.779227972	543
26.8008990288	-1152
26.9058871269	543
26.972094059	-543
27.0989751816	-1057
27.1333250999	-1368
27.2257640362	-1260
27.3523671627	-543
27.4363839626	-1368
27.4364190102	-1368
27.4364480972	-1368
27.4789841175	-66
27.4793009758	543
27.5702021122	1368
27.5708241463	1368
27.6055071354	-543
27.6057460308	435
27.7333800793	-543
27.7335021496	543
27.8600730896	-543
28.052888155	-1368
28.052957058	-1368
28.0529780388	-1368
28.0647041798	-66
28.2091829777	-543
28.2236289978	543
28.3656849861	-543
28.3657510281	1057
28.5476679802	543
28.5884940624	-543
28.752956152	-1086
28.7765951157	-1368
28.9032530785	-804
28.9767751694	-1368
29.0301749706	-232
29.1290531158	-1368
29.1291611195	-1368
29.1292331219	-1368
29.1436581612	543
29.1570060253	-609
29.1652891636	1368
29.2703461647	775
29.7531681061	-543
29.7874519825	-1368
29.7875270844	-1368
29.7875390053	-1368
29.7882261276	-1368
29.7882649899	-1368
29.7890050411	-1368
29.8006720543	-1368
29.8007171154	-1368
29.8014111519	-1368
29.8016331196	-1368
29.8016660213	-1368
29.8021211624	-1368
29.8021481037	-1368
29.8021709919	-1368
29.906332016	-1368
29.9064149857	-1368
29.906430006	-1368
29.907294035	543
29.9093420506	-1368
29.9093840122	-1368
29.9142820835	-1084
29.9947869778	1368
30.0339159966	775
30.0807151794	-543
30.2470140457	-543
30.2482640743	543
30.4000611305	-543
30.5532059669	-1368
30.5547761917	1057
30.5646159649	-261
30.60998106	-1368
30.728618145	-717
30.7320899963	543
30.8554251194	-543
30.9182491302	1086
31.0489230156	-543
31.0494940281	543
31.1869661808	-543
31.2078101635	-1368
31.2078671455	-1368
31.3344299793	-891
31.3355801105	543
31.3617200851	-1368
31.3618490696	-1368
31.4614191055	-891
31.5016050339	543
31.6245930195	-543
31.668418169	543
31.8546020985	-543
31.8569250107	-1368
31.8570041656	-1368
31.857211113	-1368
31.9837560654	-66
32.0076100826	-1368
32.0076460838	-1368
32.007668972	-1368
32.1106021404	-609
32.2151861191	-543
32.2377040386	-543
32.2477090359	543
32.2478430271	543
32.2801091671	543
32.2801630497	543
32.3645751476	-1086
32.3808481693	543
32.4551851749	543
32.4821760654	-1368
32.4822101593	-1368
32.5310511589	-543
32.5686480999	-891
32.5819821358	543
32.6746921539	-1368
32.6952161789	-543
32.6964201927	-775
32.7028381824	1368
32.7084000111	746
32.7203691006	-543
32.8228960037	-543
32.8232011795	543
32.9855270386	-543
33.1074969769	-543
33.1077740192	-1368
33.1791951656	-543
33.2340421677	-717
33.2379250526	1368
33.2380709648	203
33.4149770737	-543
33.6210100651	-543
33.6830501556	-1368
33.7043039799	-1368
33.7043659687	-1368
33.7094600201	-1368
33.7845931053	-327
33.9113340378	-543
33.9160189629	543
33.9181210995	543
34.0032711029	-1368
34.0035660267	-1368
34.0102860928	-1368
34.0103151798	-1368
34.0103371143	-1368
34.0106971264	-1368
34.0195240974	-1368
34.0378391743	-451
34.1104900837	543
34.2454819679	-543
34.2457830906	543
34.5284459591	-543
34.5285999775	-1368
34.5696310997	-543
34.5702080727	543
34.6548950672	-717
34.6968951225	543
34.7662451267	-543
35.0174000263	-543
35.1765711308	-1368
35.1767251492	-1368
35.176748991	-891
35.1877889633	543
35.1883921623	1368
35.1884021759	1368
35.18851614	1368
35.1885240078	1368
35.3144571781	240
35.4616141319	-543
35.6248760223	-543
35.6409151554	543
35.8130700588	-543
35.8270170689	-1368
35.8270661831	-1368
35.8270790577	-1368
35.8270881176	-1368
35.8270931244	-1368
35.8270971775	-1368
35.8364620209	-1368
35.8365550041	-1368
35.8366110325	-1368
35.9537010193	-1284
35.954059124	543
35.9739630222	-1368
35.9740030766	-1368
35.9742650986	-1368
35.9742791653	-1368
35.9743010998	-1368
35.9805409908	-1368
35.9806880951	-1368
35.9847769737	-1368
35.9849030972	-1368
35.9849209785	-1368
35.9849691391	-1368
35.9850180149	-1368
36.0009679794	-1368
36.0010750294	-1368
36.0808660984	-1368
36.0809190273	543
36.0809299946	-1368
36.1007111073	-1368
36.1007909775	-1368
36.1008000374	-1368
36.1010620594	-1368
36.1010870934	-1368
36.1011149883	-1368
36.1075000763	-1368
36.1075739861	-1353
36.1260449886	-1368
36.1261510849	-1368
36.1331601143	-1368
36.1332361698	-1368
36.1332449913	-1368
36.1336400509	-1368
36.1336741447	-1368
36.1337020397	-1368
36.1342520714	-1368
36.1343150139	-1368
36.2076330185	-1368
36.2077121735	543
36.2077260017	-1368
36.2275559902	-1368
36.2276329994	-1368
36.2276489735	-1368
36.2276651859	-1368
36.2276740074	-1368
36.2276821136	-1368
36.2277121544	-1368
36.2277321815	-1368
36.2277610302	-1368
36.234265089	-1368
36.2343010902	-1368
36.234331131	-1368
36.2527270317	-1368
36.2527780533	-1368
36.2527861595	-1368
36.2600271702	-1368
36.2600669861	-1368
36.26009202	-1368
36.2600979805	-1368
36.2601060867	-1348
36.279074192	-1368
36.2791311741	-1368
36.2791421413	-1368
36.2791571617	-1368
36.2791631222	-1368
36.2859230042	-1368
36.3009450436	-1368
36.3010971546	-1368
36.3020119667	1368
36.3344480991	-1368
36.334526062	261
36.3345351219	-1368
36.3544859886	-1368
36.354571104	-1368
36.3545770645	-1368
36.3545851707	-1368
36.3545880318	-1368
36.3545911312	-1368
36.3545939922	-1368
36.3545980453	-1368
36.3546020985	-1368
36.354621172	-1368
36.3546459675	-1368
36.3546760082	-1368
36.3547141552	-1368
36.3547329903	-1368
36.3611450195	-1368
36.3612191677	-1368
36.3612420559	-1368
36.3795881271	-1368
36.3796319962	-1368
36.3796470165	-1368
36.3796820641	-1368
36.3797001839	-1368
36.3797280788	-1368
36.3868150711	-1368
36.3868770599	-1368
36.3868989944	-1368
36.3869030476	-1368
36.3869130611	-1368
36.3869249821	-1368
36.4056789875	-945
36.432860136	-1368
36.4329581261	-1368
36.4329650402	-1368
36.4528131485	-1368
36.4528679848	-1368
36.4529180527	-1368
36.4533879757	1368
36.5064451694	261
36.5594751835	-132
36.5617029667	1368
36.633493185	1289
36.6885581017	-543
36.8004519939	543
37.1327459812	-543
37.133852005	543
37.1343500614	-1368
37.134417057	-1368
37.1344780922	-1368
37.2593669891	-66
37.2908911705	-1368
37.2909481525	-1368
37.2912390232	-1368
37.2916719913	-1368
37.2917029858	-1368
37.385931015	-957
37.727889061	-543
37.8844070435	-1368
37.88448596	-1368
37.8845040798	-891
37.8848690987	543
37.8972899914	1368
38.0244591236	232
38.4873700142	-543
38.5176970959	-1368
38.5177881718	-1368
38.5178050995	-1368
38.5182671547	-1368
38.5185961723	-1368
38.5186650753	-1368
38.6434671879	-1368
38.6435410976	-1368
38.6435551643	-1368
38.6440830231	-227
38.6742730141	-1368
38.6743340492	-1368
38.6743721962	-1368
38.6746940613	-1368
38.6747481823	-1368
38.6748330593	-1368
38.67506814	543
38.6753120422	-1368
38.6849091053	-1368
38.6849741936	-1368
38.7708230019	-1255
38.7943561077	-1368
38.7944719791	-1368
38.7945771217	-1368
38.7948710918	-1368
38.7949450016	-1368
38.8009700775	-1368
38.8010339737	-1368
38.8253521919	-1368
38.8255121708	-1368
38.8274941444	-1368
38.8280260563	-1368
38.8283960819	543
38.8285701275	-1368
38.8286211491	-1368
38.8313500881	-1368
38.8313951492	-1368
38.8325221539	-1368
38.8488061428	-1368
38.8488891125	-1368
38.8974699974	-1368
38.8975090981	-1368
38.9208750725	-317
38.9629030228	-1368
38.9629671574	543
38.9629950523	-1368
39.0473651886	-377
39.1298420429	543
39.7386670113	1057
40.0075731277	-543
40.1550130844	1368
40.1550331116	1368
40.1551961899	377
40.1677310467	1368
40.1856231689	-1368
40.1856889725	-203
40.1858391762	-1368
40.1858551502	-1368
40.1858861446	-1368
40.1859111786	-1368
40.1859681606	-1368
40.1862921715	-1368
40.1864869595	-1368
40.1869051456	1368
40.2029981613	-1368
40.2819170952	435
40.3123540878	-538
40.3388240337	-1368
40.3388960361	-1368
40.3423881531	-1368
40.3424470425	-1368
40.3424921036	-1368
40.3428120613	-1368
40.3428680897	-1368
40.3428909779	-1368
40.3430581093	-1368
40.34308815	-1368
40.3431329727	-1368
40.3690881729	-1368
40.3691470623	-1368
40.4391419888	-1368
40.439207077	-98
40.4923081398	-1368
40.4924170971	-1368
40.4924931526	-1368
40.4925019741	-1368
40.4925150871	-1368
40.4926381111	-1368
40.4926650524	-1368
40.4926919937	-1368
40.4933359623	543
40.4964489937	-1368
40.4965071678	-1368
40.4965360165	-1368
40.496628046	-1368
40.4966771603	-1368
40.4967460632	-1368
40.4969730377	-1368
40.5661320686	-1368
40.5661840439	-1368
40.5662209988	-1368
40.6193029881	-1368
40.6193621159	-1368
40.6194081306	-715
40.6453499794	-1368
40.6454069614	543
40.6454360485	-1368
40.6454460621	-1368
40.6458880901	-1368
40.6461510658	-1368
40.6462249756	-1368
40.6462540627	-1368
40.6462910175	-1368
40.6464400291	-1368
40.6464660168	-1368
40.6465830803	-1368
40.6466369629	-1368
40.6466610432	-1368
40.6466941833	-1368
40.6468009949	-1368
40.6929271221	-1368
40.6929671764	-1368
40.6930131912	-1368
40.7330081463	-1368
40.7464520931	-1229
40.7978811264	-1368
40.7979359627	543
40.7979671955	-1368
40.7984681129	-1368
40.7986600399	-1368
40.798913002	-1368
40.7989420891	-1368
40.7990801334	-1368
40.7991161346	-1368
40.7991330624	-1368
40.7995400429	-1368
40.7995669842	-1368
40.7995951176	-1368
40.800112009	-1368
40.8001420498	-1368
40.8001639843	-1368
40.8004100323	-1368
40.8004369736	-1368
40.8005981445	-1368
40.8006429672	-1368
40.8196561337	-1368
40.8273570538	-1368
40.8274331093	-1368
40.8279440403	1368
40.8730061054	-93
40.9545800686	261
40.965375185	-1368
40.9654359818	-1368
40.9671461582	-1368
40.9672110081	-1368
40.967247963	-1368
40.9687399864	-1368
40.9687891006	-1368
40.9687981606	-1368
40.9699120522	-1368
40.9703130722	-1368
40.9703550339	-1368
40.9703960419	-1368
40.9722151756	-1368
40.9722599983	-1368
40.9722900391	-1368
40.9729640484	-1368
40.9736130238	-1368
40.9736440182	-1368
40.9736721516	-1368
40.9742221832	-1368
40.9742701054	-1368
40.9745881557	-1368
40.9755101204	-1368
40.9911789894	-1368
40.9912600517	-1368
40.9915499687	-1368
41.0369420052	-1368
41.037001133	-1368
41.0921900272	-1368
41.0922470093	1086
41.0922751427	-1368
41.0922870636	-146
41.1045360565	-1368
41.1045901775	-1368
41.1046280861	-1368
41.1046431065	-1368
41.1046571732	-1368
41.1050851345	-1368
41.1051540375	-1368
41.1051971912	-1368
41.1054019928	-1368
41.105463028	-1368
41.1054990292	-1368
41.1055860519	-1368
41.105864048	-1368
41.1058921814	-1368
41.1060221195	-1368
41.1061091423	-1368
41.1061251163	-1368
41.106167078	-1368
41.106194973	-1368
41.1062231064	-1368
41.1062951088	-1368
41.1063251495	-1368
41.1178860664	-1368
41.1179451942	-1368
41.1179811954	-1368
41.1432051659	-1368
41.1432800293	-1368
41.1432900429	-1368
41.1638569832	-1368
41.1639111042	-1368
41.1639499664	-1368
41.2191569805	-863
41.2192311287	1086
41.2572040558	-1368
41.2572669983	-1368
41.2573029995	-1368
41.2573330402	-1368
41.2573640347	-1368
41.2574911118	-1368
41.2575080395	-1368
41.2575361729	-1368
41.2582471371	-1368
41.2582790852	-1368
41.2583231926	-1368
41.2583811283	-1368
41.2584311962	-1368
41.2584600449	-1368
41.2586021423	-1368
41.2587440014	-1368
41.2588031292	-1368
41.2588319778	-1368
41.2588779926	-1368
41.2606391907	-1368
41.2606611252	-1368
41.2607371807	-1368
41.260764122	-1368
41.2607910633	-1368
41.2610371113	-1368
41.2614519596	-1368
41.261480093	-1368
41.2961871624	-1368
41.2963161469	-1368
41.2963340282	-1368
41.2963609695	-1368
41.2963709831	-1368
41.2963790894	-1368
41.2963850498	-1368
41.2964360714	-1368
41.2977850437	1368
41.3288609982	-1368
41.3289120197	-1368
41.3461470604	-1368
41.3462290764	261
41.3462431431	-1368
41.3478171825	1368
41.3842079639	-1368
41.3842790127	-4
41.4615550041	-1368
41.4618110657	-1368
41.4618721008	-1368
41.4746940136	232
41.4752771854	543
41.5107541084	-66
41.658260107	543
41.8631100655	-543
41.863353014	543
42.0635430813	-543
42.0637221336	-1368
42.0637490749	-1368
42.0657579899	-1368
42.0658140182	-1368
42.0658299923	-1368
42.072726965	-1368
42.0727989674	-1368
42.0728180408	-1368
42.1901421547	-1023
42.2160990238	-1368
42.2161750793	-1368
42.2195169926	-1368
42.2195880413	-1368
42.3122220039	-543
42.3123719692	-1368
42.3167300224	-269
42.4386770725	-717
42.4420981407	543
42.6087579727	-543
42.8795640469	-543
43.2856910229	-543
