0	543
2.18456602097	1057
2.6725769043	-543
2.79052686691	543
2.98619604111	-543
3.00044298172	1057
3.06868290901	-543
3.07195186615	543
3.46196103096	-543
3.65540504456	-543
3.69484591484	-1368
3.69488286972	-1368
3.70219707489	-1368
3.77379107475	-638
3.78097295761	1057
3.89199590683	-543
3.89952206612	543
4.07574105263	-543
4.23042297363	-543
4.24588990211	-543
4.35108399391	-543
4.35132598877	-1368
4.46928405762	-203
4.47112894058	543
4.58762788773	-543
4.91316199303	-543
5.1311519146	-543
5.13160085678	-1368
5.13164901733	-1368
5.13198900223	-1368
5.1320400238	-1368
5.13873505592	-1368
5.13886594772	-1368
5.138890028	-1368
5.17347097397	1057
5.24971699715	-364
5.29191493988	1057
5.32839393616	-1368
5.32846903801	-1368
5.32849502563	-1368
5.32867097855	-1368
5.32869696617	-1368
5.32872486115	-1368
5.33534407616	-1368
5.33538794518	-1368
5.33541107178	-1368
5.40191793442	-1368
5.40625596046	-1031
5.44969797134	543
5.52534484863	-1368
5.5254778862	-1368
5.52555990219	-1368
5.52559304237	-1368
5.52561187744	-1368
5.52562093735	-1368
5.52563500404	-161
5.53156495094	-1368
5.53162097931	-1368
5.531676054	-1368
5.53864002228	-1368
5.56823301315	543
5.6451048851	-298
5.72090697289	-1368
5.72106790543	-1368
5.72113490105	-1368
5.72114086151	-1368
5.72115087509	-1368
5.72115802765	-1368
5.72847104073	-1368
5.72850489616	-1368
5.72852706909	-1368
5.72884988785	543
5.78912806511	-1368
5.78916406631	-1368
5.80255293846	-1147
5.88343095779	-1368
5.88348793983	-1368
5.88352108002	-1368
5.91613698006	-1368
5.91620898247	-1368
5.91677188873	-1368
5.91721105576	-1368
5.91726207733	-1368
5.91885304451	-1368
5.91918206215	-1368
5.91922092438	-1368
5.92398905754	-1368
5.92411208153	-1368
5.92414188385	-1368
5.92880988121	543
5.95848298073	-1271
5.97236299515	-1368
5.97244787216	-1368
5.97953605652	-1368
6.01764297485	-1368
6.01770186424	-1368
6.01774597168	-1368
6.01822185516	1368
6.0858540535	232
6.09098601341	-733
6.11277103424	-1368
6.11282396317	-1368
6.11346507072	-1368
6.11349892616	-1368
6.11350703239	-1368
6.11358094215	-1368
6.11360788345	-1368
6.1136329174	-1368
6.12052702904	-1368
6.12063002586	-1368
6.12064099312	-1368
6.12385296822	1368
6.14638900757	-1368
6.14644694328	-1368
6.14649891853	-1368
6.2313849926	-1271
6.23146295547	261
6.30916285515	-1368
6.30920386314	-1368
6.30923104286	-1368
6.30924391747	-1368
6.30925393105	-1368
6.30927801132	-1368
6.30930495262	-1368
6.30934000015	-1368
6.30937290192	-1368
6.31666588783	-1368
6.31671905518	-1368
6.31674385071	-1368
6.35015392303	-836
6.35019087791	543
6.46887493134	-543
6.50646805763	-1368
6.50650906563	-1368
6.50651788712	-1368
6.50652503967	-1368
6.50652694702	-1368
6.50691604614	-1368
6.51396489143	-1368
6.51400399208	-1368
6.51400995255	-1368
6.62490296364	-227
6.62905097008	-1368
6.63096499443	-1368
6.63101196289	-1368
6.63104701042	-1368
6.63105392456	-1368
6.63108706474	-1368
6.63112306595	-1368
6.63171291351	-1368
6.63174700737	-1368
6.63176488876	-1368
6.63179302216	-1368
6.63181805611	-1368
6.63193488121	-1368
6.63205504417	-1368
6.63208293915	-1368
6.63215398788	-1368
6.63259601593	543
6.63680291176	-1368
6.63688802719	-1368
6.63691806793	-1368
6.70112299919	-1368
6.70128202438	-1368
6.70133900642	-1368
6.70239186287	-1368
6.70246291161	-1368
6.70248794556	-1368
6.70251488686	-1368
6.70254302025	-1368
6.70291495323	-1368
6.70302891731	-1368
6.7030749321	-1368
6.70327305794	-1368
6.70329999924	-1368
6.70339107513	-1368
6.70839285851	-1368
6.74751996994	-531
6.76417207718	-1368
6.76420092583	1086
6.78980708122	543
6.84661197662	-1368
6.84664487839	-1368
6.84667301178	-1368
6.8466989994	-1368
6.84679293633	-1368
6.84684491158	-1368
6.8475060463	-1368
6.84757804871	-1368
6.84762001038	-1368
6.84765505791	-1368
6.84768605232	-1368
6.8477370739	-1368
6.85381698608	-1368
6.85386991501	-1368
6.85390496254	-1368
6.86591100693	-106
6.89823794365	-1368
6.89826703072	1086
6.89828205109	-1368
6.89947295189	-1368
6.89949607849	-1368
6.89950084686	-1368
6.90006685257	-1368
6.90008091927	-1368
6.90009093285	-1368
6.90009498596	-1368
6.9001019001	-1368
6.90014505386	-1368
6.9005510807	-1368
6.90058708191	-1368
6.90062189102	-1368
6.90287089348	1368
6.93541288376	-1368
6.93551301956	-1368
6.9382019043	-1368
6.93827390671	-1368
6.93833208084	-1368
6.94158887863	-1368
6.94162487984	-1368
6.94163298607	-1368
6.94284296036	-1368
6.94287085533	-1368
6.94289302826	-1368
6.95009708405	-1368
6.95021104813	-1368
6.95024895668	-1368
6.95048308372	-1368
6.95050001144	-1368
6.95054006577	-1368
6.95894193649	-1368
6.95895886421	-1368
6.95899486542	-1368
6.95923686028	1368
6.98413586617	-17
6.98580002785	1368
7.02129101753	725
7.10039997101	-1368
7.1004679203	-1368
7.10050487518	-1368
7.10051298141	-1368
7.10058999062	-1368
7.10140800476	-1368
7.10442185402	-190
7.1056740284	-1368
7.10572695732	-1368
7.10573792458	-1368
7.12494397163	-1368
7.22389507294	-298
7.23093795776	1368
7.23108506203	203
7.24397301674	1368
7.2813129425	1368
7.28928899765	1368
7.29309105873	1368
7.30094194412	1368
7.30611300468	1368
7.31167602539	1368
7.31168794632	1368
7.31277799606	-1368
7.31279492378	-1368
7.31280994415	-1368
7.31351900101	-1368
7.31353902817	-1368
7.31659793854	-1368
7.34248685837	-190
7.34945487976	1368
7.34945988655	1368
7.34960198402	32
7.39326095581	-1368
7.39356684685	-1368
7.40314507484	-1368
7.41306686401	1368
7.42627596855	-1368
7.42630887032	-1368
7.4333820343	-1368
7.45139408112	1368
7.45937085152	1368
7.46792507172	-733
7.46795988083	1181
7.55930399895	-1368
7.5597949028	-1368
7.55986785889	-1368
7.55997395515	-1368
7.56078386307	-1368
7.56081390381	-1368
7.56085300446	-1368
7.56591200829	-1368
7.56595301628	-1368
7.58649492264	-314
7.692882061	-1368
7.69290590286	-1368
7.69292593002	-1368
7.70453095436	-95
7.7278149128	-1368
7.72784996033	-1368
7.78115987778	-1368
7.78119301796	-1368
7.78127098083	-1368
7.78144097328	543
7.78437805176	-1368
7.78605794907	-1368
7.78613805771	-1368
7.78923106194	-1368
7.78925299644	-1368
7.7903418541	-1368
7.79040884972	-1368
7.79043698311	-1368
7.79387187958	-1368
7.79390287399	-1368
7.80238485336	-1368
7.8024020195	-1368
7.80242395401	-1368
7.80245184898	-1368
7.80247807503	-1368
7.80251002312	-1368
7.80273985863	1368
7.80581402779	-1368
7.80583691597	-1368
7.80586504936	-1368
7.80814790726	-1368
7.80818390846	-1368
7.80820298195	-1368
7.80865907669	-1368
7.80869984627	-1368
7.80873394012	-1368
7.80957794189	1368
7.81106185913	-1368
7.8110909462	-1368
7.8111269474	-1368
7.81291484833	-1368
7.81304001808	-1368
7.81309604645	-1368
7.81312799454	-1368
7.81315493584	-1368
7.81318593025	-1368
7.81327199936	-1368
7.81349992752	1368
7.81426286697	-1368
7.81430387497	-1368
7.81481003761	-1368
7.81494498253	-1368
7.81500601768	-1368
7.81532287598	-1368
7.81538796425	-1368
7.81542301178	-1368
7.81601905823	-1368
7.81689500809	-1368
7.81691884995	-1368
7.81695485115	-1368
7.81805586815	-1368
7.81808686256	-1368
7.81811594963	-1368
7.81814289093	-1368
7.818171978	-1368
7.81820607185	-1368
7.81976795197	1368
7.82020187378	-1368
7.82023286819	-1368
7.82026100159	-1368
7.82044005394	-1368
7.8205640316	-1368
7.82107186317	-1368
7.82110905647	-1368
7.82140302658	-1368
7.82148385048	-1368
7.82150888443	-1368
7.82169890404	-1368
7.8217689991	-1368
7.82195687294	-1368
7.8227648735	-1273
7.82358789444	1368
7.82378292084	-1368
7.82381105423	-1368
7.82389092445	-1368
7.82413291931	-1368
7.82417297363	-1368
7.82424807549	-1368
7.8243329525	-1368
7.82437801361	-1368
7.8246049881	-1368
7.82466292381	1368
7.83795690536	1368
7.84392786026	-1368
7.8439450264	-1368
7.84398698807	-1368
7.84553098679	-1368
7.8456389904	-1368
7.8457300663	-1368
7.84592604637	-1368
7.85131406784	-1368
7.90002393723	-1368
7.92128896713	53
7.94112491608	-570
7.99349308014	-1368
7.99353289604	-1368
7.99355196953	-1368
7.99429893494	-1368
7.99433207512	-1368
7.99481296539	-1368
7.99483895302	-1368
7.99486804008	-1368
7.99521803856	-1368
7.99524593353	-1368
7.99617004395	-1368
7.99620699883	-1368
7.99624204636	-1368
7.99626398087	-1368
7.99900794029	-1368
7.99903392792	-1368
7.9990670681	-1368
7.99909496307	-1368
7.99931502342	-1368
7.99981188774	-1368
7.99982595444	-1368
7.99985790253	-1368
7.99995493889	-1368
8.00000190735	-1368
8.00002002716	-1368
8.0000500679	-1368
8.00007891655	-1368
8.00032186508	-1368
8.00104188919	-1368
8.00107908249	-1368
8.00111794472	-1368
8.00155901909	-1368
8.00169801712	-1368
8.00171494484	-1368
8.00174999237	-1368
8.00178790092	-1368
8.00188589096	-1368
8.00202703476	-1368
8.00207304955	-1368
8.00220704079	-1368
8.00261187553	1368
8.00280690193	-1368
8.00283408165	-1368
8.00286102295	-1368
8.00289106369	-1368
8.00326299667	-1368
8.00330400467	-1368
8.00360894203	-1368
8.00369906425	-1368
8.00374603271	-1368
8.00406098366	-1368
8.00411391258	-1368
8.00415301323	-1368
8.00429797173	-1368
8.00435495377	-1368
8.00440406799	-1368
8.00477194786	-1368
8.00508093834	-1368
8.00511693954	-1368
8.00634884834	-1368
8.00636696815	-1368
8.00639796257	-1368
8.00707507133	-1368
8.00709486008	-1368
8.00709891319	-1368
8.00712203979	-1368
8.00714898109	-1368
8.00722193718	-1368
8.00744485855	-1368
8.00746488571	-1368
8.00760889053	-1368
8.00767302513	-1368
8.00769805908	1368
8.00770902634	-1368
8.0077559948	-1368
8.00785303116	-1368
8.00795888901	-1368
8.00802206993	-1368
8.00856590271	-1368
8.0085940361	-1368
8.00861287117	-1368
8.00929784775	-1368
8.0152490139	-1368
8.01529407501	-1368
8.0161550045	-1368
8.01620793343	-1368
8.01791787148	-1368
8.01795196533	-1368
8.0179579258	-1368
8.01894903183	-1368
8.01896190643	-1368
8.01898288727	-1368
8.01929187775	-1368
8.01976084709	-1368
8.01988697052	-1368
8.01996207237	-1368
8.02001404762	1368
8.02024292946	-1368
8.02028608322	-1368
8.02032494545	-1368
8.02064704895	-1368
8.02070403099	-1368
8.02072787285	-1368
8.02075791359	-1368
8.02079892159	-1368
8.020829916	-1368
8.02086305618	-1368
8.0208940506	-1368
8.02093791962	-1368
8.02096605301	-1368
8.02099585533	-1368
8.02109503746	-1368
8.02112603188	-1368
8.02116203308	-1368
8.02123403549	-1368
8.02128887177	-1368
8.02132987976	-1368
8.02137088776	-1368
8.0214278698	-1368
8.02149391174	-1368
8.02151107788	-1368
8.0215690136	-1368
8.02160000801	-1368
8.02166795731	-1368
8.02190208435	-1368
8.02202105522	-1368
8.02216601372	-1368
8.0222568512	-1368
8.02231693268	-1368
8.02234387398	-1368
8.02237296104	-1368
8.0224108696	-1368
8.02242898941	-1368
8.02263498306	-1368
8.022742033	-1368
8.02294492722	-1368
8.02298998833	-1368
8.02312898636	1368
8.0244178772	-1368
8.03498506546	-1368
8.0424849987	-1368
8.04251885414	501
8.04912185669	1368
8.04913687706	1368
8.04926800728	1368
8.04927396774	1368
8.06574392319	-1368
8.06585288048	-1368
8.06587290764	-1368
8.07135796547	-1368
8.0714828968	-1368
8.07149291039	-1368
8.07277798653	-1368
8.07279086113	-1368
8.07281208038	-1368
8.09813785553	-614
8.10683107376	1368
8.1127550602	1368
8.12721085548	-1368
8.12727093697	-1368
8.12730908394	-1368
8.16070985794	-1368
8.16074490547	-1368
8.17375206947	-1368
8.17377305031	704
8.17378306389	-1368
8.17396497726	-1368
8.17403006554	-1368
8.17406392097	-1368
8.175385952	-1368
8.17843103409	1368
8.17844200134	1368
8.17858290672	1368
8.18098497391	-1368
8.18099999428	-1368
8.18101191521	-1368
8.18464803696	1368
8.18508386612	1368
8.18508887291	1368
8.18522787094	1368
8.18523287773	1368
8.21651291847	-844
8.22080898285	-1368
8.22085499763	-1368
8.22097992897	-1368
8.22104692459	-1368
8.2210829258	-1368
8.22961497307	1368
8.25747299194	-1368
8.25749707222	-1368
8.26479291916	-1368
8.26482486725	-1368
8.29258799553	-1368
8.29262399673	1284
8.29263806343	-1368
8.29270386696	-1368
8.29957604408	-1368
8.30149197578	-1368
8.30171394348	-1368
8.30174803734	-1368
8.30184698105	-1368
8.3021440506	-1368
8.30223703384	-1368
8.30274391174	-1368
8.30317807198	-1368
8.30328202248	-1368
8.30331897736	-1368
8.30440807343	-1368
8.3044359684	-1368
8.30447697639	-1368
8.30555796623	1368
8.32498788834	-1368
8.32501792908	-1368
8.32503700256	-1368
8.3253030777	1368
8.33226394653	-1368
8.33892989159	-407
8.34605407715	-1368
8.34615302086	-1368
8.35296297073	-1368
8.4191339016	-1368
8.41925907135	464
8.41928696632	-1368
8.41956806183	-1368
8.41964888573	-1368
8.42026305199	-1368
8.42030501366	-1368
8.420347929	-1368
8.42052602768	-1368
8.42065596581	-1368
8.42069196701	-1368
8.4207649231	-1368
8.4208009243	-1368
8.42087697983	-1368
8.42141389847	-1368
8.42529892921	-1368
8.4254989624	-1368
8.4571659565	-201
8.50605297089	-1368
8.51341795921	-1368
8.51888895035	-1368
8.54243993759	-1368
8.54246902466	543
8.54254102707	-1368
8.57566690445	-646
8.63437485695	-1368
8.63504290581	-1368
8.63508486748	-1368
8.63538408279	-1368
8.63545894623	-1368
8.63592195511	-1368
8.63595986366	-1368
8.63599991798	-1368
8.63603591919	-1368
8.6360669136	-1368
8.63609886169	-1368
8.63613200188	-1368
8.6361579895	-1368
8.63618898392	-1368
8.63621902466	-1368
8.63625788689	-1368
8.63628387451	-1368
8.63631296158	-1368
8.63636803627	-1368
8.63640499115	-1368
8.63645887375	-1368
8.63648605347	-1368
8.63651990891	-1368
8.63660001755	-1368
8.63667607307	-1368
8.63671398163	-1368
8.63695597649	-1368
8.63700294495	-1368
8.63705205917	-1368
8.63709187508	-1368
8.64175891876	-1368
8.64179491997	-1368
8.64676594734	1368
8.67352700233	-1368
8.6735470295	1318
8.67355704308	-1368
8.6805999279	-1368
8.69423103333	-821
8.72398686409	-1368
8.7240190506	-1368
8.72478103638	-1368
8.73243689537	-1368
8.73251795769	-1368
8.74905991554	-1368
8.75619101524	-1368
8.75622487068	-1368
8.75625801086	-1368
8.75628590584	-1368
8.75632596016	-1368
8.75641107559	-1368
8.75684404373	-1368
8.75690293312	-1368
8.75694203377	-1368
8.75752592087	-1368
8.75897407532	-1368
8.75900197029	-1368
8.75903201103	-1368
8.7591240406	-1368
8.75916099548	-1368
8.75934791565	1368
8.76268100739	-1368
8.76273989677	-1368
8.76276707649	-1368
8.76279687881	-1368
8.76282906532	-1368
8.7628569603	-1368
8.7643558979	-1368
8.79196596146	261
8.8366549015	-1368
8.83768606186	-1368
8.84220600128	-9
8.8538980484	-1368
8.8540019989	-1368
8.85413599014	-1368
8.85422897339	-1368
8.85434889793	-1368
8.85438704491	-1368
8.85444307327	-1368
8.85448598862	-1368
8.85452485085	-1368
8.85461306572	-1368
8.85463285446	-1368
8.85466098785	-1368
8.85471391678	-1368
8.85505795479	-1368
8.85509204865	-1368
8.85514593124	-1368
8.85517406464	-1368
8.8552069664	-1368
8.85524106026	-1368
8.85525894165	-1368
8.85528707504	-1368
8.85531902313	-1368
8.85535097122	-1368
8.85538506508	-1368
8.8554019928	-1368
8.85543394089	-1368
8.85563492775	-1368
8.85565900803	-1368
8.85573601723	-1368
8.85597491264	-1368
8.85600495338	-1368
8.85603189468	-1368
8.8560590744	-1368
8.85608792305	-1368
8.85611391068	-1368
8.85618400574	-1368
8.85620903969	-1368
8.85622787476	-1368
8.85625386238	-1368
8.8563170433	-1368
8.85641789436	-1368
8.85654592514	-1368
8.85661387444	-1368
8.8566429615	-1368
8.85677099228	-1368
8.8567969799	-1368
8.85682892799	-1368
8.85686302185	-1368
8.85689592361	-1368
8.85696196556	-1368
8.85701990128	1368
8.86141395569	-1368
8.86144399643	-1368
8.86147999763	-1368
8.88539791107	-1368
8.88583993912	-1368
8.88972091675	-1368
8.88976788521	-1368
8.88982605934	-1368
8.88985204697	-1368
8.88989686966	-1368
8.88995504379	-1368
8.88999700546	-1368
8.89003992081	-1368
8.89007902145	-1368
8.89012289047	-1368
8.89016199112	-1368
8.89057707787	-1368
8.89060306549	-1368
8.89067101479	-1368
8.89070892334	-1368
8.89074397087	-1368
8.89077186584	-1368
8.89080095291	-1368
8.89088702202	1368
8.89221906662	1368
8.89267396927	-1368
8.89270401001	-1368
8.89275288582	-1368
8.89549398422	-1368
8.89554405212	-1368
8.89562106133	-1368
8.89566802979	-1368
8.89576792717	-1368
8.89600992203	-1368
8.8960340023	-1368
8.8961160183	-1368
8.89887189865	-1368
8.89902806282	-1368
8.89904785156	-1368
8.89906406403	-1368
8.89907288551	-1368
8.89912390709	-1368
8.89914608002	-1368
8.89926791191	-1368
8.89928507805	-1368
8.89931201935	-1368
8.89931988716	-1368
8.89933204651	-1368
8.90092086792	1368
8.90119385719	-1368
8.90122103691	-1368
8.9012389183	-1368
8.92530703545	1368
8.93742799759	1368
8.96543502808	277
8.97219705582	-557
8.97503089905	-1368
8.97506093979	-1368
8.97530984879	-1368
8.97567987442	-1368
8.97574305534	-1368
8.97577691078	-1368
8.97582006454	-1368
8.97591686249	-1368
8.97594285011	-1368
8.97597098351	-1368
8.9759979248	-1368
8.9760260582	-1368
8.97631287575	-1368
8.97641587257	-1368
8.97646307945	-1368
8.97649788857	-1368
8.97657299042	-1368
8.97660398483	-1368
8.97663998604	-1368
8.97666788101	-1368
8.97669887543	-1368
8.97676205635	-1368
8.97678685188	-1368
8.97686195374	-1368
8.97691392899	-1368
8.97694706917	-1368
8.97779393196	-1368
8.9779279232	-1368
8.97795295715	-1368
8.97820901871	-1368
8.97830891609	-1368
8.97838592529	-1368
8.97842407227	-1368
8.97871398926	1368
8.97883892059	-1368
8.978910923	-1368
8.98048186302	-1368
8.98049998283	-1368
8.98060393333	-1368
8.98075699806	-1368
8.98096895218	-1368
8.98102688789	-1368
8.98108291626	-1368
8.98268604279	-1368
8.98273587227	-1368
8.98276901245	-1368
8.99048805237	-1368
9.00365400314	-1368
9.00375294685	-1368
9.0038819313	-1368
9.00417089462	-1368
9.00483393669	-1368
9.00488495827	-1368
9.00706195831	-1368
9.0070939064	-1368
9.00711107254	-1368
9.00784087181	-1368
9.00786685944	-1368
9.0079100132	-1368
9.00794196129	-1368
9.00797104836	-1368
9.01251292229	-1368
9.01261091232	-1368
9.01267194748	-1368
9.0139708519	-1368
9.01398801804	-1368
9.01779389381	-1368
9.03403401375	-1368
9.03787994385	-1368
9.04342007637	-1368
9.05338788033	-1368
9.08374404907	1318
9.09337902069	-1186
9.10231590271	-1368
9.10379099846	-1368
9.10399794579	-1368
9.10403394699	-1368
9.10406494141	-1368
9.10409808159	-1368
9.10413193703	-1368
9.10447907448	-1368
9.10452008247	-1368
9.10462093353	-1368
9.10474300385	-1368
9.10478687286	-1368
9.10483884811	-1368
9.10658097267	-1368
9.1066069603	-1368
9.10666584969	-1368
9.10669708252	-1368
9.10674095154	-1368
9.10745501518	-1368
9.10754203796	-1368
9.10756993294	-1368
9.10760688782	-1368
9.10764408112	-1368
9.10767292976	-1368
9.1077568531	-1368
9.10779595375	-1368
9.10781502724	-1368
9.10794687271	-1368
9.10803198814	-1368
9.10808205605	-1368
9.10825896263	-1368
9.1082868576	-1368
9.10845303535	-1368
9.10871195793	-1368
9.1090939045	-1368
9.10910797119	-1368
9.10914492607	-1368
9.10917901993	-1368
9.10921907425	-1368
9.10925102234	-1368
9.10934305191	-1368
9.10934495926	1368
9.10956597328	-1368
9.10961008072	-1368
9.1102669239	-1368
9.11035704613	-1368
9.11040592194	-1368
9.11134886742	-1368
9.11136889458	-1368
9.11139702797	-1368
9.11142706871	-1368
9.11210799217	-1368
9.11347293854	-1368
9.11437487602	-1368
9.11438894272	-1368
9.11442399025	-1368
9.11453485489	-1368
9.11470293999	-1368
9.11529588699	-1368
9.11539697647	-1368
9.11564493179	-1368
9.11589503288	-1368
9.11591792107	-1368
9.11595106125	-1368
9.11657786369	-1368
9.11668086052	-1368
9.11677789688	-1368
9.11814689636	-1368
9.1181678772	-1368
9.11818289757	-1368
9.11867284775	-1368
9.11869096756	-1368
9.11872291565	-1368
9.11888003349	-1368
9.11890292168	-1368
9.11893486977	-1368
9.11962795258	-1368
9.11966395378	-1368
9.11968994141	-1368
9.11986589432	1368
9.12050104141	-1368
9.12054204941	-1368
9.12067484856	-1368
9.12178993225	-1368
9.12205290794	-1368
9.12206506729	-1368
9.12248301506	-1368
9.12252187729	-1368
9.1225540638	-1368
9.12285494804	-1368
9.12287187576	-1368
9.12288308144	-1368
9.15315389633	-1368
9.15317702293	-1368
9.15320205688	-1368
9.1932258606	-1368
9.19324302673	-1368
9.1932580471	-1368
9.1934568882	-1368
9.1934928894	-1368
9.19353485107	-1368
9.19376897812	1368
9.19384598732	-1368
9.19390296936	-1368
9.19391989708	-1368
9.19395685196	-1368
9.19398593903	-1368
9.19401192665	-1368
9.19406294823	-1368
9.19409203529	-1368
9.19431900978	-1368
9.19434404373	-1368
9.19437098503	-1368
9.19440603256	-1368
9.19443106651	-1368
9.19445896149	-1368
9.19451498985	-1368
9.19457387924	-1368
9.19460296631	-1368
9.19482398033	-1368
9.1948568821	-1368
9.19488096237	-1368
9.19527888298	-1368
9.19534087181	-1368
9.19537591934	-1368
9.19550704956	-1368
9.19553303719	-1368
9.1955769062	-1368
9.19561290741	-1368
9.19563102722	-1368
9.19567394257	-1368
9.19642186165	-1368
9.19649004936	-1368
9.19652104378	-1368
9.19830203056	-1368
9.198335886	-1368
9.19834089279	-1368
9.19859194756	-1368
9.19866895676	-1368
9.19869399071	-1368
9.19874691963	-1368
9.19881606102	-1368
9.19882893562	1368
9.19883203506	-1368
9.1988658905	-1368
9.19889497757	-1368
9.19892001152	-1368
9.19895505905	-1368
9.19898200035	-1368
9.19901895523	-1368
9.20040798187	-1368
9.20044493675	-1368
9.20046401024	-1368
9.21915197372	-1368
9.2191798687	472
9.22059702873	-253
9.23034787178	-1368
9.23038005829	-1368
9.28831505775	-1368
9.28837299347	-1368
9.32028508186	-1368
9.32144999504	-1368
9.32148599625	-1368
9.32151293755	-1368
9.32152986526	-1368
9.32193207741	-1368
9.32197284698	-1368
9.32202005386	-1368
9.32487106323	-1368
9.32492589951	-1368
9.32501888275	-1368
9.32504606247	-1368
9.32545304298	-1368
9.32550597191	-1368
9.32553601265	-1368
9.32569694519	1368
9.32677507401	-1368
9.32682800293	-1368
9.32685399055	-1368
9.3268840313	-1368
9.32691907883	-1368
9.32695388794	-1368
9.32895898819	-1368
9.34864902496	-80
9.34868693352	261
9.41837406158	-1368
9.42111897469	-1368
9.42269396782	-1368
9.4227449894	-1368
9.4227950573	-1368
9.42292284966	-1368
9.42294192314	-1368
9.42296791077	-1368
9.42302489281	-1368
9.42316889763	-1368
9.42321205139	-1368
9.42434406281	-1368
9.42437291145	-1368
9.42443084717	-1368
9.42459106445	-1368
9.42463588715	-1368
9.42468285561	-1368
9.42575001717	-1368
9.42584395409	-1368
9.46701908112	-715
9.46705293655	1086
9.58547592163	-543
9.58553504944	543
9.63488197327	-1368
9.63490891457	-1368
9.63496303558	-1368
9.67464900017	-1368
9.67600989342	-1368
9.67853999138	-1368
9.67859101295	-1368
9.6786339283	-1368
9.6814789772	-1368
9.68194103241	-1368
9.68198490143	-1368
9.69327187538	-1368
9.69336986542	-1368
9.69347906113	-1368
9.69369101524	1368
9.69571590424	-1368
9.69578790665	-1368
9.69589686394	-1368
9.69594407082	-1368
9.70205903053	-1368
9.70208597183	-1368
9.70315504074	-1368
9.70407891273	-180
9.70409488678	1289
9.712651968	1368
9.74732089043	1368
9.75034594536	1368
9.75548195839	1368
9.78970789909	543
9.8189239502	1368
9.81944704056	1368
9.82258701324	-543
9.82261586189	306
9.86387395859	1368
9.92089891434	1368
9.92886805534	1368
9.94124007225	-1086
9.94126391411	638
10.0047030449	1368
10.0471599102	-1368
10.0579149723	1368
10.0579259396	1368
10.0596060753	-261
10.0596299171	95
10.1492249966	1368
10.1534378529	-1368
10.1788880825	-232
10.1789119244	746
10.1813459396	-1368
10.1813659668	-1368
10.1813809872	-1368
10.1813979149	-1368
10.1814348698	-1368
10.1814680099	-1368
10.1823539734	-1368
10.1823809147	-1368
10.1824069023	-1368
10.1824369431	-1368
10.1825180054	-1368
10.1826839447	-1368
10.1827318668	-1368
10.1827759743	-1368
10.1829049587	-1368
10.1829478741	-1368
10.1829888821	-1368
10.1831269264	1368
10.1832039356	-1368
10.1832299232	-1368
10.1833188534	-1368
10.1833479404	-1368
10.1833999157	-1368
10.1834299564	-1368
10.183465004	-1368
10.1835000515	-1368
10.1835179329	-1368
10.184139967	-1368
10.1841678619	-1368
10.1842029095	-1368
10.1842620373	-1368
10.1875078678	-1368
10.1875510216	-1368
10.2258250713	-1368
10.2258598804	-1368
10.2259418964	-1368
10.2260549068	-1368
10.2353329659	-1368
10.2399289608	543
10.2547519207	-1368
10.2547929287	-1368
10.2646799088	-1368
10.297533989	-1235
10.2975709438	804
10.3143570423	-1368
10.4162008762	-804
10.4169239998	1057
10.4516658783	-1368
10.4546780586	-1368
10.4548649788	-1368
10.4549069405	-1368
10.4557778835	-1368
10.4558200836	-1368
10.4570810795	-1368
10.4571158886	-1368
10.4573469162	-1368
10.4573838711	-1368
10.4574239254	-1368
10.4578728676	-1368
10.4591100216	-1368
10.4591369629	-1368
10.4670958519	-1368
10.4672310352	-1368
10.467304945	-1368
10.4673168659	-1368
10.4858710766	1368
10.4892408848	-1368
10.4950778484	-1368
10.4952130318	-1368
10.49522686	-1368
10.4952669144	-1368
10.4958889484	-1368
10.4959728718	-1368
10.495980978	-1368
10.5069229603	-1368
10.5069990158	-1368
10.50710392	-1368
10.5142700672	-1368
10.5241439342	-1368
10.5241708755	-1368
10.5241909027	-1368
10.5323400497	1368
10.5349879265	-1161
10.5393249989	1368
10.5395870209	1368
10.5395920277	1368
10.5764849186	-1368
10.5765240192	559
10.5819170475	1368
10.6294660568	-1368
10.6295070648	-1368
10.6295309067	-1368
10.6328010559	-1368
10.6333799362	1368
10.6448600292	-1368
10.6450948715	-1368
10.645154953	-1368
10.6490108967	1368
10.6535098553	-1368
10.6535408497	-1368
10.6535599232	-1368
10.6580920219	-264
10.6628210545	1368
10.6700119972	-1368
10.670042038	-1368
10.6700699329	-1368
10.6721820831	-1368
10.6722140312	-1368
10.6722409725	-1368
10.6725568771	-1368
10.6725890636	-1368
10.6726469994	-1368
10.6735239029	-1368
10.6735520363	-1368
10.6735990047	-1368
10.6736299992	-1368
10.6737039089	-1368
10.674038887	1368
10.6777598858	-1368
10.6779699326	-1368
10.6780359745	-1368
10.6955859661	-1368
10.6956238747	132
10.761038065	-1368
10.7633969784	-1368
10.7638099194	-1368
10.7672009468	-1368
10.7681419849	-1368
10.768684864	1368
10.7764089108	-159
10.8576278687	1318
10.8738610744	-1368
10.8743388653	-1368
10.8816728592	-1368
10.9085800648	-1368
10.9343750477	-928
11.0137689114	543
11.0822980404	-543
11.1772670746	-1368
11.1847500801	-1368
11.1848220825	-1368
11.1848928928	-1368
11.2009580135	-899
11.2632110119	-1368
11.2632620335	-1368
11.2701768875	-1368
11.2712929249	-1368
11.2774279118	-1368
11.2775540352	-1368
11.2775800228	-1368
11.2776608467	-1368
11.2776958942	-1368
11.277723074	-1368
11.2780480385	543
11.2850010395	-1368
11.319355011	-206
11.3399848938	-1368
11.3400349617	-1368
11.3400609493	-1368
11.3401989937	-1368
11.3402309418	-1368
11.3403270245	-1368
11.340679884	1368
11.3458819389	-1368
11.3459119797	-1368
11.3459310532	-1368
11.3545310497	-1368
11.3574879169	-1368
11.3609678745	-1368
11.3610348701	-1368
11.3646810055	-1368
11.3650519848	-1368
11.3650770187	-1368
11.3673698902	-1368
11.367634058	-1368
11.3677220345	-1368
11.3677680492	-1368
11.3677959442	-1368
11.3678369522	-1368
11.3678879738	-1368
11.3686728477	1368
11.3687369823	-1368
11.3687579632	-1368
11.368776083	-1368
11.3729479313	-1368
11.3971819878	-1368
11.39722085	464
11.4232590199	-1368
11.4375419617	-291
11.4671590328	-1368
11.4692950249	1368
11.5156199932	232
11.5559139252	-1347
11.6082260609	-1368
11.6083209515	-1368
11.6083929539	-1368
11.712998867	-1368
11.7130289078	-1368
11.7130479813	-1368
11.7132809162	543
11.722274065	-190
11.8477220535	-1368
11.847826004	-1368
11.8479139805	-1368
11.8527638912	-1368
11.8528058529	-1368
11.8581390381	-1368
11.8584549427	543
11.8657770157	-1368
11.8658058643	-1368
11.8671059608	1368
11.8824560642	-1110
11.9825479984	-1368
11.9825940132	203
12.0384299755	-1260
12.08594203	-1368
12.1008560658	1057
12.1080439091	-1368
12.1082110405	-1368
12.1082749367	-1368
12.109967947	-1368
12.1108808517	-1368
12.1109619141	-1368
12.115309	-1368
12.1153409481	-1368
12.115391016	-1368
12.128221035	1368
12.1282348633	1368
12.1611208916	-1368
12.1945209503	-778
12.2467560768	920
12.3130168915	-543
12.3868780136	-1368
12.4412410259	-1368
12.4412689209	-1368
12.4412939548	-1368
12.4822180271	-870
12.6869299412	-543
12.7020950317	543
12.8054070473	-1086
12.857614994	1057
12.9766259193	-1086
12.9774339199	543
13.1226298809	-543
13.3025360107	-1086
13.4767849445	-543
13.4870510101	-1368
13.5951368809	-775
13.6219408512	-1368
13.7138369083	-232
13.7658810616	1057
13.9218299389	1057
14.3294909	-543
14.5862190723	-543
14.6540110111	-1368
14.654047966	-1368
14.6540579796	-1368
14.7047650814	-1181
14.7050900459	543
14.7137870789	-543
14.753715992	-1368
14.7537438869	-1368
14.7610418797	-1368
14.7895648479	543
14.8146920204	-543
14.8231010437	-95
14.9416849613	-543
14.9473650455	543
15.0601789951	-543
15.0656809807	1057
15.1849038601	1086
15.4385888577	-543
15.6675920486	-543
15.7270009518	543
15.7805690765	-1368
15.7859978676	-261
15.845304966	1057
15.9044759274	-1086
15.963793993	543
16.1490020752	-543
16.2673130035	-543
16.2859818935	-1368
16.2860660553	-1368
16.2881159782	-1368
16.2933020592	-1368
16.2933719158	-1368
16.2972350121	543
16.3859090805	-1015
16.4158709049	1057
16.4180119038	-1368
16.4180409908	-1368
16.5345029831	-920
16.552656889	1057
16.6711709499	-543
16.7478840351	-1368
16.7479438782	-1368
16.7479748726	-1368
16.7479820251	-1368
16.7479929924	-1368
16.7480900288	-1368
16.7541930676	-1368
16.7543208599	-1368
16.7543668747	-1368
16.7716610432	-1368
16.7728469372	-1368
16.7730419636	-1368
16.7730669975	-1368
16.782337904	-1368
16.7824020386	-1368
16.7824099064	-1368
16.8303868771	-620
16.8308238983	543
16.8899209499	-1368
16.8899559975	-1368
16.8975169659	-1368
16.9488220215	-638
16.9855659008	1057
16.99852705	1368
17.1178500652	746
17.2724900246	-543
17.4090490341	-1368
17.4159760475	-1368
17.4161958694	543
17.4301049709	-464
17.5862720013	-543
17.6281268597	-1368
17.6281888485	-1368
17.6282169819	-1368
17.7047400475	-1181
17.7222859859	-1368
17.7224059105	-1368
17.8112199306	-1368
17.8182609081	-1368
17.8234438896	-356
17.8288018703	543
17.9346089363	-1368
17.9346380234	-1368
17.9346630573	-1368
17.9418208599	-638
17.9469690323	1086
18.0600869656	-543
18.0664799213	543
18.1846868992	-543
18.1847159863	543
18.1919679642	1368
18.3011610508	-1368
18.3031299114	-261
18.3032069206	232
18.4206399918	-1368
18.4218819141	-746
18.4234988689	543
18.5693259239	-543
18.5960159302	-1368
18.7100708485	-1368
18.712018013	1368
18.7121300697	203
18.7145328522	-464
18.7899889946	543
18.8374168873	-1368
18.8453469276	-1368
18.8471548557	1368
18.8472709656	203
18.8745160103	-464
18.9662740231	543
19.038490057	-543
19.2232630253	-543
19.2323088646	1057
19.4877200127	-543
19.4950809479	-1368
19.4951579571	-1368
19.5015368462	-1368
19.5016169548	-1368
19.5016329288	-1368
19.5020210743	-1368
19.5020909309	-1368
19.5021190643	-1368
19.5021438599	-1368
19.5035600662	-1368
19.5035910606	-1368
19.5036568642	-1368
19.5088119507	-1368
19.5089800358	-1368
19.5090000629	-1368
19.5090298653	-1368
19.5090579987	-1368
19.5091409683	-1368
19.5101618767	543
19.6134438515	-939
19.6220810413	-1368
19.622123003	-1368
19.6221339703	-1368
19.6288449764	543
19.7405669689	-1181
19.7908079624	543
19.8064448833	1057
19.8981990814	-543
19.9278759956	-1368
19.9346320629	-1368
19.9346709251	-1368
20.0165879726	-153
20.0221290588	543
20.2175979614	543
20.2319769859	-543
20.3618550301	-1368
20.3618919849	-1368
20.3619148731	-1368
20.4301390648	-95
20.4345140457	543
20.4349958897	1368
20.4350030422	1368
20.4351119995	1368
20.4351160526	1368
20.5485959053	-543
20.5533659458	754
20.577270031	-1368
20.6719939709	-1289
20.6737339497	543
20.7979609966	-543
20.8949220181	-1368
20.8949639797	-1368
20.8949980736	-1368
20.8971369267	-1368
20.8972139359	-1368
20.8985650539	-1368
20.9004938602	-1368
20.90052104	-1368
20.9005439281	-1368
20.9005720615	-1368
20.9006230831	-1368
20.9044048786	-1368
20.9044618607	-1368
20.9045040607	-1368
20.9045200348	-1368
20.9045510292	-1368
20.905287981	-1368
20.9064040184	-1368
20.9064910412	-1368
20.9065020084	-1368
20.9069519043	543
20.9077689648	-1368
20.9078009129	-1368
20.9078278542	-1368
20.9181580544	-1368
20.9189319611	-1368
20.9189660549	-1368
20.9190080166	-1368
20.9190359116	-1368
20.9190690517	-1368
20.9191060066	-1368
20.9193530083	-1368
20.9194049835	-1368
20.9195048809	-1368
20.919549942	-1368
20.9195868969	-1368
20.9196548462	-1368
20.9196908474	-1368
20.9477629662	-1368
20.9478089809	-1368
20.9478149414	-1368
20.9541790485	-178
21.061868906	1086
21.0873639584	-1368
21.0873939991	-1368
21.0939860344	-1368
21.1015679836	-1368
21.1016039848	-1368
21.1016089916	-1368
21.1101050377	-161
21.1113259792	-1368
21.1187009811	-1368
21.118737936	-1368
21.1187438965	-1368
21.1242740154	-1368
21.1243288517	-1368
21.1243648529	-1368
21.1260919571	-1368
21.1261649132	-1368
21.1262009144	-1368
21.1304769516	-1368
21.1305279732	-1368
21.1305639744	-1368
21.1326959133	-1368
21.1327929497	-1368
21.1328179836	-1368
21.1342079639	-1368
21.1342539787	-1368
21.1342909336	-1368
21.1343228817	-1368
21.134333849	-1368
21.1343610287	-1368
21.1380729675	-1368
21.1381568909	-1368
21.138229847	-1368
21.1393680573	-1368
21.1395289898	-1368
21.1395740509	-1368
21.1419448853	-1368
21.1420228481	-1368
21.1420738697	-1368
21.1420788765	-1368
21.1421260834	-1368
21.1426310539	-1368
21.1426699162	1368
21.1453709602	-1368
21.1454150677	-1368
21.1454210281	-1368
21.1471829414	-1368
21.1482169628	-1368
21.148277998	-1368
21.1503930092	-1368
21.1504728794	-1368
21.1504838467	-1368
21.1521968842	-1368
21.1552200317	-1368
21.1553840637	-1368
21.1554229259	-1368
21.1581759453	-1368
21.1582100391	-1368
21.1582539082	-1368
21.1586718559	-1368
21.1587150097	-1368
21.1587400436	-1368
21.1653079987	-1368
21.1653299332	-1368
21.1653630733	-1368
21.1689360142	-1368
21.1690580845	-1368
21.1691000462	-1368
21.1691348553	-1368
21.1692259312	-1368
21.1692509651	-1368
21.1728410721	-1368
21.1728820801	-1368
21.1728889942	-1368
21.1729068756	-1368
21.172935009	-1368
21.1729869843	-1368
21.1735079288	1368
21.1758909225	-1368
21.1776268482	-1368
21.1777050495	-1368
21.1777420044	-1368
21.1777830124	-1368
21.1778109074	-1368
21.1795978546	-1368
21.1796209812	-1368
21.2058448792	-1368
21.2058670521	522
21.2058780193	-1368
21.2058908939	-1368
21.2060358524	-1368
21.2203199863	-1368
21.2203938961	-1368
21.2204098701	-1368
21.2204320431	-1368
21.2207269669	-1368
21.2207648754	-1368
21.2208008766	-1368
21.2208280563	-1368
21.2286438942	-1368
21.2288100719	-1368
21.2373099327	-1368
21.2373800278	-1368
21.237393856	-1368
21.2374079227	-1368
21.2374138832	-1368
21.2374329567	-1368
21.2374649048	-1368
21.237498045	-1368
21.2426149845	-868
21.3082890511	1368
21.3610329628	-543
21.3610649109	261
21.8381938934	-543
21.9826369286	-543
22.1087999344	-1368
22.1384370327	-232
22.1391420364	543
22.3377468586	543
22.6304860115	1057
22.8834550381	-543
23.0409748554	-1368
23.0464389324	-232
23.065404892	-1368
23.0654740334	-1368
23.0654940605	-1368
23.0655069351	-1368
23.065518856	-1368
23.0665910244	-1368
23.0671930313	543
23.0692589283	-1368
23.0693268776	-1368
23.0693809986	-1368
23.1648499966	-227
23.1895999908	-1368
23.1896729469	-1368
23.1903619766	-1368
23.191931963	-1368
23.1919629574	-1368
23.1919879913	-1368
23.1970379353	-1368
23.2833259106	-422
24.0421218872	-543
24.0432188511	543
24.2181909084	-543
25.4457349777	1057
25.8524000645	1368
25.852421999	1368
25.852563858	377
25.8655948639	1368
25.8656139374	1368
25.8675940037	-543
25.8680329323	-1368
25.868074894	-1368
25.8680999279	-1368
25.8681240082	-1368
25.8681619167	-1368
25.971050024	377
25.9861369133	-986
26.0019450188	-1368
26.0020198822	-1368
26.0020370483	-1368
26.0021259785	-1368
26.0022189617	-1368
26.0023548603	-1368
26.0023808479	-1368
26.0024449825	-1368
26.0123028755	-1368
26.0123569965	-1368
26.0123929977	-1368
26.1048159599	-1368
26.1048779488	1086
26.1049170494	-1368
26.1207180023	-1368
26.1207990646	-1368
26.1208119392	-1368
26.1208338737	-1368
26.1208429337	-1368
26.120857954	-1368
26.1208660603	-1113
26.1367988586	-1368
26.1368589401	-1368
26.1369409561	-1368
26.1438369751	-1192
