0	543
7.29560852051e-05	543
0.000106811523438	543
0.188950777054	-543
0.393013954163	-543
0.797417879105	-543
0.815250873566	-543
3.61961579323	1057
3.74478793144	-543
3.8565928936	-1086
3.88618683815	1057
4.0008649826	543
4.04866886139	-543
4.19653081894	-543
4.21663379669	1057
4.39117789268	-543
4.54056191444	-543
4.55803394318	543
4.66985177994	543
4.71994996071	-543
4.83473086357	-1368
4.83488988876	-1368
4.84089684486	-1368
4.8415749073	-1368
4.86877894402	-298
4.86947894096	543
4.87907981873	1368
4.98122191429	232
5.04133200645	-543
5.109375	-1368
5.10962581635	-1368
5.19263982773	-1007
5.19485282898	543
5.3687748909	-543
5.36968493462	-1368
5.37016582489	-1368
5.37019896507	-1368
5.37544178963	-1368
5.37549781799	-1368
5.44360399246	543
5.47465991974	1368
5.48147797585	-1015
5.58666586876	261
5.63260388374	-543
5.65149092674	-1368
5.65155100822	-1368
5.65159678459	-1368
5.65173482895	-1368
5.74478793144	-841
5.7499768734	-1368
5.75	-1368
5.75087499619	543
5.75127482414	1368
5.75128483772	1368
5.75568294525	-1368
5.7560749054	-1368
5.8567237854	-298
5.86320590973	891
5.86500382423	1368
5.97515678406	-543
5.97520399094	1260
6.07664084435	-1368
6.07704091072	-1368
6.07706594467	-1368
6.07709884644	-1368
6.07744884491	-1368
6.07747077942	-1368
6.07749986649	-1368
6.08305287361	-1368
6.08313179016	-1368
6.08314180374	-1368
6.08332800865	-1368
6.08717679977	-662
6.12037992477	-1368
6.12065291405	-1368
6.12139987946	-1368
6.12143683434	-1368
6.12145781517	-1368
6.12215185165	-1368
6.12219595909	-1368
6.12274980545	543
6.12559390068	-1368
6.1887857914	-1368
6.18881988525	-1368
6.18884682655	-1368
6.18885397911	-1368
6.18895292282	-1368
6.18899989128	-1368
6.18902492523	-1368
6.18904495239	-1368
6.18927288055	-1368
6.18929791451	-1368
6.18932700157	-1368
6.18936395645	-1368
6.19502997398	-1368
6.19505095482	-1368
6.19507193565	-1368
6.19507694244	-1368
6.19512486458	-1368
6.19514894485	-1368
6.19519591331	-1368
6.19522881508	-1368
6.19909691811	-1368
6.19912290573	-1368
6.19914484024	-1368
6.19917678833	-1368
6.23249697685	-1368
6.23260688782	-1368
6.23267889023	-1368
6.23270082474	-1368
6.23318099976	-966
6.23323082924	-1368
6.2332649231	-1368
6.23397088051	-1368
6.23400878906	-1368
6.23402380943	-1368
6.23404693604	-1368
6.23468780518	-1368
6.23475193977	1086
6.23477578163	-1368
6.23813295364	-1368
6.27685594559	-1368
6.27690291405	-1368
6.30074882507	-1368
6.30079483986	-1368
6.30082082748	-1368
6.30082893372	-1368
6.30084395409	-1368
6.3008480072	-1368
6.30085587502	-1368
6.30085897446	-1368
6.30101084709	-1368
6.30102682114	-1368
6.30107879639	-1368
6.3011059761	-1368
6.30116987228	-1368
6.30120396614	-1368
6.30127096176	-1368
6.30138683319	-1368
6.30147099495	-1368
6.30150985718	-1368
6.30154585838	-1368
6.30157780647	-1232
6.30161499977	-1368
6.30165600777	-1368
6.30167388916	-1368
6.30173277855	-1368
6.3069357872	-1368
6.30705189705	-1368
6.30713200569	-1368
6.30715084076	-1368
6.30717492104	-1368
6.30718278885	-1368
6.30720186234	-1368
6.30721187592	-1368
6.30721879005	-1368
6.30722594261	-1368
6.30737686157	-1368
6.30741596222	-1368
6.30744600296	-1368
6.30745387077	-1368
6.30762887001	-1368
6.30770277977	-1368
6.30797696114	1368
6.31097078323	-1368
6.31101799011	-1368
6.31103992462	-1368
6.31104397774	-1368
6.31105089188	-1368
6.31108283997	-1368
6.31125092506	-1368
6.31126880646	-1368
6.34446001053	-1368
6.34449195862	-1368
6.34451293945	-1368
6.34452080727	-1368
6.34461283684	-1368
6.34464883804	-1368
6.34480190277	-1368
6.34480881691	-162
6.34501290321	-1368
6.34503078461	-1368
6.34508180618	-1368
6.34510779381	-1368
6.345692873	-1368
6.3457198143	-1368
6.34575295448	-1368
6.34577989578	-1368
6.3457968235	-1368
6.34583282471	-1368
6.34586381912	-1368
6.34588384628	-1368
6.34603190422	1368
6.34663581848	-1368
6.34665179253	522
6.34667181969	-1368
6.34668493271	-1368
6.34671378136	-1368
6.35019278526	-1368
6.35023283958	-1368
6.35024094582	-1368
6.35026884079	-1368
6.38871979713	-1368
6.38876390457	-1368
6.38877081871	-1368
6.38878583908	-1368
6.41271090508	-1368
6.41274881363	-1368
6.41276478767	-1368
6.41277098656	-1368
6.41284584999	-1368
6.41286993027	-1368
6.41290187836	-1368
6.41291999817	-1368
6.41299295425	-1368
6.41303896904	-1368
6.41307091713	-1368
6.41312098503	-1368
6.4132809639	-1368
6.4133079052	-1368
6.41334795952	-1368
6.41335296631	-974
6.4134747982	-1368
6.41351485252	-1368
6.41354084015	-1368
6.41355991364	-1368
6.4135890007	-1368
6.41361284256	-1368
6.41365194321	-1368
6.41367888451	-1368
6.41382598877	-1368
6.41386580467	-1368
6.41390299797	-1368
6.41393899918	-1368
6.41398286819	-1368
6.41399979591	-1368
6.41403484344	-1368
6.41406679153	-1368
6.41413879395	-1368
6.41417694092	-1368
6.41421198845	-1368
6.41424584389	-1368
6.41428399086	-1368
6.41432881355	-1368
6.41449689865	1368
6.41453194618	-1368
6.41455698013	-1368
6.41458487511	-1368
6.41463780403	-1368
6.41479992867	-1368
6.41482496262	-1368
6.41503190994	-1368
6.41507387161	-1368
6.41510295868	-1368
6.41515779495	-1368
6.41897678375	-1368
6.41901278496	-1368
6.41902685165	-1368
6.41903400421	-1368
6.41907596588	-336
6.41921496391	-1368
6.41925001144	-1368
6.41928195953	-1368
6.41931796074	-1368
6.41944789886	-1368
6.41946697235	-1368
6.41956090927	1368
6.41967391968	-1368
6.41968798637	-1368
6.4196999073	-1368
6.41972494125	-1368
6.41982078552	-1368
6.41987800598	-1368
6.42021083832	-1368
6.42026686668	-1368
6.42030787468	-1368
6.42035794258	-1368
6.42045092583	-1368
6.42048287392	-1368
6.4205789566	-1368
6.42062091827	-1368
6.42064881325	-1368
6.4206738472	-1368
6.42079496384	-1368
6.42082190514	-1368
6.42096686363	-1368
6.42098498344	-1368
6.42212700844	1368
6.42293381691	-1368
6.42296481133	-1368
6.42298293114	-1368
6.42301297188	-1368
6.42305397987	-1368
6.42309188843	-1368
6.4232199192	-1368
6.4232378006	-1356
6.42326688766	-1368
6.42329192162	-1368
6.42331981659	-1368
6.42335295677	-1368
6.42350387573	-1368
6.42353081703	-1368
6.42357492447	-1368
6.42360687256	-1368
6.42751097679	-1368
6.45649790764	-1368
6.45658278465	-1368
6.45660281181	-1368
6.45661091805	-1368
6.45661687851	-1368
6.45662379265	-1368
6.45662689209	-1368
6.45663189888	-1368
6.4566488266	-1368
6.45667982101	-1368
6.45673084259	-1368
6.45676994324	-1368
6.45691180229	-1368
6.45693278313	-1368
6.45699000359	-1368
6.45700478554	-1368
6.45715594292	-1368
6.45718479156	-1368
6.4572019577	-1368
6.45726680756	-1368
6.45728778839	-1368
6.4573199749	-1368
6.45734095573	-1368
6.45736694336	-1368
6.45741391182	-328
6.45756292343	-1368
6.45758080482	-1368
6.45760989189	-1368
6.45763993263	-1368
6.45787596703	-1368
6.45790290833	-1368
6.4579308033	-1368
6.45796489716	-1368
6.45798397064	-1368
6.45802593231	-1368
6.45805096626	-1368
6.45806980133	-1368
6.45812392235	-1368
6.45816397667	-1368
6.45847201347	-1368
6.45848298073	1297
6.45850586891	-1368
6.45853185654	-1368
6.45855879784	-1368
6.4586019516	-1368
6.45865988731	-1368
6.46208786964	-1368
6.46212291718	-1368
6.4621629715	-1368
6.46221089363	-1368
6.46230792999	-1368
6.46234178543	-1368
6.46236896515	-1368
6.46238994598	-1368
6.46584796906	-1368
6.50060582161	-1368
6.50064086914	-1368
6.50064682961	-1368
6.50065493584	-1368
6.50065898895	-1368
6.50066590309	-1368
6.50068688393	-1368
6.50071191788	-1368
6.50101089478	1368
6.5247168541	-1368
6.52474379539	-1368
6.52476596832	-1368
6.52477192879	-1368
6.52483081818	-1368
6.52486085892	-1368
6.5248939991	-1368
6.52492690086	-1368
6.52505993843	-1368
6.52507686615	-1368
6.52510595322	-1368
6.52513098717	-1368
6.52522683144	-1368
6.52526497841	-1368
6.52529001236	-1368
6.52530884743	-1368
6.52553701401	-1368
6.52555680275	-1368
6.52571201324	-1368
6.52575993538	-1368
6.52576994896	-371
6.52583479881	-1368
6.52586698532	-1368
6.52589988708	-1368
6.5259180069	-1368
6.5259449482	-1368
6.52597498894	-1368
6.52600097656	-1368
6.52603793144	-1368
6.52605581284	-1368
6.52609086037	-1368
6.52612781525	-1368
6.52619695663	-1368
6.52622199059	-1368
6.52623987198	-1368
6.52626800537	-1368
6.52635383606	-1368
6.52637195587	-1368
6.52642989159	-1368
6.52652597427	-1368
6.5265519619	1368
6.55439782143	-1368
6.55444693565	-1368
6.55457186699	-1368
6.55505895615	-1368
6.55510878563	-1368
6.55530691147	-1368
6.55546784401	-1368
6.55553197861	-1368
6.55556678772	-1368
6.5556499958	-1368
6.55568599701	-1368
6.55570483208	-1368
6.55612182617	-1368
6.55614089966	-1368
6.55616998672	-1368
6.5566368103	-1368
6.55666089058	-1368
6.55669498444	-1368
6.55671596527	-1368
6.55681180954	-1368
6.55684900284	-1368
6.55715894699	-1368
6.55719900131	-1368
6.55722093582	-1368
6.55757594109	-1368
6.55760192871	-1368
6.55762290955	-1368
6.55767297745	1368
6.5582318306	-1368
6.55825090408	-1368
6.55827498436	-1368
6.55854296684	-1368
6.5586438179	-1368
6.55868792534	-1368
6.55870389938	-1368
6.55909180641	-1368
6.5591199398	-1368
6.55923295021	-1368
6.55924987793	-1368
6.55927801132	-1368
6.5593059063	-1368
6.5604698658	-1368
6.5604968071	-1368
6.56076788902	-1368
6.56183600426	1368
6.56198978424	-1368
6.56201601028	-1368
6.56217479706	-1368
6.56297087669	-1368
6.56297492981	1368
6.56299686432	-1368
6.56302595139	-1368
6.56356477737	-1368
6.56359982491	-1368
6.56377696991	-1368
6.56380200386	-1368
6.56382989883	-1368
6.56385684013	-1368
6.56416296959	-1368
6.56419587135	-1368
6.56421399117	-1368
6.56437492371	1368
6.56451582909	-1368
6.56453490257	-1368
6.56455779076	-1368
6.56476187706	-1368
6.56479787827	-1368
6.56481695175	-1368
6.56526589394	-1368
6.56529998779	-1368
6.56531786919	-1368
6.56535482407	-1368
6.56537079811	-1368
6.56542086601	-1368
6.56556296349	1368
6.56587481499	-1368
6.56590294838	-1368
6.56592392921	-1368
6.56871795654	-1368
6.56874680519	-1368
6.56875896454	-1368
6.5789809227	-1368
6.57901597023	1197
6.57903194427	-1368
6.57904100418	-1368
6.5790848732	-1368
6.57937884331	-1368
6.57939600945	-1368
6.57980489731	-1368
6.57983589172	-1368
6.57987689972	-1368
6.58014893532	-1368
6.58017492294	-1368
6.58019280434	-1368
6.58039188385	-1368
6.58042693138	-1368
6.58044481277	-1368
6.58047389984	-1368
6.58076190948	-1368
6.58082985878	-1368
6.58737277985	-1368
6.59159588814	-1368
6.59163284302	-1368
6.59165787697	-1368
6.59217000008	-1368
6.59219479561	-1368
6.59220194817	-1368
6.59259080887	-1368
6.59265995026	-1368
6.59267687798	-1368
6.59296989441	-1368
6.59300494194	-1368
6.5930249691	-1368
6.59331488609	-1368
6.59334492683	-1368
6.59337186813	-1368
6.59349799156	1368
6.59523081779	-1368
6.59524989128	-1368
6.59527397156	-1368
6.59804081917	-1368
6.60352277756	1368
6.63779091835	-885
6.64759683609	-1368
6.64763998985	-1368
6.64785695076	-1368
6.64787483215	-1368
6.64838886261	-1368
6.64840698242	-1368
6.64841794968	-1368
6.6484849453	-1368
6.64905190468	-1368
6.64907097816	-1368
6.65345287323	-1368
6.69104599953	1007
6.72676992416	-1368
6.72743487358	-1368
6.73218178749	-1368
6.73262381554	-1368
6.73303890228	-1368
6.73306298256	-1368
6.73309087753	-1368
6.73330688477	-1368
6.73333597183	-1368
6.73353385925	-1368
6.73456788063	-1368
6.73459100723	-1368
6.73486590385	-1368
6.75941991806	-1216
6.76578497887	1368
6.77289390564	-1368
6.77295279503	-1368
6.77299189568	-1368
6.7730038166	-1368
6.77365589142	-1368
6.77368187904	-1368
6.77370691299	-1368
6.77439785004	-1368
6.77441692352	-1368
6.77456188202	-1368
6.77459096909	-1368
6.77461886406	-1368
6.77464389801	-1368
6.77467298508	-1368
6.77960681915	-1368
6.77963995934	-1368
6.77965688705	-1368
6.78175783157	1368
6.79465889931	-1368
6.79525780678	-1368
6.79534482956	-1368
6.79535889626	-1368
6.81674098969	1368
6.84260892868	240
6.87120079994	-1121
6.90058684349	-1368
6.90063285828	-1368
6.90666079521	-1368
6.90724897385	-1368
6.9514977932	-1368
6.95157790184	-1368
6.95160794258	-1368
6.95549798012	1368
6.95813989639	-1368
6.95816397667	804
6.95817279816	-1368
6.96291899681	-1368
6.96295690536	-1368
6.96296286583	-1368
6.99760198593	-1368
7.01235485077	-554
7.04761481285	-1368
7.04835391045	-1368
7.04838395119	-1368
7.04840278625	-1368
7.12426280975	-870
7.16247296333	-1368
7.16249585152	-1368
7.16251683235	-1368
7.16324782372	-1368
7.1636428833	-1368
7.16403889656	-1368
7.16406488419	-1368
7.16421890259	543
7.16803884506	-1368
7.2725789547	-1168
7.36354899406	543
7.37440299988	1368
7.38024187088	1368
7.48634386063	406
7.52591085434	-543
7.52670192719	-1368
7.52673101425	-1368
7.5483288765	-1368
7.57058787346	-1368
7.57064890862	-1368
7.57077479362	-1368
7.57091879845	-1368
7.57093501091	-1368
7.57097196579	-1368
7.57132196426	-1368
7.57138085365	-1368
7.57673883438	-1368
7.5772998333	-1368
7.6109290123	-1368
7.6109919548	543
7.61176586151	-1368
7.61217093468	-1368
7.612667799	-1368
7.61270689964	-1368
7.61273288727	-1368
7.61301279068	-1368
7.61304783821	-1368
7.61306881905	-1368
7.61342978477	-1368
7.61345601082	-1368
7.61350989342	-1368
7.61363983154	-1368
7.61366701126	-1368
7.61369490623	-1368
7.61382985115	-1368
7.61397194862	-1368
7.61400580406	-1368
7.61432790756	-1368
7.61438083649	-1368
7.61441278458	-1368
7.61449885368	-1368
7.63784384727	-821
7.64959383011	-1368
7.69378590584	-1368
7.69408583641	-1368
7.69415688515	-1368
7.69470286369	-1368
7.69474577904	-1368
7.69475698471	-1368
7.69485497475	-1368
7.69488096237	-1368
7.69491887093	-1368
7.69503498077	-1368
7.69525098801	-1368
7.69527792931	-1368
7.69533991814	-1368
7.69569396973	-1368
7.69571781158	-1368
7.69580483437	-1368
7.69602894783	-1368
7.69605898857	-1368
7.69640398026	-1368
7.6964058876	1368
7.69644284248	-1368
7.69645786285	-1368
7.69656300545	-1368
7.69679188728	-1368
7.69680786133	-1368
7.69689679146	-1368
7.69836592674	-1368
7.69843578339	-1368
7.69844579697	-1368
7.70055484772	-1368
7.70058178902	-1368
7.70062398911	-1368
7.70216298103	-1368
7.70221495628	-1368
7.70222783089	-1368
7.70354199409	-1368
7.70358085632	-1368
7.70360898972	-1368
7.70374584198	-1368
7.70378684998	-1368
7.70379495621	-1368
7.70408391953	-1368
7.70411992073	-1368
7.70414185524	-1368
7.71004080772	-1368
7.71008777618	-1368
7.73548984528	-1368
7.73551893234	1347
7.73553299904	-1368
7.7357108593	-1368
7.73598694801	-1368
7.73602294922	-1368
7.73612594604	-1368
7.73645591736	-1368
7.73648095131	-1368
7.73659896851	-1368
7.7369658947	-1368
7.73698997498	-1368
7.73704099655	-1368
7.73715400696	-1368
7.73717999458	-1368
7.73720693588	-1368
7.73742794991	-1368
7.73745298386	-1368
7.73747992516	-1368
7.73800492287	-1368
7.73803400993	-1368
7.73805999756	-1368
7.73837184906	-1368
7.73838996887	-1368
7.7384428978	-1368
7.73857593536	-1368
7.73864483833	-1368
7.73867082596	-1368
7.73903799057	-1368
7.73905897141	-1368
7.73908400536	-1368
7.74007987976	-1368
7.74011397362	-1368
7.74012494087	-1368
7.74040198326	1368
7.74100399017	-1368
7.74102592468	-1368
7.74105000496	-1368
7.74135684967	-1368
7.74169683456	-1368
7.74171590805	-1368
7.74222779274	-1368
7.74224090576	-1368
7.74225592613	-1368
7.7428689003	-1368
7.74289393425	-1368
7.74293088913	-1368
7.74310994148	-1368
7.74313497543	-1368
7.74316191673	-1368
7.74348282814	-1368
7.74436783791	-1368
7.7496008873	-317
7.77851986885	-1368
7.77855086327	-1368
7.77865982056	-1368
7.7788848877	-1368
7.77891182899	-1368
7.77915477753	-1368
7.77948284149	-1368
7.77950787544	-1368
7.77971386909	-1368
7.77992987633	-1368
7.77996492386	-1368
7.78019785881	-1368
7.78032398224	-1368
7.78033685684	-1368
7.78048992157	-1368
7.78052377701	-1368
7.78055000305	-1368
7.7806968689	-1368
7.78113889694	1368
7.78403282166	-1368
7.78407096863	-1368
7.78590393066	-1368
7.78646397591	-1368
7.78649997711	-1368
7.82632899284	-1368
7.8268289566	-1368
7.82685279846	-1368
7.82688689232	-1368
7.82724881172	-1368
7.82727885246	-1368
7.82731294632	-1368
7.82740592957	-1368
7.82743191719	-1368
7.82745599747	-1368
7.83226799965	-1368
7.83228182793	-1368
7.85250377655	1065
7.86154580116	-1219
7.94397592545	1368
7.95633387566	1368
7.95929789543	1368
7.96431088448	153
7.97599887848	1368
7.97964191437	1368
8.07588982582	464
8.10708880424	-543
8.10818886757	-1368
8.1084549427	-1368
8.10848498344	-1368
8.10876893997	-1368
8.10878896713	-1368
8.10881900787	-1368
8.11384487152	-1368
8.132188797	-1368
8.1327188015	-1368
8.14061999321	-1368
8.15319681168	-1368
8.15368580818	-1368
8.1537528038	-1368
8.15375781059	-1368
8.15429401398	-1368
8.15431690216	-1368
8.15434789658	-1368
8.15459895134	-1368
8.15463089943	-1368
8.15467882156	-1368
8.15474581718	-1368
8.15477085114	-1368
8.1547999382	-1368
8.15482878685	-1368
8.15867996216	-1368
8.15870094299	-1368
8.1626098156	-1368
8.16263484955	-1368
8.16265487671	-1368
8.16880297661	-1368
8.1688349247	-1368
8.16913080215	1368
8.17502498627	-1368
8.17552399635	-1368
8.17554879189	-1368
8.17897295952	1368
8.18172693253	-1368
8.18175196648	-1368
8.18853092194	-1368
8.18863081932	493
8.18950486183	-1368
8.19265389442	-1368
8.19324183464	-1368
8.19326400757	-1368
8.19356298447	-1368
8.19359278679	-1368
8.19361686707	-1368
8.19379687309	-1368
8.19395399094	-1368
8.19397091866	-1368
8.19400000572	-1368
8.19430279732	-1368
8.19432878494	-1368
8.19466781616	-1368
8.19472694397	-1368
8.19483089447	-1368
8.19543385506	-1368
8.19545483589	-1368
8.19569087029	-1368
8.19855594635	1368
8.20103693008	1368
8.20318078995	-1368
8.20320987701	-1368
8.21659398079	-1368
8.21724081039	-1368
8.21732378006	-1368
8.21794390678	1368
8.21896195412	-930
8.23791193962	-1368
8.23793792725	-1368
8.23805689812	-1368
8.23808097839	-1368
8.23809885979	-1368
8.23834395409	-1368
8.23836684227	-1368
8.2383928299	-1368
8.23847389221	-1368
8.23880887032	-1368
8.23881983757	-1368
8.23902583122	-1368
8.23909783363	-1368
8.23912382126	-1368
8.23935699463	-1368
8.23956394196	-1368
8.23957490921	-1368
8.23988485336	-1368
8.23991799355	-1368
8.23993492126	-1368
8.24013280869	-1368
8.24018883705	-1368
8.24021291733	-1368
8.24026298523	-1368
8.24079298973	-1368
8.24082994461	-1368
8.24086594582	-1368
8.24089384079	-1368
8.24092388153	-1368
8.24095892906	-1368
8.24422097206	-1368
8.24423885345	-1368
8.24424386024	-1368
8.27894282341	-1368
8.27901983261	-1368
8.27960395813	-1368
8.27963495255	-1368
8.27974796295	-1368
8.27976489067	-1368
8.27979183197	-1368
8.28038597107	1368
8.28414583206	-1368
8.28470683098	-1368
8.30024886131	414
8.33996486664	-1368
8.34706997871	-1368
8.34972882271	-1048
8.35867786407	-1368
8.35870981216	-1368
8.36887288094	-1368
8.3693189621	-1368
8.39324784279	-1368
8.43212985992	1368
8.43339300156	1368
8.44501900673	1368
8.45157980919	182
8.47038078308	-45
8.56385278702	543
8.59762096405	-1368
8.59888291359	-1368
8.60535693169	-1368
8.60544085503	-1368
8.60548090935	-1368
8.62290787697	-1368
8.6244559288	-762
8.62572693825	-1368
8.62973999977	-1368
8.6298828125	-1368
8.64199590683	1368
8.71564388275	775
8.72643685341	-1368
8.73614788055	-356
8.80204200745	-1368
8.80621886253	-1368
8.80625987053	-1368
8.80888581276	-1368
8.80892181396	-1368
8.80893182755	-1368
8.80895400047	-1368
8.80911588669	-1368
8.80914878845	-1368
8.80951499939	-1368
8.8097679615	-1368
8.80979084969	-1368
8.8098218441	-1368
8.81035685539	-1368
8.81059288979	-1368
8.81081390381	-1368
8.81126999855	-1368
8.81149482727	-1368
8.81170797348	-1368
8.81220579147	1368
8.81359601021	-1368
8.81362390518	-1368
8.81365680695	-1368
8.8222618103	1368
8.82391881943	1368
8.84811592102	-1353
8.8482439518	153
8.84921693802	-1368
8.84925079346	-1368
8.84934782982	-1368
8.84974694252	-1368
8.84979200363	-1368
8.84994387627	-1368
8.84998488426	-1368
8.85001397133	-1368
8.85037279129	-1368
8.85039687157	-1368
8.85044193268	-1368
8.85099387169	-1368
8.85104393959	-1368
8.85106682777	-1368
8.85109496117	-1368
8.85114789009	-1368
8.85121178627	-1368
8.85152482986	-1368
8.85159993172	-1368
8.85161590576	-1368
8.85175895691	-1368
8.85185790062	-1368
8.85189080238	-1368
8.85195493698	-1368
8.85221791267	-1368
8.85223293304	-1368
8.85228800774	-1368
8.85260796547	-1368
8.85263180733	-1368
8.85281085968	-1368
8.85367083549	-1368
8.85373187065	-1368
8.85379695892	-1368
8.85425496101	1368
8.85438585281	-1368
8.85441398621	-1368
8.85469198227	-1368
8.85480380058	-1368
8.85482597351	-1368
8.85500884056	-1368
8.85586190224	-1368
8.89142179489	-1368
8.89220285416	-1368
8.89222979546	-1368
8.89232587814	-1368
8.89234995842	-1368
8.89292192459	-1368
8.89294791222	-1368
8.89297199249	-1368
8.89317893982	-1368
8.89320898056	-1368
8.8938999176	-1368
8.89392495155	-1368
8.89416193962	-1368
8.89473080635	-1368
8.89475893974	-1368
8.92505097389	-1368
8.92917180061	-1368
8.92955899239	-1368
8.96022987366	-1233
8.96037983894	1318
9.04313492775	-1368
9.05723595619	-1368
9.07226681709	-522
9.07229685783	543
9.10290694237	1368
9.18424582481	-1086
9.18428897858	232
9.29608798027	-543
9.29782891273	543
9.35962295532	-1368
9.35969400406	-1368
9.35974597931	-1368
9.36001777649	-1368
9.36004185677	-1368
9.36012101173	-1368
9.36022090912	-1368
9.36025285721	-1368
9.36600089073	-1368
9.36607694626	-1368
9.40967082977	-944
9.40972399712	543
9.4657638073	-1368
9.4785399437	-1368
9.47896194458	-1368
9.47929596901	-1368
9.47936987877	-1368
9.47937989235	-1368
9.47979187965	-1368
9.47981882095	-1368
9.47984600067	-1368
9.47999382019	-1368
9.48002099991	-1368
9.48485994339	-1368
9.48522496223	-1368
9.48526382446	-1368
9.52160596848	-1300
9.52163696289	543
9.59866786003	-1368
9.59872484207	-1368
9.59883189201	-1368
9.59885001183	-1368
9.59891700745	-1368
9.59907889366	-1368
9.59910988808	-1368
9.5991358757	-1368
9.60030984879	-1368
9.60033392906	-1368
9.6003639698	-1368
9.60038280487	-1368
9.60040783882	-1368
9.60043978691	-1368
9.63373398781	-699
9.63413000107	543
9.71889281273	-1368
9.71905589104	-1368
9.71920490265	-1368
9.7192299366	-1368
9.72346591949	-1368
9.72378897667	-1368
9.72380685806	-1368
9.74588084221	-422
9.74623894691	543
9.89759588242	1057
10.0487179756	1057
10.1305937767	-543
10.2394168377	-1368
10.2396669388	-1368
10.2845718861	-978
10.3011529446	543
10.3963868618	-543
10.4143288136	-1368
10.4143610001	543
10.414375782	-1368
10.5231108665	-1368
10.5261349678	-95
10.5393137932	543
10.6398878098	-543
10.7307507992	543
10.7803559303	-1368
10.7885169983	-232
10.9764049053	-543
10.9769048691	-1368
10.9769527912	-1368
10.9776070118	-1368
10.9776368141	-1368
10.9776728153	-1368
10.9780168533	-1368
10.978099823	-1368
10.9781699181	-1368
10.9815378189	-1368
10.9815809727	-1368
11.0881948471	-401
11.096121788	-1368
11.0962028503	-1368
11.0962429047	-1368
11.096421957	-1368
11.0970180035	-1368
11.0970449448	-1368
11.0970728397	-1368
11.0973808765	-1368
11.0974090099	-1368
11.0974309444	-1368
11.0978808403	-1368
11.097910881	-1368
11.0979299545	-1368
11.0979678631	543
11.1037259102	-1368
11.2000198364	-699
11.2144498825	-1368
11.3121328354	-1260
11.3450667858	1057
11.5367138386	543
11.5887429714	-543
11.7391908169	-1368
11.7767279148	-261
11.7777810097	543
11.9404950142	-543
11.9410278797	-1368
11.9410870075	-1368
11.941549778	-1368
11.941603899	-1368
11.9418828487	-1368
11.94190979	-1368
11.9420650005	543
11.9500789642	-1368
11.9515647888	-1368
11.9516119957	-1368
11.9516890049	-1368
11.9517347813	-1368
11.9823029041	-1368
11.9829800129	-1368
11.9830169678	-1368
11.9831387997	-1368
11.9833688736	-1368
11.9833989143	-1368
11.9834618568	-1368
11.9835288525	-1368
11.9835438728	-1368
11.9839508533	-1368
11.9839739799	-1368
11.9840798378	-1368
11.9845848083	-1368
11.9846169949	-1368
11.9848217964	-1368
11.9863798618	-1368
11.9864068031	-1368
11.9864318371	-1368
11.988642931	-1368
11.9887340069	-1368
11.9887468815	-1368
11.9887619019	-1368
12.0249300003	-1368
12.0262758732	-1368
12.0263519287	-1368
12.0263729095	-1368
12.0265269279	-1368
12.0265469551	-1368
12.0269517899	-1368
12.0269858837	-1368
12.0270218849	-1368
12.0270979404	-1368
12.0274119377	-1368
12.0274507999	-1368
12.027479887	1368
12.0279178619	-1368
12.027962923	-1368
12.027987957	-1368
12.0281488895	-1368
12.0281767845	-1368
12.0282049179	-1368
12.0283498764	-1368
12.0284919739	-1368
12.0285258293	-1368
12.0285878181	-1368
12.0295798779	-1368
12.0296227932	-1368
12.0296468735	-1368
12.0319769382	-1368
12.0320329666	-1368
12.0320417881	-1368
12.0528028011	-698
12.0683097839	-1368
12.0683689117	804
12.0688948631	-1368
12.0689129829	-1368
12.0689678192	-1368
12.0693879128	-1368
12.069411993	-1368
12.0695688725	-1368
12.0697028637	-1368
12.0697369576	-1368
12.0701038837	-1368
12.0708179474	-1368
12.070843935	-1368
12.0708727837	-1368
12.0740959644	-1368
12.1802070141	-243
12.1802659035	543
15.0006508827	543
15.4044737816	-543
