0	-543
0.136824846268	543
4.00328779221	1057
4.14288496971	-543
4.26040792465	-543
4.2835149765	1057
4.41936087608	-543
4.57654881477	-543
4.59144282341	1057
12.3798589706	-543
12.5046229362	237
12.6225149632	-747
12.6238238811	126
12.7419428825	-51
12.7422788143	38
12.8600578308	-1368
12.860090971	-135
12.860932827	1057
12.978664875	-543
12.9793999195	543
13.1038508415	-543
13.1054627895	543
13.2613728046	-543
13.2622289658	1057
13.4833209515	-543
13.6397600174	-543
13.6836779118	543
13.8008108139	543
13.8913660049	-543
14.0269258022	-1368
14.0270040035	-203
14.0583219528	-1368
14.0583779812	-1368
14.1020059586	-1368
14.1057078838	1057
14.1440029144	-66
14.2229897976	543
14.3038058281	-543
14.3162329197	-1368
14.3203468323	-1368
14.3432209492	543
14.4209308624	-435
14.4603970051	543
14.5758419037	-543
14.6820919514	-1368
14.6821308136	-1368
14.6821389198	-1368
14.6929988861	-580
14.7152237892	-1368
14.7152619362	-1368
14.7352349758	543
14.7611918449	1368
14.8101890087	-891
14.8524768353	1318
14.963696003	-543
15.0253248215	-1368
15.0254099369	-1368
15.0254199505	-1368
15.0532808304	-1368
15.0798399448	-1368
15.0798928738	-1368
15.0809438229	-1160
15.0879487991	543
15.0883159637	1368
15.1125369072	-1368
15.1750569344	-1368
15.1793220043	-1368
15.1794660091	-1368
15.1831068993	-1368
15.1831848621	-1368
15.1854629517	1368
15.1857709885	1368
15.1981298923	-646
15.2052879333	1123
15.226380825	1368
15.3225519657	-543
15.3225939274	746
15.4104888439	-1368
15.4105818272	-1368
15.4107840061	-1368
15.4145538807	-1368
15.4146268368	-1368
15.4146339893	-1368
15.4232618809	-1368
15.4399700165	-1334
15.4457259178	-1368
15.4457519054	-1368
15.4458978176	-1368
15.4745428562	-1368
15.4746158123	-1368
15.4749338627	543
15.5278987885	-1368
15.5279510021	-1368
15.5279779434	-1368
15.532047987	-1368
15.5320899487	-1368
15.5321040154	-1368
15.5321269035	-1368
15.5321578979	-1368
15.5321938992	-1368
15.5571398735	-1368
15.5571668148	-1368
15.5571889877	-1368
15.5631818771	-1368
15.5632798672	-338
15.5632898808	-1368
15.5919058323	-1368
15.5919349194	-1368
15.5919787884	-1368
15.5922408104	-1368
15.5922529697	543
15.5922939777	-1368
15.6450588703	-1368
15.6450848579	-1368
15.6450958252	-1368
15.6493389606	-1368
15.6493759155	-1368
15.6494297981	-1368
15.6494538784	-1368
15.6494829655	-1368
15.6496348381	-1368
15.6497008801	-1368
15.6497368813	-1368
15.6498749256	-1368
15.6498949528	-1368
15.6744627953	-1368
15.6744868755	-1368
15.67450881	-1368
15.6805429459	-1368
15.680562973	-1368
15.6806659698	-354
15.6807858944	-1368
15.6808288097	-1368
15.6808588505	-1368
15.6810059547	1368
15.7091889381	-1368
15.7092490196	-1368
15.7092928886	-1368
15.7094018459	-1368
15.7094168663	261
15.7094349861	-1368
15.7094669342	-1368
15.74792099	-1368
15.7479557991	-1368
15.7625110149	-1368
15.7625379562	-1368
15.7625849247	-1368
15.762611866	-1368
15.7666318417	-1368
15.7666559219	-1368
15.7666809559	-1368
15.7667169571	-1368
15.7667717934	-1368
15.7667980194	-1368
15.7669939995	-1368
15.7670218945	-1368
15.7670559883	-1368
15.7671239376	-1368
15.7671689987	-1368
15.7672438622	-1368
15.7672829628	-1368
15.7673289776	-1368
15.7918188572	-1368
15.7918739319	-1368
15.7919089794	-1368
15.7978768349	-1368
15.7980749607	-1368
15.798101902	-1368
15.7981100082	-1368
15.7981159687	-1368
15.7981228828	-1368
15.7981328964	-1368
15.7981638908	-1368
15.7981958389	-1368
15.7983839512	-1368
15.7984428406	-1368
15.8265428543	-1368
15.8265769482	-1368
15.8265969753	-1368
15.8267087936	-1368
15.8267199993	543
15.8267660141	-1368
15.8267970085	-1368
15.8268249035	-1368
15.8269169331	-1368
15.8269429207	-1368
15.8652179241	-1368
15.8654088974	-1368
15.8654358387	-1368
15.8796758652	-1368
15.8796958923	-1368
15.8797140121	-1368
15.8797478676	-1368
15.8797698021	-1368
15.8797738552	-885
15.8840157986	-1368
15.8840389252	-1368
15.8840589523	-1368
15.8840868473	-1368
15.8841149807	-1368
15.8841428757	-1368
15.8841719627	-1368
15.8842217922	-1368
15.8842658997	-1368
15.8843128681	-1368
15.8843598366	-1368
15.8843989372	-1368
15.8844277859	-1368
15.8845238686	-1368
15.8845448494	-1368
15.8846018314	-1368
15.8846538067	-1368
15.8846888542	-1368
15.8853478432	1368
15.9092018604	-1368
15.9093058109	-1368
15.9093739986	-1368
15.9153709412	-1368
15.9154407978	-1368
15.9154508114	-1368
15.9158229828	-1368
15.9158549309	-1368
15.9158949852	-1368
15.9159297943	-1368
15.9159679413	-1368
15.9160168171	-1368
15.9160599709	-1368
15.9161038399	-1368
15.9161529541	-1368
15.9161999226	-1368
15.9162549973	-1368
15.9437918663	-1368
15.9438269138	-1368
15.9438610077	-1368
15.9439578056	-1368
15.9439709187	1347
15.9440059662	-1368
15.9440379143	-1368
15.9440729618	-1368
15.9441428185	-1368
15.9442038536	-1368
15.9442288876	-1368
15.9442977905	-1368
15.9826188087	-1368
15.9826998711	-1368
15.9827148914	-1368
15.9828789234	-1368
15.9829268456	-1368
15.9829599857	-1368
15.9969129562	-1368
15.9969718456	-1368
15.9969789982	-1368
15.9969859123	-1368
15.9970328808	-1368
15.9970757961	-1368
15.9971449375	-1368
15.9972388744	-1368
15.9972798824	-885
15.9977638721	1368
16.0014538765	-1368
16.001500845	-1368
16.0015339851	-1368
16.0015668869	-1368
16.001598835	-1368
16.0016539097	-1368
16.0017387867	-1368
16.0018129349	-1368
16.0018498898	-1368
16.001885891	-1368
16.0019278526	-1368
16.0019629002	-1368
16.0020048618	-1368
16.0020318031	-1368
16.0020618439	-1368
16.0021998882	-1368
16.0022349358	-1368
16.0022637844	-1368
16.0023078918	-1368
16.0023419857	-1368
16.0023739338	-1368
16.0024290085	-1368
16.0024628639	-1368
16.0266089439	-1368
16.0266809464	-1368
16.026706934	-1368
16.0325789452	-1368
16.0326249599	-1368
16.0326309204	-1368
16.0326578617	-1368
16.0326838493	-1368
16.0327157974	-1368
16.0332579613	-1368
16.0332767963	1368
16.0332889557	-1368
16.0333168507	-1368
16.0334157944	-1368
16.0334718227	-1368
16.0335168839	-1368
16.0335578918	-1368
16.0336019993	-1368
16.033643961	-1368
16.0336778164	-1368
16.0337347984	-1368
16.0337598324	-1368
16.0338039398	-1368
16.0338709354	-1368
16.0338869095	-1368
16.0610640049	-1368
16.0611288548	-1368
16.0611758232	-1368
16.0611867905	-1368
16.0612158775	-1368
16.0612289906	-1368
16.0613188744	-1368
16.0613589287	522
16.0613639355	-1368
16.0613999367	-1368
16.0614898205	-1368
16.0615580082	-1368
16.0616278648	-1368
16.061663866	-1368
16.061745882	-1368
16.0617828369	-1368
16.0618607998	-1368
16.0618867874	-1368
16.0999529362	-1368
16.0999867916	-1368
16.100017786	-1368
16.1000699997	-1368
16.100099802	-1368
16.1001329422	-1368
16.1001648903	-1368
16.10024786	-1368
16.1002669334	-1368
16.1144018173	-1368
16.1144509315	-1368
16.1144828796	-1368
16.1144888401	-1368
16.1144988537	-1368
16.114607811	-1368
16.1146478653	-1368
16.1146588326	-1368
16.1146638393	-1368
16.1146688461	-1368
16.1146988869	-1368
16.1147267818	-1239
16.1147828102	-1368
16.114787817	-1368
16.114866972	-1368
16.1190419197	-1368
16.1191430092	-1368
16.1191859245	-1368
16.119191885	-1368
16.1192100048	-1368
16.1192369461	-1368
16.1192479134	-1368
16.119273901	-1368
16.1193058491	-1368
16.1193377972	-1368
16.1193687916	-1368
16.1194038391	-1368
16.1194310188	-1368
16.1195068359	-1368
16.1195728779	-1368
16.1196069717	-1368
16.1196408272	-1368
16.1196777821	-1368
16.1197149754	-1368
16.1197497845	-1368
16.1197838783	-1368
16.1198379993	-1368
16.1198759079	-1368
16.1199119091	-1368
16.119948864	-1368
16.1199858189	-1368
16.1200180054	-1368
16.1200568676	-1368
16.1200737953	-1368
16.1200809479	1368
16.1201038361	-1368
16.1440968513	-1368
16.1441218853	-1368
16.1441478729	-1368
16.1498029232	-1368
16.1498408318	-1368
16.1498458385	-1368
16.149851799	-1368
16.1498730183	-1368
16.1499128342	-1368
16.1499478817	-1368
16.1499848366	-1368
16.1500108242	-1368
16.1501319408	1368
16.1508939266	-1368
16.1509327888	-1368
16.1509687901	-1368
16.1509859562	-1368
16.1510138512	-1368
16.1510548592	-1368
16.1510708332	-1368
16.1511008739	-1368
16.1511387825	-1368
16.1511638165	-1368
16.1512219906	-1368
16.1512639523	-1368
16.1513018608	-1368
16.1513359547	-1368
16.1514120102	-1368
16.1514577866	-1368
16.1515028477	-1368
16.1515488625	-1368
16.1515939236	-1368
16.1516888142	-1368
16.1517269611	-1368
16.1517858505	-1368
16.1519429684	1368
16.178306818	-1368
16.1784169674	-1368
16.1784799099	-1368
16.1784908772	-1368
16.1785099506	-1368
16.1785609722	-1368
16.1785988808	-1368
16.1786339283	-1368
16.1786878109	-1368
16.1787428856	-1368
16.1787958145	211
16.1788089275	-1368
16.1789479256	-1368
16.1789758205	-1368
16.1789939404	-1368
16.1790130138	-1368
16.179047823	-1368
16.1791038513	-1368
16.1791579723	-1368
16.1792628765	-1368
16.1792960167	-1368
16.1793179512	-1368
16.1793529987	-1368
16.2158420086	-1368
16.2158668041	-1368
16.2172138691	-1368
16.2172830105	-1368
16.2173228264	-1368
16.2173409462	-1368
16.2173528671	-1368
16.2173569202	-1368
16.2173669338	-1368
16.217373848	-1368
16.2173810005	-1368
16.2174949646	-1368
16.2175350189	-1368
16.2175629139	-1368
16.2175869942	-1368
16.2179229259	1368
16.2319848537	-1368
16.2320048809	-1368
16.2320208549	-1368
16.2320590019	-1368
16.2321000099	-1368
16.2321388721	-1368
16.232175827	-1368
16.2322058678	-1368
16.2322537899	-1368
16.2323138714	-1368
16.2323899269	-1368
16.2324259281	-1368
16.2324938774	-1368
16.2325298786	-1284
16.2327919006	-1368
16.2329688072	-1368
16.2331898212	-1368
16.2334280014	-1368
16.2338628769	-1368
16.2364997864	-1368
16.2365818024	-1368
16.2366139889	-1368
16.2366449833	-1368
16.2366638184	-1368
16.2367088795	-1368
16.2372148037	-1368
16.2372529507	-1368
16.2372708321	-1368
16.2373077869	-1368
16.2373278141	-1368
16.2373819351	-1368
16.23741889	-1368
16.2374498844	-1368
16.237475872	-1368
16.2375028133	-1368
16.2375338078	-1368
16.2375619411	-1368
16.2375907898	-1368
16.2376558781	-1368
16.2376849651	-1368
16.2377150059	-1368
16.2377858162	-1368
16.237831831	-1368
16.2378687859	-1368
16.2379238605	-1368
16.2379798889	-1368
16.2380077839	-1368
16.2380318642	-1368
16.2380599976	-1368
16.2381298542	1368
16.238132	-1368
16.2381768227	-1368
16.2382619381	-1368
16.2383899689	-1368
16.2384178638	-1368
16.2384798527	-1368
16.2614428997	-1368
16.2614769936	-1368
16.2615089417	-1368
16.2669999599	-1368
16.2670350075	-1368
16.267043829	-1368
16.2670528889	-1368
16.3089950085	-1368
16.3090670109	1065
16.3090889454	-1368
16.30910182	-1368
16.3095939159	-1368
16.3096728325	-1368
16.3101828098	-1368
16.3102178574	-1368
16.3102619648	-1368
16.310281992	-1368
16.3103117943	-1368
16.3103778362	-1368
16.310436964	-1368
16.3104689121	-1368
16.3107438087	-1368
16.3109009266	-1368
16.3109369278	-1368
16.3112039566	-1368
16.3113789558	-1368
16.311424017	-1368
16.3131718636	-1368
16.3132259846	-1368
16.3132798672	-1368
16.3135399818	1368
16.3395829201	-1368
16.3396339417	-1368
16.3396718502	-1368
16.3399698734	-1368
16.3400249481	-1368
16.3400418758	-1368
16.3400759697	-1368
16.3406329155	-1368
16.3406748772	-1368
16.340708971	-1368
16.3408579826	-1368
16.3409068584	-1368
16.3409678936	-1368
16.3410899639	-1368
16.3411269188	-1368
16.3411579132	-1368
16.3414299488	-1368
16.3414487839	-1368
16.3414959908	-1368
16.3435108662	-1368
16.3435409069	-1368
16.3509118557	-141
16.4264888763	804
16.4918289185	1368
16.4977638721	1368
16.5439479351	435
16.6611499786	543
16.7216370106	-1368
16.7216758728	-1368
16.721683979	-377
16.7570548058	-1368
16.7785208225	543
16.7865169048	-1368
16.7874958515	-1368
16.7882809639	-1368
16.7888319492	-1368
16.7888820171	-1368
16.7892289162	-1368
16.7892680168	-1368
16.789274931	-1368
16.7894690037	-1368
16.7907619476	-1368
16.7908189297	-1368
16.818089962	-1368
16.8181509972	-1368
16.8181598186	-1368
16.8221869469	-1368
16.8225698471	-1368
16.8226258755	-1368
16.8232638836	-1368
16.8236048222	-1368
16.8236448765	-1368
16.8238418102	-1368
16.8243060112	-1368
16.8243539333	-1368
16.8243978024	-1368
16.8244378567	-1368
16.8244898319	-1368
16.8245489597	-1368
16.8245968819	-1368
16.8246469498	-1368
16.8247737885	-1368
16.8250060081	-1368
16.825042963	-1368
16.825152874	-1368
16.8252267838	-1368
16.8252539635	-1368
16.8388400078	-821
16.8527848721	-1368
16.8528249264	-1368
16.8559558392	-1368
16.8562178612	-1368
16.8562629223	-1368
16.8562707901	-1368
16.8563299179	-1368
16.8564288616	-1368
16.8564648628	-1368
16.8565118313	-1368
16.8565199375	-1368
16.8565208912	1368
16.856648922	-1368
16.8566689491	-1368
16.8567299843	-1368
16.8589389324	-1368
16.8589978218	-1368
16.859131813	-1368
16.8591768742	-1368
16.8591849804	-1368
16.8592000008	-1368
16.8624179363	-1368
16.8624799252	-1368
16.8891208172	-1368
16.8891868591	-1368
16.8891978264	-1368
16.8892929554	-1368
16.8893139362	-1368
16.8893408775	-1368
16.8899548054	-1368
16.8899829388	-1368
16.9047219753	-1368
16.9047739506	804
16.904791832	-1368
16.904804945	-1368
16.9061839581	-1368
16.9062228203	-1368
16.9062469006	-1368
16.9064259529	-1368
16.9064729214	-1368
16.9064788818	-1368
16.9065430164	-1368
16.9065659046	-1368
16.9066538811	-1368
16.9079627991	-1368
16.9080200195	-1368
16.908028841	-1368
16.935461998	-1368
16.9355039597	-1368
16.9355349541	-1368
16.9355559349	-1368
16.9356019497	-1368
16.9356138706	-1368
16.9399487972	-1368
16.9399969578	-1368
16.9400298595	-1368
16.9404540062	-1368
16.9404878616	-1368
16.9404959679	-1368
16.9405958652	1368
16.9407868385	-1368
16.9408419132	-1368
16.9408698082	-1368
16.9416279793	-1368
16.9416508675	-1368
16.9416840076	-1368
16.9417169094	-1368
16.9417378902	-1368
16.9418389797	-1368
16.9419078827	-1368
16.9419288635	-1368
16.9419598579	-1368
16.9420619011	-1368
16.9421629906	-1368
16.9421977997	-1368
16.9422268867	-1368
16.9422688484	-1368
16.9423019886	-1368
16.942332983	-1368
16.9423599243	-1368
16.9424118996	-1368
16.9424898624	-1368
16.9425189495	-1368
16.9425518513	-1368
16.9560978413	-1368
16.9561369419	-1368
16.9561648369	-1368
16.9700968266	-1368
16.9701650143	-1368
16.9701747894	-1368
16.9736089706	-1368
16.9736859798	-1368
16.9737298489	-1368
16.9737379551	-1368
16.9737529755	-1368
16.9737608433	-1368
16.9737739563	-1368
16.9737808704	-1368
16.9737949371	-1368
16.9738919735	-1368
16.973929882	-1368
16.9739689827	-1368
16.973995924	-1368
16.974023819	-1368
16.9740579128	-1368
16.9740869999	-1368
16.9741158485	-1368
16.9754598141	1368
16.976143837	-1368
16.9761879444	-1368
16.9762089252	-1368
16.9762969017	-855
16.9902470112	-1368
16.9903018475	-1368
16.9909968376	-1368
16.9919428825	-1368
16.9920189381	-1368
16.992027998	-1368
16.992456913	-1368
16.9924998283	-1368
17.00639081	-1368
17.0064358711	-1368
17.0064678192	-1368
17.0064759254	-1368
17.0065059662	-1368
17.0065438747	-1368
17.0066277981	-1368
17.0066759586	-1368
17.006716013	-1368
17.0071020126	-1368
17.0071299076	-1368
17.0071659088	-1368
17.0074329376	1368
17.0222117901	-1368
17.0222709179	211
17.0222799778	-1368
17.0222868919	-1368
17.0223228931	-1368
17.0223720074	-1368
17.0224199295	-1368
17.0234289169	-1368
17.0234639645	-1368
17.0235109329	-1368
17.0237588882	-1368
17.0237908363	-1368
17.023816824	-1368
17.0933318138	-9
17.1396858692	1086
17.2929759026	1368
17.3076999187	1260
17.3247330189	1368
17.3281137943	1368
17.3317019939	1368
17.3791048527	-1368
17.3791399002	-1368
17.3791649342	-891
17.3801789284	-1368
17.3802039623	-1368
17.380232811	-1368
17.3802599907	-1368
17.383494854	-1368
17.4116578102	-1368
17.4116978645	-1368
17.4153239727	-1368
17.432972908	-1368
17.4330019951	696
17.4330120087	-1368
17.4330499172	-1368
17.433139801	-1368
17.4331820011	-1368
17.4333469868	-1368
17.4334177971	-1368
17.4336299896	-1368
17.433701992	-1368
17.4337639809	-1368
17.4339129925	-1368
17.4339399338	-1368
17.4339849949	-1368
17.4370179176	-1368
17.4652028084	-1368
17.465269804	-1368
17.4652788639	-1368
17.465323925	-1368
17.4653658867	-1368
17.4654588699	-1368
17.465887785	-1368
17.4659218788	-1368
17.4659459591	-1368
17.4855439663	-1368
17.4858379364	-1368
17.4859819412	-1368
17.4860169888	-1368
17.486125946	-1368
17.4861798286	-1368
17.4862058163	-1368
17.4894139767	-1368
17.4894499779	-1368
17.4894728661	-1368
17.49710989	-1177
17.5014870167	-1368
17.5015239716	-1368
17.5123507977	-1368
17.5126819611	1368
17.5479228497	-1368
17.5480518341	-1368
17.5481338501	-1368
17.5481789112	-1368
17.5505609512	-1368
17.5512809753	-1368
17.5513119698	804
17.5513298512	-1368
17.5515079498	-1368
17.5521609783	-1368
17.5521879196	-1368
17.5522108078	-1368
17.5523638725	-1368
17.5524008274	-1368
17.5524168015	-1368
17.5559978485	-1368
17.5560247898	-1368
17.5560619831	-1368
17.5582549572	-1368
17.5582869053	-1368
17.5583148003	-1368
17.5583879948	-1368
17.5587978363	-1368
17.5588297844	-1368
17.5598700047	-1368
17.5599038601	-1368
17.5901269913	-1368
17.5901658535	-1368
17.5901908875	-1368
17.5909218788	-1368
17.5909729004	-1368
17.6070828438	-1368
17.6071097851	-1368
17.607172966	-1368
17.6079609394	-1368
17.6079800129	-1368
17.608314991	-1368
17.6083328724	-1368
17.611951828	-1368
17.6160509586	-1368
17.6160778999	-1368
17.6166069508	-1368
17.6179637909	-1368
17.618778944	-534
17.6206629276	-1368
17.6247718334	-1368
17.6248018742	-1368
17.6249899864	1368
17.645761013	-1368
17.6505119801	1368
17.6547539234	-1368
17.6547899246	-1368
17.6564350128	-1368
17.6564598083	-1368
17.6565179825	-1368
17.6965839863	1368
17.6974408627	1368
17.7082738876	1368
17.7254729271	1189
17.7378458977	-169
17.7418630123	1368
17.842705965	232
17.8746359348	-1368
17.8746678829	-203
17.8785429001	-1368
17.9010148048	-1368
17.9077939987	-1368
17.9184868336	-1368
17.9207999706	-1368
17.9211788177	-1368
17.9225158691	-1368
17.9453318119	-1368
17.9453628063	-1368
17.9609158039	1368
17.9859278202	-1368
17.9859609604	261
17.9859910011	-1368
17.9860169888	-1368
17.9918689728	-438
18.0315828323	1368
18.0948989391	-1368
18.0949969292	-1368
18.147797823	775
18.1478219032	-435
18.1766138077	-1368
18.177148819	-1368
18.1771748066	-1368
18.1776928902	-1368
18.1777369976	-1368
18.1778039932	-1368
18.1778428555	-1368
18.1778788567	-1368
18.180629015	-1368
18.1806578636	-1368
18.1806838512	-1368
18.1808040142	-1368
18.1808218956	-1368
18.1808497906	-1368
18.1810297966	-1368
18.1810569763	-1368
18.1810820103	-1368
18.2129797935	-1368
18.2130148411	-1368
18.2130208015	-1368
18.2133409977	1368
18.230273962	-1368
18.2302968502	-1368
18.2303199768	-1368
18.2309379578	-1368
18.231017828	-1368
18.2315518856	-1368
18.2316339016	-1368
18.231664896	-1368
18.2319698334	-1368
18.2320868969	-1368
18.2322869301	-1368
18.2323708534	-1368
18.2325968742	-1368
18.2326219082	-1368
18.2328050137	-1368
18.2328419685	-1368
18.2328808308	-1368
18.2329909801	-1368
18.2330288887	-1368
18.2330448627	-1368
18.2340209484	-1368
18.2409780025	-1368
18.2410199642	-1368
18.2410488129	-1368
18.2411298752	-1368
18.2412087917	-1368
18.2412528992	-1368
18.2447128296	-1368
18.2448198795	-1368
18.2448379993	-1368
18.2650239468	-318
18.2650609016	1318
18.265431881	-1368
18.265463829	-1368
18.2656729221	-1368
18.2659389973	-1368
18.2659809589	-1368
18.2660269737	-1368
18.2694878578	-1368
18.2853159904	-1368
18.2854869366	-1368
18.2858200073	-1368
18.2858707905	-1368
18.2859139442	-1368
18.2862119675	-1368
18.2862398624	-1368
18.2862699032	-1368
18.2863178253	-1368
18.2863349915	-1368
18.2863659859	-1368
18.2863919735	-1368
18.2864279747	-1368
18.2864449024	-1368
18.2873568535	-1368
18.2873899937	-1368
18.2893419266	-1368
18.2893679142	-1368
18.289400816	-1368
18.295830965	1368
18.3004379272	-1368
18.3005290031	-1368
18.382422924	-312
18.3824598789	775
18.4680027962	-1368
18.4680268764	-1368
18.4680759907	-1368
18.4996848106	-609
18.5137479305	1057
18.5563378334	-1368
18.6170318127	-775
18.671558857	543
18.7591788769	-1057
18.788848877	1057
18.8628749847	-1368
18.8629209995	-1368
18.8661739826	-1368
18.8662648201	-1368
18.8663268089	-1368
18.8680868149	-1368
18.8681538105	-1368
18.8765678406	-1334
18.9039440155	-1368
18.9040110111	-1368
18.9040369987	-1368
18.9040658474	-1368
18.9041008949	-1368
18.9041879177	-1368
18.9042258263	-1368
18.9068229198	543
18.9077107906	-1368
18.9077398777	-1368
18.9111859798	-1368
18.9113698006	-1368
18.9113998413	-1368
18.9115929604	-1368
18.9141488075	-1368
18.9141879082	-1368
18.9340629578	-1368
18.9340879917	-1368
18.9341049194	-1368
18.9341797829	-1368
18.9342179298	-1368
18.9343099594	-1368
18.9343547821	-1368
18.9343860149	-1368
18.9352948666	-1368
18.9353239536	-1368
18.9353518486	-1368
18.9381279945	-1368
18.9412918091	-1368
18.9413149357	-1368
18.9413399696	-1368
18.9413709641	-1368
18.9421298504	-1368
18.9421708584	-1368
18.9422209263	-1368
18.9426369667	-1368
18.9427018166	-1368
18.9432148933	-1368
18.9438979626	-1368
18.9466068745	-1368
18.9466619492	-1368
18.9468069077	1368
18.9940497875	-945
19.0641188622	261
19.1424729824	1368
19.1501510143	-1057
19.2208549976	746
19.3825318813	-543
19.4322829247	-1368
19.4323899746	-1368
19.436041832	-1368
19.4418148994	543
19.4777069092	-1368
19.4778029919	-1368
19.4778969288	-1368
19.5003969669	-132
19.5245668888	1368
19.6275539398	-543
19.627592802	261
19.7595398426	-1368
19.7595689297	-203
19.8285219669	-1368
19.8285498619	-1368
19.8285708427	-1368
19.8287639618	-1368
19.8290808201	-1368
19.8291039467	-1368
19.8292679787	-1368
19.8324668407	-1368
19.8324987888	-1368
19.8325068951	-1368
19.8613460064	-1368
19.8615138531	-1368
19.8615849018	-1368
19.8620848656	-1368
19.8621737957	-1368
19.8621878624	-1368
19.8622198105	-1368
19.8626849651	-1368
19.8627388477	-1368
19.8631119728	-1368
19.8631548882	-1368
19.8632597923	543
19.8634898663	-1368
19.863617897	-1368
19.8637068272	-1368
19.8637390137	-1368
19.8768057823	-130
19.8927419186	-1368
19.8970859051	-1368
19.8971149921	-1368
20.0099589825	-66
20.0330088139	1057
20.2615158558	-1057
20.2616629601	543
20.4818069935	-1057
20.4818739891	543
20.7206318378	543
20.9322907925	-1368
20.9323508739	-1368
20.9323959351	-891
20.9360909462	-1368
20.9361698627	-1368
20.9361858368	-1368
20.9642980099	-1368
20.9643549919	-1368
20.9643929005	-1368
20.9644038677	-1368
20.9683070183	-1368
20.985011816	-1368
20.9850919247	-1368
20.988961935	-1368
20.9890398979	-1368
20.989055872	-1368
20.9965558052	-1368
20.996614933	-1368
20.9966509342	-1368
20.996658802	-1368
20.9973788261	543
21.0004918575	-1368
21.0005509853	-1368
21.0005879402	-1368
21.0173950195	-1368
21.0174739361	-1368
21.0174908638	-1368
21.0176358223	-1368
21.0176618099	-1368
21.0176949501	-1368
21.0178318024	-1368
21.0178768635	-1368
21.0179820061	-1368
21.0180268288	-1368
21.0214538574	-1368
21.0380859375	-1368
21.0381398201	-1368
21.0506858826	-1368
21.0507388115	-1368
21.0512139797	-1368
21.0513029099	-1368
21.0513439178	-1368
21.0513498783	-1368
21.0513818264	-1368
21.0514059067	-1368
21.0522079468	-1368
21.0522518158	-1368
21.0522768497	-1368
21.0525808334	-1368
21.0526309013	-1368
21.052656889	-1368
21.0531318188	-1368
21.0531668663	-1368
21.0533249378	-600
21.0544359684	-1368
21.0544769764	-1368
21.0813789368	-1368
21.0814518929	-1368
21.0814659595	-1368
21.0814788342	-1368
21.0815279484	-1368
21.0815958977	-1368
21.0818779469	-1368
21.082146883	1368
21.0853488445	-1368
21.0952429771	-1368
21.0953099728	-1368
21.0956819057	-1368
21.0960838795	-1368
21.1024188995	-1368
21.1024968624	-1368
21.1025109291	-1368
21.1062757969	-1368
21.1063358784	-1368
21.1134610176	-1368
21.1135139465	-1368
21.1171479225	-1368
21.1171979904	261
21.1172199249	-1368
21.1172339916	-1368
21.1717000008	-984
21.2342507839	1086
