0	1057
0.170901060104	-543
0.180735111237	-1420
0.180823087692	-1420
0.180870056152	-787
0.328431129456	-1057
0.331555128098	543
0.341715097427	543
0.346680164337	543
0.351457118988	543
0.351761102676	543
0.507925033569	-543
0.617118120193	-1420
0.617166996002	-180
0.688233137131	-543
0.688292980194	-1420
0.688323020935	-1420
0.688340187073	-787
0.835915088654	-1057
0.838775157928	543
0.842552185059	543
1.01002001762	-543
1.23501300812	-1420
1.23508119583	-1420
1.23512911797	-787
1.38253617287	-543
1.38548398018	1057
1.39550805092	1057
1.5605840683	-543
1.57223010063	-1420
1.57229614258	-1420
1.57230114937	-787
1.71991014481	-1057
1.7226960659	543
1.7482521534	-543
1.74832606316	-1420
1.74836707115	-1420
1.7483689785	-787
1.89617204666	-1057
1.89895510674	543
1.89962315559	1460
1.89967918396	625
2.04714012146	-543
2.19477009773	-543
2.22147607803	-1420
2.22149205208	-1420
2.22154712677	-787
2.22154998779	-1420
2.22159409523	-1420
2.22159719467	-1330
2.22164797783	-1420
2.22166013718	-665
2.22865700722	-1420
2.22866106033	-1420
2.2286901474	-787
2.22915101051	-1420
2.22916412354	-1420
2.22922420502	-1420
2.22923517227	-424
2.23253417015	-1420
2.23253917694	-1420
2.2325592041	-787
2.23268914223	543
2.23277020454	-543
2.23292899132	-1368
2.23308610916	-1420
2.23309111595	-839
2.233273983	-543
2.23335599899	543
2.2333741188	-1368
2.23343110085	-1420
2.23347020149	-839
2.23664307594	-1420
2.23669099808	-1034
2.23695898056	-1420
2.23700118065	-1382
2.23700404167	-1420
2.23706007004	-1420
2.23706316948	-273
2.23713803291	-1420
2.23714113235	-1420
2.23715806007	-787
2.23736310005	-1368
2.23764514923	-1231
2.24327421188	-1420
2.24331402779	-1420
2.24331712723	-273
2.24343204498	-1420
2.24343514442	-151
2.24363207817	543
2.24367904663	-1420
2.2436811924	-151
2.24438714981	-1420
2.2443921566	-1420
2.2444331646	-787
2.24538111687	-1420
2.24542808533	-1420
2.24543118477	-787
2.24740004539	-543
2.24750709534	-1420
2.24755120277	-1420
2.2475540638	-787
2.24774813652	-543
2.24809503555	-1420
2.24813818932	-1420
2.24814105034	-787
2.24838018417	-1420
2.24838519096	-1420
2.24842500687	-787
2.2525100708	-543
2.25260806084	-1420
2.25263118744	-1420
2.25263404846	-787
2.25699901581	543
2.25920701027	-1420
2.25921320915	-491
2.25949907303	-1420
2.25950217247	-839
2.26086306572	-1420
2.26086711884	-1420
2.26091313362	-787
2.26102209091	543
2.34828305244	-1420
2.34830212593	-1420
2.34835720062	-1420
2.34836101532	-453
2.3486020565	-1420
2.34860610962	-1420
2.3486521244	-1330
2.34870815277	-1420
2.34873604774	-1420
2.34873819351	-787
2.34892821312	-543
2.34905910492	-1420
2.34912014008	-1420
2.3491230011	-1420
2.34916615486	-221
2.34916806221	-1420
2.34921216965	-839
2.3492231369	-1368
2.34930801392	-1420
2.34931111336	-1382
2.34946608543	-1420
2.3494720459	-1420
2.3495080471	-787
2.3557510376	-543
2.3557779789	-1420
2.35582900047	-1420
2.35583114624	-787
2.35722708702	543
2.35866713524	-1086
2.35892415047	-1420
2.35900998116	-1420
2.3590130806	-1420
2.35908102989	-735
2.35908317566	-1420
2.3591170311	-1382
2.35911917686	-1368
2.35915398598	-1368
2.35915613174	-1420
2.35918998718	-557
2.35919308662	-1368
2.35933899879	-1420
2.35934209824	-839
2.36547398567	-1368
2.36560797691	-1420
2.36564302444	-839
2.36585497856	543
2.36612915993	543
2.4061870575	543
2.40988707542	1057
2.41515398026	1057
2.41922616959	-1420
2.41923308372	-209
2.42109704018	1057
2.44702410698	1057
2.45895910263	1057
2.49229717255	1057
2.51511120796	1057
2.53456902504	1057
2.55782818794	1057
2.59512710571	-543
2.60221815109	-1420
2.6022632122	-180
2.60226607323	-1420
2.60228514671	-1420
2.60228705406	-787
2.60316109657	-543
2.60337018967	-1420
2.60341310501	-1420
2.60341620445	-787
2.62497615814	-1057
2.62507510185	-543
2.63580107689	-1420
2.63580703735	-1420
2.63583016396	-787
2.63646912575	543
2.65492010117	543
2.65849018097	-1420
2.65849614143	-180
2.65878200531	-1420
2.6587870121	-1420
2.6588280201	-787
2.67572116852	543
2.68047308922	-1420
2.68048000336	-1420
2.68054914474	-1420
2.68055319786	-453
2.70851206779	543
2.71257209778	-1420
2.71258401871	-180
2.71956300735	-1420
2.71956920624	-1420
2.71961116791	-787
2.72371506691	-1420
2.72374415398	-1005
2.72418308258	-1420
2.72422218323	-839
2.72463011742	-1420
2.72466611862	-1420
2.72466897964	-787
2.72492718697	-1420
2.72493100166	-491
2.72502708435	-1420
2.72503018379	-1420
2.7250649929	-1330
2.72514200211	-1420
2.72518014908	-839
2.72540402412	543
2.7257361412	-1420
2.72574114799	-1420
2.72579216957	-787
2.72585320473	543
2.72607111931	-543
2.72607517242	-1420
2.72611117363	-1420
2.72611403465	-1330
2.72645521164	-1420
2.72645902634	-1420
2.72649812698	-787
2.73151397705	-1420
2.7315890789	-1420
2.73159217834	-1420
2.73164606094	-453
2.73278403282	-1420
2.73282599449	-1420
2.73282909393	-1330
2.73298001289	-1420
2.73298311234	-1420
2.73302006721	-787
2.73302221298	-543
2.73313212395	-1368
2.73317313194	-1420
2.73319101334	-839
2.73326420784	543
2.73348999023	-1420
2.73349404335	-1034
2.73360300064	-1420
2.73360705376	-839
2.73480319977	543
2.73542904854	-1420
2.73543405533	-1420
2.73547315598	-1330
2.73561215401	-1420
2.73565101624	-1420
2.735653162	-787
2.73568820953	-543
2.73582720757	-1420
2.73586702347	-1179
2.73591303825	-1368
2.73607802391	-1420
2.73608207703	-839
2.73619508743	-1420
2.73619699478	-1420
2.73623299599	-787
2.73629212379	543
2.73647904396	-543
2.73648405075	-1368
2.73665308952	-1420
2.73665809631	-839
2.73673200607	543
2.73677110672	-543
2.73692798615	-1420
2.73696804047	-1420
2.73697018623	-787
2.73709106445	-1086
2.73717212677	-1420
2.73719120026	-1420
2.73719501495	-787
2.73721003532	-1420
2.73721218109	-151
2.73871397972	-543
2.73881316185	-1368
2.73902416229	-1420
2.73902702332	-839
2.75585317612	543
2.8238120079	-1420
2.82383012772	-1420
2.82389211655	-953
2.82389497757	-1420
2.82393813133	-839
2.82394003868	-1420
2.82397413254	-1382
2.82403612137	-1420
2.82405400276	-1420
2.82405614853	-787
2.82429003716	-543
2.82448911667	-1420
2.82452702522	-1420
2.82453012466	-787
2.82456207275	-1086
2.8245651722	-1368
2.82476305962	-1420
2.82476711273	-839
2.82480120659	-1420
2.82480406761	-1420
2.8248360157	-787
2.8250951767	-543
2.82509803772	-1420
2.82513308525	-1420
2.82513618469	-787
2.82516813278	-543
2.82522106171	-1420
2.82523798943	-1420
2.82524013519	-787
2.82869005203	543
2.8315281868	-1420
2.83153414726	-1034
2.83157515526	-1368
2.83162498474	-891
2.83770418167	1057
2.83821201324	543
2.84258508682	-1420
2.84259414673	-151
2.86614704132	543
2.90915608406	-1420
2.90916609764	-209
3.01477313042	-1420
3.0147922039	-209
3.16239404678	-543
3.19632220268	-1368
3.19636797905	-1420
3.19637203217	-325
3.19670510292	543
3.37029504776	-1420
3.3703122139	-1179
3.74436211586	1057
3.94167518616	-543
3.96078515053	-1420
3.96085309982	-1420
3.96085715294	-787
4.10836005211	-543
4.11020708084	543
4.19490718842	543
4.19609808922	1057
4.21119809151	543
4.21140503883	543
4.21171712875	543
4.21188616753	543
4.21218919754	543
4.2123541832	543
4.27995610237	-543
4.40840411186	-1420
4.40847802162	-209
4.4365670681	-1420
4.43664097786	-694
4.48060202599	1460
4.48074817657	1460
4.48080015182	1161
4.48084902763	1460
4.48091816902	685
4.48206615448	1460
4.48214817047	1460
4.48220515251	707
4.48582720757	1460
4.48587012291	1460
4.48590397835	1161
4.48800802231	89
4.52627921104	-1420
4.52629208565	-180
4.6373770237	-1420
4.63739705086	-694
4.66003918648	-1420
4.66005802155	-1420
4.66009712219	-787
4.66116714478	-1420
4.66120815277	-1420
4.66121315956	-1420
4.66124820709	-424
4.66330504417	-1420
4.66332602501	-1420
4.66332912445	-787
4.66731405258	-1420
4.66732215881	-1179
4.66762113571	-1420
4.66762518883	-1420
4.66766214371	-273
4.66851520538	-1420
4.66855502129	-1420
4.66855812073	-787
4.66877007484	-1420
4.66877317429	-1316
4.66890406609	-891
4.67013216019	543
4.67092013359	-543
4.67100715637	-1420
4.67103409767	-151
4.67118811607	-1368
4.67130208015	-1420
4.6713051796	-839
4.67154216766	-1420
4.67154502869	-1420
4.67156219482	-787
4.67239999771	543
4.67370319366	-543
4.67385315895	-1420
4.67388010025	-151
4.67411804199	-1420
4.67415809631	-1420
4.67416119576	-273
4.6747200489	-1420
4.67472505569	-1316
4.67493319511	-1420
4.67493700981	-1420
4.67497611046	-650
4.67518615723	-1420
4.6752281189	-1420
4.67523097992	-787
4.67774415016	1460
4.67781305313	1460
4.6778512001	1161
4.67790818214	1460
4.67794513702	685
4.67906403542	-1420
4.67907118797	-1316
4.6791601181	-891
4.67934203148	-543
4.67947506905	-1420
4.67947816849	-1420
4.67951512337	-1330
4.67958211899	-1420
4.67960309982	-665
4.68516302109	-1420
4.68523406982	-1420
4.68523907661	-787
4.68527817726	-1368
4.68528103828	-1420
4.68531608582	-1382
4.68531918526	-1420
4.68535399437	-1316
4.68573713303	-1420
4.68578600883	-14
4.6857881546	-1420
4.68582415581	-1420
4.68582701683	-1420
4.68586206436	-453
4.68591809273	-1420
4.68593716621	-1420
4.68594002724	-1420
4.68595719337	-735
4.68595910072	-1420
4.68597412109	-1382
4.68609118462	-1420
4.68613004684	-1420
4.68613314629	-787
4.68655800819	-1420
4.68656206131	-180
4.68707609177	543
4.68742418289	543
4.68756008148	543
4.69090604782	-1420
4.69092416763	-1420
4.69098210335	-1420
4.6909840107	-1420
4.6910200119	-32
4.69102215767	-1420
4.6910572052	-1420
4.69106221199	-787
4.6910970211	-1368
4.69109916687	-1420
4.69113516808	-1382
4.69131302834	-1420
4.69135403633	-1420
4.69135713577	-1420
4.6913921833	-938
4.69671916962	-1420
4.69680118561	-1420
4.69680500031	-787
4.69768714905	-543
4.69777417183	-1420
4.69779610634	-1420
4.69779920578	-787
4.6982831955	-543
4.69847416878	-1420
4.69851398468	-1420
4.69851708412	-787
4.69876599312	-1420
4.69876909256	-1420
4.69880604744	-1330
4.69893813133	-1368
4.6991481781	-1420
4.69915318489	-839
4.69963908195	-543
4.70001602173	-1420
4.70005607605	-1420
4.70005917549	-787
4.7018032074	-1086
4.70191121101	-1420
4.70193004608	-1420
4.70193219185	-787
4.70262598991	-1420
4.70262908936	-1420
4.70266413689	-787
4.70347619057	543
4.70397114754	543
4.70429420471	-543
4.70441317558	-1420
4.70445513725	-1420
4.70445799828	-787
4.70455098152	543
4.70549607277	-543
4.70561003685	-1420
4.70565414429	-1420
4.70565700531	-787
4.70650720596	-1420
4.70651102066	-1034
4.70653319359	-1420
4.70687818527	-839
4.70691418648	-1420
4.70691609383	-1420
4.70695114136	-787
4.70695304871	-543
4.70708799362	-1420
4.70710611343	-1420
4.70710802078	-1330
4.70727801323	-1420
4.707280159	-1420
4.70731401443	-1420
4.7073161602	-453
4.70734906197	-1368
4.70742702484	-1420
4.70746207237	-839
4.70768404007	-1420
4.70772004128	-1420
4.70772218704	-1330
4.7078461647	-1420
4.70784902573	-1420
4.70786619186	-787
4.70807814598	-543
4.70818018913	-1420
4.70819807053	-1420
4.70819997787	-787
4.7084980011	-1420
4.70850110054	-1034
4.70857715607	-1420
4.70857906342	-1420
4.70859599113	-273
4.70870113373	-1420
4.70873618126	-1382
4.70880913734	-1420
4.70882701874	-1420
4.70882916451	-1330
4.70920014381	-1420
4.70920300484	-1420
4.70920419693	-1330
4.70926308632	-1057
4.70939207077	-1420
4.70939397812	-1420
4.70939612389	-787
4.70942997932	-1420
4.70943212509	-1420
4.70943617821	-1330
4.70961403847	-1420
4.70961809158	-1420
4.70961904526	-1330
4.70978212357	-1420
4.70978498459	-1420
4.70978713036	-1420
4.70978808403	-453
4.70991516113	-1420
4.70991802216	-1420
4.70991921425	-787
4.71017503738	543
4.7108001709	543
4.71090698242	543
4.7112030983	543
4.71344017982	-1420
4.71344614029	-1420
4.71348714828	-1330
4.71353316307	-1420
4.71355104446	-1420
4.71355319023	-787
4.7138299942	-543
4.71406412125	-1420
4.71410608292	-1420
4.71410918236	-787
4.71482300758	-1420
4.7148270607	-1034
4.71550607681	-1420
4.71550917625	-839
4.71554517746	-1420
4.71554708481	-1420
4.71558117867	-1330
4.71566200256	-1420
4.71569800377	-1420
4.71570110321	-787
4.71658205986	-543
4.71681308746	-1368
4.71695613861	-1420
4.71696019173	-839
4.71740818024	543
4.7175090313	-1420
4.71751117706	-1034
4.71757602692	543
4.71762514114	-1420
4.71762704849	-839
4.72714710236	-1420
4.72716116905	-1420
4.72721910477	-787
4.72785115242	-543
4.72791600227	-1368
4.72798609734	-1420
4.72801113129	-839
4.72847914696	-543
4.72856497765	-1368
4.72889614105	-1420
4.72891902924	-839
4.72950720787	-1420
4.7295460701	-1034
4.72964119911	-1420
4.72967815399	-839
4.72973203659	-1420
4.72974920273	-1420
4.72975516319	-1330
4.72990918159	-1420
4.72991204262	-1420
4.72994613647	-273
4.73002719879	-1420
4.73004508018	-1420
4.73004698753	-787
4.73017716408	-1420
4.7301800251	-1420
4.73021316528	-1330
4.73021507263	-1368
4.73031210899	-1420
4.73031520844	-1420
4.73033213615	-1330
4.73045301437	-1420
4.7304880619	-839
4.7330121994	543
4.73328399658	543
4.73338508606	543
4.73500299454	-1086
4.73515820503	-1420
4.73518514633	-665
4.80234217644	-1420
4.80235815048	-1420
4.80241012573	-787
4.803191185	-543
4.80334115028	-1420
4.8033452034	-1420
4.8033850193	-787
4.80452013016	-1420
4.80452609062	-1420
4.80456805229	-787
4.80694198608	-1420
4.80694913864	-1237
4.8078751564	-1420
4.80788111687	-1420
4.80792212486	-273
4.80855107307	-1420
4.80855703354	-1420
4.8086001873	-1420
4.80860304832	-735
4.80863904953	-1420
4.80864214897	-839
4.80879306793	543
4.80967497826	-543
4.80979418755	-1420
4.80983400345	-1316
4.80999112129	-1420
4.81002902985	-14
4.81015205383	-1420
4.81020021439	-1420
4.81020307541	-1127
4.81023716927	-1420
4.81023907661	-839
4.81039118767	-1420
4.81039404869	-1316
4.81043505669	-891
4.81103801727	-543
4.81117415428	-1420
4.81118607521	-1420
4.81122207642	-787
4.8117442131	-543
4.81184411049	-1368
4.81203603745	-1420
4.81203913689	-325
4.81273412704	-1420
4.81273698807	-1420
4.81277513504	-787
4.8134021759	543
4.81743407249	-1368
4.81760621071	-717
4.82093715668	543
4.82139921188	543
4.82173418999	1057
4.86705517769	-1420
4.86707305908	-1005
4.86713504791	-1420
4.86713814735	-839
4.86746501923	-1420
4.86747002602	-1420
4.86751699448	-787
4.87043619156	-1420
4.87048316002	-491
4.87055301666	-1420
4.87059903145	-839
4.87066698074	-543
4.87082910538	-1420
4.87083315849	-1420
4.87087011337	-273
4.87098312378	-1420
4.8710231781	-1420
4.87102508545	-787
4.87112402916	-1368
4.87125921249	-1420
4.87128210068	-839
4.87135410309	543
4.87139010429	-543
4.8715531826	-1420
4.87157511711	-1420
4.87157702446	-1330
4.8715929985	-1368
4.87172412872	-1420
4.87174510956	-1420
4.87174701691	-1420
4.87176704407	-1420
4.87176918983	-206
4.87188410759	-1420
4.87188720703	-694
4.87208914757	-1420
4.87209415436	-1420
4.87213206291	-273
4.87509608269	-1420
4.87513709068	-1420
4.87514019012	-273
4.8752310276	543
4.87655305862	-1420
4.87655711174	-1420
4.87659502029	-1420
4.87659811974	-221
4.87664914131	-1420
4.87665200233	-839
4.87668609619	-1420
4.87668919563	-1420
4.87674999237	-1330
4.87675619125	-1420
4.87679219246	-1420
4.87679505348	-787
4.87696313858	543
4.87808012962	-543
4.87820911407	-1420
4.8782491684	-1420
4.87825202942	-787
4.87836909294	-1086
4.87847709656	-1420
4.87852811813	-1420
4.87853097916	-787
4.87856602669	-1420
4.87856912613	-1420
4.87860298157	-787
4.87863898277	-543
4.87890601158	-1420
4.8789460659	-1420
4.87894821167	-1330
4.87901902199	-1057
4.87930417061	543
4.8793900013	-1420
4.87939310074	-1420
4.87943601608	-787
4.87974119186	-1420
4.87978506088	-1420
4.87978816032	-787
4.87994408607	-543
4.88004803658	-1420
4.88009619713	-1420
4.88009810448	-787
4.8817191124	-543
4.88182997704	-1420
4.88186907768	-1420
4.88187217712	-273
4.88209199905	-1420
4.88209605217	-1420
4.88213300705	-787
4.88221120834	-1420
4.88224720955	-1420
4.88225007057	-787
4.88230013847	-543
4.88241219521	-1420
4.88245820999	-1420
4.88246107101	-787
4.88249611855	-543
4.88258314133	-1420
4.88262009621	-1420
4.88262319565	-787
4.88272500038	-1420
4.8827290535	-1034
4.88298916817	-1420
4.88299298286	-1420
4.88303399086	-787
4.8830370903	-1420
4.88308000565	-839
4.88387417793	-543
4.88401603699	-1420
4.88405513763	-1420
4.88405799866	-787
4.88558697701	543
4.88571810722	543
4.88753414154	-543
4.88763618469	-1420
4.88768100739	-1420
4.88768410683	-787
4.88782405853	-1420
4.88782906532	-1034
4.88793706894	-1420
4.88794112206	-839
4.88801908493	543
4.88842821121	-1420
4.88843417168	-1420
4.88847398758	-787
4.88847613335	-543
4.88856220245	-1420
4.88856506348	-1420
4.88861107826	-787
4.88882803917	-543
4.88890719414	-1420
4.88891005516	-665
4.88935208321	-1420
4.88935613632	-1420
4.88939499855	-787
4.88956713676	-1420
4.88960409164	-1420
4.88960599899	-787
4.89004421234	-543
4.89016819	-1420
4.890209198	-1420
4.89021205902	-787
4.89055013657	-543
4.89065098763	-1368
4.89081406593	-1420
4.89081811905	-839
4.89095020294	543
4.89105010033	543
4.89156699181	-1420
4.89157319069	-1034
4.89166307449	-1420
4.89166617393	-839
4.89179515839	-1420
4.89179801941	-1420
4.89183521271	-787
4.89232802391	-543
4.89255404472	-1420
4.89259505272	-1420
4.89259815216	-787
4.89275717735	-543
4.89289402962	-1420
4.89294600487	-1420
4.89295220375	-787
4.89346003532	-1420
4.89346408844	-1034
4.89359712601	-1368
4.89359998703	-891
4.8940281868	-1420
4.89403319359	-1420
4.89407110214	-787
4.89413809776	543
4.89493107796	-543
4.89502000809	-1420
4.89505910873	-1420
4.89506220818	-787
4.89585900307	-543
4.89595103264	-1368
4.89613199234	-1420
4.89613413811	-839
4.90016102791	-1420
4.90016818047	-1420
4.90021014214	-845
5.01033806801	-1420
5.01035714149	-1420
5.01041197777	-787
5.01056313515	-1420
5.01058411598	-1420
5.01058602333	-787
5.01060199738	-1420
5.01060414314	-1420
5.01062011719	-439
5.01070404053	-1420
5.01074004173	-14
5.01080107689	-1420
5.0108191967	-1420
5.01082205772	-787
5.01602506638	543
5.02922511101	-1420
5.0292391777	-1420
5.02927517891	-1420
5.02927708626	-453
5.05935311317	-1420
5.05936408043	-1420
5.05941414833	-982
5.05941700935	-891
5.20604610443	1057
5.24797201157	-1057
5.25930404663	543
5.48503613472	-1420
5.48505520821	-151
5.48533010483	-1420
5.48533511162	-1420
5.48537516594	-787
5.49274420738	-1420
5.49280118942	-1420
5.49280500412	-787
5.5003900528	-543
5.50050020218	-1420
5.5005531311	-151
5.50313806534	1057
5.50352120399	1057
5.50622606277	1057
5.53191304207	1057
5.6261920929	1057
5.64808106422	-543
5.70392417908	-543
5.703977108	-1420
5.70399618149	-1420
5.70401310921	-787
5.7196791172	-543
5.71981620789	-1420
5.71982097626	-1420
5.71985816956	-787
5.7219440937	543
5.72684812546	-543
5.7269551754	-1420
5.72698020935	-1420
5.72698307037	-787
5.73620820045	543
5.78338813782	1057
5.83046913147	-1086
5.83048319817	-1420
5.83053708076	-1420
5.83054018021	-787
5.83259916306	543
5.84342217445	543
5.97817015648	-1086
5.98012018204	543
6.05164408684	-1057
6.05166006088	-1420
6.05170416832	-665
6.06395101547	1057
6.19925403595	-543
6.34668898582	-543
6.37383508682	-1420
6.37391018867	-1420
6.37391614914	-1420
6.37395310402	-424
6.37408614159	-1420
6.37408900261	-1420
6.37413620949	-787
6.37429714203	543
6.37631416321	1057
6.39847517014	-543
6.39861798286	-1420
6.39867401123	-1420
6.39867806435	-787
6.40234208107	-543
6.40246510506	-1420
6.4025080204	-1179
6.80917716026	-1057
6.80980300903	1057
6.81017303467	1057
6.98874902725	-1057
7.00862717628	543
7.1160671711	1057
7.15753912926	-543
7.16835808754	-1420
7.16841602325	-1420
7.16842007637	-787
7.29013204575	-543
7.29015111923	-1420
7.29018712044	-1420
7.29018998146	-787
7.29021406174	-1420
7.2902162075	-1316
7.29050397873	-1420
7.29050898552	-14
7.29083609581	-1420
7.29083919525	-1420
7.29087710381	-1330
7.29094004631	-1420
7.29095816612	-1420
7.29096007347	-787
7.2926800251	543
7.29779911041	-1420
7.29780817032	-1420
7.29785513878	-1420
7.29785704613	-453
7.30221009254	-1420
7.30222010612	-1420
7.30227017403	-1330
7.30238413811	543
7.30245113373	-1420
7.30245399475	-1420
7.30247211456	-787
7.30254817009	-1420
7.3025701046	-1420
7.30257320404	-1330
7.30300211906	-1420
7.30300807953	-1034
7.30314397812	543
7.303399086	-1420
7.30340313911	-1420
7.30344200134	-1420
7.30344414711	-1420
7.30347704887	-206
7.3041241169	-543
7.30425906181	-1420
7.30426311493	-1420
7.30428314209	-787
7.30457305908	-543
7.30463314056	-1420
7.30489015579	-1420
7.3049120903	-787
7.30497598648	543
7.30556917191	-1420
7.30557513237	-1034
7.30567216873	-1420
7.30567502975	-839
7.30578899384	-1420
7.30579400063	-1316
7.30583119392	-891
7.30628609657	-543
7.30641913414	-1368
7.30652999878	-1420
7.30656909943	-1382
7.30668520927	-1420
7.30670404434	-1420
7.30670619011	-787
7.31298899651	-1420
7.31300210953	-1034
7.31303811073	-1420
7.31304121017	-839
7.31330299377	-1420
7.31331205368	-1420
7.31334519386	-787
7.31346702576	543
7.31417107582	-543
7.31417798996	-1368
7.31422400475	-1420
7.31422710419	-839
7.31507706642	-543
7.31508302689	-1368
7.31511521339	-1420
7.31511807442	-839
7.31683516502	-1420
7.31684112549	-1034
7.31686520576	-1420
7.31686711311	-839
7.3169670105	543
7.33279800415	-1420
7.33281302452	-491
7.33286809921	-1420
7.332873106	-839
7.33380317688	-1420
7.33381819725	-1420
7.33387708664	-787
7.33531212807	-543
7.33548808098	-1420
7.33549308777	-1420
7.33549499512	-787
7.3366382122	-543
7.33665204048	-1420
7.33670902252	-1420
7.33671498299	-787
7.3369550705	543
7.33883619308	-1420
7.33885002136	-1420
7.33891415596	-1420
7.33892011642	-453
7.33930897713	-1420
7.33931612968	-1420
7.33940505981	-787
7.33998703957	-543
7.34014415741	-1420
7.34023618698	-1420
7.34024119377	-787
7.34109520912	-543
7.34122109413	-1420
7.34131407738	-1420
7.34132003784	-787
7.34292507172	-1086
7.34302020073	-1420
7.34308004379	-1420
7.34308505058	-787
7.34355211258	-1420
7.34356307983	-1316
7.34365415573	-891
7.34365916252	-543
7.34379720688	-1420
7.34380316734	-1420
7.34389019012	-787
7.34389615059	-543
7.34404611588	-1368
7.34409403801	-1368
7.3443980217	543
7.34449315071	-891
7.3446149826	-1420
7.34466314316	-1034
7.34466719627	-1420
7.34470200539	-839
7.3447830677	-1420
7.34484410286	-1420
7.34485006332	-787
7.34488606453	-543
7.34507799149	-1420
7.34516501427	-1420
7.34517121315	-1330
7.34525299072	-1420
7.34525799751	-1316
7.34533715248	-891
7.34546709061	-1420
7.34555411339	-1420
7.34555912018	-1420
7.34564113617	-453
7.3470389843	-1420
7.34713506699	-1420
7.34714102745	-787
7.34726810455	-543
7.34727311134	-1420
7.34739613533	-1420
7.34740114212	-99
7.34748506546	-1420
7.34749102592	-839
7.34791517258	-1420
7.34792304039	-1420
7.34792613983	-787
7.34792900085	-543
7.34801602364	-1420
7.3480219841	-1420
7.34802412987	-787
7.34821510315	-543
7.34830617905	-1420
7.34831118584	-1420
7.34831404686	-787
7.34952521324	1057
7.35018014908	543
7.35062408447	543
7.35105109215	-1086
7.35116219521	-1420
7.35125303268	-1420
7.35125803947	-787
7.3516471386	543
7.35483717918	-1420
7.35485100746	-1316
7.35495209694	-891
7.35534119606	-1420
7.35539698601	-1420
7.3554019928	-1420
7.3554391861	-453
7.35544300079	-1420
7.355479002	-1420
7.35548400879	-1420
7.35551905632	-453
7.35552406311	-1420
7.35556006432	-1420
7.35556411743	-787
7.35607504845	-1420
7.35607910156	-1316
7.35631513596	-1420
7.35631918907	-14
7.35651612282	-1420
7.35651898384	-1420
7.35655617714	-787
7.35717701912	543
7.35732316971	-1420
7.35732698441	-491
7.35742902756	543
7.35748815536	-1420
7.35749006271	-839
7.35821509361	-1420
7.35821914673	-1034
7.35834002495	-1420
7.35834407806	-1420
7.35838103294	-1420
7.35838317871	-1420
7.35841703415	-206
7.35867619514	-543
7.35874509811	-1420
7.35874700546	-1420
7.35879421234	-1330
7.35891914368	-1420
7.35896015167	-1420
7.3589630127	-787
7.35908102989	-1420
7.35908508301	-1420
7.35912108421	-982
7.35912299156	-891
7.35926318169	-1420
7.35926699638	-1316
7.35947299004	-891
7.35947608948	-543
7.35959410667	-1420
7.35959815979	-1420
7.359634161	-787
7.36019802094	-543
7.36031699181	-1420
7.36035919189	-1420
7.36036109924	-787
7.36049199104	-1086
7.36058306694	-1420
7.36062312126	-1420
7.36062502861	-787
7.36085820198	-1420
7.36086201668	-1420
7.36091518402	-787
7.36102104187	543
7.36115598679	543
7.36207008362	-543
7.36232018471	-1420
7.36234617233	-151
7.36239910126	543
7.49475312233	-1420
7.49476909637	-1208
7.49484705925	-1420
7.49485015869	-1420
7.49487805367	-787
7.49510717392	-1420
7.49514913559	-1420
7.49515104294	-1330
7.49539613724	-1420
7.49540019035	-1420
7.49544119835	-787
7.49572014809	-1420
7.49576997757	-1420
7.49577307701	-1330
7.49921798706	-1420
7.49922299385	-1034
7.49931502342	-1420
7.49931907654	-839
7.50244212151	-1420
7.5024471283	-1420
7.50248908997	-787
7.50256609917	543
7.50280618668	-1420
7.50281119347	-1420
7.50285220146	-787
7.50354814529	-1420
7.50359320641	-1420
7.50359606743	-787
7.50447797775	-543
7.50454115868	-1420
7.50457310677	-151
7.50505018234	-1420
7.50509214401	-1420
7.50509500504	-787
7.5051920414	543
7.50542497635	-1420
7.50543117523	-1420
7.50547003746	-787
7.51004314423	-1420
7.51006817818	-491
7.51013898849	-1420
7.5101621151	-839
7.51531410217	-543
7.51538705826	-1420
7.51538920403	-1420
7.5153901577	-787
7.51717019081	-1420
7.51719808578	-1420
7.5172021389	-1420
7.51721906662	-453
7.51731300354	543
7.51778507233	-1368
7.51785421371	-1420
7.51789617538	-839
7.51897215843	-543
7.51910400391	-1368
7.51934719086	-1420
7.51935100555	-839
7.5202600956	-543
7.520373106	-1368
7.52065014839	-1420
7.52065515518	-839
7.52279806137	-1420
7.52280521393	-1034
7.52283906937	-1420
7.52284097672	-839
7.52342414856	-1420
7.52342915535	-1420
7.52347111702	-787
7.52474999428	-543
7.52486205101	-1420
7.5248670578	-151
7.52495598793	543
7.52539420128	-1420
7.52539920807	-1420
7.52543902397	-787
7.52548909187	-1420
7.52552509308	-1420
7.52552819252	-787
7.52575302124	-1420
7.52575802803	-1420
7.52577900887	-787
7.52584218979	543
7.52604317665	-1420
7.52604818344	-1420
7.52608799934	-787
7.52669119835	-543
7.52675914764	-1420
7.52676105499	-1420
7.52676200867	-1330
7.52692008018	-1420
7.52696204185	-1420
7.52696418762	-787
7.52750706673	-1420
7.52751207352	-1034
7.52761602402	-1420
7.52762103081	-839
7.52769613266	543
7.52776408195	-1368
7.52798318863	-1420
7.52800607681	-1382
7.52813816071	-1420
7.52819609642	-1420
7.52819919586	-1330
7.5282330513	-1368
7.52829217911	-1420
7.52831220627	-1420
7.52831411362	-1420
7.52833104134	-453
7.5283331871	-1420
7.52834820747	-839
7.52850103378	-1420
7.52854013443	-1420
7.52854299545	-787
7.52857804298	-543
7.52873110771	-1420
7.52877402306	-1420
7.5287771225	-787
7.52886819839	543
7.52903699875	-1420
7.52904200554	-1420
7.52907919884	-787
7.5293841362	-1420
7.52940917015	-151
7.530367136	-1420
7.53041219711	-1420
7.53041505814	-787
7.53048014641	-1420
7.53048300743	-1420
7.53050017357	-1330
7.53060102463	543
7.53065800667	-1420
7.53066015244	-1420
7.53066110611	-1330
7.53083109856	-1420
7.53087306023	-1420
7.53087615967	-787
7.53107309341	-1420
7.5310781002	-1420
7.53109908104	-1420
7.53110098839	-453
7.53127813339	-1420
7.53128314018	-1420
7.53132009506	-787
7.53138113022	543
7.53167009354	-543
7.53177404404	-1420
7.5318171978	-1420
7.53182005882	-787
7.53203821182	-543
7.53216409683	-1420
7.53220510483	-1420
7.53220915794	-787
7.53224515915	-1086
7.53230118752	-1420
7.53233909607	-1420
7.53234100342	-787
7.53246712685	-1420
7.53247117996	-1420
7.53250598907	-787
7.53250813484	-543
7.53265500069	-1420
7.53265810013	-1420
7.53269410133	-787
7.53298997879	-543
7.53309321404	-1420
7.53314208984	-1420
7.53314518929	-99
7.53319811821	-1420
7.53320002556	-325
7.53339910507	543
7.53347420692	-1420
7.53347611427	-1420
7.53347706795	-787
7.53397297859	-1420
7.5340180397	-1420
7.53402113914	-1330
7.53410816193	-1420
7.53411102295	-1420
7.53414607048	-1330
7.53424406052	-1420
7.53426504135	-1316
7.53429603577	543
7.53432917595	-891
7.53825998306	-1420
7.53829097748	-1420
7.53829407692	-1420
7.53831219673	-453
7.54008316994	-1420
7.5401301384	-1420
7.54013299942	-1127
7.54018712044	-1420
7.54018998146	-1420
7.54022407532	-787
7.540320158	-1420
7.54034209251	-839
7.54037117958	543
7.54046797752	-543
7.54063105583	-1420
7.54065418243	-1420
7.54065704346	-1127
7.54067420959	-1420
7.54067611694	-1420
7.54069018364	-1420
7.54069209099	-735
7.54070615768	-891
7.5407910347	-543
7.5409309864	-1420
7.54093503952	-1420
7.5409719944	-787
7.54597020149	-543
7.54626512527	-1420
7.54627013206	-1420
7.54631209373	-787
7.54637908936	543
7.63350820541	1057
7.63389611244	1057
7.67213702202	-1420
7.67215299606	-694
7.67307806015	-1420
7.67308402061	-1420
7.67313504219	-787
7.67323708534	-1420
7.6732749939	-1420
7.67327809334	-1330
7.67331218719	-1420
7.67331504822	-1420
7.67334699631	-787
7.67335009575	-543
7.67342209816	-1420
7.67346000671	-1420
7.67346215248	-787
7.67361712456	543
7.68005919456	-1420
7.68006420135	-1420
7.68010520935	-982
7.68010807037	-891
7.68512821198	-1420
7.68514418602	-1420
7.68518304825	-787
7.69305515289	-1420
7.69311404228	-1420
7.69311714172	-1420
7.69313597679	-453
7.69313812256	-1420
7.69315314293	-1420
7.69315600395	-787
7.69337201118	543
7.69376420975	-1086
7.69406914711	-1420
7.69411611557	-1420
7.69411897659	-787
7.69415712357	-1420
7.69415903091	-1420
7.69419407845	-787
7.69441509247	-543
7.69454598427	-1420
7.69459700584	-1420
7.69460010529	-787
7.69599604607	-543
7.69613099098	-1420
7.69617605209	-1420
7.69617915154	-787
7.69839119911	-1420
7.6983962059	-723
7.69851398468	-1420
7.69853520393	-1420
7.69857406616	-1420
7.69857621193	-735
7.69861006737	-1368
7.69866299629	-891
7.6987361908	543
7.69961309433	-543
7.69972920418	-1420
7.6997730732	-1420
7.69977498055	-787
7.69989919662	-543
7.69999909401	-1420
7.70001721382	-1420
7.70001912117	-787
7.70037102699	-1420
7.70037412643	-1420
7.70040917397	-787
7.70303702354	-1420
7.7030851841	-1420
7.70308804512	-1330
7.70329713821	-1368
7.70329999924	-1231
7.70382499695	-1420
7.70382809639	-1420
7.70386314392	-787
7.70396304131	-1420
7.70399904251	-1420
7.70400118828	-1127
7.70425820351	-1420
7.70426106453	-839
7.7044479847	-1420
7.70445108414	-1420
7.70448613167	-1330
7.70460009575	-1420
7.70461797714	-1420
7.70462012291	-1330
7.70473313332	-1420
7.70473909378	-1420
7.70477414131	-787
7.70482420921	-1420
7.70484209061	-1420
7.70484399796	-1420
7.70485901833	-453
7.70509004593	-1420
7.70509314537	-1420
7.7051320076	-1330
7.70513319969	-1420
7.70513510704	-1420
7.70513606071	-787
7.70526814461	-1420
7.70527100563	-1420
7.7052731514	-1330
7.70539307594	543
7.70542407036	-1420
7.70542597771	-1420
7.7054271698	-982
7.70551609993	-891
7.70558810234	-1420
7.70559120178	-1420
7.70559215546	-787
7.70577311516	543
7.70587706566	-543
7.70600414276	-1420
7.70604419708	-1420
7.70604610443	-787
7.70622205734	543
7.70637702942	543
7.70951509476	-543
7.70969700813	-1420
7.70974206924	-1420
7.70974516869	-787
7.70978212357	-1086
7.70981907845	-1420
7.70985412598	-1420
7.70985603333	-787
7.70994400978	-1420
7.70994615555	-1420
7.70994710922	-787
7.71005105972	-1420
7.71007418633	-491
7.71010899544	543
7.71014118195	-1420
7.71014308929	-1382
7.71034002304	-1420
7.71034312248	-1420
7.71038007736	-787
7.71063518524	-1420
7.71065711975	-1420
7.7106590271	-1420
7.71067619324	-453
7.71524810791	-1420
7.71529698372	-1420
7.71530103683	-1420
7.71535801888	-938
7.71536111832	-1420
7.71539521217	-1420
7.7153980732	-1330
7.71555519104	-1420
7.71555900574	-1420
7.71559619904	-787
7.71559906006	-1420
7.71563220024	-1316
7.71572113037	-1420
7.71576619148	-1420
7.71576809883	-787
7.71580314636	-891
7.71593618393	-543
7.71598219872	-1368
7.71606206894	-1420
7.71609807014	-1382
7.71619319916	-1420
7.71622920036	-1420
7.71623110771	-1420
7.71626520157	-453
7.7164311409	-1368
7.71695899963	-1420
7.71698212624	-1420
7.71702003479	-787
7.71702218056	-1420
7.71705508232	-1382
7.71712613106	-1420
7.71716308594	-1420
7.71716499329	-1330
7.71732020378	-1420
7.7173230648	-1420
7.71736001968	-1420
7.71736311913	-453
7.71742200851	-1420
7.71742510796	-1420
7.71742606163	-787
7.71915507317	543
7.71933817863	543
7.71950101852	543
7.72792601585	-1420
7.72793912888	-1420
7.72799110413	-787
7.72821497917	-1420
7.72825717926	-1420
7.72825908661	-787
7.72861218452	-1420
7.72861599922	-1420
7.72865319252	-787
7.72929620743	-543
7.72941017151	-1420
7.72943305969	-151
7.73011207581	-1420
7.73013401031	-1420
7.73013615608	-787
7.73039698601	-1420
7.73040103912	-1420
7.73043704033	-1330
7.7305521965	-1420
7.73058819771	-1420
7.73059010506	-787
7.73096418381	543
7.73114514351	543
7.73895812035	-543
7.7392270565	-1368
7.73939800262	-1420
7.73940300941	-839
7.75370001793	1057
7.7766931057	1057
7.77721810341	1057
7.7860121727	1057
7.79855108261	-1086
7.79871606827	543
7.79884815216	-1420
7.79885315895	-1316
7.79895615578	-891
7.80650019646	-1420
7.80655813217	-1420
7.80656218529	-273
7.96022510529	-543
7.97215604782	-543
7.97236204147	-1420
7.97236704826	-1420
7.97240805626	-787
7.97253012657	-1420
7.9725689888	-1420
7.97257113457	-787
7.97543215752	543
7.97613120079	543
7.97677612305	-543
7.97690010071	-1420
7.97693800926	-151
7.98559904099	-1420
7.98564720154	-1420
7.98565101624	-787
8.00498509407	543
8.13321614265	-543
8.14503121376	543
8.14578104019	543
8.31062698364	-543
8.31449699402	-1420
8.31457304955	-1420
8.31458115578	-787
8.32182908058	-1420
8.32184100151	-1420
8.32188606262	-787
8.32340216637	-1420
8.32348418236	-1420
8.32348918915	-1420
8.32362103462	-453
8.32362508774	-543
8.32372999191	-1420
8.32377314568	-1420
8.32377815247	-787
8.32399606705	-1368
8.32406115532	-1420
8.32410120964	-1382
8.32417917252	-1368
8.32441115379	543
8.3244831562	-1420
8.32448720932	-839
8.32505202293	-1420
8.32505917549	-1420
8.3251311779	-1330
8.32603001595	543
8.32622814178	-1420
8.32623314857	-1034
8.32632398605	-1368
8.32646918297	-891
8.32673215866	-1420
8.32674098015	-1420
8.3267800808	-787
8.32684206963	543
8.32714104652	-543
8.32751607895	-1420
8.32755899429	-1420
8.32756209373	-1330
8.32772803307	-1420
8.32773709297	-1420
8.32775807381	-787
8.32791614532	-1420
8.32793903351	-1034
8.32813215256	-1420
8.32815408707	-839
8.32825517654	-1420
8.32829403877	-1420
8.32829713821	-787
8.33044219017	-543
8.33059811592	-1420
8.33064317703	-1420
8.33064603806	-273
8.49895811081	-543
8.52950119972	-1057
8.52957010269	-1368
8.52964305878	-1420
8.52968215942	-839
8.53327703476	543
8.56947016716	1460
8.56957602501	111
8.75110507011	-1420
8.75112199783	-1420
8.75116205215	-787
8.75131607056	543
8.89866304398	-1057
9.04639101028	-543
10.6281530857	230
10.63601017	1460
10.6361269951	625
10.8141031265	-749
10.8155682087	126
