0	-543
1.06003212929	1057
1.50983500481	-543
1.668197155	-1420
1.66826510429	-1316
1.67821502686	-891
1.82611608505	-1057
1.82925915718	543
1.84257698059	543
1.84287714958	543
1.84319210052	543
1.84340000153	543
1.99581599236	-543
2.15080904961	-1057
2.27875208855	-543
2.44761395454	-543
2.59877705574	-1420
2.59884500504	-1420
2.59888601303	-787
2.75673413277	-1057
2.75960612297	543
2.77125406265	543
3.20947813988	-543
3.44197106361	-1420
3.44204306602	-1420
3.44208407402	-787
3.60181212425	-543
3.60479307175	1057
3.61003613472	1057
4.03951311111	-1420
4.03953099251	-1420
4.03959298134	-787
4.03959608078	-1420
4.03963899612	-1420
4.03964209557	-1264
4.16857409477	-66
4.19782495499	-1420
4.19789409637	-1420
4.19790101051	-1264
4.20079398155	-1420
4.20079994202	-1420
4.20085501671	-1264
4.20085811615	-1420
4.20089697838	-1316
4.20098304749	-1368
4.20111703873	543
4.20124912262	-1420
4.20125412941	-1420
4.20130205154	-1264
4.21371102333	1057
4.21596002579	1057
4.32715010643	-1420
4.3271651268	-1414
4.35576605797	-1420
4.35578107834	-1420
4.35584402084	-1264
4.35872006416	-1420
4.35876607895	-1420
4.35876917839	-1264
4.36116600037	-1368
4.36127901077	-1420
4.36133599281	-1420
4.36133813858	-1420
4.36142516136	-1212
4.36142897606	-1368
4.36146616936	-1420
4.36146903038	-1420
4.36150217056	-1264
4.36158204079	543
4.36166906357	-1368
4.36176514626	543
4.36182904243	-1420
4.36183214188	-1316
4.37074494362	543
4.45682501793	-483
4.51701402664	-1420
4.51702594757	-1420
4.51708602905	-1264
4.62533402443	-580
4.62822699547	543
4.62891316414	1460
4.62896203995	1139
4.80961203575	-543
4.85304999352	-1420
4.85306215286	-1420
4.85309314728	-1264
4.97057199478	-1420
4.97059011459	-1420
4.97065401077	-1264
4.97373700142	543
4.97846794128	-132
4.98055315018	543
5.14798402786	-1057
5.15096402168	543
5.15685105324	-1057
5.21544408798	-1420
5.21546196938	-1420
5.21552801132	-1264
5.21553111076	-1420
5.21557617188	-1420
5.2155790329	-1264
5.2156150341	-1420
5.21561694145	-1420
5.21566009521	-1264
5.27717208862	-198
5.3788189888	-1420
5.37883710861	-1420
5.378895998	-1420
5.37889909744	-1212
5.37894415855	-1420
5.37894701958	-1420
5.37898206711	-1264
5.37898516655	-1368
5.3790230751	-1368
5.37908697128	-1420
5.37912511826	-1316
5.37912797928	-1368
5.37916898727	-1368
5.38988208771	1057
5.44167709351	-1368
5.44185709953	-1420
5.44189214706	-1316
5.44203400612	-1368
5.44735717773	-193
5.53892016411	-1420
5.53894114494	-1316
5.53898715973	-1420
5.53899002075	-1420
5.53901910782	-1264
5.53902196884	-1368
5.53920912743	-1420
5.53921294212	-1316
5.53925704956	-1420
5.53925895691	-1316
5.53953194618	-1420
5.5395359993	-1316
5.53974103928	543
5.5397810936	-1368
5.57646894455	-409
5.60006999969	-1420
5.60008716583	-1420
5.60014104843	-1264
5.65075707436	-1368
5.65098905563	-1420
5.65099310875	-1316
5.69107913971	-1420
5.69111800194	-1316
5.69120001793	-1368
5.69935297966	-1420
5.69937109947	-1420
5.69942808151	-1264
5.69942998886	-1420
5.69946503639	-1420
5.69946908951	-1264
5.69972300529	-1420
5.69972705841	-1420
5.69976615906	-1264
5.69985103607	-1368
5.70001196861	1057
5.70007896423	-1368
5.70008111	-1420
5.70008206367	-1316
5.70008301735	-1368
5.70010304451	-1368
5.70011210442	-1368
5.70015597343	-1368
5.70026111603	-1368
5.72916507721	-51
5.81137895584	-1420
5.81142497063	-1316
5.8114991188	-1368
5.85208916664	-1420
5.85210800171	-1316
5.85220599174	-1368
5.8599691391	-1420
5.85997414589	-1316
5.86012196541	-1368
5.86022901535	543
5.86028409004	-1368
5.860435009	-1368
5.86047410965	-1420
5.86047697067	-1420
5.86051106453	-1264
5.86051416397	-1420
5.86054897308	-1420
5.86055207253	-1264
5.86062502861	-1420
5.86062908173	-1420
5.86066198349	-1420
5.86066508293	-1420
5.86068105698	-1160
5.86078715324	-1420
5.86084413528	-1420
5.86084604263	-1264
5.86088013649	-1368
5.86095404625	-1420
5.86095714569	-1316
5.86118006706	543
5.86135411263	543
5.90738511086	-312
5.96899199486	-1420
5.96901297569	-1316
5.97959208488	1460
5.97967195511	1460
5.97970914841	1161
5.97979617119	1460
5.97983598709	1199
5.9802839756	1057
5.98071217537	1057
5.98107409477	1057
5.98361515999	1057
6.03244996071	1460
6.03254413605	111
6.0511059761	1057
6.07659816742	-949
6.43077301979	543
6.43207502365	-1420
6.43211197853	-1420
6.43214011192	-787
6.43248701096	-1420
6.43253612518	-1420
6.43257212639	-1264
6.43261504173	-1420
6.43265104294	-1316
6.43276000023	-1368
6.43345308304	-1420
6.43347501755	-1316
6.43355298042	-1368
6.49679517746	1057
6.4976580143	1460
6.49772715569	625
6.56119704247	-198
6.59024715424	-1420
6.59026217461	-1316
6.59224414825	-1420
6.59225010872	-1420
6.59233307838	-1264
6.59233617783	-1420
6.59238004684	-1420
6.59238314629	-1264
6.5924270153	-1368
6.59246206284	-1420
6.5924911499	-1316
6.59268808365	-1368
6.59273004532	543
6.59284305573	-1420
6.59284710884	-1420
6.59289598465	-1420
6.59290003777	-1420
6.59293603897	-1160
6.5936691761	-1420
6.59371614456	-1316
6.59371900558	-1368
6.69049906731	-1287
6.69106817245	543
6.74804615974	-1368
6.75301098824	-1420
6.75308299065	-1420
6.75308704376	-1420
6.75313401222	-1420
6.75313711166	-1420
6.7531850338	-1108
6.75318813324	-1420
6.75324296951	-1316
6.75324511528	-1368
6.7533249855	-1420
6.75332808495	-1316
6.75338602066	-1420
6.7533891201	-1420
6.75342512131	-1264
6.75359010696	543
6.75370717049	-1420
6.75382494926	-1420
6.75386095047	-1264
6.75386404991	-1368
6.75400805473	-1420
6.75401210785	-1316
6.75401306152	-1368
6.75410509109	-1420
6.75410699844	-1420
6.75416898727	-1264
6.7543361187	543
6.85925316811	-188
6.91319203377	-1420
6.91321206093	-1420
6.91327810287	-1420
6.9132809639	-1212
6.91332697868	-1368
6.91357898712	-1420
6.91358113289	-1420
6.91358208656	-1420
6.91358208656	-1212
6.91364097595	-1420
6.91364312172	-1316
6.91380500793	-1420
6.91380810738	-1420
6.91385602951	-1264
6.91385817528	-1368
6.91399312019	-1420
6.91401100159	-1316
6.91405105591	-1368
6.9141600132	-1420
6.91421794891	-1420
6.91422104836	-1420
6.91426706314	-1212
6.91427898407	-1420
6.91428017616	-1316
6.91437911987	543
6.91443014145	-1368
6.91456007957	543
6.91481494904	-1368
6.91503095627	-1420
6.91505599022	-1316
6.91519117355	-1368
7.02827215195	-486
7.05742311478	-1420
7.05749297142	-1316
7.06944799423	-1368
7.07341694832	-1420
7.0734231472	-1420
7.07349395752	-1420
7.07349610329	-1212
7.07355999947	-1368
7.07357215881	-1368
7.07370710373	-1420
7.07371115685	-1420
7.0737631321	-1264
7.07376599312	-1368
7.07402610779	-1420
7.07402896881	-1420
7.07406902313	-1264
7.07412695885	-1368
7.07420516014	543
7.07438111305	-1368
7.07454895973	-1420
7.07459211349	-1316
7.07459497452	-1368
7.07480311394	-1368
7.07491707802	-1420
7.0750041008	-1420
7.07500696182	-1264
7.0750451088	-1420
7.07504796982	-1420
7.07508301735	-1420
7.07508516312	-1212
7.07511997223	-1368
7.075122118	-1368
7.07555007935	-1368
7.0760409832	-1368
7.07612395287	-1420
7.07612705231	-1316
7.07648801804	-1420
7.07649207115	-1420
7.0764939785	-1264
7.08225512505	543
7.08455395699	543
7.0954580307	543
7.10097503662	1460
7.10104703903	1460
7.10109615326	193
7.10611915588	543
7.11973500252	543
7.13002514839	1460
7.13014411926	1460
7.13018298149	193
7.13046908379	1460
7.13053107262	1460
7.1305680275	193
7.15745210648	-597
7.2177760601	-1420
7.21779203415	-1420
7.21784806252	-1264
7.22696113586	-1420
7.22697710991	-1316
7.23403215408	-1420
7.23407196999	-1316
7.2341439724	-1420
7.23414707184	-1316
7.23418498039	-1420
7.23418998718	-1316
7.23442196846	543
7.23452997208	-1420
7.23453307152	-1316
7.23473596573	-1368
7.23493504524	-1420
7.23497700691	-1316
7.23503899574	-1368
7.2354259491	-1420
7.23542904854	-1316
7.23551297188	-1420
7.23551607132	-1316
7.23553514481	-1368
7.23568606377	-1420
7.23572397232	-1420
7.23572707176	-1264
7.23584294319	-1420
7.23584699631	-1316
7.23588395119	-1420
7.23588705063	-1316
7.2360060215	-1420
7.23601007462	-1420
7.23601102829	-1264
7.23607516289	-1420
7.2362639904	-1316
7.23626804352	-1420
7.23627114296	-1420
7.23627209663	-1264
7.23632216454	-1420
7.23632502556	-1316
7.23641395569	-1368
7.23656702042	-1420
7.23656916618	-1316
7.23657011986	-1420
7.23657107353	-1420
7.23657107353	-1264
7.2366399765	-1368
7.23664212227	-1368
7.23667502403	543
7.23680305481	543
7.23711109161	543
7.32636404037	-824
7.32684206963	543
7.37841010094	-1420
7.37842202187	-1316
7.37847399712	-1368
7.47314214706	-1123
7.47610807419	543
7.48123812675	1460
7.48129701614	625
7.54332017899	-1420
7.54333806038	-1420
7.54339599609	-1264
7.5453441143	543
7.60265111923	-66
7.60457205772	543
7.66610002518	-1420
7.66613602638	-1420
7.66620111465	-1264
7.66620397568	-1368
7.66624808311	-1368
7.66713094711	-1420
7.66719508171	-1316
7.66719913483	-1420
7.66726207733	-1420
7.66726517677	-1420
7.66732811928	-1212
7.66733908653	-1420
7.66738414764	-1420
7.66738605499	-1264
7.66744112968	-1368
7.66744399071	-1368
7.66747999191	-1420
7.66748309135	-1316
7.66759800911	543
7.66772699356	-1420
7.66773104668	-1316
7.66784906387	-1420
7.66785216331	-1420
7.66785407066	-1264
7.66796398163	-1420
7.66796803474	-1316
7.66811800003	-1420
7.66813015938	-1420
7.66813206673	-1420
7.6681330204	-1420
7.66813397408	-1160
7.66827011108	-1420
7.6682741642	-1420
7.66827511787	-1264
7.66838216782	543
7.66882896423	-1368
7.66902494431	-1368
7.66904902458	-1420
7.66905212402	-1420
7.66906905174	-1264
7.66914606094	543
7.66922211647	-1420
7.66922497749	-1316
7.66932606697	-1420
7.66932916641	-1316
7.66957211494	-1420
7.66957712173	-1420
7.66961598396	-1264
7.70129299164	-1420
7.70136499405	-1420
7.70137000084	-1264
7.70141911507	-1368
7.70155596733	543
7.72295212746	-1057
7.72398304939	1057
7.7405860424	-231
7.82637405396	-1420
7.82639312744	-1316
7.826816082	-1420
7.82682108879	-1420
7.82685494423	-1264
7.82697796822	-1420
7.82698011398	-1316
7.82715916634	-1420
7.82716202736	-1420
7.82721114159	-1420
7.82721400261	-1420
7.82725000381	-1160
7.82732510567	543
7.82769799232	-1420
7.82770299911	-1316
7.82789206505	-1420
7.82789611816	-1316
7.82803416252	-1420
7.82803702354	-1316
7.82820510864	-1420
7.82820796967	-1316
7.82833504677	-1420
7.82833814621	-1316
7.82845711708	-1420
7.8284611702	-1316
7.82857298851	-1368
7.82885098457	-1420
7.82889294624	-1420
7.82889604568	-1264
7.82893395424	-1420
7.82893610001	-1316
7.82923817635	-1420
7.82924294472	-1420
7.82928514481	-1264
7.82928800583	-1368
7.82937407494	-1420
7.82937717438	-1420
7.82942509651	-1264
7.82953810692	1057
7.8295841217	-1420
7.82958698273	-1316
7.82966995239	-1368
7.82978200912	-1420
7.82980513573	-1316
7.82994699478	-1368
7.83016204834	-1420
7.83016610146	-1420
7.83020496368	-1264
7.83025312424	-1368
7.83034706116	-1420
7.83035111427	-1316
7.83038806915	-1368
7.83048605919	-1420
7.83053803444	-1420
7.83054113388	-1264
7.83057904243	-1368
7.84096503258	543
7.8410320282	-1368
7.85921406746	-1368
7.86981010437	-479
7.91770410538	-1420
7.91771697998	-1316
7.98770308495	-1420
7.98777103424	-1316
7.98782706261	-1420
7.98783016205	-1420
7.98786401749	-1264
7.98786711693	-1368
7.98791503906	-1420
7.98791694641	-1316
7.98802614212	-1420
7.98802900314	-1420
7.98807501793	-1264
7.98809695244	-1420
7.98814296722	-1316
7.98824501038	-1420
7.9882941246	-1420
7.98829698563	-1420
7.98833107948	-1212
7.98833298683	-1368
7.98846316338	-1420
7.98846697807	-1420
7.98846817017	-1420
7.98846912384	-1212
7.98847103119	-1420
7.98847413063	-1316
7.9886610508	-1420
7.98866510391	-1420
7.98867511749	-1420
7.98867607117	-1212
7.98875999451	-1420
7.98876309395	-1420
7.9887650013	-1264
7.98876595497	-1368
7.98895096779	-1420
7.9889550209	-1420
7.98895597458	-1420
7.98895812035	-1212
7.98904204369	-1420
7.98904514313	-1316
7.98910403252	-1368
7.98921513557	543
7.98925805092	-1420
7.98925995827	-1420
7.98926115036	-1264
7.98941016197	-1420
7.98941302299	-1420
7.98941302299	-1264
7.98947906494	-1420
7.98948216438	-1316
7.98952102661	-1368
7.98970198631	-1420
7.98970508575	-1420
7.9897069931	-1264
7.98979711533	-1368
7.99010705948	543
7.99039912224	-1420
7.99045205116	-1420
7.99049210548	-1264
7.99049496651	-1420
7.9904961586	-1316
7.99070811272	-1420
7.99071097374	-1420
7.99071216583	-1264
7.9908721447	-1420
7.9908759594	-1420
7.99087715149	-1264
7.99103212357	-1420
7.99103498459	-1420
7.99103713036	-1264
7.99116706848	-1420
7.9911711216	-1420
7.99121308327	-1264
7.99121499062	-1368
7.99129796028	-1368
7.9915471077	543
7.9918820858	543
7.99898910522	-1157
7.99913716316	543
8.08007216454	-1420
8.08009004593	-1420
8.08015608788	-1264
8.12832307816	-66
8.14795207977	-1420
8.14796805382	-1420
8.1480679512	-1420
8.14807200432	-1212
8.14811110497	-1368
8.1482360363	-1368
8.14838814735	543
8.14867210388	-1420
8.14868497849	-1316
8.1487531662	-1368
8.14893603325	-1420
8.14897799492	-1316
8.14902615547	-1420
8.14905405045	-1420
8.14905595779	-1264
8.14912605286	-1420
8.1491291523	-1316
8.14933204651	543
8.14938807487	-1420
8.14938998222	-1316
8.14952397346	-1420
8.14952707291	-1420
8.14957213402	-1264
8.14957404137	-1368
8.17583203316	-1420
8.17584705353	-1420
8.17589402199	-1264
8.17589712143	-1368
8.17592406273	-1420
8.17592597008	-1316
8.17633795738	-1420
8.17634296417	-1316
8.17643809319	-1368
8.17649316788	-1420
8.17652416229	-1316
8.17677903175	-1420
8.1768181324	-1420
8.17682099342	-1264
8.17689204216	-1420
8.17689394951	-1316
8.17691898346	-1368
8.17703795433	-1420
8.17709517479	-1420
8.17709803581	-1264
8.17714214325	-1368
8.17718911171	-1420
8.17726612091	-1316
8.17726898193	-1420
8.17727017403	-1316
8.17741107941	-1420
8.17741513252	-1420
8.1774160862	-1264
8.17749404907	-1420
8.17749714851	-1316
8.17752504349	-1368
8.17764902115	-1420
8.17765402794	-1316
8.17765498161	-1368
8.17777705193	-1420
8.17778015137	-1420
8.17778110504	-1264
8.17788100243	-1420
8.17788314819	-1420
8.17788410187	-1264
8.17811799049	543
8.17833709717	543
8.1785030365	543
8.17878508568	-1420
8.17878913879	-1420
8.17883014679	-1264
8.17904806137	-1420
8.17908906937	-1420
8.17909216881	-1264
8.17914700508	-1420
8.17915010452	-1420
8.17919206619	-1264
8.17919516563	-1420
8.17922997475	-1420
8.17923307419	-1264
8.17926812172	-1368
8.18999099731	-1420
8.19008207321	-1420
8.19008612633	-1264
8.19129800797	543
8.25768995285	-1086
8.26907205582	543
8.30851507187	-1420
8.30853295326	-1420
8.30859899521	-1264
8.33496499062	-1368
8.3445789814	-1420
8.34458708763	-1316
8.34463214874	-1368
8.38703107834	-306
8.49335813522	-1420
8.49338507652	-1316
8.49374604225	-1368
8.51616311073	-66
8.52187108994	1057
8.52977514267	1057
8.65143704414	-1420
8.65145611763	-1420
8.65151405334	-787
8.65165305138	543
8.962444067	-1420
8.96246194839	-1420
8.96252512932	-787
8.96268606186	-1420
8.96273803711	-1316
8.96274113655	-1420
8.96277713776	-1420
8.96278810501	-1264
8.96285104752	-1420
8.96285414696	-1316
8.96289014816	-1420
8.96289205551	-1316
9.09164214134	-198
9.13054013252	-1368
9.13059902191	-1368
9.13082003593	-1368
9.17177200317	-1420
9.17179012299	-1420
9.17185497284	-1264
9.17199611664	543
9.17254805565	543
9.26002407074	-675
9.26219511032	543
9.43124699593	-1086
9.43329000473	543
9.43869709969	-1420
9.43870711327	-1316
9.43902206421	-1368
9.44260811806	-1057
9.44349813461	1057
9.56261897087	-66
9.56451797485	543
9.56479310989	1057
9.82293605804	-1420
9.82295298576	-1420
9.82301306725	-787
9.82326102257	-1420
9.82329511642	-1316
9.82358503342	-1368
9.82369399071	543
9.95208096504	-66
9.9847881794	-1420
9.98486304283	-1316
9.98632717133	-1368
9.98704600334	-1420
9.98705101013	-1316
9.9873650074	-1368
10.081195116	-132
10.1014990807	-1420
10.1016190052	-1316
10.1016600132	-1420
10.1016950607	-1420
10.1017429829	-1264
10.1017899513	-1368
10.1020159721	543
10.1412820816	-1420
10.1412980556	-1420
10.1413640976	-1264
10.2110209465	-1284
10.2993750572	-1368
10.4018311501	-1231
10.5309669971	-543
10.6603500843	-1057
10.6793839931	543
10.7909460068	1057
11.1308560371	-1420
11.1308751106	-1420
11.1309151649	-787
11.1314661503	-1420
11.1315729618	-1420
11.1315801144	-1264
11.1415741444	1057
11.2598831654	-66
11.2889170647	-1420
11.2889680862	-1420
11.2889740467	-1264
11.2913911343	-1420
11.291424036	-1420
11.2915010452	-1420
11.2915070057	-1420
11.2915461063	-1160
11.2915530205	-1420
11.2915930748	-1420
11.2915980816	-1264
11.2916369438	-1368
11.2921950817	543
11.3374011517	-1420
11.3374171257	-1420
11.3374781609	-1264
11.4178211689	-330
11.4468941689	-1420
11.4469640255	-1420
11.4470419884	-1264
11.4516890049	-1420
11.4517040253	-1420
11.4517669678	-1264
11.4517731667	-1420
11.4518151283	-1316
11.4520380497	-1420
11.4522080421	-1420
11.4522149563	-1264
11.4523010254	-1368
11.4523069859	-1420
11.4523911476	-1316
11.4523971081	-1368
11.4527649879	543
11.453109026	543
11.5370600224	-1420
11.5370769501	-1316
11.5372619629	-1368
11.5759301186	-396
11.6054739952	-1420
11.6054911613	-1420
11.6055560112	-1264
11.6126520634	-1420
11.6126670837	-1316
11.6129510403	-1420
11.6129620075	-1316
11.6130199432	-1368
11.613186121	-1420
11.6132781506	-1316
11.6132850647	-1420
11.6134870052	-1316
11.6134941578	-1368
11.6135849953	-1368
11.613713026	-1368
11.6139750481	-1420
11.6139960289	-1420
11.6140911579	-1264
11.6142561436	-1420
11.6143040657	-1316
11.6144051552	-1368
11.6146671772	543
11.705602169	-1005
11.7374811172	-1420
11.7375600338	-1420
11.7375690937	-1264
11.7634041309	-1420
11.763420105	-1316
11.7726609707	-1420
11.7726671696	-1316
11.7728199959	-1368
11.7730970383	-1420
11.7731821537	-1420
11.7731859684	-1264
11.7732291222	-1420
11.7732310295	-1316
11.7733311653	-1368
11.7734479904	-1368
11.7735719681	-1420
11.7735760212	-1316
11.7736151218	-1368
11.7736849785	-1420
11.7737081051	-1316
11.7737441063	1057
11.7737801075	-1368
11.7739970684	-1420
11.7740390301	-1316
11.7740950584	-1420
11.7741510868	-1420
11.7741539478	-1264
11.7741551399	-1368
11.774285078	-1420
11.7742881775	-1420
11.7742900848	-1264
11.7744450569	543
11.8348331451	-117
11.8582110405	-1420
11.8582470417	-1420
11.8582510948	-1264
11.8582689762	-1420
11.858271122	-1420
11.8582861423	-1264
11.8587961197	543
11.8594331741	1057
11.8952550888	-1420
11.8952729702	-1420
11.8953430653	-1264
11.9333651066	-1420
11.9334571362	-1420
11.9334609509	-1264
11.9335441589	-1368
11.9335460663	-1420
11.9335911274	-1316
11.9335939884	-1368
11.9336471558	-1368
11.9338140488	543
11.9339461327	-1368
11.9341151714	-1420
11.9341571331	-1420
11.9341590405	-1264
11.9342010021	-1420
11.9342031479	-1420
11.9342391491	-1420
11.9342420101	-1212
11.9343280792	-1420
11.9343321323	-1316
11.9344060421	543
11.9344871044	-1420
11.9344890118	-1420
11.9344899654	-1264
11.9344911575	-1368
11.9345619678	-1420
11.9345631599	-1420
11.9345641136	-1264
11.9346120358	-1368
11.9348061085	-1368
11.9349269867	-1420
11.9349310398	-1420
11.9349329472	-1264
11.9350111485	-1420
11.9350130558	-1316
11.9350430965	-1368
11.9352061749	543
11.9874889851	-924
12.0185830593	-1420
12.0186491013	-1316
12.0186550617	-1420
12.0187301636	-1420
12.0187330246	-1264
12.0187699795	-1368
12.0793311596	-1420
12.0793521404	-1420
12.0794100761	-1264
12.1001770496	-1420
12.1001939774	-1316
12.102298975	-1368
12.1024370193	1057
12.1028180122	-1420
12.1028220654	-1316
12.1034080982	-1368
12.1078510284	-1420
12.1079039574	-1420
12.1079080105	-1264
12.1082530022	-1420
12.108258009	-1316
12.1088049412	-1368
12.109208107	-1420
12.1092569828	-1316
12.109511137	-1368
12.1098740101	-1420
12.1098780632	-1420
12.1099181175	-1264
12.1105151176	-1420
12.1105589867	-1420
12.1105620861	-1264
12.110599041	-1420
12.1106021404	-1316
12.1106541157	-1420
12.1106569767	-1316
12.1106951237	-1368
12.1107711792	-1368
12.1109080315	543
12.111093998	-1420
12.1110970974	-1316
12.1111431122	-1420
12.1111459732	-1420
12.1111819744	-1420
12.1111841202	-1212
12.1112191677	-1368
12.1112210751	-1420
12.1112589836	-1316
12.1112611294	-1420
12.111315012	-1420
12.1113171577	-1264
12.1113541126	-1368
12.1115469933	543
12.1480760574	-1259
12.1482191086	543
12.1797640324	-1420
12.1797859669	-1420
12.1798591614	-1420
12.1798651218	-1212
12.1799039841	-1420
12.1799089909	-1420
12.1799480915	-1264
12.2193291187	-1420
12.2193491459	-1420
12.2193751335	-1420
12.2193779945	-1212
12.2193939686	-1368
12.2193961143	-1420
12.2194111347	-1316
12.2540941238	-1420
12.2541091442	-1420
12.2541680336	-1264
12.2541730404	-1368
12.2542979717	-1420
12.2543041706	-1316
12.254349947	-1368
12.2545919418	-1420
12.2546901703	-1316
12.2546970844	-1368
12.2551670074	-1420
12.255177021	-1420
12.25527215	-1264
12.2552790642	-1368
12.2554049492	-1368
12.2554111481	-1420
12.2554969788	-1316
12.255589962	543
12.2556731701	-1368
12.2560710907	-1420
12.2560789585	-1420
12.256082058	-1420
12.2560839653	-1212
12.2560861111	-1368
12.2561759949	-1420
12.2561841011	-1316
12.2561860085	-1368
12.2562561035	-1368
12.2564051151	-1368
12.256469965	-1420
12.2564730644	-1316
12.2565920353	-1420
12.2565970421	-1420
12.2565989494	-1264
12.2571921349	-1420
12.2572009563	-1420
12.2573771477	-1264
12.2573831081	-1420
12.2573859692	-1420
12.2573890686	-1264
12.257390976	-1420
12.2573931217	-1420
12.2574779987	-1264
12.2574839592	-1368
12.257666111	-1420
12.2576739788	-1316
12.2591180801	-1420
12.2591240406	-1316
12.259125948	-1368
12.25912714	-1368
12.2594311237	1057
12.2603120804	543
12.2773690224	-242
12.3394031525	-1420
12.3394191265	-1316
12.3394811153	-1420
12.3394870758	-1420
12.3395249844	-1264
12.3397510052	-1420
12.3398480415	-1316
12.3400621414	-1420
12.3401119709	-1420
12.3401181698	-1264
12.3403861523	-1420
12.3403940201	-1316
12.340722084	543
12.3955161572	-1420
12.3955330849	-1420
12.39559412	-1264
12.3959040642	543
12.4149360657	-1420
12.414951086	-1316
12.4150440693	-1368
12.4152581692	-1420
12.4153571129	-1420
12.415364027	-1420
12.4154479504	-1212
12.4154541492	-1420
12.4155371189	-1316
12.4157011509	-1420
12.4157550335	-1316
12.415760994	-1420
12.415802002	-1420
12.4158070087	-1420
12.4158430099	-1420
12.4158480167	-1160
12.4158861637	-1368
12.4158980846	-1420
12.4159009457	-1316
12.4164750576	-1368
12.4166049957	-1420
12.4166121483	-1420
12.4167079926	-1420
12.416711092	-1212
12.4167129993	-1420
12.4167160988	-1420
12.4167180061	-1264
12.4167201519	-1368
12.4168860912	-1420
12.4168930054	-1316
12.4170491695	-1420
12.41705513	-1316
12.4170589447	-1420
12.4170610905	-1316
12.4172580242	-1368
12.4174189568	-1420
12.4174239635	-1316
12.4191520214	543
12.4231841564	1057
12.4267570972	543
12.427011013	543
12.4463040829	-181
12.5377981663	-1420
12.5378141403	-1420
12.5378711224	-1264
12.5534710884	-1420
12.5534820557	-1316
12.5754649639	-1420
12.5754749775	-1316
12.575535059	-1420
12.5755369663	-1316
12.5755929947	-1420
12.5755970478	-1316
12.5757460594	-1420
12.5757501125	-1420
12.5757980347	-1264
12.5758690834	543
12.5760030746	-1368
12.5762341022	-1420
12.5762779713	-1420
12.576280117	-1264
12.6245729923	-367
12.7085781097	-1420
12.7085950375	-1316
12.7086451054	-1420
12.7086479664	-1420
12.7086641788	-1264
12.7086660862	-1368
12.7090239525	-1420
12.7090380192	-1316
12.7090880871	-1368
12.7091710567	-1368
12.7092349529	-1420
12.7092380524	-1316
12.7093231678	-1420
12.7093260288	-1420
12.7093930244	-1264
12.7094671726	-1368
12.7095220089	-1420
12.7095251083	-1420
12.7095429897	-1264
12.7095451355	-1368
12.7096531391	543
12.7098281384	543
12.7115290165	-1368
12.7151989937	-1420
12.715252161	-1420
12.7152571678	-1264
12.7153630257	-1420
12.7153670788	-1420
12.7154240608	-1264
12.7155640125	-1368
12.7156529427	-1420
12.7156569958	-1420
12.7156870365	-1264
12.715816021	543
12.7159290314	-1420
12.7159330845	-1316
12.7165961266	-1420
12.7166030407	-1420
12.7166600227	-1264
12.7166640759	-1420
12.7167170048	-1420
12.7167201042	-1264
12.7168240547	-1420
12.7168271542	-1420
12.7168800831	-1264
12.7168829441	-1420
12.7169370651	-1420
12.7169401646	-1420
12.7170021534	-1212
12.7170059681	-1420
12.7170610428	-1316
12.717648983	543
12.7178030014	-1420
12.7178089619	-1420
12.7178411484	-1264
12.7179281712	-1420
12.7179610729	-1316
12.7184989452	-1368
12.7353310585	-1420
12.7353401184	-1316
12.7353789806	-1420
12.7355151176	543
12.7356050014	-1420
12.7356081009	-1264
12.7356090546	-1368
12.7358269691	-1420
12.7358880043	-1316
12.7358920574	-1368
12.7364051342	-1420
12.7364189625	-1420
12.7364821434	-1420
12.7364871502	-1212
12.7365250587	-1368
12.7366800308	-1420
12.7368080616	-1316
12.7368130684	-1420
12.7369000912	-1420
12.736905098	-1264
12.7370121479	-1368
12.7370171547	-1420
12.7371311188	-1316
12.7371370792	-1420
12.7372231483	-1316
12.7372281551	-1368
12.7375240326	543
12.7932481766	-203
12.8695771694	-1420
12.8695950508	-1420
12.8696579933	-1264
12.8734350204	-1420
12.8734531403	-1420
12.8734791279	-1264
12.8736569881	-1420
12.8736591339	-1420
12.8736600876	-1264
12.8737490177	-1420
12.8737511635	-1420
12.8737521172	-1264
12.8738739491	543
12.8742749691	-1420
12.8742799759	-1316
12.8743531704	-1420
12.8743560314	-1316
12.8744060993	-1368
12.8744909763	543
12.874557972	-1420
12.8745620251	-1316
12.8747150898	-1420
12.8747191429	-1316
12.8747830391	-1368
12.874861002	-1368
12.8749001026	-1368
12.8750150204	543
12.8750629425	-1420
12.8750660419	-1316
12.8752830029	-1368
12.8762149811	-1420
12.8762471676	-1420
12.8762490749	-1264
12.8764481544	-1420
12.8764510155	-1420
12.8764910698	-1264
12.8765859604	-1420
12.8766081333	-1316
12.8767721653	-1368
12.8769061565	-1420
12.8769271374	-1316
12.8769669533	-1368
12.8770871162	1057
12.8771259785	-1368
12.8772330284	-1420
12.8772730827	-1316
12.8773310184	-1420
12.8773691654	-1316
12.8773720264	-1368
12.87748909	-1420
12.8774909973	-1316
12.8775861263	-1368
12.8776819706	-1420
12.8776860237	-1316
12.8777329922	-1368
12.8777961731	-1368
12.878015995	-1420
12.8780200481	-1316
12.8782150745	543
12.8961760998	-1420
12.8961889744	-1420
12.8962430954	-1264
12.8963489532	-1420
12.8963899612	-1316
12.896476984	-1420
12.8965079784	-1420
12.8965110779	-1420
12.8965289593	-1212
12.8967969418	-1368
12.8971061707	-1420
12.8971121311	-1420
12.8972229958	-1420
12.8972260952	-1420
12.8972630501	-1160
12.8972649574	-1420
12.8973009586	-1420
12.8973031044	-1264
12.8973381519	-1420
12.897341013	-1316
12.8974289894	-1420
12.8974320889	-1316
12.9623560905	-767
13.0278351307	-1420
13.027848959	-1316
13.0327451229	-1368
13.0590260029	-1368
13.0591161251	-1420
13.0591890812	-1420
13.0591919422	-1264
13.0592730045	-1368
13.0594880581	-1420
13.0595290661	-1316
13.0595321655	-1420
13.059566021	-1420
13.0595691204	-1420
13.0596041679	-1212
13.0596959591	-1420
13.0597629547	-1316
13.0597660542	-1420
13.0598111153	-1316
13.0599720478	-1420
13.060008049	-1316
13.0602090359	-1420
13.0602121353	-1316
13.0603630543	-1368
13.0604469776	-1420
13.0604519844	-1316
13.0605010986	-1368
13.0605800152	-1368
13.0607559681	-1420
13.0607609749	-1316
13.0608780384	-1420
13.0608820915	-1420
13.0608839989	-1264
13.0610070229	-1420
13.061011076	-1316
13.061122179	-1420
13.0611259937	-1316
13.0612010956	-1368
13.0612790585	543
13.0613720417	-1420
13.0613751411	-1420
13.0613760948	-1264
13.0616641045	-1420
13.0616681576	-1316
13.061784029	-1420
13.0617880821	-1420
13.0617899895	-1264
13.0618231297	-1420
13.0618259907	-1316
13.0618770123	-1420
13.061879158	-1316
13.0619981289	543
13.0622861385	543
13.0623030663	-1420
13.0623061657	-1316
13.0623991489	-1420
13.0624010563	-1316
13.0624921322	-1420
13.0624959469	-1316
13.0626380444	-1368
13.0626411438	-1368
13.0627331734	-1420
13.0627360344	-1316
13.0628499985	-1420
13.0628540516	-1420
13.0628550053	-1264
13.0628840923	543
13.0629429817	-1420
13.0629441738	-1420
13.0629451275	-1264
13.0630800724	-1420
13.0630841255	-1316
13.0631730556	543
13.0632121563	-1420
13.0632140636	-1316
13.0633411407	-1420
13.0633449554	-1316
13.0634551048	-1420
13.0634579659	-1316
13.0635681152	-1420
13.0635709763	-1316
13.0636179447	-1420
13.0636210442	-1316
13.0637321472	-1420
13.0637359619	-1316
13.0638000965	543
13.0638561249	-1420
13.0638589859	-1316
13.0639259815	-1368
13.0640809536	-1368
13.0641050339	-1420
13.064109087	-1316
13.0642390251	-1368
13.0643839836	-1420
13.0644249916	-1316
13.0644271374	-1368
13.0646641254	-1420
13.0646681786	-1316
13.0647909641	-1420
13.0647950172	-1420
13.0648341179	-1264
13.064923048	-1420
13.0649449825	-1420
13.0649471283	-1264
13.0650529861	-1368
13.070786953	543
13.0709381104	543
13.1314351559	-346
13.1858100891	-1420
13.1858260632	-1420
13.1858921051	-1264
13.2194840908	-1420
13.2194991112	-1316
13.2195711136	-1420
13.2195739746	-1420
13.2196209431	-1264
13.2196249962	-1420
13.219671011	-1316
13.2196731567	-1420
13.2197101116	-1316
13.2199110985	-1420
13.2199599743	-1316
13.2200191021	-1420
13.2200391293	-1316
13.2201321125	-1420
13.2201919556	-1316
13.2203521729	-1420
13.2203540802	-1316
13.220484972	-1420
13.2204880714	-1420
13.2205331326	-1264
13.2205350399	-1420
13.2205891609	-1316
13.2206540108	-1420
13.2206940651	-1316
13.220746994	543
13.2208991051	-1420
13.2209019661	-1316
13.2210359573	-1420
13.2210400105	-1420
13.2210590839	-1264
13.221214056	-1420
13.2212519646	-1316
13.2212541103	-1420
13.2212901115	-1420
13.2212929726	-1264
13.2213461399	-1368
13.2213490009	-1420
13.2213981152	-1420
13.2214009762	-1264
13.2214939594	-1420
13.2214970589	-1420
13.2215161324	-1264
13.2216370106	-1420
13.2216780186	-1316
13.221681118	-1368
13.2219331264	-1420
13.2219369411	-1420
13.2219381332	-1264
13.2220489979	543
13.222219944	543
13.222274065	-1420
13.2222759724	-1316
13.2222771645	-1368
13.2223610878	-1420
13.2223639488	-1316
13.2223660946	-1368
13.2225501537	-1420
13.2225539684	-1420
13.2225551605	-1264
13.2225561142	-1368
13.2227220535	-1420
13.2227261066	-1316
13.2228960991	-1420
13.2228989601	-1316
13.2230010033	-1368
13.2230370045	-1368
13.2230861187	-1368
13.2231371403	-1368
13.2232589722	-1420
13.2232620716	-1420
13.223263979	-1420
13.2232651711	-1212
13.2234230042	-1420
13.2234261036	-1316
13.2236101627	-1368
13.2237081528	-1420
13.2237110138	-1420
13.2237119675	-1264
13.2237391472	-1420
13.2237410545	-1316
13.2238790989	-1420
13.223883152	-1420
13.2238841057	-1264
13.2239661217	-1420
13.223968029	-1420
13.2239701748	-1420
13.2239711285	-1212
13.2382969856	-1420
13.2383029461	-1316
13.2383890152	-1368
13.2387909889	543
13.3005731106	-322
13.3433921337	-1368
13.3712861538	1057
13.3936190605	1057
13.3941869736	1057
13.4297831059	-717
13.8332490921	-1420
13.8333499432	-1420
13.8333950043	-273
13.8342700005	543
13.9907431602	-543
13.9908721447	-1420
13.9909360409	-1316
13.9931361675	-1368
14.0850410461	-1420
14.0850610733	-1316
14.0851099491	-1368
14.0896320343	543
14.1202011108	-1189
14.1290650368	543
14.1295771599	543
14.3043820858	-543
14.3097250462	-1420
14.3097960949	-1316
14.3100261688	-1368
14.4336321354	-66
14.4378211498	543
14.4382879734	543
14.5041539669	-1420
14.504171133	-1316
14.563133955	-891
14.563295126	543
14.5636329651	543
14.6931490898	-543
14.7170989513	-1420
14.7171809673	-1420
14.7171909809	-1264
14.7172350883	-1420
14.7172400951	-1420
14.7172811031	-1420
14.7172870636	-1212
14.7173240185	-1368
14.7173290253	-1368
14.7174611092	-1368
14.7182431221	-1420
14.7183051109	-1316
14.7188670635	-1420
14.7190220356	-1420
14.7190289497	-1264
14.7191720009	-1420
14.7191770077	-1420
14.7192661762	-1264
14.7192721367	-1420
14.7193980217	-1316
14.7194039822	-1420
14.7194881439	-1316
14.7194941044	-1420
14.7195789814	-1316
14.7195849419	-1420
14.7196700573	-1420
14.7196760178	-1264
14.7197601795	-1420
14.7197880745	-1316
14.7202010155	543
14.8204319477	-1420
14.8204481602	-1316
14.8206870556	-1368
14.8461179733	-465
15.0563061237	-543
15.0740630627	543
15.151473999	-1368
15.1989920139	-1420
15.1990640163	-1316
15.2037680149	-1123
15.212528944	1460
15.2125871181	111
15.2143681049	-1368
15.3333921432	-717
15.3336100578	543
15.3542900085	1057
15.5262551308	-1420
15.5262711048	-1420
15.5263280869	-787
15.5264570713	543
15.6866250038	-777
