0	-543
2.8968770504	1057
3.09329986572	-543
4.05497503281	-543
4.0551970005	-1368
4.05523204803	-1368
4.05881595612	-1368
4.06977295876	-1368
4.17836403847	-783
4.56142997742	-1368
4.5615029335	-1368
4.5615208149	-377
4.69203591347	-543
5.31117892265	-1368
5.31124782562	-1368
5.31127500534	-891
5.31506896019	-1368
5.31513190269	-1368
5.31522488594	-1368
5.3189098835	-1368
5.4344060421	-269
5.91432189941	543
6.09876894951	-1368
6.09886789322	-203
6.39038681984	-1368
6.39052796364	-1368
6.39055800438	-1368
6.39057803154	-580
6.91496396065	543
6.97217392921	-1368
6.97225189209	-203
6.97264289856	543
7.11924791336	1057
8.22143101692	-543
8.23623800278	-1368
8.23629903793	-1368
8.23631286621	-1368
8.23987293243	-1368
8.26060199738	-1368
8.26070284843	-1368
8.26071095467	-1368
8.2607319355	-1368
8.2608089447	-1368
8.35957503319	-1368
8.35964989662	-1368
8.35969781876	-604
8.91515994072	543
10.2436690331	-1368
10.2437808514	-203
10.8138070107	-1368
10.8138809204	-1368
10.8138999939	-1368
10.8139128685	-1368
10.8139238358	-1368
10.8139350414	-957
10.8148088455	543
10.8174288273	-1368
10.8276970387	1368
10.8352708817	1368
10.8386778831	1368
10.8493158817	1368
10.8523588181	1368
10.9146118164	543
10.9370708466	-203
10.9378750324	45
11.0024979115	-1368
11.0025269985	-1368
11.0026509762	-1368
11.0047619343	-1368
11.0048010349	-1368
11.0048680305	-1368
11.0174410343	-1368
11.0174708366	-1368
11.0175259113	-1368
11.0176110268	-1368
11.0176439285	-1368
11.0177979469	-1368
11.0178108215	1368
11.030630827	-1368
11.0645070076	-1368
11.064622879	232
11.0646538734	-1368
11.1258368492	-330
11.1259748936	-1368
11.1260018349	-1368
11.1260278225	-1368
11.1278178692	-1368
11.1278469563	-1368
11.1278760433	-1368
11.1279029846	-1368
11.1280138493	-1368
11.12804389	-1368
11.1281108856	-1368
11.1281428337	-1368
11.1407630444	-1368
11.1407940388	-1368
11.1408259869	-1368
11.1408519745	-1368
11.1408808231	-1368
11.14092803	-1368
11.1409609318	-1368
11.1409919262	-1368
11.1410210133	-1368
11.1410508156	-1368
11.1411809921	-1368
11.1412129402	-1368
11.1878218651	-1368
11.1879308224	1086
11.1879599094	-1368
11.1879789829	-1368
11.1879959106	-1368
11.234046936	-1368
11.2341308594	-1368
11.2489778996	-1368
11.2489948273	-1368
11.2491898537	-1368
11.2492158413	-1368
11.2492978573	-1368
11.2493259907	-1368
11.2493548393	-1368
11.2493829727	-1368
11.2509999275	-1368
11.2510290146	-1368
11.2510559559	-1368
11.251085043	-1368
11.2512059212	-1368
11.2512569427	-1368
11.2512960434	-1368
11.2513258457	-1368
11.2513539791	-1368
11.2513878345	-1368
11.2514209747	-1368
11.251459837	-1368
11.2515349388	-1368
11.2515790462	-1368
11.2516078949	-1368
11.2516388893	-1368
11.2639148235	-1368
11.2639379501	-1368
11.2640769482	-1368
11.2641079426	-1368
11.2641370296	-1368
11.2641689777	-1368
11.2641990185	-1368
11.2642328739	-1368
11.2642629147	-1368
11.2643368244	-1368
11.2643618584	-1368
11.2643978596	-1368
11.264425993	-1368
11.2644569874	-1368
11.2644839287	-1368
11.2645130157	-1368
11.2645459175	-1368
11.2645728588	-1368
11.2646160126	-1368
11.2646269798	-1062
11.2646889687	-1368
11.2647469044	-1368
11.2647838593	-1368
11.2648470402	-1368
11.2649898529	1368
11.3112950325	-1368
11.3113229275	261
11.3113279343	-1368
11.311360836	-1368
11.311401844	-1368
11.3114409447	-1368
11.3114800453	-1368
11.3115179539	-1368
11.3115568161	-1368
11.35729599	-1368
11.3573210239	-1368
11.3573539257	-1368
11.3573818207	-1368
11.3720939159	-1368
11.3721499443	-1368
11.3721790314	-1368
11.3722069263	-1368
11.3722598553	-1368
11.3722908497	-1368
11.3723180294	-1368
11.3723478317	-1368
11.3726279736	-1368
11.3726530075	-1368
11.3726818562	-1368
11.3727090359	-1368
11.372743845	-1368
11.3727738857	-1368
11.3728039265	-1368
11.3728330135	-1368
11.373265028	1368
11.3742978573	-1368
11.374352932	-1368
11.3743929863	-1368
11.3744268417	-1368
11.3744678497	-1368
11.3745028973	-1368
11.3745448589	-1368
11.3745779991	-1368
11.3746209145	-1368
11.3746550083	-1368
11.3746929169	-1368
11.3747668266	-1368
11.3748049736	-1368
11.3748419285	-1368
11.3748819828	-1368
11.3749258518	-1368
11.3749978542	-1368
11.375068903	-1368
11.3751089573	-1368
11.3751449585	-1368
11.3751828671	-1368
11.3752188683	-1368
11.3752508163	-1368
11.3752908707	-1368
11.3753249645	-1368
11.3753609657	-1368
11.3753938675	-1368
11.3754308224	-1368
11.375469923	-1368
11.3755059242	-1368
11.3829169273	1368
11.3872079849	-1368
11.387280941	-1368
11.3873319626	-1368
11.3873419762	-1368
11.3874559402	-1368
11.3874778748	-1368
11.3875198364	-1368
11.3875420094	-1368
11.3875699043	-1368
11.3876068592	-1368
11.3876638412	-1368
11.3876919746	-1368
11.3877549171	-1368
11.3877789974	-1368
11.3878068924	-1368
11.3878369331	-1368
11.3879268169	-1368
11.387953043	-1368
11.387980938	-1368
11.3880138397	-1368
11.388053894	-1368
11.388147831	-1368
11.3881728649	-1239
11.3882398605	-1368
11.3883080482	-1368
11.3883469105	-1368
11.3883879185	-1368
11.3884680271	-1368
11.3885090351	-1368
11.3885509968	-1368
11.3885929585	-1368
11.3886358738	-1368
11.388725996	-1368
11.3900368214	1368
11.392854929	-1368
11.3928909302	-1368
11.3929698467	-1368
11.3929948807	-1368
11.3930280209	-1368
11.3945398331	-1368
11.3945639133	-1368
11.3966238499	-1368
11.3966479301	-1368
11.4033548832	1057
11.4066050053	-1368
11.4077320099	-1368
11.4077658653	-1368
11.4078969955	-1368
11.4104349613	-1368
11.4104628563	-1368
11.4106299877	-1368
11.4195809364	1368
11.4714429379	501
11.4755790234	-1368
11.5118010044	-507
11.5665788651	-1368
11.5666878223	-1368
11.5814878941	-1368
11.5815048218	-1368
11.5823509693	-1368
11.5823969841	-1368
11.5825548172	-1368
11.5852808952	-1368
11.5854120255	-1368
11.595304966	-1368
11.5953290462	543
11.5953350067	-1368
11.5954809189	-1368
11.5964789391	-1368
11.5965139866	-1368
11.5966119766	-1368
11.5988528728	-1368
11.5988719463	-1368
11.5989019871	-1368
11.6087639332	-1368
11.6088378429	-1368
11.6088898182	-1368
11.6088998318	-1368
11.6089298725	-1368
11.6090109348	-1368
11.6099228859	-1368
11.6099529266	-1368
11.6100668907	-1368
11.6125228405	-1368
11.612557888	-1368
11.6125969887	-1368
11.6234929562	-1368
11.6235179901	-1368
11.6235449314	-1368
11.6235718727	-1368
11.6237108707	1368
11.6252849102	-1368
11.625344038	-1368
11.6253738403	-1368
11.6254029274	-1368
11.6254320145	-1368
11.6254618168	-1368
11.627024889	-1368
11.6349549294	-692
11.6377909184	-1368
11.638176918	-1368
11.6382129192	-1368
11.6390228271	-1368
11.6390488148	-1368
11.6390750408	-1368
11.6416609287	-1368
11.64168787	-1368
11.6417188644	-1368
11.6516458988	-1368
11.6516640186	-1368
11.6517059803	-1368
11.6520290375	-1368
11.6520609856	-1368
11.652135849	-1368
11.6555860043	-1368
11.6556248665	-1368
11.6556568146	-1368
11.655684948	-1368
11.6661570072	-1368
11.6661980152	-1368
11.6662619114	-1368
11.6663239002	-1368
11.6663508415	-1368
11.666410923	-1368
11.6667950153	-1368
11.6668229103	-1368
11.6670589447	-1368
11.6699090004	-1368
11.6699588299	-1368
11.6699779034	-1368
11.6699888706	-1368
11.6807570457	-1368
11.6808309555	-1368
11.6808688641	-1368
11.6810219288	-1368
11.6815948486	-1368
11.681625843	-1368
11.6843378544	-1368
11.684376955	-1368
11.6844129562	-1368
11.6938989162	-1368
11.6939229965	-1368
11.694026947	-1368
11.6942648888	1368
11.6943368912	-1368
11.6943738461	-1368
11.6944098473	-1368
11.6950619221	-1368
11.6950998306	-1368
11.6951959133	-1368
11.6976568699	-1368
11.6976828575	-1368
11.6978368759	-1368
11.7085659504	-1368
11.7086408138	-1368
11.7086489201	-1368
11.708673954	-1368
11.7092268467	-1368
11.7092599869	-1368
11.7123098373	-1368
11.7123389244	-1368
11.7124938965	-1368
11.7220308781	-1368
11.7220439911	1065
11.7220640182	-1368
11.7220988274	-1368
11.7221310139	-1368
11.7223489285	-1368
11.7224340439	-1368
11.7224609852	-1368
11.7225108147	-1368
11.7226610184	-1368
11.7226889133	-1368
11.7228169441	-1368
11.7269170284	1368
11.731336832	1368
11.7345240116	1368
11.7347099781	-1368
11.7347538471	-1368
11.7347970009	-1368
11.7348330021	-1368
11.735822916	-1368
11.7358510494	-1368
11.7385599613	-1368
11.7385950089	-1368
11.7582108974	-153
11.7595698833	1368
11.8452060223	443
11.8782958984	-1368
11.8783240318	-1368
11.878371954	-1368
11.8784389496	-1368
11.8784799576	-1368
11.8784968853	-1368
11.8825559616	-1368
11.8825879097	-1368
11.8827309608	-1368
11.8827359676	-198
11.8921029568	-1368
11.8921408653	-1368
11.892179966	-1368
11.8922078609	-1368
11.8922979832	-1368
11.8923969269	-1368
11.8924398422	-1368
11.8961360455	-1368
11.8961639404	-1368
11.9072368145	-1368
11.9147720337	-1368
11.9147999287	-1368
11.915199995	-1368
11.91522789	-1368
11.915364027	-1368
11.9153900146	-1368
11.9154229164	-1368
11.9189898968	-1368
11.9190208912	-1368
11.9300189018	-1368
11.9300479889	-1368
11.9300758839	-1368
11.9301009178	-1368
11.9305858612	-1368
11.9306168556	-1368
11.9306819439	-1368
11.9349808693	-1368
11.9350030422	-1368
11.935035944	-1368
11.9452569485	-1368
11.9453120232	-1368
11.9453828335	-1368
11.9454188347	-1368
11.9457979202	-1368
11.9458370209	-1368
11.9458749294	-1368
11.9459049702	-1368
11.9459309578	-1368
11.9459838867	-1368
11.9489300251	-1368
11.9489660263	-1368
11.9489979744	-1368
11.9612438679	-1368
11.9612598419	-1368
11.9626729488	-1368
11.9626989365	-1368
11.962736845	-1368
11.9627709389	-1368
11.9629209042	-1368
11.9630599022	1368
11.9649260044	-1368
11.9649548531	-1368
11.9650688171	-1368
11.977314949	-1368
11.9773309231	261
11.977355957	-1368
11.9773859978	-1368
11.9775829315	-1368
11.9779269695	-1368
11.9806079865	-1368
11.9806439877	-1368
11.9807229042	-1368
11.9809939861	-1368
11.9916229248	-1368
11.9916679859	-1368
11.99178195	-1368
11.9942400455	-1368
11.9946939945	-1368
11.9947249889	-1368
11.9947860241	-1368
11.9948649406	1368
11.9955129623	-1368
11.9955699444	-1368
11.9956188202	-1368
12.0057749748	-1265
12.0274150372	-543
12.0560560226	-1368
12.1006369591	232
12.114014864	-1368
12.1141450405	-1368
12.1141908169	-1368
12.1142759323	-1368
12.114317894	-1368
12.1143519878	-1368
12.1188809872	-1368
12.1189069748	-1368
12.1189248562	-1368
12.1282689571	-1368
12.1283018589	-1368
12.1283688545	-1368
12.1284070015	-1368
12.1284348965	-1368
12.1284749508	-1368
12.129267931	-504
12.1318609715	-1368
12.1319038868	-1368
12.131953001	-1368
12.1415660381	-1368
12.1415920258	-1368
12.1416950226	-1368
12.1443588734	-1368
12.1443948746	-1368
12.1444849968	-1368
12.2523908615	-712
12.2524240017	543
12.267936945	-1368
12.2689218521	-1368
12.2689659595	-1368
12.2716989517	-1368
12.2818419933	-1368
12.2818720341	-1368
12.3065109253	-543
12.3490269184	-1368
12.3491158485	-1368
12.3492379189	-1368
12.3714668751	-1368
12.3755190372	-169
12.3755369186	1086
12.4281458855	-1368
12.4281759262	-1368
12.428196907	-1368
12.4282538891	-1368
12.4283089638	-1368
12.428413868	-1368
12.4286038876	-1368
12.428912878	-1368
12.432019949	-1368
12.4435260296	-1368
12.4435498714	-1368
12.4957540035	-1231
12.4987499714	-1089
12.5015969276	543
12.5041568279	1057
12.5224909782	-1368
12.522507906	-1368
12.5226178169	-1368
12.5226309299	-1368
12.5227179527	-1368
12.5228829384	-1368
12.5229070187	-1368
12.5559010506	-1368
12.5614819527	-1368
12.5615139008	-1368
12.5618338585	-1368
12.5620069504	-1368
12.5620260239	-1368
12.5621378422	-1368
12.5623190403	1368
12.5651979446	-1368
12.5652120113	-1368
12.5653059483	-1368
12.5792269707	-1368
12.6219518185	-881
12.6674628258	232
12.6751458645	-1368
12.675164938	-1368
12.7819788456	-435
12.8445839882	-1368
12.8591690063	-1368
12.8591909409	-1368
12.9051380157	-580
13.0117518902	-1368
13.0122330189	-1368
13.012253046	-1368
13.0123369694	-1368
13.0123729706	-1368
13.0123999119	-1368
13.0125880241	-1368
13.0155348778	-1368
13.0185668468	1057
13.0270328522	-1368
13.0270519257	-1368
13.0271458626	-1368
13.0274150372	-1368
13.0274589062	-1368
13.0274980068	-1368
13.0275418758	-1368
13.0275819302	-1368
13.0276319981	-1368
13.0279870033	1368
13.0284929276	-193
13.0308499336	-1368
13.0308899879	-1368
13.0310740471	-1368
13.0402610302	-1368
13.0402808189	-1368
13.0404248238	-1368
13.0409059525	-1368
13.0409238338	-1368
13.0410819054	-1368
13.0441439152	-1368
13.044162035	-1368
13.0442638397	-1368
13.0483858585	1368
13.0517628193	1368
13.0545790195	-1368
13.0545940399	-1368
13.0546398163	-1368
13.0547020435	-1368
13.0665659904	1368
13.0912129879	-543
13.0916969776	543
13.1417219639	957
13.1541478634	-1076
13.1953978539	-1368
13.1954238415	-1368
13.2112598419	-1368
13.2112848759	-1368
13.2265598774	-1368
13.2283549309	-1368
13.2295088768	-1368
13.2295339108	-1368
13.2295718193	-1368
13.22960186	-1368
13.2296419144	-1368
13.2309939861	-1368
13.2310118675	-1368
13.2423298359	-1368
13.3033308983	1086
13.313918829	-670
13.6232259274	-543
13.7151179314	-543
13.7801020145	-1368
13.7801339626	-1368
13.7801618576	-1368
13.9449939728	-66
13.9456579685	543
13.9611179829	-543
13.9620449543	543
13.9836199284	-1368
13.9836499691	-1368
13.9837398529	-1368
13.9841430187	1368
13.996201992	-1368
14.0855369568	-783
14.0855720043	1260
14.1349129677	1086
14.2327818871	-1368
14.2328138351	-1368
14.2329649925	-1368
14.2330009937	-1094
14.2333049774	-1368
14.2333400249	-1368
14.2336838245	-1368
14.2341179848	543
14.2366259098	-1368
14.2455129623	-1368
14.2455430031	-1368
14.2456738949	-1368
14.2463178635	-1368
14.2463469505	-1368
14.2467010021	-1368
14.2467489243	-1368
14.2487909794	-1368
14.2488148212	-1368
14.2493059635	-1368
14.2493309975	-1368
14.2615790367	-1368
14.2616238594	-1368
14.2616839409	-1368
14.2617199421	-1368
14.2617650032	-1368
14.3560340405	-744
14.3953728676	543
14.4674048424	-1368
14.4795429707	-1318
14.5291268826	-543
14.5554008484	1086
14.5931110382	-1368
14.5931398869	-1368
14.6567718983	-1368
14.6570839882	543
14.702008009	-1368
14.7020919323	-1368
14.7021448612	-891
14.7028238773	-1368
14.7028708458	-1368
14.7030408382	-1368
14.7059810162	-1368
14.7060158253	-1368
14.7061028481	-1368
14.7182338238	-1368
14.7182509899	-1368
14.7183690071	-1368
14.7214379311	-1368
14.7214739323	-1368
14.7215049267	-1368
14.7562220097	-66
14.8255028725	-778
14.8260500431	543
14.8618628979	-1368
14.8619580269	-1368
14.972591877	-1368
14.9726169109	-1368
14.9727609158	-891
14.9734749794	-1368
14.9734988213	-1368
14.9736230373	-1368
14.9738688469	543
14.9840660095	-406
14.9892220497	543
15.0965960026	-609
15.1752870083	1057
15.3245689869	1368
15.3354229927	775
15.3475790024	-543
15.4708058834	-543
15.5211248398	-1368
15.5211420059	-1368
15.5212109089	-891
15.5213119984	-1368
15.5213420391	-1368
15.5214669704	-1368
15.5215098858	-1368
15.5215480328	-1368
15.5357239246	-1368
15.5357449055	-1368
15.5357539654	-1368
15.535782814	-1368
15.5358099937	-1368
15.5358450413	-1368
15.5365538597	-1368
15.5365729332	-1368
15.5365998745	-1368
15.5366318226	-1368
15.5366590023	-1368
15.5367310047	-1368
15.6444098949	-1221
15.6929500103	-1368
15.6929728985	-1368
15.6971268654	-1368
15.6971409321	-1368
15.6973128319	-1368
15.7677378654	-957
15.9908428192	-543
16.0804638863	543
16.1389729977	1368
16.216313839	1368
16.2300720215	-1368
16.2301039696	978
16.2301180363	-1368
16.2301938534	-377
16.2309310436	1368
16.2471299171	1368
16.2592818737	1368
16.35333395	-1086
16.3533630371	124
16.3780858517	1368
16.4764449596	1289
16.4792740345	-1368
16.4792919159	-203
16.4951930046	-1368
16.4998009205	-1368
16.4998309612	-1368
16.4998779297	-1368
16.5039520264	-1368
16.5040409565	-1368
16.5040988922	-1368
16.5152308941	-1368
16.5152668953	-1368
16.5152728558	-1368
16.5153319836	-1368
16.5153880119	-1368
16.5154209137	-1368
16.5154778957	-1368
16.5155069828	-1368
16.5155858994	-1368
16.5156219006	-1368
16.5156488419	-1368
16.5225298405	-1368
16.5298418999	-1368
16.5298728943	-1368
16.529955864	-1368
16.5299859047	-1368
16.5337798595	-1368
16.5338129997	-1368
16.5339620113	-1368
16.6024029255	-1361
16.6024289131	1086
16.6969459057	-1368
16.7120740414	-1368
16.7258050442	-949
16.7258338928	1057
16.8490908146	-1057
17.0100300312	-1057
17.0104339123	1057
17.0551848412	-1368
17.0639719963	1368
17.0659339428	1368
17.0679688454	1368
17.1338009834	-261
17.1338348389	609
17.237049818	-1368
17.2569270134	-1289
17.2795288563	543
17.2877449989	1368
17.3800549507	-1086
17.3807318211	1368
17.4109339714	978
17.4296839237	-1368
17.4297049046	-1368
17.4298100471	-1368
17.4333679676	-1368
17.433398962	-1368
17.4522550106	-1368
17.4522879124	-1368
17.4522938728	-1368
17.4526798725	1368
17.4561028481	-1368
17.4686019421	-1368
17.4687080383	-1368
17.4687259197	-1368
17.4871518612	-1368
17.4871900082	-1368
17.4872689247	-1368
17.5039420128	-844
17.5054159164	1368
17.5759239197	1036
17.6522488594	-1368
17.6522760391	-1368
17.6522939205	-891
17.652545929	-1368
17.6555130482	-1368
17.6555449963	-1368
17.6787128448	-1368
17.7369809151	-1368
17.7370169163	-1368
17.7767720222	-132
17.7772159576	1057
17.8999118805	-543
18.0353648663	-1368
18.0618948936	-261
18.1850898266	-543
18.4520199299	-543
18.6179418564	-543
18.8213179111	-1368
18.8259599209	-203
18.9480168819	-1368
18.9480409622	-1368
18.9485049248	1057
18.948994875	-920
19.0717699528	543
19.2382118702	1057
19.4212930202	1057
19.4474859238	-1368
19.4475178719	-717
19.570636034	-543
19.7087190151	-543
20.7196660042	-543
20.9148750305	1057
21.3930280209	-1057
21.4200298786	1368
21.4201488495	203
21.5433189869	543
21.7182629108	-543
21.9147248268	1057
22.0361919403	-543
22.1595239639	-1086
22.3938639164	-1368
22.3939008713	-203
22.394315958	1057
22.5170478821	-1057
22.5173869133	543
22.5285608768	1368
22.6405370235	746
22.8777680397	-543
22.8782279491	1057
23.1685199738	-543
23.1868059635	-1368
23.1868908405	-1368
23.1869180202	-1368
23.1869380474	-1368
23.1869869232	-1368
23.1872489452	-1368
23.1873059273	-1368
23.1873679161	-1368
23.2150149345	-1368
23.2254149914	1057
23.3100008965	-1368
23.3100268841	-1368
23.3100450039	-1368
23.3100829124	-1368
23.31011796	-1368
23.3101580143	-1368
23.3101890087	-1368
23.3102190495	-1368
23.3102478981	-1368
23.3102798462	-1368
23.3102898598	-570
23.3485879898	1086
23.3975138664	-1368
23.4699659348	-203
23.4718108177	1057
23.6636698246	-1368
23.6636919975	-203
23.6737968922	543
23.7867138386	-543
23.7968950272	1057
23.8444910049	-1368
23.8445179462	-1368
23.8484170437	-1368
23.8484508991	-1368
23.8484919071	-1368
23.8585019112	-1368
23.8585269451	-1368
23.9201860428	-1363
23.9202158451	543
23.9686968327	-1368
23.9687888622	-1368
23.9688508511	-1368
23.9688789845	-1368
23.968900919	-1368
23.9689910412	-1368
23.9690258503	-1368
23.9723339081	-1368
23.9724178314	-1368
23.9945290089	-1368
23.9945619106	-1368
23.9947679043	-1368
23.9947960377	-1368
23.9948978424	-1368
23.9949588776	-1368
23.994987011	-1368
23.9951689243	-1368
23.998265028	-1368
24.0433938503	-881
24.04342103	543
24.0442960262	1368
24.0872769356	-1368
24.0873088837	-1368
24.0989899635	1057
24.1684689522	-377
24.168503046	232
24.2915148735	1086
24.2963340282	-543
24.4110269547	-543
24.4535079002	543
24.4764389992	-1368
24.4765319824	-1368
24.47655797	-1368
24.5111429691	-1368
24.5111818314	-1368
24.5112009048	-891
24.5112669468	-1368
24.5113070011	-1368
24.5113549232	-1368
24.5148649216	-1368
24.5153739452	-1368
24.5307879448	-1368
24.530823946	-1368
24.5310070515	-1368
24.5767278671	543
24.5882189274	-1368
24.6006159782	-66
24.6074979305	543
24.6346108913	-1226
24.7400808334	1057
24.7581160069	-543
24.8078298569	-1368
24.807849884	-1368
24.8078849316	-1368
24.8079199791	-1368
24.8813760281	-1297
24.9242918491	1057
24.946408987	-1368
24.9504659176	-543
25.0046319962	-232
25.0138068199	543
25.1738858223	-1368
25.1739249229	-203
25.2301478386	-1368
25.2970688343	-203
25.3074738979	-1368
25.3075528145	-1368
25.3809189796	-1368
25.3809549809	-1368
25.3809888363	-1368
25.3810098171	-1368
25.3810989857	-1368
25.3847739697	-1368
25.38539505	-543
25.3918209076	-1368
25.3919069767	-1368
25.3919270039	-1368
25.3940908909	-1368
25.3941650391	-1368
25.3942768574	-1368
25.4080138206	-1368
25.4081280231	-1368
25.4202618599	-1023
25.4209189415	543
25.5435290337	-1057
25.5441768169	1057
25.574780941	-1368
25.5748178959	-227
25.6021478176	543
25.6673908234	1057
25.7919378281	1057
25.8107659817	-543
25.8259198666	-1368
25.8259558678	-1368
25.9286279678	-1368
25.9461219311	-543
25.949051857	-580
25.9494578838	543
25.9833090305	1368
26.0722799301	-1057
26.0739150047	1368
26.1045429707	1368
26.1064758301	153
26.1449429989	-1368
26.1449708939	-1368
26.145442009	-1368
26.1454529762	-1368
26.1454739571	-1368
26.1455008984	-1368
26.1486058235	-1368
26.1609129906	-1368
26.160946846	-1368
26.1718218327	-543
26.1723778248	543
26.1972658634	-1226
26.1986358166	-1368
26.1986749172	-1368
26.2229859829	1368
26.2294518948	1289
26.2608089447	-1368
26.3526239395	1057
26.3620488644	-667
26.362074852	1057
26.4600050449	-1368
26.46002388	-203
26.5133638382	-543
26.5153880119	1086
26.5324409008	-1368
26.5324549675	-1368
26.5324919224	-1368
26.5335650444	-1368
26.5336039066	-1368
26.5527229309	-986
26.5527558327	543
26.5775389671	-1368
26.5775728226	-1368
26.5777049065	-1368
26.5777418613	-1368
26.577780962	-1368
26.5831148624	-1086
26.5970439911	-1368
26.5970959663	-1368
26.5971028805	-1368
26.5977489948	-1368
26.5977959633	-1368
26.5978958607	-1368
26.7131309509	-1368
26.7224068642	-1368
26.7224299908	-1368
26.7224578857	-1368
26.7224960327	-1368
26.7225298882	-1368
26.7225759029	-1368
26.7226560116	-1368
26.7245218754	-1368
26.7245519161	-1368
26.7246010303	-1368
26.7246329784	-1368
26.7248768806	1368
26.7370409966	1057
26.7420449257	-1368
26.7420859337	261
26.7420918941	-1368
26.7421009541	-1368
26.7421879768	-1368
26.7539379597	-746
26.7669420242	-1368
26.7669799328	-1368
26.7670090199	-1368
26.7670500278	-1368
26.7672638893	-1368
26.767334938	-1368
26.7673709393	-1368
26.7674050331	-1368
26.7869429588	-1368
26.7869980335	-1368
26.7870190144	-1368
26.7870569229	-1368
26.7870948315	-1368
26.7871420383	-1368
26.7871780396	-1368
26.7872269154	-1368
26.7873458862	-1368
26.7873749733	-1368
26.7874119282	-1368
26.7874510288	-1368
26.8263988495	-1368
26.8264210224	-1077
26.9129090309	-1368
26.912966013	-1368
26.9129920006	-1368
26.9133448601	1368
26.9138958454	-543
26.9319388866	261
26.9581358433	-1368
26.9582288265	-1368
26.9583508968	-1368
26.9583699703	-1368
26.9584479332	-1368
26.9587128162	-1368
26.958771944	-1368
26.9587910175	-1368
26.9772908688	1057
26.9848799706	-1368
26.9849100113	-1368
26.9849288464	-1368
27.0158019066	-1094
27.0369889736	-546
27.1223649979	1086
27.1268079281	-1368
27.1268658638	1057
27.1602928638	-1231
27.2732348442	-1368
27.2987480164	-1368
27.3066370487	-543
27.309887886	-1368
27.3162779808	543
27.3381400108	-406
27.3495278358	1368
27.3579339981	-1368
27.3731999397	-1368
27.3732318878	-1368
27.4721989632	-1368
27.4723310471	203
27.4728019238	-746
27.4739840031	-1368
27.4748308659	1368
27.4749448299	203
27.4913489819	-1368
27.4972250462	-472
27.6097528934	-1368
27.6097898483	-1368
27.6098079681	-1368
27.6104228497	-1368
27.6104960442	-1368
27.6105749607	-1368
27.6121959686	-1368
27.6123719215	-1368
27.6142699718	-203
27.6146440506	1057
27.6222498417	-1368
27.6223299503	-1368
27.6223750114	-1368
27.6224210262	-1368
27.6235220432	1368
27.6301298141	-1368
27.6302909851	-1368
27.6339459419	-1368
27.63397789	-1368
27.6358778477	-1368
27.6359028816	-1368
27.6363279819	-1368
27.6378378868	-1368
27.6439428329	-1368
27.6439638138	-1368
27.6440520287	-1368
27.6440868378	-1368
27.6441190243	-1368
27.6441459656	-1368
27.6441819668	-1368
27.6445949078	1368
27.6520488262	-1368
27.6520829201	-1368
27.6522140503	-1368
27.6558170319	-1368
27.655851841	-1368
27.6558949947	-1368
27.6655919552	1086
27.671859026	-1368
27.6718878746	-1368
27.6719229221	-1368
27.6731100082	-1368
27.6731460094	-1368
27.6732740402	-1368
27.6750919819	-1368
27.6751298904	-1368
27.6751618385	-1368
27.6756799221	-1368
27.6757078171	-1368
27.6757359505	-1368
27.6757678986	-1368
27.7286429405	-462
27.7378799915	-159
27.7378919125	978
27.8641149998	1368
27.8856170177	-1368
27.8857278824	1086
27.8857698441	-717
27.8925459385	232
27.9300780296	-1368
27.9421789646	-1368
27.9422140121	-1368
27.9568428993	-543
27.9606029987	-1368
27.9606280327	-1368
27.9611849785	-1368
27.9612138271	-1368
27.9612419605	-1368
27.9850430489	1368
28.0031180382	-1368
28.0031569004	-1368
28.003182888	-1368
28.0177698135	-1368
28.0178089142	775
28.0214509964	-1368
28.0214910507	-1368
28.0216879845	-1368
28.0217008591	-1368
28.0217118263	-1368
28.024889946	-1368
28.0250239372	-1368
28.0250530243	-1368
28.0251319408	-1368
28.0259718895	-1368
28.0259840488	-1368
28.0261030197	-1368
28.0266189575	-1368
28.0268340111	-1368
28.0268988609	-1368
28.0269429684	-1368
28.0305218697	-1368
28.0305569172	-1368
28.0306649208	-1368
28.0307049751	-1368
28.0307350159	-1368
28.0309398174	-1368
28.0341868401	-1368
28.034211874	-1368
28.0379328728	-1368
28.0379629135	-1368
28.0440199375	1368
28.0444369316	-1368
28.0444660187	-1368
28.0445668697	-1368
28.0446300507	-1368
28.0446798801	-1368
28.0447258949	-1368
28.04565382	1368
28.0459139347	-1208
28.0462198257	-1368
28.051003933	-1368
28.0510289669	-1368
28.0511338711	-1368
28.0511629581	-1368
28.0512809753	-1368
28.0596129894	-1368
28.0597779751	-1368
28.0598089695	-1368
28.060008049	1368
28.0634169579	-1368
28.0634510517	-1368
28.0635528564	-1368
28.0649838448	1368
28.0655088425	-1368
28.0656089783	-1368
28.0656399727	-1368
28.0671539307	-1368
28.0681529045	-1368
28.0681788921	-1368
28.0684218407	-1368
28.0689148903	-1368
28.068944931	-1368
28.0711150169	1368
28.0825679302	1368
28.0973780155	1368
28.1056079865	1368
28.1076238155	-1368
28.1216349602	1368
28.1257040501	1368
28.1286408901	435
28.1307609081	-1368
28.1308019161	-1368
28.1311089993	1368
28.1462728977	-1137
28.167222023	430
28.1691989899	-85
28.1712429523	-1368
28.1712789536	-1368
28.2102808952	-1368
28.2325148582	1368
28.2491278648	-1368
28.2495598793	1368
28.2530870438	-1368
28.2531099319	-1368
28.2576990128	-1368
28.2706699371	-1368
28.2707579136	-1368
28.2707819939	-1368
28.2708599567	-1368
28.2709100246	-1368
28.271105051	-1368
28.2711598873	-1368
28.2715659142	-1368
28.2715988159	-1368
28.2716970444	-1368
28.2739899158	-1368
28.2743089199	1368
28.2779119015	-1368
28.2779400349	-1368
28.2780249119	-1368
28.2854809761	-1368
28.2855210304	-1368
28.2892210484	-1368
28.2892708778	-1368
28.2894320488	-1368
28.3000779152	-1368
28.3001098633	182
28.3001208305	-1368
28.3001270294	-1368
28.3001978397	-1368
28.3091039658	-1368
28.3091368675	-1368
28.3264648914	-1368
28.3265058994	-1368
28.3266239166	-1368
28.3285679817	-1368
28.3299028873	-241
28.3326220512	543
28.3608319759	-66
28.4231889248	543
28.4417989254	-1368
28.4418439865	-1368
28.4418699741	-1368
28.4453430176	-1368
28.4454009533	-1368
28.4505820274	-1368
28.4506130219	-1368
28.4718909264	-1368
28.4719178677	-1368
28.4721469879	-1368
28.4899859428	-791
28.550755024	-1368
28.5507848263	1086
28.5507969856	-1368
28.5508339405	-1368
28.551268816	1368
28.5782558918	-1368
28.5806908607	-1368
28.5807218552	-1368
28.580742836	-1368
28.5824878216	543
28.5966069698	-1368
28.5966320038	-1368
28.5968229771	-1368
28.6005198956	-459
28.6132268906	-1123
28.6243999004	1368
28.6251838207	1368
28.6746578217	435
28.712875843	-543
28.726140976	-1368
28.748636961	-1260
28.7719700336	261
28.7844648361	-1368
28.7844939232	-1368
28.7845199108	-1368
28.784553051	-1368
28.7908370495	-543
28.802177906	-1368
28.8022089005	-1368
28.8022329807	-1368
28.8022499084	-1368
28.8155930042	-1368
28.8195958138	-1368
28.858976841	-1368
28.8593878746	-1368
28.85958004	-1368
28.8596129417	-1368
28.8612809181	1368
28.8612909317	1368
28.8613808155	-1368
28.8633868694	-1368
28.8718550205	-591
28.9051589966	-1368
28.9173829556	1368
28.9437358379	-1368
28.9443130493	543
28.9617040157	1094
28.9697329998	-1368
28.9703068733	1368
28.9714419842	-1368
28.971957922	1368
28.9719660282	1368
28.9827549458	-1368
29.0050280094	1368
29.0202000141	-543
29.0269908905	-1368
29.0282988548	-1276
29.0412478447	-1368
29.0412728786	-1368
29.0413138866	-1368
29.041353941	-1368
29.0455470085	-1368
29.0455670357	-1368
29.0509769917	-1368
29.0650858879	-1368
29.0656929016	1368
29.0657010078	1368
29.0658209324	1368
29.0900299549	-1368
29.0900599957	1363
29.1391160488	-1368
29.1391978264	-1368
29.1513848305	-712
29.1897120476	1057
29.208026886	-1368
29.2080638409	-1368
29.2309179306	-1368
29.2331449986	-1368
29.2331800461	-1368
29.2332189083	-1368
29.2347369194	-1368
29.2347829342	-1368
29.2363898754	1368
29.2365369797	203
29.2372028828	1368
29.2379598618	1368
29.2388989925	1368
29.2398169041	1368
29.2410569191	-978
29.2682449818	-1368
29.2684719563	-1368
29.2685158253	-1368
29.2685320377	-1368
29.2685680389	-1368
29.2686879635	-1368
29.2760038376	-1368
29.2916889191	-1368
29.2919728756	-1368
29.2920110226	-1368
29.2966618538	-1368
29.2966890335	-1368
29.3020918369	-1368
29.3021259308	-1368
29.3021829128	-1368
29.3022220135	-1368
29.3051559925	-1368
29.3051998615	-1368
29.3052070141	-1368
29.30524683	-1368
29.3052890301	-1368
29.3055899143	-1368
29.3056669235	-1368
29.3063719273	-1368
29.3178679943	-330
29.3317599297	-1368
29.3317909241	-1368
29.3323118687	-1368
29.333096981	-1368
29.3331539631	-1368
29.3334579468	-1368
29.3340468407	-1368
29.3347170353	-1368
29.3347458839	-1368
29.3354258537	-1368
29.3474860191	-1368
29.3475999832	-1368
29.3585238457	-1368
29.3586468697	-1368
29.3595869541	812
29.3671388626	-1368
29.3673348427	-1368
29.3718659878	-1368
29.3718979359	-1368
29.3719289303	-1368
29.3719568253	-1368
29.3719849586	-1368
29.3774018288	-1368
29.3775210381	-1368
29.3775620461	-1368
29.377589941	-1368
29.3791389465	1086
29.3944330215	-1368
29.3945019245	-1368
29.3962378502	-1368
29.3962688446	-1368
29.3963689804	-1368
29.3967568874	-1368
29.3968029022	-1368
29.3970208168	-1368
29.3972299099	-1368
29.3976409435	-1368
29.397660017	-1368
29.3978688717	-1368
29.4054338932	-1368
29.4054658413	-1368
29.4225618839	-1368
29.4225919247	-1368
29.4228930473	-1368
29.4229459763	-1368
29.4229769707	-1368
29.4232759476	1368
29.4302408695	-2
29.4324278831	-1368
29.4326570034	-1368
29.4408700466	-240
29.458178997	-1368
29.4582190514	-1368
29.4582350254	-1368
29.4582579136	-1368
29.4582879543	-1368
29.4583239555	-1368
29.4583599567	-1368
29.4588878155	-1368
29.4589169025	-1368
29.4611558914	-1368
29.4611868858	-1368
29.4612300396	-1368
29.4614429474	-1368
29.4615199566	-1368
29.4617388248	-1368
29.4619460106	-1368
29.4619839191	-1368
29.4621038437	-1368
29.4621739388	1368
29.4638369083	-1368
29.463876009	-1368
29.4721109867	-1368
29.4721398354	-1368
29.4733169079	-1368
29.4735059738	1368
29.4872379303	-1368
29.4872848988	-1368
29.4877300262	-1368
29.4877588749	-1368
29.4881689548	-1368
29.4882049561	-1368
29.4882400036	-1368
29.4968090057	-1368
29.4968509674	-1368
29.5012550354	-1368
29.5572009087	-1368
29.5620079041	-1368
29.5625579357	1057
29.6018798351	-493
29.6087379456	153
29.6117680073	-1368
29.6118178368	-1368
29.6119408607	-1368
29.6119618416	-1368
29.6119878292	-1368
29.6157920361	-1368
29.6158838272	-1368
29.615926981	-1368
29.6215929985	-763
29.6238939762	1368
29.6857588291	543
29.6986539364	-1368
29.6986839771	-1368
29.6987178326	-1368
29.6994349957	-1368
29.7348599434	-712
29.7394859791	-1368
29.7396099567	-1368
29.7396678925	-1368
29.7663910389	-1368
29.7664270401	-1368
29.7665288448	-1368
29.7677078247	-1368
29.7677469254	-1368
29.7677748203	-1368
29.7701249123	-1368
29.8132748604	-66
29.8133089542	1260
29.8228340149	-1368
29.8228509426	1086
29.8447158337	-1368
29.8447408676	-1368
29.8448679447	-1368
29.8578410149	-185
29.8597888947	-1368
29.8598148823	-1368
29.914044857	543
29.9278929234	-1368
29.9279198647	-1368
29.9809789658	-783
29.9810109138	543
30.0028400421	-1086
30.0028760433	543
30.0106658936	-1368
30.0106890202	-1368
30.012365818	-1368
30.0124108791	-1368
30.0160899162	-1368
30.0161418915	-1368
30.0433208942	-1368
30.0917758942	-1368
30.0918109417	-1368
30.0920660496	-1368
30.0920948982	-1368
30.0956618786	-1368
30.095690012	-1368
30.0957438946	-1368
30.102342844	1368
30.104364872	-1155
30.104380846	1057
30.1061170101	-1368
30.1061489582	-1368
30.1793179512	-1368
30.1793999672	-1368
30.1794788837	-1368
30.1920318604	-543
30.1921730042	232
30.2274699211	-443
30.2274868488	1057
30.2631239891	-1368
30.3016629219	-1368
30.3017098904	-1368
30.326666832	-1368
30.3267338276	-1368
30.3267929554	-1368
30.3269619942	-1368
30.3270008564	-1368
30.3270838261	-1368
30.3271319866	-1368
30.3272080421	-1368
30.3272440434	-1368
30.3306229115	-1368
30.3306560516	-1368
30.3505809307	-604
30.3510639668	543
30.3814070225	-1152
30.3858289719	543
30.4736919403	-1086
30.5131859779	-1368
30.5426938534	-1368
30.551733017	-1368
30.5518238544	-1368
30.5518488884	-1368
30.5578730106	-1368
30.5659458637	-1368
30.5660309792	-1368
30.5666599274	-1368
30.5678339005	-1368
30.5678579807	-1368
30.5707809925	-1218
30.5710940361	543
30.5726749897	-1368
30.5727369785	-1368
30.5732889175	-1368
30.5736889839	-1368
30.5737378597	-1368
30.5739209652	-1368
30.5741839409	-1368
30.574215889	-1368
30.5742688179	-1368
30.5747318268	-1368
30.5747709274	-1368
30.5751750469	-1368
30.5753200054	-1368
30.5753309727	543
30.5753519535	-1368
30.5757818222	-1368
30.576086998	-1368
30.5761120319	-1368
30.5761399269	-1368
30.5768539906	-1368
30.576887846	-1368
30.5768959522	-1368
30.5773458481	-1368
30.5773580074	-1368
30.5779190063	-1368
30.5779309273	-1368
30.5779418945	-1368
30.5781388283	-1368
30.5781810284	-1368
30.5998139381	-1368
30.6319189072	-1368
30.6319899559	-1368
30.6320159435	-1368
30.6324238777	-1368
30.6324648857	-1368
30.6326379776	1368
30.6327040195	-1368
30.6327569485	-1368
30.6327898502	-1368
30.6340110302	-161
30.6425948143	-1368
30.6426899433	-1368
30.671423912	1368
30.7251579762	-1368
30.7314939499	746
30.7571668625	-1057
30.7602069378	-286
30.8005008698	232
30.8595068455	-1368
30.8638269901	1368
30.9198908806	-1368
30.9201159477	543
30.9302618504	-406
30.9500880241	-543
30.9811840057	-1368
30.9899368286	232
30.9937708378	1368
31.0475559235	-1368
31.0475928783	203
31.1027789116	-1368
31.1043510437	-1152
31.148763895	-1368
31.1645598412	-1368
31.2149159908	-1368
31.2149448395	-1368
31.2154128551	-1368
31.2154459953	-1368
31.2155339718	-1368
31.2156870365	-1368
31.2157230377	-1368
31.215793848	-1368
31.2158210278	-1368
31.2158670425	-543
31.2189948559	-1368
31.2190299034	-1368
31.227506876	-981
31.2277970314	543
31.2419400215	-1368
31.284113884	-1368
31.3334929943	-1368
31.3506629467	-609
31.3700969219	-1368
31.3701248169	543
31.3860719204	-1368
31.3861558437	-1368
31.4069018364	-1368
31.4251909256	1057
31.4611239433	-1086
31.4738588333	-783
31.4852910042	-1368
31.4853248596	-1368
31.4853379726	-1368
31.5197868347	-1368
31.5353229046	-1368
31.5353498459	-1368
31.5969138145	-66
31.5973260403	543
31.622989893	1368
31.6286678314	1368
31.6286799908	1368
31.6382849216	1368
31.6382980347	1368
31.6427650452	1368
31.653069973	543
31.6543028355	1368
31.6611368656	1368
31.6635370255	1368
31.6659920216	1368
31.6711399555	1368
31.674423933	-66
31.678951025	1368
31.7417290211	-1368
31.741756916	778
31.7417669296	-717
31.7666828632	-1368
31.7703728676	-1368
31.778195858	-1368
31.7782309055	-1368
31.780700922	-1368
31.7807300091	-1368
31.8424119949	746
31.8689918518	-1368
31.8690369129	543
31.8690538406	-1368
31.8691418171	-1368
31.8728988171	-1368
31.8729670048	-1368
31.8826758862	-1368
31.8826990128	-1368
31.8827228546	-1368
31.8858430386	-1368
31.885890007	-1368
31.8868620396	-1368
31.8898599148	-1250
31.8904700279	-1368
31.9147160053	543
31.9156348705	-1368
31.9649498463	-1368
31.9650108814	-1368
31.9650478363	-1368
31.9656100273	-1368
31.9656479359	-1368
31.9656889439	-1368
31.9657318592	-1368
31.9690258503	-1368
31.96905303	-1368
31.9690580368	-1368
31.9785969257	-1368
31.9824399948	-1368
31.9898998737	1368
31.9971959591	-543
32.0009820461	-1368
32.0010118484	1318
32.0134689808	-446
32.0135998726	-1368
32.0136318207	-1368
32.0175919533	-1368
32.0303719044	-1368
32.0315768719	543
32.0562310219	-1368
32.0562779903	-1368
32.056347847	-1368
32.057571888	1368
32.0596649647	-1368
32.0597059727	-1368
32.0597288609	-1368
32.0747799873	-1368
32.0749149323	-1368
32.124284029	232
32.1366858482	-264
32.1522068977	-1368
32.1690838337	-1368
32.1692228317	-1368
32.1692500114	-1368
32.1722569466	-1368
32.1722760201	-1368
32.1723198891	-1368
32.1723568439	-1368
32.1728990078	-1368
32.1766278744	-1368
32.2159788609	-1368
32.2161159515	-1368
32.2161419392	-1368
32.2208509445	-667
32.2445688248	-1368
32.2446129322	-1368
32.2598378658	-973
32.2610609531	1368
32.2611768246	203
32.263696909	-1368
32.2637310028	-1368
32.2637619972	-1368
32.2865099907	-1368
32.2875800133	1368
32.3193769455	1368
32.319494009	203
32.3252618313	-1368
32.3831338882	-746
32.3843429089	203
32.3904659748	-1368
32.3905630112	-1368
32.3954000473	-1368
32.3954429626	-1368
32.395622015	-1368
32.4097590446	-132
32.4308638573	-1368
32.4701588154	-1368
32.4701859951	-1368
32.47022295	-1368
32.4993679523	-1368
32.4995779991	1368
32.5076498985	-1226
32.5077638626	261
32.5090348721	543
32.5673370361	-1368
32.5673639774	-1368
32.5673959255	-1368
32.5814180374	-1368
32.5991079807	-1260
32.6006419659	1368
32.6235928535	-1368
32.6309330463	-472
32.6495900154	-1368
32.6496188641	-1368
32.6496529579	-1368
32.6496999264	-1368
32.6497769356	-1368
32.6566178799	-1368
32.6566689014	-1368
32.6568830013	-1368
32.6901710033	-1368
32.7142689228	-1368
32.7142989635	775
32.7143030167	-1368
32.7143099308	-1368
32.7321460247	-1368
32.7383468151	-1368
32.7383909225	-1368
32.7384209633	-1368
32.7384729385	-1368
32.7385108471	-1368
32.7388000488	543
32.7388570309	-1368
32.7388939857	-1368
32.7389290333	-1368
32.7389638424	-1368
32.7390379906	-1368
32.7455580235	-1368
32.7541110516	-1287
32.7901208401	-269
32.7914218903	1368
32.8771560192	-543
32.8859529495	-1368
32.886977911	1368
32.8870890141	203
32.9139130116	-232
32.9406700134	261
32.9798018932	-543
33.0352678299	-1368
33.0818798542	-1368
33.0985598564	-1368
33.0985820293	-1368
33.12616992	-1368
33.1265058517	-1368
33.1265358925	-1368
33.1265640259	-1368
33.1275758743	-1368
33.1276268959	-1368
33.1494479179	-1368
33.1494679451	543
33.1494748592	-1368
33.1495959759	-1368
33.1641118526	-1368
33.1641879082	-1368
33.1642289162	-1368
33.1751990318	-1368
33.1752309799	-1368
33.1753530502	-1368
33.1753828526	-1368
33.1911900043	-1368
33.1912248135	-1368
33.1916978359	-1368
33.191726923	-1368
33.1917538643	-1368
33.1920759678	-1368
33.1921110153	-1368
33.1921458244	-1368
33.1933920383	-543
33.1948769093	-1368
33.1948988438	-1368
33.1949298382	-1368
33.1949670315	-1368
33.2083268166	-581
33.2178528309	-1368
33.2179670334	-1368
33.2180569172	-1368
33.2204818726	-1368
33.2205379009	-1368
33.2210040092	-1368
33.2213249207	1368
33.2216238976	-1368
33.221654892	-1368
33.2223088741	-1368
33.2401299477	-1368
33.2401578426	-1368
33.2401659489	-1368
33.2401788235	-1368
33.2404739857	-1368
33.2556629181	-1368
33.2556838989	-1368
33.2557108402	-1368
33.2561450005	-1368
33.2561728954	-1368
33.2562680244	-1368
33.2569849491	-1368
33.25699687	-1368
33.2570488453	-1368
33.257076025	-1368
33.2571759224	-1368
33.257463932	-1368
33.2694330215	-1368
33.2694489956	-1368
33.269659996	-1368
33.2872979641	-1368
33.2873270512	-1368
33.287514925	-1368
33.2946949005	-1368
33.2947089672	-1368
33.2947340012	-1368
33.29717803	-1368
33.3001878262	-1368
33.3003900051	1368
33.3017709255	-1368
33.3035650253	-1368
33.316534996	-1057
33.3320529461	-1368
33.3978350163	-236
33.3978660107	522
33.4249858856	1368
33.4398069382	-1057
33.6144330502	232
33.8759758472	-543
34.6847679615	-1368
34.6847999096	-203
35.0709178448	1057
35.0716149807	1368
35.071723938	203
35.3274898529	-543
35.3451988697	543
35.3741919994	-543
35.4535470009	543
35.5077250004	1086
35.6273729801	-1368
35.6274118423	-203
35.6288640499	-1368
35.628895998	-1368
35.6291239262	-1368
35.6291589737	-1368
35.6311080456	-1368
35.6311459541	-1368
35.6413109303	-1368
35.6493449211	1057
35.6639828682	-1368
35.7412469387	1368
35.741257906	1368
35.7506058216	-1368
35.7506439686	-1368
35.750658989	-1368
35.7506709099	-1368
35.7521269321	-1368
35.7521669865	-1368
35.7521858215	-1368
35.752218008	-1368
35.7522528172	-1368
35.7522928715	-1368
35.7523179054	-1368
35.7523479462	-1368
35.7543859482	-1368
35.7544178963	-1368
35.7544548512	-1368
35.7544908524	-1368
35.7644879818	-1368
35.7645359039	-1368
35.7692990303	1368
35.8000319004	-543
35.8042089939	-1368
35.8042860031	-1368
35.8046429157	-1368
35.8046779633	-1368
35.8046979904	-1368
35.8115258217	638
35.8300909996	-1368
35.8301148415	-1368
35.850883007	-1368
35.8509118557	-1368
35.8509440422	-1368
35.8650808334	-1368
35.8653578758	543
35.8738508224	-1368
35.8739340305	-1368
35.8739879131	-1368
35.8739979267	-1368
35.8740129471	-1368
35.8740198612	-1368
35.8752520084	-1368
35.8752789497	-1368
35.875305891	-1368
35.8753340244	-1368
35.8753709793	-1368
35.8754060268	-1368
35.8754348755	-1368
35.8754639626	-1368
35.8754930496	-1368
35.8755209446	-1368
35.8755578995	-1368
35.8755848408	-1368
35.8756108284	-1368
35.8756439686	-1368
35.8756699562	-1368
35.8757050037	-1368
35.877630949	-1368
35.8776578903	-1368
35.8776848316	-1368
35.8777148724	-1368
35.8777430058	-1368
35.8777749538	-1368
35.8778049946	-1368
35.8778319359	-1368
35.887650013	-1368
35.8876650333	-1368
35.8876960278	-1368
35.8877358437	-1368
35.8879549503	1368
35.8926320076	-1368
35.8926589489	-1368
35.9140019417	543
35.9532778263	-1368
35.9533858299	261
35.9534058571	-1368
35.9534299374	-1368
35.9534578323	-1368
35.9893898964	-1368
35.9894719124	-1368
35.9936029911	-1368
35.9936299324	-1368
35.9938509464	-1368
35.9938778877	-1368
35.9940760136	-1368
35.9941029549	-1368
35.9941329956	-1368
35.9941608906	-1368
35.994191885	-1368
35.994230032	-1368
35.9971280098	-1368
35.9971649647	-1368
35.9971940517	-1368
35.9972238541	-1368
35.9972720146	-1368
35.9972858429	-1368
35.9973180294	-1368
35.9973628521	-1368
35.9974009991	-1368
35.9974319935	-1368
35.9974648952	-1368
35.9974918365	-1368
35.9986770153	-1368
35.9987099171	-1368
35.9987268448	-1239
36.0263028145	1368
36.0279388428	1368
36.0336430073	1368
36.0385699272	1368
36.0385808945	1368
36.0404570103	-1368
36.0404858589	-1368
36.0405158997	-1368
36.0405449867	-1368
36.0405738354	-1368
36.0406110287	-1368
36.0457749367	1368
36.0516619682	1368
36.0543749332	-1368
36.0544128418	-1368
36.054694891	543
36.0609309673	1368
36.0715348721	1368
36.0715379715	1368
36.0765228271	1031
36.0971958637	1368
36.1510989666	1368
36.1511030197	1368
36.1512198448	1368
36.1512229443	1368
36.1787838936	-1368
36.1788029671	-1368
36.178839922	-1368
36.178869009	-1368
36.1829240322	-1368
36.1829500198	-1368
36.1829798222	-1368
36.1830060482	-1368
36.1832079887	-1368
36.1833479404	-1368
36.1833839417	-1368
36.1834390163	-1368
36.1835029125	-1368
36.1835069656	-352
36.1870009899	-543
36.1874489784	1368
36.2009239197	-1368
36.2009530067	704
36.2017269135	-1368
36.2017798424	-1368
36.2019000053	-1368
36.2023320198	-1368
36.2023868561	-1368
36.2047498226	-1368
36.2047798634	-1368
36.2169759274	-1368
36.2170059681	-1368
36.2171978951	-1368
36.2184000015	-1368
36.2208409309	-1368
36.2208709717	-1368
36.2209899426	-1368
36.2277789116	-1368
36.2277989388	-1368
36.2278540134	-1368
36.2279279232	-1368
36.2282369137	-1368
36.2301478386	-1368
36.2301778793	-1368
36.2314908504	-1368
36.2360358238	-1368
36.2360520363	-1368
36.2361240387	-1368
36.2439420223	543
36.2617259026	-1368
36.262253046	1368
36.2657489777	-1368
36.3108320236	-1311
36.3149909973	1368
36.3715758324	775
36.387665987	-1368
36.434114933	-232
36.4726188183	203
36.513532877	-1368
36.5135579109	-1368
36.5277879238	1368
36.5279228687	203
36.5381019115	-1368
36.5381259918	-1368
36.5385968685	-1368
36.5386328697	-1368
36.5388758183	-1368
36.5389080048	-1368
36.5391039848	-1368
36.541893959	-1368
36.5419239998	-1368
36.5420968533	-1368
36.5572359562	-865
36.5640609264	-1368
36.5640978813	-1368
36.5641748905	-1368
36.5677378178	-1368
36.5677750111	-1368
36.5677950382	-1368
36.5678238869	-1368
36.651018858	1086
36.6560740471	-1368
36.6706080437	1368
36.6719379425	-1368
36.6848750114	-1368
36.6872968674	-1002
36.7356469631	-1368
36.7937760353	232
36.8422119617	-543
36.8443479538	-1368
36.8443770409	-1368
36.8500008583	-746
36.8765108585	-1368
36.8765399456	-1368
36.8765628338	-1368
36.8765888214	-1368
36.8766169548	-1368
36.8766758442	-1368
36.8799610138	-1368
36.8799860477	-1368
36.8801939487	-1368
36.8894679546	-1368
36.8894848824	-1368
36.9035489559	-1368
36.903635025	-1368
36.9036889076	-1368
36.9072790146	-1368
36.907407999	-1368
36.9074308872	-1368
36.9076910019	-1368
36.9080469608	543
36.9291749001	-1368
36.9291989803	543
36.9292240143	-1368
36.9292509556	-1368
36.9297380447	-1368
36.9297678471	-1368
36.9299278259	-1368
36.9338288307	-1368
36.9996750355	-1113
37.0341589451	-509
37.0916359425	543
37.1620788574	-1057
37.1632089615	1368
37.2451078892	-1368
37.2451410294	717
37.2851500511	-203
37.2886209488	543
37.3534128666	1368
37.3682618141	203
37.4897239208	-543
37.6128349304	-543
37.6336848736	-543
37.6363348961	-1368
37.6374208927	-1368
37.6388788223	-1368
37.6389889717	-1368
37.6399250031	-1368
37.6399569511	-1368
37.6399829388	-1368
37.6424679756	-1368
37.6425018311	-1368
37.6799788475	-1368
37.6801140308	-1368
37.6996810436	-1368
37.6997098923	-1368
37.7037320137	-1368
37.75613904	-1368
37.7655949593	-609
37.7667050362	1368
37.7668168545	203
37.8229188919	-1368
37.8229608536	-1368
37.8258888721	-1368
37.8259160519	-1368
37.8268589973	-1368
37.8268799782	-1368
37.8283269405	-1368
37.8283419609	-1368
37.8283748627	-1368
37.8283839226	-433
37.8287298679	543
37.8887798786	-1057
37.889854908	1057
37.9434230328	-1368
37.9434449673	-1368
37.9436328411	-1368
37.9436898232	-1368
37.9437229633	-1368
37.9475238323	-1368
37.9475498199	-1368
37.9671478271	-1368
37.967181921	-1368
38.0129988194	-683
38.0130250454	543
38.0180249214	543
38.0285928249	1368
38.0286068916	1368
38.0963480473	-1368
38.0963888168	-1368
38.0965299606	-1368
38.1361899376	-1152
38.1362009048	920
38.2072088718	1057
38.259444952	-543
38.2732720375	-1368
38.2733259201	-1368
38.273337841	-1368
38.3051629066	-1368
38.3051998615	-1368
38.3052248955	-1368
38.30803895	-1368
38.3080940247	-1368
38.3964009285	-24
38.420717001	1368
38.4208359718	203
38.42816782	1368
38.4332718849	1368
38.4332840443	1368
38.4401428699	1368
38.4415559769	-1368
38.4458818436	1368
38.4547519684	1368
38.4547660351	1368
38.4607439041	1368
38.4769170284	1368
38.5195109844	-203
38.5438609123	285
38.6177818775	-1368
38.6316838264	-1368
38.6317110062	-1368
38.6318509579	-1368
38.6398808956	-1368
38.6399619579	-1368
38.640007019	-1368
38.6651449203	-1368
38.6670458317	-1052
38.6670689583	1057
38.7163338661	-1368
38.7488498688	-1368
38.7488758564	-1368
38.7902059555	-66
38.8043708801	-1368
38.8043909073	-1368
38.8047208786	-1368
38.804749012	-1368
38.8047888279	-1368
38.8049390316	543
38.8084080219	-1368
38.8262469769	-1368
38.8262748718	-1368
38.8303539753	-1368
38.8303940296	-1368
38.8304538727	-1368
38.8469719887	-1368
38.8483538628	1368
38.9132678509	-235
38.9146389961	543
38.9229228497	1368
38.9675478935	949
39.070196867	-1368
39.0702829361	-1368
39.0703918934	-891
39.0741000175	-1368
39.0741689205	-1368
39.0742838383	-1368
39.0858249664	-1368
39.0858478546	-1368
39.0860869884	-1368
39.0864138603	-1368
39.0864419937	-1368
39.0865700245	-1368
39.0866019726	-1368
39.086632967	-1368
39.0868070126	-1368
39.0897300243	-1368
39.089812994	-1368
39.1254708767	1368
39.1278178692	1368
39.1302709579	1368
39.1326818466	1368
39.1876249313	1355
39.1971108913	-127
39.3108139038	1057
39.3581249714	-543
39.4551379681	-1368
39.4551608562	-1368
39.4552569389	-1368
39.458920002	-1368
39.4589569569	-1368
39.4590950012	-1368
39.4688780308	-1368
39.4689500332	-1368
39.4689898491	-1368
39.4689948559	-1368
39.4691069126	-1368
39.4699678421	543
39.472728014	-1368
39.4816198349	-836
39.5260369778	1368
39.5260488987	1368
39.593629837	-1368
39.5937428474	406
39.6047270298	-232
39.6518950462	-1368
39.6753878593	-1368
39.675470829	-1368
39.6754808426	-1368
39.6755068302	-1368
39.6755130291	-1368
39.6787350178	-1368
39.6787610054	-1368
39.6884269714	-1368
39.6922240257	-1368
39.6922998428	-1368
39.7030060291	-1368
39.7557029724	1057
39.7659909725	-293
39.8973119259	-543
40.0574529171	-1057
40.0584700108	1368
40.0585808754	203
40.3273289204	-543
40.4900698662	-543
40.6499650478	-1057
40.6546859741	1368
40.6548159122	203
40.8626558781	-543
41.0619728565	-543
41.2220239639	-1057
41.3680539131	-1368
41.3680720329	-1368
41.421875	-377
41.4746539593	1057
41.6182019711	-543
41.6605188847	-1368
41.6605479717	-1368
41.7032818794	-1368
41.7033360004	-1368
41.7035429478	-1368
41.7036018372	-1368
41.7036240101	-1368
41.7036390305	-1368
41.703701973	-1368
41.7835938931	-169
41.9223690033	1368
41.9224870205	717
42.0114789009	-543
42.0768198967	1057
42.2207269669	-1368
42.220772028	-1368
42.220870018	-1368
42.2208800316	-580
42.2244739532	-1368
42.2245030403	-1368
42.2338600159	-1368
42.2338888645	-1368
42.2339029312	-1368
42.2339339256	-1368
42.2340068817	-1368
42.2377519608	-1368
42.2378129959	-1368
42.2378299236	-1368
42.2378480434	-1368
42.2382898331	543
42.2469348907	-1368
42.2469549179	-1368
42.2470259666	-1368
42.2470989227	-1368
42.2793090343	-1368
42.3440349102	-48
42.4671490192	-1057
42.5279998779	1368
42.5281200409	717
42.5931508541	-1057
42.8309240341	-543
42.9540710449	-543
43.0017650127	-1368
43.1248509884	-232
43.2481279373	-543
44.237664938	-543
44.4757969379	1057
44.4979069233	-543
44.6211278439	-543
44.631841898	-1368
44.6322858334	-1368
44.6325309277	543
44.6326320171	-1368
44.6356778145	-1368
44.6357119083	-1368
44.6357970238	-1368
44.7442979813	-675
44.9122488499	1368
44.9123728275	717
45.0577800274	-543
45.0781328678	1057
45.2149100304	-543
45.2256000042	-1368
45.2256789207	-1368
45.2293608189	-1368
45.2293879986	-1368
45.229501009	-1368
45.2409830093	-1368
45.2410788536	-1368
45.2411389351	-1368
45.241147995	-1368
45.2411708832	-1368
45.24117589	-1368
45.2411839962	-1368
45.2416448593	543
45.2447190285	-1368
45.3487670422	-1368
45.3488209248	-1368
45.348856926	-1368
45.3488609791	-1368
45.3524639606	-164
45.4762179852	-1057
45.5293288231	1368
45.5294759274	717
45.8369569778	-543
45.993393898	-1057
46.2255489826	-543
47.2268428802	-543
47.3685359955	-543
47.4748058319	1057
47.4916110039	-543
47.614812851	-543
47.6395118237	-1368
47.639564991	-1368
47.6395740509	-1368
47.6398589611	-1368
47.6399400234	-1368
47.6399729252	-1368
47.640005827	-1368
47.642729044	-1368
47.6435680389	543
47.6620619297	-1368
47.7381148338	-1368
47.7382009029	-1368
47.7626469135	-1368
47.7626929283	-1368
47.7627270222	-1368
47.7627689838	-1368
47.7628090382	-1368
47.7628669739	-1368
47.7629070282	-1250
47.8037478924	543
47.9157879353	1368
47.9637210369	717
48.264829874	-1057
48.3026900291	1368
48.3028109074	203
48.3879199028	-543
48.5491039753	-1057
48.550110817	1368
48.5502259731	717
48.8048379421	-543
48.9658670425	-543
49.0891268253	-1057
49.2123398781	-1057
49.2598879337	1057
49.3952250481	-543
49.5786159039	-543
49.7715148926	-543
49.7731249332	-1368
49.7732288837	-1368
49.7732520103	-1368
49.7732720375	-1368
49.773293972	-1368
49.7733118534	-957
49.7769789696	-1368
49.7770390511	-1368
49.7772059441	-1368
49.7985210419	-1368
49.7985789776	-1368
49.8975179195	-957
49.9528679848	-1368
50.0207829475	-1231
50.0692670345	543
50.079862833	1368
50.2031559944	203
50.2483878136	-1368
50.2484200001	-1368
50.2484500408	-1368
50.2484579086	-66
50.3637290001	543
50.3706319332	-1368
50.3717699051	-717
50.3746328354	-1368
50.3971319199	-1368
50.4360718727	1368
50.4549558163	1368
50.4620258808	1368
50.4666140079	1368
50.4697859287	1368
50.4741148949	1368
50.4784538746	1368
50.4870150089	480
50.4935150146	1368
50.4948699474	-920
50.4958980083	1368
50.6100459099	464
50.6192069054	-543
50.6309959888	-1368
50.6489069462	-1368
50.6489329338	-1368
50.6754398346	-1368
50.6755340099	-1368
50.6755969524	-1368
50.6791050434	-1368
50.7153608799	-1368
50.7291069031	-1368
50.7541589737	-1284
50.7541878223	543
50.7571368217	-1368
50.8772809505	-203
50.9103398323	1368
50.9105088711	203
50.914580822	543
50.9755139351	-1368
50.9755430222	-1368
51.0006189346	-406
51.0336070061	543
51.0481619835	-1368
51.0483248234	-1368
51.0762610435	-1368
51.0764789581	-1368
51.1437408924	-1368
51.1439769268	-1368
51.1442070007	-1368
51.1566720009	-335
51.2187719345	-1368
51.2225279808	-1368
51.2225580215	-1368
51.222730875	543
51.2323520184	-1368
51.2394938469	-1368
51.2445328236	-1368
51.279845953	-161
51.4035799503	-1057
51.4876558781	-1368
51.4877090454	-1368
51.4877529144	-1368
51.4877569675	-1368
51.4877648354	-1368
51.4879498482	-1368
51.4891209602	1368
51.4892389774	717
51.5000059605	-1368
51.5000338554	-1368
51.5000720024	-1368
51.5136008263	-1368
51.5136358738	-1368
51.5136518478	-1368
51.5137808323	-1368
51.5138149261	-1368
51.5138950348	-1368
51.5253279209	-1368
51.5253520012	-1368
51.5254039764	-1368
51.5374548435	-1368
51.5374758244	-1368
51.5375759602	-1368
51.5821008682	-1368
51.5821299553	-1368
51.6108858585	-1368
51.6109089851	-1368
51.61094594	-1368
51.610973835	-1368
51.6110060215	-1368
51.6110408306	-1368
51.611068964	-1368
51.611096859	-1368
51.6111249924	-1368
51.6111609936	-1368
51.611178875	-1211
51.6116528511	1368
51.6122779846	261
51.7353420258	543
51.8110439777	-543
51.9024808407	-1368
51.9138178825	543
51.9740819931	-717
52.0973739624	-1057
52.0986838341	1368
52.0987980366	717
52.4265940189	-543
52.512059927	543
52.5423698425	-1368
52.635327816	-1260
52.6364498138	543
52.7930219173	-1368
52.793118	-203
52.7944998741	543
52.821051836	1368
52.8348720074	-1368
52.879338026	-543
52.916164875	-203
52.9442579746	232
52.946559906	-1368
53.0167429447	1368
53.039265871	-746
53.1119129658	203
53.193295002	-1368
53.1933200359	-1368
53.1935508251	-1368
53.1935868263	-1368
53.193764925	-1368
53.1938500404	-1368
53.1939139366	-1368
53.1939530373	-1368
53.2153398991	-1368
53.2153689861	-1368
53.2154040337	-1368
53.2154519558	-1368
53.2154829502	-1368
53.2349770069	-981
53.4261598587	-543
53.5946500301	-1057
53.9114539623	543
53.9117069244	1368
54.010712862	-1368
54.0107548237	-1368
54.0107738972	-377
54.0156450272	-1368
54.015668869	-1368
54.0349290371	203
54.1339318752	-920
54.1957368851	543
54.2939388752	-543
54.4170639515	-1057
54.5086109638	543
54.7322049141	-1368
54.7322618961	-1368
54.7322838306	-1368
54.7322888374	-580
54.7325789928	543
54.7326598167	-1368
54.7326788902	-1368
54.7329080105	-1368
54.7329268456	-1368
54.7361109257	-1368
54.736137867	-1368
54.7362809181	-1368
54.8554809093	-277
54.8919270039	543
55.0190558434	1368
55.0917339325	203
55.3957259655	-543
55.4828958511	-1368
55.5579998493	-203
55.6812050343	-1057
55.9188809395	543
56.5097849369	543
56.7404978275	-1368
56.7405478954	-1368
56.7405610085	-891
56.7407510281	-1368
56.7407779694	-1368
56.7410268784	-1368
56.7415838242	-1368
56.7416419983	-1368
56.7442209721	-1368
56.863560915	-132
56.9140019417	543
57.0301878452	1368
57.0303108692	203
57.3344449997	-543
57.4956068993	-1057
57.5252549648	-543
57.9193558693	543
58.2529239655	-543
58.5107200146	543
58.6569359303	-1368
58.6570160389	-1368
58.6570379734	-377
58.6575479507	543
58.6580119133	-1368
58.6580328941	-1368
58.6621940136	-1368
58.7801759243	-1094
58.9032449722	-543
59.0240409374	1368
59.0241649151	203
59.3411099911	-543
59.5113978386	-1057
59.5271630287	-543
59.5277559757	543
59.7171978951	-543
60.5073409081	543
60.5283818245	-543
60.6516449451	-543
60.7424499989	-1368
60.7425308228	-1368
60.7425508499	-1368
60.7425699234	-1368
60.7425918579	-1368
60.7442719936	-1368
60.7442958355	-1368
60.7443509102	-1368
60.7778859138	-1368
60.7779819965	-712
61.0258169174	1368
61.0259408951	203
61.1265590191	-543
61.3394248486	-543
61.5151698589	-1057
61.7923719883	-543
62.5091719627	543
62.6550450325	-1368
62.6551239491	-203
62.65513587	-1368
62.6588850021	-1368
62.668599844	-1368
62.6686689854	-1368
62.7782289982	-269
62.7786068916	1057
63.0252070427	1368
63.0253620148	203
63.3424019814	-543
63.3717038631	-1368
63.4958269596	-203
63.4970908165	1057
63.6204929352	-1057
63.6205179691	1057
63.8588068485	-543
63.8605728149	-1368
63.8605978489	-1368
63.8606338501	-1368
63.8606598377	-1368
63.8607130051	-1368
63.8627138138	-1368
63.8627419472	-1368
63.8627688885	-1368
63.8740539551	-1368
63.9837598801	-1368
63.9837889671	-1368
63.9838140011	-1368
63.9838440418	-1368
63.9838738441	-1368
63.9839088917	-1368
63.9839379787	-1368
63.9839658737	-1368
63.9839949608	-1368
63.9840288162	-1368
63.9840600491	-1368
63.984087944	-1368
63.9844269753	543
63.9859268665	-1368
63.9859418869	-607
64.0539970398	1368
64.1076459885	203
64.5070719719	543
64.9531319141	-1368
64.9532239437	-1368
64.9532790184	-891
64.9532868862	-1368
64.9532959461	-1368
64.9534878731	-1368
64.9568469524	-1368
65.0294368267	1368
65.0295579433	203
65.0764799118	-783
65.3437318802	-543
65.5207710266	-1057
65.6656730175	-543
65.7889330387	-1086
66.5073728561	543
66.5536298752	-543
66.6063308716	-1368
66.653334856	-1368
66.6533939838	-1368
66.6537048817	-1368
66.6570570469	-1368
66.6666009426	-1368
66.6770129204	-1305
66.9143698215	543
67.0189938545	1368
67.0191419125	203
67.1615228653	-1368
67.1616299152	-203
67.1754949093	1057
67.3257379532	-543
67.4895999432	-1057
67.4898738861	543
67.6127698421	-543
67.7423529625	-1368
67.7423849106	-1368
67.7423958778	-1368
67.7460029125	-1368
67.7460319996	-1368
67.7461538315	-1368
67.7510180473	-1368
67.7510819435	-1368
67.7590758801	-1368
67.7741470337	-1368
67.7742049694	-1368
67.8655309677	-1368
67.8655688763	-1368
67.8655948639	-1368
67.8656008244	-1368
67.8656480312	-1368
67.8656568527	-1368
67.8692948818	-1368
67.869343996	-1368
67.8693668842	-570
67.8696918488	543
68.1149380207	-543
68.5128598213	543
68.7538559437	-1368
68.7539558411	-1368
68.7540509701	-377
68.7540769577	-1368
68.7541029453	-1368
68.7578849792	-1368
68.7579958439	-1368
68.7580149174	-1368
68.7706358433	-1368
68.7706799507	-1368
68.7712318897	543
68.8772928715	-1368
68.8773808479	-1368
68.8774218559	-1368
68.8774290085	-1368
68.8774409294	-1368
68.8774619102	-1321
69.0060558319	1368
69.006180048	203
69.3259420395	-543
69.4994959831	-1057
69.8894460201	-1368
69.889526844	-1368
69.8895478249	-377
71.0245139599	1368
71.0246369839	203
71.3309860229	-543
71.5063278675	-1057
71.7162089348	-1368
71.7162950039	-1368
71.7163100243	-1368
71.7163159847	-1368
71.7164168358	-1368
71.7164289951	-957
71.7167069912	543
71.7304148674	-1368
71.7304430008	-1368
71.730465889	-1368
71.8395240307	-1123
72.5345668793	-543
72.5534319878	-1368
72.5919559002	1057
72.6582288742	-746
72.6879079342	1057
73.0592968464	1368
73.0594148636	203
73.3481090069	-1368
73.3481459618	-203
73.4712679386	-543
73.559401989	-1368
73.5595200062	-1368
73.5788838863	-1368
73.5791149139	543
73.5945119858	-66
73.635835886	-1368
73.7539620399	-203
73.9799668789	-543
74.1078879833	-543
74.1952219009	-543
74.2401640415	-1368
74.26009202	-1368
74.2601709366	-1368
74.3847558498	-1123
74.3967378139	543
74.3981308937	1057
74.5545799732	-543
74.5709309578	-1368
74.6779308319	-203
74.6818790436	543
75.6466729641	-543
76.3667888641	-1368
76.3668689728	-203
76.4296329021	543
76.6646809578	-543
76.681937933	-1368
76.7732079029	-543
76.7878398895	-203
76.8438308239	-1368
77.0005860329	-717
77.0402638912	543
77.3867118359	-543
77.3883578777	-1368
77.3884048462	-1368
77.389289856	-1368
77.3893339634	-1368
77.3893568516	-1368
77.4309489727	-1368
77.4310019016	-1368
77.4310159683	-1368
77.4314210415	543
77.4504799843	-1368
77.4743959904	-1057
77.4762289524	543
77.5760588646	-1368
77.5762059689	-1368
77.5776598454	-1368
77.5777118206	-1368
77.5781469345	-1368
77.5781710148	-1368
77.5790679455	-1368
77.5790929794	-1368
77.5791258812	-1368
77.5791528225	-1368
77.5791809559	-1368
77.5792088509	-1368
77.6206128597	-1368
77.6206769943	-1368
77.6207158566	-1368
77.6207318306	-1368
77.6207408905	-1368
77.6207449436	-1368
77.6544618607	-543
77.654515028	543
77.6605780125	543
77.6761329174	-1368
77.6762239933	-1368
77.7655909061	-1368
77.7656469345	-1368
77.7669858932	-1368
77.7670009136	-1368
77.7670249939	-1368
77.7670588493	-1368
77.7677278519	-1368
77.767747879	-1368
77.7677879333	-1368
77.7678308487	-1368
77.7687089443	-1368
77.768750906	-1368
77.7687559128	-750
77.8016879559	-1368
77.8017189503	-1368
77.8017380238	-1368
77.8017408848	-1368
77.80189991	-1368
77.8019049168	-957
77.8054850101	-1368
77.8055038452	-1368
77.8056998253	-1368
77.8179278374	-1368
77.8676788807	1368
77.9248988628	-1368
77.9249248505	-1368
77.9249420166	-1368
77.9249839783	-1368
77.9250328541	-1368
77.9250700474	-1368
77.9251089096	-1368
77.9251430035	-1368
77.9251759052	-1368
77.9252159595	-1368
77.9253108501	-1368
77.9253659248	-1329
77.925565958	543
77.9286818504	1289
78.0881328583	543
78.2552359104	-543
78.3503718376	-543
78.3528399467	-1368
78.3528888226	-1368
78.3532409668	-1368
78.3532788754	-1368
78.3533248901	-1368
78.3979589939	-1368
78.3979918957	-1368
78.3980178833	-1368
78.4170789719	-1368
78.4171609879	-1368
78.4171710014	-1368
78.4173569679	-1368
78.4173848629	-1368
78.5394928455	-1010
78.5588028431	543
78.7486748695	543
78.9036898613	-543
78.9063918591	-1368
78.9064719677	-1368
78.9069609642	-1368
78.907006979	-1368
78.9070169926	-1368
78.9383189678	543
78.9536888599	-1368
78.9537909031	-1368
78.9538509846	-1368
78.9702329636	-1368
78.9703028202	-1368
78.9703149796	-1368
78.9704098701	-1368
78.9706609249	-1368
78.9706919193	-1368
78.9715869427	-1368
78.9716370106	-1368
78.9716448784	-1368
78.9719049931	-1368
78.9722859859	-1368
78.9725239277	-1368
79.0105600357	-1368
79.0114488602	-1368
79.0375549793	-1368
79.0376348495	-1368
79.0957210064	-1129
79.0961799622	-1368
79.0962040424	-1368
79.0962409973	-1368
79.0971739292	-1368
79.0971939564	-1368
79.0979449749	-1368
79.0979650021	-1368
79.0980789661	-1368
79.1000230312	-1368
79.1000468731	-1368
79.100071907	-1368
79.1012449265	-1368
79.1013929844	-1368
79.1023418903	-1368
79.1119258404	1057
79.1433069706	-1368
79.1433320045	1086
79.1433398724	-1368
79.1434178352	-1368
79.1434469223	-1368
79.1595768929	-1368
79.1596708298	-1368
79.1845948696	-1368
79.1846399307	-1368
79.1846489906	-1368
79.2850599289	-810
79.3120639324	1057
79.3724339008	1086
79.6972439289	-543
79.8971178532	-543
79.900261879	-1368
79.9442799091	-1368
79.9443130493	-1368
79.9444639683	543
79.9620079994	-1368
79.962033987	-1368
79.9620578289	-1368
80.0864179134	-646
80.3234529495	-543
80.4465949535	-543
80.4469709396	1368
80.4470598698	1368
80.4470808506	203
80.4472060204	203
80.5954289436	-1368
80.5954549313	-203
80.7076020241	-1368
80.7186598778	-232
80.719632864	543
80.7689709663	-1368
80.7727599144	-1368
80.7871370316	-1368
80.7929339409	-543
80.8427119255	-1123
80.8800909519	543
80.9820728302	-543
81.2491378784	-1057
81.3722770214	-543
82.9419100285	-543
84.2602510452	-543
84.5908558369	-543
84.7178800106	-1368
84.717952013	-717
84.7197079659	1368
84.7198250294	203
84.7576420307	1368
84.8146760464	1368
84.814688921	1368
84.8430669308	95
85.2288570404	-543
85.5860989094	-543
85.6967699528	-1368
85.7092778683	-1231
85.7102949619	1368
85.710408926	203
85.7189610004	-1368
85.7189910412	-1368
85.7190308571	-1368
85.7226638794	-1368
85.7226889133	-1368
85.7227599621	-1368
85.7249839306	-1368
85.7250049114	-1368
85.7823858261	1368
85.7943189144	1057
85.81990695	-1368
85.8199448586	-1368
85.8324449062	-1368
85.8324718475	-1368
85.8330938816	1368
85.8334999084	435
85.8423018456	-1368
85.8423359394	-1368
85.8423650265	-1368
85.842402935	-1368
85.8457169533	-533
85.8469188213	1368
85.9309358597	1368
85.9565358162	949
86.00999403	-1368
86.0100169182	-1368
86.0100488663	-1368
86.0100858212	-1368
86.010133028	-1368
86.0101430416	-957
86.0154469013	-1368
86.0154809952	-1368
86.0155088902	-1368
86.015545845	-1368
86.0612518787	-1368
86.0616288185	1368
86.1003379822	-543
86.1065628529	-1368
86.1066038609	746
86.1066110134	-1368
86.1139240265	1368
86.123363018	1368
86.1332030296	-364
86.1677868366	1057
86.2297759056	435
86.3310949802	-543
86.3313360214	-543
86.3954339027	-1368
86.3954749107	-1368
86.5208530426	-920
86.5256910324	543
86.5263860226	1057
86.5381839275	-543
86.6979780197	-1086
86.7178268433	-1368
86.8410308361	-1260
86.8443028927	1368
86.8444180489	203
86.8504469395	-543
86.9137928486	543
86.9580390453	-1368
86.964220047	-232
86.9646680355	543
87.0873589516	-1086
87.201969862	-543
87.2034988403	-1368
87.2050418854	-1368
87.2479870319	-1368
87.2580869198	-1057
87.2666258812	-1368
87.2807848454	1057
87.3811728954	-543
87.3913359642	-385
87.4198269844	-543
87.5809910297	-543
87.6127178669	-1368
87.6519780159	-543
87.6748859882	-1368
87.674973011	-1368
87.6750450134	-1368
87.7703139782	-298
87.7755758762	543
87.9599778652	-543
87.9649720192	1086
88.1336648464	-1368
88.1337039471	-1368
88.1337919235	-891
88.137444973	-1368
88.1374769211	-1368
88.1375439167	-1368
88.1380529404	543
88.1543588638	-543
88.1835310459	1368
88.2525370121	543
88.2567579746	-66
88.2612438202	203
88.44211483	-543
88.4421408176	543
88.4912099838	-1368
88.4933488369	-1368
88.4933738708	-1368
88.4934039116	-1368
88.5380280018	-1368
88.5380530357	-1368
88.5380709171	-1368
88.5547008514	-1368
88.5547609329	-1368
88.6317698956	-1368
88.6317989826	-1368
88.6608450413	-543
88.6672258377	-1368
88.6672558784	-1368
88.6722769737	-1368
88.6723918915	-1368
88.6724178791	-1368
88.6760790348	-1368
88.6760969162	-1368
88.676117897	-1368
88.6826908588	-633
88.7035520077	-1368
88.7056469917	-1368
88.705714941	-1368
88.7057278156	-1368
88.743573904	-1368
88.743598938	-1368
88.7436299324	-1368
88.743901968	543
88.7597668171	-1368
88.7599859238	-1368
88.7646620274	-1368
88.7904748917	-1368
88.7906119823	-372
88.8443398476	-1368
88.8721590042	-430
88.9722259045	543
89.0012319088	-1368
89.0012559891	-1368
89.0012919903	-1368
89.0614278316	-66
89.0677859783	1057
89.2004489899	543
89.2188949585	-543
89.2355928421	-1368
89.3420469761	-1231
89.4652290344	-1086
89.4685029984	1057
89.5508699417	-543
89.7281110287	-543
89.8192808628	-543
89.8515050411	-1057
89.8597998619	1057
89.8841269016	-1368
90.0089139938	-203
90.4743599892	-1368
90.4744830132	-717
90.5178418159	1057
90.5629520416	1057
90.6990668774	-1368
90.6991038322	-1231
90.8536310196	-543
91.1144640446	543
91.1388030052	-543
91.1410079002	-1368
91.1410608292	-1368
91.1415970325	-1368
91.141644001	-1368
91.141876936	-1368
91.1859848499	-1368
91.186070919	-1368
91.1860899925	-1368
91.204625845	-1368
91.3286979198	-1368
91.3287370205	-1368
91.330591917	-1368
91.3306119442	-1368
91.3308298588	543
91.3309159279	-1368
91.3309550285	-1368
91.3310518265	-1368
91.3310978413	-1368
91.3311319351	-1368
91.3311579227	-1368
91.3311870098	-1368
91.3312540054	-1368
91.3410110474	1057
91.3755269051	-1368
91.3756468296	-1368
91.375677824	-1368
91.3757050037	-1368
91.3757328987	-1368
91.3757619858	-1368
91.394423008	-1368
91.3945109844	-1368
91.5179469585	-1368
91.5179688931	-1368
91.5180089474	-1368
91.518048048	-1368
91.5199139118	-1368
91.5199398994	-1368
91.5199790001	-1368
91.5199990273	-1368
91.5201330185	1368
91.5204799175	261
91.5205259323	-452
91.521009922	-543
91.5219929218	1368
91.5491008759	-1368
91.6441118717	-203
91.7098109722	775
91.9865958691	-543
92.0512259007	-1368
92.0512850285	-1368
92.1159498692	-1368
92.1644909382	-543
92.1806149483	-1368
92.1806428432	-1368
92.2124190331	-1015
92.2195470333	543
92.4088768959	543
92.5434098244	-543
93.0110230446	-543
93.2001810074	-543
93.3807809353	1057
93.9544260502	-543
93.9570219517	-1368
93.9578318596	-1368
93.9578938484	-1368
94.0026829243	-1368
94.0027618408	-1368
94.0027799606	-1368
94.0201778412	-1368
94.0202250481	-1368
94.0212688446	-1368
94.1437079906	-1368
94.1437888145	-1368
94.1463940144	-1368
94.1464250088	-1368
94.1467280388	543
94.1470558643	-1368
94.1470899582	-1368
94.1471288204	-1368
94.1471378803	-1368
94.1920719147	-1368
94.1921138763	-1368
94.192139864	-1368
94.1921730042	-1368
94.1922109127	-1368
94.1923940182	-1368
94.2094659805	-1368
94.2095239162	-1368
94.2095658779	-1368
94.2095739841	-1368
94.2104890347	-1368
94.2105078697	-1368
94.3336119652	-1368
94.3336670399	-660
94.3360249996	543
94.73386693	-543
96.123898983	1057
96.6943118572	-543
96.6947748661	543
96.884308815	-543
96.9150009155	543
96.9151639938	-1368
96.9152209759	-1368
96.9152369499	-1368
96.9160249233	-1368
96.9160590172	-1368
96.9162709713	-1368
96.9167528152	543
96.956941843	-1368
96.9570138454	-1368
96.9774060249	-1368
97.1043980122	-1368
97.1044700146	-1368
97.1044850349	-1368
97.1044979095	-1368
97.1045098305	-1368
97.1045219898	-1368
97.104544878	-1368
97.1045808792	-1368
97.1051168442	-1368
97.1051459312	-1368
97.1051819324	-1368
97.1054279804	-1368
97.1062648296	-1368
97.1062958241	-1368
97.1073148251	543
97.1465468407	-1368
97.1465740204	-1368
97.1465928555	-1368
97.1465969086	-1368
97.2042179108	-1368
97.204282999	-1368
97.2941880226	-1368
97.2942168713	-1368
97.2942340374	-1368
97.294260025	-1368
97.2942910194	-1368
97.2943258286	-1368
97.2943639755	-1368
97.294397831	-1368
97.2944278717	-1368
97.2944569588	-1368
97.2944948673	-1368
97.294522047	-1368
97.2945549488	-1368
97.2945790291	-1368
97.2946088314	-1368
97.2946410179	-1368
97.2946689129	-1368
97.2946989536	-1368
97.2947330475	-1368
97.2948930264	-1368
97.2949228287	-1368
97.2949578762	-1368
97.2955298424	-1368
97.2955670357	-1368
97.2957220078	-1368
97.2957630157	-1368
97.2958049774	-1368
97.2958450317	-1368
97.3360729218	-1368
97.3361179829	1086
97.3361458778	-1368
97.3361589909	-1368
97.3361799717	-1368
97.3361890316	-1368
97.3362278938	-1368
97.3362548351	-1368
97.3362748623	-1368
97.3432028294	1368
97.3935790062	-1368
97.3936748505	-1368
97.3937208652	-1368
97.3937339783	-1368
97.4839618206	-1368
97.484030962	-1368
97.4840688705	-1368
97.4840810299	-1368
97.4841039181	-1368
97.4841139317	-1368
97.4841308594	-1368
97.4841389656	-1368
97.4841458797	-1368
97.4841508865	-1368
97.484197855	-1368
97.4842228889	-1368
97.4842498302	-1368
97.4842748642	-1368
97.4843230247	-1368
97.4845199585	-1368
97.4845519066	-1368
97.484598875	-1368
97.484639883	-1368
97.4846749306	-1368
97.4847199917	-1368
97.484746933	-981
97.532886982	1318
98.216135025	-543
98.9247949123	1057
99.0107488632	-543
99.5714199543	-543
99.5735628605	-1368
99.5736138821	-1368
99.5748739243	-1368
99.5749459267	-1368
99.5749640465	-1368
99.6186070442	-1368
99.6186339855	-1368
99.6186540127	-1368
99.6189599037	543
99.637773037	-1368
99.7629170418	-1368
99.7629580498	-1368
99.7629649639	-1368
99.7630639076	-1368
99.7642629147	-1368
99.7642998695	-1368
99.7645168304	-1368
99.7645568848	-1368
99.7645888329	-1368
99.7646448612	-1368
99.7646780014	-1368
99.7647130489	-1368
99.8082299232	-1368
99.808287859	-1368
99.8083260059	-1368
99.8083319664	-1368
99.8084080219	-1368
99.8084249496	543
99.8084318638	-1368
99.8642919064	-1368
99.864317894	-1368
99.9525549412	-1368
99.9526059628	-1368
99.9526469707	-1368
99.9526548386	-1368
99.9527029991	-1368
99.952755928	-1368
99.9528000355	-1368
99.9528410435	-1368
99.9537799358	-1368
99.953840971	-1368
99.9539580345	-1368
99.9539890289	-1368
99.9541819096	-1368
99.9542078972	-1368
99.9542338848	-1368
99.9542639256	-1368
99.9543588161	-1368
99.9543948174	-1368
99.954529047	-1368
99.9545650482	-1368
99.9545948505	-1368
99.9546220303	-1368
99.9546849728	-1368
99.9547128677	-1368
99.9975919724	-1368
99.9976189137	-1368
99.9976489544	-1368
99.9976530075	-1368
99.9976789951	-1368
99.9977228642	-1368
99.997740984	-1368
99.9977688789	-1368
99.9978368282	-1368
99.9978480339	1086
99.9978649616	-1368
100.036427975	-1368
100.036469936	-1368
100.053829908	-1368
100.053881884	-1368
100.053920031	-1368
100.053936005	-1368
100.142133951	-1368
100.142192841	-1368
100.142244816	-1368
100.142252922	-1368
100.142268896	-1244
100.224370956	1086
101.722568035	1057
102.302546024	-543
102.304039955	-1368
102.304152966	-1368
102.305732965	-1368
102.305814981	-1368
102.305838823	-1368
102.349534035	-1368
102.349606991	-1368
102.349620819	-1368
102.368338823	-1368
102.368742943	543
102.491991997	-1368
102.492050886	-1368
102.493417978	-1368
102.493485928	-1368
102.493520021	-1368
102.493559837	-1368
102.494971037	-1368
102.494994879	-1368
102.495067835	-1368
102.495093822	-1368
102.495127916	-1368
102.495147943	-1368
102.538791895	-1368
102.538835049	-1368
102.538879871	-1368
102.538923025	-1368
102.53904295	-1368
102.539073944	-1368
102.557896852	-1368
102.557988882	-1368
102.558212042	1086
102.681499004	-1368
102.681527853	-660
103.914661884	543
104.525876999	1057
105.332437992	-543
105.336766958	-1368
105.336848021	-1368
105.339805841	-1368
105.339841843	-1368
105.339865923	-1368
105.384380817	-1368
105.384629965	-1368
105.384670019	-1368
105.398821831	-1368
105.526260853	-1368
105.526309013	-1368
105.526342869	-1368
105.52637887	-1368
105.529086828	-1368
105.529119968	-1368
105.52913785	-844
105.52947402	543
107.325811863	1057
107.669802904	-543
107.948967934	-543
107.952137947	-1368
107.952209949	-1368
107.953965902	-1368
107.954023838	-1368
107.954030991	-1368
107.995784044	-1368
107.995893002	-1368
107.99595499	-1368
108.01533103	-1368
108.141481876	-1368
108.141543865	-1368
108.14158082	-1368
108.141588926	-1368
108.14218688	543
108.143503904	-1368
108.143556833	-1368
108.143600941	-1368
108.143610001	-1368
108.143623829	-1368
108.143640041	-1368
108.143657923	-1368
108.143697023	-1368
108.185397863	-1368
108.185446978	-1368
108.185488939	-296
108.331645966	543
109.914597034	543
109.914634943	543
110.008384943	-543
110.330998898	-543
110.914528847	543
113.045816898	-543
