0	543
0.25808095932	1057
0.494931936264	-543
0.548447847366	-1368
0.549366950989	-1368
0.550282001495	-1368
0.587209939957	-1368
0.665709018707	-327
0.667659044266	543
0.668484926224	543
0.914403915405	-543
1.34037899971	-543
1.34042692184	-1368
1.34057688713	-1368
1.340695858	-1368
1.34091091156	-1368
1.34107995033	-1368
1.34745383263	-1368
1.34832382202	-1368
1.34932303429	-1368
1.38022184372	-1368
1.3852918148	1057
1.38820981979	1057
1.4139509201	1057
1.43123793602	1057
1.51472401619	-1368
1.51481199265	-1368
1.51492595673	-1368
1.51515984535	-1368
1.5153028965	-1368
1.51544189453	-1368
1.5156378746	-1420
1.51564192772	-510
1.51576781273	543
1.52382898331	1057
1.55018496513	1057
1.63971996307	-1368
1.64076590538	-1368
1.64122080803	-1368
1.65146994591	-1368
1.66117596626	-1368
1.66299295425	-1368
1.66409802437	-1368
1.68140792847	543
1.68939685822	-393
1.68981695175	-1368
1.7007818222	-1368
1.70169186592	-1368
1.70271492004	-1368
1.70353388786	543
1.703799963	1460
1.70384597778	1460
1.70388293266	1161
1.7039539814	1117
1.74147582054	-1368
1.79363298416	-1368
1.79485297203	-1368
1.79578304291	-1368
1.79613900185	-1368
1.79621100426	-1368
1.79629993439	543
1.79634785652	-1368
1.79648995399	-1368
1.796656847	-1368
1.79701900482	543
1.80655503273	-1368
1.80744981766	-1368
1.82947087288	-1368
1.82949590683	-1368
1.82967686653	-1368
1.83481287956	543
1.84291195869	543
1.8433368206	1460
1.84338498116	1460
1.84342002869	193
1.84433197975	-1368
1.86281991005	-317
1.8718290329	543
1.87210798264	1460
1.87217998505	111
2.01362490654	-1368
2.01370096207	-1368
2.0138399601	-1368
2.01400494576	-1368
2.01438689232	-1368
2.01458692551	-1368
2.01475596428	-1368
2.01541399956	-1368
2.0155749321	-1368
2.01573586464	-1368
2.0158829689	-1368
2.0160138607	-1368
2.01616501808	-1368
2.01632881165	-1368
2.01646780968	-1368
2.02528095245	-1368
2.02543091774	-1368
2.02553701401	543
2.02620196342	-1368
2.03576087952	-968
2.05306601524	-1368
2.05327296257	-1368
2.05359983444	-1420
2.05361390114	-1420
2.05367588997	-1264
2.05367898941	-1368
2.05383086205	-1368
2.05397081375	-1368
2.05412483215	-1368
2.05420398712	-1368
2.05436897278	-1368
2.0544219017	543
2.05452895164	-1368
2.05465388298	-1368
2.05478596687	-1368
2.05489897728	-1368
2.05508184433	-1368
2.05520582199	-1368
2.05535387993	-1368
2.05546593666	-1368
2.05555701256	543
2.05559587479	-1368
2.05576181412	-1368
2.05590295792	-1368
2.05603504181	-1368
2.05618095398	-1368
2.05631804466	-1368
2.05646085739	-1368
2.05664801598	-1368
2.1868519783	-1368
2.18770384789	-1368
2.18787288666	-1368
2.18802499771	-1368
2.18819499016	-1368
2.18836903572	-1368
2.18852496147	-1368
2.18863201141	-1368
2.18876981735	-1368
2.18909192085	-1420
2.18913984299	-1316
2.18922185898	543
2.18927097321	-1368
2.18935585022	-1368
2.18952083588	-1368
2.18965601921	-1368
2.18978190422	-1368
2.18992781639	-1368
2.19009304047	-1368
2.19022297859	-1368
2.19030690193	543
2.19038486481	-1368
2.1905169487	-1368
2.19065403938	-1368
2.19080400467	-1368
2.19095683098	-1368
2.19110894203	-1368
2.19124603271	-1368
2.19137382507	-1368
2.19153094292	-1368
2.19159889221	543
2.19777798653	-1368
2.19791388512	-1368
2.1980509758	-1368
2.19817686081	-1368
2.19834303856	-1368
2.19849181175	-1368
2.19860482216	-1368
2.19875884056	-1368
2.22931194305	-1368
2.22932887077	-1368
2.22943401337	-1368
2.22977495193	-1368
2.22981381416	-1368
2.22994399071	-1368
2.23004388809	-1368
2.2301568985	-1368
2.23033499718	-1368
2.2304289341	-1368
2.23059487343	-1368
2.23068284988	543
2.23073887825	-1368
2.23084497452	-1368
2.23097681999	-1368
2.23111987114	-1368
2.23141384125	-1420
2.23141789436	-1316
2.23154401779	-1368
2.23167896271	-1368
2.23182702065	-1368
2.23196387291	-1368
2.2321228981	-1368
2.23224401474	-1368
2.23232889175	543
2.23236894608	-1368
2.23252797127	-1368
2.23273301125	-1368
2.23287701607	-1368
2.23298192024	-1368
2.23311090469	-1368
2.23326897621	-1368
2.23335599899	-1368
2.23353004456	-1368
2.23359489441	543
2.23365592957	-1368
2.23380088806	-1368
2.23394584656	-1368
2.23408102989	-1368
2.23422598839	-1368
2.23436999321	-1368
2.23452401161	-1368
2.23465681076	-1368
2.23479986191	-1420
2.23480391502	-1316
2.23492383957	-1420
2.23492693901	-1420
2.23496603966	-1264
2.23501086235	-1368
2.23514580727	-1420
2.23514890671	-1420
2.23518896103	-1264
2.23562097549	-1420
2.23564600945	-1316
2.2357108593	543
2.27098989487	-1368
2.27110600471	-1368
2.36411190033	-1368
2.3644349575	-1368
2.36447000504	-1368
2.36464285851	-1368
2.36479187012	-1368
2.36519598961	-1420
2.36523604393	-1316
2.36548399925	-1368
2.36550402641	-1368
2.36555695534	-1368
2.36572504044	-1368
2.36584687233	-1368
2.36600399017	-1368
2.36614489555	-1368
2.36630296707	-1368
2.36643481255	-1368
2.36694288254	-1420
2.36694693565	-1420
2.3669860363	-1264
2.36703181267	-1368
2.36719202995	-1368
2.3673248291	-1368
2.36747193336	-1368
2.36761593819	-1368
2.3677649498	-1368
2.3679330349	-1368
2.36807894707	-1368
2.36820793152	-1368
2.36836004257	-1368
2.36850595474	-1368
2.36865496635	-1368
2.3688018322	-1368
2.36893701553	-1368
2.37185883522	-1368
2.37199282646	-1368
2.37215185165	-1368
2.37245583534	543
2.37266492844	543
2.37283682823	-1368
2.37298202515	-1368
2.3731648922	-1368
2.37363481522	-1368
2.37376284599	-1368
2.39405703545	-1368
2.3942220211	543
2.40760993958	-1368
2.40768098831	-1368
2.40785288811	-1368
2.40795397758	543
2.40800881386	-1368
2.40806889534	-1368
2.4083199501	-1368
2.40841698647	-1368
2.4085829258	-1368
2.40871500969	-1368
2.40887188911	-1368
2.40900683403	-1368
2.40915298462	-1368
2.40930104256	-1368
2.40943288803	-1368
2.40955090523	-1368
2.40970683098	-1368
2.40984201431	-1368
2.41013884544	-1420
2.41014385223	-1316
2.41023588181	543
2.41027402878	-1368
2.41044592857	-1368
2.41062188148	-1368
2.41089892387	-1420
2.4109249115	-1316
2.41102194786	-1368
2.41117596626	-1368
2.41130399704	-1368
2.41144895554	-1368
2.4115858078	-1368
2.41173100471	-1368
2.41186594963	-1368
2.4120118618	-1368
2.41214585304	-1368
2.41227793694	-1368
2.41240501404	-1368
2.41256999969	-1368
2.41264081001	543
2.41270089149	-1368
2.41283798218	-1368
2.41300702095	-1368
2.41312384605	-1368
2.41332101822	-1368
2.41344881058	-1368
2.41353797913	543
2.41360902786	-1368
2.41371798515	-1368
2.41381001472	-1368
2.41399288177	-1368
2.41409087181	-1368
2.41425299644	-1368
2.41439795494	-1368
2.41456103325	-1368
2.41470384598	-1368
2.41483998299	-1368
2.41498994827	-1368
2.41512203217	-1368
2.41527199745	-1368
2.4154009819	-1368
2.41556596756	-1368
2.41627192497	543
2.44572401047	-1368
2.44638800621	-1368
2.44738292694	-1368
2.54243803024	-1368
2.54245591164	-1368
2.5425388813	-1368
2.54270482063	-1368
2.5428788662	-1368
2.5430328846	-1368
2.54319500923	-1368
2.54336690903	-1368
2.54352688789	-1368
2.54370284081	-1368
2.54381799698	-1368
2.54396295547	-1368
2.54414582253	-1368
2.54425287247	-1368
2.54445886612	-1368
2.54456782341	-1368
2.54466581345	543
2.54470586777	-1368
2.54481983185	-1368
2.54497790337	-1368
2.54504299164	543
2.54510188103	-1368
2.54525780678	-1368
2.54541301727	-1368
2.54558897018	-1368
2.54568982124	-1368
2.54585385323	-1368
2.54601097107	-1368
2.54613780975	-1368
2.54626083374	-1368
2.54638290405	-1368
2.54652500153	-1368
2.54666090012	-1368
2.54681396484	-1368
2.54693603516	-1368
2.54711103439	-1368
2.5472278595	-1368
2.54738283157	-1368
2.54742503166	543
2.54761195183	-1368
2.54792094231	-1368
2.54804801941	-1368
2.54815483093	-1368
2.54841995239	-1368
2.54857993126	-1368
2.56808686256	-1368
2.58701491356	-1368
2.58775496483	-1368
2.58791184425	-1368
2.58804583549	-1368
2.58824896812	-1368
2.58837103844	-1368
2.58850884438	-1368
2.588752985	-1368
2.58888888359	-1368
2.58901500702	-1368
2.58914399147	-1368
2.58921980858	543
2.58929395676	-1368
2.58945989609	-1368
2.58961796761	-1368
2.58977484703	-1368
2.58985900879	543
2.58989882469	-1368
2.59008097649	-1368
2.59022903442	-1368
2.59036684036	-1368
2.59051895142	-1368
2.59065794945	-1368
2.59083986282	-1368
2.59097886086	-1368
2.5911450386	-1368
2.59127187729	-1368
2.59142398834	-1368
2.5915658474	-1368
2.59172987938	-1368
2.59186983109	-1368
2.59205293655	-1368
2.59218287468	-1368
2.59234690666	-1368
2.59248590469	-1368
2.59264993668	-1368
2.59276890755	-1368
2.59293103218	-1368
2.59324789047	-1420
2.59328794479	-1316
2.59336495399	-1368
2.5934779644	543
2.5935280323	-1368
2.59365701675	-1368
2.59382081032	-1368
2.59395003319	-1368
2.59410881996	-1368
2.59424996376	-1368
2.59439897537	-1368
2.59454894066	-1368
2.59470200539	-1368
2.59477090836	543
2.59483098984	-1368
2.59501695633	-1368
2.59515500069	-1368
2.59529185295	-1368
2.59545993805	-1368
2.59558391571	-1368
2.5957608223	-1368
2.59588980675	-1368
2.59605789185	-1368
2.59618592262	-1368
2.60031986237	543
2.61949682236	-1368
2.62050700188	-1368
2.62971997261	1057
2.63540482521	-1368
2.63567686081	543
2.65020895004	1057
2.65230488777	1057
2.6631398201	-1368
2.72033500671	-1368
2.72039985657	-1368
2.72055101395	543
2.72060704231	-1368
2.72076392174	-1368
2.72090888023	-1368
2.72110199928	-1368
2.72128987312	-1368
2.72140002251	-1368
2.72157382965	-1368
2.72171592712	-1368
2.72202301025	-1420
2.72202682495	-1316
2.72217202187	-1368
2.72231197357	-1368
2.72247195244	-1368
2.72261595726	-1368
2.72277402878	-1368
2.72290992737	-1368
2.72305893898	-1368
2.72319984436	-1368
2.72336697578	-1368
2.72352480888	-1368
2.72372293472	-1368
2.72385191917	-1368
2.72395682335	-1368
2.72402191162	543
2.72424387932	-1420
2.72424793243	-1316
2.72450494766	-1368
2.72450780869	-1368
2.72461295128	-1368
2.72478485107	-1368
2.7248249054	543
2.72490000725	-1368
2.72505784035	-1368
2.72519803047	-1368
2.72532582283	-1368
2.72548699379	-1368
2.72561001778	-1368
2.7257668972	-1368
2.72589087486	-1368
2.7260389328	-1368
2.72617483139	-1368
2.73222899437	543
2.73553800583	1057
2.74990987778	1057
2.75202894211	1057
2.75905895233	-1368
2.75922393799	-1368
2.75925683975	-1368
2.7593998909	-1368
2.76798295975	-1368
2.76808381081	-1368
2.76821684837	-1368
2.76838898659	-1368
2.76850104332	-1368
2.76866102219	-1368
2.76884698868	-1368
2.76907682419	-1420
2.76911091805	-1316
2.76923489571	-1368
2.76939296722	-1368
2.76950788498	-1368
2.76966285706	-1368
2.76976299286	543
2.76979804039	-1368
2.76993703842	-1368
2.77009892464	-1368
2.77022886276	-1368
2.77038097382	-1368
2.77051687241	-1368
2.77066993713	-1368
2.77081990242	-1368
2.77096891403	-1368
2.77103590965	543
2.77110981941	-1368
2.77125287056	-1368
2.77140283585	-1368
2.77153897285	-1368
2.77170085907	-1368
2.77182292938	-1368
2.77197289467	-1368
2.77215886116	-1368
2.77229785919	-1368
2.77241897583	-1368
2.77250480652	543
2.77261281013	-1368
2.77269887924	-1368
2.77287602425	-1368
2.77303886414	-1368
2.77313184738	-1368
2.7732770443	-1368
2.77341985703	-1368
2.77358698845	-1368
2.77373600006	-1368
2.77386403084	-1368
2.7740149498	-1368
2.77416086197	-1368
2.77431201935	-1368
2.77444386482	-1368
2.77460098267	-1368
2.77472996712	-1368
2.77488303185	-1368
2.77517485619	-1420
2.7752020359	-1316
2.77530288696	-1368
2.77544593811	-1368
2.77558803558	-1368
2.77571702003	-1368
2.77587580681	-1368
2.77602100372	-1368
2.78142595291	1057
2.79370188713	-1420
2.7937169075	-1316
2.80789685249	-1368
2.88492202759	-1368
2.89853096008	-1368
2.89871287346	543
2.89876794815	-1368
2.89877080917	-1368
2.89893484116	-1368
2.89912390709	-1368
2.89926600456	-1368
2.89945697784	-1368
2.89955496788	-1368
2.89962100983	543
2.8996899128	-1368
2.89985895157	-1368
2.90000295639	-1368
2.90016102791	-1368
2.90029287338	-1368
2.90042996407	-1368
2.90074300766	-1420
2.90074682236	-1316
2.90086388588	-1368
2.90100097656	-1368
2.90115785599	-1368
2.90129590034	-1368
2.90144896507	-1368
2.9015648365	-1368
2.90171384811	-1368
2.90184903145	-1368
2.90199184418	-1368
2.90205287933	543
2.90211796761	-1368
2.90228390694	-1368
2.90243291855	-1368
2.90256690979	-1368
2.90270590782	-1368
2.9028429985	-1368
2.9030008316	-1368
2.90313482285	-1368
2.90327692032	-1368
2.90340590477	-1368
2.90356683731	-1368
2.90369391441	-1368
2.90384292603	-1368
2.90390896797	543
2.90397500992	-1368
2.90412902832	-1368
2.90426301956	-1368
2.93429994583	-1368
2.93723988533	-1368
2.93891382217	-1368
2.93904781342	543
2.93911886215	-1368
2.94302082062	-1368
2.94409704208	-1368
2.94418883324	-1368
2.94430685043	-1368
2.94444394112	-1368
2.9478700161	-1368
2.94801187515	-1368
2.94829583168	-1420
2.9482998848	-1316
2.94844293594	-1368
2.94858694077	-1368
2.94875001907	-1368
2.94887185097	-1368
2.94902300835	-1368
2.94915485382	-1368
2.94933795929	-1368
2.94945502281	-1368
2.9496178627	-1368
2.94968485832	543
2.94976091385	-1368
2.94989085197	-1368
2.95004582405	-1368
2.95018291473	-1368
2.95033597946	-1368
2.95046782494	-1368
2.95062494278	-1368
2.95076489449	-1368
2.95091485977	-1368
2.95107483864	-1368
2.95120000839	-1368
2.95133280754	-1368
2.95148897171	-1368
2.95165586472	-1368
2.95174384117	543
2.95178294182	-1368
2.95191383362	-1368
2.95206785202	-1368
2.95220589638	-1368
2.95235085487	-1368
2.95240688324	543
2.95249891281	-1368
2.95263791084	-1368
2.95279192924	-1368
2.95292782784	-1368
2.95307683945	-1368
2.95320796967	-1368
2.95335793495	-1368
2.9534869194	-1368
2.95365190506	-1368
2.95376300812	-1368
2.95391488075	-1368
2.95404481888	-1368
2.95419883728	-1368
2.95446491241	-1420
2.95448803902	-1316
2.95465898514	-1368
2.9547958374	-1368
2.95493102074	-1368
2.95511102676	-1368
2.95521497726	-1368
2.95529985428	543
2.96693587303	-1368
2.96791601181	-1368
2.97488999367	-1368
3.02524495125	-1368
3.07683396339	-1368
3.07693099976	-1368
3.07716393471	-1368
3.07732200623	-1368
3.07750201225	-1368
3.07762289047	-1368
3.07777690887	-1368
3.07795095444	-1368
3.07804298401	543
3.07814383507	-1368
3.07827782631	-1368
3.07839393616	-1368
3.07855081558	-1368
3.07869982719	-1368
3.07884788513	-1368
3.07899785042	-1368
3.07904982567	543
3.0791478157	-1368
3.07965993881	-1420
3.07970380783	-1420
3.0797059536	-1264
3.07977199554	-1368
3.07989597321	-1368
3.08009696007	-1368
3.08016681671	-1368
3.0803129673	-1368
3.08045101166	-1368
3.08060503006	-1368
3.08074593544	-1368
3.0808699131	-1368
3.08100104332	-1368
3.08115887642	-1368
3.08128881454	-1368
3.0814409256	-1368
3.08157896996	-1368
3.08172082901	-1368
3.08177685738	543
3.0818529129	-1368
3.0820069313	-1368
3.08215093613	-1368
3.08228302002	-1368
3.08243489265	-1368
3.08256793022	-1368
3.0827229023	-1368
3.08563399315	-1368
3.10939192772	-1368
3.1104118824	-1368
3.1125729084	-1368
3.11266183853	-1368
3.11277794838	543
3.11749601364	-1368
3.1181538105	-1368
3.12017297745	-1368
3.12113404274	-1368
3.12721180916	-1368
3.12744998932	1057
3.12817883492	-1368
3.12829184532	-1368
3.12857198715	-1368
3.12881398201	-1420
3.12886691093	-1316
3.12886881828	-1368
3.12903881073	-1368
3.12916994095	-1368
3.12934303284	-1368
3.1294529438	-1368
3.12963104248	-1368
3.12977385521	-1368
3.12986683846	543
3.1299238205	-1368
3.13008403778	-1286
3.13041591644	1057
3.16196990013	-1368
3.16294288635	-1368
3.16412901878	-1368
3.16877484322	-1368
3.16900491714	-1368
3.16901898384	-1368
3.17251396179	543
3.17672395706	-1368
3.17685198784	543
3.17876887321	543
3.20150589943	-1368
3.20158791542	-1368
3.20173382759	-1368
3.21098899841	543
3.21307086945	543
3.30458402634	-1060
3.31099081039	543
3.31171798706	1057
3.3123049736	543
3.4235060215	-1368
3.42424297333	-1368
3.42427587509	-1368
3.42442989349	-1368
3.42457795143	-1368
3.42517900467	-1368
3.42557096481	-1368
3.42572593689	-1368
3.42591094971	-1368
3.42603588104	-1368
3.42613601685	543
3.42624402046	-1368
3.42633795738	-1368
3.42649888992	-1368
3.42656493187	543
3.42666196823	-1368
3.42681384087	-1368
3.42694282532	-1368
3.42712688446	-1368
3.42726993561	-1368
3.42742300034	-1368
3.42756485939	-1368
3.42768502235	-1368
3.42783594131	-1368
3.42812204361	-1420
3.42816281319	-1316
3.4311978817	-1368
3.43132400513	-1368
3.43145799637	-1368
3.43162798882	-1368
3.43176603317	-1368
3.43192696571	-1368
3.43205404282	-1368
3.43222093582	-1368
3.43235993385	-1368
3.43249893188	-1368
3.43263483047	-1368
3.43279004097	-1368
3.43293881416	-1368
3.43308281898	-1368
3.43322587013	-1368
3.4353158474	543
3.43888998032	-1368
3.4390399456	-1368
3.43920993805	-1368
3.43934988976	-1368
3.43947196007	-1368
3.43961381912	-1368
3.43977403641	-1368
3.43990588188	-1368
3.440076828	-1368
3.44020986557	-1368
3.44036793709	-1368
3.44049692154	-1368
3.44065189362	-1368
3.44078397751	-1368
3.44093203545	-1368
3.44106698036	-1368
3.44121599197	-1368
3.44134783745	-1368
3.4414999485	-1368
3.44163393974	-1368
3.44187402725	-1420
3.44187784195	-1316
3.44205498695	-1368
3.44218993187	-1368
3.44234800339	-1368
3.44261193275	-1420
3.4426150322	-1316
3.44280385971	-1368
3.44297003746	-1368
3.44312000275	-1368
3.44325780869	-1368
3.44339895248	-1368
3.44353985786	-1368
3.4436879158	-1368
3.44382882118	-1368
3.44399595261	-1368
3.44421887398	-1368
3.44444298744	543
3.44449996948	-1368
3.44455885887	543
3.44464492798	-1368
3.44480395317	-1368
3.44493985176	-1368
3.44500994682	543
3.44510197639	-1368
3.44526696205	-1368
3.44787502289	-1368
3.44891381264	-1368
3.44908189774	-1368
3.44922399521	-1368
3.44937992096	-1368
3.44951701164	-1368
3.44967985153	-1368
3.44981694221	-1368
3.44997096062	-1368
3.45011496544	-1368
3.45026087761	-1368
3.45040202141	-1368
3.45055699348	-1368
3.45068502426	-1368
3.45083904266	-1368
3.45096683502	-1368
3.45112991333	-1368
3.4512758255	-1368
3.45140194893	-1368
3.45153903961	-1368
3.45168089867	-1368
3.45181488991	-1368
3.45197200775	-1368
3.45221996307	-1420
3.4522228241	-1316
3.45236587524	543
3.45244503021	543
3.45272088051	543
3.48574280739	-1368
3.48679089546	-1368
3.59779596329	-1420
3.59783196449	-1316
3.5979039669	-1368
3.59798002243	-1368
3.59815883636	-1368
3.59834289551	-1368
3.59872102737	-1368
3.5988779068	-1368
3.59903287888	-1368
3.59915494919	-1368
3.59934687614	-1368
3.59945201874	-1368
3.59962701797	-1368
3.59976482391	-1368
3.5999519825	-1368
3.60009789467	-1368
3.60020899773	-1368
3.60028886795	543
3.60037183762	-1368
3.6004948616	-1368
3.60065484047	-1368
3.60072183609	543
3.6007809639	-1368
3.60093402863	-1368
3.60108494759	-1368
3.60122895241	-1368
3.60540294647	-1368
3.60553193092	-1368
3.6057138443	-1368
3.60582995415	-1368
3.60597586632	-1368
3.60610985756	-1368
3.60626292229	-1368
3.60638999939	-1368
3.60653781891	-1368
3.6066570282	-1368
3.60680890083	-1368
3.60687804222	543
3.60693287849	-1368
3.60711598396	-1368
3.60723185539	-1368
3.60746884346	-1368
3.61517095566	-1368
3.61584997177	-1368
3.61623501778	-1368
3.61711382866	-1368
3.61727285385	-1368
3.61739301682	-1368
3.61752700806	-1368
3.6176609993	-1368
3.61782002449	-1368
3.61794781685	-1368
3.61809492111	-1368
3.61825680733	-1368
3.61851501465	-1420
3.61851787567	-1316
3.61866188049	-1368
3.61879491806	-1368
3.61887097359	543
3.61894202232	-1368
3.61901092529	543
3.6191008091	-1368
3.61923503876	-1368
3.61939787865	-1368
3.6194999218	-1368
3.61964797974	-1368
3.61977982521	-1368
3.6199259758	-1368
3.62007284164	-1368
3.62020087242	-1368
3.62033390999	-1368
3.6204829216	-1368
3.62061500549	-1368
3.62076592445	-1368
3.62089300156	-1368
3.62103486061	-1368
3.62117695808	-1368
3.62132000923	-1368
3.62144804001	-1368
3.6215338707	543
3.62157297134	-1368
3.62174987793	-1368
3.62187480927	-1368
3.6220099926	-1368
3.6221549511	-1368
3.62229394913	-1368
3.62257003784	-1368
3.62422084808	-1368
3.62435793877	-1368
3.62449002266	-1368
3.62509703636	-1368
3.62524390221	-1368
3.62538480759	-1368
3.62552690506	-1368
3.62567996979	-1368
3.62582683563	-1368
3.62600803375	-1368
3.62627100945	-1420
3.62629389763	-1316
3.62642192841	-1368
3.62655997276	-1368
3.62663197517	1057
3.62669897079	-1420
3.62670087814	-506
3.62861800194	543
3.63951897621	1057
3.67479991913	-1368
3.67487287521	-1368
3.67504501343	-1368
3.67521882057	-1368
3.67559480667	-1420
3.67559981346	-1316
3.67566585541	-1368
3.67580485344	-1368
3.6761598587	-1420
3.67616391182	-1316
3.67623186111	-1368
3.67643690109	-1368
3.67652583122	-1368
3.77178788185	-1368
3.77187299728	-1368
3.77203798294	-1368
3.77220392227	-1368
3.77269697189	-1368
3.77288198471	-1368
3.77367186546	-1368
3.77384281158	-1368
3.77394890785	-1368
3.77412700653	-1368
3.77425003052	-1368
3.77443003654	-1368
3.77454185486	-1368
3.77467799187	-1368
3.77483391762	-1368
3.77496695518	-1368
3.77513790131	-1368
3.77525401115	-1368
3.7754099369	-1368
3.77552390099	-1368
3.77567887306	-1368
3.77581381798	-1368
3.77656793594	543
3.77680587769	543
3.77966284752	-1368
3.77976894379	-1368
3.77991294861	-1368
3.78004097939	-1368
3.78019690514	-1368
3.78031396866	-1368
3.78046584129	-1368
3.78059983253	-1368
3.78075289726	-1368
3.78088498116	-1368
3.78103780746	-1368
3.78116798401	-1368
3.78131985664	-1368
3.78144598007	-1368
3.78159785271	-1368
3.78173089027	-1368
3.78424191475	543
3.7873878479	-1368
3.78751301765	-1368
3.78815984726	-1368
3.78836083412	-1368
3.79560303688	-1420
3.79560804367	-1316
3.79576182365	-1368
3.79592680931	-1368
3.79601192474	-1368
3.79616999626	-1368
3.79630303383	-1368
3.79647803307	-1368
3.79652786255	-1368
3.79670786858	-1368
3.79685282707	-1368
3.79698586464	-1368
3.79713487625	-1368
3.79727101326	-1368
3.79742193222	-1368
3.7975590229	-1368
3.79770183563	-1368
3.79783987999	-1368
3.79798698425	-1368
3.79812383652	-1368
3.79827880859	-1368
3.79841303825	-1368
3.79856681824	-1368
3.79870581627	-1368
3.79885792732	-1368
3.79899787903	-1368
3.79914903641	-1368
3.79929590225	-1368
3.79942584038	-1368
3.79958200455	-1368
3.79972100258	-1368
3.79986095428	-1368
3.80000591278	-1368
3.80016493797	-1368
3.8002948761	-1368
3.80031394958	543
3.80044388771	-1368
3.80058193207	-1368
3.80070590973	543
3.80074691772	-1368
3.8008890152	543
3.80090594292	-1368
3.80100393295	-1368
3.80117082596	-1368
3.80154681206	-947
3.80161881447	543
3.84529781342	-1420
3.84531593323	-1316
3.8460688591	-1368
3.84614491463	-1368
3.8462908268	-1368
3.85200786591	-1368
3.8531370163	-1368
3.85412883759	-1368
3.85513782501	-1368
3.88561081886	-1368
4.01532793045	-1002
4.04104685783	-1368
4.04121398926	-1368
4.04136586189	-1368
4.04156684875	-1368
4.04167890549	-1368
4.04185581207	-1368
4.04194283485	1057
4.04200291634	-1368
4.04217481613	-1368
4.04234099388	-1368
4.04244589806	-1368
4.04262304306	-1368
4.04275989532	-1368
4.04291987419	-1368
4.04307794571	-1368
4.04323887825	-1368
4.0433409214	-1368
4.04350686073	-1368
4.04991793633	-1368
4.0509660244	-1368
4.05208587646	-1368
4.08080983162	-1368
4.0808839798	-1368
4.0810418129	-1368
4.08117794991	-1368
4.18796086311	-586
4.18805098534	543
5.00947880745	543
5.21800088882	1460
5.21810889244	1460
5.21814799309	1161
5.2182559967	1460
5.21829390526	1199
5.34542703629	1460
5.34554600716	625
5.34975004196	1460
5.34979581833	1460
5.34983992577	1161
5.34993600845	1460
5.34998083115	171
5.44289398193	-543
5.44412088394	-1368
5.48563098907	-1368
5.4856569767	-1368
5.48645401001	-1368
5.48665690422	-1368
5.48674988747	-1368
5.48684883118	543
5.48696899414	-1368
5.49472594261	-1368
5.49557685852	-1368
5.4961669445	-1368
5.52723193169	-1368
5.52799391747	-1368
5.52934098244	-1368
5.54967594147	543
5.57938194275	1460
5.57944893837	1460
5.57950091362	193
5.60950994492	1460
5.60959100723	111
5.61029887199	543
5.61059689522	543
5.6108648777	543
5.61109185219	543
5.61625695229	-1368
5.61721801758	-1368
5.618227005	-1368
5.61921095848	-1368
5.6193549633	543
5.65780282021	-1368
5.65870404243	-1368
5.65887188911	-1368
5.65903496742	-1368
5.65924787521	-1368
5.65967702866	-1420
5.65977692604	-1316
5.65978097916	-1368
5.65989589691	-1368
5.66000103951	-1368
5.66009998322	543
5.66020798683	-1368
5.66032981873	-1368
5.66774082184	-1368
5.6684179306	-1368
5.66857981682	-1368
5.66874098778	-1368
5.66938185692	-1368
5.66949486732	-1368
5.7003159523	-1368
5.70033288002	-1368
5.7011590004	-1368
5.70129394531	-1368
5.70216703415	-1368
5.70230388641	-1368
5.78956985474	-1368
5.79046201706	-1368
5.79149198532	-1368
5.79169392586	-1368
5.79185199738	-1368
5.79204392433	-1368
5.7924759388	-1368
5.79265904427	-1368
5.80045986176	543
5.83322191238	-1420
5.83323788643	-1316
5.83329391479	-1368
5.83339095116	-1368
5.833578825	-1368
5.83375692368	-1368
5.83384203911	-1368
5.83402395248	-1368
5.83413791656	-1368
5.83427786827	-1368
5.83447504044	-1368
5.83456492424	-1368
5.83475184441	-1368
5.83487701416	-1368
5.8352060318	-1420
5.83520889282	-1316
5.83531284332	-1368
5.83561992645	-1420
5.8356590271	-1316
5.83597898483	-1420
5.83601784706	-1316
5.83675193787	543
5.8368999958	543
5.84090781212	-1368
5.84106087685	-1368
5.84140086174	-1368
5.84153389931	-1368
5.84195303917	-1368
5.84216403961	-1368
5.8424179554	-1368
5.8425989151	-1368
5.84287881851	-1368
5.84300494194	-1368
5.84316682816	-1368
5.84334588051	-1368
5.85488891602	-1368
5.85510492325	543
5.87353682518	-1368
5.8744058609	-1368
5.87457799911	-1368
5.87475204468	-1368
5.87485694885	-1368
5.87499094009	-1368
5.87513494492	-1368
5.87526798248	-1368
5.87541699409	-1368
5.87556385994	-1368
5.87567996979	-1368
5.87583994865	-1368
5.87595582008	543
5.91523385048	-1368
5.91622281075	-1368
5.96273303032	-1368
5.96364188194	-1368
5.96463489532	-1368
5.96566200256	-1368
5.96579194069	-1368
5.96584391594	543
5.96594882011	-1368
5.96607899666	-1368
5.9662539959	-1368
5.96638393402	-1368
5.96653699875	-1368
5.96667695045	-1368
5.96682500839	-1368
5.96694588661	-1368
5.96712088585	-1368
5.96723389626	-1368
5.96739888191	-1368
6.00927782059	-1368
6.00934886932	-1368
6.00951004028	-1368
6.00966095924	-1368
6.00981688499	-1368
6.00996685028	-1368
6.01010990143	-1368
6.0102648735	-1368
6.01041197777	-1368
6.01054382324	-1368
6.0106818676	-1368
6.01083397865	-1368
6.01096892357	-1368
6.0111219883	-1368
6.01125597954	-1368
6.01141500473	-1368
6.01154899597	-1368
6.01169800758	-1368
6.0118329525	-1368
6.0119869709	-1368
6.01213383675	-1368
6.01226902008	-1368
6.01240587234	-1368
6.01255583763	-1368
6.01269102097	-1368
6.01283693314	-1368
6.01313090324	-1420
6.01313400269	-1316
6.01327180862	-1368
6.01344799995	-1368
6.01359200478	-1368
6.01377296448	-1368
6.01387691498	-1368
6.01405286789	-1368
6.01961088181	543
6.01990199089	543
6.03858494759	1057
6.21395492554	-543
6.25966000557	1057
6.31614589691	-1368
6.31623387337	-1368
6.31639885902	-1368
6.3165409565	-1368
6.31671380997	-1368
6.31710290909	-1420
6.3171479702	-1420
6.31715083122	-1420
6.31718683243	-1420
6.3171889782	-1420
6.3172249794	-1420
6.31722688675	-1420
6.31726288795	-1420
6.31726503372	-1420
6.3173019886	-1420
6.31730484962	-1420
6.31734085083	-1420
6.3173429966	-1420
6.3173789978	-1420
6.31738090515	-1420
6.31741690636	-1420
6.31742787361	-1420
6.31746292114	-1420
6.31746602058	-1420
6.31750202179	-1420
6.31750392914	-1420
6.31753993034	-1420
6.31754183769	-1420
6.31754302979	-1420
6.31754493713	-1420
6.31754589081	-1420
6.31754684448	-1420
6.31754803658	-1420
6.31754994392	-1420
6.3175508976	-1420
6.31755185127	-1420
6.31755304337	-1420
6.31756281853	-1420
6.31756401062	-1420
6.31756591797	-1420
6.31756687164	-1420
6.31756782532	-1420
6.31756997108	-1420
6.31757092476	-1420
6.31757187843	-1420
6.31757283211	-1420
6.3175740242	-1420
6.31757497787	-1420
6.31757593155	-1420
6.31757688522	-1420
6.31793689728	-1420
6.31793999672	-1420
6.31795096397	-1420
6.31795191765	-1420
6.31795287132	-1420
6.317953825	-1420
6.31795501709	-1420
6.31795597076	-1420
6.31795692444	-1420
6.31795787811	-1420
6.31795883179	-1420
6.31796002388	-1420
6.31796097755	-1420
6.31796193123	-1420
6.3179628849	-1420
6.31796383858	-1420
6.31797599792	-1420
6.31797885895	-1420
6.31797981262	-1420
6.31798100471	-1420
6.31798195839	-1420
6.31798291206	-1420
6.31798386574	-1420
6.31798481941	-1420
6.31798601151	-1420
6.31798696518	-1420
6.31798791885	-1420
6.31798887253	-1420
6.3179898262	-1420
6.3179910183	-1420
6.31799197197	-1420
6.31799292564	-1420
6.31800198555	-1420
6.31800699234	-1420
6.31800889969	-1420
6.31800985336	-1420
6.31801080704	-1420
6.31801199913	-1420
6.3180129528	-1420
6.31801390648	-1420
6.31801486015	-1420
6.31801581383	-1420
6.31801581383	-1420
6.31801795959	-1420
6.31801891327	-1420
6.31801986694	-1420
6.318379879	-1420
6.31838393211	-1420
6.31838583946	-1420
6.31838703156	-1420
6.31838798523	-1420
6.3183889389	-1420
6.31838989258	-1420
6.31839084625	-1420
6.31839203835	-1420
6.31839299202	-1420
6.31839394569	-1420
6.31839489937	-1420
6.31839585304	-1420
6.31839680672	-1420
6.31839799881	-1420
6.31839895248	-1420
6.31840991974	-1420
6.31841182709	-1420
6.31841301918	-1420
6.31841492653	-1420
6.31841492653	-1420
6.3184158802	-1420
6.31841683388	-1420
6.31841802597	-1420
6.31841993332	-1420
6.31842088699	-1420
6.31842088699	-1420
6.31842184067	-1420
6.31842398643	-1420
6.31842494011	-1420
6.31842589378	-1420
6.31842684746	-1420
6.31843781471	-1420
6.31843996048	-1420
6.31844091415	-1420
6.31844186783	-1420
6.3184428215	-1420
6.3184440136	-1420
6.31844496727	-1420
6.31844592094	-1420
6.31844687462	-1420
6.31844782829	-1420
6.31844902039	-1420
6.31844997406	-1420
6.31845092773	-1420
6.31845188141	-1420
6.31856584549	-1420
6.31856989861	-1420
6.31857085228	-1420
6.31857204437	-1420
6.31857299805	-1420
6.31865787506	-1420
6.31866002083	-1420
6.31866192818	-1420
6.31866288185	-1420
6.31866383553	-1420
6.31866502762	-1420
6.31866598129	-1420
6.31866693497	-1420
6.31866788864	-1420
6.31866884232	-356
6.31907296181	543
6.31926083565	543
6.31961584091	543
6.31992793083	543
6.32009887695	543
6.32325100899	543
6.32349586487	543
6.32367491722	543
6.32398986816	543
6.32537293434	543
6.3262898922	543
6.34167599678	543
6.36134982109	543
6.3646299839	543
6.36654090881	-1368
6.36742687225	-1368
6.36836886406	-1368
6.3693959713	-1368
6.36951184273	-1368
6.36968588829	-1368
6.36981201172	-1368
6.36990785599	543
6.36995482445	-1368
6.37010097504	-1368
6.37023091316	-1368
6.37036681175	-1368
6.37051796913	-1368
6.37065291405	-1368
6.37080383301	-1368
6.37093687057	-1368
6.37112283707	-1368
6.3712220192	-1368
6.37138295174	-1368
6.37152290344	-1368
6.37166380882	-1368
6.37179899216	-1368
6.37194085121	-1368
6.37209200859	-1368
6.37223887444	-1368
6.37229299545	543
6.37236189842	-1368
6.37254190445	-1368
6.37283301353	-1420
6.37283802032	-1316
6.37295794487	-1368
6.37308883667	-1368
6.37318491936	543
6.37324285507	-1368
6.37336301804	-1368
6.37351298332	-1368
6.37364888191	-1368
6.37380194664	-1368
6.37392687798	-1368
6.37407898903	-1368
6.37420988083	-1368
6.37436890602	-1368
6.37449789047	-1368
6.3746509552	-1368
6.37478685379	-1368
6.37492394447	-1368
6.37508702278	-1368
6.3904800415	543
6.39404582977	543
6.39727401733	-1368
6.39735198021	-1368
6.39744782448	-1368
6.3976559639	-1368
6.39774489403	-1368
6.39791798592	-1368
6.39806294441	-1368
6.39814996719	-1167
6.39829897881	543
6.41160297394	543
6.41751599312	1057
6.41774892807	543
6.41797304153	1460
6.41801786423	1460
6.41806197166	1161
6.41816091537	1117
6.41874504089	543
6.4189260006	1460
6.41896986961	1139
6.44167780876	543
6.44259500504	1460
6.44265198708	111
6.55186986923	-1368
6.55194592476	-1368
6.55250287056	-1420
6.55250692368	-1316
6.55255794525	-1420
6.5525598526	-1316
6.55279898643	-1368
6.552973032	-1368
6.5530769825	-1368
6.55325293541	-1368
6.55338001251	-1368
6.55351996422	-1368
6.55362081528	1057
6.5536608696	-1368
6.55381703377	-1368
6.55397701263	-1368
6.55410289764	-1368
6.5542678833	-1368
6.55439400673	-1368
6.55453801155	-1368
6.554666996	-1368
6.55482888222	-1368
6.55496287346	-1368
6.55514192581	-1368
6.55519294739	1057
6.55523085594	-1368
6.55580186844	1460
6.55586481094	140
6.55763602257	-1368
6.55777597427	-1368
6.55792999268	-1368
6.55824589729	-1420
6.55828595161	-1316
6.55836892128	-1368
6.55852484703	-1368
6.55868601799	-1368
6.55935502052	1057
6.55940389633	-1368
6.5594060421	-1368
6.55940699577	-1368
6.55940794945	-1368
6.55940890312	-1368
6.55954885483	-1368
6.55975294113	-1368
6.55982995033	-1368
6.56000685692	-1368
6.56013989449	-1368
6.56025481224	-1368
6.56032395363	1460
6.56036782265	111
6.5604019165	-1368
6.56047582626	543
6.56053781509	-1368
6.56072902679	-1368
6.56085801125	-1368
6.56099295616	-1368
6.56114292145	-1368
6.5612859726	-1368
6.56142902374	-1368
6.56157588959	-1368
6.56175303459	-1368
6.56189084053	-1368
6.56203103065	-1368
6.56215882301	-1368
6.56229186058	-1368
6.56243991852	-1368
6.56260585785	-1368
6.56274390221	-1368
6.56289100647	-1368
6.56302285194	-1368
6.56320691109	-1368
6.56332683563	-1368
6.56536388397	-1368
6.56550192833	-1368
6.56566691399	-1368
6.56794500351	543
6.57149481773	-772
6.59129285812	-1368
6.59135389328	-1368
6.59155201912	-1368
6.59163594246	-1368
6.59185695648	-1368
6.59194684029	-1368
6.59209799767	-1368
6.59219288826	-1368
6.59233999252	-1368
6.59249782562	-1368
6.59257483482	543
6.59262490273	-1368
6.59276485443	-1368
6.59289693832	-1368
6.5929479599	543
6.59303092957	-1368
6.59318590164	-1368
6.59333586693	-1368
6.59349799156	-1368
6.72811603546	-1368
6.72821784019	-1368
6.72837781906	-1368
6.72854685783	-1368
6.72878098488	-1368
6.72889590263	-1368
6.7290558815	-1368
6.72919082642	-1368
6.72935295105	-1368
6.7294819355	-1368
6.72983384132	-1420
6.72983789444	-1316
6.72999882698	-1368
6.73012495041	-1368
6.73029494286	-1368
6.73031687737	543
6.73043298721	-1368
6.73058080673	-1368
6.73073291779	-1368
6.73087191582	-1368
6.73103284836	-1368
6.73120093346	-1368
6.73135995865	-1368
6.73149204254	-1368
6.7316570282	-1368
6.73363089561	-1368
6.73374390602	-1368
6.73388695717	-1368
6.73402500153	-1368
6.73460388184	-1368
6.73475599289	-1368
6.7352039814	-1420
6.73524403572	-1316
6.7355928421	-1368
6.73573803902	-1368
6.73589491844	-1368
6.73605585098	-1368
6.73619198799	-1368
6.7362639904	543
6.7363319397	-1368
6.7364218235	543
6.73649692535	-1368
6.73660182953	-1368
6.73675203323	-1368
6.73690199852	-1368
6.73703789711	-1368
6.7371878624	-1368
6.73731994629	-1368
6.73736786842	1057
6.7374548912	-1368
6.73761200905	-1368
6.7377538681	-1368
6.73790597916	-1368
6.73804688454	-1368
6.7381298542	1057
6.73817491531	-1368
6.73833799362	543
6.73835682869	-1368
6.73846387863	-1368
6.73862981796	-1368
6.7387650013	-1368
6.73892092705	-1368
6.73911881447	-1368
6.73924899101	-1368
6.739372015	-1368
6.73950600624	-1368
6.73965191841	-1368
6.73979592323	-1368
6.73993682861	-1368
6.74010396004	-1368
6.74039697647	-1420
6.74042201042	-1316
6.74059700966	-1368
6.74762582779	-1368
6.76559901237	-1368
6.76565694809	-1368
6.76582694054	-1368
6.76595687866	-1368
6.76598381996	543
6.76610994339	-1368
6.76627993584	-1368
6.76644396782	-1368
6.76661896706	543
6.7666759491	-1368
6.76675200462	-1368
6.76687192917	-1368
6.76703882217	-1368
6.76718688011	-1368
6.76732683182	-1368
6.76748299599	-1368
6.76762890816	-1368
6.76778697968	-1368
6.76792693138	-1368
6.7680888176	-1368
6.77001595497	543
6.90355491638	-1368
6.90357804298	-1368
6.90424895287	-1368
6.90439486504	-1368
6.90453791618	-1368
6.90471982956	-1368
6.90478086472	543
6.90488100052	-1368
6.90504288673	-1368
6.90520882607	-1368
6.90531086922	-1368
6.90548801422	-1368
6.90557789803	-1368
6.90575289726	-1368
6.90589094162	-1368
6.90604996681	-1368
6.90618085861	-1368
6.9064719677	-1420
6.90647697449	-1316
6.90663790703	-1368
6.90676784515	-1368
6.90692186356	-1368
6.90710401535	-1368
6.90722203255	-1368
6.90728592873	543
6.90738892555	-1368
6.90749788284	-1368
6.90769386292	-1368
6.90785503387	-1368
6.90797400475	-1368
6.90830802917	-1368
6.90847396851	-1368
6.91021895409	-1368
6.91031599045	543
6.91085100174	-1368
6.91098690033	-1368
6.91124296188	-1368
6.91176486015	-1368
6.91199183464	-1368
6.91212701797	-1368
6.9126188755	-1368
6.91282486916	-1368
6.91309094429	-1368
6.91322183609	-1368
6.91364383698	543
6.91381287575	-1368
6.91396784782	-1368
6.91408491135	-1368
6.9142639637	-1368
6.91443991661	-1368
6.91458487511	-1368
6.91471982002	-1368
6.91498994827	-1420
6.91501402855	-1316
6.91513180733	-1368
6.91527581215	-1368
6.91541290283	-1368
6.91555380821	-1368
6.91568398476	-1368
6.91582584381	-1368
6.91597390175	-1368
6.91607689857	543
6.91613197327	-1368
6.91625595093	-1368
6.91641688347	-1368
6.91653585434	-1368
6.91666388512	-1368
6.91681790352	-1368
6.91696000099	-1368
6.91709303856	-1368
6.91723799706	-1368
6.91737604141	-1368
6.91782283783	543
6.92086482048	-1368
6.9218378067	-1368
6.92824697495	-1368
6.93971991539	-1368
6.93980002403	-1368
6.9399368763	-1368
6.94002795219	-1368
6.94017195702	-1368
6.94031691551	-1368
6.94044995308	-1368
6.94060087204	-1368
6.94073486328	-1368
6.94090890884	-1368
6.94102191925	-1368
6.9411740303	-1368
6.94130086899	-1368
6.94146680832	-1368
6.94158887863	-1368
6.94174981117	-1368
6.94186782837	-1368
6.94201993942	-1368
7.02415394783	1460
7.02425098419	111
7.07570290565	-1368
7.0762898922	-1368
7.0804400444	-1368
7.08076286316	-1420
7.0807659626	-1316
7.08101081848	-1368
7.08123803139	-1368
7.08141493797	-1368
7.0816628933	-1368
7.08177900314	-1368
7.08187890053	543
7.08192586899	-1368
7.08213996887	-1368
7.08227992058	-1368
7.08234786987	543
7.08240699768	-1368
7.08254504204	-1368
7.08270096779	-1368
7.08282995224	-1368
7.08298301697	-1368
7.08312797546	-1368
7.08324980736	-1368
7.08338093758	-1368
7.08353281021	-1368
7.08366203308	-1368
7.08380699158	-1368
7.08394002914	-1368
7.08409380913	-1368
7.08420991898	-1368
7.08436584473	-1368
7.08449196815	-1368
7.08465003967	-1368
7.08476781845	-1368
7.084856987	543
7.08489489555	-1368
7.08517503738	-1368
7.08528780937	-1368
7.08542394638	-1368
7.08563780785	-1368
7.08580183983	-1368
7.08600282669	-1368
7.08619999886	-1368
7.08650803566	-1368
7.08659791946	-1368
7.08676290512	-1368
7.08692502975	-1368
7.09009885788	-1368
7.09021997452	-1368
7.09038186073	-1368
7.09065389633	-1420
7.09068202972	-1316
7.09079885483	-1368
7.09093403816	-1368
7.09101581573	543
7.09159803391	-1368
7.0916018486	-1368
7.09162282944	-1420
7.09162592888	-1316
7.09164500237	-1368
7.09173083305	543
7.09178686142	-1368
7.0919239521	-1368
7.09206795692	-1368
7.09219002724	-1368
7.09233689308	-1368
7.09246897697	-1368
7.09261584282	-1368
7.0927529335	-1368
7.09289884567	-1368
7.09303402901	-1368
7.09317803383	-1368
7.09331083298	-1368
7.09345793724	-1368
7.09359288216	-1368
7.09510588646	-1368
7.09521198273	543
7.0960829258	-1368
7.11396884918	-1368
7.11404895782	-1368
7.11420297623	-1368
7.1143348217	-1368
7.11448192596	-1368
7.11464881897	-1368
7.11491584778	-1420
7.11495900154	-1316
7.11504983902	-1368
7.1152048111	-1368
7.11532688141	-1368
7.11546683311	-1368
7.11560797691	-1368
7.11574602127	-1368
7.11589503288	-1368
7.11605501175	-1368
7.11617088318	-1368
7.11633396149	-1368
7.11653494835	543
7.11666202545	543
7.1541249752	-1368
7.15415096283	-1368
7.24902701378	-1368
7.25771093369	-1368
7.25843286514	-1368
7.25855588913	-1368
7.25875091553	-1368
7.25884699821	-1368
7.25904989243	-1368
7.25913691521	-1368
7.25930786133	-1368
7.25956082344	-1420
7.25959086418	-1316
7.25970697403	-1368
7.26004195213	-1420
7.26004481316	-1316
7.26013803482	-1368
7.26026701927	-1368
7.26040291786	-1368
7.2605509758	-1368
7.26069188118	-1368
7.26082897186	-1368
7.26097202301	-1368
7.26110696793	-1368
7.26123690605	-1368
7.2613658905	-1368
7.26149988174	-1368
7.26164293289	-1368
7.26178097725	-1368
7.26192188263	-1368
7.26206493378	-1368
7.26220297813	-1368
7.26234292984	-1368
7.26248383522	-1368
7.2626209259	-1368
7.26276397705	-1368
7.26290297508	-1368
7.26306080818	-1368
7.26318192482	-1368
7.2633228302	-1368
7.26347494125	-1368
7.26349902153	543
7.26359891891	-1368
7.26374197006	-1368
7.26388502121	-1368
7.2640209198	-1368
7.26416993141	543
7.26640295982	-1368
7.26650190353	-1368
7.26665401459	-1368
7.26678490639	-1368
7.26692485809	-1368
7.26709890366	-1368
7.26722383499	-1368
7.26736402512	-1368
7.2675049305	-1368
7.2676448822	-1368
7.26793694496	-1420
7.26793885231	-1316
7.26808094978	-1368
7.26823496819	-1368
7.2683429718	-1368
7.26876282692	-1420
7.26880693436	-1420
7.26881194115	-1264
7.26892781258	-1368
7.26906394958	-1368
7.26921701431	-1368
7.26935696602	-1368
7.26940202713	543
7.26948595047	-1368
7.26962995529	-1368
7.26977300644	-1368
7.26990199089	-1368
7.27003693581	-1368
7.27018594742	-1368
7.27031803131	-1368
7.28702497482	-1368
7.28704190254	-1368
7.28715586662	-1368
7.28727483749	-1368
7.2874379158	-1368
7.28756690025	-1368
7.28764081001	543
7.28769493103	-1368
7.28781986237	543
7.2878909111	-1368
7.28802990913	-1368
7.28812289238	-1368
7.2883348465	-1368
7.28842997551	-1368
7.28859782219	-1368
7.28871583939	-1368
7.28886890411	-1368
7.28899097443	-1368
7.28911995888	-1368
7.28927493095	-1368
7.2894179821	-1368
7.2895128727	-1368
7.31082987785	543
7.32004094124	543
7.32820796967	-1368
7.32904696465	-1368
7.3311188221	543
7.33202791214	543
7.42208003998	-1368
7.43681502342	-1368
7.43687295914	-1368
7.43700790405	-1368
7.43718290329	-1368
7.43731403351	-1368
7.4376718998	-1420
7.43767595291	-1316
7.43795084953	-1368
7.43795394897	-1368
7.43806385994	-1368
7.43821191788	-1368
7.43833088875	-1368
7.43846297264	-1368
7.43861293793	-1368
7.43874883652	-1368
7.43892002106	-1368
7.43904399872	-1368
7.43920493126	-1368
7.43932199478	-1368
7.43944692612	-1368
7.43961381912	-1368
7.43976187706	-1368
7.43989491463	-1368
7.44005489349	-1368
7.44017195702	-1368
7.44033193588	-1368
7.44046187401	-1368
7.44061589241	-1368
7.44074487686	-1368
7.44088888168	-1368
7.44103002548	-1368
7.44116687775	-1368
7.44130802155	-1368
7.4414498806	-1368
7.44158887863	-1368
7.44173884392	-1368
7.44189381599	-1368
7.44202494621	-1368
7.44216585159	-1368
7.44230890274	-1368
7.44245386124	-1368
7.44260287285	-1368
7.44327688217	-1368
7.44339394569	-1368
7.44356799126	-1368
7.44369101524	-1368
7.44383382797	-1368
7.4439868927	-1368
7.444272995	-1420
7.44427800179	-1316
7.44439601898	-1368
7.44453883171	-1368
7.44457292557	543
7.44469690323	-1368
7.44482088089	-1368
7.44491887093	543
7.44495487213	-1368
7.44510984421	-1368
7.44517993927	543
7.44523882866	-1368
7.4453959465	-1368
7.44555282593	-1368
7.44568991661	-1368
7.44584298134	-1368
7.44586801529	543
7.44597482681	-1368
7.44611787796	-1368
7.44614100456	543
7.44626498222	-1368
7.44639587402	-1368
7.44654393196	-1368
7.44668197632	-1368
7.44682693481	-1368
7.44696784019	-1368
7.44712495804	-1368
7.44723796844	-1368
7.45216798782	543
7.45433282852	543
7.46243691444	-1368
7.46260499954	-1368
7.46274089813	543
7.46277880669	-1368
7.46278095245	-1368
7.46291995049	543
7.46296095848	-1368
7.46305894852	-1368
7.46321296692	-1368
7.46334886551	-1368
7.46350693703	-1368
7.4636349678	-1368
7.46378684044	-1368
7.46390795708	-1368
7.46432995796	-1420
7.46433281898	-1316
7.46437191963	-1368
7.46448493004	-1368
7.4646320343	-1368
7.46475696564	-1368
7.46492099762	-1368
7.46503782272	-1368
7.47153902054	-1368
7.47267389297	543
7.47329497337	1057
7.47395181656	543
7.48535585403	-1368
7.50327396393	-1368
7.50434684753	-1368
7.59731197357	-1368
7.59747600555	543
7.61506295204	-1368
7.6151509285	-1368
7.61532282829	-1368
7.61548185349	-1368
7.61557602882	-1368
7.61576795578	-1368
7.61591696739	-1368
7.61611700058	-1368
7.6161878109	-1368
7.61636900902	-1368
7.61649703979	-1368
7.61657595634	543
7.6166498661	-1368
7.61676383018	-1368
7.61692786217	-1368
7.61706399918	-1368
7.61721086502	-1368
7.61733603477	-1368
7.61748385429	-1368
7.6176199913	-1368
7.61776995659	-1368
7.61791396141	-1368
7.61806583405	-1368
7.61812090874	543
7.61818385124	-1368
7.6185028553	-1420
7.61853003502	-1316
7.61863493919	-1368
7.61876893044	-1368
7.61890697479	-1368
7.61905193329	-1368
7.61920690536	-1368
7.61935091019	-1368
7.61948490143	-1368
7.61980986595	-1420
7.61981487274	-1316
7.61992692947	-1368
7.62009096146	-1368
7.62021183968	-1368
7.6203520298	-1368
7.62052083015	-1368
7.62066292763	-1368
7.62085390091	543
7.62104201317	-1368
7.62118196487	-1368
7.62133097649	-1368
7.62148404121	-1368
7.62164187431	-1368
7.62176895142	-1368
7.62191295624	-1368
7.62204098701	-1368
7.62219190598	-1368
7.62232804298	-1368
7.62247681618	-1368
7.62260484695	-1368
7.62275481224	-1368
7.6228890419	-1368
7.62304186821	-1368
7.62320685387	-1368
7.6233549118	-1368
7.62348389626	-1368
7.62364983559	-1368
7.62377500534	-1368
7.62396383286	-1368
7.62407684326	-1368
7.62423992157	-1368
7.6243789196	-1368
7.62456893921	-1368
7.62471199036	-1368
7.6249859333	-1368
7.63622999191	543
7.63650202751	543
7.63668084145	543
7.638630867	1057
7.6625058651	1057
7.97177386284	-1368
7.97210001945	-1420
7.9721558094	-1420
7.97215986252	-1420
7.97219800949	-1420
7.97219991684	-1420
7.97223687172	-1420
7.97223901749	-1420
7.97227501869	-1420
7.97227692604	-1420
7.97231197357	-1420
7.97231483459	-1420
7.97234892845	-1420
7.97235202789	-1420
7.9723880291	-1420
7.97238993645	-1420
7.97242498398	-1420
7.97243690491	-1420
7.97247290611	-1420
7.97247600555	-1420
7.97251200676	-1420
7.97251391411	-1420
7.97251486778	-1420
7.97251701355	-1420
7.97251796722	-1420
7.9725189209	-1420
7.97251987457	-1420
7.97252082825	-1420
7.97252202034	-1420
7.97252297401	-1420
7.97252392769	-1420
7.97252488136	-1420
7.97252583504	-1420
7.97253584862	-1420
7.97253799438	-1420
7.97253990173	-1420
7.97254085541	-1420
7.97254180908	-1420
7.97254300117	-1420
7.97254395485	-1420
7.97254490852	-1420
7.9725458622	-1420
7.97254681587	-1420
7.97254800797	-1420
7.97254896164	-1420
7.97254991531	-1420
7.97269392014	-1420
7.97269797325	-1420
7.97269892693	-1420
7.97270083427	-1420
7.97289395332	-1420
7.97289681435	-1420
7.97289681435	-1420
7.97289800644	-1420
7.97289991379	-1420
7.97290086746	-1420
7.97290182114	-1420
7.97290301323	-1420
7.97290301323	-1420
7.9729039669	-1420
7.97290492058	-1420
7.97290587425	-1420
7.97290682793	-1420
7.97291684151	-1420
7.9729180336	-1420
7.97291898727	-1420
7.97292995453	-1420
7.97293186188	-1420
7.97293281555	-1420
7.97293281555	-1420
7.97293400764	-1420
7.97293496132	-1420
7.97293591499	-1420
7.97293686867	-1420
7.97293782234	-1420
7.97293901443	-1420
7.97293996811	-1420
7.97294092178	-1420
7.97294187546	-1420
7.97294187546	-1420
7.97294282913	-1420
7.97294402122	-1420
7.97295188904	-1420
7.97295689583	-1420
7.9729578495	-1420
7.9729578495	-1420
7.9729590416	-1420
7.97295999527	-1420
7.97296094894	-1420
7.97296094894	-1420
7.97296190262	-1420
7.97296285629	-1420
7.97360301018	-1420
7.97361493111	-1420
7.97361683846	-1420
7.97361803055	-1420
7.97361898422	-1420
7.9736199379	-1420
7.97362089157	-1420
7.97362184525	-1420
7.97362303734	-1420
7.97362399101	-1420
7.97362494469	-1420
7.97362589836	-1420
7.97362685204	-1420
7.97362804413	-1420
7.9736289978	-1420
7.97362995148	-1420
7.97364187241	-1420
7.97364401817	-1420
7.97364497185	-1420
7.97364592552	-1420
7.9736468792	-1420
7.97364783287	-1420
7.97364902496	-1420
7.97364997864	-1420
7.97365093231	-1420
7.97365188599	-1420
7.97365283966	-1420
7.97365403175	-1420
7.97365498543	-1420
7.9736559391	-1420
7.97365689278	-1420
7.97365784645	-1420
7.97366786003	-1420
7.9736700058	-1420
7.97367095947	-1420
7.97367191315	-1420
7.97367286682	-1420
7.9736738205	-1420
7.97367501259	-1420
7.97367691994	-1420
7.97367787361	-1420
7.97367882729	-1420
7.97368001938	-1420
7.97368097305	-1420
7.97368192673	-1420
7.9736828804	-1420
7.97405791283	-1420
7.97406196594	-1420
7.97406291962	-1420
7.97406387329	-1420
7.97406482697	-1420
7.97406697273	-824
7.97460985184	543
7.97631597519	-1368
7.97703385353	543
7.97710800171	-1368
7.97727394104	-1368
7.97739887238	-1368
7.9775428772	-1368
7.97769284248	-1368
7.97784900665	-1368
7.97799396515	-1368
7.97813487053	-1368
7.97826886177	-1368
7.9783809185	-1368
7.978525877	-1368
7.97868394852	-1368
7.97880887985	-1368
7.97895097733	-1368
7.97912287712	-1368
7.97923588753	-1368
7.97937393188	-1368
7.97952485085	-1368
7.97965192795	-1368
7.97979998589	-1368
7.97995400429	-1368
7.98009586334	-1368
7.980219841	-1368
7.98036193848	-1368
7.98050189018	-1368
7.98066687584	-1368
7.98092484474	-1420
7.98092889786	-1316
7.98106884956	-1368
7.98117780685	543
7.9812309742	-1368
7.98136782646	-1368
7.98149490356	-1368
7.98166894913	-1368
7.98725700378	-1368
7.98808002472	-1368
7.98826789856	-1368
7.98906588554	-1368
7.98921203613	-1368
7.9893488884	-1368
7.9894888401	-1368
7.98959589005	543
7.98964595795	-1368
7.98977684975	-1368
7.99006795883	-1368
7.99021697044	-1368
7.99036192894	-1368
7.99050498009	-1368
7.99068284035	-1368
7.99082684517	-1368
7.99161291122	543
7.99281001091	1057
7.99331593513	1057
7.99956703186	543
8.00240182877	543
8.00290703773	543
8.00344586372	543
8.00379300117	543
8.0042078495	543
8.02119398117	-1368
8.06471180916	-1368
8.06487703323	543
8.12305402756	-1368
8.14591789246	-1368
8.14601588249	-1368
8.14602184296	-1368
8.14615488052	-1368
8.14635801315	-1368
8.14640402794	543
8.14662098885	-1420
8.14662504196	-1316
8.14678287506	-1368
8.14690589905	-1368
8.14706993103	-1368
8.14718699455	-1368
8.14737796783	-1368
8.14760303497	-1368
8.1476919651	-1368
8.1477959156	-1368
8.14795589447	-1368
8.14812684059	-1368
8.14830589294	-1420
8.14831089973	-1316
8.14858388901	-1368
8.14870500565	-1368
8.14881896973	-1368
8.14898085594	-1368
8.14913082123	-1368
8.15341591835	-1368
8.15363788605	-1368
8.15364384651	-1368
8.15391397476	-1420
8.15391898155	-1316
8.15407681465	-1368
8.15420389175	-1368
8.15436387062	-1368
8.15449500084	-1368
8.15463685989	-1368
8.15475797653	-1368
8.15489888191	-1368
8.15503501892	-1368
8.15518784523	-1368
8.15551686287	-1420
8.15555882454	-1316
8.1556019783	-1368
8.15575194359	-1368
8.15586686134	-1368
8.15602183342	-1368
8.15616488457	-1368
8.15629792213	-1368
8.15643787384	-1368
8.15658402443	-1368
8.15671086311	-1368
8.15682888031	543
8.156883955	-1368
8.15699481964	-1368
8.15713691711	-1368
8.15727591515	-1368
8.15741991997	-1368
8.15756797791	-1368
8.15769791603	-1368
8.16031384468	-1368
8.16137385368	-1368
8.16232991219	-1368
8.16245794296	-1368
8.16258788109	-1368
8.16289591789	-1368
8.16332101822	-1368
8.16348195076	-1368
8.16363501549	-1368
8.16378688812	-1368
8.1639020443	-1368
8.16407394409	-1368
8.16418194771	-1368
8.16433000565	-1368
8.16446399689	-1368
8.16460895538	-1368
8.16479587555	-1368
8.2368350029	-1368
8.23685193062	-1368
8.32184886932	-1368
8.32192802429	-1368
8.32209181786	-1368
8.32218694687	1057
8.32224082947	-1368
8.32238602638	-1368
8.32261681557	-1368
8.32287788391	-1420
8.32292485237	-1316
8.32304191589	-1368
8.32319188118	-1368
8.32397985458	-1368
8.32420492172	-1368
8.32436084747	-1368
8.32453894615	-1368
8.32473087311	-1368
8.32493400574	-1368
8.32511281967	-1368
8.32531881332	-1368
8.32538700104	543
8.32569789886	-1368
8.32587695122	-1368
8.32651281357	-1420
8.32651686668	-1420
8.32655692101	-1420
8.32655882835	-1420
8.32659602165	-1160
8.32809495926	-1368
8.32823896408	-1368
8.32836985588	-1368
8.32852888107	-1368
8.3286588192	-1368
8.32881903648	-1368
8.32892894745	-1368
8.32898402214	543
8.32906603813	-1368
8.32922482491	-1368
8.32937097549	-1368
8.32950997353	-1368
8.32966184616	-1368
8.32978796959	-1368
8.33012485504	-1420
8.33012890816	-1316
8.3302359581	-1368
8.33037686348	-1368
8.33051085472	-1368
8.33068299294	-1368
8.33079099655	-1368
8.33092904091	-1368
8.33108997345	-1368
8.33124089241	-1368
8.33134698868	-1368
8.33150100708	-1368
8.33162593842	-1368
8.33180189133	-1368
8.33193898201	-1368
8.33206295967	-1368
8.33223199844	-1368
8.33232903481	543
8.33238697052	-1368
8.33252286911	-1368
8.33462095261	-1368
8.33557486534	-1368
8.3375749588	-1368
8.33772587776	-1368
8.33786988258	-1368
8.33800983429	-1368
8.33815288544	-1368
8.33829689026	-1368
8.33844685555	-1368
8.33858203888	-1368
8.33874082565	-1368
8.33903288841	-1368
8.33915090561	-1420
8.33915400505	-1316
8.33930301666	-1368
8.33943796158	-1368
8.37826800346	-1368
8.41203403473	-1368
8.41308498383	-1368
8.49731087685	-1368
8.4975259304	543
8.49795484543	-1368
8.49815797806	-1368
8.49829697609	-1368
8.49841499329	-1368
8.49856901169	-1368
8.49887299538	-1368
8.49902296066	-1368
8.49916982651	-1368
8.49932003021	-1368
8.49950003624	-1368
8.49963784218	-1368
8.49983692169	-1368
8.49999594688	-1368
8.50028800964	-1420
8.50031304359	-1316
8.50041794777	-1368
8.50058794022	-1368
8.50073099136	-1368
8.50087404251	-1368
8.50101900101	-1368
8.50116181374	-1368
8.50131392479	-1368
8.50145792961	-1368
8.5049238205	-1368
8.50586795807	-1368
8.50597786903	-1368
8.50614380836	-1368
8.50626993179	-1368
8.50642895699	-1368
8.50657200813	-1368
8.50672984123	-1368
8.50684285164	-1368
8.50699687004	-1368
8.50714802742	-1368
8.50726604462	-1368
8.50740194321	-1368
8.50755286217	-1368
8.50757598877	543
8.50767993927	-1368
8.5078098774	543
8.50784683228	-1368
8.50799298286	-1368
8.50815391541	-1368
8.50826692581	-1368
8.50841903687	-1368
8.50855398178	-1368
8.50869584084	-1368
8.5088160038	-1368
8.50896191597	-1368
8.50909399986	-1368
8.50924992561	-1368
8.5093858242	-1368
8.50953292847	-1368
8.50966286659	-1368
8.50981688499	-1368
8.5099568367	-1368
8.5100979805	-1368
8.51022696495	-1368
8.51055383682	-1368
8.51183700562	-1368
8.51196193695	-1368
8.51212000847	-1368
8.51225495338	-1368
8.51237988472	-1368
8.51255297661	-1368
8.51268100739	-1368
8.51281690598	-1368
8.51294183731	-1368
8.51309299469	-1368
8.51322603226	-1368
8.51337790489	-1368
8.51351189613	-1368
8.51366281509	-1368
8.51379489899	-1368
8.51463603973	543
8.58621788025	-1368
8.58723187447	-1368
8.60016703606	-1368
8.63782382011	-1368
8.63803792	543
8.67128992081	-1368
8.67220497131	-1368
8.67250585556	-1420
8.67251086235	-1316
8.67259383202	-1368
8.67269587517	543
8.67309093475	-1368
8.67324495316	-1368
8.67340493202	-1368
8.67353796959	-1368
8.67410683632	-1368
8.67424798012	-1368
8.6743979454	-1368
8.67446804047	543
8.67456889153	-1368
8.67470502853	-1368
8.67489004135	-1368
8.67496991158	-1368
8.675137043	-1368
8.67524290085	-1368
8.67540097237	-1368
8.67552304268	-1368
8.67569684982	-1368
8.67582082748	-1368
8.67597794533	-1368
8.67627286911	-1368
8.67641401291	-1368
8.68220090866	-1368
8.68225693703	-1368
8.68242001534	-1368
8.68254590034	-1368
8.68269300461	-1368
8.68274402618	543
8.68282604218	-1368
8.68298983574	-1368
8.68315696716	-1368
8.68325686455	-1368
8.68341493607	-1368
8.68353796005	-1368
8.6836938858	-1368
8.68383002281	-1368
8.68392586708	543
8.68396687508	-1368
8.68415093422	-1368
8.68427085876	-1368
8.68442082405	-1368
8.68459391594	-1368
8.68476581573	-1368
8.68507504463	-1420
8.68507790565	-1316
8.68517899513	-1368
8.685338974	-1368
8.68542003632	-1368
8.68560886383	-1368
8.68572282791	-1368
8.68586301804	-1368
8.68599700928	-1368
8.68614196777	-1368
8.6862859726	-1368
8.68641901016	-1368
8.68656587601	-1368
8.68697881699	-1368
8.6871509552	543
8.68739891052	-1420
8.68740200996	-1316
8.68742084503	-1368
8.68757891655	-1368
8.68772888184	-1368
8.68788003922	-1368
8.68797087669	-1368
8.6881480217	-1368
8.68825387955	-1368
8.68845582008	-1368
8.68862104416	-1368
8.68876695633	-1368
8.68886184692	-1368
8.68902587891	-1368
8.68918800354	-1368
8.68927693367	543
8.76158094406	-1368
8.76245188713	-1368
8.76445889473	-1368
8.81200003624	-1368
8.8122010231	543
8.81293582916	-1368
8.84474301338	-1368
8.84542703629	-1368
8.84553790092	-1368
8.84641695023	-1368
8.84743690491	-1368
8.84756493568	-1368
8.84841489792	-1368
8.84881782532	-1420
8.84882187843	-1316
8.84898400307	-1420
8.84898686409	-1316
8.84912586212	-1368
8.84926986694	-1368
8.8494079113	-1368
8.84954690933	-1368
8.84969687462	-1368
8.84987092018	-1368
8.84998488426	-1368
8.85012102127	-1368
8.85026502609	-1368
8.85041499138	-1368
8.8505589962	-1368
8.85070800781	-1368
8.85084700584	-1368
8.85155296326	543
8.85479593277	543
8.85495686531	543
8.85523986816	543
8.85581994057	543
8.85841584206	-1368
8.85852003098	-1368
8.85884284973	-1420
8.85884785652	-1316
8.85889697075	-1368
8.85905599594	-1368
8.85922694206	-1368
8.85929203033	543
8.8593878746	-1368
8.85943198204	543
8.85948801041	-1368
8.85962700844	-1368
8.85975599289	-1368
8.85989999771	-1368
8.86007189751	-1368
8.86018896103	-1368
8.86034083366	-1368
8.86047196388	-1368
8.86062693596	-1368
8.86075687408	-1368
8.86090397835	-1368
8.8610329628	-1368
8.86118888855	-1368
8.861317873	-1368
8.86146903038	-1368
8.86159896851	-1368
8.8618118763	-1368
8.86211681366	-1420
8.86214089394	-1316
8.86222696304	-1368
8.86237597466	-1368
8.86254382133	-1368
8.86269402504	-1368
8.86274886131	543
8.8628308773	-1368
8.86299085617	-1368
8.86316800117	-1368
8.86328601837	-1368
8.86342191696	-1368
8.86353182793	543
8.86359381676	-1368
8.8637638092	-1368
8.86390089989	-1368
8.86403489113	-1368
8.86412096024	543
8.86417198181	-1368
8.86447095871	-1420
8.86449694633	-1316
8.86464691162	-1368
8.86476898193	-1368
8.86496901512	-1368
8.86510300636	-1368
8.90110588074	-1368
8.90115880966	-1368
8.93581295013	-1368
8.93588280678	-1368
8.93604588509	543
8.937541008	-1368
8.93772482872	543
8.97830700874	-1368
8.98623991013	-1368
8.98641896248	543
8.98728585243	-1368
9.01884388924	-1368
9.01891803741	-1368
9.01897096634	-1368
9.01919484138	-1368
9.01928591728	-1368
9.01950883865	-1368
9.02265882492	-1368
9.02281188965	-1368
9.02290701866	-1368
9.02306890488	-1368
9.0232000351	-1368
9.02335882187	-1368
9.02350497246	-1368
9.02364397049	-1368
9.0237698555	-1368
9.02390193939	-1368
9.02404093742	-1368
9.02419400215	-1368
9.02433586121	-1368
9.0244820118	-1368
9.02461981773	-1368
9.02477192879	-1368
9.02490186691	-1368
9.02963685989	-1368
9.03468394279	-1368
9.03477501869	-1368
9.03561496735	-1368
9.0357530117	-1368
9.03663802147	-1368
9.03676486015	-1368
9.03695487976	-1368
9.0370619297	-1368
9.03777098656	-1420
9.03780293465	-1316
9.03792095184	-1368
9.03801083565	543
9.03805589676	-1368
9.03819298744	-1368
9.03834486008	-1368
9.03847789764	-1368
9.03864502907	-1368
9.03877186775	-1368
9.03890299797	-1368
9.03910493851	-1368
9.03922700882	-1368
9.03933882713	543
9.03939294815	-1368
9.03953385353	-1368
9.03966093063	-1368
9.03982186317	-1368
9.03994989395	-1368
9.04012703896	-1368
9.04023003578	-1368
9.04032087326	543
9.04074287415	-1368
9.04074597359	-1420
9.0407679081	-1316
9.04094696045	-1368
9.04097294807	-1368
9.0410900116	-1368
9.04123783112	-1368
9.04134392738	-1368
9.04152989388	-1368
9.0416328907	-1368
9.04180693626	-1368
9.04194188118	-1368
9.04208087921	-1368
9.04222393036	-1368
9.04237389565	-1368
9.04251503944	-1368
9.04267692566	-1368
9.04280281067	-1368
9.04297995567	-1368
9.0430970192	-1368
9.04323291779	-1368
9.04619598389	543
9.07536482811	-1368
9.07621598244	-1368
9.07638287544	543
9.10902786255	-1368
9.10991382599	-1368
9.15257191658	-1368
9.1534268856	-1368
9.16053295135	-1368
9.1911418438	-1368
9.19120192528	-1368
9.1913459301	-1368
9.19150280952	-1368
9.1916539669	-1368
9.19176697731	-1368
9.19692802429	-1368
9.19722485542	-1420
9.19722986221	-1316
9.19735598564	-1368
9.19748091698	-1368
9.19765686989	-1368
9.19778990746	-1368
9.19796490669	-1368
9.19808697701	-1368
9.19821381569	543
9.19825196266	-1368
9.19841599464	-1368
9.19855499268	-1368
9.19868993759	-1368
9.19884586334	-1368
9.19898295403	-1368
9.20075798035	-1420
9.20076394081	-1420
9.20080494881	-1264
9.20704102516	-1368
9.20718193054	-1368
9.20729899406	-1368
9.20745897293	-1368
9.20758295059	-1368
9.20771002769	543
9.20776700974	-1368
9.2079398632	-1368
9.20809602737	-1368
9.20827102661	1057
9.21187591553	-1368
9.21299386024	-1368
9.21399903297	-1368
9.21462893486	-1368
9.21477603912	-1368
9.2149078846	-1368
9.21505403519	-1368
9.21520400047	-1368
9.21536302567	-1368
9.21550893784	-1368
9.21565794945	-1368
9.21581602097	-1368
9.21599388123	-1368
9.21615886688	-1368
9.21627688408	-1368
9.21640992165	-1368
9.21658086777	-1368
9.21670389175	-1368
9.2168648243	-1368
9.21701788902	-1368
9.21716880798	-1368
9.21730399132	-1368
9.21746492386	-1368
9.21760082245	-1368
9.21774888039	-1368
9.21790504456	-1368
9.21806097031	-1368
9.21818780899	-1368
9.21834087372	-1368
9.21847295761	-1368
9.21862792969	-1368
9.2187769413	-1368
9.2189438343	-1368
9.21910095215	-1368
9.21923398972	-1368
9.2193748951	-1368
9.21951985359	-1368
9.21967792511	-1368
9.21995592117	-1420
9.21995902061	-1316
9.22009992599	-1368
9.22023797035	-1368
9.22050189972	543
9.24855899811	-1368
9.24864387512	-1368
9.24879288673	543
9.28437900543	-1368
9.28559994698	-1368
9.3267788887	-1368
9.32766199112	-1368
9.36426186562	-1368
9.36516499519	-1368
9.36528301239	-1368
9.36614704132	-1368
9.36627292633	-1368
9.36711597443	-1368
9.36725997925	-1368
9.37051486969	543
9.37117481232	-1368
9.37142086029	-1368
9.37144804001	-1368
9.3715338707	-1368
9.37169599533	-1368
9.37181782722	-1368
9.3721280098	-1368
9.37224292755	-1368
9.37240600586	-1368
9.37252902985	-1368
9.37262701988	543
9.37286901474	-1420
9.37287187576	-1316
9.37311196327	-1368
9.37323594093	-1368
9.37338590622	-1368
9.37352585793	-1368
9.37368702888	-1368
9.37408781052	-1368
9.38116884232	-1368
9.3812828064	-1368
9.38143897057	-1368
9.38156986237	-1368
9.38174080849	-1368
9.38208985329	-1368
9.38224387169	-1368
9.38239002228	-1368
9.38247489929	543
9.38985800743	-1368
9.39094400406	-1368
9.39100790024	-1368
9.39125084877	-1368
9.39187788963	-1368
9.39203381538	-1368
9.39212584496	-1368
9.39233183861	-1368
9.3924369812	-1368
9.39285898209	-1368
9.39297485352	-1368
9.39312386513	-1368
9.39325881004	-1368
9.39338684082	-1368
9.39354586601	-1368
9.39367985725	-1368
9.393846035	-1368
9.39398884773	-1368
9.3941848278	-1368
9.39429593086	-1368
9.39445900917	-1368
9.39457988739	-1368
9.39473581314	-1368
9.39486193657	-1368
9.39501786232	-1368
9.39516496658	-1368
9.39544987679	-1420
9.39545488358	-1316
9.39558792114	-1368
9.39570903778	-1368
9.39581298828	543
9.3958530426	-1368
9.3959980011	-1368
9.3961558342	-1368
9.39626693726	-1368
9.39633893967	543
9.3964009285	-1368
9.39656591415	-1368
9.39670801163	-1368
9.39682984352	-1368
9.39699292183	-1368
9.39711594582	-1368
9.39726686478	-1368
9.39740395546	-1368
9.39754700661	-1368
9.42176103592	-1368
9.42264890671	-1368
9.45955586433	-1368
9.46046590805	-1368
9.50123596191	-1368
9.5021250248	-1368
9.50224399567	543
9.53767681122	-1368
9.53869986534	-1368
9.53943181038	-1368
9.53963398933	-1368
9.53975296021	-1368
9.53992080688	-1368
9.54014396667	-1368
9.54357099533	-1368
9.54372096062	-1368
9.5439248085	-1368
9.54419589043	-1420
9.54420089722	-1316
9.54435300827	-1368
9.54449391365	-1368
9.54465484619	-1368
9.54474401474	543
9.54483294487	-1368
9.5449848175	-1368
9.54513788223	-1368
9.54525995255	-1368
9.54540300369	-1368
9.54553604126	-1368
9.54573082924	-1368
9.54584884644	-1368
9.54593682289	543
9.54600000381	-1368
9.54620599747	-1368
9.55540990829	-1368
9.55557799339	-1368
9.55572891235	-1368
9.55579280853	-1368
9.55636882782	-1368
9.55648493767	-1368
9.55663585663	-1368
9.55676102638	-1368
9.55685997009	543
9.56413698196	-1368
9.56514596939	-1368
9.5652358532	-1368
9.56534600258	543
9.56542396545	-1368
9.56610703468	-1368
9.56624794006	-1368
9.56637692451	-1368
9.56706786156	-1368
9.56894397736	-1368
9.56911683083	-1368
9.56923699379	-1368
9.56940603256	-1368
9.57016396523	-1368
9.57025790215	-1368
9.57039999962	-1368
9.5705499649	-1368
9.57110881805	-1368
9.5711979866	-1368
9.57134199142	-1368
9.57148599625	-1368
9.57162594795	-1368
9.57177090645	-1368
9.57190799713	-1368
9.57207298279	-1368
9.57221984863	-1368
9.57236981392	-1368
9.57250094414	-1368
9.57264399529	-1368
9.57278490067	-1368
9.5729329586	-1368
9.57298493385	543
9.57306790352	-1368
9.57314801216	543
9.57322192192	-1368
9.57336688042	-1368
9.57378292084	-1420
9.57378792763	-1420
9.5738298893	-1264
9.57391500473	-1368
9.57405900955	-1368
9.57419991493	-1368
9.57433795929	-1368
9.57448291779	-1368
9.57463097572	-1368
9.5747590065	-1368
9.59107685089	543
9.59601593018	-1368
9.59690690041	-1368
9.61411690712	543
9.61506104469	543
9.63378190994	-1368
9.63466191292	-1368
9.67630791664	-1368
9.67722392082	-1368
9.67820692062	-1368
9.71184802055	-1368
9.71283793449	-1368
9.7138209343	-1368
9.71478390694	-1368
9.71580195427	-1368
9.7167699337	-1368
9.71775388718	-1368
9.71778297424	-1368
9.71790194511	-1368
9.7180519104	-1368
9.71818184853	-1368
9.71860790253	-1368
9.71873283386	-1368
9.71888804436	-1368
9.71896386147	543
9.71902704239	-1368
9.71931600571	-1368
9.71961283684	-1368
9.71967983246	543
9.71975493431	-1368
9.71987295151	-1368
9.72002387047	-1368
9.72015380859	-1368
9.72032284737	-1368
9.72059297562	-1368
9.72076392174	-1368
9.72871994972	-1368
9.72964096069	-1368
9.72974991798	-1368
9.72993087769	-1368
9.73009181023	-1368
9.73022484779	-1368
9.73039197922	-1368
9.73053598404	-1368
9.73072600365	-1368
9.73082089424	-1368
9.7366309166	-1368
9.73733901978	-1368
9.73747682571	-1368
9.73847484589	-1368
9.73947095871	-1368
9.74040293694	-1368
9.74153089523	-1368
9.74235892296	-1368
9.74248695374	-1368
9.74257683754	543
9.7434489727	-1368
9.74430584908	-1368
9.74499893188	543
9.74532103539	-1368
9.74544882774	-1368
9.74560189247	-1368
9.74572992325	-1368
9.74631595612	-1368
9.74646902084	-1368
9.74734282494	-1368
9.74745392799	-1368
9.74761390686	-1368
9.74773597717	-1368
9.74783682823	543
9.74789500237	-1368
9.74802398682	-1368
9.74817991257	-1368
9.74830698967	-1368
9.74845695496	-1368
9.74858784676	-1368
9.7487449646	-1368
9.7488720417	-1368
9.7490208149	-1368
9.74908685684	543
9.74914693832	-1368
9.74929094315	-1368
9.74945902824	-1368
9.74958395958	-1368
9.749740839	-1368
9.74985790253	-1368
9.75000691414	-1368
9.75014090538	-1368
9.75029397011	-1368
9.75042581558	-1368
9.75056886673	-1368
9.75070595741	-1368
9.75085687637	-1368
9.77017593384	-1368
9.77118682861	-1368
9.80813598633	-1368
9.80896902084	-1368
9.85156393051	-1368
9.85245203972	-1368
9.88515996933	-1368
9.88604593277	-1368
9.88736391068	-1368
9.88793492317	-1368
9.88804388046	-1368
9.88824081421	-1368
9.88863992691	-1368
9.8887898922	-1368
9.88901400566	-1368
9.88930702209	-1368
9.88940787315	543
9.88974690437	-1368
9.88982081413	-1368
9.88990783691	-1368
9.88998699188	543
9.89006495476	-1368
9.89195799828	-1368
9.89285802841	-1368
9.89321088791	-1368
9.89382886887	-1368
9.89400196075	-1368
9.89416694641	-1368
9.89487481117	-1368
9.89500999451	-1368
9.89516401291	-1368
9.89582300186	-1368
9.89588904381	543
9.90283894539	-1368
9.90386986732	-1368
9.9039888382	-1368
9.90417790413	-1368
9.90430688858	-1368
9.90443396568	-1368
9.90459799767	-1368
9.90474200249	-1368
9.90488386154	-1368
9.90502691269	-1368
9.91062498093	-1368
9.91162991524	-1368
9.91258192062	-1368
9.91359996796	-1368
9.91473388672	-1368
9.91572880745	-1368
9.91670084	-1368
9.91769695282	-1420
9.91774582863	-1316
9.9178879261	-1368
9.91857886314	-1368
9.91866087914	543
9.91869783401	-1368
9.91886496544	-1368
9.91970396042	-1368
9.91978788376	543
9.91982603073	-1368
9.9219789505	-1368
9.92201495171	-1368
9.92362880707	-1368
9.9237549305	-1368
9.92391991615	-1368
9.92419195175	-1420
9.92419695854	-1316
9.92432594299	-1368
9.92444896698	-1368
9.92460894585	-1368
9.92473888397	-1368
9.92489004135	-1368
9.92502188683	-1368
9.92517590523	-1368
9.92530703545	-1368
9.92542791367	543
9.92546987534	-1368
9.92560982704	-1368
9.92575788498	-1368
9.92588996887	-1368
9.92604088783	-1368
9.9261739254	-1368
9.92632293701	-1368
9.92645692825	-1368
9.92660784721	-1368
9.92673802376	-1368
9.92689204216	-1368
9.92702198029	-1368
9.92719697952	-1368
9.93177580833	-1368
9.94581699371	-1368
9.94661283493	-1368
9.98204302788	-1368
9.98308491707	-1368
9.98908281326	-1368
10.0258228779	-1368
10.0267949104	-1368
10.0593378544	-1368
10.0601968765	-1368
10.0613129139	-1368
10.0614609718	543
10.0616159439	543
10.062142849	-1368
10.0623350143	-1368
10.0624189377	-1368
10.0626339912	-1368
10.0627398491	-1368
10.0629060268	-1368
10.0630588531	-1368
10.0632019043	-1368
10.0633218288	-1368
10.0634908676	-1368
10.0636568069	-1368
10.0642180443	-1368
10.0643808842	-1368
10.0644659996	543
10.0649719238	-1368
10.0650918484	-1368
10.0659680367	-1420
10.0659730434	-1316
10.0663099289	-1368
10.066562891	-1368
10.0771889687	-1368
10.0781450272	-1368
10.0782368183	-1368
10.0784139633	-1368
10.0785889626	-1368
10.0786898136	-1368
10.0788428783	-1368
10.0789740086	-1368
10.0791618824	-1368
10.0792589188	-1368
10.0850448608	-1368
10.0859289169	-1368
10.0870819092	-1368
10.088064909	-1368
10.0890920162	-1368
10.0899209976	-1420
10.0899689198	-1316
10.0910179615	-1368
10.0911400318	-1368
10.0912349224	543
10.0918908119	-1420
10.0918958187	-1316
10.0921428204	-1368
10.0922648907	-1368
10.0923659801	543
10.092828989	-1368
10.0929830074	-1368
10.093130827	-1368
10.093200922	543
10.093326807	-1368
10.0939760208	-1368
10.0999569893	-1368
10.100030899	-1368
10.1001889706	-1368
10.1002879143	-1368
10.1004598141	-1368
10.100579977	-1368
10.1007599831	-1368
10.1008608341	-1368
10.1010718346	-1368
10.101159811	-1368
10.1013069153	-1368
10.1014358997	-1368
10.1016600132	-1368
10.1017010212	-1368
10.1021020412	-1420
10.1021058559	-1316
10.102178812	-1368
10.1023139954	-1368
10.1024289131	-1368
10.1026380062	-1368
10.1027538776	-1368
10.1028740406	-1368
10.1029989719	-1368
10.1032159328	-1420
10.1032569408	-1316
10.1034598351	-1368
10.1049048901	-1368
10.1059980392	-1368
10.108438015	1057
10.1207430363	-1368
10.1217520237	-1368
10.1562619209	-1368
10.1572990417	-1368
10.2000370026	-1368
10.2009649277	-1368
10.2336008549	-1368
10.2344508171	-1368
10.2357449532	-1368
10.2364590168	-1368
10.2365379333	-1368
10.2366349697	543
10.2367289066	-1368
10.2368860245	-1368
10.2370188236	-1368
10.2372009754	-1368
10.237361908	-1368
10.2373659611	-1368
10.2376220226	-1368
10.2377288342	-1368
10.2379069328	-1368
10.2380139828	-1368
10.2384288311	-1420
10.2384328842	-1420
10.2384729385	-1264
10.2386269569	-1368
10.2387959957	-1368
10.2389199734	-1368
10.2391400337	-1368
10.2392308712	-1368
10.2524249554	-1368
10.2525010109	-1368
10.2527339458	-1368
10.2528040409	-1368
10.2529308796	-1368
10.2530670166	-1368
10.253221035	-1368
10.2533669472	-1368
10.2536649704	-1420
10.2536709309	-1316
10.2539379597	543
10.2612979412	-1368
10.2628529072	-1368
10.2630069256	543
10.264111042	-1368
10.26420784	-1368
10.2643659115	-1368
10.2644870281	-1368
10.2646448612	-1368
10.2647678852	-1368
10.2650539875	-1368
10.2651939392	-1368
10.265362978	-1368
10.2655038834	-1368
10.2656569481	-1368
10.2660558224	-1368
10.2663228512	-1368
10.2671778202	-1368
10.2761600018	-1368
10.2763278484	-1368
10.2764179707	-1368
10.2765939236	-1368
10.2767288685	-1368
10.2767469883	543
10.2768349648	-1368
10.2769749165	-1368
10.2771248817	-1368
10.2772610188	-1368
10.2773928642	-1368
10.2775528431	-1368
10.2776858807	-1368
10.2778418064	-1368
10.2779588699	-1368
10.278110981	-1368
10.2782449722	-1368
10.2783930302	-1368
10.2785229683	-1368
10.2786848545	-1368
10.2788038254	-1368
10.2791290283	-1420
10.2791349888	-1316
10.2792258263	-1368
10.2792618275	543
10.2793719769	-1368
10.2794399261	543
10.2794778347	-1368
10.2796578407	-1368
10.2797849178	-1368
10.279914856	-1368
10.2802698612	-1368
10.2805128098	-1368
10.2969419956	-1368
10.2978889942	-1368
10.3327028751	-1368
10.3335950375	-1368
10.3742909431	-1368
10.3753378391	-1368
10.4078288078	-1368
10.4096999168	-1368
10.4107940197	-1368
10.4126758575	-1368
10.4127738476	-1368
10.4129528999	-1368
10.4130718708	543
10.4131610394	-1368
10.4132828712	-1368
10.4134628773	-1368
10.4135499001	-1368
10.4137580395	-1368
10.4138989449	-1368
10.4140248299	-1368
10.4141409397	-1368
10.4142968655	-1368
10.4144518375	-1368
10.4145920277	-1368
10.4147269726	-1368
10.4148850441	-1368
10.4150028229	-1368
10.4155819416	-1420
10.4155859947	-1316
10.4267318249	-1368
10.4269368649	-1368
10.4269769192	-1368
10.4270849228	-1368
10.4272580147	-1368
10.427385807	-1368
10.4275319576	-1368
10.4276838303	-1368
10.427834034	-1368
10.4279439449	-1368
10.4289309978	543
10.4290518761	543
10.4365608692	-1368
10.4365799427	-1368
10.4366729259	-1368
10.4368300438	-1368
10.4369609356	-1368
10.4370789528	-1368
10.437237978	-1368
10.4373528957	-1368
10.4375188351	-1368
10.437650919	-1368
10.4377789497	-1368
10.4379320145	-1368
10.4381079674	-1368
10.4382209778	-1368
10.4383208752	543
10.4384589195	-1368
10.4385888577	-1368
10.4522368908	-1368
10.4523389339	-1368
10.4524178505	-1368
10.4527909756	-1420
10.4528539181	-1316
10.4528570175	-1368
10.4529910088	-1368
10.4531338215	-1368
10.4534468651	-1368
10.4536099434	-1368
10.4536340237	-1368
10.4537329674	-1368
10.4539020061	-1368
10.4539878368	-1368
10.4541139603	-1368
10.4542410374	-1368
10.4543700218	-1368
10.4545099735	-1368
10.4545960426	543
10.4546358585	-1368
10.4547789097	-1368
10.4548869133	1057
10.4549238682	-1368
10.4550728798	-1368
10.4552190304	-1368
10.4553358555	-1368
10.4554820061	-1368
10.4556260109	-1368
10.4557619095	-1368
10.4558618069	1057
10.4558978081	-1368
10.4560468197	-1368
10.4561829567	-1368
10.4563169479	-1368
10.4605138302	1057
10.4713718891	-1368
10.4713819027	-1368
10.5067918301	-1368
10.5077559948	-1368
10.5485138893	-1368
10.5493988991	-1368
10.5834109783	-1368
10.5849478245	-1368
10.5879528522	-1368
10.5888879299	-1368
10.5890328884	-1368
10.5891029835	543
10.589140892	-1368
10.5893139839	-1368
10.5894908905	-1368
10.589756012	-1420
10.5898020267	-1316
10.5899579525	-1368
10.5900900364	-1368
10.5902328491	-1368
10.5904138088	-1368
10.5905349255	-1368
10.5906858444	-1368
10.5907638073	543
10.5908248425	-1368
10.5909869671	-1368
10.5911548138	-1368
10.5912380219	-1368
10.5913989544	-1368
10.5915260315	-1368
10.5983710289	-1368
10.598503828	-1368
10.5986230373	-1368
10.5987730026	-1368
10.5989279747	-1368
10.5990598202	-1368
10.5991699696	543
10.5992078781	-1368
10.5994000435	-1368
10.5997798443	-1368
10.6107199192	-1368
10.6107850075	-1368
10.6109619141	-1368
10.6111459732	-1368
10.6112499237	-1368
10.6113648415	-1368
10.6114859581	-1368
10.6116228104	-1368
10.6117520332	-1368
10.6119120121	-1368
10.6120698452	-1368
10.612156868	543
10.6122219563	-1368
10.6124789715	-1420
10.6124999523	-1316
10.6126208305	-1368
10.6127378941	-1368
10.6285128593	-1368
10.6285998821	-1368
10.6287829876	-1368
10.6288349628	-1368
10.6289038658	-1368
10.6290969849	-1368
10.6291840076	543
10.6292459965	-1368
10.6293709278	-1368
10.6295268536	-1368
10.6296429634	-1368
10.6298108101	-1368
10.6299419403	-1368
10.6300899982	-1368
10.63022089	-1368
10.6303699017	-1368
10.630439043	543
10.630507946	-1368
10.6306259632	-1368
10.6307599545	-1368
10.630895853	-1368
10.6310219765	-1368
10.6311559677	-1420
10.6311810017	-1316
10.6324419975	-1368
10.6326229572	-1368
10.6333949566	-1420
10.6334369183	-1420
10.6334400177	-1420
10.6334779263	-1420
10.6334810257	-1420
10.6335179806	-1420
10.6335208416	-1056
10.6455538273	-1368
10.6464278698	-1368
10.6799819469	-1368
10.6800119877	-1368
10.680177927	543
10.6998839378	1460
10.699972868	625
10.7227790356	-1368
10.7237129211	-1368
10.7583248615	-1368
10.7592658997	-1368
10.7611718178	-1368
10.7621788979	-1368
10.7641730309	-1368
10.7651648521	-1368
10.7653098106	-1368
10.7654328346	-1368
10.7655508518	-1368
10.7656359673	543
10.765693903	-1368
10.7658729553	-1368
10.7660179138	-1368
10.766160965	-1368
10.7662668228	-1368
10.7664330006	-1368
10.7667608261	-1420
10.7667639256	-1316
10.766782999	-1368
10.766947031	543
10.7670018673	-1368
10.7671399117	-1368
10.7672629356	-1368
10.7674160004	-1368
10.7696249485	-1368
10.7697529793	-1368
10.7699639797	-1368
10.7701039314	-1368
10.7702379227	-1368
10.7704129219	-1368
10.7705578804	-1368
10.7707269192	-1368
10.7708728313	-1368
10.7709798813	-1368
10.7850289345	-1368
10.7850549221	-1368
10.7852258682	-1368
10.7853269577	-1368
10.7854349613	543
10.7855389118	-1368
10.7855968475	-1368
10.7857408524	-1368
10.7858610153	-1368
10.7860078812	-1368
10.7861409187	-1368
10.7862980366	-1368
10.7864420414	-1368
10.7865948677	-1368
10.7866840363	543
10.7867329121	-1368
10.7869009972	-1368
10.8048648834	-1368
10.8048818111	-1368
10.804970026	-1368
10.8050439358	-1368
10.8051929474	-1368
10.8053429127	-1368
10.8055050373	-1368
10.8055939674	543
10.8056569099	-1368
10.8057830334	-1368
10.805948019	-1368
10.8062288761	-1420
10.8062558174	-1316
10.8063299656	-1368
10.8065090179	-1368
10.8066108227	-1368
10.8067929745	-1368
10.8068878651	-1368
10.807051897	-1368
10.8071668148	-1368
10.8073198795	-1368
10.8074429035	-1368
10.8075978756	-1368
10.8077278137	-1368
10.8078780174	-1368
10.8080108166	-1368
10.8081729412	-1368
10.8082649708	543
10.8083019257	-1368
10.8086848259	-1420
10.8087129593	-1316
10.8087639809	-1368
10.8088719845	-1368
10.8089988232	-1368
10.8216679096	-1368
10.8246798515	-1368
10.8533108234	-1368
10.8571639061	-1368
10.897012949	-1368
10.8980278969	-1368
10.8998570442	543
10.9325039387	-1368
10.9335029125	-1368
10.9354028702	-1368
10.9373519421	-1368
10.9393589497	-1368
10.9394938946	-1368
10.9396309853	-1368
10.9397659302	-1368
10.939925909	-1368
10.9400718212	-1368
10.9402208328	-1368
10.9405138493	-1420
10.940541029	-1316
10.9406509399	-1368
10.9407999516	-1368
10.9409358501	-1368
10.9410870075	-1368
10.9412288666	-1368
10.941382885	-1368
10.9415168762	-1368
10.9416689873	-1368
10.9418950081	-1368
10.941988945	543
10.9420289993	-1368
10.9421188831	543
10.9421589375	-1368
10.9423229694	-1368
10.9425389767	-1368
10.9426748753	-1368
10.9428248405	-1368
10.9429628849	-1368
10.943146944	-1368
10.9433088303	-1368
10.959250927	-1368
10.959266901	-1368
10.9594438076	-1368
10.9597668648	-1420
10.95981884	-1316
10.9598588943	-1368
10.9599969387	-1368
10.9601140022	-1368
10.9601819515	543
10.96022892	-1368
10.9603629112	543
10.9603989124	-1368
10.9605138302	-1368
10.9606428146	-1368
10.9607708454	-1368
10.9609479904	-1368
10.9779758453	-1368
10.9808819294	-1368
10.9810118675	-1368
10.9811599255	-1368
10.9812948704	-1368
10.9814510345	-1368
10.9815919399	-1368
10.9817390442	-1368
10.9818730354	-1368
10.9820258617	-1368
10.9821310043	-1368
10.9822969437	-1368
10.9824419022	-1368
10.9825699329	-1368
10.9827098846	-1368
10.9828598499	-1368
10.9829900265	-1368
10.9831500053	-1368
10.9832780361	-1368
10.9834220409	-1368
10.9835579395	-1368
10.9837119579	-1368
10.9838368893	-1368
10.9838609695	543
10.9839808941	-1368
10.9841358662	-1368
10.9842698574	-1368
10.9844098091	-1368
10.9845728874	-1368
10.9848330021	-1420
10.984872818	-1316
10.9852650166	-1420
10.9853038788	-1316
10.9853508472	-1368
10.9875898361	543
10.9881749153	1086
10.9920768738	543
10.9928808212	543
10.9930679798	543
10.9950349331	-1368
10.9951689243	-1368
11.0265889168	-1368
11.0275499821	-1368
11.0712838173	-1368
11.072218895	-1368
11.0731489658	-1368
11.1068429947	-1368
11.1076719761	-1368
11.1096718311	-1368
11.1119379997	-1368
11.1137909889	-1368
11.114636898	-1368
11.1148049831	-1368
11.1149599552	-1368
11.1156759262	-1368
11.1159689426	-1368
11.1161708832	-1368
11.1162309647	-1368
11.1162359715	-1368
11.116330862	-1368
11.1164119244	543
11.116465807	-1368
11.116601944	-1368
11.1167469025	-1368
11.1168878078	-1368
11.1170418262	-1368
11.1171820164	-1368
11.1173279285	-1368
11.1174650192	-1368
11.1176168919	-1368
11.1177568436	-1368
11.1179049015	-1368
11.1180429459	-1368
11.1182010174	-1368
11.1183419228	-1368
11.1184928417	-1368
11.1186258793	-1368
11.1187410355	543
11.1335248947	-1420
11.133548975	-1316
11.1337189674	-1368
11.1337850094	-1368
11.1339509487	-1368
11.1340639591	-1368
11.1342308521	-1368
11.1343610287	-1368
11.1345100403	-1368
11.1346309185	-1368
11.1348428726	-1368
11.1349339485	-1368
11.1350548267	-1368
11.1351869106	-1368
11.1359639168	543
11.1522939205	-1368
11.1531889439	-1368
11.1572480202	-1368
11.1572859287	-1368
11.1574280262	-1368
11.1575639248	-1368
11.1577029228	-1368
11.1577849388	543
11.1578228474	-1368
11.1580038071	-1368
11.1581439972	-1368
11.1582868099	-1368
11.158438921	-1368
11.1585860252	-1368
11.1587350368	-1368
11.1588749886	-1368
11.1590139866	-1368
11.1599788666	-1368
11.160476923	-1420
11.1604819298	-1316
11.1605060101	-1368
11.1606450081	-1368
11.1611998081	-1420
11.1612048149	-1420
11.161247015	-1420
11.1612489223	-1420
11.1612858772	-42
11.1642298698	543
11.1643648148	543
11.1988079548	-1368
11.1988248825	-1368
11.1988840103	-1368
11.1992189884	-1368
11.2006618977	-1420
11.2006669044	-1316
11.2007539272	-1368
11.2009179592	-1368
11.2010660172	-1368
11.2011640072	-1368
11.2013139725	-1368
11.2014439106	-1368
11.2463150024	-1368
11.2463359833	-1368
11.2801809311	-1368
11.2801969051	-1368
11.2805449963	-1368
11.280864954	-1368
11.2869579792	-1368
11.2879419327	-1368
11.2890708447	-1368
11.289249897	543
11.2900400162	-1368
11.2910039425	-1368
11.2918848991	-1368
11.2920749187	-1368
11.2921600342	-1368
11.2923169136	-1368
11.2924380302	-1368
11.2925918102	-1368
11.2927308083	-1368
11.2928760052	-1368
11.2930099964	-1368
11.2931258678	-1368
11.2932779789	-1368
11.2934188843	-1368
11.2935688496	-1368
11.293694973	-1368
11.2937879562	543
11.2938268185	-1368
11.2940068245	-1368
11.2940819263	543
11.2941408157	-1368
11.2943029404	-1368
11.2944619656	-1368
11.2945919037	-1368
11.2947518826	-1368
11.307765007	-1368
11.3078129292	-1368
11.3079829216	-1368
11.3081419468	-1368
11.3082749844	-1368
11.3084509373	-1368
11.3085989952	-1368
11.3087899685	-1368
11.3089258671	-1368
11.3090929985	-1368
11.3092520237	-1368
11.3094530106	-1368
11.3097419739	-1420
11.3097698689	-1316
11.3098869324	-1368
11.3099458218	543
11.3275399208	-1368
11.3283398151	-1368
11.3334619999	-1368
11.3335618973	-1368
11.3337299824	-1368
11.3338749409	-1368
11.3340318203	-1368
11.334182024	-1368
11.334332943	-1368
11.3344700336	-1368
11.3346140385	-1368
11.3347568512	-1368
11.3349249363	-1368
11.3350520134	-1368
11.3352248669	-1368
11.335351944	-1368
11.3355038166	-1368
11.3356478214	-1368
11.3358039856	-1368
11.335944891	-1368
11.3361098766	-1368
11.3362529278	-1368
11.3363969326	-1368
11.3364980221	543
11.336534977	-1368
11.3366088867	543
11.3366868496	-1368
11.3368840218	-1368
11.3712909222	-1368
11.3722670078	-1368
11.3723018169	-1368
11.3729028702	-1368
11.3730490208	-1368
11.3732178211	-1368
11.3734970093	-1368
11.3738930225	-1368
11.3739998341	-1368
11.3741929531	-1368
11.3743648529	-1368
11.3745119572	-1368
11.3785259724	543
11.4196779728	-1368
11.4205238819	-1368
11.4533398151	-1368
11.4542598724	-1368
11.455329895	-1368
11.4563188553	-1368
11.4611928463	-1368
11.4621620178	-1368
11.4632840157	-1368
11.4643449783	-1368
11.46585989	-1368
11.4678809643	-1368
11.4679980278	-1368
11.4681539536	-1368
11.4682838917	-1368
11.468421936	-1368
11.4685208797	543
11.4685659409	-1368
11.4687268734	-1368
11.468806982	543
11.4688458443	-1368
11.4690189362	-1368
11.469162941	-1368
11.469301939	-1368
11.4694869518	-1368
11.4696099758	-1368
11.4697668552	-1368
11.4698970318	-1368
11.4702219963	-1420
11.4702270031	-1316
11.4703378677	-1368
11.4704728127	-1368
11.4706118107	-1368
11.4819018841	-1368
11.4819858074	-1368
11.4821639061	-1368
11.4822969437	-1368
11.4823539257	543
11.4824538231	-1368
11.4825799465	-1368
11.4827318192	-1368
11.4828088284	-1368
11.4829609394	-1368
11.4831140041	-1368
11.802770853	-1368
11.8038799763	-1420
11.8039469719	-1420
11.8039519787	-1420
11.8040008545	-1420
11.8040039539	-1420
11.8040459156	-1420
11.804049015	-1420
11.8040928841	-1420
11.8040959835	-1420
11.8041338921	-1420
11.8041360378	-1420
11.8041698933	-1420
11.8041729927	-1420
11.8042080402	-1420
11.8042099476	-1420
11.8042440414	-1420
11.8042550087	-1420
11.8042898178	-1420
11.8042929173	-1420
11.8043279648	-1420
11.8043308258	-1420
11.8043658733	-1420
11.8043680191	-1420
11.8043689728	-1420
11.8043708801	-1420
11.8043718338	-1420
11.8043730259	-1420
11.8043739796	-1420
11.8043749332	-1420
11.8043758869	-1420
11.8043768406	-1420
11.8043780327	-1420
11.8043878078	-1420
11.8043899536	-1420
11.8043909073	-1420
11.804391861	-1420
11.8043928146	-1420
11.8043940067	-1420
11.8043949604	-1420
11.8043959141	-1420
11.8043968678	-1420
11.8043990135	-1420
11.8043999672	-1420
11.8044009209	-1420
11.8044018745	-1420
11.8046119213	-1420
11.8046150208	-1420
11.8046169281	-1420
11.8046178818	-1420
11.8046188354	-1420
11.8046200275	-1420
11.8046209812	-1420
11.8046219349	-1420
11.8046569824	-1420
11.8046588898	-1420
11.8046598434	-1420
11.8046610355	-1420
11.8046619892	-1420
11.8046629429	-1420
11.8046648502	-1420
11.8046660423	-1420
11.804666996	-1420
11.8046679497	-1420
11.8046689034	-1420
11.8048119545	-1420
11.8048229218	-1420
11.8048248291	-1420
11.8048260212	-1420
11.8048269749	-1420
11.8048279285	-1420
11.8048288822	-1420
11.8048298359	-1420
11.804831028	-1420
11.8048319817	-1420
11.8048329353	-1420
11.804833889	-1420
11.804833889	-1420
11.8048360348	-1420
11.8048369884	-1420
11.8048379421	-1420
11.8048489094	-1420
11.8048508167	-1420
11.8048539162	-1420
11.8048548698	-1420
11.8048558235	-1420
11.8048570156	-1420
11.8048579693	-1420
11.804858923	-1420
11.8048598766	-1420
11.8048608303	-1420
11.8048620224	-1420
11.8049619198	543
11.8050220013	-1420
11.8050239086	-1420
11.8050248623	-1420
11.805025816	-1420
11.805025816	-1420
11.8050270081	-1420
11.8050279617	-1420
11.805164814	-1420
11.8051760197	-1420
11.8051760197	-1420
11.8051769733	-1420
11.805177927	-1420
11.8051788807	-1420
11.8051798344	-1420
11.8051810265	-1420
11.8051819801	-1420
11.8051829338	-1420
11.8051829338	-1420
11.8051838875	-1420
11.8051848412	-1420
11.8051848412	-1420
11.8051860332	-1420
11.8051869869	-1420
11.8051979542	-1420
11.8051989079	-1420
11.8051998615	-1420
11.8052008152	-1420
11.8052020073	-1420
11.805202961	-1420
11.8052039146	-1420
11.8052048683	-1420
11.805205822	-1420
11.8052070141	-1420
11.8052079678	-392
11.805382967	543
11.8057160378	543
11.8060779572	543
11.8062579632	543
11.8065299988	543
11.8068490028	543
11.8070108891	543
11.8072478771	543
11.807612896	-1368
11.8077168465	543
11.8096148968	-1368
11.8115289211	-1368
11.8137419224	543
11.8168058395	-1368
11.8175089359	-1420
11.8175549507	-1316
11.8177390099	-1368
11.8183658123	-1368
11.8185019493	-1368
11.8186559677	-1368
11.8187918663	-1368
11.8189580441	-1368
11.8191208839	-1368
11.8192489147	-1368
11.8194289207	-1368
11.8195819855	-1368
11.8197348118	-1368
11.8306679726	-1420
11.8306829929	-1316
11.8307518959	-1368
11.8309459686	-1368
11.8309779167	-1368
11.8312020302	543
11.8313548565	-1368
11.8314819336	-1368
11.8316698074	-1368
11.8317968845	-1368
11.846570015	-1368
11.8465938568	-1368
11.8582499027	-1368
11.8582668304	-1368
11.8583889008	-1368
11.8585169315	-1368
11.858673811	-1368
11.8588190079	-1368
11.8589718342	-1368
11.859128952	-1368
11.8592529297	-1368
11.8594419956	-1368
11.8595769405	-1368
11.8597488403	-1368
11.8599598408	543
11.8601899147	543
11.8631160259	-1368
11.8710839748	-1368
11.8898208141	-1368
11.8899269104	-1368
11.890103817	-1368
11.8904049397	-1368
11.8905439377	-1368
11.8907630444	-1368
11.8910849094	-1368
11.8913578987	-1368
11.8914999962	-1368
11.8917160034	-1368
11.8921239376	-1368
11.8929338455	-1368
11.9402840137	-1368
11.9412939548	-1368
11.9760348797	-1368
11.9769480228	-1368
11.9773030281	-1420
11.9773259163	-1316
11.9773738384	-1368
11.9774448872	543
11.9775009155	-1368
11.9776480198	-1368
11.9777669907	-1368
11.9779169559	-1368
11.978071928	-1368
11.9781990051	-1368
11.9783320427	-1368
11.9828150272	-1368
11.9832799435	-1368
11.9896438122	-1368
11.9906430244	-1368
11.9917340279	-1368
11.9926388264	-1368
11.992787838	-1368
11.9929099083	543
11.9929490089	-1368
11.9930968285	-1368
11.9932508469	-1368
11.9933149815	543
11.99335289	-1368
11.9935350418	-1368
11.9936599731	-1368
11.9938008785	-1368
11.9939608574	-1368
11.9993698597	543
11.9994390011	543
12.0047719479	-1420
12.004817009	-1316
12.0048978329	-1368
12.0050239563	-1368
12.0051510334	-1368
12.0052878857	-1368
12.0054268837	-1368
12.0055730343	-1368
12.0057218075	-1368
12.0058698654	-1368
12.0205948353	-1368
12.0224528313	-1368
12.032476902	-1368
12.0325279236	-1368
12.0326778889	-1368
12.0328378677	-1368
12.0329208374	543
12.0329728127	-1368
12.0330870152	-1368
12.0332798958	-1368
12.0333750248	-1368
12.0335149765	-1368
12.0336329937	-1368
12.0337889194	-1368
12.0339510441	-1368
12.0452408791	-1368
12.0461919308	-1368
12.0642199516	-1420
12.064234972	-1316
12.0642988682	-1368
12.0644478798	-1368
12.06448102	-1368
12.0645449162	543
12.0645928383	-1368
12.0647568703	-1368
12.064896822	-1368
12.0650348663	-1368
12.0652289391	-1368
12.0653209686	-1368
12.0653698444	543
12.0654408932	-1368
12.0656039715	-1368
12.1149430275	-1368
12.1158118248	-1368
12.1504468918	-1368
12.1511750221	-1368
12.1513059139	-1368
12.1514790058	-1368
12.1516458988	-1368
12.1517739296	-1368
12.1519699097	-1368
12.1521229744	-1368
12.1522529125	-1368
12.1524000168	-1368
12.1525268555	-1368
12.1526269913	543
12.1527090073	-1368
12.1572408676	-1368
12.1640088558	-1368
12.164855957	-1368
12.16583395	-1368
12.166877985	-1368
12.1670079231	-1368
12.1671569347	-1368
12.1672799587	-1368
12.1674230099	-1368
12.1675829887	-1368
12.1677088737	-1368
12.1678578854	-1368
12.1679868698	-1368
12.168129921	-1368
12.1682519913	-1368
12.1790158749	-1368
12.1790308952	-1368
12.1792209148	-1368
12.1793649197	-1368
12.1794259548	543
12.1794669628	-1368
12.1796519756	543
12.179669857	-1368
12.1798770428	-1368
12.1799759865	-1368
12.1801748276	-1368
12.1802630424	-1368
12.1936249733	-1420
12.1936860085	-1316
12.2068300247	-1368
12.2068970203	-1368
12.207253933	-1420
12.2073259354	-1316
12.2073278427	-1368
12.2074370384	-1368
12.2075798512	-1368
12.2077560425	-1368
12.2078850269	-1368
12.208039999	-1368
12.2081279755	543
12.2195739746	-1368
12.2203948498	-1368
12.2382588387	-1368
12.2387139797	-1368
12.2388060093	-1420
12.2388088703	-1316
12.2388558388	-1368
12.2390248775	-1368
12.2390668392	-1368
12.2391519547	-1368
12.2393479347	-1368
12.2394609451	-1368
12.2396318913	-1368
12.2397480011	-1368
12.2398979664	-1368
12.2399740219	543
12.2400138378	-1368
12.2790019512	-1368
12.2902138233	-1368
12.2929878235	-1368
12.3255729675	-1368
12.3256390095	-1368
12.3257918358	-1368
12.3259038925	543
12.3259780407	-1368
12.3261599541	-1368
12.326335907	-1368
12.3264830112	-1368
12.3266599178	-1368
12.326789856	-1368
12.326941967	-1368
12.3271079063	-1368
12.3272538185	-1368
12.3290688992	-1368
12.3364739418	-1368
12.3367919922	-1368
12.3397760391	-1368
12.3402340412	-1368
12.3402879238	-1368
12.3405189514	-1368
12.3407618999	-1368
12.3408420086	543
12.3411488533	-1368
12.34126091	-1368
12.3414049149	-1368
12.3415138721	-1368
12.3416359425	-1368
12.3418118954	-1368
12.3419809341	-1368
12.3520159721	-1368
12.3531329632	-1368
12.3532338142	-1368
12.3534078598	-1368
12.3534920216	-1368
12.3536539078	-1368
12.3537769318	-1368
12.3539259434	-1368
12.3540580273	-1368
12.3541469574	543
12.3542020321	-1368
12.3679788113	-1368
12.368999958	-1368
12.3691048622	543
12.3790779114	-1368
12.3811688423	-1368
12.3813328743	-1368
12.3815238476	-1368
12.3816039562	-1368
12.3817558289	-1368
12.3819038868	-1368
12.3820288181	-1368
12.3821909428	-1368
12.3823230267	-1368
12.3824748993	-1368
12.3938088417	-1368
12.3947818279	-1368
12.4126398563	-1368
12.4126830101	-1368
12.4127728939	-1368
12.4128899574	-1368
12.4130589962	-1368
12.4133939743	-1420
12.4133999348	-1316
12.4135508537	543
12.4135959148	-1368
12.4136798382	-1368
12.4137899876	-1368
12.4139668941	-1368
12.4140520096	-1368
12.4141860008	-1368
12.4143328667	-1368
12.4633929729	-1368
12.4647638798	-1368
12.4998579025	-1368
12.4998879433	-1368
12.5000638962	-1368
12.5001828671	-1368
12.5003488064	-1368
12.5004799366	543
12.5005190372	-1368
12.5006008148	-1368
12.500797987	-1368
12.5009438992	-1368
12.5010249615	543
12.5010969639	-1368
12.5012660027	-1368
12.5013978481	-1368
12.5015668869	-1368
12.5016908646	-1368
12.5018379688	-1368
12.5104439259	-1368
12.5115058422	-1368
12.5133519173	-1368
12.5135140419	-1368
12.5143139362	-1368
12.5144619942	-1368
12.5153288841	-1368
12.5154700279	-1368
12.5156359673	-1368
12.5163178444	-1368
12.5164790154	-1368
12.516602993	-1368
12.5167770386	-1368
12.5168478489	543
12.5174629688	-1368
12.525662899	-1368
12.52577281	-1368
12.5258829594	-1368
12.5260329247	-1368
12.5261688232	-1368
12.5263299942	-1368
12.5264618397	-1368
12.5266230106	-1368
12.5267369747	-1368
12.5268669128	-1368
12.5424339771	-1368
12.543145895	-1368
12.5530018806	-1368
12.5532548428	-1368
12.5532598495	-1368
12.5533330441	-1368
12.5534169674	543
12.5535538197	-1368
12.5536429882	-1368
12.5537419319	543
12.5538229942	-1368
12.5539548397	-1368
12.5541779995	-1368
12.5542778969	-1368
12.567937851	-1368
12.5689938068	-1368
12.5851299763	-1368
12.5851528645	-1368
12.58532691	-1368
12.585641861	-1420
12.5856878757	-1316
12.5857720375	-1368
12.5859408379	-1368
12.5860450268	-1368
12.5861959457	-1368
12.5863349438	-1368
12.5864548683	-1368
12.5866048336	-1368
12.5867509842	-1368
12.5868389606	543
12.5868778229	-1368
12.609774828	-1368
12.6256079674	-1368
12.6383559704	-1368
12.638425827	-1368
12.6741669178	-1368
12.6742370129	-1368
12.6742889881	-1368
12.6744449139	-1368
12.6746008396	-1368
12.6747429371	-1368
12.6748678684	-1368
12.6750049591	-1368
12.6751739979	-1368
12.67531991	-1368
12.675467968	-1368
12.6755959988	-1368
12.6757609844	-1368
12.6758868694	543
12.68303895	-1368
12.6831688881	543
12.6843328476	-1368
12.68582201	-1368
12.6868908405	-1368
12.6876349449	-1368
12.6877360344	-1368
12.6878938675	-1368
12.6880090237	-1368
12.6881840229	-1368
12.6887509823	-1420
12.6887559891	-1316
12.6888718605	-1368
12.6890439987	-1368
12.6898548603	-1368
12.6907730103	-1368
12.6912410259	-1368
12.6996109486	-1368
12.6997888088	-1368
12.6999390125	-1368
12.7001059055	-1368
12.7001760006	543
12.7002680302	-1368
12.7003760338	-1368
12.7006728649	-1368
12.7007629871	-1368
12.7009539604	-1368
12.7010560036	-1368
12.7164900303	-1368
12.7175199986	-1368
12.7255249023	-1368
12.7261679173	-1368
12.7267489433	-1368
12.7273228168	-1368
12.727478981	-1368
12.7276139259	-1368
12.7277610302	-1368
12.7279160023	-1368
12.7283308506	-1368
12.7284538746	-1368
12.7323188782	543
12.7422318459	-1368
12.7589859962	-1368
12.7590420246	-1368
12.7591838837	-1368
12.7593410015	-1368
12.7594070435	543
12.7594718933	-1368
12.7596180439	-1368
12.7597668171	-1368
12.7598910332	-1368
12.760051012	-1368
12.7601618767	-1368
12.7603318691	-1368
12.7604529858	-1368
12.7606170177	-1368
12.7609419823	-1420
12.7609670162	-1316
12.7610259056	-1368
12.7819538116	-1368
12.7830078602	-1368
12.812484026	-1368
12.8134348392	-1368
12.8135490417	543
12.8482420444	-1368
12.8484289646	-1368
12.8484740257	-1368
12.8485999107	-1368
12.848733902	-1368
12.8488898277	-1368
12.8490350246	-1368
12.8491718769	-1368
12.8493218422	-1368
12.8494598866	-1368
12.8496198654	-1368
12.849750042	-1368
12.8523190022	-1368
12.8539848328	-1368
12.8540878296	543
12.854131937	-1368
12.8589420319	-1368
12.8599588871	-1368
12.8617429733	-1368
12.8618788719	-1368
12.8619368076	543
12.8619909286	-1368
12.8621799946	-1368
12.8623018265	-1368
12.8624408245	-1368
12.8628458977	-1368
12.8629670143	-1368
12.8631548882	-1368
12.8632600307	-1368
12.8634119034	-1368
12.8638129234	-1368
12.8719699383	-1368
12.8730208874	-1368
12.873860836	-1368
12.8739798069	-1368
12.8741438389	-1368
12.8742618561	-1368
12.8744130135	-1368
12.8748168945	-1368
12.874945879	-1368
12.8750128746	543
12.8751289845	-1368
12.8906729221	-1368
12.8919889927	-1368
12.8989989758	-1368
12.8996198177	-1368
12.8997969627	-1368
12.899889946	-1368
12.9000809193	-1368
12.9001979828	-1368
12.9003210068	-1368
12.9007499218	-1420
12.9007549286	-1316
12.9007959366	-1368
12.9064619541	-1368
12.9154648781	-1368
12.9164369106	-1368
12.9165959358	543
12.9332039356	-1368
12.9334030151	-1368
12.9334468842	-1368
12.9335539341	-1368
12.9337239265	-1368
12.9338629246	-1368
12.9339978695	-1368
12.9341788292	-1368
12.9342670441	-1368
12.9344239235	-1368
12.9345870018	-1368
12.9346959591	-1368
12.9348609447	-1368
12.9350118637	-1368
12.9351680279	-1368
12.9353489876	543
12.9364080429	-1368
12.9551749229	-1368
12.9563138485	-1368
12.957226038	-1368
12.9847798347	-1368
12.9871118069	-1368
13.0225419998	-1368
13.0225579739	-1368
13.0227029324	-1368
13.0228199959	543
13.0228569508	-1368
13.0230209827	-1368
13.02323699	-1368
13.0232880116	-1368
13.0234839916	-1368
13.0235660076	-1368
13.0237238407	-1368
13.0239179134	-1368
13.0239868164	-1368
13.0240309238	1057
13.0281598568	1057
13.0302679539	-1368
13.0312559605	-1420
13.0313148499	-1420
13.0313179493	-1420
13.0313568115	-1212
13.0331130028	543
13.0351090431	-1368
13.0361299515	-1368
13.0362429619	-1368
13.0363748074	-1368
13.0365338326	-1368
13.0366699696	-1368
13.0368108749	-1368
13.037045002	-1368
13.0377218723	-1368
13.0377268791	-1368
13.0377509594	-1368
13.0377559662	-1368
13.0411529541	-1368
13.0460958481	-1368
13.0469470024	-1368
13.0480840206	-1368
13.0482230186	-1368
13.0490558147	-1368
13.049216032	-1368
13.0493559837	-1368
13.0502068996	-1368
13.0649328232	-1368
13.0659828186	-1368
13.0722119808	-1420
13.0722818375	-1316
13.0723378658	-1368
13.0724480152	-1368
13.0725870132	-1368
13.0727260113	-1368
13.0729019642	-1368
13.0730159283	-1368
13.073168993	-1368
13.0732870102	-1368
13.0734210014	-1368
13.0777008533	-1368
13.0785758495	-1368
13.0906298161	-1368
13.0917358398	-1368
13.1074860096	-1368
13.1075029373	-1368
13.1076719761	-1368
13.1078209877	543
13.1078779697	-1368
13.1079218388	-1368
13.10815382	-1368
13.1082098484	-1368
13.1083619595	-1368
13.1084868908	-1368
13.1088199615	-1420
13.108825922	-1316
13.1089258194	-1368
13.1090648174	-1368
13.1092200279	-1368
13.1093568802	-1368
13.1095609665	-1368
13.128661871	-1368
13.1291308403	-1368
13.1580138206	-1368
13.1590180397	-1368
13.1967368126	-1368
13.1967868805	-1368
13.196944952	-1368
13.1971879005	-1368
13.1971929073	-1368
13.1973400116	-1368
13.1974859238	-1368
13.1976599693	-1368
13.1978058815	-1368
13.197909832	-1368
13.1980779171	-1368
13.1982269287	-1368
13.1983678341	-1368
13.1987550259	-1368
13.2033419609	-1368
13.2054820061	-1368
13.2064669132	-1368
13.2066028118	543
13.2074308395	-1368
13.2083158493	-1368
13.2084548473	-1368
13.2085869312	-1368
13.2087378502	-1368
13.2088749409	-1368
13.2090098858	-1368
13.2091588974	-1368
13.2093148232	-1368
13.2094459534	-1368
13.2095990181	-1368
13.2097330093	-1368
13.209882021	-1368
13.2101609707	-1368
13.2205219269	-1368
13.2216448784	-1368
13.2224049568	-1368
13.2225339413	-1368
13.2226588726	-1368
13.2233710289	-1368
13.2234709263	-1368
13.2236249447	-1368
13.2382519245	-1368
13.2392208576	-1368
13.2461719513	-1368
13.246227026	-1368
13.2464449406	-1368
13.2465629578	-1368
13.246680975	-1368
13.2468619347	-1368
13.2469718456	-1368
13.2471489906	-1368
13.2472639084	-1368
13.2473988533	-1368
13.2475719452	-1368
13.2476849556	-1368
13.2504348755	-1420
13.2504389286	-1316
13.2589168549	-1368
13.2652409077	-1368
13.2654819489	543
13.2658379078	-1368
13.2818369865	-1420
13.2818908691	-1316
13.2818958759	-1368
13.282572031	-1368
13.2827038765	-1368
13.2828528881	-1368
13.2829918861	-1420
13.2830138206	-179
13.2926750183	-1368
13.2936320305	-1368
13.3165118694	-1368
13.3165788651	-1368
13.3166458607	-1368
13.3167760372	-1368
13.4568049908	-161
13.457253933	543
13.8518788815	-543
14.0246639252	-1057
15.4804198742	543
15.4807348251	543
15.9180560112	-543
15.9790508747	-543
16.0765268803	-1368
16.0765788555	-1368
16.0914549828	-920
16.1153819561	-1368
16.2636978626	-746
16.2707469463	543
16.2845649719	543
16.299754858	543
16.5948209763	-543
16.7505028248	-1368
16.7505538464	-1368
16.8113439083	-949
16.8276698589	543
16.9991810322	543
17.1431159973	-543
17.3566968441	-543
17.3656408787	1057
17.3725419044	1057
17.3766758442	1057
17.5981628895	-543
17.6221530437	-1368
17.634059906	-1368
17.6341869831	-1368
17.6349289417	-1368
17.6379070282	-1368
17.64021492	543
17.6407568455	543
17.6524569988	543
17.6641340256	-1368
17.6641449928	-1368
17.6643190384	-1368
17.6764159203	543
17.6764988899	-1368
17.6766848564	543
17.6770439148	543
17.7963018417	-1420
17.7963199615	-38
17.811139822	543
17.8505480289	-1368
17.905313015	-1368
17.9053609371	-1368
17.9061210155	-1368
17.9112288952	543
17.9114928246	543
17.9339640141	-1368
17.9350218773	-1368
17.9359970093	-1368
17.9373250008	543
17.9494388103	543
17.95023489	543
17.9504749775	543
17.9507818222	-1368
17.9519970417	543
17.9682788849	-140
17.9809298515	-1420
17.9809880257	-1316
18.0160109997	-1344
