0	-543
0.298099040985	-543
1.81191205978	543
2.45059800148	1057
2.81126999855	543
2.82191610336	-543
2.97702598572	-1086
2.99357700348	1368
2.99372410774	203
3.30744409561	-543
3.39643406868	-1368
3.39654111862	-1368
3.43005895615	-1368
3.43039894104	-1368
3.48262500763	1057
3.50130391121	-1326
3.63681507111	1057
3.78620791435	-543
3.81383514404	-1368
3.94153404236	-746
3.94437909126	1368
3.94454407692	203
4.01471114159	-1368
4.01494407654	-1368
4.08284091949	-1368
4.08293294907	-1368
4.08304810524	-1368
4.09650802612	-1015
4.09705305099	-1368
4.09716200829	-1368
4.11456108093	-1368
4.11528897285	-1368
4.17022800446	-1368
4.17030405998	-1368
4.19879508018	-1368
4.23795294762	-1368
4.23804211617	-1368
4.23817205429	-1368
4.23835897446	543
4.25173997879	-1368
4.25192594528	-1368
4.25217103958	-1368
4.25230002403	-1368
4.25243091583	-1368
4.25253891945	-1368
4.270195961	-1368
4.27030706406	-1368
4.2980530262	-1368
4.32522106171	-1368
4.32534408569	-1368
4.32591605186	-1368
4.39296197891	-1368
4.39305210114	-1368
4.39317202568	-1368
4.3933069706	-1368
4.3934071064	-1368
4.39356899261	-1368
4.40713500977	-1368
4.40725803375	543
4.40730810165	-544
4.40952301025	1368
4.56440711021	775
4.82570791245	-543
4.91198992729	-1368
4.91206002235	-1368
4.93529105186	-1368
4.98110604286	-1368
5.01709413528	-356
5.01752591133	1057
5.32753801346	-543
5.32782697678	-1368
5.48277807236	-717
5.50300812721	1368
5.50312304497	203
5.65791511536	1057
5.72099804878	-543
5.81173610687	-1368
5.81183004379	-1368
5.81228303909	1086
5.83525109291	-1368
5.83532905579	-1368
5.92137098312	-1326
6.1133980751	-1086
6.13555598259	-1368
6.13560414314	-1368
6.165143013	-1368
6.1728451252	1057
6.26841711998	-95
6.32783293724	543
6.46876811981	-543
6.62406992912	-1086
6.62977313995	543
6.77919793129	-543
6.81105804443	543
6.90636301041	-1368
6.90670990944	-1368
6.97329711914	-920
6.98408794403	-1368
6.98458003998	-1368
6.99764704704	-1368
7.01250910759	-1368
7.01259112358	-1368
7.01324701309	-1368
7.08517503738	-1368
7.08547401428	-1368
7.08560299873	-1368
7.09973192215	-1368
7.12827205658	-1368
7.12845110893	-1368
7.13951396942	-1368
7.13960194588	-1368
7.13995409012	1057
7.16752409935	-1368
7.16764307022	-1368
7.16765999794	-48
7.18118095398	-1368
7.3359849453	-232
7.39320397377	1057
7.60201311111	-543
7.637622118	-1368
7.68181991577	-1368
7.68194913864	-1368
7.7563290596	-124
7.7637450695	543
7.99631595612	543
8.00477194786	-543
8.30668497086	-543
8.30763411522	-1368
8.30776906013	-1368
8.39630103111	-1368
8.3965010643	-1368
8.40992593765	-1368
8.46255302429	-472
8.50954508781	-1368
8.50962209702	-1368
8.58139896393	-1368
8.61176800728	-1368
8.61761903763	-356
8.68032002449	1057
8.83593606949	1057
8.92631602287	-543
9.01805591583	-1368
9.01838111877	-1368
9.08133792877	-920
9.08526802063	543
9.19970011711	-1368
9.23625302315	-261
9.27638792992	543
9.41609406471	-543
9.62552499771	-1086
9.62691998482	543
9.90407800674	-543
10.0971269608	-543
10.1586380005	1057
10.3135039806	1057
10.425809145	-543
10.522028923	-1368
10.6574349403	-746
10.8110330105	543
10.8126680851	-1086
12.3670539856	-543
