0	-543
0.79185295105	543
1.09155297279	-543
1.79228806496	543
2.17686510086	543
2.2040810585	543
2.55612897873	-543
2.70225906372	-543
2.71710705757	543
2.7211959362	543
3.02185893059	-543
3.15242195129	-1420
3.15250110626	-151
3.21476101875	-1420
3.21480798721	-151
3.25662493706	-1057
3.25746107101	-1368
3.25799489021	-1420
3.25807309151	-1316
3.25813007355	-1420
3.2581679821	-1420
3.25820302963	-1264
3.27087211609	543
3.27714490891	-1420
3.2771499157	-1420
3.27719306946	-1264
3.29489803314	1460
3.29498910904	111
3.2955520153	543
3.29573893547	1057
3.29850697517	-1226
3.34180593491	543
3.34206604958	543
3.3764770031	-1420
3.37649011612	-1420
3.37654495239	-787
3.37745094299	-1420
3.37746596336	-1420
3.37751889229	-1264
3.37752199173	-1368
3.37755894661	-1420
3.37757110596	-1316
3.37775111198	543
3.4184679985	-675
3.43911409378	-1420
3.43916988373	-1316
3.43924093246	-1368
3.46031093597	-66
3.47174191475	543
3.50877904892	-1420
3.50879502296	-1420
3.50885009766	-787
3.51002788544	-1420
3.51009106636	-1420
3.51014399529	-1264
3.51019406319	-1420
3.51019692421	-1420
3.51023292542	-1264
3.51036691666	543
3.55075597763	-675
3.57150888443	-1420
3.57157993317	-1420
3.57158589363	-1264
3.59286904335	-66
3.65317988396	-1420
3.65323996544	-1420
3.65336489677	-1264
3.65336894989	-1420
3.6534049511	-1420
3.65340805054	-1264
3.65340900421	-1368
3.65341091156	-1420
3.65341210365	-1316
3.6535949707	543
3.67511796951	-198
3.71575498581	-1420
3.71582889557	-1420
3.71583390236	-1264
3.75712490082	-66
3.80181097984	-1420
3.801831007	-1420
3.80188989639	-787
3.80222010612	-1420
3.80228209496	-1420
3.80228495598	-1420
3.80228710175	-1212
3.80696201324	-1420
3.80696797371	-1316
3.84375405312	-675
3.84405207634	543
3.86412906647	-1420
3.86413693428	-1420
3.86419296265	-1264
3.88558793068	-66
3.9439060688	-1420
3.94392490387	-1420
3.94398403168	-1264
3.94658708572	-1420
3.94665002823	-1420
3.94665408134	-1264
3.94665598869	-1420
3.94665694237	-1316
3.94674301147	-1368
3.94876194	543
3.94918107986	-1420
3.94919490814	-1420
3.94923901558	-1264
3.96904301643	-264
4.07761406898	-1420
4.07763290405	-1420
4.07767105103	-787
4.07888698578	-1368
4.0789949894	543
4.07906699181	-1420
4.07907009125	-1420
4.07907009125	-1420
4.0790719986	-1212
4.07909703255	-1368
4.1194870472	-675
4.14003610611	-1420
4.14004397392	-1420
4.14010906219	-1264
4.18184995651	-66
4.21581411362	-1420
4.21582889557	-1316
4.21625304222	-1368
4.2166121006	-1420
4.21661710739	-1420
4.21666502953	-1264
4.21679902077	-1420
4.21680092812	-1420
4.21680212021	-1264
4.2575199604	-198
4.33065295219	543
4.39716601372	-1420
4.39718294144	-1420
4.39724302292	-787
4.39903903008	-1420
4.39904403687	-1420
4.39909100533	-1264
4.39920806885	-1420
4.39927411079	-1420
4.39927792549	-1264
4.39927911758	-1368
4.39945101738	-1420
4.39945411682	-1316
4.39945602417	-1420
4.39945697784	-1420
4.39945793152	-1264
4.41069793701	543
4.43903899193	-807
4.43919897079	543
4.47670698166	-1420
4.47675490379	-1316
4.47681188583	-1368
4.47715091705	-1420
4.47718596458	-1316
4.47725105286	-1368
4.47745490074	-1420
4.47745990753	-1316
4.47749996185	-1368
4.51838898659	-198
4.53938889503	-1420
4.53939509392	-1420
4.53944611549	-1264
4.56041097641	-66
4.56054210663	543
4.61683511734	-1420
4.61685204506	-1420
4.61691093445	-787
4.6173620224	-1420
4.6174530983	-1420
4.61745595932	-1420
4.61750411987	-1212
4.61750602722	-1420
4.6175429821	-1316
4.6587638855	-675
4.67933011055	-1420
4.67933607101	-1420
4.67938804626	-1264
4.7211959362	-66
4.76614809036	-1420
4.76615405083	-1420
4.76619696617	-1264
4.76942801476	-1420
4.76943302155	-1420
4.76947689056	-1264
4.76959705353	-1420
4.76959896088	-1420
4.76959991455	-1264
4.76979398727	543
4.78156208992	-1420
4.78156805038	-1420
4.78159999847	-1264
4.78168797493	543
4.8004720211	543
4.80395793915	-264
4.90226888657	-1420
4.90228009224	-1420
4.90233707428	-787
4.90488195419	-1420
4.90488696098	-1420
4.90495491028	-1420
4.90495800972	-1212
4.90500402451	-1420
4.90500688553	-1316
4.94414401054	-675
4.96514391899	-1420
4.9651529789	-1420
4.96520090103	-1264
4.98601603508	-66
5.03178095818	-1420
5.03179788589	-1420
5.03186607361	-787
5.03474903107	-1420
5.03475499153	-1420
5.03479909897	-1264
5.03535890579	-1420
5.03537297249	-1420
5.03542804718	-1264
5.03555393219	543
5.06506609917	-1420
5.0650780201	-1420
5.06512999535	-1264
5.07442498207	-741
5.09903001785	543
5.12709593773	1057
5.16378211975	-1420
5.1637980938	-1420
5.16386795044	-787
5.17083406448	543
5.19948005676	543
5.19974803925	543
5.22957396507	-543
5.27149605751	-543
5.29208898544	-1368
5.33405303955	-203
5.34965205193	1460
5.34974503517	111
5.38048505783	543
5.38075590134	543
5.38095593452	1460
5.38100099564	625
5.38120889664	1460
5.38125395775	111
5.38142609596	543
5.38182902336	543
5.47719192505	-1420
5.47720789909	-151
5.49051904678	543
5.49099206924	543
5.61503696442	-543
5.679915905	-1420
5.67993307114	-1420
5.68001008034	-1264
5.71521711349	-66
5.73049902916	543
5.73152589798	543
5.73202896118	543
5.75898790359	-543
5.76592898369	-1420
5.76594400406	-665
5.76704692841	-1420
5.76705288887	-1316
5.76715493202	-1368
5.76715707779	-1420
5.76720404625	-1316
5.76956105232	-1420
5.76960802078	-1420
5.76961112022	-1264
5.78053593636	543
5.80785107613	-1023
5.82850289345	-1368
5.82898902893	-1420
5.82899594307	-1316
5.84980988503	-609
5.88082909584	-1420
5.88097190857	-1420
5.88097906113	-1420
5.88103795052	-1420
5.88104104996	-1160
5.88404107094	-1420
5.88404989243	-1420
5.88409090042	-1264
5.91264104843	-1420
5.91269898415	-1420
5.91270399094	-1420
5.91272211075	-1212
5.91284799576	543
5.92247390747	-264
6.00037789345	-1420
6.00039410591	-1316
6.00057911873	-1420
6.00058293343	-1316
6.00061392784	-1368
6.00072693825	-1420
6.00073003769	-1420
6.00073194504	-1264
6.00917291641	-1023
6.02511310577	-1420
6.02512907982	-1420
6.02517700195	-1264
6.05102705956	-609
6.06062293053	543
6.11961102486	-1420
6.1196269989	-1420
6.11969089508	-1420
6.11969399452	-735
6.1197309494	-1420
6.11973309517	-1316
6.11995410919	543
6.16146397591	-66
6.18216395378	-1420
6.18223404884	-1420
6.18223905563	-1264
6.22391200066	-66
6.24794006348	-1420
6.24800801277	-1316
6.24814605713	-1368
6.24864697456	-1420
6.24866104126	-1316
6.24870109558	-1368
6.24882292747	-1420
6.24887299538	-1316
6.24890398979	-1368
6.2897799015	-198
6.3103120327	-1420
6.3104031086	-1420
6.31040692329	-1264
6.33170700073	-66
6.38577008247	-1420
6.38579392433	-1420
6.38585090637	-787
6.38605690002	-1420
6.38609409332	-1420
6.38609695435	-1420
6.38609910011	-1212
6.38622903824	-1420
6.38623189926	-1316
6.38754296303	543
6.40098595619	543
6.40141892433	1057
6.42766904831	-675
6.4279999733	1460
6.4280629158	111
6.44840502739	-1420
6.44841694832	-1420
6.44847989082	-1264
6.45876908302	543
6.47023105621	-66
6.52215194702	-1368
6.55417203903	-1231
6.59140396118	543
6.59181690216	543
6.74263596535	-543
6.75051689148	1460
6.7505838871	1460
6.75063204765	707
6.85643100739	-1057
6.9119040966	-1368
6.9123249054	-1368
6.91263890266	-1420
6.9126830101	-1316
6.91349411011	-1420
6.9134991169	-1420
6.91352891922	-1264
6.91890907288	-1420
6.91891407967	-1420
6.91895294189	-1420
6.91895604134	-1212
6.91911005974	543
6.93797492981	-61
7.06149291992	-1420
7.06152200699	-1420
7.06156206131	-787
7.06279993057	-1420
7.06285500526	-1420
7.06285810471	-1264
7.08050107956	1057
7.10350894928	-609
7.12277889252	543
7.12307095528	1057
7.12370896339	-1420
7.12371397018	-1420
7.12374591827	-1264
7.12382102013	543
7.16492795944	-66
7.22648501396	-1420
7.22650003433	-1420
7.22655701637	-787
7.22876691818	-1368
7.26851892471	-1260
7.33407306671	-1057
7.37599802017	-1057
7.43727397919	-1368
7.45701694489	-746
7.49984908104	-1057
7.55047607422	543
7.55831503868	543
7.55862689018	1057
7.55888104439	543
7.55913209915	1057
7.5593650341	543
7.56252098083	-1420
7.56252789497	-151
7.57875704765	1057
7.5792028904	1057
7.57988500595	543
7.58569598198	543
7.58613610268	543
7.58634305	1057
7.62517309189	-1420
7.62518596649	-151
7.64088511467	543
7.6411960125	543
7.82345795631	-1057
7.84096598625	543
7.84255504608	543
7.84284210205	543
7.92282891273	-543
7.94181489944	-1368
7.98370409012	-261
8.07726311684	-1057
8.08471012115	-1420
8.0847260952	-1316
8.11921191216	-891
8.15650010109	543
8.15682291985	543
8.17057991028	-1420
8.17059111595	-1179
8.17615604401	1057
8.17804503441	1057
8.18945789337	1057
8.23335504532	-1420
8.23337292671	-1420
8.23342895508	-787
8.32326102257	-1420
8.3232820034	-665
8.33044409752	543
8.44876503944	-1420
8.44878411293	-1420
8.44884300232	-787
8.45007801056	543
8.45829796791	543
8.48189091682	543
8.49043989182	-543
8.51135611534	-1420
8.5114068985	-1316
8.53419089317	-891
8.57639598846	-1420
8.57641291618	-1420
8.5764799118	-1264
8.58341002464	543
8.61178398132	-1420
8.61179995537	-1420
8.61186790466	-1264
8.61929702759	-646
8.61965298653	543
8.62224698067	543
8.65826511383	543
8.65848994255	543
8.70378303528	-1420
8.70379900932	-1179
8.71261000633	543
8.71330904961	543
8.72499895096	-1420
8.72500491142	-1316
8.74568009377	-891
8.75379896164	543
8.75440096855	543
8.75464296341	543
8.82905888557	-1420
8.82907700539	-1420
8.82913303375	-787
8.84590911865	543
8.84805107117	543
8.84831690788	543
8.89116311073	-1057
8.89993000031	1057
8.95209288597	-1368
8.97616410255	-1260
9.0016849041	1057
9.063133955	-543
9.08655500412	-1368
9.08677196503	-1420
9.08677697182	-1420
9.08683896065	-1264
9.0868499279	-1420
9.08689689636	-1316
9.10521602631	-1189
9.1396689415	-1420
9.13967990875	-1420
9.13974905014	-1264
9.14707899094	-66
9.20404601097	-1420
9.20407509804	-1420
9.2041220665	-787
9.20493006706	-1420
9.20498394966	-1420
9.2049870491	-1264
9.20498895645	-1420
9.20498991013	-1316
9.20514202118	-1368
9.24197101593	-1420
9.24198698997	-1420
9.24205589294	-1264
9.24218201637	543
9.24595999718	-741
9.31730008125	-1420
9.31732106209	-1316
9.31889390945	-1368
9.31912302971	-1420
9.31916904449	-1420
9.31917190552	-1264
9.31947994232	-1420
9.31948304176	-1420
9.31948399544	-1264
9.32135391235	543
9.33509802818	-198
9.37975907326	-1420
9.37977194786	-1420
9.37984108925	-1264
9.40143609047	543
9.41600489616	-66
9.42676305771	-1420
9.42685699463	-1316
9.42686200142	-1368
9.43183803558	543
9.43250989914	543
9.43640208244	543
9.44233298302	-1420
9.44236302376	-1316
9.44242596626	-1368
9.45071196556	1057
9.46868491173	-132
9.49161505699	543
9.53847908974	-1420
9.53849601746	-665
9.53926897049	1057
9.53971910477	1057
9.5558450222	543
9.55679297447	1057
9.70394897461	-1420
9.70396590233	-1420
9.70403409004	-273
9.76628398895	-1368
9.76630306244	-1420
9.76635909081	-839
9.79193496704	543
9.81228709221	-1420
9.81231307983	-1420
9.81237602234	-273
9.81238007545	-1368
9.81242203712	-1368
9.85054588318	-1420
9.85056996346	-1316
9.85060501099	-1368
9.85427999496	-957
9.86061191559	543
9.86871910095	-1368
9.86899709702	-1420
9.86905503273	-1316
9.88463401794	543
9.89622092247	-66
9.92025494576	-1420
9.92036604881	-1420
9.92038011551	-1264
9.92265510559	543
9.9235959053	1057
9.92407011986	543
9.92430090904	543
9.9312479496	-1420
9.93125700951	-1420
9.93130707741	-1264
9.93545293808	543
9.96208310127	-132
9.97327804565	1057
9.98102211952	1057
9.99230194092	543
10.0207281113	543
10.0349800587	-1057
10.1563940048	-1057
10.2380609512	-543
10.2382819653	543
10.2584979534	-1368
10.2798149586	-203
10.2987790108	-1420
10.2987918854	-1316
10.29885602	-1368
10.2992749214	-1420
10.2993159294	-1420
10.2993190289	-1264
10.3212649822	-1420
10.3212790489	-1420
10.3213419914	-1264
10.3216469288	-1226
10.3605599403	1057
10.3637709618	543
10.3640389442	543
10.3992249966	543
10.3995139599	543
10.4047451019	-1420
10.4047510624	-1420
10.4047939777	-787
10.4216310978	-1420
10.4216909409	-1420
10.4216940403	-1264
10.4467720985	-609
10.4586780071	543
10.4589140415	543
10.5120611191	-1420
10.5120809078	-665
10.5427451134	543
10.543118	543
10.5436160564	543
10.5438570976	543
10.5717079639	-543
10.5804169178	-1420
10.5804290771	-1420
10.5804710388	-787
10.5808339119	1057
10.5905919075	543
10.5909380913	543
10.5912280083	543
10.5914731026	543
10.5920250416	543
10.5923159122	543
10.6222069263	-1420
10.6222190857	-1316
10.622262001	-1368
10.6223928928	-66
10.6278600693	543
10.6429619789	-1420
10.6429810524	-1316
10.6507070065	1057
10.6644470692	-891
10.7308280468	543
10.7498168945	-1420
10.7498290539	-1420
10.7498829365	-787
10.7560579777	543
10.7917580605	-543
10.8125019073	-1368
10.8337469101	-203
10.8656020164	-1368
10.8659460545	-1368
10.8659520149	-1420
10.8659958839	-1316
10.866132021	-1420
10.8661820889	-1316
10.8661839962	-1368
10.8683810234	543
10.8690040112	543
10.8692140579	543
10.8756151199	-1420
10.8756320477	-1316
10.8757810593	-1420
10.8757839203	-805
10.8798439503	543
10.9094719887	-1420
10.9094879627	-1420
10.9095430374	-1264
10.9178009033	-609
10.9597420692	-543
10.9723279476	543
10.9725849628	1057
10.9728629589	1460
10.9729089737	1139
10.9740860462	-1420
10.9740920067	-1316
11.0002019405	-1420
11.0002200603	-1420
11.000287056	-1264
11.0145709515	-957
11.0205628872	-1420
11.0205900669	-1420
11.0206770897	-1264
11.0305120945	543
11.0331139565	543
11.0334310532	1460
11.0334789753	1139
11.033675909	543
11.0564699173	-66
11.0612580776	543
11.0983009338	-543
11.1001710892	543
11.1106200218	1460
11.1106870174	111
11.110959053	1460
11.111011982	111
11.1112439632	1057
11.1403110027	-1057
11.1512849331	543
11.1515359879	543
11.1823310852	-1086
11.2242510319	-543
11.2503778934	-1368
11.292329073	-1260
11.3376460075	-1420
11.3376579285	-1316
11.3379359245	-1420
11.3379409313	-1420
11.3379819393	-1264
11.3381850719	-1368
11.3384389877	-1420
11.3384439945	-1316
11.338561058	543
11.3751199245	-1420
11.3751299381	-1420
11.3751859665	-1264
11.3794600964	-575
11.4413819313	-1420
11.4414069653	-1420
11.441464901	-1264
11.4431641102	-1368
11.4435219765	-1420
11.4435269833	-1316
11.4436230659	-1420
11.443625927	-1316
11.4436640739	-1368
11.4700000286	-198
11.505851984	-1420
11.5058629513	-1420
11.5059120655	-1264
11.5060338974	543
11.5118288994	-66
11.546077013	-1420
11.5461320877	-1420
11.5461359024	-1264
11.5468630791	-1420
11.5468690395	-1420
11.5469191074	-1264
11.5469830036	543
11.5473320484	-1420
11.5473370552	-1420
11.5473771095	-1264
11.5878310204	-198
11.6050550938	-1420
11.6050729752	-1420
11.6051330566	-1264
11.6470000744	-66
11.6472170353	543
11.6574110985	-1420
11.6574249268	-1316
11.6575191021	-1368
11.659537077	-1420
11.6595919132	-1316
11.6598169804	-1368
11.6598720551	-1420
11.6598739624	-1420
11.6599109173	-1264
11.6892559528	-198
11.7051320076	-1420
11.7051420212	-1420
11.7051970959	-1264
11.7468929291	-66
11.7608010769	-1420
11.7608070374	-1420
11.7608509064	-1264
11.7646889687	-1420
11.7647390366	-1420
11.7647430897	-1264
11.7649419308	-1420
11.7649450302	-1316
11.7649970055	-1368
11.7651119232	543
11.7676949501	-1420
11.7677009106	-1420
11.7677481174	-1264
11.7678499222	543
11.8028359413	-264
11.861093998	-1420
11.8611121178	-1316
11.8658258915	-1368
11.8661470413	-1420
11.8661530018	-1316
11.866257906	-1420
11.8662610054	-1420
11.8663170338	-1264
11.8663198948	-1368
11.8974699974	-198
11.9234941006	-1420
11.9235091209	-1420
11.9235589504	-1264
11.9392960072	-66
11.9621369839	-1368
11.9623160362	-1368
11.9623179436	-1368
11.9676599503	-1420
11.967664957	-1420
11.9677131176	-1264
11.9858999252	-1420
11.9859058857	-1420
11.9859490395	-1264
11.9861280918	543
12.0040359497	-198
12.0885400772	-1420
12.0885589123	-1420
12.0886158943	-787
12.1303739548	-543
12.6533908844	1057
12.8630928993	-1420
12.8631598949	-665
12.9639720917	-1057
13.0317370892	1460
13.0318300724	1460
13.0318779945	1161
13.032004118	1460
13.0320470333	1460
13.0320820808	1161
13.0321629047	1460
13.0322020054	231
13.0867900848	1460
13.0869009495	625
13.1148900986	543
13.1411089897	543
13.2463340759	-1420
13.2463920116	-1420
13.2464129925	-273
13.3117520809	543
13.3206019402	1460
13.3206920624	1460
13.3207309246	1161
13.3208189011	603
13.3409209251	1460
13.3410151005	1460
13.3410708904	1161
13.3411769867	1460
13.3412160873	1199
13.3536889553	-1420
13.3537569046	-151
13.3540248871	-1420
13.3540599346	-1316
13.35461092	-1420
13.3546500206	-1420
13.35465312	-1264
13.3609418869	543
13.3612070084	1057
13.3616650105	543
13.3618938923	543
13.3957300186	-957
13.4161369801	-1420
13.4162080288	-1420
13.4162139893	-1264
13.4162569046	-1420
13.416260004	-1420
13.4163029194	-1264
13.4211649895	543
13.4459490776	-675
13.4563779831	-1420
13.4564590454	-1316
13.4564619064	-1420
13.4565010071	-1420
13.4565029144	-1264
13.4595930576	1460
13.4596478939	111
13.4786949158	-1420
13.4787089825	-1420
13.4787700176	-1264
13.4788899422	543
13.4878890514	-1023
13.4938750267	-1420
13.4939219952	-1420
13.4939250946	-1264
13.5277729034	543
13.529736042	-66
13.5587780476	-1420
13.5588459969	-1316
13.55885005	-1420
13.5588860512	-1420
13.5588879585	-1264
13.5593519211	-1420
13.5593569279	-1420
13.5594089031	-1264
13.5718889236	-1052
13.6044139862	-1420
13.6044440269	-1420
13.6045029163	-1264
13.6456959248	-66
13.6653170586	-1420
13.6653320789	-1420
13.6653900146	-1420
13.6653931141	-1212
13.6654291153	-1420
13.6654319763	-1316
13.666107893	-1420
13.6661119461	-1420
13.6661140919	-1264
13.6706020832	543
13.6842670441	543
13.7072749138	-712
13.7205309868	543
13.7211480141	543
13.7213981152	543
13.7428588867	-1420
13.7428739071	-1316
13.7635409832	-891
13.7674341202	543
13.7682631016	-1420
13.7682769299	-1420
13.768321991	-1264
13.7685980797	-1420
13.7686390877	-1420
13.7686419487	-1264
13.8009259701	543
13.8012499809	543
13.8016660213	543
13.801897049	543
13.8023030758	543
13.8025150299	543
13.8029010296	543
13.8031299114	543
13.8039720058	543
13.8041799068	543
13.8052549362	-1420
13.8052608967	-1420
13.8052859306	-1264
13.8102428913	-741
13.8121430874	543
13.822551012	543
13.8230130672	543
13.8233470917	543
13.8456749916	-1420
13.8456859589	-1420
13.8457400799	-1264
13.8537909985	543
13.865295887	-66
13.8704109192	543
13.8706641197	543
13.8711841106	543
13.8716070652	-1420
13.871612072	-1420
13.8716630936	-1420
13.8716659546	-1420
13.8717029095	-1160
13.9129199982	-443
13.9227390289	543
13.9255030155	543
13.925743103	543
13.9484438896	-1420
13.9484529495	-1420
13.9485011101	-1264
13.9548780918	-609
13.9721660614	-1420
13.9721720219	-1316
13.9722430706	-1368
13.9725019932	-1420
13.9725430012	-1420
13.9725461006	-1264
13.993776083	-1420
13.9937899113	-1420
13.993844986	-1264
13.9968760014	-1226
14.0176699162	543
14.0186610222	543
14.0188910961	543
14.0718700886	-1420
14.0718860626	-1420
14.0719389915	-787
14.073084116	-1420
14.0731248856	-1420
14.073127985	-1420
14.0731289387	-1212
14.0731310844	-1368
14.0731320381	-1368
14.0814480782	543
14.1140658855	-675
14.1342320442	-1420
14.1343019009	-1420
14.1343069077	-1264
14.1405689716	543
14.1559329033	-66
14.1732919216	-1420
14.1733589172	-1420
14.1733620167	-1264
14.1740419865	-1420
14.1740460396	-1420
14.1740860939	-1264
14.1742479801	-1420
14.1742510796	-1420
14.1742520332	-1264
14.1766130924	543
14.1967089176	-1420
14.1967260838	-1420
14.1967840195	-1264
14.1978030205	-264
14.1981239319	543
14.2734870911	-1420
14.2735059261	-1420
14.2735641003	-787
14.2762489319	-1420
14.2762920856	-1420
14.2762949467	-1264
14.2763669491	-1420
14.2763700485	-1420
14.2763719559	-1264
14.2837920189	543
14.2924900055	543
14.294907093	543
14.295249939	543
14.315376997	-675
14.3204059601	543
14.3207170963	543
14.3361189365	-1420
14.336124897	-1420
14.3361771107	-1264
14.3574230671	-66
14.3707859516	543
14.3732600212	-1420
14.3732690811	-1316
14.3733239174	-1368
14.3789288998	-1420
14.3790049553	-1420
14.3790090084	-1264
14.3790519238	-1420
14.3790540695	-1420
14.3790919781	-1264
14.386464119	1057
14.3972771168	543
14.3983230591	543
14.3984229565	-1420
14.3984260559	-1420
14.3984270096	-1264
14.3994190693	-264
14.4345059395	543
14.4350249767	543
14.4353790283	1057
14.4733269215	-1420
14.4733440876	-1420
14.4734020233	-787
14.4735341072	543
14.4763920307	1057
14.4807789326	-1420
14.480784893	-1316
14.4810130596	-1420
14.4810171127	-1420
14.4810619354	-1420
14.4810650349	-1212
14.515280962	-675
14.5359749794	-1420
14.5360560417	-1420
14.5360600948	-1264
14.5365550518	543
14.5368509293	543
14.5377700329	543
14.5380370617	543
14.5433979034	543
14.5436758995	543
14.5439250469	543
14.5441920757	543
14.5444400311	543
14.5446801186	543
14.5569930077	-66
14.5734610558	-1420
14.5735239983	-1420
14.5735280514	-1264
14.5829620361	-1420
14.5829861164	-1420
14.5830481052	-1420
14.5830500126	-1420
14.5830879211	-1160
14.5830919743	-1368
14.5833621025	543
14.5951700211	543
14.5983800888	-1420
14.5983860493	-1420
14.5984299183	-1264
14.5988790989	-264
14.6762011051	-1368
14.6763169765	-1420
14.6763780117	-839
14.6840939522	-1420
14.6841590405	-1420
14.6841709614	-1420
14.6842169762	-1212
14.6842200756	-1420
14.6842620373	-1316
14.7185869217	-675
14.7305660248	543
14.7318410873	543
14.7387809753	-1420
14.7387919426	-1420
14.7388439178	-1264
14.7392499447	543
14.772701025	-66
14.7763700485	-1420
14.7764439583	-1420
14.7764480114	-1264
14.7800359726	1057
14.7865989208	-1420
14.7866148949	-1420
14.7867228985	-1264
14.7867250443	-1420
14.7867639065	-1420
14.7867670059	-1420
14.7867689133	-1420
14.7867701054	-1160
14.786771059	-1420
14.7867720127	-1420
14.7867739201	-1264
14.7869749069	543
14.8147649765	-641
14.8569140434	-543
14.8911139965	-1368
14.8912460804	-1420
14.8912479877	-1420
14.8912498951	-1420
14.8912510872	-1420
14.8912520409	-1160
14.8987109661	-1420
14.8987700939	-1420
14.8987739086	-1264
14.8989739418	543
14.9330430031	-712
14.9802539349	-1420
14.9803299904	-1316
14.9933888912	-1368
14.993680954	-1420
14.9936869144	-1420
14.9937279224	-1264
14.9939210415	-1420
14.9939620495	-1420
14.9939639568	-1264
15.022135973	-198
15.0429439545	-1420
15.0430090427	-1420
15.0430150032	-1264
15.0823130608	-1420
15.0823309422	-1420
15.0823891163	-1264
15.0848050117	-132
15.0947289467	-1420
15.0947430134	-1420
15.094796896	-1420
15.0947999954	-1420
15.0948359966	-1420
15.0948400497	-1108
15.0950880051	543
15.1319439411	1057
15.1366410255	-132
15.1447000504	-1420
15.1447570324	-1420
15.1447610855	-1264
15.1835279465	-1420
15.1835529804	-1420
15.1835999489	-1264
15.186825037	-132
15.1982319355	-1420
15.1982400417	-1420
15.1982901096	-1264
15.1987259388	-1420
15.1987709999	-1420
15.1987740993	-1264
15.1989240646	543
15.2401409149	-132
15.2452180386	-1420
15.2452859879	-1420
15.2452919483	-1264
15.2836821079	-1420
15.2836990356	-1316
15.2837650776	-1368
15.2869710922	-132
15.2992269993	-1420
15.2992379665	-1420
15.2992959023	-1264
15.2993960381	-1420
15.2994520664	-1420
15.2994561195	-1264
15.3077709675	-1420
15.3077950478	-1316
15.3078589439	-1368
15.328815937	-198
15.3994240761	-1420
15.3994529247	-1420
15.3994960785	-787
15.4015929699	-1368
15.4016900063	-1420
15.401695013	-1316
15.4018630981	-1420
15.4018659592	-1316
15.4019129276	-1368
15.4412789345	-675
15.4414870739	543
15.4620521069	-1420
15.4620680809	-1420
15.4621069431	-1264
15.4622449875	543
15.4830141068	-66
15.5012800694	-1420
15.5013558865	-1420
15.5013599396	-1264
15.5044469833	-1420
15.5044519901	-1420
15.504502058	-1420
15.5045049191	-1420
15.5045509338	-1160
15.5045540333	-1368
15.5434520245	-198
15.5465779305	-1420
15.5466380119	-1420
15.546642065	-1264
15.5853340626	-66
15.6047389507	-1420
15.6048169136	-1420
15.6048300266	-1264
15.6048779488	-1420
15.6048810482	-1420
15.6049280167	-1264
15.6049311161	-1368
15.6049349308	-1420
15.6049358845	-1316
15.6092460155	-1420
15.6092550755	-1420
15.6093029976	-1264
15.6466140747	-264
15.7045741081	-1420
15.7045929432	-1420
15.7046329975	-1264
15.7055048943	-1420
15.705548048	-1420
15.705550909	-1264
15.7083129883	-1420
15.7083179951	-1420
15.7083580494	-1264
15.7083609104	-1420
15.7083969116	-1420
15.7084000111	-1264
15.7086849213	543
15.7113759518	543
15.7189230919	543
15.7304151058	543
15.7315580845	543
15.7323749065	543
15.7326939106	543
15.7329900265	543
15.7332179546	543
15.7400660515	-264
15.8144009113	-1420
15.8144190311	-1316
15.8144929409	-891
15.8187201023	-1420
15.8188250065	-1420
15.8188300133	-1264
15.8188319206	-1420
15.8188331127	-1420
15.8188340664	-1264
15.8427350521	543
15.853415966	543
15.8564600945	1057
15.8605670929	-675
15.8608419895	543
15.8769509792	-1420
15.876955986	-1420
15.8770000935	-1264
15.9114239216	543
15.9117650986	543
15.9120500088	543
15.9123270512	543
15.9126040936	543
15.9128730297	543
15.9131169319	543
15.9133250713	543
15.9176330566	-1420
15.917648077	-1420
15.9176928997	-1264
15.9177930355	543
15.9186160564	-132
15.92040205	-1420
15.9204339981	-1420
15.9204359055	-1264
15.9208080769	-1420
15.9208130836	-1316
15.9208528996	-1368
15.9395849705	-1420
15.939661026	-1316
15.9396650791	-1368
15.9622919559	-198
16.0201539993	-1420
16.020168066	-1316
16.0239789486	-1368
16.0243630409	-1420
16.0243690014	-1420
16.0243999958	-1420
16.0244019032	-1212
16.0303680897	-1420
16.0303730965	-1316
16.0470759869	-198
16.0827050209	-1420
16.0827329159	-1420
16.0827720165	-1264
16.0888988972	-66
16.1213290691	-1420
16.1213479042	-1420
16.1214060783	-1264
16.1260108948	-1420
16.1260859966	-1420
16.1260890961	-1420
16.1260900497	-1212
16.1260919571	-1368
16.1260929108	-1368
16.1305201054	543
16.1307098866	-198
16.1707019806	1460
16.1707599163	625
16.1837050915	-1420
16.1837120056	-1420
16.1837649345	-1264
16.1905839443	543
16.2076809406	1057
16.2129290104	-66
16.2214109898	-1420
16.2214820385	-1420
16.2214870453	-1264
16.2278060913	-1420
16.2278110981	-1420
16.2278521061	-1264
16.2279009819	-1420
16.2279379368	-1420
16.2279400826	-1264
16.2465260029	-1420
16.2465419769	-1420
16.246598959	-1264
16.2474060059	1057
16.26324296	-264
16.3273260593	-1420
16.3273429871	-1316
16.3286259174	-1368
16.3292999268	-1420
16.3293659687	-1420
16.3294160366	-1264
16.329458952	-1420
16.3294620514	-1420
16.3294630051	-1264
16.331692934	543
16.3451731205	-198
16.3899331093	-1420
16.3900089264	-1420
16.3900129795	-787
16.4285581112	-1420
16.4285719395	-1420
16.4286279678	-1264
16.4293670654	-1420
16.4294059277	-1420
16.4294090271	-1264
16.4294800758	-1420
16.4294829369	-1420
16.4294838905	-1264
16.4317009449	-741
16.4326550961	543
16.4527211189	-1420
16.4527339935	-1420
16.4527869225	-1264
16.4748818874	-66
16.529706955	-1420
16.5297250748	-1316
16.5314769745	-1368
16.5317759514	-1420
16.5318169594	-1420
16.5318200588	-1420
16.5318210125	-1212
16.5318849087	-1420
16.5318880081	-1316
16.5405800343	543
16.5590820312	-198
16.5951290131	-1420
16.595197916	-1420
16.5952029228	-1264
16.621227026	543
16.621571064	543
16.6218309402	543
16.6220610142	543
16.6308178902	-1420
16.6308319569	-1420
16.6308739185	-1264
16.6355409622	-1420
16.6355829239	-1420
16.6355860233	-1420
16.635586977	-1212
16.6357409954	-1420
16.6357440948	-1316
16.6358709335	-264
16.6566948891	-1420
16.6567089558	-1420
16.6567640305	-1264
16.6594519615	543
16.6810929775	543
16.6813850403	543
16.698515892	-66
16.7403659821	-1420
16.7403800488	-1316
16.7429749966	-1368
16.7436239719	-1420
16.7436289787	-1420
16.7436718941	-1264
16.7440218925	-1420
16.7440268993	-1420
16.7440669537	-1264
16.7441630363	543
16.7819430828	-198
16.8004379272	543
16.8025729656	-1368
16.8027579784	-1420
16.8027639389	-1316
16.8427801132	-1420
16.8427979946	-1420
16.8428549767	-1264
16.8446779251	-132
16.8475279808	-1420
16.847536087	-1420
16.8475849628	-1264
16.8479049206	-1420
16.8479568958	-1420
16.8479599953	-1264
16.8895099163	-132
16.9018230438	-1420
16.9018781185	-1420
16.9018819332	-1264
16.9105210304	543
16.9307420254	543
16.9310081005	543
16.9313070774	543
16.9315359592	543
16.9435489178	-66
16.949944973	-1420
16.9499919415	-1420
16.9499959946	-1264
16.9557220936	-1420
16.9557321072	-1316
16.9557878971	-1368
16.9560379982	-1420
16.9560420513	-1420
16.9560439587	-1264
16.9590959549	543
16.9643070698	-1420
16.9643220901	-1316
16.9643800259	-1368
16.9920210838	-264
17.0690290928	-1420
17.0690469742	-1420
17.0691049099	-787
17.0762350559	-1420
17.0763199329	-1420
17.0763239861	-1420
17.0763700008	-1212
17.0763719082	-1420
17.076415062	-1316
17.1110448837	-675
17.1112360954	543
17.1315429211	-1420
17.1315500736	-1420
17.1316039562	-1264
17.1532990932	-66
17.1897220612	-1420
17.1897289753	-1316
17.1898610592	-1368
17.1899490356	543
17.2011220455	-1420
17.2011361122	-1420
17.2012360096	-1264
17.201239109	-1420
17.2012770176	-1420
17.201280117	-1264
17.231498003	-198
17.2566699982	-1420
17.256716013	-1420
17.2567191124	-1264
17.2626240253	543
17.2985210419	-66
17.3004078865	543
17.3006439209	543
17.3364629745	-1420
17.3364698887	-1316
17.3527309895	-1368
17.3529250622	-1420
17.3529798985	-1420
17.3530380726	-1264
17.3530828953	-1420
17.3530859947	-1420
17.3531210423	-1264
17.3627860546	543
17.3634889126	543
17.3785159588	-198
17.3990550041	-1420
17.3991100788	-1420
17.3991138935	-1264
17.4203898907	-66
17.4789590836	-1420
17.4789700508	-1316
17.489123106	-1368
17.4897859097	-1420
17.4897921085	-1420
17.489841938	-1420
17.4898450375	-1212
17.4898879528	-1368
17.4898910522	-1368
17.5040409565	-198
17.5515871048	-1420
17.5516049862	-1420
17.5516679287	-787
17.5605769157	543
17.59446311	-543
17.6082429886	-1420
17.608314991	-1316
17.6083219051	-1368
17.6084880829	543
17.6236450672	-1420
17.6236720085	-1420
17.6237289906	-1420
17.62373209	-1212
17.623759985	-1420
17.6237640381	-1316
17.6336529255	543
17.6404469013	543
17.65011096	-198
17.6516320705	-1420
17.6516849995	-1420
17.6516880989	-1264
17.6730360985	1057
17.693707943	-66
17.7573750019	-1420
17.7573969364	-1420
17.7574439049	-787
17.7682020664	-1420
17.768228054	-1420
17.7682950497	-1264
17.7682979107	-1368
17.7683439255	-1420
17.7683479786	-1316
17.7733368874	1057
17.7994639874	-675
17.8028640747	1057
17.8201129436	-1420
17.820125103	-1420
17.8201858997	-1264
17.8205320835	1057
17.8409509659	1460
17.8410699368	111
17.8412899971	543
17.8418800831	543
17.8421189785	543
17.8620810509	-66
17.8807010651	543
17.8811070919	1460
17.8811631203	111
17.8814780712	1460
17.8815228939	111
17.9044210911	-1420
17.9044380188	-1420
17.9045069218	-787
17.916476965	-1420
17.9165480137	-1420
17.9165520668	-1264
17.9165890217	-1420
17.916590929	-1420
17.916629076	-1264
17.9464859962	-675
17.9466819763	543
17.9670259953	-1420
17.9670329094	-1420
17.9670870304	-1264
17.988806963	-66
17.9908809662	1057
18.0502641201	-1420
18.0502810478	-1420
18.0503380299	-787
18.0602779388	-1420
18.060336113	-1420
18.0603411198	-1420
18.0603849888	-1420
18.0603880882	-1160
18.0603890419	-1368
18.0608830452	543
18.0684149265	-1420
18.0684199333	-1420
18.0684719086	-1264
18.0921289921	-741
18.1136379242	543
18.1139240265	543
18.1939380169	-1420
18.1939630508	-1420
18.1940031052	-787
18.2012069225	-1420
18.2012701035	-1420
18.2012739182	-1420
18.2013111115	-1212
18.2013130188	-1420
18.2013480663	-1316
18.2360351086	-675
18.2559440136	-1420
18.2559549809	-1420
18.2560169697	-1264
18.2561540604	543
18.2778630257	-66
18.3423550129	-1420
18.3423678875	-1316
18.3497049809	-1420
18.3497190475	-1420
18.34979105	-1420
18.3497929573	-1212
18.3498311043	-1420
18.3498339653	-1420
18.349834919	-1264
18.3639469147	-198
18.3907930851	1057
18.3911499977	1460
18.3911969662	111
18.3949670792	1460
18.3950181007	625
18.4049830437	-1420
18.4049999714	-1420
18.4050569534	-1264
18.4056830406	-66
18.4306530952	1460
18.4307351112	625
18.4311480522	1460
18.4311950207	111
18.4767649174	1057
18.4776198864	543
18.477875948	543
18.4810581207	-1420
18.4810628891	-1420
18.4811050892	-787
18.4903419018	-1420
18.490391016	-1420
18.4903950691	-1264
18.4908790588	-1420
18.4908840656	-1420
18.4909350872	-1264
18.4910058975	543
18.4960660934	-1420
18.4960711002	-1420
18.4961218834	-1264
18.4962050915	543
18.5230350494	-741
18.6220760345	-1420
18.6220929623	-1420
18.6221520901	-787
18.6335120201	-1420
18.6335179806	-1420
18.6335639954	-1264
18.6340939999	-1420
18.6341080666	-1420
18.6341528893	-1264
18.6368370056	543
18.6640529633	-675
18.6843400002	-1420
18.6844000816	-1420
18.6844050884	-1264
18.7004249096	543
18.7262470722	-66
18.7574191093	-1420
18.7574679852	-1316
18.7730219364	-1368
18.7734239101	-1420
18.773430109	-1420
18.7735109329	-1264
18.7735140324	-1420
18.7735569477	-1420
18.7735600471	-1264
18.7761850357	543
18.7878909111	1057
18.7992889881	-198
18.820497036	1057
18.823018074	543
18.8232860565	1057
18.8355140686	-1420
18.8355190754	-1420
18.8355710506	-1264
18.8380630016	1057
18.8387029171	543
18.8390710354	543
18.8627009392	-66
18.8745269775	-1420
18.8745830059	-1420
18.874587059	-1264
18.8916919231	-1420
18.8917191029	-1316
18.8917689323	-1368
18.8920481205	-1420
18.8920938969	-1420
18.8920969963	-1264
18.8923358917	543
18.8981430531	-1420
18.8981540203	-1420
18.8982028961	-1264
18.8983390331	543
18.9001529217	543
18.9130380154	543
18.9165410995	-264
19.0155200958	-1420
19.0155370235	-1420
19.0156021118	-787
19.0211110115	543
19.0356929302	-1420
19.0357010365	-1420
19.0357260704	-1420
19.0357279778	-1212
19.0357449055	-1420
19.0357480049	-1316
19.0575020313	-675
19.0779399872	-1420
19.0780119896	-1420
19.0780169964	-1264
19.1198809147	-66
19.1422040462	1460
19.1422998905	111
19.1504719257	543
19.1648991108	-1420
19.1649110317	-1420
19.1649639606	-1264
19.184773922	-609
19.1866660118	-1420
19.1866719723	-1316
19.1867439747	-1420
19.1867470741	-1420
19.1867949963	-1264
19.2266778946	-957
19.2410709858	-1420
19.2410879135	-1420
19.2411260605	-1264
19.2412590981	543
19.2830250263	-66
19.3151268959	-1420
19.3152070045	-1316
19.3346300125	-1368
19.3347020149	-1420
19.3347070217	-1420
19.3347349167	-1420
19.3347458839	-1212
19.3347680569	-1368
19.335050106	-1368
19.3571228981	-198
19.3645551205	543
19.3704550266	1460
19.3705050945	111
19.3776180744	-1420
19.3776218891	-1316
19.3776869774	-1368
19.3810920715	543
19.4068169594	-66
19.4650020599	-1420
19.4650239944	-1420
19.4650781155	-787
19.4855129719	-1420
19.485519886	-1420
19.4856140614	-1264
19.4856159687	-1420
19.4856569767	-1420
19.4856600761	-1264
19.5070409775	-675
19.5275800228	-1420
19.5275950432	-1420
19.5276589394	-1264
19.5694820881	-66
19.6372060776	-1420
19.6372420788	-1420
19.6373250484	-1264
19.6373369694	-1420
19.6373751163	-1420
19.6373779774	-1264
19.6374139786	-1368
19.6374158859	-1420
19.6374180317	-1316
19.6534059048	-198
19.6996979713	-1420
19.6997249126	-1420
19.6997659206	-787
19.6999440193	543
19.7416100502	-543
19.7867610455	-1420
19.7867720127	-1316
19.787530899	-1368
19.7877960205	-1420
19.7877991199	-1420
19.7878448963	-1264
19.7879099846	-1420
19.7879490852	-1420
19.7879519463	-1264
19.8230919838	-198
19.8493630886	-1420
19.8493878841	-1420
19.8494689465	-1264
19.8649499416	-66
19.8684999943	543
19.9325959682	-1420
19.9326140881	-1420
19.9326710701	-787
19.9347128868	-1420
19.9347629547	-1420
19.9347660542	-1264
19.9354948997	-1420
19.9355010986	-1420
19.9355449677	-1264
19.9745740891	-675
19.9952669144	-1420
19.9952819347	-1420
19.9953520298	-1264
19.9954879284	543
20.0371520519	-66
20.0849530697	-1420
20.0849699974	-1316
20.0856969357	-1368
20.0859320164	-1420
20.0859639645	-1316
20.0860641003	-1420
20.0860669613	-1420
20.0860691071	-1420
20.0860700607	-1212
20.1204209328	543
20.1206951141	543
20.1209509373	1057
20.1214470863	543
20.1266510487	-198
20.1473529339	-1420
20.1474020481	-1420
20.1474049091	-1264
20.189234972	-66
20.2323129177	543
20.2341780663	1460
20.2342441082	625
20.2359359264	543
20.2361850739	543
20.2371680737	-1420
20.237183094	-1420
20.2372720242	-1264
20.2372748852	-1420
20.2373199463	-1316
20.2373230457	-1420
20.2373239994	-1316
20.2374129295	-1420
20.237416029	-1316
20.2766189575	-198
20.29976511	-1420
20.299779892	-1420
20.2998270988	-1264
20.3016738892	543
20.3416121006	-66
20.3507380486	543
20.3510940075	543
20.3868710995	-1420
20.3868820667	-1316
20.3870210648	-1368
20.38717103	-1368
20.3873310089	-1420
20.387335062	-1316
20.3873360157	-1420
20.3873369694	-1420
20.387337923	-1264
20.3905179501	543
20.3906989098	543
20.4287960529	-198
20.4494819641	-1420
20.4495530128	-1420
20.4495561123	-1264
20.491535902	-66
20.500813961	-1420
20.5008718967	-1420
20.5008769035	-1264
20.5427889824	-609
20.5744359493	-1420
20.5744869709	-1316
20.5869278908	-543
20.6071341038	-1420
20.607198	-1316
20.6162130833	-1268
20.6698191166	-1420
20.669836998	-1316
20.710064888	-891
20.721091032	-543
20.769810915	-1420
20.7698221207	-151
20.772124052	-1368
20.8480069637	-1231
20.8917450905	-1057
21.2947909832	543
21.2955510616	543
21.2957260609	543
21.2960400581	543
21.3179290295	-543
21.3589780331	1460
21.3610370159	111
21.3808329105	1460
21.3809039593	1460
21.3809509277	1161
21.3810429573	1460
21.3810830116	685
21.3811380863	1057
21.5131659508	543
21.5139219761	-543
21.5324029922	-543
21.5667738914	-543
21.5926790237	1057
21.5954461098	-1368
21.6012809277	1057
21.6150009632	-543
21.6438200474	1057
21.653386116	543
21.6763949394	1460
21.6765129566	1460
21.6765539646	193
21.6775679588	-1420
21.6775751114	-665
21.6803319454	1057
21.6892058849	1057
21.6948049068	-717
21.7174079418	-1420
21.7174260616	-1420
21.7174859047	-1420
21.7174880505	-1212
21.7175250053	-1368
21.7177970409	-1368
21.7187290192	543
21.719201088	1057
21.7193470001	-646
21.7319738865	543
21.7347099781	1460
21.7347650528	1139
21.7348198891	543
21.7363080978	1057
21.7586169243	-1420
21.7586300373	-1420
21.7586910725	-1264
21.7604939938	543
21.7607660294	1460
21.7608129978	111
21.7610599995	-66
21.8237359524	-1420
21.8237540722	-1420
21.823818922	-787
21.8243041039	-1420
21.8243091106	-1420
21.8243598938	-1264
21.8246130943	-1420
21.8246259689	-1420
21.8246688843	-1264
21.8266661167	543
21.8322789669	543
21.8448429108	543
21.8655910492	-675
21.8657450676	543
21.8660039902	543
21.884718895	-543
21.8865339756	-1420
21.8865408897	-1420
21.8865830898	-1264
21.9079608917	-66
21.9086780548	543
21.9112410545	543
21.9292919636	-1420
21.9293038845	-1420
21.9293580055	-1264
21.930284977	-1420
21.9303410053	-1316
21.9309360981	-1420
21.9310400486	-1420
21.9310429096	-1264
21.9310948849	-1420
21.9310979843	-1420
21.931098938	-1264
21.9314000607	-1420
21.9314041138	-1316
21.9314539433	-1368
21.9431450367	543
21.9713790417	-1184
21.9846150875	-1420
21.9846770763	-1316
22.0116438866	-406
22.0176711082	543
22.0239760876	543
22.0340180397	-1057
22.0342359543	-1420
22.0343840122	-1316
22.0343871117	-1420
22.0344259739	-1420
22.0344290733	-1264
22.0761759281	-957
22.080509901	543
22.0968790054	-1420
22.0968849659	-1420
22.0969290733	-1264
22.122633934	-66
22.1308050156	-1420
22.130810976	-1420
22.1308579445	-1264
22.1356539726	-1420
22.1356990337	-1420
22.1357018948	-1420
22.1357390881	-1420
22.1357419491	-1420
22.1357839108	-1108
22.1385419369	-1086
22.1725819111	-198
22.1858279705	-1420
22.1858389378	-1420
22.1858839989	-1264
22.1904380322	543
22.2277209759	-66
22.2333879471	-1420
22.2334399223	-1420
22.2334449291	-1264
22.2368659973	543
22.2377030849	-1420
22.2377068996	-1420
22.2377369404	-1420
22.2377390862	-1212
22.2378540039	-1420
22.237858057	-1316
22.2630341053	543
22.2752029896	-198
22.2803928852	543
22.2852671146	-1420
22.2852840424	-1420
22.2853410244	-1264
22.3051359653	543
22.3121008873	1460
22.3121700287	111
22.3125679493	1460
22.3127729893	625
22.3272190094	-66
22.3330860138	-1420
22.3331410885	-1420
22.3331439495	-1264
22.3411819935	-1420
22.3412001133	-1420
22.3412339687	-1264
22.3412370682	-1420
22.3412659168	-1420
22.3412680626	-1264
22.3503499031	-1420
22.3503570557	-1420
22.3504040241	-1264
22.3691511154	-264
22.3824698925	-543
22.4204928875	543
22.4274001122	-543
22.4330821037	-1420
22.4330968857	-1316
22.4422860146	-1368
22.4423720837	-1420
22.442440033	-1420
22.4424419403	-1420
22.4425089359	-1212
22.442522049	-1420
22.4425230026	-1316
22.4510669708	-198
22.4611799717	1460
22.4612569809	1139
22.4613070488	1460
22.4613978863	1139
22.494920969	543
22.4952850342	543
22.4957199097	-1420
22.4957339764	-1420
22.4957768917	-787
22.4958570004	543
22.5330350399	-1420
22.5330469608	-1420
22.5331010818	-1264
22.5334649086	543
22.5337240696	543
22.5377480984	-609
22.5410759449	543
22.5420920849	-1420
22.542098999	-1420
22.5421431065	-1264
22.5582001209	-1420
22.5582621098	-1420
22.5582659245	-1264
22.5797080994	-132
22.597548008	543
22.6019070148	543
22.6022779942	543
22.6028249264	1057
22.6035139561	543
22.6038510799	543
22.6371281147	-1420
22.6371440887	-665
22.6422550678	-1420
22.6422729492	-1316
22.6423749924	-1420
22.6423780918	-1420
22.642416954	-1264
22.6791820526	-957
22.7003691196	-1420
22.700387001	-1420
22.7004520893	-1264
22.7369298935	-1420
22.737005949	-1420
22.7370109558	-1264
22.742098093	-132
22.7430450916	-1420
22.7431058884	-1420
22.7431180477	-1264
22.743158102	-1420
22.7431609631	-1420
22.7431979179	-1264
22.7433199883	543
22.762387991	-1420
22.762403965	-1420
22.7624640465	-1264
22.7849349976	-198
22.7996480465	543
22.8378040791	-1420
22.8378219604	-1420
22.8378810883	-1264
22.838285923	-543
22.8425550461	-1420
22.8425889015	-1420
22.842592001	-1264
22.8426589966	-1420
22.842662096	-1420
22.8426640034	-1264
22.8484129906	-1420
22.8484179974	-1316
22.8485569954	-1368
22.8488070965	543
22.8680329323	-264
22.883425951	1460
22.8835110664	111
22.8850729465	543
22.8966400623	1460
22.8967249393	111
22.9379999638	-543
22.9390919209	-1420
22.9391000271	-1420
22.9391460419	-787
22.9400880337	543
22.9453399181	-1420
22.9453480244	-1420
22.9454140663	-1264
22.9454169273	-1420
22.9454569817	-1420
22.9454610348	-1264
22.9482560158	-1420
22.9482629299	-1420
22.9483180046	-1264
22.9652910233	-543
22.9810380936	-741
23.0398349762	-1420
23.0398540497	-1420
23.0399129391	-787
23.0473999977	-1420
23.0474479198	-1420
23.0474529266	-1264
23.0476160049	-1420
23.0476200581	-1420
23.0476610661	-1264
23.0816950798	-675
23.1024549007	-1420
23.1024730206	-1420
23.1025280952	-1264
23.1435770988	-1420
23.1435921192	-1420
23.1436429024	-1264
23.1440629959	-132
23.1520700455	-1420
23.1520869732	-1420
23.1521840096	-1420
23.152187109	-1212
23.1522340775	-1420
23.1522369385	-1316
23.1648418903	-1420
23.1648540497	-1420
23.1649060249	-1264
23.1650490761	543
23.1651799679	543
23.1938610077	-198
23.2473111153	-1420
23.2473299503	-1420
23.2473869324	-1264
23.2522270679	-1420
23.2522349358	-1420
23.2522981167	-1264
23.2523009777	-1420
23.2523710728	-1420
23.2523748875	-1264
23.2529160976	543
23.2651379108	-1420
23.2651519775	-1420
23.2652060986	-1264
23.2839920521	-264
23.3523180485	-1420
23.3523409367	-1316
23.3536779881	-1368
23.3541240692	-1420
23.3541901112	-1420
23.3541929722	-1420
23.3542330265	-1212
23.3542358875	-1420
23.3542809486	-1316
23.3564660549	543
23.3649809361	-198
23.3817369938	1057
23.3905670643	543
23.4015378952	543
23.4145328999	-1420
23.4145479202	-1420
23.4146029949	-787
23.4548449516	-1368
23.4549019337	-1368
23.4551129341	-1368
23.4565649033	-609
23.4566791058	543
23.4580709934	-1420
23.4580760002	-1316
23.4581201077	-1420
23.4581229687	-1316
23.4582309723	-1420
23.4582359791	-1316
23.458947897	543
23.4778599739	-1420
23.4778749943	-1420
23.4779310226	-1264
23.4984741211	-198
23.559221983	-1420
23.5592489243	-1316
23.5622820854	-1368
23.5624620914	-1420
23.5625169277	-1420
23.5625200272	-1264
23.5627250671	543
23.5809431076	-132
23.6217660904	-1420
23.6217830181	-1420
23.6218299866	-1264
23.6220219135	543
23.6227269173	-66
23.658798933	-1420
23.6588749886	-1420
23.6588799953	-1264
23.7007420063	-1123
23.7595880032	-1420
23.7596039772	-1420
23.7596530914	-787
23.76039505	543
23.7729320526	543
23.7735280991	1057
23.7956109047	1057
23.8206410408	1460
23.820734024	625
23.8216409683	-543
23.8533060551	543
23.904941082	-543
24.0359079838	-543
24.1171360016	-1057
24.1449971199	543
24.1751348972	-1368
24.1755130291	543
24.1756711006	-1420
24.1756739616	-1316
24.1759939194	-1368
24.1762290001	-1420
24.1762900352	-1420
24.1762928963	-1264
24.1764719486	543
24.1809771061	543
24.187153101	-335
24.2008109093	-1420
24.2008650303	-1420
24.2008678913	-1264
24.2228279114	543
24.2290389538	-66
24.2645258904	1057
24.278908968	-1420
24.2789230347	-1420
24.2789928913	-787
24.2792160511	543
24.280258894	-1420
24.2802729607	-1420
24.280328989	-1264
24.2807090282	-1420
24.2807519436	-1420
24.280755043	-1264
24.2808558941	543
24.2921929359	-1420
24.2921979427	-1316
24.2923369408	-1368
24.3210248947	-741
24.3212070465	543
24.3827619553	-1420
24.3827810287	-1420
24.382848978	-787
24.3855760098	-1420
24.3856229782	-1420
24.3856260777	-1264
24.3857281208	-1420
24.3857400417	-1420
24.385778904	-1264
24.3918170929	-1420
24.3918631077	-1420
24.3918669224	-1264
24.4247379303	-741
24.4249799252	543
24.4806070328	543
24.4808139801	543
24.4848730564	-1420
24.4848780632	-1420
24.4849209785	-787
24.4903271198	-1420
24.490363121	-1420
24.4903659821	-1264
24.4907329082	-1420
24.490737915	-1420
24.490778923	-1264
24.5269489288	-675
24.5474059582	-1420
24.5474119186	-1420
24.547465086	-1264
24.5891211033	-66
24.5936300755	-1420
24.5936360359	-1420
24.5937070847	-1264
24.5937099457	-1420
24.5937709808	-1420
24.593775034	-1264
24.5939209461	-1420
24.5939240456	-1316
24.5939249992	-1368
24.5941469669	543
24.6098759174	-1420
24.6098918915	-1420
24.6099500656	-1264
24.6356461048	-264
24.6919310093	-1420
24.6919488907	-1420
24.692013979	-1264
24.6939790249	-1420
24.6940469742	-1420
24.694051981	-1264
24.6940538883	-1420
24.6940550804	-1420
24.6940560341	-1264
24.6991209984	-1420
24.6991350651	-1420
24.6991379261	-1264
24.7010281086	543
24.7052059174	543
24.7054359913	1057
24.7229421139	-264
24.7918219566	-1420
24.7918319702	-1420
24.791891098	-787
24.7968399525	-1420
24.7969179153	-1420
24.7969310284	-1420
24.796931982	-1212
24.7969429493	-1420
24.796943903	-1316
24.7972168922	543
24.833769083	-675
24.8591270447	-1420
24.8591969013	-1420
24.8592019081	-1264
24.8969049454	-1420
24.8969199657	-1420
24.8969759941	-1264
24.8985910416	-1420
24.8986430168	-1316
24.8986461163	-1368
24.8986470699	-1420
24.9008889198	-1420
24.9008929729	-1264
24.9008939266	-264
24.9047160149	543
24.959266901	-1420
24.959280014	-1420
24.9593338966	-787
24.9827759266	1057
24.9833090305	1057
24.9987609386	-1420
24.9987869263	-1420
24.9988260269	-1264
25.0006980896	-1420
25.0007429123	-1420
25.0007460117	-1264
25.0010449886	-675
25.0011539459	543
25.0013129711	-1420
25.0013160706	-1420
25.0013570786	-1264
25.022092104	-1420
25.0221560001	-1420
25.0221600533	-1264
25.0333509445	543
25.0336298943	543
25.0432550907	-132
25.0657939911	543
25.070483923	543
25.0996870995	-1420
25.0997049809	-1420
25.0997650623	-787
25.0998880863	543
25.1040329933	-1420
25.1040410995	-1420
25.1041269302	-1264
25.1041300297	-1420
25.1041800976	-1420
25.1041829586	-1264
25.141767025	-675
25.1622419357	-1420
25.1623029709	-1420
25.1623079777	-1264
25.1835889816	-66
25.1987810135	-1420
25.198843956	-1420
25.1988480091	-1264
25.2071859837	-1420
25.2072069645	-1420
25.2072789669	-1264
25.2072820663	-1420
25.2073209286	-1420
25.2073259354	-1264
25.210944891	543
25.2115719318	543
25.2118160725	543
25.2249760628	-1420
25.2249839306	-1420
25.225030899	-1264
25.240582943	-264
25.2476170063	543
25.2806129456	543
25.3001670837	-1420
25.3001749516	-1420
25.3002290726	-787
25.3003470898	543
25.3063180447	-1420
25.3063259125	-1420
25.306374073	-1264
25.342113018	-609
25.3423030376	543
25.3687748909	-1420
25.3687911034	-1420
25.3688490391	-1264
25.3839991093	-66
25.4085149765	-1420
25.408520937	-1316
25.4258449078	-377
25.4322218895	1057
25.4327170849	1460
25.4327850342	1460
25.4328238964	1161
25.4329009056	1460
25.4329400063	1460
25.4329910278	253
25.460506916	543
25.4621100426	-1420
25.4621260166	-1316
25.4706020355	1057
25.4744050503	-891
25.4908139706	543
25.508687973	-1420
25.5087029934	-1420
25.5087609291	-1264
25.5162930489	-66
25.5205860138	543
25.5244851112	-1420
25.524492979	-1316
25.559472084	-891
25.6004669666	-1420
25.6004788876	-1316
25.601154089	-891
25.6037530899	543
25.6106510162	543
25.610943079	543
25.6130640507	543
25.620374918	1086
25.6880719662	-1420
25.688090086	-1420
25.6881580353	-273
25.7041790485	-1420
25.7042279243	-1316
25.7299780846	-891
25.7503600121	-1368
25.7893528938	-1420
25.7894160748	-1316
25.7894229889	-1368
25.7894420624	-1420
25.7894439697	-1316
25.7922620773	-1160
25.7924199104	543
25.8043680191	-1420
25.8044500351	-1420
25.8044540882	-1264
25.812650919	-1420
25.8126590252	-1420
25.8127040863	-1264
25.8127989769	543
25.8463850021	-675
25.8910329342	-1368
25.8911390305	-1368
25.8913109303	-1420
25.891315937	-1420
25.8913650513	-1264
25.9050068855	-1420
25.9050190449	-1420
25.9050691128	-1264
25.9051890373	543
25.9151279926	-1420
25.9151420593	-1420
25.9151871204	-1420
25.9151899815	-1212
25.9329309464	-264
25.993721962	-1420
25.9937388897	-1420
25.9937970638	-1420
25.9937999249	-1420
25.9938349724	-1160
26.0048859119	-1420
26.0048999786	-1420
26.0049510002	-1264
26.0050809383	-1420
26.0051190853	-1316
26.0051219463	-1368
26.0052330494	543
26.0140779018	-1089
26.0900430679	-543
26.0961339474	-543
26.0962069035	-1420
26.0962569714	-1316
26.0963480473	-1420
26.0963859558	-1316
26.0964479446	-1368
26.1050739288	-1420
26.1050829887	-1420
26.105134964	-1264
26.1181800365	-1420
26.1182060242	-1420
26.1182711124	-1264
26.1182739735	-1368
26.1186020374	543
26.1381309032	-264
26.1415600777	1057
26.1997931004	-1420
26.1998109818	-1420
26.19987607	-1420
26.199878931	-1420
26.1999230385	-1160
26.2058548927	-1420
26.2058589458	-1420
26.2058610916	-1264
26.2182879448	-1420
26.2183051109	-1420
26.2183609009	-1420
26.2183640003	-1212
26.2185339928	543
26.2199749947	-264
26.247838974	543
26.2925601006	543
26.3002150059	-1368
26.3003680706	-1420
26.3004200459	-839
26.3105750084	1460
26.3106350899	625
26.3626730442	-1368
26.3626899719	-1420
26.362746954	-839
26.498914957	543
26.4991939068	543
26.4994790554	543
26.4998860359	543
26.580368042	-1057
26.5811560154	-1420
26.5812010765	-1316
26.5814518929	-1420
26.5815041065	-1420
26.5815420151	-1264
26.6222779751	543
26.622576952	543
26.623032093	-957
26.6434030533	-1420
26.643474102	-1420
26.6435120106	-1264
26.6650679111	-66
26.6807990074	-1420
26.6808669567	-1420
26.680907011	-1264
26.6816289425	-1368
26.6818521023	-1420
26.681885004	-1316
26.7057039738	-1420
26.7057158947	-1420
26.7057669163	-1264
26.7059319019	543
26.7060649395	-543
26.7224960327	-198
26.783919096	-1420
26.7839379311	-1316
26.8004090786	543
26.8051660061	-891
26.8816530704	-1420
26.8816790581	-1420
26.8817150593	-273
26.8945159912	543
26.9443039894	-1057
27.044878006	-543
27.1079359055	-1420
27.1079549789	-1420
27.1080219746	-273
27.1133799553	543
27.1919839382	543
27.2305219173	543
27.2433319092	-543
27.2706289291	543
27.4119329453	-543
27.5142290592	543
27.5145900249	543
27.5148088932	543
27.5151429176	543
27.5153489113	543
27.5157248974	543
27.5505390167	-543
27.6587359905	-1420
27.6587519646	-665
27.6603488922	1057
27.7635409832	-1057
27.7636940479	543
27.7709720135	1057
27.8659639359	-543
27.9107010365	1460
27.9107511044	111
27.920372963	543
27.9263720512	1460
27.926445961	111
27.9532189369	-543
28.0606780052	-543
28.1947588921	-543
28.2770040035	-1420
28.2770209312	-151
28.3217699528	-1420
28.3217899799	-151
28.3218491077	-1420
28.3218541145	-1316
28.3219490051	-1368
28.322026968	-1420
28.322065115	-1316
28.3395659924	-1420
28.3395819664	-1420
28.3396420479	-1264
28.3637259007	-1023
28.4247450829	-1420
28.42476511	-1420
28.4248230457	-787
28.4291141033	-1420
28.4291219711	-1420
28.4291698933	-1264
28.4294610023	-1420
28.4295020103	-1420
28.4295051098	-1264
28.4372739792	543
28.4667201042	-675
28.4871089458	-1420
28.4871768951	-1420
28.4871819019	-1264
28.5178439617	1057
28.5288569927	-1420
28.5288729668	-1420
28.5289289951	-1396
28.5914680958	-543
28.6916139126	-1420
28.6916320324	-1420
28.6916909218	-787
28.6922221184	543
28.7335169315	-543
28.7368600368	543
28.7387399673	543
28.751816988	543
28.9753758907	-1057
29.1067171097	-543
29.114839077	-1368
29.1486999989	-1231
29.1905479431	-543
29.1911509037	543
29.3183031082	-543
29.3503780365	1460
29.3504590988	625
29.5011219978	-543
