0	-543
0.557563781738	543
0.557711839676	543
0.557860851288	543
1.44341993332	-543
1.5938129425	-543
2.58991980553	543
2.62707090378	543
2.85921692848	-543
3.01237297058	-543
3.02363681793	543
3.05375790596	543
3.28886198997	-543
3.54174089432	-1420
3.54181885719	-1420
3.54186177254	-439
3.54878377914	-1420
3.54882979393	-1420
3.54886698723	-1264
3.56211280823	-1420
3.56218695641	-1420
3.56222486496	-1264
3.57659077644	-1368
3.57725477219	543
3.61337780952	1460
3.61346077919	111
3.61392879486	543
3.61412382126	1057
3.66715192795	543
3.67328190804	543
3.69507193565	-1420
3.69511079788	-1420
3.69517493248	-1420
3.6951777935	-1420
3.69521999359	-1160
3.69522285461	-1368
3.69538497925	543
3.70196700096	-1420
3.70197176933	-1420
3.70205187798	-1264
3.70205378532	-1420
3.70209693909	-1420
3.70209884644	-1264
3.70831894875	543
3.71523594856	-1420
3.71525597572	-1420
3.71533083916	-1264
3.71565699577	-1420
3.71569180489	-1316
3.71569490433	-1368
3.72977876663	-1420
3.72980499268	-1316
3.78779292107	543
3.84830999374	-1420
3.84832978249	-1316
3.84838581085	-1420
3.84838891029	-1420
3.84851384163	-1420
3.84851884842	-1420
3.84855794907	-1160
3.84856081009	-1368
3.84859681129	-1420
3.84859991074	-1316
3.85335683823	543
3.85515189171	-1420
3.85515785217	-1316
3.85526180267	-1420
3.85526394844	-1420
3.85531997681	-1420
3.85532283783	-1420
3.85536694527	-1160
3.85536885262	-1368
3.85549998283	-1420
3.85550379753	-1420
3.8555328846	-1420
3.85553598404	-1212
3.85555386543	-1420
3.85555577278	-1316
3.85574197769	543
3.86874580383	-1420
3.86875200272	-1420
3.86879587173	-1287
3.96907997131	-1420
3.96910476685	-1420
3.96914482117	-1264
3.97943687439	-1420
3.97950792313	-1420
3.97951388359	-1264
3.98691082001	-1420
3.98691678047	-1420
3.986992836	-1264
3.98699498177	-1420
3.98704385757	-1316
3.99194478989	-1368
4.00154781342	-1420
4.00155282021	-1420
4.0015938282	-1264
4.00289297104	-1420
4.0029399395	-1420
4.00294184685	-1420
4.00298786163	-1212
4.0065639019	-1420
4.00663089752	-1420
4.00663399696	-1264
4.00667691231	-1368
4.01332688332	-1420
4.01340484619	-1420
4.01340889931	-1420
4.01351380348	-1212
4.01351690292	-1420
4.0135538578	-1420
4.01355600357	-1264
4.01358985901	-1420
4.01359176636	-1316
4.01377177238	543
4.01401877403	543
4.0207798481	-1420
4.02078485489	-1316
4.02090978622	-1368
4.02169585228	-734
4.02282977104	-1420
4.02283382416	-1316
4.02651596069	-1420
4.02652978897	-1316
4.02655291557	-1368
4.03055691719	-1420
4.030605793	-1420
4.03060889244	-1264
4.03235697746	-1420
4.03236079216	-1316
4.03254985809	543
4.03476881981	-1420
4.03477287292	-1316
4.03848290443	-1420
4.03850078583	-1316
4.03853988647	-1420
4.03854179382	-1316
4.04251289368	-1420
4.04251694679	-1420
4.04255485535	-1264
4.04798698425	-1420
4.04803085327	-1420
4.04803395271	-1264
4.05183792114	-1420
4.05184292793	-1420
4.05188179016	-1264
4.05554890633	-1420
4.05558991432	-1420
4.05559277534	-1264
4.05683088303	-1420
4.05683588982	-1420
4.05687785149	-1264
4.05695676804	543
4.06462097168	-1368
4.12227296829	-1420
4.12228894234	-1420
4.12234687805	-1420
4.12234997749	-1212
4.12239384651	-1420
4.12239694595	-1316
4.12259197235	543
4.13251590729	-1420
4.13252186775	-1420
4.13254499435	-1264
4.13268780708	-1420
4.13273477554	-1420
4.13273787498	-1264
4.14011096954	-1420
4.14011693001	-1420
4.1401848793	-1264
4.14018797874	-1420
4.14022397995	-1420
4.14022779465	-1264
4.14026379585	-1368
4.1403567791	-1420
4.14039492607	-1420
4.14039778709	-1264
4.1537759304	543
4.15493392944	-1420
4.15493988991	-1316
4.17373800278	543
4.17417478561	543
4.17467999458	-1225
4.36778187752	-543
4.50969290733	-1420
4.50970888138	-1316
4.51681685448	-1420
4.51682281494	-1420
4.51686787605	-1264
4.52058792114	-1420
4.52060198784	-1420
4.52067089081	-1420
4.52067279816	-1212
4.52071094513	-1420
4.52071285248	-1420
4.52074885368	-1014
4.52717089653	-1420
4.52717685699	-1316
4.52730679512	-1368
4.53076481819	-1420
4.53076887131	-1420
4.53080892563	-1264
4.53090286255	1057
4.54157876968	-1420
4.5415828228	-1420
4.54162287712	-1264
4.5434319973	-1420
4.54347681999	-1420
4.54347991943	-1264
4.67362689972	-293
4.68327879906	1460
4.68334794044	111
4.68354797363	543
4.68593382835	543
4.68612885475	543
4.68629789352	1460
4.68633985519	111
4.68651890755	543
4.96546077728	-543
4.98791885376	-1420
4.98798894882	-1316
4.99152588844	-1420
4.99155783653	-1420
4.99156093597	-1264
4.99508881569	-1420
4.99509382248	-1420
4.99512481689	-1264
4.99865579605	-1420
4.99869680405	-1420
4.99869990349	-1420
4.99874091148	-1212
5.01956677437	-1420
5.01961684227	-1316
5.02143883705	-1420
5.02151679993	-1420
5.02152776718	-1264
5.02156996727	-1368
5.02157187462	-1420
5.02160787582	-1316
5.02514982224	-1420
5.02523398399	-1420
5.02523684502	-1420
5.02527785301	-1212
5.02527999878	-1420
5.02531385422	-1316
5.02862477303	-1420
5.02869391441	-1316
5.02869677544	-1368
5.02873182297	-1368
5.02895188332	1057
5.09739899635	-1420
5.09741592407	-1316
5.10651683807	-1420
5.10652399063	-1316
5.11500477791	-1420
5.11501193047	-1420
5.11506080627	-1420
5.11506390572	-1212
5.11509084702	-1368
5.11844491959	-1368
5.12215781212	-1420
5.12216186523	-1420
5.12220096588	-1264
5.12559485435	-1420
5.12564396858	-1420
5.12564682961	-1264
5.12978291512	-1420
5.12978696823	-1420
5.12983393669	-1264
5.13286089897	-1420
5.13288784027	-1316
5.13289093971	-1368
5.132999897	543
5.13682198524	-1368
5.13703393936	-1368
5.14072179794	-848
5.14474892616	1460
5.14480495453	625
5.1633169651	543
5.20007681847	-1368
5.29365992546	-746
5.30341696739	543
5.30387091637	543
5.43822789192	-1368
5.48670578003	-775
5.49122190475	-1420
5.49122786522	-1316
5.49479794502	-1368
5.49491977692	-1420
5.49492287636	-1316
5.49796676636	-1420
5.49797177315	-1316
5.49802398682	-1420
5.49802589417	-1316
5.50045895576	-1420
5.50046396255	-1316
5.50057578087	543
5.50069689751	543
5.50401091576	-1420
5.50401592255	-1316
5.50634288788	-1420
5.50634789467	-1420
5.50638890266	-1264
5.50905299187	-1420
5.50909590721	-1420
5.50909876823	-1264
5.51269984245	-1420
5.51270484924	-1316
5.51374697685	-1420
5.51375079155	-1420
5.51378178596	-1264
5.51646280289	-1368
5.52101993561	-1420
5.5210249424	-1316
5.54011893272	-1368
5.63990879059	-428
5.64011383057	543
5.65621185303	-1420
5.65622496605	-1316
5.65933179855	543
5.65956377983	1057
5.6597738266	-1368
5.66354894638	-1420
5.66359496117	-1420
5.66359782219	-1264
5.67856788635	-1420
5.67858099937	-1316
5.67862391472	-1368
5.68996882439	-1420
5.69001889229	-1316
5.80939078331	-691
5.81324982643	543
6.01342892647	-543
6.02326393127	1460
6.02332782745	1460
6.02339982986	707
6.04000282288	1057
6.0684838295	543
6.08303380013	1460
6.08316087723	111
6.15198898315	-1368
6.16664981842	-1318
6.21566295624	543
6.21594977379	543
6.3291258812	543
6.32942891121	1057
6.35993480682	-1086
6.37380981445	543
6.37406492233	1057
6.4049179554	-1368
6.42619681358	543
6.42644476891	1057
6.4387178421	-1368
6.45371389389	543
6.45395588875	1057
6.45627999306	-1420
6.45628499985	-1316
6.45636677742	-1368
6.46018099785	543
6.46042084694	1057
6.47259688377	-1368
6.50003886223	543
6.50058794022	543
6.5008058548	543
6.50652384758	-1368
6.51321578026	-24
6.51339578629	543
6.51799297333	1057
6.58154797554	-1368
6.60308790207	-1420
6.60314893723	-1316
6.61518096924	-1368
6.64903092384	-1368
6.65343284607	543
6.65527582169	543
6.66391277313	543
6.66646790504	-74
6.68353390694	-1368
6.68787384033	-1368
6.70260882378	-1368
6.74045085907	543
6.74677491188	543
6.7477247715	-1420
6.74773097038	-1316
6.75542092323	-1368
6.81975793839	-393
6.83681678772	543
6.83714199066	543
6.86285686493	-1368
6.866948843	543
6.86727881432	543
6.87157082558	543
6.87179684639	543
6.93365883827	-1420
6.93367791176	-1316
6.95127296448	-1368
6.95522999763	-1368
6.96752882004	-1368
6.97309184074	-306
6.98537182808	1057
7.00501799583	1057
7.00732183456	-1368
7.12651181221	-746
7.14192581177	543
7.16792678833	-1368
7.18586778641	-1420
7.18594288826	-1316
7.2017428875	-1420
7.20180082321	-1420
7.20180487633	-1264
7.21435284615	543
7.21599888802	543
7.24240088463	543
7.273239851	-1420
7.27325487137	-1316
7.27963590622	-625
7.29327392578	543
7.29738688469	543
7.29762077332	543
7.29820799828	543
7.29842090607	543
7.33569288254	-1368
7.36973500252	-1420
7.3698079586	-1316
7.37531995773	543
7.37562179565	543
7.43302798271	-1210
7.44179987907	543
7.44385194778	543
7.44408297539	543
7.45141291618	-1420
7.45141792297	-1316
7.48539686203	-1368
7.4875228405	543
7.49381995201	543
7.49410891533	543
7.55019879341	-1368
7.55921697617	543
7.56034183502	543
7.560587883	543
7.56301784515	-1368
7.58638978004	-1102
7.60371994972	-1368
7.60738682747	-1420
7.60743999481	-1316
7.61085987091	-1368
7.61089992523	-1420
7.61090183258	-1420
7.61092877388	-1420
7.61093091965	-1212
7.6110098362	-1368
7.61189579964	543
7.61337685585	1057
7.61511492729	-1420
7.61512899399	-1420
7.61517477036	-1420
7.61517691612	-1212
7.63276100159	-1420
7.63277697563	-1420
7.63283395767	-1264
7.63927984238	-1420
7.63933086395	-1420
7.63933396339	-1264
7.64153790474	-1420
7.6415438652	-1420
7.6415848732	-1264
7.64166688919	543
7.64549088478	-1420
7.64549779892	-1420
7.64555287361	-1264
7.64555478096	-1368
7.64559078217	-1420
7.64560198784	-1316
7.64889979362	-1420
7.64890480042	-1420
7.64894294739	-1264
7.64894580841	-1420
7.64897990227	-1316
7.67666196823	-1368
7.67805600166	543
7.6825838089	-1420
7.68258881569	-1316
7.68276381493	543
7.68319797516	543
7.73982000351	-966
7.77052783966	-1368
7.77058577538	-1368
7.77128696442	1057
7.78408789635	-1368
7.78523778915	543
7.79212594032	-1420
7.7921359539	-1316
7.80577278137	-1420
7.80579686165	-1316
7.80994391441	543
7.81801795959	-1368
7.87043190002	-1420
7.87044882774	-1420
7.87051677704	-1264
7.88079690933	543
7.89308285713	-836
7.89328479767	543
7.96355581284	-1368
7.96573781967	543
7.97522592545	-1420
7.9752368927	-1316
7.98481082916	-1420
7.98482179642	-1420
7.98487091064	-1264
7.98500299454	543
7.99742698669	-1420
7.99744296074	-1316
8.04657697678	-654
8.04729199409	1057
8.04784488678	1057
8.05285096169	-1420
8.05287098885	-1316
8.06368684769	543
8.12921380997	-1420
8.12923192978	-1316
8.13122487068	-1368
8.13196182251	543
8.13517093658	-1420
8.13518095016	-1420
8.13523888588	-1264
8.16513085365	-1420
8.16519999504	-1420
8.16520595551	-1264
8.17417192459	-543
8.19885897636	-1368
8.19953489304	-923
8.2774438858	1057
8.27999281883	543
8.29839277267	543
8.29902887344	543
8.29927396774	543
8.33913898468	543
8.34672880173	-1368
8.35259699821	-261
8.35317492485	1057
8.41983985901	-1368
8.50597882271	-1318
8.51745200157	1057
8.51796388626	543
8.5182158947	543
8.57820391655	543
8.57845592499	543
8.58134078979	-1368
8.60164999962	-1368
8.61411881447	-1420
8.61412882805	-1316
8.65917778015	-385
8.71886587143	-1368
8.76120591164	-1368
8.80919790268	-1368
8.81199979782	-182
8.81729888916	-1420
8.81730794907	-1316
8.82133698463	-586
8.82141780853	-1420
8.82142186165	-1316
8.82384777069	1057
8.82461690903	543
8.82488298416	543
8.82512998581	543
8.83051490784	-1420
8.83052277565	-1316
8.83083081245	543
8.83116984367	543
8.83140778542	543
8.84991884232	-1420
8.84992980957	-1316
8.85327076912	543
8.88345694542	1057
8.91420793533	-1420
8.91422486305	-1420
8.91429281235	-1264
8.94028878212	-1368
8.9480009079	-1420
8.94801783562	-1316
8.96526288986	-1329
8.96565079689	543
8.973528862	1057
8.98624277115	1057
8.99500894547	543
8.99574899673	543
9.00541186333	1057
9.13436198235	-543
9.16862177849	-1368
9.1790869236	1057
9.19061279297	1460
9.19070291519	1139
9.20341396332	1460
9.20351791382	1139
9.20777583122	-1420
9.20778393745	-1420
9.20783281326	-1264
9.2475259304	-1368
9.25030493736	1460
9.25035691261	111
9.25068283081	-1420
9.25068998337	-1316
9.25081586838	-1368
9.25930285454	543
9.26354789734	543
9.26865196228	-1368
9.28102493286	-1420
9.28108882904	-1420
9.28109288216	-1264
9.31915593147	-1368
9.32150793076	-699
9.37350893021	543
9.41153979301	-1420
9.41155481339	-1420
9.41161394119	-1264
9.4512629509	-1368
9.46582078934	543
9.46646094322	543
9.4667339325	543
9.46856880188	-1420
9.46857500076	-1316
9.48501682281	-1368
9.5024189949	543
9.50418686867	543
9.51398396492	-1420
9.51398992538	-1420
9.51404094696	-1264
9.51701998711	-1420
9.51707291603	-1420
9.51707792282	-1264
9.51919198036	-1420
9.51920700073	-1420
9.51926279068	-1264
9.52368497849	-193
9.53238081932	543
9.53697896004	-1420
9.5369849205	-1420
9.53703093529	-1264
9.53793787956	-1420
9.53799080849	-1316
9.54167199135	-1368
9.54181194305	543
9.54537296295	-1368
9.54539299011	-1420
9.54542779922	-1316
9.5530769825	-1420
9.55314087868	-1420
9.55314397812	-1264
9.55781579018	-1420
9.55781984329	-1316
9.56319594383	-1368
9.56675696373	-1420
9.56678795815	-1316
9.57041192055	-1368
9.57065582275	-1420
9.57066178322	-1316
9.57160687447	-1420
9.57161188126	-1420
9.57165694237	-1264
9.57176685333	543
9.57663488388	-1420
9.57664084435	-1420
9.57668590546	-1264
9.57668781281	-1368
9.5791258812	-1420
9.57913184166	-1316
9.58492994308	-1420
9.58493685722	-1316
9.58723497391	-1420
9.58724093437	-1420
9.58729481697	-1264
9.59050583839	-1420
9.59054994583	-1420
9.59055280685	-1264
9.59066677094	543
9.60049796104	-1368
9.62258386612	-1420
9.62265181541	-1316
9.63537979126	1057
9.6356818676	543
9.63628387451	543
9.63647890091	543
9.63861393929	-543
9.68603992462	-323
9.6995639801	-1420
9.69962596893	-1316
9.70663499832	-1420
9.70668983459	-1316
9.70669293404	-1368
9.70684695244	543
9.71372795105	-1420
9.71375584602	-1420
9.71381783485	-1420
9.7138209343	-1212
9.71386694908	-1420
9.7138698101	-1316
9.71412277222	543
9.71919178963	-1368
9.733522892	-1420
9.73358893394	-1316
9.73551893234	-1368
9.76263284683	-1368
9.7693669796	-1368
9.801404953	543
9.80184483528	1460
9.80190086365	625
9.80237984657	543
9.80264592171	543
9.8028948307	-1368
9.83703899384	-1368
9.852673769	-1287
9.85315084457	1460
9.85321497917	625
9.88198184967	-1368
9.90331697464	-1420
9.90337395668	-1420
9.90337777138	-1264
9.91588187218	-1368
9.93359494209	1057
9.93400382996	543
9.93454885483	543
9.93479084969	543
9.93519496918	543
9.95150279999	543
9.96379590034	543
9.96409893036	543
9.96451187134	543
9.96474480629	543
9.9651157856	543
9.96532797813	543
9.96571779251	543
9.96592783928	543
10.0066709518	-559
10.0112099648	543
10.0352678299	-1368
10.0400078297	-1420
10.040060997	-1420
10.040063858	-1264
10.0418968201	1057
10.0437269211	-1420
10.0437328815	-1420
10.04377985	-1264
10.0473799706	-1420
10.0474369526	-1420
10.0474398136	-1264
10.0498538017	-1420
10.0498588085	-1420
10.0498998165	-1264
10.0667848587	-1420
10.0668449402	-1420
10.0668489933	-1264
10.0669977665	543
10.1341388226	-1368
10.1343009472	543
10.1395227909	-1368
10.1459717751	543
10.173391819	-1368
10.1885428429	-1345
10.1905748844	543
10.1916267872	543
10.207130909	-1368
10.2138109207	1057
10.2335448265	-1420
10.2335708141	-1316
10.2360367775	-1420
10.2360539436	-1316
10.2365658283	1460
10.2366178036	111
10.2393379211	-1420
10.2393438816	-1420
10.2394018173	-1264
10.2415258884	-1368
10.2417178154	-1368
10.2454009056	543
10.2520008087	-1420
10.2520167828	-1316
10.2527079582	543
10.2541019917	1057
10.2542908192	1057
10.2751708031	543
10.2758469582	543
10.277687788	-1420
10.2776939869	-1420
10.277725935	-1264
10.2839808464	543
10.2842009068	543
10.3117859364	-1420
10.3118019104	-1420
10.3118669987	-1264
10.3153548241	543
10.3180267811	543
10.3603777885	-599
10.362787962	543
10.3649659157	543
10.4792897701	-1420
10.4793078899	-1420
10.4793748856	-1264
10.4827058315	543
10.4828488827	-1420
10.4828538895	-1316
10.485188961	-1420
10.4851939678	-1420
10.4852368832	-1264
10.4888439178	-1420
10.488888979	-1420
10.48889184	-1264
10.4916329384	-1368
10.491863966	-1420
10.4919178486	-1316
10.493200779	-1420
10.4932329655	-1316
10.5136418343	-1163
10.5138299465	543
10.5145249367	543
10.5149619579	1057
10.5312838554	-1368
10.5367088318	-1420
10.5367708206	-1420
10.5367739201	-1264
10.5369257927	543
10.563256979	543
10.5635249615	586
10.5635728836	543
10.5798487663	-1368
10.5911979675	-1368
10.5933508873	-1368
10.5934488773	-1368
10.595856905	-1368
10.5958678722	-1420
10.5959098339	-1316
10.6009669304	-1368
10.605301857	-1368
10.6141119003	-1420
10.6141769886	-1316
10.6176419258	-1420
10.6176848412	-1316
10.6199698448	-1420
10.6200218201	-1316
10.6200258732	-1368
10.6248288155	-1420
10.6248347759	-1420
10.6248788834	-1264
10.6340968609	543
10.6399269104	-1420
10.6399347782	-1420
10.6399829388	-1264
10.6405489445	543
10.643693924	-1420
10.6436989307	-1420
10.6437308788	-1264
10.6479427814	-1420
10.6479837894	-1420
10.6479868889	-1264
10.6502478123	-1420
10.6502528191	-1420
10.6503047943	-1264
10.6503069401	-1368
10.6512517929	543
10.6542849541	-1420
10.6542899609	-1316
10.6607408524	-1420
10.6607477665	-1316
10.6660089493	-1420
10.6660139561	-1316
10.6660928726	-1368
10.6661689281	543
10.6666669846	-990
10.6670417786	-1420
10.6671049595	-1420
10.6671068668	-1264
10.6695759296	-1368
10.673208952	543
10.6735029221	-1420
10.6735079288	-1316
10.67720294	-1420
10.6772079468	-1420
10.6772480011	-1264
10.6809859276	-1420
10.6810278893	-1420
10.6810309887	-1264
10.6835298538	-1420
10.6835339069	-1420
10.6835718155	-1264
10.6875369549	543
10.6892948151	-1420
10.6892998219	-1420
10.6893398762	-1264
10.6921498775	-1420
10.6921918392	-1316
10.695650816	-1420
10.695704937	-1316
10.6987957954	-1420
10.6988508701	-1316
10.6988539696	-1368
10.7018258572	-1420
10.7018458843	-1420
10.7019138336	-1264
10.7019169331	-1368
10.7246038914	-1368
10.7246899605	-1368
10.7319638729	-1420
10.7319738865	-1420
10.7320239544	-1264
10.7320268154	-1420
10.7320818901	-1420
10.7320849895	-1264
10.7655069828	-1368
10.7656629086	1057
10.7660038471	1057
10.7682788372	-1420
10.7682847977	-1316
10.7683589458	-1368
10.776050806	-1420
10.7760968208	-1420
10.7760999203	-1264
10.7797927856	-1420
10.7797958851	-1420
10.7798349857	-1264
10.7859139442	-1420
10.7859578133	-1420
10.7859609127	-1264
10.7897078991	-1420
10.7897129059	-1316
10.7938628197	-1420
10.7938687801	-1420
10.7939109802	-1264
10.8012769222	-1420
10.8013648987	-1316
10.801366806	-1420
10.801404953	-1420
10.8014068604	-1264
10.8014497757	-1420
10.8014519215	-1316
10.8016228676	543
10.8179228306	-1420
10.8179349899	-1420
10.8179957867	-1264
10.818748951	543
10.8190028667	543
10.8196928501	-482
10.8223938942	-1368
10.8225769997	-1420
10.8225808144	-1316
10.8474159241	-1420
10.8474318981	-1420
10.8474948406	-1264
10.8743407726	543
10.8746907711	543
10.8749828339	543
10.8752567768	543
10.8755598068	543
10.8758199215	543
10.8760688305	543
10.8762857914	543
10.9250178337	-1368
10.9401569366	-1368
10.9505019188	-1368
10.963342905	543
10.9728767872	-886
10.9837179184	543
10.9871897697	1460
10.9872508049	111
10.9971289635	1460
10.9972159863	111
11.0101008415	543
11.0150578022	1460
11.0174129009	111
11.0334448814	1460
11.0335488319	111
11.0383048058	1057
11.0384979248	-1420
11.0385038853	-1316
11.0696117878	543
11.0725598335	-1368
11.1260647774	-95
11.1341018677	543
11.1458208561	-1420
11.1458358765	-1420
11.1458888054	-1420
11.1458919048	-1212
11.149630785	-1368
11.1831848621	-1420
11.1832528114	-1420
11.1832568645	-1264
11.2060809135	-1368
11.2172188759	-1420
11.217263937	-1316
11.2175059319	543
11.2214479446	543
11.2237048149	1057
11.2240688801	543
11.2530229092	-1420
11.2530357838	-1420
11.2530999184	-1264
11.2532999516	543
11.2558419704	543
11.2593917847	-1420
11.2593958378	-1420
11.2594377995	-1264
11.2630198002	-1420
11.2630758286	-1420
11.263078928	-1264
11.265365839	-1420
11.2653708458	-1420
11.2654128075	-1264
11.2690649033	-1420
11.2691488266	-1316
11.269151926	-1420
11.2691898346	-1420
11.2691919804	-1420
11.2692258358	-1212
11.2784018517	-1368
11.2792468071	-892
11.2796039581	-1420
11.2796499729	-1316
11.2818918228	-1420
11.2819387913	-1316
11.2820079327	543
11.2854909897	-1420
11.2854959965	-1316
11.285615921	543
11.289388895	-1420
11.2893939018	-1316
11.2894439697	-1368
11.2903358936	-1420
11.2903699875	-1316
11.2903728485	-1368
11.2961478233	-1420
11.2961528301	-1420
11.2961947918	-1264
11.2971987724	-1368
11.29733181	-1420
11.2973339558	-1316
11.3069589138	-1368
11.3076179028	-1368
11.3102769852	-1368
11.3186049461	-1420
11.3186497688	-1420
11.3186528683	-1264
11.3186948299	-1368
11.3243927956	-1368
11.3640677929	-1420
11.3640758991	-1420
11.3641197681	-1264
11.3970189095	-1368
11.4110717773	-1420
11.4110779762	-1420
11.4111278057	-1264
11.4138147831	543
11.4140338898	1460
11.4140799046	1139
11.4142518044	543
11.4249129295	-1420
11.42491889	-1420
11.4249649048	-1264
11.4322648048	-54
11.4419369698	-1420
11.4419419765	-1420
11.441991806	-1264
11.4787278175	-1368
11.4789259434	543
11.5277469158	-1420
11.5277638435	-1316
11.5310339928	-1420
11.5310389996	-1316
11.5333209038	-1420
11.5333259106	-1420
11.5333688259	-1264
11.5334479809	543
11.5369958878	-1420
11.5370008945	-1420
11.5370428562	-1264
11.5411479473	-1420
11.5411918163	-1316
11.543517828	-1420
11.5435419083	-1420
11.5435447693	-1264
11.547205925	-1420
11.5472109318	-1420
11.5472528934	-1264
11.5473208427	543
11.5511658192	-1420
11.5511717796	-1316
11.5512528419	-1420
11.5512559414	-1316
11.5553798676	-1420
11.5553848743	-1420
11.555426836	-1264
11.5596129894	-1420
11.5596559048	-1420
11.5596587658	-1264
11.562032938	-1420
11.5620379448	-1420
11.5620818138	-1264
11.5631468296	-1420
11.5631799698	-1316
11.5667598248	-1420
11.5668039322	-1316
11.5710999966	-1420
11.5711669922	-1420
11.5711698532	-1264
11.5712068081	-1420
11.5712099075	-1316
11.5744888783	-1368
11.5745718479	543
11.5786299706	-1420
11.578635931	-1420
11.5786778927	-1264
11.5786798	-1368
11.5788288116	-1368
11.5788707733	543
11.5855448246	-1151
11.5859727859	-1420
11.5860188007	-1420
11.5860209465	-1264
11.5862898827	-1420
11.5862939358	-1420
11.5863358974	-1264
11.5905759335	-1420
11.5906198025	-1420
11.5906229019	-1264
11.592569828	-1368
11.6944959164	-1368
11.6955637932	-1420
11.6956157684	-1316
11.697603941	-1368
11.6993219852	-1420
11.699326992	-1420
11.6993789673	-1264
11.7287089825	-1368
11.7310447693	-1420
11.7311098576	-1316
11.7330780029	-1420
11.7331497669	-1420
11.73315382	-1264
11.7375087738	-1420
11.7375149727	-1420
11.7375559807	-1264
11.7387719154	-1166
11.7423939705	-1368
11.7448248863	-1420
11.7448318005	-1316
11.7449419498	543
11.7484929562	-1420
11.7485017776	-1316
11.7485888004	-1368
11.7512629032	-1368
11.7513468266	-1420
11.751349926	-1316
11.7566947937	-1420
11.756706953	-1316
11.7572779655	-1368
11.7595207691	543
11.7608299255	-1368
11.7657687664	-1368
11.7658078671	-1420
11.7658109665	-1420
11.7658288479	-1264
11.7695839405	-1420
11.7696318626	-1316
11.8033947945	-1368
11.8034579754	-1368
11.8918499947	-151
12.7169017792	-543
12.7301068306	-1368
12.7640697956	-1368
12.8701438904	-1065
13.2862408161	543
13.3332548141	1460
13.3333559036	1460
13.3334019184	1161
13.3335268497	603
13.3469829559	1460
13.3470788002	625
13.347427845	1057
13.3555037975	1057
13.3691380024	-543
13.3709368706	1460
13.3709847927	1460
13.371036768	1161
13.3711378574	1460
13.371201992	1460
13.3712458611	1161
13.3757867813	1460
13.375854969	1460
13.3758897781	313
13.3779227734	543
13.5223989487	-1086
13.5829339027	-1420
13.583001852	-1316
13.5992667675	-1368
13.6028208733	-1420
13.6028649807	-1420
13.6028687954	-1264
13.6035978794	543
13.6064319611	-1420
13.6064388752	-1420
13.6064889431	-1264
13.6168539524	-1420
13.6169219017	-1420
13.6169259548	-1264
13.6341938972	-1420
13.6342067719	-1420
13.6342699528	-1264
13.6370608807	-1420
13.6371028423	-1420
13.6371059418	-1264
13.6419408321	1057
13.6422507763	1460
13.6422967911	111
13.6934988499	1460
13.6935799122	625
13.6939668655	1460
13.6940197945	111
13.6947588921	543
13.6950159073	543
13.7288579941	-1368
13.7290117741	-1368
13.7361049652	-1420
13.7361187935	-1420
13.7361738682	-1420
13.7361769676	-1212
13.7461619377	543
13.7464179993	1057
13.7524387836	-1420
13.7524437904	-1316
13.7559559345	-1420
13.7559747696	-1420
13.7560420036	-1420
13.7560539246	-1212
13.7560927868	-1420
13.7560949326	-1316
13.7596018314	-1420
13.7596077919	-1316
13.759750843	-1420
13.7597548962	-1420
13.7597849369	-1264
13.7597877979	-1368
13.7598888874	1057
13.769961834	-1420
13.7699718475	-1420
13.7700219154	-1264
13.7700238228	-1368
13.770059824	-1420
13.7700619698	-1316
13.7702689171	543
13.7875118256	-1420
13.7875208855	-1420
13.7875778675	-1420
13.7875797749	-1212
13.7876169682	-1420
13.7876198292	-1316
13.7901017666	-1420
13.7901058197	-1420
13.7901349068	-1420
13.7901368141	-1212
13.7901959419	-1420
13.7901988029	-1316
13.8260569572	543
13.8264029026	543
13.8266749382	543
13.8269019127	543
13.8825509548	-1420
13.8825688362	-1420
13.882627964	-1420
13.882630825	-1212
13.8893368244	-1420
13.8893477917	-1420
13.88940382	-1264
13.8894059658	-1420
13.8894429207	-1420
13.8894457817	-1420
13.8894879818	-1212
13.8894898891	-1368
13.8938798904	543
13.9056928158	-1420
13.905703783	-1420
13.9057559967	-1264
13.9057588577	-1368
13.9090847969	-1420
13.9090998173	-1420
13.9091529846	-1420
13.909154892	-1420
13.9092259407	-1160
13.9092288017	-1420
13.909265995	-1420
13.9092679024	-1264
13.9093048573	-1420
13.9093079567	-1316
13.9094619751	-1420
13.9094648361	-1316
13.9127957821	-1420
13.912801981	-1316
13.9128298759	-1420
13.9128317833	-1420
13.9128599167	-1264
13.9129898548	-1420
13.9130280018	-771
13.913173914	-1368
13.917473793	-1420
13.9174818993	-1316
13.9247508049	-1420
13.9247579575	-1420
13.9248027802	-1264
13.9263839722	543
13.9286739826	543
13.9310419559	543
13.9367249012	-1420
13.9367289543	-1316
13.9368469715	543
13.9371140003	1057
13.9373297691	-1368
13.9381108284	1057
13.9389929771	-1420
13.9389979839	-1316
13.9414658546	-1420
13.9414699078	-1316
13.9513249397	-1420
13.9513309002	-1420
13.9513819218	-1264
13.9557027817	543
13.9582428932	543
13.9797668457	543
13.982036829	-1420
13.9820418358	-1420
13.9820859432	-1264
13.982229948	1057
13.9866669178	-1420
13.9866709709	-1420
13.9867019653	-1264
13.9890837669	-1420
13.989125967	-1420
13.989128828	-1264
13.989248991	543
13.9917809963	-1368
13.9942958355	-1420
13.9943459034	-1420
13.9943490028	-1264
13.9966509342	-1420
13.996655941	-1316
13.9996199608	543
13.9998819828	543
14.0002319813	1057
14.0035398006	543
14.0041468143	543
14.004336834	543
14.0206589699	-1420
14.0206677914	-1316
14.0396258831	543
14.0561769009	1460
14.0562708378	1460
14.0563089848	1161
14.0564389229	89
14.0586497784	-1368
14.0660037994	-191
14.1358618736	-1420
14.1358788013	-1420
14.1359329224	-1264
14.1818490028	-1368
14.1925017834	-1368
14.1972899437	543
14.1980628967	543
14.198319912	543
14.2157688141	-1420
14.2157828808	-1420
14.2158379555	-1264
14.2191488743	-712
14.2344658375	-1368
14.243560791	-1368
14.2499239445	-1420
14.2499377728	-1316
14.2651538849	543
14.265652895	-1368
14.2680728436	-1368
14.2719187737	-1420
14.2719237804	-1420
14.2719688416	-1264
14.2758967876	-1420
14.2759389877	-1420
14.2759428024	-1264
14.2761049271	1460
14.2761509418	111
14.2765598297	1057
14.277025938	543
14.2772798538	543
14.2794017792	-1420
14.279406786	-1420
14.2794489861	-1264
14.2830398083	-1420
14.2831017971	-1420
14.2831048965	-1264
14.283536911	543
14.2839567661	-1420
14.283962965	-1420
14.284003973	-1264
14.2860357761	-1420
14.286082983	-1420
14.286085844	-1264
14.2861888409	543
14.2955319881	-1368
14.2979269028	-1420
14.2979609966	-1316
14.3017168045	-1420
14.3017678261	-1316
14.3017709255	-1368
14.307379961	-1368
14.307559967	-1420
14.3075997829	-1420
14.3076028824	-1264
14.3532438278	543
14.3564889431	543
14.3635728359	1057
14.3642549515	543
14.364484787	543
14.3876779079	-1248
14.4145839214	-1420
14.4146537781	-1420
14.4146578312	-1264
14.4157059193	-1368
14.4174749851	-1368
14.4185137749	-1368
14.4198889732	-1420
14.419934988	-1316
14.4224278927	-1368
14.4260318279	-1420
14.4260368347	-1316
14.4449207783	-1420
14.4449329376	-1420
14.4449839592	-1264
14.4471998215	-1368
14.5070939064	1460
14.507185936	111
14.5295248032	-1368
14.5525548458	-1368
14.5678009987	-1113
14.5679018497	543
14.5879669189	-1420
14.5879788399	-1316
14.5880339146	-1368
14.592320919	-1368
14.6029708385	543
14.6101469994	-1420
14.6101589203	-1420
14.6101958752	-1264
14.6105458736	543
14.6109449863	543
14.6135008335	-1420
14.613506794	-1420
14.6135299206	-1264
14.6176578999	-1368
14.6180398464	-1420
14.6180448532	-1316
14.6213178635	-1420
14.6213228703	-1420
14.6213829517	-1420
14.6213858128	-1212
14.6238188744	-1420
14.6238229275	-1316
14.6260669231	-1420
14.6260709763	-1420
14.6261088848	-1264
14.6333289146	543
14.641933918	-1420
14.6419439316	-1420
14.6420018673	-1264
14.6447358131	-1420
14.6447827816	-1420
14.644785881	-1264
14.6532478333	-1420
14.6532537937	-1420
14.6533010006	-1264
14.6568048	-1368
14.6936309338	-1368
14.720733881	-415
14.7676179409	-1368
14.7682828903	1057
14.780356884	543
14.8434348106	1057
14.8686439991	-1368
14.8883788586	-1368
14.8920679092	-1420
14.892072916	-1420
14.8921129704	-1264
14.8956539631	-1420
14.8957049847	-1420
14.8957078457	-1264
14.897936821	-1420
14.8979408741	-1420
14.8979828358	-1264
14.8995149136	543
14.9003717899	-1420
14.9003789425	-1316
14.900510788	543
14.9045319557	-1420
14.9045388699	-1316
14.9085738659	-1420
14.9085838795	-1420
14.9086358547	-1264
14.9121358395	-1368
14.9122488499	-1368
14.9125039577	-1368
14.9151599407	-1420
14.9151639938	-1420
14.9152059555	-1264
14.9188029766	-1420
14.918836832	-1316
14.919798851	-1420
14.9198548794	-1420
14.9198579788	-1420
14.919896841	-1212
14.9205088615	-9
14.9260389805	-1420
14.9260628223	-1420
14.926104784	-1264
14.9283778667	-1368
14.9323079586	-1420
14.9323267937	-1420
14.9323818684	-1264
14.9323849678	-1420
14.9324197769	-1420
14.9324228764	-1264
14.9397218227	-1420
14.9397368431	-1420
14.939786911	-1420
14.9397888184	-1212
14.9398059845	-1420
14.9398078918	-1316
14.9406909943	543
14.9433569908	-1368
14.947136879	-1420
14.9472019672	-1316
14.9478869438	543
14.9500157833	-1420
14.9500219822	-1420
14.950067997	-1264
14.9544417858	-1420
14.9545099735	-1420
14.9545128345	-1264
14.957919836	-1420
14.9579308033	-1420
14.9579758644	-1420
14.9579777718	-1212
14.9633719921	-1368
14.9634449482	-1420
14.9635298252	-1316
14.9643228054	543
14.9671099186	-1420
14.9671158791	-1420
14.9671709538	-1264
14.9710388184	-1420
14.9710969925	-1420
14.9710998535	-1264
14.9712519646	543
14.9747369289	-1420
14.9747428894	-1316
14.9897527695	-1420
14.9897668362	-1420
14.9898319244	-1264
14.9924528599	-1420
14.9924809933	-1316
14.9947319031	-1420
14.9947769642	-1420
14.994781971	-1264
14.99584198	-1420
14.9958469868	-1420
14.9958918095	-1264
15.0035438538	1460
15.003595829	111
15.0042049885	-1420
15.0042109489	-1420
15.0042858124	-1264
15.0042879581	-1420
15.0043399334	-1420
15.0043418407	-1264
15.0102639198	-1420
15.0102689266	-1420
15.0103099346	-1264
15.0115017891	1057
15.0297739506	-1368
15.0752837658	-1368
15.0789659023	-901
15.0802099705	-1420
15.0802149773	-1316
15.0825438499	-1368
15.0826449394	-1420
15.0826659203	-1420
15.0826687813	-1420
15.0826938152	-1212
15.0827479362	-1368
15.0864238739	-1420
15.0864319801	-1420
15.0864839554	-1264
15.087127924	-1368
15.0901138783	543
15.0921618938	-1420
15.0921678543	-1316
15.0947079659	-1420
15.0947258472	-1316
15.1102268696	1460
15.1103258133	625
15.1215457916	-1420
15.1215617657	-1316
15.1226058006	1460
15.1226718426	625
15.1227679253	1057
15.1559360027	-1368
15.1936299801	543
15.2140049934	-1368
15.2320590019	-404
15.2671518326	-1368
15.3123807907	-543
15.3226628304	-1368
15.3443789482	-1420
15.3444588184	-1316
15.3638329506	1057
15.3850798607	-435
15.4170918465	-1420
15.4171609879	-1420
15.4171659946	-1264
15.4189169407	-1368
15.4218277931	-1368
15.4329099655	-1420
15.4329218864	-1420
15.432972908	-1264
15.433095932	543
15.4350409508	-1420
15.4350469112	-1316
15.4363069534	-1420
15.4363129139	-1316
15.4386689663	-1420
15.4386739731	-1316
15.4419548512	-406
15.4424948692	-1420
15.442499876	-1316
15.4445288181	-1420
15.4445338249	-1316
15.4445858002	-1368
15.4474849701	543
15.4487228394	-1420
15.4487287998	-1316
15.4512219429	-1420
15.4512269497	-1316
15.4524669647	-1420
15.4524719715	-1420
15.4525117874	-1264
15.4740347862	-1368
15.4784989357	-1368
15.5191969872	-1420
15.5192728043	-1420
15.5192778111	-1264
15.5381658077	-668
15.5489289761	-1368
15.7022678852	-1318
15.7573459148	543
15.7629828453	1057
15.7676599026	543
15.7763578892	543
15.7766587734	543
15.8272697926	1057
15.8538389206	543
15.8788747787	-1420
15.8788897991	-1316
15.894892931	-949
15.8953249454	543
15.8965959549	543
15.8968369961	543
15.9251828194	-543
15.944455862	543
16.0136008263	543
16.013864994	543
16.0141639709	543
16.0143959522	543
16.0147118568	543
16.0152239799	543
16.0154259205	543
16.0700259209	-543
16.078745842	-543
16.1322438717	-1420
16.1322889328	-1316
16.1783559322	1057
16.1790189743	543
16.1792838573	543
16.1996769905	-949
16.2187469006	-1368
16.2200899124	543
16.2415728569	543
16.2520868778	-1368
16.2524058819	543
16.2715687752	-261
16.2838149071	1057
16.3055508137	-1368
16.3091979027	-1420
16.3092207909	-1420
16.3092517853	-1264
16.3129689693	-1420
16.3130259514	-1420
16.3130288124	-1420
16.313076973	-1420
16.313079834	-1160
16.3152229786	-1368
16.3158159256	543
16.3245778084	-1420
16.3245968819	-1316
16.3293809891	-746
16.3395988941	-1420
16.339610815	-1420
16.3396658897	-1264
16.3532559872	543
16.3547189236	1057
16.3725869656	-1420
16.3725938797	-1420
16.3726398945	-1264
16.3794028759	-1368
16.3908529282	-1420
16.3908598423	-1420
16.390914917	-1264
16.3938968182	543
16.3952488899	-1420
16.3952569962	-1420
16.395305872	-1264
16.3985939026	-1420
16.3986508846	-1420
16.3986549377	-1264
16.3996248245	-1420
16.3996379375	-1420
16.3996798992	-1420
16.3996818066	-1212
16.3997910023	543
16.4012629986	543
16.4075658321	-1420
16.4075758457	-1420
16.4076237679	-1264
16.4092378616	1460
16.4092929363	1139
16.409943819	543
16.4101758003	543
16.4105398655	543
16.4108479023	1460
16.4109039307	111
16.411498785	543
16.4210848808	-1368
16.4247179031	-510
16.4372289181	543
16.445089817	543
16.4565467834	-1420
16.4565517902	-1316
16.4591348171	-543
16.474973917	-1368
16.4992728233	-1420
16.4993457794	-1316
16.4993507862	-1368
16.5038638115	543
16.5043628216	543
16.508756876	-1368
16.5092258453	543
16.5095069408	543
16.5254478455	-1420
16.5254569054	-1316
16.5329778194	-1420
16.5329828262	-1316
16.5468628407	-1420
16.5468859673	-1420
16.5469238758	-1264
16.5481607914	543
16.5576918125	-1368
16.565174818	543
16.5749797821	1460
16.5750749111	111
16.578070879	-989
16.5879728794	-1368
16.6031749249	543
16.6101369858	-1289
16.6235527992	1057
16.633191824	1460
16.6332509518	625
16.6631679535	-1368
16.6639637947	543
16.6645138264	1057
16.683950901	1460
16.6840419769	1139
16.6892998219	543
16.6916589737	-1368
16.7255949974	-1368
16.7263588905	543
16.7268459797	1057
16.7303807735	-1420
16.7303879261	-1316
16.7311308384	-617
16.7345547676	-1420
16.734607935	-1316
16.7383329868	-1368
16.7384049892	-1420
16.7384078503	-1316
16.7397539616	-1086
16.7418718338	-1420
16.7418777943	-1420
16.7419228554	-1264
16.7473239899	-1420
16.7474358082	-1420
16.7474389076	-1264
16.7474827766	-1420
16.7474849224	-1420
16.7475199699	-1264
16.7475237846	-1368
16.7477908134	543
16.750084877	-1368
16.7594048977	-1368
16.7839398384	1057
16.7911128998	-1368
16.7934057713	-1368
16.793596983	-1420
16.7936007977	-1316
16.7995438576	-1420
16.7995488644	-1420
16.7995889187	-1264
16.8156859875	-1420
16.8157598972	-1420
16.815764904	-1264
16.8273289204	-1420
16.8273379803	-1316
16.8612108231	-1368
16.861358881	543
16.8644537926	543
16.8801939487	-1420
16.8802099228	-1316
16.8807148933	1057
16.8839468956	-1368
16.8840718269	-1420
16.8841199875	-1316
16.8842067719	-1306
16.8843109608	543
16.8852159977	-1420
16.8852207661	-1316
16.8887848854	-1420
16.8887898922	-1316
16.8900618553	-1420
16.8900659084	-1316
16.8901069164	-1368
16.8948159218	-1420
16.8948659897	-1316
16.9288408756	-1420
16.9289088249	-1420
16.928912878	-1264
16.9544627666	-1368
16.9551999569	543
16.9557418823	1057
16.9580068588	-1420
16.958013773	-1316
16.9615879059	-1420
16.9615938663	-1420
16.9616389275	-1264
16.9617209435	543
16.9653348923	-1420
16.9653418064	-1420
16.965405941	-1420
16.9654078484	-1212
16.9654607773	-1420
16.965462923	-1316
16.9689188004	-1368
16.9724099636	-1420
16.9724547863	-1316
16.9754149914	-1420
16.9754707813	-1420
16.9754738808	-1420
16.9755117893	-1212
16.9791088104	-1420
16.9791328907	-1420
16.9791448116	-1420
16.9791619778	-1420
16.9791638851	-1160
16.9792239666	-1368
16.9799509048	543
16.9800798893	543
16.9863848686	-1420
16.9863908291	-1420
16.9864358902	-1264
16.9878618717	-1420
16.9879088402	-1420
16.9879119396	-1264
16.9891149998	-1420
16.9891197681	-1316
16.9921858311	-543
17.0039229393	543
17.0044748783	1057
17.0067799091	-1368
17.0376219749	-940
17.0416209698	-1420
17.0416328907	-1420
17.0416858196	-1264
17.0692827702	-1420
17.0693478584	-1316
17.0992658138	543
17.1006038189	-1368
17.1092817783	543
17.121860981	-543
17.1344687939	-1368
17.1423668861	-1420
17.142444849	-1316
17.1459019184	-1420
17.1459639072	-1420
17.1459667683	-1420
17.1460027695	-1212
17.1498718262	-1420
17.1499137878	-1420
17.1499159336	-1264
17.1518387794	-1420
17.1518449783	-1420
17.1518888474	-1264
17.1557958126	-1420
17.1558418274	-1316
17.1584379673	-1420
17.1584858894	-1420
17.1584877968	-1264
17.1594779491	543
17.1620059013	-1420
17.1620118618	-1420
17.1620547771	-1264
17.1621239185	543
17.1656498909	-1420
17.1656548977	-1420
17.1656968594	-1264
17.1705069542	-1420
17.17055583	-1420
17.1705589294	-1264
17.1739108562	-1420
17.1739149094	-1316
17.174052	-1368
17.1764929295	-1420
17.1765198708	-1316
17.1795008183	-1420
17.1795427799	-1316
17.1796498299	543
17.1832478046	-1420
17.1832540035	-1420
17.1833069324	-1264
17.1858959198	-1420
17.1859419346	-1420
17.1859447956	-1264
17.186950922	-1420
17.1869549751	-1420
17.1869819164	-1264
17.1884858608	543
17.1908359528	-1420
17.1908419132	-71
17.1945269108	-1420
17.1945338249	-1316
17.1982119083	-1368
17.1983299255	-1420
17.1983628273	-1316
17.2007169724	-1368
17.2008638382	-1420
17.2008669376	-1316
17.2045609951	-1420
17.2045679092	-1420
17.2046148777	-1420
17.2046179771	-1212
17.2047638893	543
17.2054347992	-1420
17.2054448128	-1316
17.2129669189	-1420
17.2129778862	-1420
17.213023901	-1264
17.2131729126	543
17.2178189754	-1368
17.2179529667	-1420
17.218023777	-1420
17.2180268764	-1420
17.2180728912	-1212
17.2180759907	-1420
17.2181098461	-1316
17.224039793	-1420
17.2240869999	-1420
17.2240898609	-1264
17.2276787758	-1420
17.227686882	-1420
17.2277309895	-1264
17.2326579094	-1368
17.2330739498	543
17.2363097668	-1368
17.2364759445	-1420
17.2365219593	-1316
17.2375149727	-1420
17.2375619411	-1420
17.2375638485	-1264
17.2399449348	-1420
17.239951849	-1316
17.2457339764	-1420
17.2457499504	-1420
17.2458078861	-1264
17.2498438358	-1420
17.2498998642	-1420
17.2499039173	-1264
17.2530608177	-1420
17.2530667782	-1420
17.2531208992	-1264
17.2579169273	-1420
17.257972002	-1316
17.2579748631	-1368
17.2580969334	543
17.2615189552	-1420
17.261523962	-1420
17.2615687847	-1264
17.2616457939	543
17.2655329704	-1420
17.2655408382	-1316
17.2655789852	-1420
17.2655808926	-1316
17.2657048702	-1420
17.2657079697	-1316
17.2664868832	-1368
17.270416975	-1368
17.2704589367	-1420
17.2704617977	-1316
17.2705898285	-1368
17.2735369205	-1368
17.2838327885	1057
17.2879559994	-1368
17.3221549988	-1368
17.3251008987	543
17.3442080021	-606
17.3766698837	-1420
17.376737833	-1316
17.4555408955	-1368
17.4972629547	-124
17.618917942	-1368
17.6453177929	-1420
17.6453299522	-1420
17.6453938484	-1264
17.6502869129	-356
17.6504278183	543
17.651267767	-1420
17.6512739658	-1420
17.6513259411	-1264
17.6550559998	-1420
17.6551029682	-1420
17.6551058292	-1264
17.6551659107	-1420
17.6551687717	-1420
17.6552069187	-1264
17.6627309322	-1420
17.6627788544	-1420
17.6627819538	-1264
17.6665427685	-1420
17.6665477753	-1420
17.6665928364	-1264
17.6689369678	-1420
17.6689829826	-1420
17.6689858437	-1420
17.6690227985	-1212
17.6691038609	543
17.6692688465	543
17.679022789	-1368
17.8037538528	-317
17.8732149601	543
18.160807848	1460
18.1609199047	1460
18.160959959	1161
18.1610388756	603
18.2262849808	1057
18.2269628048	1460
18.2270209789	625
18.231197834	543
18.2551908493	-543
18.4239518642	1460
18.4240448475	1139
18.4581828117	-1420
18.4582588673	-491
18.4582979679	-1368
18.4652988911	-1420
18.4653577805	-1420
18.4653949738	-1264
18.478579998	-1420
18.4786479473	-1420
18.4786858559	-1264
18.4788708687	543
18.4921309948	-1420
18.4921457767	-1420
18.4922049046	-1264
18.4922077656	-1420
18.4922428131	-1420
18.4922459126	-1264
18.4953358173	-1420
18.4953417778	-1420
18.4954078197	-1264
18.4954109192	-1368
18.49909091	-1420
18.4990978241	-1420
18.4991409779	-1264
18.4992978573	-1368
18.4996819496	543
18.521378994	-1368
18.521930933	1057
18.5330889225	-1368
18.6115679741	-1216
18.6438748837	-1420
18.6439008713	-1316
18.6467449665	-1368
18.653621912	543
18.6728098392	-1420
18.6728239059	-1420
18.6728789806	-1264
18.6806747913	-1420
18.6807198524	-1316
18.7646558285	-82
18.7666528225	543
18.7676508427	1460
18.7677178383	111
18.8351089954	1057
18.9092378616	1057
18.9213209152	-1086
18.921492815	543
18.9216229916	543
18.9291579723	543
19.0298719406	-1368
19.0364677906	1460
19.0365338326	111
19.0750579834	-261
19.1133179665	-1420
19.1133298874	-1420
19.1133699417	-1264
19.1236088276	543
19.1427099705	-1420
19.142734766	-1420
19.1427748203	-1264
19.1506829262	-1420
19.1507589817	-1420
19.1507718563	-1420
19.150826931	-1212
19.150829792	-1420
19.1509618759	-1420
19.1509649754	-1264
19.1510219574	-1368
19.1510248184	-1420
19.1511089802	-1316
19.1511108875	-1420
19.1511638165	-1420
19.1511669159	-1264
19.1512088776	-1420
19.1512107849	-1420
19.151255846	-1264
19.1512739658	-1420
19.1513187885	-1420
19.151321888	-1264
19.1516289711	543
19.1530439854	-1368
19.1829349995	-1420
19.182997942	-1420
19.1830019951	-1264
19.1840059757	-1420
19.1840097904	-1420
19.184057951	-1420
19.1840708256	-1212
19.1841068268	-1368
19.1852879524	-1420
19.1853590012	-1316
19.1853709221	-1420
19.185423851	-1316
19.1854598522	-1420
19.1854889393	-1316
19.1857159138	-1368
19.1858479977	-1420
19.1858508587	-1420
19.1859049797	-1420
19.1859078407	-1420
19.1859519482	-1160
19.1859548092	-1368
19.1859898567	-1368
19.1933338642	543
19.1935338974	543
19.2022688389	-1420
19.2022838593	-1420
19.2023408413	-1264
19.21073699	-1420
19.210796833	-1420
19.2108018398	-1264
19.2167887688	-1420
19.216812849	-1420
19.2168669701	-1420
19.2168698311	-1212
19.2177848816	543
19.2358548641	1057
19.2672858238	-2
19.3200907707	-1368
19.3201098442	-1420
19.3201618195	-1316
19.3234219551	-1420
19.3234279156	-1316
19.3235538006	-1368
19.3270788193	-1420
19.3271107674	-1420
19.3271138668	-1264
19.3277659416	543
19.3281869888	-1420
19.3281929493	-1420
19.328234911	-1264
19.3365108967	-1368
19.3502819538	-1420
19.3502957821	-1420
19.3503417969	-1264
19.4243218899	1057
19.4315707684	-1368
19.4596338272	-309
19.5051529408	-1368
19.5052998066	543
19.5058078766	543
19.5587189198	543
19.5588247776	543
19.6129469872	-1347
19.6338529587	543
19.6833748817	543
19.6840689182	543
19.6842899323	543
19.7661828995	-1086
19.8333418369	1057
19.8833618164	543
19.9591228962	-1086
19.9595217705	543
20.0848369598	-1368
20.1381158829	-261
20.1643979549	543
20.1826329231	1057
20.2500009537	-1368
20.2910938263	-261
20.314237833	-1368
20.4442048073	-775
20.4535498619	1460
20.4536209106	1460
20.4536669254	1161
20.4537699223	1460
20.4538068771	685
20.4542028904	543
20.4757089615	1057
20.4980149269	1057
20.5009598732	-1368
20.5030319691	543
20.5976948738	-746
20.635008812	543
20.7397158146	-1368
20.7508018017	-261
20.7518229485	-1368
20.7607548237	-1420
20.7608048916	-1420
20.7608089447	-1264
20.7929887772	-1420
20.7930037975	-1420
20.793050766	-1264
20.7983019352	543
20.8706519604	-1368
20.890819788	-1420
20.8908908367	-1420
20.8908967972	-1264
20.8917179108	1057
20.8996469975	543
20.9010848999	-1368
20.904239893	-1039
20.943199873	543
20.9468538761	543
21.046120882	-1420
21.0461468697	-1420
21.0462019444	-1264
21.0533738136	-1420
21.0534198284	-1420
21.0534489155	-1264
21.0570647717	-1420
21.0570688248	-1420
21.0571079254	-1264
21.0571188927	-1420
21.0571558475	-1420
21.0571579933	-1264
21.0573768616	-293
21.057587862	543
21.0798339844	-1420
21.079846859	-1420
21.0799019337	-1264
21.1337628365	-1420
21.1337809563	-1420
21.1338357925	-1264
21.1346709728	-1420
21.1346769333	-1420
21.1347007751	-1264
21.1389808655	543
21.1409738064	-1420
21.1409809589	-1420
21.141024828	-1264
21.1531898975	543
21.1637837887	-1420
21.1637988091	-1420
21.1638519764	-1264
21.2106728554	-446
21.2108979225	543
21.3162329197	-1368
21.316770792	1057
21.3522369862	-1420
21.3522539139	-1316
21.3600327969	-1368
21.3600559235	-1420
21.360093832	-1316
21.3637697697	-1247
21.3719828129	-1420
21.3719959259	-1420
21.3720479012	-1264
21.3861358166	-1368
21.4249198437	-1420
21.4249379635	-1420
21.4250028133	-1264
21.4272549152	-1420
21.4272999763	-1420
21.4273028374	-1264
21.4315888882	-1420
21.4315969944	-1420
21.4316458702	-1264
21.4351007938	-1420
21.4351449013	-1420
21.4351489544	-1264
21.4387288094	-1368
21.4388399124	-1420
21.4389247894	-1420
21.4389278889	-1264
21.43897295	-1368
21.438975811	-1368
21.4392259121	543
21.4540519714	-1368
21.4643127918	1057
21.5169489384	-470
21.7339198589	-543
21.7387948036	543
21.8282978535	543
21.8459179401	543
22.0280108452	-543
22.120595932	-1368
22.1546897888	-1368
22.1959939003	-1368
22.2000529766	543
22.2008957863	543
22.2011568546	543
22.2208898067	-1210
22.3833889961	543
22.4645869732	543
22.4648518562	543
22.4731647968	543
22.4739120007	543
22.500469923	-543
22.6439518929	-1368
22.6537668705	-1289
22.6853787899	1057
22.8069088459	-1086
22.8138167858	1057
22.9460468292	1460
22.9461319447	111
22.9535648823	543
22.9633569717	1460
22.963449955	111
23.1273329258	-543
23.2362818718	-1420
23.2363529205	-1420
23.2363908291	-1264
23.2424578667	-1420
23.2425239086	-1420
23.2425677776	-1264
23.2701478004	-1420
23.2702138424	-1420
23.2702579498	-1264
23.2704269886	543
23.2803299427	-227
23.287981987	-1420
23.2880477905	-1316
23.3039059639	-1420
23.3040008545	-1316
23.305524826	543
23.3082249165	-1420
23.3082449436	-1420
23.3082938194	-1264
23.3082969189	-1368
23.3091878891	543
23.3244738579	-1368
23.3248338699	543
23.342209816	-1420
23.3422198296	-1420
23.3422789574	-1264
23.343764782	-1420
23.3438129425	-1420
23.3438158035	-1264
23.4411158562	-960
23.6599829197	-543
23.8624517918	-543
23.8965129852	-1368
24.0497219563	-1260
24.0508759022	543
24.3610208035	-543
24.3657588959	543
24.6578779221	-543
