0	543
0.201059103012	-543
2.02256393433	1057
2.60870409012	-543
2.67142009735	-1368
2.6714849472	-1368
2.67166399956	-1368
2.71309900284	-1368
2.72161507607	-327
2.72344207764	543
2.72419214249	543
2.85140395164	-543
3.2188410759	-543
3.38423204422	-543
3.39531898499	543
4.45116400719	-543
4.45285511017	-1368
4.45314502716	-1368
4.45650601387	-1368
4.45691204071	-1368
4.5414249897	-1368
4.54357910156	-1368
4.54373192787	543
4.54403400421	-1420
4.544039011	-1316
4.54861497879	-1368
4.57669091225	-1368
4.57676005363	-1368
4.57683610916	-1368
4.57722306252	-1420
4.57723593712	-1414
4.5773229599	543
4.62238907814	1057
4.62495708466	1057
4.63114404678	1057
4.6333220005	1057
4.64372491837	1057
4.65156292915	1057
4.65483307838	543
4.65660810471	1057
5.0516500473	-543
5.07118606567	-1368
5.07124495506	-1368
5.07147407532	-1368
5.08569502831	-1368
5.08588695526	-1368
5.09147596359	-1368
5.10024595261	-1420
5.10029792786	-1316
5.10258603096	543
5.10362100601	543
5.14900803566	-1368
5.1834321022	-1368
5.18349194527	-1368
5.18368196487	-1368
5.18386101723	-1368
5.18405294418	-1368
5.18417906761	-1368
5.18624711037	543
5.25480508804	-1368
5.25493907928	-1368
5.2550201416	-1368
5.25521802902	-1368
5.25535106659	-1368
5.25552201271	-1368
5.25567412376	-1368
5.25804591179	543
5.26008009911	1460
5.26012897491	111
5.35711097717	-1368
5.35732603073	-1368
5.35738611221	-1368
5.35753512383	-1368
5.35773611069	-1368
5.35790610313	-1368
5.35805392265	-1368
5.35812592506	-1368
5.35827207565	-1368
5.35843014717	-1420
5.35846209526	-160
5.36625504494	1057
5.36649513245	543
5.36740493774	-1368
5.36749410629	-1368
5.36793112755	-1420
5.36794495583	-1316
5.3679869175	-1368
5.36808013916	-1368
5.37135410309	543
5.371530056	543
5.39792299271	543
5.39989995956	543
5.40876793861	543
5.41033601761	543
5.41088199615	543
5.41109800339	543
5.47073411942	-675
5.47534108162	543
5.47589111328	543
5.47616195679	543
5.58226394653	-1368
5.58228993416	-1368
5.58248806	-1368
5.5826420784	-1368
5.58282804489	-1368
5.58298301697	-1368
5.58320498466	-1368
5.58334207535	-1368
5.58352899551	-1368
5.58523106575	-1420
5.58527708054	-1316
5.58589291573	-1368
5.58597803116	-1368
5.58644413948	-1420
5.58648896217	-1420
5.58649206161	-1264
5.5867869854	-1368
5.58866596222	-1221
5.59123492241	543
5.59164595604	-1368
5.59186792374	-1368
5.59195899963	-1368
5.65395712852	-1368
5.65397310257	-1368
5.6542339325	-1368
5.69485998154	-1368
5.69499993324	-1368
5.69513511658	-1368
5.69550514221	-1368
5.6956410408	-1368
5.69588494301	-1368
5.695966959	-1368
5.69616103172	-1368
5.6962890625	-1368
5.69641208649	-1368
5.69657206535	-1368
5.69683909416	-1368
5.69716310501	-1368
5.6973400116	-1368
5.69748902321	-1368
5.69767999649	-1368
5.69782495499	-1368
5.69796609879	-1368
5.69844603539	-1368
5.698595047	-1368
5.69876813889	-1368
5.69888901711	-1368
5.69903898239	-1368
5.70068192482	-1368
5.70084095001	-1368
5.70096898079	-1368
5.70173501968	1057
5.72413897514	-668
5.72433805466	543
5.72576594353	-1368
5.72609806061	-1368
5.74556493759	-1368
5.76027011871	-1368
5.76620793343	-1368
5.766299963	-1368
5.7964720726	-1368
5.79649591446	-1368
5.83195114136	-1368
5.83723807335	-857
5.84957504272	543
5.85173201561	-1368
5.85209012032	-1368
5.85229897499	-1368
5.85239696503	-1368
5.8526160717	-1368
5.85277795792	-1368
5.85291004181	-1368
5.85470414162	543
5.85492300987	543
5.85515904427	-1420
5.85516405106	-1316
5.85524511337	-1368
5.8581840992	-1368
5.85830712318	-1368
5.85836410522	543
5.85850214958	-1368
5.85859203339	-1368
5.86968994141	-1368
5.94265007973	-1368
5.94278597832	543
5.94363093376	-1368
5.94520998001	-1368
5.94590091705	-1368
5.94603013992	-1368
5.94622993469	-1368
5.94795203209	1460
5.94800496101	1460
5.94804096222	707
5.96471810341	-578
6.11644601822	-1086
6.12244510651	543
6.21428513527	-1368
6.21446299553	-1368
6.21451497078	-1368
6.21461391449	-1368
6.21481609344	-1368
6.21497702599	-1368
6.21506714821	-1368
6.21524310112	-1368
6.21550893784	-1368
6.21559691429	-1368
6.21580410004	-1368
6.22052693367	-1368
6.22088909149	-1368
6.22105002403	-1368
6.22113800049	-1368
6.22134995461	-1368
6.2214679718	-1368
6.22192192078	543
6.22872304916	-1308
6.23021697998	-1368
6.23038005829	-1368
6.23047804832	-1368
6.30747699738	-1368
6.30754113197	-1368
6.30770111084	-1368
6.30793809891	-1368
6.30806207657	-1368
6.30819106102	-1368
6.30839514732	-1368
6.3084731102	543
6.30852007866	-1368
6.30873394012	-1368
6.30887508392	-1368
6.30899500847	-1368
6.30922007561	-1368
6.30941200256	-1368
6.30946397781	-1368
6.30967307091	-1368
6.30983901024	-1368
6.30999994278	-1368
6.31600403786	543
6.35104107857	-1368
6.35106801987	-1368
6.3512430191	-1368
6.35142707825	-1368
6.35158014297	-1368
6.35174298286	-1368
6.35191202164	-1368
6.35207700729	-1368
6.35233712196	-1368
6.35240292549	-1368
6.35256910324	-1368
6.35280203819	-407
6.35545110703	-1368
6.35557794571	-1368
6.37654805183	-1368
6.37661409378	-1368
6.37672400475	-1368
6.37801599503	-1368
6.37815999985	-1368
6.38107395172	543
6.47163200378	-364
6.4746799469	-1368
6.50305008888	-543
6.56327104568	-1368
6.56496500969	-1368
6.56510806084	-1368
6.56987404823	-1368
6.57013511658	-1368
6.57013893127	-1368
6.57083010674	-1368
6.5709900856	-1368
6.57121109962	-1368
6.57232809067	-1368
6.57243394852	-1368
6.57261013985	-1368
6.57300591469	-1368
6.5734000206	-1368
6.57357001305	-1368
6.57372093201	-1368
6.57389211655	-1368
6.57402014732	-1368
6.57418394089	-1368
6.57433009148	-1368
6.57449293137	-1368
6.57459402084	543
6.57466411591	-1368
6.57479810715	-1368
6.57489109039	543
6.57496809959	-1368
6.57511305809	-1368
6.57529091835	-1368
6.5754430294	-1368
6.583796978	-1311
6.59253406525	-1368
6.59263706207	-1368
6.59277296066	-1368
6.59298610687	-1368
6.59305810928	-1368
6.59340310097	-1420
6.59340596199	-1316
6.59346699715	-1368
6.59362196922	-1368
6.60229492188	-1368
6.60231208801	-1368
6.60244607925	-1368
6.6025929451	-1368
6.60274410248	-1368
6.60402107239	543
6.61502099037	1057
6.61739993095	543
6.6219689846	543
6.71433997154	-1184
6.71857213974	-1368
6.85514593124	-232
6.86712694168	543
7.00347304344	543
7.22378706932	-543
7.35050106049	-1368
7.36106300354	-1368
7.38008499146	-493
7.39198112488	543
7.43678498268	-1368
7.43680095673	-1368
7.43702507019	-1368
7.43711614609	543
7.4371740818	-1368
7.43967700005	543
7.44616699219	543
7.44638991356	543
7.50446510315	-841
7.82105112076	-543
7.89808297157	-1368
7.98483300209	-1260
7.99600505829	543
7.99623513222	543
7.99644994736	1460
7.99649500847	1460
7.99655103683	1161
7.9966981411	603
8.00594592094	543
8.00601911545	543
8.05633497238	543
8.05661511421	543
8.1289999485	-543
8.18806505203	1057
8.25115299225	-1086
8.36340808868	-543
8.46394896507	-1368
8.46401596069	-1368
8.46423196793	-1368
8.46445012093	-1368
8.46457505226	-1368
8.49179697037	-1420
8.49181604385	-1316
8.49203395844	-1368
8.49219703674	-1368
8.49237895012	-1368
8.49248600006	-1368
8.49265694618	-1368
8.49287891388	-1368
8.49300599098	-1368
8.49848508835	543
8.51514697075	-1155
8.54855298996	-1420
8.54862999916	-1316
8.54863500595	-1368
8.54922509193	-1420
8.54923009872	-1316
8.5495121479	-1368
8.55025100708	-1368
8.55033802986	-1368
8.57639503479	-1368
8.57644295692	-1368
8.57658314705	-1368
8.57673096657	-1368
8.57694005966	-1368
8.57702612877	-1368
8.60443806648	-1368
8.60449814796	-1368
8.6046640873	-1368
8.60498595238	-1368
8.60513210297	-1420
8.60517191887	-1316
8.60526394844	-1368
8.60860013962	543
8.64410710335	-1368
8.64425611496	543
8.6450381279	-1368
8.64536309242	-1368
8.64550614357	-1368
8.64568710327	-1368
8.64579796791	543
8.64616394043	-1368
8.64630198479	-1368
8.66084003448	-1311
8.66091108322	543
8.69671797752	-1368
8.69708395004	-1420
8.69713807106	-1316
8.69745612144	-1368
8.69766402245	-1368
8.69778299332	-1368
8.69848203659	-1368
8.69859194756	-1368
8.69877696037	-1368
8.69888401031	-1368
8.69904208183	-1368
8.69917702675	-1368
8.69936203957	-1368
8.69949412346	-1368
8.69965004921	-1368
8.69985294342	-1368
8.71701097488	-1368
8.71709394455	-1368
8.71732711792	-1368
8.71741199493	-1368
8.71749591827	543
8.71758913994	-1368
8.71774601936	-1368
8.71790599823	-1368
8.71810603142	-1368
8.71821093559	-1368
8.71834802628	-1368
8.74296808243	543
8.7437081337	1460
8.74375510216	111
8.75772404671	-1368
8.75779509544	-1368
8.75795197487	-1368
8.75799107552	543
8.75807309151	-1368
8.75825095177	-1368
8.76427912712	-1368
8.76438999176	-1368
8.76465296745	-1368
8.76481199265	-1368
8.76497197151	-1368
8.77422809601	-365
8.78775691986	-1368
8.7878370285	-1368
8.78797793388	-1368
8.81671905518	-543
8.84556102753	-1368
8.84578514099	-1368
8.84594106674	-1368
8.8460419178	-1368
8.84615492821	-1368
8.8462240696	543
8.84634494781	-1368
8.84650397301	-1368
8.8466501236	-1368
8.84678411484	-1368
8.84690594673	-1368
8.84709095955	-1368
8.84742307663	-1420
8.84742903709	-1316
8.84768414497	-1368
8.84779596329	-1368
8.84794998169	-1368
8.84812402725	-1368
8.84826898575	-1368
8.84988093376	-1368
8.85003709793	-1368
8.85063195229	543
8.85084009171	543
8.85200309753	-1368
8.8521771431	-1368
8.85232710838	-1368
8.85247302055	-1368
8.88637709618	-1368
8.88654112816	-1368
8.88657093048	-1368
8.88737010956	-117
8.8874809742	1057
8.88808107376	-1368
8.88822507858	-1368
8.88835406303	-1368
8.88849592209	-1368
8.88865494728	-1368
8.88880896568	-1368
8.88896107674	-1368
8.88910198212	-1368
8.88923406601	-1368
8.88940310478	-1368
8.88956999779	-1368
8.95325493813	-1368
8.95400500298	-1368
8.95500302315	-1368
8.95587301254	-1368
8.95949292183	-1368
8.95958709717	-1368
8.96074914932	-1368
8.96154594421	-1368
8.9616689682	-1368
8.96254992485	-1368
8.96265602112	543
8.96419501305	-1368
8.96435904503	-1368
8.96449112892	-1368
8.96587395668	-1368
8.99511694908	-1368
8.99512910843	-1368
8.99646902084	-1368
8.99663805962	-1368
8.996737957	-1368
8.99829101562	-1368
8.99841499329	-1368
8.99857902527	-1368
8.9989991188	-1368
8.99912309647	-1368
8.99958300591	-1132
8.99970912933	543
8.99976706505	543
9.00004506111	-1368
9.00019407272	-1368
9.00034999847	-1368
9.00091600418	-1368
9.0010061264	-1368
9.00105309486	543
9.00117492676	-1368
9.00133609772	-1368
9.00160193443	-1420
9.00160694122	-1316
9.00226402283	-1368
9.00239896774	-1368
9.00254607201	-1368
9.02316999435	-1368
9.02349495888	-1368
9.02946996689	-1368
9.03292012215	-1368
9.03317809105	-1368
9.03328299522	-1368
9.04056692123	-1368
9.04070901871	-1368
9.04088401794	-1368
9.10088706017	-1368
9.10100102425	-1368
9.10109591484	-1368
9.10118198395	543
9.10187196732	-1368
9.10203909874	-1368
9.10213708878	-1368
9.10296106339	-1368
9.10308408737	-1368
9.10323596001	-1368
9.10345005989	-1368
9.10357999802	-1368
9.10374498367	-1368
9.10419607162	-1368
9.10441708565	-1368
9.10452604294	-1368
9.10494804382	-1420
9.10495305061	-1316
9.10503602028	-1368
9.10511302948	543
9.10725402832	-1368
9.10741114616	-1368
9.10753798485	-1368
9.10760498047	543
9.10872602463	-1368
9.1088809967	-1368
9.10901713371	-1368
9.1120569706	-1106
9.12793302536	-1368
9.12806391716	-1368
9.12821698189	-1368
9.12837314606	-1368
9.12853503227	-1368
9.13371300697	-1368
9.13379812241	-1368
9.13398194313	-1368
9.14346694946	-1368
9.14359712601	-1368
9.14373493195	-1368
9.16740107536	-1368
9.16769814491	-1368
9.16784501076	-1368
9.16794800758	-1368
9.16803908348	543
9.16812801361	-1368
9.1683409214	-1368
9.16841101646	-1368
9.16865897179	-1368
9.16872596741	-1368
9.17665600777	-1368
9.17675709724	-1368
9.17695093155	-1368
9.17713999748	-1368
9.1772480011	-1368
9.17740607262	-1368
9.17755007744	-1368
9.1777009964	-1368
9.17784905434	-1368
9.25158905983	-457
9.25455403328	-1368
9.25470495224	-1368
9.25485110283	-1368
9.25506305695	-1368
9.25515294075	1057
9.25519013405	-1368
9.2553601265	-1368
9.2555539608	-1368
9.2556951046	-1368
9.2558619976	-1368
9.25985693932	-1368
9.26007008553	-1368
9.26019310951	-1368
9.33079504967	-1368
9.33101296425	-1368
9.36396694183	-728
9.38884806633	-1368
9.38892102242	-1368
9.38907003403	-1368
9.38922810555	-1368
9.38941597939	-1368
9.38965010643	-1368
9.40262413025	-1368
9.4027929306	-1368
9.40289306641	-1368
9.43884301186	-1368
9.43908500671	-1368
9.43912410736	-1368
9.44102597237	-1368
9.44138097763	-1420
9.44138503075	-1316
9.44147491455	-1368
9.44155812263	543
9.44167995453	-1368
9.44176197052	-1368
9.48228597641	-425
9.48286509514	-1368
9.48310613632	-1368
9.48322796822	-1368
9.48353600502	-1368
9.48389792442	-1368
9.48406910896	-1368
9.48417496681	-1368
9.48429107666	543
9.48432898521	-1368
9.48447299004	-1368
9.56312394142	-1368
9.56319093704	-1368
9.56334400177	-1368
9.56365609169	-1368
9.56393098831	-1368
9.5639359951	-1368
9.56410813332	-1368
9.56426405907	-1368
9.56504702568	-1368
9.61689209938	-425
9.75796294212	1057
9.88787102699	1460
9.88795304298	1460
9.88798904419	1161
9.88804197311	1460
9.88812398911	1460
9.88824796677	1161
9.8882920742	1460
9.88835096359	1460
9.88840293884	1161
9.88852000237	209
9.89695811272	1460
9.89704608917	1460
9.89710593224	1161
9.89724802971	1460
9.89728593826	1460
9.89732813835	253
10.1912500858	1057
10.4568400383	-543
10.4572870731	-1368
10.457447052	-1368
10.457652092	-1368
10.4578809738	-1368
10.4580061436	-1368
10.509401083	-1368
10.5095789433	-1368
10.6177389622	-335
10.713326931	-1368
10.7133879662	-1368
10.7141871452	-1368
10.7143800259	-1368
10.7144939899	-1368
10.7158010006	-1368
10.7159061432	-1368
10.7160999775	-1368
10.716490984	-1368
10.7166659832	-1368
10.7176709175	-1368
10.7179369926	-1368
10.7180161476	543
10.7180550098	-1368
10.8319020271	-1368
10.8319270611	-1368
10.8320629597	-1368
10.8322489262	-1368
10.8324019909	-1368
10.8327450752	-1420
10.832777977	-1316
10.8329291344	-1368
10.8330130577	543
10.8330481052	-1368
10.8332641125	-1368
10.83335495	-1368
10.8335120678	-1368
10.8337011337	-1368
10.8338589668	-1368
10.8340070248	-1368
10.8341739178	-1368
10.8343510628	-1368
10.8344230652	543
10.8344841003	-1368
10.8346419334	-1368
10.8347661495	-1368
10.8349061012	-1368
10.8351449966	-1368
10.9762289524	-1368
10.9762489796	-1368
10.9764199257	-1368
10.9765729904	-1368
10.976719141	-1368
10.9769010544	-1368
10.9774470329	-1368
10.9778740406	-1420
10.9779250622	-1316
10.9779279232	-1368
10.9780449867	-1368
10.9781930447	-1368
10.9783470631	-1368
10.9785010815	-1368
10.9787809849	-1420
10.978785038	-1316
10.9789469242	-1368
10.9790520668	543
10.9790899754	-1368
10.9792621136	-1368
10.9794659615	-1368
10.9796071053	-1368
10.9797899723	-1368
10.9799349308	-1368
10.9800920486	-1368
10.9802410603	-1368
10.9804270267	-1368
10.9805591106	-1368
10.9806969166	-1368
10.9808759689	-1368
10.9810159206	-1368
10.9811711311	-1368
10.9813289642	-1368
10.9814879894	-1368
10.9824681282	543
10.9826791286	543
11.0891480446	-1368
11.0892660618	-1368
11.0895209312	-1420
11.089525938	-1316
11.0896840096	-1368
11.0898790359	-1368
11.0900089741	-1368
11.0901370049	-1368
11.0903120041	-1368
11.0912060738	-1368
11.0913529396	-1368
11.0914421082	543
11.0914881229	-1368
11.0916590691	-1368
11.091848135	-1368
11.0919611454	-1368
11.0921080112	-1368
11.0923399925	-1368
11.0924870968	-1368
11.0926301479	-1368
11.0928640366	-1368
11.0929789543	-1368
11.0939791203	-1368
11.0941331387	-1368
11.0943751335	-1368
11.0945010185	-1368
11.094645977	-1368
11.0948090553	-1368
11.0949649811	-1368
11.0951049328	-1368
11.0952489376	-1368
11.0954139233	-1368
11.0955679417	-1368
11.0957000256	-1368
11.0958499908	-1368
11.0960299969	-1368
11.0961909294	-1368
11.0963499546	-1368
11.0965490341	-1368
11.0967149734	-1368
11.0968971252	-1368
11.0970590115	-1368
11.0972120762	-1368
11.0973579884	-1368
11.097522974	-1368
11.0977230072	-1368
11.0978500843	-1368
11.0980000496	-1368
11.0986220837	543
11.0987570286	543
11.0989730358	543
11.1566331387	-1368
11.1567690372	-1368
11.1915149689	1057
11.2093520164	-1368
11.2097070217	-1368
11.2105691433	-1420
11.2105741501	-1420
11.210613966	-1420
11.2106170654	-1420
11.2106599808	-1420
11.2106630802	-1108
11.2107279301	-1368
11.2108521461	-1368
11.2109940052	-1368
11.2111809254	-1368
11.21134305	-1368
11.2117340565	-1420
11.2117729187	-1316
11.2118520737	-1368
11.211992979	-1368
11.2121579647	-1368
11.2122979164	-1368
11.2124381065	-1368
11.2127869129	-1420
11.2127900124	-1420
11.212790966	-1264
11.2127931118	-1368
11.2129089832	-1420
11.2129120827	-1420
11.2129130363	-1264
11.2130730152	-1368
11.2130761147	-1420
11.2130770683	-1316
11.2136490345	-1368
11.2138140202	-1368
11.2140331268	543
11.2141981125	543
11.2142519951	-1420
11.2142550945	-1420
11.2142550945	-1264
11.2165000439	-1368
11.2166509628	-1368
11.2168030739	-1368
11.2168791294	543
11.2169389725	-1368
11.2170779705	-1368
11.2172839642	-1368
11.2174270153	-1368
11.2175350189	-1368
11.2176930904	-1368
11.2178471088	-1368
11.2180309296	-1368
11.2182250023	-1368
11.2185969353	-1420
11.2186169624	-1316
11.2186770439	-1420
11.2186961174	-386
11.220359087	-1368
11.220459938	-1368
11.220662117	-1368
11.2216770649	-1368
11.2218351364	-1368
11.2219569683	-1368
11.2223880291	-1368
11.2224700451	-1368
11.2226109505	543
11.222741127	543
11.2690050602	-1368
11.2691409588	-1368
11.2692840099	-1368
11.3229269981	-1368
11.3229460716	-1368
11.368283987	-1368
11.3685181141	-1368
11.3685510159	-1368
11.368696928	-1368
11.3688321114	-1368
11.3690230846	-1368
11.3692009449	-1368
11.3693139553	-1368
11.3694961071	-1368
11.3695950508	-1368
11.369822979	-1368
11.3699529171	-1368
11.3701639175	-1368
11.3703150749	-1368
11.3704731464	-1368
11.3706600666	-1368
11.3708100319	-1368
11.3709521294	-1368
11.3711071014	-1368
11.3712260723	-1368
11.3712661266	543
11.3713350296	-726
11.4066250324	-1368
11.4066910744	-1368
11.4074530602	-1368
11.4082000256	-1420
11.408205986	-1316
11.4086511135	-1368
11.4093251228	-1368
11.4094359875	-1368
11.4096169472	-1368
11.4097530842	-1368
11.4099109173	-1368
11.4100799561	-1368
11.4102120399	-1368
11.4103889465	-1368
11.4104471207	1460
11.4104919434	1139
11.4105920792	-1368
11.4107890129	-1368
11.4108741283	-1368
11.4110250473	-1368
11.4111790657	1057
11.4112169743	-1368
11.4113509655	-1368
11.4115030766	-1368
11.4116511345	-1368
11.4117929935	-1368
11.4119780064	-1368
11.4121749401	-1368
11.4123251438	-1368
11.4562270641	-1368
11.4571781158	-1368
11.4572730064	-1368
11.4574639797	-1368
11.4577019215	-1368
11.4578831196	-1368
11.4579920769	-1368
11.4581460953	-1368
11.4583380222	-1368
11.4584989548	-1368
11.4708070755	543
11.485904932	543
11.4877500534	543
11.48990798	543
11.4904589653	543
11.4907951355	-278
11.4932501316	-1368
11.4933650494	-1368
11.4934871197	-1368
11.4940259457	-1368
11.4941720963	-1368
11.4943809509	-1368
11.5070970058	543
11.5073621273	543
11.5249581337	-1368
11.5250821114	-1368
11.5254220963	-1368
11.526432991	-1368
11.5265369415	-1368
11.5266990662	-1368
11.5383150578	543
11.5559339523	543
11.5562279224	543
11.55645895	543
11.6138811111	-293
11.6320340633	543
11.7759771347	543
12.2474091053	-543
12.30291605	-1368
12.3303630352	-1368
12.3304319382	-1368
12.3306651115	543
12.4329121113	-1152
12.4431200027	-1368
12.4451191425	543
12.4458761215	543
12.5555570126	-1347
12.5560059547	1057
12.6406900883	-1368
12.6688089371	-1289
12.6698429585	1057
12.7674279213	-1368
12.781083107	-1289
12.8110759258	543
12.8220460415	-1368
12.8225860596	1057
12.8334479332	-1368
12.8335199356	-1368
12.8336689472	-1368
12.8338699341	-1368
12.8340029716	-1368
12.8342010975	-1368
12.8353290558	-1368
12.8354151249	-1368
12.8712289333	-1368
12.8932199478	-488
12.9176371098	-1368
12.9176609516	-1368
12.9177000523	-1368
12.9177029133	-1368
12.9177210331	-1368
12.9177229404	-1368
12.9177389145	-1368
12.9177410603	-1368
12.9177570343	-1368
12.9177601337	-1368
12.9177749157	-1368
12.9177770615	-1368
12.9178450108	-1368
12.9180049896	-1368
12.9182100296	543
12.929764986	-1368
12.9297831059	-1368
12.929913044	-1368
12.9300639629	-1368
12.94322896	-1368
12.9435479641	-1368
12.9983429909	-1368
12.9985020161	543
13.0154659748	-1368
13.0157780647	-1368
13.0159051418	-1368
13.0284070969	-72
13.0289070606	1460
13.0289580822	111
13.0343251228	-1368
13.0344779491	-1368
13.0346250534	-1368
13.0347509384	-1368
13.0349590778	-1368
13.0350880623	-1368
13.0905249119	-1368
13.0906329155	-1368
13.0907700062	-1368
13.0910389423	-1368
13.0911870003	-1368
13.0913500786	-1368
13.0914449692	-1368
13.0916249752	-1368
13.0917761326	-1368
13.0919640064	-1368
13.092138052	-1368
13.105891943	-1368
13.1059589386	-1368
13.1060349941	-1368
13.106194973	543
13.1161460876	-1368
13.1284091473	1460
13.1284930706	1139
13.1395430565	-1368
13.1397409439	-1368
13.1397750378	-1368
13.1399950981	-1368
13.1400790215	-1368
13.1402671337	-1368
13.1404359341	-1368
13.1405980587	-1368
13.1407020092	-1368
13.1408741474	-1368
13.1410501003	-1368
13.1411271095	-1037
13.1881949902	-1368
13.1882619858	-1368
13.1884679794	-1368
13.1898210049	-1368
13.1898930073	-1368
13.1899790764	1057
13.1900749207	-1368
13.1902160645	-1368
13.1904120445	-1368
13.1905319691	-1368
13.2037980556	-1368
13.2038249969	-1368
13.2038700581	-1368
13.2040381432	-1368
13.2042109966	-1368
13.2042920589	-1368
13.4680509567	-1420
13.4680690765	-1420
13.4681239128	-1420
13.4681279659	-1420
13.4681699276	-1420
13.468173027	-1420
13.4682071209	-1420
13.4682090282	-1420
13.4682431221	-1420
13.4682459831	-1420
13.4683010578	-1420
13.4683029652	-1420
13.468337059	-1420
13.46833992	-1420
13.4683411121	-1420
13.4683420658	-918
13.4686360359	543
13.4760649204	1460
13.4761209488	1139
13.5016100407	1057
13.5263640881	-1368
13.5681600571	-1368
13.5687630177	1057
13.5760369301	1057
13.5798130035	-172
13.8975989819	-543
13.8982999325	-1420
13.8983430862	-1316
13.8984220028	-1368
13.8986520767	-1368
13.8987801075	-1368
13.9463880062	-1368
13.9464440346	-1368
13.9466359615	-1368
13.9694471359	-1368
13.9695079327	-1368
13.9696199894	-1368
13.9697439671	543
14.0106871128	-1368
14.0107460022	-1368
14.0108759403	-1368
14.0110890865	-1368
14.0112509727	543
14.050401926	-1368
14.0506420135	-1368
14.0506949425	-1368
14.0585420132	-1368
14.0587460995	-1368
14.0589230061	-1368
14.0817890167	-1368
14.0820610523	-1368
14.0824329853	-1368
14.1230449677	-528
14.1343021393	-1368
14.2458319664	-1368
14.2464179993	-978
14.3586089611	-543
14.5103471279	-543
14.5171909332	-1368
14.5172529221	-1368
14.5892090797	-1368
14.606003046	543
14.6292719841	-638
14.661206007	-1368
14.7733139992	-775
14.7829101086	543
14.9636571407	-543
14.9641389847	1057
15.1820580959	-543
15.1824250221	-1368
15.1825580597	-1368
15.1827270985	-1368
15.1829581261	-1368
15.1831591129	-1368
15.1832699776	-1368
15.1834380627	-1368
15.1835799217	-1368
15.2535510063	-1368
15.2536139488	-1368
15.2537059784	-1368
15.2637429237	-1368
15.2638781071	543
15.2658410072	-1368
15.295071125	-1368
15.2951300144	-1368
15.2952439785	-1368
15.2954769135	-1368
15.2956390381	-1368
15.295730114	-1368
15.2958190441	543
15.2962751389	-1420
15.2962801456	-1316
15.2963199615	-1368
15.2963869572	-1368
15.3359110355	-1368
15.3661661148	-1368
15.3662130833	-1368
15.3760271072	-1368
15.3760919571	-1368
15.3771431446	-543
15.4078769684	-1368
15.4079420567	-1368
15.4083189964	-1368
15.408465147	-1368
15.4086420536	-1368
15.4086630344	-726
15.5208251476	-543
15.5961220264	1460
15.596200943	111
16.1206889153	-543
16.2328801155	-543
16.3072400093	1057
16.3163831234	1057
16.3169441223	1057
16.3195989132	1057
16.3589019775	1460
16.3590021133	111
16.3722910881	543
16.3784279823	1057
16.3931109905	1460
16.3932211399	625
16.4042129517	1460
16.4109730721	111
16.4184250832	543
16.6954820156	-543
16.7327029705	-1368
16.7327611446	-1368
16.7329950333	-1368
16.7514500618	-1368
16.7515051365	-1368
16.7516839504	-1368
16.7595801353	-1368
16.7611010075	543
16.7677030563	-1368
16.7677910328	-1368
16.8078100681	-770
16.818073988	-1368
16.8452050686	-1368
16.8454010487	-1368
16.8454401493	-1368
16.8455770016	-1368
16.8457200527	-1368
16.8459200859	-1368
16.8531990051	543
16.863683939	-1368
16.8637571335	-1368
16.8639070988	-1368
16.8640811443	-1368
16.871076107	543
16.8717300892	-1368
16.8802671432	-1420
16.8803341389	-1316
16.8803369999	-1368
16.8813920021	543
16.9303591251	-1368
16.9303779602	-1368
16.9305720329	543
16.934253931	1057
16.9358451366	1057
16.9477260113	543
16.9513270855	1057
16.9541239738	543
16.9577391148	-1368
16.9578709602	-1368
16.9580109119	-1368
16.9581429958	-1368
16.9583370686	-1368
16.9584619999	-1368
16.958769083	543
16.9760980606	-1368
16.9761240482	-1368
16.9762971401	-1368
16.9764699936	-1368
16.9766390324	-1368
16.9858219624	-1368
16.992497921	-1368
16.9925649166	-1368
17.0322351456	-1368
17.042787075	-1368
17.0430340767	-1368
17.0704801083	-1368
17.070538044	-1368
17.0706300735	-1368
17.0707800388	-1368
17.0709331036	-1368
17.0711290836	-1368
17.072122097	543
17.0737309456	1057
17.0883569717	-1368
17.0886950493	-1420
17.0887389183	-1316
17.0888040066	-1368
17.0890021324	-1368
17.097974062	-1164
17.0981070995	543
17.1003849506	543
17.1009979248	543
17.1015899181	543
17.1018071175	543
17.11769104	543
17.1181049347	543
17.2102980614	-543
17.3225560188	-543
17.3344249725	-1368
17.3347079754	-1368
17.3350019455	-1368
17.3352849483	-1368
17.337403059	543
17.3506090641	-1368
17.3506879807	-1368
17.3922309875	-1368
17.407984972	-1368
17.4129600525	543
17.4135439396	543
17.4137620926	543
17.4379310608	-1368
17.4381680489	-1368
17.4382059574	-1368
17.4383039474	-1368
17.4384400845	-1368
17.446680069	-98
17.4800560474	-1368
17.4800679684	-1368
17.4802529812	-1368
17.5517640114	-1368
17.558797121	-870
17.5686459541	543
17.5694010258	1460
17.5694460869	625
17.6243469715	-1368
17.6243600845	-1368
17.6708209515	-435
17.6874389648	1460
17.6875491142	625
17.7009110451	-1368
17.7010629177	-1368
17.7013700008	-1368
17.701556921	-1368
17.7017021179	-1368
17.7412550449	-1368
17.7417831421	-1420
17.7418339252	-1316
17.7475709915	1460
17.747647047	625
17.7681939602	-1368
17.7684810162	-1368
17.7685761452	-1368
17.7687969208	-1368
17.7829959393	-351
17.8162820339	543
17.9351940155	-543
18.0473020077	-543
18.056374073	1057
18.169273138	-1086
18.1802470684	-1368
18.2921190262	-232
18.2933580875	543
18.4746210575	-543
18.5471580029	-1368
18.5472531319	-1368
18.5474190712	-1368
18.6262300014	-1152
18.6264801025	543
18.6923649311	-1368
18.7387139797	-1289
18.7624239922	1057
18.7851481438	-1368
18.7853760719	-1368
18.7854909897	-1368
18.7856879234	-1368
18.7858829498	-1368
18.7860751152	-1368
18.8470189571	-1368
18.8470380306	-1368
18.8473989964	-1368
18.8510699272	-1284
18.8573179245	-1368
18.8574180603	-1368
18.9633390903	-920
19.2444291115	-543
19.3722219467	-543
19.4374940395	1057
19.438628912	-1368
19.438835144	-1368
19.5243010521	-920
19.5330660343	543
19.7241461277	543
19.9998109341	-543
20.1846499443	-1086
20.2364969254	-1368
20.2464699745	-1368
20.247740984	543
20.2489359379	543
20.2970590591	-435
20.3114249706	-1368
20.4235339165	-232
20.4243559837	1057
20.4254419804	543
20.6715099812	-543
20.8231570721	-543
20.8720841408	-1368
20.8762760162	1460
20.8763539791	625
20.8800561428	1057
20.8980331421	-1368
20.8981671333	-1368
20.9354519844	-1210
20.9535660744	-1368
20.9536130428	-1368
20.9719669819	-1368
20.9720249176	-1368
20.994852066	1057
21.0010380745	543
21.0656559467	-298
21.0667929649	543
21.3828639984	-543
21.3849449158	106
