0	-543
1.55558490753	-543
2.2662088871	543
2.26638197899	543
2.50982284546	1057
2.73250198364	-543
2.81713891029	-1420
2.81720280647	-1316
2.81722593307	-891
2.81944799423	543
2.82146501541	543
2.82279801369	543
2.82306599617	543
2.84412288666	543
3.03988695145	-543
3.17354798317	-543
3.20906496048	-1368
3.2389318943	-1231
3.30923700333	-1420
3.30929684639	-1316
3.30974888802	-891
3.31163096428	543
3.31221485138	543
3.53274989128	-543
3.6674079895	-1057
3.67510485649	1057
3.9054338932	-543
4.00393986702	-1420
4.00399684906	-1316
4.03570985794	-891
4.03846001625	543
4.04005289078	543
4.26327085495	-543
4.34323692322	-1368
4.3714158535	-543
4.38108086586	-717
4.38181400299	1057
4.61762690544	-543
4.69066596031	-1420
4.69071698189	-1316
4.76110887527	-891
4.76129484177	543
4.76380300522	543
4.76416897774	543
5.05126285553	-543
5.14135289192	-1420
5.14143180847	-1316
5.17085886002	-1420
5.17091083527	-1316
5.17093086243	-1420
5.17094802856	-1316
5.17109584808	-1368
5.1714990139	-1334
5.23564887047	-1420
5.23570799828	-1316
5.23572802544	-1368
5.23854589462	-609
5.26206898689	-1420
5.26213383675	-1316
5.26325893402	-1420
5.26328086853	-1316
5.26357698441	-1368
5.26431298256	-1420
5.26431894302	-1316
5.26444482803	-1368
5.26447892189	543
5.30353093147	1057
5.30648899078	1057
5.32691287994	-1023
5.3300588131	-1420
5.33012795448	-1316
5.3301320076	-1368
5.33512282372	-1420
5.33513784409	-1316
5.33519387245	-1420
5.33519697189	-1316
5.33523082733	-1368
5.33533382416	-1420
5.33533787727	-1316
5.33533883095	-1368
5.33546590805	-1368
5.34023094177	1057
5.35454392433	1057
5.36484098434	1057
5.37081384659	1057
5.39028501511	1057
5.39655399323	-264
5.39707493782	1057
5.39754390717	1057
5.40210485458	-1420
5.40211296082	-1316
5.40533781052	-1368
5.40595388412	543
5.41001486778	1057
5.42956089973	-1420
5.42957782745	-1316
5.42964482307	-1420
5.42964792252	-1316
5.42969799042	-1420
5.42970299721	-1316
5.42981791496	-1420
5.42982292175	-1316
5.42992591858	-1420
5.42992901802	-1316
5.43009781837	-1368
5.43682003021	543
5.4600288868	1057
5.46208786964	1057
5.46360993385	-1184
5.55322885513	-1057
5.59174180031	-1420
5.59175682068	-1316
5.68556690216	-891
5.69203782082	-1368
5.73233294487	-1420
5.73234891891	-1316
5.73241496086	-1420
5.73241901398	-1316
5.73245692253	-1420
5.73246002197	-1316
5.73257088661	-1420
5.73257493973	-1316
5.73291087151	-1368
5.73488783836	543
5.74744200706	543
5.75674390793	1057
5.76651597023	-886
5.77484989166	543
5.78299689293	543
5.78422093391	543
5.78442192078	543
5.78936100006	-1420
5.78936886787	-1316
5.79356479645	-1368
5.79465293884	543
5.79643392563	543
5.79662179947	543
5.82481193542	-1420
5.82482886314	-1316
5.82488298416	-1420
5.82488584518	-1420
5.82493281364	-1264
5.82493591309	-1420
5.82497191429	-1420
5.82497501373	-1264
5.82512998581	-1368
5.83364081383	543
5.83545398712	543
5.83975481987	543
5.84045791626	543
5.84066486359	543
5.86248493195	-264
5.87419295311	-1420
5.8742249012	-1316
5.87431788445	-1368
5.88634395599	543
5.88693189621	543
5.88715100288	543
5.90703701973	-1420
5.90704584122	-1316
5.90707683563	-1420
5.9070789814	-1316
5.90722584724	-1368
5.90732693672	-1368
5.91310501099	543
5.91535997391	543
5.92421102524	543
5.9251999855	543
5.92582988739	543
5.92605686188	543
5.96371793747	-198
5.96570396423	-1420
5.9657959938	-1316
5.9657998085	-1368
5.96806693077	543
6.03399300575	-609
6.03589987755	543
6.0572309494	-1420
6.05724000931	-1420
6.05729579926	-1264
6.13592195511	-66
6.13794779778	-1420
6.13795399666	-1316
6.13806200027	-1420
6.13806581497	-1316
6.13817191124	-1420
6.13817596436	-1316
6.1383368969	-1420
6.13833999634	-1316
6.14850187302	543
6.14910197258	543
6.14928889275	543
6.20415997505	-1023
6.21379184723	543
6.22826385498	-1420
6.22828102112	-1316
6.22833681107	-1368
6.22868895531	-1420
6.22871279716	-1316
6.22881984711	-1368
6.24881887436	543
6.24908900261	543
6.24954295158	543
6.24992489815	543
6.25015902519	543
6.29206490517	-646
6.30304694176	543
6.30332684517	543
6.35584187508	-1057
6.4411740303	-543
6.493724823	-1420
6.49374079704	-1316
6.49450302124	-1368
6.49470496178	-1368
6.55202102661	-1268
6.553388834	1460
6.55345082283	111
6.57787489891	-1420
6.57789182663	-1316
6.57943582535	-1368
6.58595991135	-1420
6.58600902557	-1316
6.58601403236	-1368
6.58644199371	-1368
6.58663201332	-1368
6.5869038105	-1368
6.58710598946	-1368
6.58735394478	-1368
6.63422083855	-32
6.63450789452	1057
6.66902899742	-1420
6.66904497147	-1316
6.66911196709	-1368
6.66916680336	-1368
6.66930389404	-1368
6.70217084885	-957
6.76294398308	-1368
6.76296186447	-1420
6.76306295395	-1316
6.76306700706	-1420
6.76311302185	-1316
6.7631149292	-1368
6.76314997673	-1368
6.76321291924	-1420
6.76321482658	-1316
6.76799082756	-1226
6.80933094025	543
6.84042191505	-1420
6.84043884277	-1316
6.84056687355	-1420
6.84057092667	-1316
6.84080481529	-1368
6.84405493736	543
6.90686893463	-414
6.93583583832	-1420
6.93588900566	-1316
6.93600702286	-1420
6.93604183197	-1316
6.93633985519	-1420
6.93636202812	-1316
6.93693685532	-1368
6.93859887123	-1368
6.93860602379	-1420
6.93863081932	-1316
6.938808918	-1368
6.98025679588	-32
7.02010083199	-1420
7.02011394501	-1316
7.05706381798	-891
7.11646080017	-1420
7.11647701263	-1420
7.11653280258	-1264
7.1165368557	-1368
7.11665081978	-1368
7.11665487289	-1368
7.1166908741	-1368
7.11669397354	-1368
7.11673879623	-1420
7.11674284935	-1316
7.11683893204	-1368
7.11702990532	543
7.12071084976	-546
7.18898296356	-1420
7.18900084496	-1316
7.1891078949	-1420
7.18911194801	-1420
7.1891579628	-1264
7.18916082382	-1420
7.18924593925	-1316
7.18924880028	-1368
7.1894159317	-1420
7.18941998482	-1420
7.18942093849	-1264
7.1895108223	-1368
7.1897289753	543
7.25591182709	-264
7.28440284729	-1420
7.28446388245	-1316
7.28508687019	-1420
7.28511190414	-1316
7.28520083427	-1368
7.28531885147	-1420
7.28532195091	-1316
7.28549289703	-1420
7.28549599648	-1420
7.28553390503	-1264
7.28561496735	-1420
7.28561902046	-1420
7.28561997414	-1264
7.28573203087	-1368
7.28578400612	543
7.36335802078	-1184
7.3720498085	-1420
7.37209486961	-1316
7.3727209568	-1420
7.37274694443	-1316
7.37280988693	-1420
7.37283396721	-1316
7.37295484543	-1420
7.37297987938	-1316
7.37304592133	543
7.37334799767	-1420
7.37335300446	-1420
7.37339997292	-1264
7.37342500687	-1368
7.37399291992	543
7.37439084053	1057
7.41026592255	1057
7.41854381561	1057
7.41907286644	1057
7.45911002159	-264
7.46108198166	-1420
7.46114587784	-1316
7.46117281914	-1368
7.46137881279	-1420
7.46138381958	-1316
7.46149492264	-1368
7.46218800545	543
7.52248382568	-646
7.55158400536	-1420
7.55163192749	-1316
7.55163788795	-1420
7.55165481567	-1316
7.55171179771	-1368
7.55180883408	-1420
7.55181288719	-1316
7.55195879936	-1420
7.55196285248	-1316
7.55310797691	1460
7.55315494537	1460
7.55322885513	1161
7.55327987671	1460
7.55333995819	1460
7.55338597298	1161
7.5534658432	1460
7.55350279808	1460
7.55357384682	1161
7.55366396904	1237
7.55406188965	1057
7.58820796013	-198
7.62501788139	-1368
7.62600779533	-1420
7.62601780891	-1316
7.65872192383	1057
7.69519996643	-1094
7.71130180359	1057
7.71728587151	-1420
7.71730089188	-1420
7.71740484238	-1264
7.71740889549	-1368
7.71745181084	-1420
7.71745491028	-1420
7.71748995781	-1264
7.71749591827	-1420
7.71755981445	-1316
7.71766996384	-1420
7.71767401695	-1316
7.71781587601	-1368
7.72375798225	543
7.724203825	543
7.73528790474	1057
7.76486682892	543
7.77836894989	-264
7.79334783554	1057
7.81768584251	-1420
7.81770396233	-1316
7.81775403023	-1420
7.81775689125	-1420
7.81777501106	-1264
7.81789588928	-1420
7.81791687012	-1316
7.81807088852	-1420
7.81811785698	-1420
7.81812095642	-1264
7.81816482544	-1368
7.82585287094	543
7.82872891426	543
7.83577394485	543
7.84039783478	543
7.84942984581	-1089
7.85428500175	1460
7.85435891151	111
7.85630583763	1460
7.85636997223	625
7.86707091331	543
7.91151785851	-1420
7.91153502464	-1316
7.91306400299	-1368
7.91325283051	-1368
7.9151070118	-1368
7.91529083252	-1368
7.91661500931	-1420
7.91662096977	-1316
7.91677093506	-1420
7.91677498817	-1316
7.91694402695	-1420
7.91694879532	-1316
7.92157483101	-264
7.92512488365	543
7.92613792419	543
7.94387388229	543
7.99264192581	-1420
7.99265289307	-1420
7.99269795418	-1264
7.99275493622	-1420
7.99277687073	-1316
7.99295783043	-1420
7.99297881126	-1316
7.99301981926	-1368
7.99312591553	-1420
7.99312996864	-1420
7.99313092232	-1264
7.99327492714	-1420
7.99327802658	-1316
7.9934220314	-1368
7.99432182312	543
7.99474692345	1057
7.99494290352	-1184
7.99502182007	543
8.01426100731	543
8.03170394897	543
8.0323870182	1460
8.03243589401	1460
8.03249287605	707
8.06345081329	-1420
8.06346797943	-1420
8.0635228157	-1264
8.06352591515	-1368
8.06360888481	-1368
8.06361198425	-1368
8.06365180016	-1368
8.06376481056	-1420
8.06376791	-1316
8.06376886368	-1368
8.06376981735	-1368
8.06390690804	-1368
8.0641310215	543
8.06754684448	543
8.07347989082	1460
8.07354092598	1460
8.07361292839	707
8.07971191406	-264
8.08124494553	-543
8.10482501984	543
8.10553503036	543
8.14935088158	-1057
8.15018701553	-1420
8.15023899078	-1316
8.15024280548	-1368
8.1502969265	-1368
8.15030002594	-1420
8.15033698082	-1316
8.15040302277	-1420
8.15042591095	-1316
8.15060687065	-1420
8.15061092377	-1316
8.15072083473	-1368
8.15272879601	543
8.15527796745	1460
8.15533280373	1460
8.15544080734	707
8.1976518631	-32
8.2369890213	-1368
8.23739385605	-1368
8.23766493797	-1420
8.23771595955	-1420
8.23772001266	-1264
8.23777699471	-1420
8.2377808094	-1420
8.2378180027	-1264
8.23787689209	-1368
8.23803091049	-1420
8.23803496361	-1316
8.23803687096	-1368
8.23837184906	543
8.24104189873	543
8.24126696587	543
8.24148702621	543
8.24851489067	543
8.24884581566	543
8.24958586693	543
8.24977898598	543
8.28443479538	-264
8.32555294037	-1368
8.32557296753	-1420
8.32561302185	-1316
8.32572793961	-1420
8.32575082779	-1316
8.3258600235	-1420
8.32587981224	-1316
8.32625198364	-1420
8.32629084587	-1420
8.32629394531	-1264
8.32633185387	-1368
8.32738280296	543
8.33189892769	543
8.33754897118	-1089
8.34519696236	543
8.34873580933	1057
8.41311502457	-1420
8.41313290596	-665
8.41325187683	-1368
8.41380095482	543
8.46075987816	-717
8.47870588303	1057
8.50129795074	-1420
8.50130987167	-1316
8.50812292099	-377
8.51005387306	543
8.56303596497	-1420
8.56305289268	-1316
8.5631108284	-1420
8.56311488152	-1316
8.56327486038	-1368
8.56822490692	-957
8.64092183113	-1420
8.64093899727	-1316
8.6410009861	-1368
8.64144587517	-580
8.73334383965	-1420
8.73336291313	-1420
8.7334280014	-613
8.7334318161	-1368
8.73347687721	-1420
8.73347997665	-1316
8.73356890678	-1368
8.73371982574	543
8.80434393883	-957
8.82020497322	-1420
8.8202688694	-1316
8.82027482986	-1420
8.82029485703	-1316
8.8203868866	-1368
8.82050299644	-1368
8.90053081512	-132
8.90588998795	-1368
8.90612387657	-1420
8.90615391731	-1316
8.90638589859	-1420
8.90642690659	-1316
8.90655899048	-1420
8.90659880638	-1316
8.90690493584	-1420
8.90692687035	-1316
8.90701794624	-1368
8.90874099731	543
8.9740228653	-886
8.97419691086	543
8.97469782829	543
8.99488091469	-1420
8.99489688873	-1420
8.99495100975	-1264
8.99495387077	-1420
8.9949889183	-1316
8.99564480782	-1368
8.99606895447	-1368
8.99690198898	-1420
8.99692797661	-1316
8.99708390236	-1368
9.00347495079	1057
9.07344794273	-372
9.08057284355	-1420
9.08061695099	-1316
9.08062291145	-1368
9.0808608532	-1420
9.08086585999	-1316
9.08090496063	-1368
9.0809879303	-1420
9.08101201057	-1316
9.08122682571	-1368
9.14433503151	-1226
9.17645001411	-1420
9.17654395103	-1316
9.17655086517	-1368
9.17658495903	-1420
9.17658782005	-1316
9.17667102814	-1420
9.17667388916	-1316
9.17689085007	-1420
9.17689394951	-1316
9.17697191238	-1420
9.17697501183	-1316
9.17718482018	-1368
9.17746400833	1057
9.21453285217	-264
9.25070095062	1057
9.25180387497	-1368
9.25198197365	-1368
9.25267887115	-1420
9.25268483162	-1316
9.25362682343	-1420
9.25363397598	-1316
9.25386595726	-1420
9.25387096405	-1316
9.34591388702	-1052
9.350481987	-1420
9.35054588318	-1316
9.35055184364	-1420
9.3505859375	-1420
9.35058879852	-1264
9.35063195229	-1368
9.35063481331	-1420
9.35067200661	-1316
9.350938797	-1368
9.35346198082	543
9.42301797867	-198
9.42776203156	-1420
9.42783284187	-1420
9.42783999443	-1264
9.42816090584	-1420
9.42816591263	-1316
9.42913579941	-1368
9.51792883873	-646
9.52313494682	-1420
9.52315187454	-1316
9.5232629776	-1420
9.52326703072	-1316
9.52330589294	-1420
9.52330899239	-1316
9.52335691452	-1368
9.52676582336	543
9.53325295448	543
9.53389286995	543
9.53409790993	543
9.58702993393	-306
9.6225259304	-1420
9.62259292603	-1316
9.62259984016	-1368
9.69589686394	-66
9.69790697098	-1420
9.69794201851	-1316
9.76071190834	-377
9.76090502739	543
9.79675102234	-1420
9.79676699638	-1316
9.79681181908	-1368
9.84276890755	-66
9.88230085373	-1368
9.8824198246	-1420
9.88245582581	-1316
9.88245797157	-1368
9.91907095909	-240
9.91989803314	543
9.93188381195	543
9.96155595779	-1420
9.96157288551	-1316
9.96164679527	-1420
9.96165084839	-1420
9.96170783043	-1264
9.96171188354	-1368
9.98841691017	-646
10.0649700165	-1420
10.0649878979	-1316
10.0650529861	-1420
10.0650568008	-1316
10.0669238567	-1268
10.1485760212	-1420
10.1485939026	-1316
10.1615438461	-543
10.1861619949	-891
10.2628509998	-543
10.2628679276	-1420
10.2629430294	-1316
10.2631509304	-1420
10.2631938457	-1316
10.2632639408	-1368
10.2633039951	-1368
10.2633068562	-1420
10.26334095	-1316
10.3267049789	-1023
10.3601799011	-1420
10.3601980209	-1316
10.3602478504	-1368
10.3985788822	-609
10.4445238113	-1368
10.4654378891	-1231
10.4915668964	543
10.5284278393	1057
10.5351848602	-1057
10.6651070118	-1057
10.6657710075	543
10.6662268639	1057
10.7588670254	-543
10.8382918835	-1420
10.8383078575	-1316
10.8383638859	-1368
10.8385670185	543
10.8482239246	543
10.8820998669	-1368
10.882956028	-1368
10.8829889297	-1420
10.8829929829	-1316
10.8831620216	-1368
10.8838849068	543
10.8845279217	-1368
10.8847868443	-1368
10.8850078583	543
10.8861529827	-1368
10.8900308609	-1089
10.9269828796	-1368
10.9563369751	-203
10.9583528042	-1420
10.9583628178	-1316
10.9584720135	-1420
10.9584758282	-1316
10.9586620331	-1368
10.9587659836	-1420
10.9587898254	-1316
10.9588549137	-1368
11.026376009	-1420
11.0263948441	-1316
11.0264468193	-1368
11.0264508724	-1368
11.0266768932	543
11.0287928581	-264
11.058426857	-1420
11.0584988594	-1316
11.0585048199	-1368
11.0585429668	-1368
11.0587618351	-1420
11.0587878227	-1420
11.0587899685	-1264
11.0588738918	-1368
11.1216540337	-1420
11.1216719151	-1420
11.1217269897	-1264
11.1217298508	-1368
11.1256079674	-264
11.1541948318	-1420
11.1542108059	-1316
11.1551527977	-1368
11.1553139687	543
11.1553800106	-1368
11.1562099457	-1368
11.1573560238	-1420
11.1573598385	-1316
11.1574759483	-1368
11.1575078964	543
11.1919138432	-1420
11.1919288635	-1420
11.1919820309	-1264
11.1920628548	-1368
11.2065489292	-264
11.225703001	-1420
11.2257637978	-1316
11.2257688046	-1368
11.2260279655	-1368
11.2260308266	-1420
11.226118803	-1420
11.2261219025	-1264
11.2261588573	-1368
11.2586569786	1460
11.2587368488	625
11.3061130047	-1023
11.3183758259	-1420
11.3184390068	-1316
11.3184449673	-1368
11.3875038624	-609
11.397536993	-1420
11.3975830078	-1316
11.3976738453	543
11.4658308029	-891
11.5699629784	-543
11.6905670166	-543
12.8449468613	-1057
13.2903549671	-1057
13.3333959579	1460
13.3335018158	111
13.3342888355	1460
13.3343548775	1460
13.3344190121	1161
13.3344638348	1460
13.3345229626	171
13.3348739147	1057
13.5183498859	-1368
13.5184018612	-1420
13.518435955	-839
13.5185759068	543
13.5895709991	-1420
13.5895879269	-1420
13.5896449089	-953
13.5896468163	-1368
13.5896828175	-1368
13.5898549557	-1420
13.589881897	-1316
13.5898849964	-1368
13.5900268555	-1368
13.6837990284	-509
13.6862988472	-1420
13.6863238811	-1316
13.6880249977	-1368
13.6881418228	543
13.7560529709	-66
13.7819478512	-1420
13.7820158005	-1420
13.7820208073	-1264
13.8483889103	-66
13.8509159088	-1420
13.8509659767	-1420
13.8509709835	-1264
13.9374530315	-66
13.9468510151	-1420
13.9469299316	-1316
13.9469368458	-1368
14.0182979107	-66
14.0371639729	-1420
14.0372319221	-1316
14.0824959278	-377
14.0847699642	543
14.0854408741	543
14.1124978065	1057
14.2660768032	-543
14.3611969948	-1368
14.361399889	-1368
14.3971889019	-377
14.4307918549	-1420
14.430809021	-1316
14.4628009796	-891
14.4682579041	-1368
14.5251269341	-1420
14.5251460075	-1420
14.5252017975	-1264
14.528553009	-240
14.6054129601	-1057
14.6074428558	543
14.6081929207	1057
14.8371458054	-1420
14.8371658325	-151
14.9713709354	-1057
14.9835679531	1057
15.0020358562	1057
15.2022109032	-543
15.2681050301	543
15.2682228088	543
15.2683649063	543
15.2684829235	543
15.2705748081	-543
15.3044729233	-1420
15.3045358658	-1316
15.3354098797	-891
15.3374679089	543
15.3383409977	1057
15.395387888	-543
15.4609718323	-1420
15.4610350132	-1316
15.4906229973	-891
15.4926760197	543
15.4934308529	543
15.6126890182	-543
15.6810438633	-543
15.8087978363	-543
15.9629969597	-1420
15.9630470276	-665
15.9742410183	543
15.9844648838	1460
15.9845588207	111
16.1852838993	-1420
16.1853079796	-1420
16.1853659153	-787
16.2655608654	543
16.2876958847	-1420
16.2877650261	-1420
16.2878088951	-273
16.3433640003	1057
16.3833918571	-1420
16.38346982	-1420
16.383507967	-787
16.3836779594	543
16.448704958	-1420
16.4487199783	-1420
16.4487848282	-273
16.5339109898	-1057
16.5449819565	-1420
16.5450339317	-1316
16.6132619381	-891
16.6433038712	-1420
16.6433429718	-1420
16.6434338093	-1420
16.6434409618	-1420
16.6435008049	-1160
16.6437468529	543
16.7084319592	-957
16.7206950188	-1420
16.7207479477	-1316
16.723238945	-1420
16.7232840061	-1316
16.7983829975	-1268
16.8035759926	-1368
16.8963119984	-717
16.897840023	-1420
16.8978459835	-1420
16.8978869915	-1264
16.9669599533	-1094
16.9972798824	-1420
16.9972958565	-1316
16.997358799	-1368
17.0658078194	-66
17.0664298534	543
17.0668458939	1057
17.2791960239	-1420
17.279214859	-1316
17.2792699337	-891
17.2793958187	543
17.372948885	-1420
17.3729739189	-665
17.3730208874	-1368
17.4397268295	-717
17.4578800201	-1420
17.457928896	-1316
17.5172719955	-891
17.5532100201	1057
17.5624198914	543
17.5743257999	543
17.5918040276	-543
17.6648828983	1057
17.6811499596	543
17.689677	-1368
17.6897649765	-1368
17.7279348373	-891
17.7300348282	543
17.7307708263	543
17.8019938469	-1057
17.9266300201	-543
17.9278748035	543
17.9284689426	1057
17.9978690147	-1420
17.997895956	-1316
18.0021109581	-891
18.0023369789	543
18.0284099579	-1368
18.0881359577	-1231
18.0889379978	-1420
18.0889530182	-1316
18.1200408936	-1420
18.1200559139	-1316
18.1201119423	-1368
18.1547398567	-957
18.1718449593	-1420
18.1718609333	-1316
18.1726279259	-1368
18.1730189323	-1368
18.174216032	-1420
18.1742830276	-1316
18.1744549274	-1368
18.1746828556	-1368
18.1747648716	543
18.2180049419	-1023
18.253374815	-1368
18.2534298897	-1420
18.2534358501	-1316
18.2535259724	-1420
18.2535300255	-1316
18.2536609173	-1368
18.2540109158	-1420
18.2540578842	-1420
18.2540609837	-1264
18.2540979385	-1368
18.2542238235	543
18.3329248428	-372
18.3499858379	-1368
18.4209330082	-203
18.4276249409	543
18.4325318336	-1420
18.4325389862	-1316
18.5133218765	-377
18.5160439014	-1368
18.5185239315	543
18.5975759029	-203
18.5982928276	-1368
18.6801400185	-717
18.7068679333	-1420
18.7069330215	-1316
18.7813780308	-377
18.8253438473	-1420
18.8253588676	-1420
18.8254199028	-1264
18.9057569504	-66
18.9061470032	543
18.9930899143	-1057
18.999576807	543
19.2517988682	-1420
19.251819849	-1316
19.251857996	-891
19.3528358936	-1368
19.3720149994	-717
19.4485549927	-1057
19.455878973	543
19.6893489361	-1420
19.6893668175	-1420
19.689426899	-273
19.7912828922	-1420
19.7913520336	-1420
19.7913928032	-787
19.883728981	-1420
19.8838670254	-665
19.8839628696	-1368
19.9574019909	-717
19.9575619698	543
19.9602489471	-1368
20.0146889687	-717
20.052038908	-1368
20.0890669823	-203
20.0957698822	543
20.1578350067	-1057
20.3140339851	-1420
20.314054966	-1420
20.314111948	-273
20.4358990192	-1420
20.4359278679	-151
20.536552906	-1420
20.5365688801	-1420
20.5366280079	-787
20.6128919125	-1420
20.6129088402	-665
20.6166980267	-1368
20.688836813	-717
20.7054300308	-1420
20.7054460049	-1316
20.7055048943	-1368
20.7612478733	-580
20.7953088284	-1368
20.8292448521	-203
