0	543
1.29849720001	543
2.52354216576	1057
2.9737970829	-543
3.18791913986	-1368
3.18799710274	-203
5.17399406433	1057
5.39639115334	-543
5.65036320686	-543
5.88449621201	-1368
5.88456010818	-203
5.9781870842	-1368
5.97823619843	-1368
5.99979805946	543
5.99987506866	543
6.01218700409	-377
6.01471209526	543
6.14285707474	1057
6.42428302765	-543
6.51845622063	-1368
6.53137516975	-1368
6.60622906685	-406
6.60699415207	543
6.84663915634	-543
7.08452606201	-1368
7.08457016945	-1231
7.15871214867	543
7.63501405716	-1368
7.6350440979	-203
7.6352891922	-1368
7.63531899452	-1368
7.64810705185	-1368
7.64815807343	-1368
7.72947311401	-1368
7.72959899902	-1368
7.72968220711	-1368
7.7628800869	-820
7.81563305855	543
8.30464315414	-1368
8.30469703674	-203
8.31776309013	-1368
8.3178191185	-1368
8.41020321846	-1368
8.43250608444	-1094
8.43301701546	543
8.43588614464	1368
8.56095409393	232
9.01503109932	-1368
9.01508522034	-1368
9.01512503624	-377
9.09995102882	-543
9.11884021759	-1368
9.11891317368	-1368
9.18226003647	-377
9.1828391552	543
10.8581621647	1057
11.3714551926	-543
11.9999451637	543
12.0296120644	1057
12.2273640633	-543
