0	543
3.99068713188	543
4.01083111763	543
4.39375710487	-543
4.99998211861	543
5.02453899384	-1057
6.30197405815	1057
6.90380620956	-543
7.39573001862	-543
7.699696064	-1420
7.69975614548	-1316
7.69978618622	-891
7.85162401199	-1057
7.85275220871	543
7.85417699814	543
7.88275909424	543
8.30050420761	-543
8.40389299393	-1368
8.49226117134	-1231
8.64353108406	-543
8.64393305779	543
9.39631319046	-1368
9.39688920975	-1231
9.43525314331	543
10.1764111519	-1420
10.176431179	-1420
10.1764922142	-787
10.1996541023	-1420
10.1997020245	-1420
10.1997060776	-1264
10.2885069847	-1420
10.2885301113	-1316
10.3056931496	-957
10.3321251869	543
11.0905201435	-543
11.1923210621	-1420
11.1923902035	-1316
11.2243070602	-1420
11.2243750095	-1316
11.2884020805	-754
11.2893412113	543
11.2902240753	1057
11.9891190529	-1420
11.98914814	-1420
11.9892201424	-787
11.98945117	543
12.0743911266	-1368
12.1239681244	-1231
12.2606220245	-543
12.4924800396	-1420
12.492549181	-1420
12.49259305	-787
12.6517090797	-1057
12.6535270214	543
13.2883679867	-543
13.3433220387	543
13.3491630554	543
13.999805212	-543
14.3037161827	-1368
14.3044850826	-203
14.3046832085	543
14.3238770962	543
14.3352630138	543
14.800673008	-543
15.169834137	1057
