0	543
1.00028514862	543
1.33976697922	1057
1.56355810165	-543
1.66478919983	-1420
1.6648581028	-1420
1.66489720345	-1264
1.68099498749	-95
1.68116307259	543
1.68328905106	543
1.68513607979	543
1.70132398605	543
1.70164513588	543
1.70186805725	543
2.00122117996	-543
2.0463039875	-1368
2.05201101303	-1368
2.09229016304	-1368
2.09438610077	543
2.10243415833	-1420
2.10244011879	-1316
2.10282111168	543
2.1583480835	-1131
2.16155219078	543
2.16989803314	543
2.17012906075	543
2.31995511055	-543
2.47168207169	-1420
2.47173213959	-1316
2.47714400291	-464
2.50305008888	-1368
2.59475898743	-1318
2.59565711021	543
2.82530212402	-543
2.87154817581	-1420
2.87161517143	-1316
2.87515616417	-1420
2.87518119812	-1316
2.98902606964	-812
3.02976799011	543
3.03387904167	1057
3.0389521122	1057
3.04549407959	543
3.04961419106	1057
3.26108908653	-543
3.2614171505	-1420
3.26146697998	-1316
3.26204419136	-1420
3.26208615303	-1316
3.30694699287	-1420
3.30701208115	-1316
3.31015205383	-1368
3.31457304955	-1368
3.31542015076	-1368
3.31573009491	-1420
3.31577515602	-1316
3.3791680336	-1420
3.37923598289	-1420
3.37927412987	-1420
3.37931013107	-1212
3.37952613831	-1420
3.37953209877	-1420
3.37957215309	-1264
3.37962317467	543
3.42449212074	-1420
3.42450904846	-1420
3.4245660305	-1264
3.43235421181	-1420
3.43241214752	-1420
3.43241500854	-1264
3.43255805969	543
3.43319106102	-1420
3.43319606781	-1420
3.43324708939	-1420
3.43324899673	-1212
3.49673509598	-1420
3.4967520237	-1420
3.49680709839	-1420
3.49681019783	-1420
3.49684500694	-1160
3.49703121185	543
3.49721503258	-1420
3.49721813202	-1420
3.49724006653	-1264
3.4972422123	-1368
3.54227399826	-1420
3.5422911644	-1420
3.54235315323	-1420
3.54235601425	-1212
3.54997205734	-1420
3.54998397827	-1420
3.55005812645	-1420
3.55006098747	-1212
3.55063605309	-1420
3.55064201355	-1420
3.55066514015	-1264
3.55076909065	-1420
3.55079102516	-1316
3.55090618134	543
3.61440420151	-1420
3.61442518234	-1420
3.61448311806	-1420
3.61448597908	-1420
3.61452102661	-1160
3.61452412605	-1368
3.61468720436	-1420
3.61469101906	-1420
3.61473107338	-1264
3.61473298073	-1368
3.61641120911	-1420
3.61641597748	-1316
3.61652803421	543
3.65991806984	-1420
3.65992903709	-1420
3.65998220444	-1420
3.65998506546	-1212
3.66002011299	-1368
3.66738700867	-1420
3.66744112968	-1420
3.6674451828	-1420
3.66748714447	-1212
3.66805100441	-1420
3.66809415817	-1420
3.6680970192	-1264
3.66813611984	-1420
3.66818213463	-1316
3.66848301888	-1420
3.66848707199	-1420
3.66852807999	-1264
3.73233318329	-1420
3.73235011101	-1420
3.73240709305	-1420
3.73241019249	-1212
3.7324461937	-1420
3.73244905472	-1316
3.73263406754	543
3.73277521133	-1420
3.73277902603	-1420
3.73282003403	-1420
3.73282313347	-1212
3.73286104202	-1368
3.73422718048	-1420
3.73429608345	-1316
3.73430013657	-1420
3.7343351841	-1316
3.7773411274	-1420
3.77734899521	-1420
3.77739620209	-1264
3.77739906311	-1368
3.777531147	-1420
3.77753520012	-1420
3.77757501602	-1264
3.777739048	1057
3.78512501717	-1420
3.7851421833	-1420
3.78519701958	-1420
3.78519916534	-1212
3.78523421288	-1368
3.7854821682	-1420
3.78552603722	-1420
3.78552913666	-1420
3.78556418419	-1212
3.78564119339	-1420
3.78568911552	-1316
3.78578901291	-1368
3.78590321541	-1368
3.78610610962	-1420
3.78614997864	-1420
3.78615307808	-1264
3.85016417503	-1420
3.85025811195	-1420
3.85031509399	-1420
3.85031819344	-1212
3.85035419464	-1420
3.85035610199	-1420
3.85040307045	-1264
3.85040616989	-1420
3.85045099258	-1420
3.85045409203	-1264
3.85048818588	-1420
3.85049104691	-1316
3.85052704811	-1368
3.85065817833	543
3.8519589901	-1420
3.85196399689	-1420
3.85200405121	-1420
3.85200715065	-1212
3.85207104683	-1420
3.85207414627	-1420
3.85211205482	-1264
3.89496016502	-1420
3.89497303963	-1420
3.89502310753	-1420
3.89502620697	-1420
3.89506101608	-332
3.89520311356	1057
3.89565515518	543
3.96421408653	1460
3.96431016922	111
3.97349905968	1057
3.98050403595	543
3.98491215706	1460
3.98499011993	111
4.00956702232	1057
4.1178150177	1057
4.13195514679	1057
4.15291213989	1057
4.19008016586	1057
4.22253012657	-543
4.22340011597	-1368
4.22465515137	-1420
4.22466015816	-1316
4.22468900681	-1420
4.22469305992	-1316
4.22484707832	-1368
4.22489905357	543
4.22541117668	-1420
4.22541499138	-1316
4.22550821304	-1420
4.22551202774	-1316
4.23228502274	-1420
4.23229312897	-1316
4.23236298561	-1368
4.23246717453	-1420
4.2325091362	-1316
4.23257517815	-1368
4.23301815987	-1368
4.27443099022	-1368
4.27485013008	-1420
4.27489304543	-1420
4.2749311924	-1264
4.2749671936	-1368
4.3410680294	-1420
4.34113311768	-1420
4.34113717079	-1264
4.34132003784	543
4.34215903282	-1420
4.34216403961	-1420
4.34220600128	-1264
4.3423640728	-1420
4.34238815308	-1316
4.34243416786	-1368
4.34317517281	-1420
4.3431789875	-1316
4.34327816963	-1420
4.34328103065	-1420
4.34331917763	-1420
4.34332108498	-1212
4.34338116646	-1368
4.34348917007	543
4.3499519825	-1420
4.34995818138	-1420
4.3500020504	-1264
4.35008716583	-1420
4.35012817383	-1420
4.35013008118	-1420
4.35016417503	-1212
4.35028100014	543
4.35057020187	-1368
4.35071110725	-1420
4.3507540226	-1316
4.39251613617	-1420
4.39253211021	-1420
4.39258909225	-1420
4.3925921917	-1212
4.39264202118	-1368
4.43257904053	-1420
4.43259000778	-1316
4.45891809464	-1420
4.45893311501	-1420
4.45899510384	-1420
4.45899820328	-1212
4.45979905128	-1420
4.45980405807	-1420
4.45984506607	-1420
4.45984721184	-1212
4.4598929882	-1420
4.45989513397	-1316
4.46008515358	-1368
4.46011710167	543
4.46093702316	-1420
4.46094298363	-1420
4.46104121208	-1420
4.4610440731	-1212
4.46108317375	-1420
4.46108603477	-1420
4.46112012863	-1264
4.46112203598	-1420
4.46115708351	-1316
4.46132421494	543
4.46739602089	-1420
4.46740317345	-1420
4.46745705605	-1420
4.46746110916	-1212
4.46756100655	-1420
4.46756601334	-1316
4.46762514114	-1420
4.46762800217	-1420
4.46766710281	-1264
4.46766901016	-1368
4.46836805344	-1420
4.46837115288	-1420
4.4684112072	-1420
4.4684150219	-1212
4.47274017334	543
4.5101211071	-1420
4.51014208794	-1420
4.51019215584	-1420
4.51019501686	-1212
4.51022100449	-1420
4.51022315025	-1420
4.51024007797	-1264
4.51044797897	543
4.55022120476	-1420
4.55023813248	-1420
4.55029416084	-1264
4.57655620575	-1420
4.57663321495	-1420
4.57663702965	-1420
4.57667613029	-1212
4.57667899132	-1368
4.57734799385	-1420
4.57735300064	-1316
4.57752299309	-1420
4.5775270462	-1316
4.57757115364	-1420
4.57757401466	-1316
4.57761502266	-1420
4.5776181221	-1316
4.57777905464	543
4.57845902443	-1420
4.57846498489	-1420
4.57850718498	-1264
4.57860612869	-1420
4.57865309715	-1420
4.5786550045	-1420
4.57869005203	-1212
4.57875204086	-1420
4.57881808281	-1420
4.57881999016	-1264
4.57885813713	-1420
4.57886004448	-1420
4.57890200615	-1264
4.58276319504	543
4.58496308327	-1420
4.58501505852	-1420
4.58506011963	-1420
4.58506298065	-1212
4.58510017395	-1420
4.58510303497	-1420
4.58514308929	-1264
4.58514618874	-1368
4.58526802063	-1368
4.58543109894	-1420
4.58548021317	-1316
4.58548212051	-1368
4.58558702469	543
4.58594417572	-1420
4.58595013618	-1316
4.58603215218	-1420
4.5860350132	-1420
4.58607316017	-1264
4.58607602119	-1368
4.62760519981	-1420
4.62762308121	-1420
4.62771511078	-1420
4.62771916389	-1420
4.62777018547	-1160
4.62777304649	-1420
4.62781000137	-1316
4.62781214714	-1420
4.62784814835	-1316
4.62826299667	543
4.63023400307	543
4.63072919846	543
4.66778802872	-1420
4.66780304909	-1420
4.66785812378	-1420
4.6678609848	-1212
4.67591714859	543
4.68296098709	1460
4.68304204941	1139
4.69449901581	-1420
4.69451403618	-1420
4.69457697868	-1420
4.69458007812	-129
4.71434497833	543
4.71493911743	1460
4.71498703957	1139
4.74444413185	543
4.74506211281	1460
4.74511003494	625
4.9369790554	-543
4.96956801414	-1368
4.97006201744	-1368
4.97026610374	-1420
4.97032618523	-1420
4.97033905983	-1264
4.97058320045	-1420
4.97058820724	-1316
4.97063803673	-1368
4.97099900246	-1420
4.97104406357	-1420
4.97104716301	-1264
4.97113013268	-1420
4.9711329937	-1316
4.98072814941	-1420
4.98073720932	-1420
4.9807870388	-1264
4.98158812523	-1420
4.98164010048	-1420
4.98164319992	-1264
4.98225402832	543
4.98264312744	-1368
4.98584198952	-1368
4.98608899117	-1368
4.98615598679	-1420
4.98620605469	-1420
4.98620915413	-1264
4.98625516891	-1420
4.98625802994	-1420
4.98629498482	-1264
4.9864192009	-1420
4.98646116257	-1316
4.98651719093	-1420
4.98656415939	-1316
4.9866809845	543
4.98738312721	-1420
4.987388134	-1420
4.987429142	-1264
4.98743200302	-1368
4.98748707771	-1420
4.98748898506	-1316
5.01942300797	-1368
5.01966905594	-1420
5.01970219612	-1316
5.01979804039	-1420
5.01983904839	-1420
5.01984214783	-1264
5.01987814903	-1368
5.02000212669	-1420
5.02004313469	-1316
5.02004504204	-1368
5.02008914948	-1420
5.02009105682	-1316
5.02025318146	-1420
5.02025604248	-1316
5.0203461647	-1368
5.02068114281	-1420
5.02074718475	-1316
5.02075219154	-1368
5.02075314522	-1420
5.02075409889	-1316
5.02085399628	-1368
5.02977800369	543
5.03015613556	543
5.08734416962	-1420
5.08736205101	-1420
5.08740901947	-1264
5.0877840519	-1420
5.08787107468	-1316
5.08787512779	-1420
5.08791017532	-1316
5.08826112747	-1420
5.08830213547	-1316
5.08851909637	-1420
5.08856701851	-1420
5.08857011795	-1420
5.08860516548	-1212
5.08860707283	-1420
5.08865499496	-1316
5.08865714073	-1420
5.08869504929	-1316
5.0888671875	-1420
5.0889070034	-1316
5.09187221527	543
5.09208297729	543
5.0983581543	-1420
5.09837198257	-1420
5.09842920303	-1420
5.09843206406	-1212
5.0990550518	-1420
5.09905815125	-1420
5.09910511971	-1420
5.09910702705	-1212
5.10355520248	-1420
5.10356116295	-1420
5.1036272049	-1264
5.10363006592	-1420
5.10366916656	-1316
5.10378599167	-1420
5.10382914543	-1316
5.10391020775	-1420
5.10393309593	-1316
5.10407805443	-1420
5.104129076	-1316
5.10413217545	-1368
5.10421609879	-1420
5.10421800613	-1420
5.10425209999	-1264
5.10431718826	-1420
5.10435605049	-1420
5.10435819626	-1264
5.1044690609	543
5.10525608063	-1420
5.10526108742	-1316
5.10538601875	-1420
5.10539007187	-1420
5.10542798042	-1420
5.10543012619	-1212
5.1054751873	-1420
5.10547709465	-1316
5.10558104515	543
5.13757300377	-1420
5.13759016991	-1420
5.13773202896	-1420
5.1377351284	-1420
5.13782000542	-1420
5.13782310486	-1108
5.13791108131	-1420
5.13791418076	-1420
5.13795304298	-1264
5.13795614243	-1420
5.13799309731	-1420
5.13799619675	-1264
5.13806009293	-1420
5.13806200027	-1420
5.13810014725	-1264
5.1381020546	-1420
5.13815402985	-1420
5.13815617561	-1264
5.13819217682	-1368
5.13834214211	543
5.13840413094	-1420
5.13840699196	-1420
5.13840913773	-1420
5.1384100914	-1420
5.13841104507	-1420
5.13841199875	-1420
5.13841319084	-1056
5.13856601715	-1420
5.13857007027	-1420
5.13857102394	-1264
5.13886213303	543
5.20486807823	-1420
5.20488500595	-1420
5.20494008064	-1420
5.20494318008	-1212
5.20515608788	543
5.20519900322	-1420
5.20529913902	-1420
5.20532202721	-1264
5.20532917976	-1368
5.20559120178	-1420
5.20559501648	-1316
5.20568609238	543
5.20586800575	-1420
5.20587205887	-1420
5.20591306686	-1264
5.20599102974	-1420
5.20601320267	-1316
5.20611310005	-1368
5.20620512962	-1420
5.20620799065	-1316
5.20623016357	-1368
5.20674920082	-1420
5.20679211617	-1420
5.20679521561	-1264
5.20688319206	-1368
5.20688605309	-1420
5.20692801476	-1420
5.2069311142	-1420
5.2069671154	-1212
5.20696902275	-1368
5.21584701538	-1420
5.21585917473	-1420
5.21590900421	-1420
5.21591114998	-1212
5.21594619751	-1368
5.21654415131	-1368
5.21670198441	-1420
5.2167069912	-1420
5.21674609184	-1420
5.21674919128	-1212
5.22144317627	-1420
5.22144913673	-1316
5.2215950489	-1420
5.22159814835	-1420
5.22165417671	-1420
5.22165703773	-1212
5.22172212601	-1420
5.22172403336	-1316
5.22179818153	543
5.22186112404	-1420
5.22186303139	-1420
5.22186398506	-1264
5.22192120552	-1420
5.22192311287	-1420
5.22192406654	-1264
5.22202014923	-1420
5.22202301025	-1420
5.22202420235	-1264
5.22214913368	-1368
5.22231411934	-1368
5.22243309021	-1420
5.22243714333	-1420
5.22243905067	-1264
5.22250103951	-1420
5.22250413895	-1420
5.22250509262	-1264
5.22272920609	543
5.22277498245	-1420
5.22277808189	-1420
5.22277903557	-1264
5.22282600403	-1368
5.2229681015	-1420
5.22297120094	-1316
5.22304105759	-1420
5.22304320335	-1420
5.22304415703	-1264
5.2231760025	-1420
5.22317910194	-1316
5.22367310524	543
5.2552781105	-1420
5.2552959919	-1420
5.25533604622	-1420
5.25533819199	-1212
5.25535702705	-1420
5.25535917282	-1316
5.25547409058	-1420
5.25547719002	-1420
5.25551700592	-1264
5.25551915169	-1420
5.25555610657	-1316
5.25562405586	-1368
5.25594305992	-1420
5.25594615936	-1316
5.25599002838	-1420
5.25599312782	-1316
5.2560441494	-1368
5.25614905357	-1420
5.25618720055	-1316
5.25651812553	-1420
5.25652217865	-1420
5.25652313232	-1264
5.256524086	-1420
5.25652503967	-1316
5.25667214394	-1420
5.25667500496	-1420
5.25667905807	-1420
5.25668001175	-1420
5.25668120384	-1420
5.25668215752	-1108
5.25687217712	-1420
5.25687599182	-1420
5.25687718391	-1420
5.25687909126	-1420
5.25688099861	-1420
5.25690603256	-1108
5.25690698624	-1368
5.25703215599	-1368
5.26023817062	543
5.26042413712	543
5.26070308685	543
5.32265114784	-1420
5.32266807556	-1420
5.32273006439	-1420
5.32273316383	-1420
5.32276916504	-1160
5.3229701519	-1420
5.32301306725	-1420
5.32301616669	-1420
5.32305812836	-1212
5.32311701775	-1420
5.32315707207	-1420
5.32316017151	-1264
5.32319498062	-1368
5.32330608368	543
5.32345318794	543
5.32384109497	-1420
5.32384610176	-1316
5.32407712936	-1368
5.32432198524	-1420
5.32436299324	-1420
5.32436513901	-1420
5.32439899445	-1420
5.32440209389	-1420
5.32444500923	-1108
5.32444810867	-1368
5.32451105118	-1368
5.32469820976	-1420
5.3247461319	-1316
5.32480716705	-1420
5.32483816147	-1420
5.32484006882	-1420
5.32485604286	-1212
5.32493305206	-1420
5.32497406006	-1316
5.32508206367	-1420
5.32508516312	-1420
5.32508707047	-1264
5.325548172	543
5.33368206024	-1420
5.3336892128	-1420
5.33374118805	-1264
5.3337430954	-1420
5.33378219604	-1316
5.33378505707	-1420
5.33382105827	-1420
5.33382320404	-1264
5.33402609825	543
5.33436012268	-1420
5.33436512947	-1420
5.33440613747	-1264
5.33440899849	-1420
5.33445310593	-1316
5.33445501328	-1368
5.3392829895	-1420
5.33929204941	-1420
5.33936405182	-1264
5.33936810493	-1420
5.33941912651	-1316
5.33942198753	-1368
5.33953905106	-1420
5.3395421505	-1316
5.33965206146	543
5.33972811699	-1420
5.33973097801	-1420
5.3397321701	-1264
5.33994317055	-1420
5.33998608589	-1420
5.33998918533	-1420
5.34005498886	-1420
5.34005713463	-1160
5.34010410309	-1420
5.34010720253	-1316
5.34014606476	-1420
5.3401491642	-1420
5.3402121067	-1264
5.34021520615	-1420
5.34028315544	-1420
5.34028601646	-1264
5.34032320976	-1420
5.34032511711	-1420
5.34037017822	-1264
5.34038209915	-1420
5.34041905403	-1420
5.3404211998	-1264
5.34059309959	-1420
5.34059715271	-1420
5.34059810638	-1264
5.34059906006	-1420
5.34060001373	-1420
5.34060120583	-1264
5.34072518349	-1420
5.34072804451	-1316
5.34072899818	-1368
5.34086918831	-1420
5.34087300301	-1420
5.34087514877	-1264
5.34087610245	-1420
5.34087705612	-1316
5.34101104736	-1420
5.34103703499	-1420
5.34103798866	-1264
5.34103918076	-1368
5.34107804298	-1368
5.3415081501	543
5.3417391777	543
5.34188199043	543
5.37278103828	-1420
5.37279701233	-1420
5.37285399437	-1264
5.37285709381	-1420
5.37289214134	-1316
5.37318515778	-1420
5.37322616577	-1420
5.37322807312	-1420
5.37329006195	-1212
5.37329220772	-1420
5.37333011627	-1316
5.37340021133	-1420
5.37344002724	-1316
5.3735229969	-1420
5.37356209755	-1316
5.37409806252	-1420
5.37413716316	-1420
5.37414002419	-1264
5.37420415878	-1420
5.37423110008	-1420
5.37423205376	-1264
5.37423419952	-1368
5.37527108192	-1420
5.37527418137	-1420
5.37527513504	-1264
5.37531614304	-1420
5.37531900406	-1420
5.37532019615	-1264
5.37553811073	-1368
5.37554121017	-1420
5.37554216385	-1316
5.37565207481	-1420
5.37565612793	-1420
5.3756570816	-1264
5.37574911118	-1420
5.37575316429	-1420
5.37575411797	-1264
5.37575507164	-1368
5.37590718269	-1420
5.37591099739	-1420
5.37591218948	-1264
5.37601017952	-1420
5.37601304054	-1420
5.37601399422	-1264
5.37628817558	-1420
5.37629318237	-1420
5.37629508972	-1420
5.3762960434	-1420
5.37629699707	-1160
5.37629818916	-1368
5.37638306618	543
5.37657308578	543
5.37858700752	1086
5.37861013412	-1420
5.37861919403	-1316
5.44036412239	-1420
5.44038510323	-1420
5.44044303894	-1420
5.44044613838	-1212
5.44048213959	-1420
5.44048500061	-1316
5.44054698944	-1420
5.44055008888	-1316
5.44082212448	-1420
5.44082403183	-1420
5.4408659935	-1264
5.44086909294	-1420
5.44090819359	-1420
5.44091105461	-1420
5.44094610214	-1212
5.44107317924	543
5.44175219536	-1420
5.44175815582	-1420
5.44180011749	-1420
5.44180297852	-1420
5.44183707237	-1160
5.44190716743	543
5.44207620621	-1420
5.44207906723	-1420
5.44211912155	-1264
5.44212198257	-1368
5.44224905968	-1420
5.44225215912	-1420
5.44229602814	-1264
5.4422981739	-1420
5.44233608246	-1316
5.44238400459	-1420
5.44242215157	-1420
5.44242501259	-1264
5.44270515442	-1420
5.44270801544	-1420
5.44271016121	-1264
5.44271111488	-1420
5.44271206856	-1420
5.44271302223	-1420
5.44271421432	-1212
5.44271612167	-1420
5.44271612167	-1420
5.44271802902	-1264
5.44293808937	-1420
5.44294214249	-1420
5.44294309616	-1420
5.44294404984	-1212
5.44309616089	543
5.44313812256	-1368
5.44330906868	543
5.45126199722	-1420
5.4512720108	-1420
5.45132303238	-1420
5.45132708549	-1212
5.45135807991	-1420
5.45135998726	-1420
5.45138406754	-1264
5.45138716698	-1368
5.45146298409	-1420
5.45146608353	-1420
5.4514939785	-1264
5.4517891407	-1420
5.45183110237	-1420
5.45183420181	-1420
5.45186805725	-1212
5.45197701454	543
5.45201420784	-1420
5.45201706886	-1420
5.45201706886	-1264
5.45737504959	-1420
5.45742106438	-1420
5.45742416382	-1420
5.45746016502	-1212
5.49955916405	-1420
5.49956607819	-1420
5.4995970726	-1159
5.50968909264	543
5.56996011734	-1368
5.57019400597	-1420
5.57026720047	-1420
5.57027101517	-1264
5.57031702995	-1420
5.57032012939	-1420
5.57036399841	-1264
5.5705010891	-1420
5.57054400444	-1420
5.57054805756	-1264
5.57091712952	-1420
5.57092213631	-1420
5.5709631443	-1264
5.57135105133	543
5.57507014275	-1068
5.59370708466	-1420
5.59378218651	-1420
5.59378600121	-1420
5.59382510185	-1212
5.5938270092	-1368
5.59404611588	-1420
5.59405112267	-1316
5.59416913986	-1368
5.59423303604	543
5.59451007843	-1420
5.59451508522	-1316
5.59455513954	-1368
5.59544610977	-1420
5.59549307823	-1316
5.59549617767	-1368
5.59572815895	-1420
5.59573316574	-1316
5.60629820824	-1368
5.60631608963	-1368
5.60635709763	-1420
5.60635900497	-1316
5.6065351963	-1420
5.60653805733	-1316
5.60657906532	-1368
5.60662198067	-1368
5.61617207527	-1420
5.61618709564	-1420
5.61624312401	-1264
5.61637306213	543
5.61920118332	-1368
5.69282817841	-884
5.76283407211	543
5.82339715958	1057
6.04961419106	-543
6.04973506927	-1368
6.09515810013	-1420
6.09524321556	-1316
6.09906101227	-1420
6.09913015366	-1420
6.099173069	-1264
6.16727614403	-1218
6.16744613647	543
6.16787099838	543
6.28453397751	-543
6.39523100853	-1368
6.40244102478	-232
6.44469308853	-1368
6.51018118858	-1368
6.51133418083	-1420
6.5114440918	-1420
6.5114531517	-1264
6.51424598694	543
6.51539516449	543
6.51975011826	-16
6.51982212067	543
6.55551409721	-1420
6.55552101135	-1420
6.55554413795	-1264
6.55981612206	-1368
6.67290711403	-298
6.88759016991	-543
6.97778820992	-1368
7.04460215569	-1289
7.04627513885	1460
7.04639315605	111
7.68732905388	-543
7.9114689827	-1086
7.91646909714	1460
7.91652297974	111
8.24840021133	-543
8.56624412537	-543
8.72337603569	-543
