0	-543
0.253463029861	543
0.602427005768	-543
1.66401696205	-543
3.71895503998	543
3.93365001678	-543
3.93388390541	543
4.1357178688	-1420
4.13573598862	-1420
4.13578987122	-439
4.25247693062	-920
4.25474381447	543
4.25653600693	543
4.28675603867	543
4.44622898102	-543
4.44819092751	-543
4.4503018856	543
4.60292696953	-543
4.6031370163	543
4.64557003975	-543
4.68598484993	-1368
4.7996969223	-775
4.80186986923	543
4.83745384216	-543
4.83777689934	-1420
4.83783698082	-1316
4.95480203629	-920
4.96549797058	543
4.97401499748	543
4.98889899254	-543
4.98900604248	543
5.13820195198	-543
5.16488003731	-543
5.1650519371	543
5.27706384659	-543
5.27732896805	-1368
5.38912892342	-203
5.39012789726	-1368
5.50212788582	-746
5.50288391113	543
5.75969481468	-543
5.75976490974	-1420
5.7598028183	-1316
5.80280089378	-1420
5.80286693573	-1316
5.87659096718	-783
5.91689682007	543
5.92052984238	1057
5.93362402916	1057
5.93795490265	543
5.93934082985	543
5.94068193436	1057
6.13489794731	-1420
6.13496899605	-491
6.13500881195	-1368
6.13556003571	-1420
6.13561296463	-1316
6.13570189476	-1368
6.15385484695	-1420
6.15392804146	-1316
6.15408802032	543
6.23959088326	-1420
6.23960900307	-1316
6.25172686577	-1255
6.28476595879	-1420
6.2848238945	-1420
6.28482794762	-1264
6.33249998093	-1420
6.33251786232	-1420
6.33258295059	-1264
6.33301687241	-1420
6.33304095268	-1316
6.33343791962	-1368
6.33348083496	-1420
6.33348488808	-1316
6.33357381821	-1368
6.35615992546	-1420
6.35622787476	-1316
6.3563849926	543
6.35643696785	-1420
6.3564388752	-1316
6.35700583458	-1420
6.35701084137	-1316
6.35712695122	-1368
6.40181303024	-1420
6.40182685852	-1420
6.40187597275	-1420
6.40187883377	-1420
6.40192294121	-1420
6.40192604065	-1420
6.40196800232	-1056
6.40197086334	-1368
6.44935393333	-1420
6.44937181473	-1316
6.44942784309	-1420
6.44943094254	-1316
6.44977283478	-1420
6.44977688789	-1420
6.44984602928	-1264
6.44986081123	-1420
6.44989681244	-1316
6.44998598099	-1368
6.450111866	1057
6.45023584366	-1420
6.45023989677	-1420
6.45024085045	-1413
6.4599609375	-1368
6.46019887924	-1368
6.47306489944	-1420
6.47308301926	-1420
6.47317004204	-1420
6.47318482399	-1212
6.47322392464	-1420
6.47322702408	-1316
6.4732708931	-1420
6.47327303886	-1420
6.47327399254	-1264
6.4732940197	-1368
6.4735929966	543
6.47375798225	-1420
6.47376203537	-1316
6.51644897461	-1368
6.53287482262	-1368
6.53295493126	-1420
6.5329618454	-1420
6.53300690651	-1264
6.53300881386	-1368
6.53305697441	-1420
6.53307104111	-1316
6.53320503235	-1368
6.53345394135	-1368
6.53359293938	-1420
6.53359603882	-1316
6.53372883797	-1368
6.54999685287	-1368
6.55027794838	-1420
6.5502820015	-1420
6.5503218174	-1420
6.55032491684	-1212
6.55053782463	543
6.5578649044	-1420
6.55788493156	-1316
6.55804896355	543
6.56637001038	-1420
6.5663819313	-1316
6.56643199921	-1420
6.56643486023	-1420
6.56647896767	-1264
6.56669187546	-1420
6.56676983833	-1420
6.56677293777	-1264
6.56681799889	-1420
6.56681990623	-1420
6.566852808	-1420
6.56685495377	-1212
6.56685590744	-1420
6.56685686111	-577
6.63289880753	-1368
6.63333201408	-1420
6.63338685036	-1420
6.63339185715	-1264
6.63347196579	-1420
6.63347482681	-1316
6.6335940361	-1368
6.63367986679	543
6.63387703896	-1420
6.63391089439	-1316
6.63396692276	-1368
6.64652180672	-1420
6.6465678215	-1316
6.65176200867	-1420
6.65180492401	-1420
6.65180802345	-1420
6.65184187889	-1212
6.65244197845	-1420
6.65249180794	-1420
6.6524939537	-1264
6.65253186226	-1420
6.65254282951	-1316
6.65263986588	-1368
6.66154789925	-1420
6.66159892082	-1316
6.66172289848	1057
6.66179990768	-1368
6.66789102554	-1368
6.66799092293	-1420
6.66799497604	-1316
6.68362593651	-457
6.74263501167	-1420
6.74264883995	-1420
6.74269986153	-1264
6.74287295341	-1420
6.74287486076	-1420
6.74287581444	-1264
6.74321389198	-1420
6.7432179451	-1316
6.74336981773	-1368
6.74520683289	-1368
6.74534893036	-1420
6.74539089203	-1316
6.75635194778	-1420
6.75636100769	-1316
6.75640487671	-1368
6.75656294823	-1420
6.75665903091	-1316
6.75666284561	-1420
6.75670480728	-1420
6.75670790672	-1264
6.7567088604	-1368
6.7567448616	543
6.75693798065	543
6.75735783577	-1420
6.75736284256	-1420
6.75740289688	-1420
6.75740504265	-1212
6.75745797157	-1420
6.75745987892	-1316
6.75749397278	-1368
6.75753688812	-1368
6.75763082504	-1368
6.77660989761	-1420
6.77667403221	-1316
6.8399848938	-639
6.84019303322	543
6.84126901627	-1420
6.84127402306	-1420
6.84132289886	-1264
6.84311294556	-1368
6.84334492683	-1420
6.84334993362	-1316
6.84358000755	-1420
6.84358382225	-1316
6.8436319828	-1368
6.8456299305	-1420
6.8456568718	-1316
6.8460688591	-1420
6.84611201286	-1316
6.85466003418	-1420
6.85473299026	-1420
6.85474491119	-1264
6.85478281975	-1420
6.85478496552	-1316
6.85489702225	-1420
6.85489988327	-1316
6.85490298271	-1368
6.85510087013	-1420
6.85510492325	-1316
6.85517191887	-1368
6.85559296608	543
6.85583591461	-1420
6.8558409214	-1420
6.8558819294	-1264
6.8559679985	543
6.88240289688	-1420
6.88241696358	-1420
6.88247084618	-1264
6.88434290886	-1420
6.88439297676	-1316
6.88452196121	-1368
6.89149284363	-1420
6.89149904251	-1316
6.957477808	-1248
7.0636138916	543
7.0679268837	1460
7.06799197197	111
7.0716779232	1460
7.07175898552	111
7.07538580894	543
7.07874488831	543
7.15885090828	1460
7.15897083282	111
7.16320586205	1460
7.16327381134	111
7.16789293289	543
7.16962695122	543
7.22525501251	543
7.23451304436	-543
7.35163092613	-1057
7.35708999634	-1420
7.35713601112	-1316
7.35727095604	543
7.35784697533	-1368
7.35794901848	-1420
7.35800886154	-1316
7.35801196098	-1368
7.35810184479	-1368
7.36470484734	-1368
7.36473798752	-1368
7.37760591507	-1420
7.37767601013	-1420
7.37767982483	-1264
7.37875103951	-1420
7.37875699997	-1316
7.37896585464	-1368
7.37904191017	543
7.38364696503	-1420
7.38365387917	-1420
7.38369488716	-1264
7.38433504105	-1420
7.38437700272	-1420
7.38437891006	-1264
7.39209890366	-1420
7.39210486412	-1420
7.39214396477	-1264
7.39420700073	-1420
7.39426493645	-1420
7.39426898956	-1264
7.46847486496	-1253
7.46870493889	543
7.53482294083	-1368
7.53504085541	543
7.58532595634	-775
7.63647794724	-1420
7.63649392128	-1420
7.63655781746	-1420
7.6365609169	-1212
7.63659596443	-1368
7.63822984695	-1420
7.63823580742	-1420
7.63827586174	-1264
7.63835692406	543
7.63920092583	-1420
7.63920688629	-1420
7.63924694061	-1264
7.63974785805	-1368
7.63983893394	543
7.66140294075	-1420
7.6614279747	-1316
7.6614818573	-1420
7.66148495674	-1316
7.66173696518	-1420
7.66173887253	-1316
7.66180801392	-1420
7.66181182861	-1420
7.66182494164	-1264
7.66182589531	-1420
7.66182684898	-1420
7.66182804108	-1264
7.66204786301	543
7.66980195045	-1368
7.6701169014	-1420
7.67016196251	-1316
7.67408084869	-1420
7.67412400246	-1316
7.67532801628	-1368
7.67608880997	-1420
7.67609500885	-1420
7.6761238575	-1264
7.67832684517	-1420
7.67836689949	-1316
7.67855381966	-1368
7.68152785301	-1368
7.73860383034	-1420
7.73862099648	-1316
7.73985290527	-1420
7.73985791206	-1420
7.73990392685	-1264
7.74054789543	-1368
7.74070882797	543
7.74075603485	-1420
7.74075889587	-1316
7.7413918972	-1420
7.74139690399	-1316
7.74149990082	-1420
7.74150300026	-1316
7.74161791801	-948
7.74168682098	543
7.74191093445	-1368
7.74226403236	-1420
7.74230599403	-1420
7.74230885506	-1264
7.75691199303	-1420
7.75693583488	-1420
7.75697898865	-1264
7.75815486908	-1420
7.75820803642	-1316
7.83683085442	-1420
7.83685898781	-1420
7.83689594269	-1264
7.83884382248	543
7.83944201469	1460
7.83948993683	1460
7.83953499794	193
7.85878992081	-1350
7.86072683334	543
7.86127495766	543
8.04449987411	-543
8.04466891289	-1420
8.04472494125	-1316
8.0458548069	-1368
8.04596090317	-1368
8.04655694962	-1368
8.04665803909	543
8.05061101913	-1420
8.05061793327	-1420
8.05066204071	-1264
8.05237698555	-1420
8.05241990089	-1420
8.05242395401	-1264
8.05539298058	-1368
8.05550503731	-1420
8.05550789833	-1316
8.05653381348	-1420
8.05654001236	-1316
8.05666184425	-1368
8.05742692947	-1420
8.05745387077	-1316
8.05757904053	-1368
8.06296181679	-1420
8.06297898293	-1316
8.06302285194	-1368
8.06363987923	-1368
8.06388401985	-1368
8.06401991844	-1420
8.06406283379	-1420
8.06406497955	-1264
8.064193964	-1368
8.06430196762	543
8.06442785263	543
8.06567883492	-1368
8.06577181816	-1368
8.06612801552	-1368
8.073335886	-1368
8.07340192795	-1420
8.07340693474	-1316
8.07439184189	-1368
8.0750310421	-1420
8.07506990433	-1316
8.1411049366	-1420
8.14112401009	-1316
8.14118480682	-1368
8.14367890358	-1368
8.14403700829	-1420
8.14407992363	-1316
8.14417600632	-1368
8.1444299221	-1420
8.14443302155	-1316
8.14474797249	-1368
8.14595484734	543
8.14716696739	-1420
8.14717197418	-1316
8.14722084999	-1368
8.15066003799	-1420
8.15070390701	-1316
8.1520190239	-1368
8.15244603157	-1368
8.15272903442	-1368
8.15282797813	-1420
8.15283083916	-1316
8.1528699398	-1368
8.15354084969	-1420
8.15357303619	-1316
8.15366292	-1368
8.15387892723	-1368
8.15401792526	1057
8.15458083153	-1420
8.15458583832	-1316
8.15471196175	-1368
8.15488791466	-1420
8.15493083	-1316
8.16159796715	-975
8.23371291161	-1368
8.23386001587	-1420
8.23395490646	-1420
8.23395800591	-1264
8.23400998116	-1368
8.23401284218	-1420
8.23405385017	-1420
8.23405694962	-1264
8.23405790329	-1368
8.23922586441	-1420
8.23924183846	-1316
8.23927593231	-1368
8.2402639389	-1420
8.24029803276	-1316
8.24037194252	-1368
8.24047899246	543
8.28873801231	-1368
8.29233884811	-1420
8.29239296913	-1316
8.29504299164	-1420
8.29508280754	-1420
8.29508590698	-1264
8.29715204239	-1420
8.29715800285	-1420
8.29719901085	-1264
8.30084991455	-1420
8.30091381073	-1316
8.30091786385	-1368
8.31796598434	-1166
8.33639883995	-1420
8.33644890785	-1316
8.33832883835	-1368
8.33845996857	-1420
8.33847498894	-1316
8.33855390549	543
8.33915185928	-1420
8.3391559124	-1420
8.33919501305	-1264
8.33926081657	543
8.34128189087	-1420
8.34128689766	-1420
8.34132504463	-1264
8.34228491783	-1368
8.34615588188	-1420
8.34616184235	-1316
8.35381698608	-1420
8.35383081436	-1420
8.35388302803	-1264
8.35464692116	-1420
8.3546898365	-1420
8.35469293594	-1264
8.35480999947	-1420
8.35481286049	-1420
8.35485291481	-1264
8.35537004471	-1368
8.35569596291	-1420
8.35570001602	-1316
8.35589289665	-1420
8.35589599609	-1420
8.35592293739	-1264
8.35592603683	-1368
8.35664486885	-1420
8.35665893555	-1316
8.36860895157	-1368
8.36862587929	-1420
8.36868786812	-1420
8.36869096756	-1264
8.36872792244	-1368
8.4323618412	-1420
8.43237996101	-1316
8.43254303932	543
8.43278384209	-1420
8.43278884888	-1420
8.4328289032	-1264
8.43403196335	-1420
8.43410181999	-1420
8.43412399292	-1420
8.4341750145	-1420
8.43417787552	-1160
8.43422102928	-1368
8.43429398537	543
8.43453502655	-687
8.43954586983	-1420
8.43960690498	-1316
8.44988393784	-1368
8.45046496391	-1420
8.45047092438	-1316
8.45105004311	-1420
8.45105290413	-1420
8.45109081268	-1264
8.45239901543	-1420
8.45240187645	-1420
8.45240283012	-1264
8.45341396332	-1420
8.45341801643	-1316
8.45378494263	-1420
8.45378804207	-1316
8.45426487923	-1368
8.45435500145	-1420
8.45435786247	-1316
8.45457696915	543
8.45479798317	-1420
8.45480084419	-1420
8.45480298996	-1264
8.46524596214	-1420
8.46527290344	-1420
8.46531486511	-1264
8.46664190292	-1368
8.46670985222	-1368
8.53192281723	-1368
8.53256988525	-1420
8.53262090683	-1420
8.53262495995	-1264
8.5327398777	543
8.53354001045	-1420
8.53354597092	-1316
8.533618927	-1368
8.5336868763	543
8.53395199776	-1368
8.53484201431	-1368
8.53498792648	-1420
8.53499293327	-1316
8.53748703003	-1368
8.53897190094	-1368
8.54001688957	-1420
8.54002189636	-1420
8.54006004333	-1264
8.54989600182	-1368
8.55029702187	-1420
8.55030202866	-1316
8.55082583427	-1368
8.55093789101	-1420
8.550978899	-1316
8.5513689518	-1346
8.55172896385	-1368
8.55225396156	-1420
8.55228281021	-1420
8.55228590965	-1264
8.55276894569	-1420
8.55277681351	-1316
8.55324196815	-1368
8.55329203606	543
8.55378890038	-1420
8.55379390717	-1316
8.5541229248	-1368
8.56500697136	-1420
8.56506681442	-1316
8.56562399864	-1368
8.56616282463	-1420
8.56616783142	-1316
8.56623291969	-1368
8.56674098969	-1420
8.56677484512	-1316
8.56687498093	-1368
8.5669798851	543
8.63589882851	-1368
8.63593387604	-1420
8.63597083092	-1316
8.63614988327	543
8.63665103912	-1420
8.6366558075	-1420
8.63669800758	-1264
8.64036893845	-1420
8.64040589333	-1316
8.64040899277	-1420
8.64043498039	-1316
8.64078092575	-1420
8.64082694054	-1316
8.64108586311	-1368
8.64131784439	-1420
8.64132094383	-1316
8.66065382957	-1420
8.66066598892	-1316
8.66070699692	-1368
8.66173601151	-1420
8.66178703308	-1420
8.6617898941	-1264
8.66190981865	543
8.66231894493	-1420
8.66232395172	-1316
8.66237592697	-1368
8.66279196739	-1368
8.66348195076	-1420
8.66348695755	-1316
8.66391801834	-1420
8.66392302513	-1420
8.66395998001	-1264
8.66412687302	-1420
8.66416692734	-1316
8.66861200333	-1368
8.66863584518	-956
8.6699988842	-1368
8.67002081871	-1368
8.6720700264	-1368
8.67216086388	543
8.6738088131	-1368
8.67401003838	-1420
8.67404985428	-1316
8.6776239872	-1420
8.67766690254	-1316
8.67773485184	543
8.67827701569	-1368
8.67882990837	-1368
8.73306798935	-1420
8.73308897018	-1316
8.73588299751	-1420
8.73590087891	-1420
8.73596382141	-1264
8.73596596718	-1420
8.73600196838	-1420
8.73600482941	-1264
8.73685503006	-1420
8.73686099052	-1420
8.73688101768	-1264
8.74691390991	-1368
8.74706697464	543
8.75364089012	-1420
8.75364804268	-1316
8.75768685341	-1420
8.7576918602	-1420
8.75773191452	-1264
8.75919294357	-1420
8.75923800468	-1420
8.75924181938	-1264
8.76155400276	-1420
8.76156187057	-1420
8.76160502434	-1264
8.76195287704	-1368
8.76374292374	-1368
8.76394486427	-1368
8.76538395882	-1368
8.76546192169	-1420
8.76546502113	-1316
8.76804089546	-1368
8.7681210041	-1420
8.76812291145	-1316
8.77093601227	-1420
8.77094197273	-1420
8.77100586891	-1264
8.77100896835	-1420
8.77104592323	-1316
8.77113389969	543
8.77129197121	543
8.7716050148	-1420
8.77161002159	-1316
8.77164196968	-1368
8.77185082436	-1420
8.77189803123	-1316
8.77189993858	-1420
8.77198386192	-1316
8.7868039608	-1051
8.83261394501	-1368
8.83302092552	-1420
8.83307600021	-1316
8.83324885368	-1368
8.83357191086	-1420
8.8335750103	-1420
8.83361291885	-1264
8.83446788788	-1420
8.83447003365	-1420
8.83447194099	-1264
8.83462786674	543
8.83733797073	-1420
8.83736395836	-1316
8.83739089966	-1368
8.83795499802	-1368
8.83816194534	-1420
8.83817601204	-1316
8.85194301605	-1420
8.85195684433	-1420
8.85201382637	-1264
8.85347795486	-1420
8.85354304314	-1420
8.85354590416	-1420
8.85358095169	-1420
8.85358381271	-1160
8.85506701469	-1368
8.85514593124	543
8.8560090065	-1420
8.8560128212	-1420
8.85605287552	-1264
8.85642004013	-1368
8.85654401779	-1368
8.85657787323	543
8.85668182373	-1368
8.86943483353	-1420
8.86949896812	-1420
8.86950397491	-1264
8.87264585495	-1368
8.87297987938	-1368
8.87319684029	-1368
8.90383291245	-684
8.93725585938	-1420
8.93727588654	-1420
8.93731284142	-1264
8.93766593933	-1420
8.93769693375	-1316
8.93799591064	-1368
8.93803596497	-1420
8.93803882599	-1316
8.93808794022	-1420
8.93809103966	-1316
8.93820285797	543
8.9383058548	-1368
8.94779491425	-1420
8.94784092903	-1316
8.9513258934	-1368
8.95155382156	-1420
8.95155787468	-1420
8.95159602165	-1264
8.9556479454	-1420
8.95573401451	-1316
8.95573687553	-1420
8.95573782921	-1420
8.9557390213	-1264
8.95573997498	-1368
8.97473096848	-1368
9.02067494392	-1158
9.02088904381	543
9.03373885155	543
9.25358700752	543
9.25368690491	543
9.53259181976	-1420
9.53261089325	-491
9.53267383575	-1368
9.53337693214	-1420
9.53342580795	-1420
9.53342890739	-1264
9.53354787827	543
9.53377103806	-1420
9.53377485275	-1316
9.53382301331	-1368
9.53390693665	543
9.5518219471	-1368
9.55183982849	-1420
9.55188584328	-1316
9.55294585228	-1420
9.55297493935	-1420
9.55297803879	-1264
9.55343294144	-1420
9.55343794823	-1420
9.55345702171	-1264
9.55507683754	-1420
9.55512094498	-1316
9.55514287949	-1368
9.55639886856	-1420
9.55640387535	-1316
9.55653691292	543
9.55657291412	-1368
9.55707502365	-1368
9.57060003281	-1420
9.57061600685	-1316
9.57082295418	-1368
9.57102489471	-1420
9.57110500336	-1316
9.57110786438	-1420
9.57116484642	-1420
9.57118797302	-1264
9.57123398781	-1420
9.57123684883	-1316
9.57139801979	-1420
9.57139992714	-1316
9.57696986198	-1420
9.57697582245	-1316
9.58933091164	-1420
9.58933901787	-1420
9.58940291405	-1264
9.59036588669	-1368
9.59049081802	-1420
9.59049391747	-1316
9.59060096741	1057
9.59114193916	-1420
9.59114694595	-1420
9.59119391441	-1420
9.59119701385	-1212
9.59706187248	-1420
9.59706997871	-1420
9.59711289406	-1264
9.59763884544	-1420
9.59769701958	-1420
9.5976998806	-1264
9.59773492813	-1420
9.59773802757	-1316
9.60352396965	-1368
9.60400295258	-1420
9.60408592224	-1420
9.60408902168	-1264
9.60418796539	-1368
9.60419082642	-1420
9.60422492027	-1316
9.60422801971	-1420
9.60422897339	-1420
9.60422992706	-1264
9.60436487198	543
9.60447788239	-1420
9.60449004173	-1420
9.60449194908	-1264
9.60610485077	-1368
9.61292982101	-543
9.64083790779	-1420
9.64089584351	-1316
9.6493639946	-1420
9.64943289757	-1420
9.64943695068	-1420
9.64947390556	-68
9.65327382088	-1420
9.65332484245	-1316
9.76599097252	-406
9.76642298698	543
9.95106291771	-543
9.95141100883	-1420
9.95145201683	-1420
9.95145487785	-1420
9.95148181915	-1212
9.95156383514	543
9.95169091225	-1368
9.96019792557	-1368
10.034389019	-1420
10.0344069004	-1316
10.0352318287	-1420
10.0352358818	-1316
10.0354778767	-1368
10.0357079506	-1420
10.0357608795	-1316
10.035763979	-1368
10.0368509293	-1420
10.0368568897	-1420
10.0368888378	-1264
10.0433149338	-1368
10.0433859825	-1368
10.0468068123	-1368
10.0469739437	543
10.0507788658	-1368
10.0515258312	-1420
10.0515949726	-1316
10.0521929264	-1420
10.0522358418	-1420
10.0522389412	-1264
10.0542058945	-1420
10.0542228222	-1420
10.0542778969	-1264
10.0542809963	-1420
10.0542998314	-1316
10.0573530197	-1420
10.0573890209	-1316
10.0658109188	-1368
10.0662050247	-1420
10.0662088394	-1316
10.0666389465	-1368
10.0679030418	-83
10.1358759403	-1420
10.1358950138	-1420
10.1359498501	-1264
10.136097908	-1420
10.1361188889	-1316
10.1362018585	1057
10.1363120079	-1368
10.1371428967	-1420
10.1371939182	-1316
10.1371970177	-1368
10.1413128376	-1420
10.1413178444	-1316
10.1414318085	-1368
10.1434938908	-1420
10.143543005	-1420
10.143545866	-1264
10.1519329548	-1420
10.1519408226	-1420
10.1519830227	-1264
10.1522920132	-1420
10.1523339748	-1420
10.1523368359	-1264
10.1524119377	-1420
10.1524150372	-1316
10.1525559425	543
10.1526629925	-1368
10.1557428837	-1420
10.1557860374	-1420
10.1557888985	-1264
10.1570379734	-1420
10.1570429802	-1420
10.1570808887	-1264
10.1668128967	-1420
10.1668679714	-1420
10.1668729782	-1264
10.1671669483	-1420
10.1671710014	-1316
10.1849868298	-191
10.341714859	-1086
10.427177906	543
10.4739968777	543
10.6396439075	-543
10.6397140026	-1420
10.6397588253	-1316
10.6412529945	-1420
10.6412949562	-1420
10.6413300037	-1264
10.6414568424	543
10.6596059799	-1368
10.6597669125	543
10.7565219402	-1189
10.7571928501	543
10.8731598854	-543
10.8733458519	543
11.0584759712	-543
11.0584979057	-1420
11.0585579872	-1316
11.0586898327	543
11.0661919117	-1420
11.0661988258	-1316
11.067553997	-1368
11.072414875	-1368
11.1755449772	-1218
11.2837710381	-1368
11.2839670181	-1368
11.2862379551	-1368
11.289580822	543
11.3315668106	-95
11.3360278606	543
11.4852588177	-543
11.4853339195	-1368
11.5968399048	-203
11.6443858147	-543
11.6448340416	1460
11.644892931	111
12.232863903	-543
12.4338598251	-1057
12.4464988708	1460
12.4465818405	111
12.731482029	-543
13.0355739594	-543
13.1523389816	-543
14.6933310032	-543
