0	543
0.254338026047	-543
0.254720926285	543
0.505099058151	-543
0.50560092926	-1420
0.505712985992	-1316
0.50637793541	-1420
0.506445884705	-1420
0.506452083588	-1264
0.506716012955	543
0.6414270401	-443
0.645725011826	543
0.646275043488	543
0.880094051361	-543
1.35797309875	-543
1.38858604431	-1420
1.38866090775	-1316
1.49386000633	-949
1.51961398125	543
1.52249002457	543
1.58952689171	-1368
1.5904610157	-1420
1.59049606323	-1316
1.59743404388	-1420
1.59750103951	-1316
1.59750509262	-1420
1.59754395485	-1316
1.61891388893	-1420
1.61895990372	-1316
1.6297929287	-1420
1.62985897064	-436
1.63001799583	543
1.72658109665	-1420
1.72659993172	-1420
1.72665405273	-1420
1.72665691376	-1420
1.72670102119	-1160
1.72688007355	543
1.73339796066	-1420
1.73340392113	-1420
1.73344802856	-1264
1.73525691032	-1420
1.73530507088	-1420
1.73530888557	-1264
1.7514591217	-1420
1.75146889687	-1316
1.75151801109	-1368
1.75510501862	-1420
1.7551510334	-1420
1.75515389442	-1264
1.75528097153	-1368
1.76604795456	-968
1.86259889603	-1420
1.86262798309	-1316
1.8626999855	-1368
1.86299991608	543
1.86556601524	-1368
1.86576390266	1057
1.86880898476	-1420
1.86882400513	-1420
1.86888289452	-1264
1.87173891068	-1420
1.87180805206	-1420
1.8718149662	-1264
1.87619805336	-1420
1.87621212006	-1420
1.8762691021	-1264
1.88226103783	-1420
1.88237190247	-1420
1.8823800087	-1420
1.8824698925	-1212
1.88247609138	-1368
1.8907699585	-1420
1.89078497887	-1316
1.89104890823	543
1.8937599659	-1420
1.89377498627	-1420
1.89383506775	-1264
1.89840888977	-1368
1.89964699745	-1420
1.89966011047	-1316
1.90226006508	-905
1.90553092957	-1368
1.90962910652	-1368
1.90988898277	-1420
1.90999698639	-1316
1.93654704094	-1420
1.93661689758	-1316
1.98923110962	-1420
1.98924708366	-1420
1.98930692673	-1264
1.99269795418	-1420
1.99271392822	-1316
1.99410295486	-1368
1.99687790871	-1420
1.99689292908	-1316
1.997205019	543
1.99926495552	-1420
1.99928092957	-1420
1.99934101105	-1264
1.99950194359	543
2.01728892326	-1420
2.01730298996	-1420
2.0173830986	-1264
2.03509092331	-1420
2.03520393372	-1316
2.03521108627	-1420
2.03529810905	-1316
2.0413210392	-43
2.07360196114	-1420
2.07361888885	-1420
2.07367897034	-1264
2.0736849308	-1368
2.07813811302	543
2.2095849514	-870
2.21288204193	543
2.2136619091	1460
2.21370911598	1460
2.21375894547	707
2.39895009995	-543
2.53433609009	-1368
2.5344209671	-1420
2.53445601463	-1316
2.53486990929	-1368
2.5353000164	-1368
2.53602790833	-1420
2.5360519886	-1316
2.53612804413	-1368
2.53868103027	-1368
2.53944993019	-1368
2.54047989845	-1368
2.54174089432	-1368
2.54303908348	-1420
2.54304409027	-1420
2.54306602478	-1264
2.54455304146	-1368
2.54468107224	543
2.54576992989	-1420
2.54577493668	-1316
2.54638290405	-1420
2.54638791084	-1316
2.54671311378	-1420
2.54671692848	-1316
2.5467569828	-1420
2.54677796364	-1316
2.54689693451	543
2.56297111511	-1420
2.56298589706	-1420
2.56304311752	-1264
2.56310391426	-1368
2.56320691109	-1368
2.5632109642	-1368
2.56379890442	-1420
2.56380391121	-1420
2.56382393837	-1264
2.56440401077	-1420
2.56447005272	-1316
2.56447291374	-1368
2.56459903717	543
2.56593894958	-1420
2.56594395638	-1420
2.56598305702	-1264
2.56629610062	-1420
2.56634902954	-1420
2.56635093689	-1264
2.56733989716	-1420
2.56734490395	-1316
2.5701880455	-1368
2.57019495964	-1420
2.57023692131	-1420
2.57024002075	-1264
2.57031106949	-1420
2.57031297684	-1316
2.57040500641	-1368
2.57072496414	-1368
2.57102108002	-1420
2.57102608681	-1316
2.57178997993	-1420
2.57179498672	-1316
2.57189798355	543
2.57229304314	-1420
2.57229709625	-1420
2.57233810425	-1264
2.57504296303	-1420
2.57507491112	-1420
2.57507801056	-1264
2.57643699646	-1420
2.5764439106	-1420
2.57646989822	-1264
2.57655596733	-1368
2.57669210434	-1420
2.57669591904	-1316
2.57753300667	543
2.58068490028	-1344
2.59350609779	-1420
2.59357309341	-1316
2.59382510185	-1420
2.5938680172	-1420
2.59387111664	-1264
2.59423303604	-1420
2.59423804283	-1420
2.59427809715	-1264
2.59435606003	543
2.5945520401	-1420
2.59455609322	-1420
2.59463596344	-1264
2.59463906288	-1368
2.59533309937	-1420
2.59533810616	-1316
2.59557390213	-1420
2.59557795525	-1316
2.59772801399	-1368
2.67052102089	-1420
2.67053604126	-1420
2.67058992386	-1264
2.67059397697	-1420
2.67063808441	-1420
2.67064094543	-1264
2.6713449955	-1420
2.67135000229	-1420
2.67137289047	-1420
2.67137503624	-1212
2.67179393768	543
2.67196798325	-1420
2.67197108269	-1420
2.67202091217	-1264
2.67202496529	-1368
2.67488789558	-1420
2.67489409447	-1420
2.67493891716	-1420
2.6749420166	-1212
2.67505097389	543
2.67638611794	-1420
2.6763920784	-1420
2.67647600174	-1264
2.67647910118	-1368
2.67919611931	-1420
2.67920303345	-1420
2.67924904823	-1264
2.67925095558	-1368
2.67937302589	-1420
2.67937493324	-1420
2.67940998077	-1264
2.67941188812	-1368
2.67955994606	543
2.6800339222	543
2.68035292625	543
2.6808359623	-1420
2.68084192276	-1316
2.68168592453	-1420
2.68169093132	-1420
2.68173408508	-1264
2.68173694611	-1368
2.68217301369	-1368
2.6823220253	-1420
2.68236589432	-1420
2.68236804008	-1264
2.68267393112	-1420
2.68267798424	-1420
2.68277406693	-1264
2.68277692795	-1420
2.68282008171	-1420
2.68282198906	-1021
2.68296003342	543
2.68318200111	-1420
2.6831870079	-1316
2.69938707352	-1420
2.69940209389	-1420
2.69944405556	-1264
2.69944691658	-1420
2.69947195053	-1420
2.69947504997	-1264
2.69963312149	-1420
2.69963693619	-1316
2.6999309063	543
2.69998693466	-1420
2.6999900341	-1316
2.69999098778	-1420
2.69999194145	-1316
2.70006608963	-1420
2.70006895065	-1316
2.70017910004	-1368
2.70036506653	543
2.70057106018	-1420
2.70057702065	-1420
2.7006289959	-1264
2.70063400269	-1420
2.70068311691	-1420
2.70068597794	-1264
2.7007329464	-1368
2.70188689232	-1420
2.70194911957	-1420
2.70195293427	-1264
2.70221304893	-1420
2.70236992836	-1316
2.70248198509	-1420
2.70248794556	-579
2.70266509056	-1420
2.70267105103	-1420
2.70275497437	-1420
2.70275998116	-1212
2.70284295082	-1420
2.70284795761	-1316
2.70331692696	-1420
2.70332407951	-1420
2.70337295532	-1264
2.70337796211	-1368
2.70358991623	543
2.7061829567	-1420
2.70619606972	-1316
2.70625209808	-1420
2.70625805855	-1316
2.70630097389	-1420
2.70630598068	-1420
2.70634508133	-1420
2.70635008812	-1212
2.70656394958	-1420
2.70656991005	-1420
2.70665788651	-1264
2.70689511299	543
2.71470189095	-1420
2.71471810341	-1316
2.72366499901	-1368
2.72386193275	543
2.72409105301	-1420
2.72409701347	-1420
2.72409796715	-1264
2.7253639698	-1368
2.72543406487	-1368
2.73011302948	-1420
2.73018193245	-1420
2.73018908501	-1264
2.73022699356	-1368
2.73262190819	-1420
2.73269104958	-1420
2.73269701004	-1264
2.73504209518	-1420
2.73505806923	-1316
2.7351129055	-1368
2.74405002594	-1420
2.74411892891	-1420
2.74412608147	-1264
2.74416303635	-1368
2.81592607498	-1420
2.8159430027	-1420
2.81603002548	-1264
2.81619095802	543
2.81918692589	-1368
2.81920194626	-1368
2.82216000557	-1368
2.82217502594	-1420
2.82227706909	-1316
2.82524394989	-1420
2.82531189919	-1420
2.82531905174	-1264
2.82559490204	543
2.82978510857	-1420
2.82980108261	-1420
2.829859972	-1264
2.83187890053	-1420
2.83194804192	-1420
2.83195495605	-1264
2.83825993538	-748
2.84314703941	-1368
2.86182403564	-1420
2.86183905602	-1420
2.86190295219	-1264
2.86217498779	543
2.86698007584	-1420
2.86699390411	-1420
2.86712002754	-1264
2.8685669899	-1368
2.86862802505	-1368
2.87045001984	-1420
2.87056207657	-1420
2.87056994438	-1264
2.87311506271	-1368
2.87313008308	-1420
2.87318992615	-1316
2.87475800514	-1420
2.87482690811	-1420
2.87483310699	-1264
2.87514090538	-1420
2.87514901161	-1316
2.8759291172	-1368
2.87613391876	543
2.87755298615	-1420
2.87756896019	-1420
2.87762999535	-1264
2.87874388695	-1420
2.87881493568	-1420
2.87882208824	-1264
2.8788599968	-1420
2.87895989418	-1316
2.87901496887	-1368
2.8807721138	-1420
2.88084411621	-1420
2.88085007668	-1264
2.88107705116	543
2.88244509697	-1420
2.8824570179	-1420
2.88255000114	-1264
2.88359189034	-1420
2.8836619854	-1316
2.88366794586	-1368
2.88542199135	-1420
2.88543391228	-1420
2.88548207283	-1264
2.88567304611	543
2.88697195053	-1368
2.88718008995	-1420
2.88728094101	-1316
2.88789701462	-1368
2.88945198059	-1420
2.88946700096	-1316
2.89079403877	-1420
2.89080905914	-1420
2.8908700943	-1264
2.89169311523	-1420
2.89179396629	-1420
2.89180111885	-1264
2.89420604706	-1420
2.89422106743	-1420
2.89428091049	-1264
2.89428591728	-1368
2.89495992661	-1420
2.89496898651	-1316
2.89616703987	-1420
2.89617609978	-1420
2.89626908302	-1264
2.89748597145	-1420
2.89758491516	-1420
2.89774489403	-1264
2.8978331089	-1420
2.89783906937	-1420
2.89792490005	-1264
2.89812588692	543
2.89847803116	543
2.89990592003	-1368
2.90131902695	-1420
2.90145492554	-1420
2.90146207809	-1264
2.90272688866	-1368
2.90300703049	-1420
2.90313196182	-1316
2.90425896645	-1368
2.90593409538	-1420
2.90594792366	-1316
2.90605711937	-1368
2.9064218998	543
2.9071199894	-1420
2.90713405609	-1316
2.90783500671	-1420
2.90784692764	-1420
2.907943964	-1264
2.90887594223	-1420
2.90893793106	-1316
2.9113008976	-1420
2.91141104698	-1420
2.91141891479	-1264
2.91194009781	-1420
2.9119489193	-1420
2.91207695007	-1264
2.91225290298	-1420
2.91227698326	-1316
2.91250705719	-1368
2.91443109512	-1420
2.91443705559	-1420
2.91447997093	-1264
2.91714501381	-1420
2.91719007492	-1316
2.91732192039	-1368
2.91783690453	543
2.91798591614	-1420
2.91799092293	-1316
2.91816496849	543
2.91880202293	-1420
2.91880702972	-1420
2.91882991791	-1264
2.91950106621	-1420
2.9195458889	-1420
2.91954898834	-1264
2.91989898682	543
2.92049002647	-1420
2.92049503326	-1316
2.92269897461	-1368
2.92286705971	-1368
2.92411899567	-1420
2.92412400246	-1316
2.92415595055	-1420
2.92415904999	-1316
2.92475700378	-1420
2.92476201057	-1420
2.92480111122	-1264
2.9258389473	-1420
2.92588400841	-1420
2.92588710785	-1264
2.92600488663	543
2.92651700974	-1420
2.92652201653	-1316
2.9266679287	-1368
2.9270761013	-1420
2.92709898949	-1316
2.92727899551	-1368
2.92744398117	-1420
2.92744803429	-1316
2.92767310143	-1368
2.92864990234	-1420
2.92867898941	-1316
2.92868208885	-1368
2.93135595322	-1420
2.93136310577	-1316
2.93144893646	-1368
2.95537495613	-1368
2.97898006439	-155
2.97909808159	543
2.99417996407	-1420
2.99419593811	-1420
2.99424791336	-1264
2.99461007118	-1420
2.99463391304	-1316
2.99625396729	-1368
2.99634790421	543
2.99654388428	-1420
2.99654793739	-1316
2.9990530014	-1420
2.99905896187	-1420
2.99910211563	-1264
3.00068211555	-1368
3.0009059906	-1420
3.00091004372	-1316
3.00219392776	-1420
3.00219798088	-1420
3.0022380352	-1264
3.0223441124	-1420
3.02240800858	-1316
3.03658890724	-1420
3.03664493561	-1316
3.03664898872	-1368
3.03678894043	543
3.03742098808	-1368
3.03792190552	-1420
3.03797006607	-1316
3.03797292709	-1368
3.03831791878	-1420
3.03832292557	-1420
3.03836107254	-1264
3.03926205635	-1420
3.03930497169	-1420
3.03930807114	-1264
3.04050397873	-1368
3.04218196869	-1420
3.04222798347	-1316
3.04945993423	-1368
3.04962706566	-1420
3.04963111877	-1316
3.07226610184	-1420
3.07227993011	-1420
3.07233309746	-1264
3.07244896889	543
3.07385492325	-1420
3.07385993004	-1420
3.07389903069	-1264
3.07396292686	-1368
3.07405304909	543
3.07432293892	-1420
3.07432603836	-1316
3.07507896423	-1420
3.07508397102	-1420
3.075122118	-1264
3.07641291618	-1420
3.07645511627	-1420
3.07645702362	-1264
3.07649207115	-1368
3.07654190063	-1368
3.07669997215	-1420
3.07670307159	-1316
3.07817912102	-1420
3.07818293571	-1420
3.07822108269	-1264
3.07828211784	543
3.07857894897	-1368
3.07862901688	-1368
3.07875108719	-1368
3.07904410362	-1420
3.07908511162	-1316
3.07912111282	-1368
3.07986211777	-1420
3.07986593246	-1420
3.07990503311	-1264
3.08012795448	-1420
3.08016896248	-1316
3.08022999763	-1368
3.08111405373	-1420
3.08111810684	-1420
3.08115696907	-1264
3.08646011353	-1368
3.08725500107	-1420
3.08726096153	-1420
3.0873041153	-1264
3.08736801147	543
3.08787608147	-1420
3.08788204193	-1316
3.08985900879	-1420
3.08986902237	-1316
3.0899310112	-1368
3.09002304077	543
3.09027004242	-1420
3.09027409554	-1316
3.09040689468	-1368
3.09137511253	-1420
3.09141898155	-1316
3.0914208889	-1368
3.09423398972	-1420
3.09424090385	-1316
3.0943210125	-1368
3.09432411194	-1368
3.09456706047	-1420
3.09457206726	-1420
3.09459090233	-1264
3.09524798393	-1420
3.09529089928	-1420
3.09529399872	-1264
3.09539794922	543
3.09681200981	-1420
3.0968170166	-1420
3.09685611725	-1264
3.10026502609	-1420
3.10030698776	-1420
3.1003100872	-1264
3.1016600132	-1420
3.10166597366	-1316
3.10187196732	-1420
3.10187697411	-1316
3.10191607475	-1368
3.10214090347	-1420
3.10218191147	-1420
3.10218501091	-1264
3.10254597664	-1368
3.10261297226	543
3.1027739048	-1420
3.10277795792	-1420
3.10281610489	-1264
3.10363101959	-1420
3.10367202759	-1420
3.10367488861	-1264
3.10376095772	543
3.10592699051	-1420
3.1059319973	-1316
3.10597395897	-1368
3.10827493668	-1368
3.10845589638	-1420
3.10846090317	-1316
3.10877799988	-1420
3.10878300667	-1316
3.10889101028	-1368
3.11075806618	-1420
3.11080789566	-1420
3.1108109951	-1264
3.11259508133	-1420
3.11260199547	-1420
3.11262702942	-1264
3.11273598671	543
3.11471009254	-1420
3.11471891403	-1420
3.11474609375	-1264
3.11916303635	-1420
3.11921191216	-1420
3.11921691895	-1264
3.12208509445	-1420
3.12209510803	-1420
3.12212300301	-1264
3.12387490273	-1420
3.12391901016	-1420
3.1239221096	-1264
3.12606406212	-1420
3.12607312202	-1420
3.12611889839	-1264
3.12706303596	-1368
3.12978696823	-390
3.12985897064	543
3.1312019825	-1368
3.13129711151	-1368
3.1324660778	-1368
3.19958400726	-1368
3.19973897934	-1368
3.1998269558	-1368
3.1998860836	543
3.20122003555	-1420
3.20123195648	-1420
3.20133209229	-1264
3.20337104797	-1420
3.20341396332	-1316
3.20341706276	-1368
3.20398306847	543
3.20422101021	543
3.20555496216	-1420
3.20556092262	-1420
3.20558595657	-1264
3.20848011971	-1420
3.20850801468	-1420
3.20851206779	-1264
3.21286296844	-1420
3.21286892891	-1420
3.21289300919	-1264
3.21998000145	-1368
3.22341895103	-1368
3.22359800339	543
3.22369599342	-1420
3.22370100021	-1316
3.22480607033	-1420
3.22481989861	-1420
3.22487902641	-1264
3.22720098495	-1420
3.22727203369	-1316
3.22887396812	-1368
3.22894310951	-1368
3.22894906998	-1368
3.23087692261	-1420
3.23089194298	-1420
3.23095107079	-1264
3.2334420681	-1420
3.23354911804	-1420
3.23355603218	-1264
3.25602293015	-1420
3.25603795052	-1316
3.26583600044	-1177
3.26606106758	1057
3.2694311142	-1420
3.26944589615	-1420
3.26950597763	-1264
3.2703640461	-1420
3.27043294907	-1316
3.27043890953	-1368
3.27135109901	-1420
3.27136611938	-1420
3.27142500877	-1264
3.27531504631	-1420
3.27538490295	-1420
3.27539110184	-1420
3.27542805672	-1212
3.27787208557	-1420
3.27794098854	-1420
3.27794790268	-1264
3.27821993828	-1420
3.27823090553	-1316
3.28082799911	-1368
3.28356194496	-1420
3.28367209435	-1420
3.28367996216	-1264
3.28393697739	543
3.28679704666	-1368
3.28711891174	-1420
3.28722405434	-1316
3.29193091393	-1420
3.29202890396	-1420
3.29203605652	-1264
3.29576206207	-1420
3.29577708244	-1420
3.29583692551	-1264
3.29873991013	-1420
3.29880905151	-1420
3.29881596565	-1264
3.30310511589	-1420
3.30311989784	-1420
3.30317902565	-1264
3.30497002602	-1368
3.30657100677	-1420
3.30709791183	-1316
3.30833506584	-1420
3.30834507942	-1420
3.3084359169	-1264
3.30861902237	543
3.30884695053	543
3.31013202667	-1420
3.3101439476	-1420
3.31023693085	-1264
3.31145191193	-1420
3.31154799461	-1420
3.31155395508	-1264
3.31342291832	-1420
3.31342792511	-1420
3.31345009804	-1264
3.32746505737	1057
3.3385579586	-1368
3.40541791916	-1014
3.53381609917	-1368
3.5623319149	-1420
3.56234788895	-1316
3.5624089241	-1368
3.58598399162	-812
3.5866959095	1460
3.58680796623	1460
3.58703494072	1161
3.58949589729	89
3.6752281189	543
3.68255805969	1460
3.68263506889	111
3.73216199875	543
3.86654901505	-543
3.92096710205	-1368
3.92220401764	-1368
3.92398095131	-1420
3.92403006554	-1316
3.92593288422	-1368
3.92819094658	-1420
3.92823696136	-1420
3.92827606201	-1264
3.93023610115	-1368
3.93092989922	-1420
3.93097400665	-1316
3.93200802803	-1420
3.93207406998	-1420
3.93211197853	-1264
3.9322309494	543
3.93325090408	-1420
3.93325710297	-1420
3.93329811096	-1264
3.93440794945	-1420
3.93445396423	-1420
3.93445706367	-1264
3.93455791473	543
3.93477702141	-1420
3.9347820282	-1316
3.93492388725	-1420
3.93492698669	-1316
3.93530011177	-1420
3.93530511856	-1316
3.93566298485	-1420
3.93566799164	-1316
3.93606901169	-1420
3.93607401848	-1316
3.93618297577	-1368
3.93670296669	-1420
3.93672990799	-1316
3.93679690361	543
3.94827103615	-1368
3.94852995872	-1420
3.94858694077	-1420
3.94859004021	-1264
3.94965696335	-1420
3.94966292381	-1316
3.94970607758	-1368
3.95101094246	-1420
3.95105910301	-1420
3.95106196404	-1264
3.9512360096	-1420
3.95124101639	-1316
3.95180010796	-1368
3.95363402367	-1420
3.95368003845	-1420
3.95368409157	-1264
3.95533895493	-1420
3.95534396172	-1420
3.95536804199	-1264
3.9554579258	543
3.98536992073	-1420
3.98537898064	-1420
3.9854259491	-1264
3.98573994637	-1368
3.98584294319	543
3.98602104187	-1368
3.9862370491	-1420
3.98626208305	-1316
3.98626494408	-1368
3.98664402962	-1420
3.98664903641	-1316
3.98762607574	-1368
3.98769307137	543
3.98781394958	-1420
3.98781704903	-1316
3.99030995369	-1368
3.99124193192	-1420
3.99127101898	-1420
3.99127411842	-1264
3.99228191376	-1420
3.99228811264	-1316
3.99360609055	-1420
3.99361205101	-1316
3.99545001984	-1420
3.9954559803	-1316
3.99557089806	-1368
3.99848508835	-1420
3.99853301048	-1420
3.9985370636	-1264
3.99982309341	-1420
3.99983096123	-1420
3.9998550415	-1264
4.00023293495	543
4.00102591515	-1368
4.00389099121	-1368
4.00525808334	-1420
4.00526404381	-1420
4.00528788567	-1264
4.00640892982	-1420
4.00645399094	-1316
4.00726103783	-1420
4.00730800629	-1420
4.00731110573	-1264
4.00778794289	-1420
4.00779294968	-1420
4.00785589218	-1264
4.00795412064	543
4.04706192017	-765
4.17867398262	543
4.20922899246	543
4.22299695015	-543
4.22321105003	543
4.24738001823	1057
4.28175997734	1460
4.28186202049	111
4.44159698486	-543
4.45535206795	-1420
4.45538902283	-1420
4.45539402962	-1264
4.45541000366	-1368
4.45985507965	-1368
4.46005797386	543
4.5341770649	-1420
4.53419589996	-1420
4.53423309326	-1264
4.54207706451	543
4.54286503792	543
4.55147504807	-1368
4.58261704445	543
4.5911231041	-828
4.63105297089	-1420
4.63110089302	-1316
4.65464496613	-1368
4.70494008064	1460
4.70505595207	1139
4.76711010933	-1181
4.77451395988	-1420
4.77456212044	-1316
4.80959105492	-1368
4.81183004379	543
4.81545591354	543
4.81807589531	-1420
4.81808710098	-1316
4.84164404869	-1420
4.8416531086	-1316
4.90998196602	-1368
4.91012191772	-509
4.91024589539	543
4.91164493561	543
4.91226792336	543
4.99593710899	-1420
4.99595499039	-1420
4.99601888657	-1264
4.99676299095	-1420
4.99679303169	-1420
4.99679493904	-1264
4.99729800224	-1420
4.99730205536	-1420
4.99733090401	-1264
4.99896597862	-1368
4.99914288521	-1420
4.99914598465	-1316
4.9992210865	543
5.00003194809	-1420
5.00003790855	-1316
5.00008893013	-1368
5.00074791908	-1368
5.00079798698	-1368
5.00088310242	-1368
5.00137710571	-1420
5.00137996674	-1420
5.00141692162	-1264
5.00248408318	-1420
5.00252199173	-1316
5.00334596634	-1420
5.00336503983	-1420
5.00336790085	-1264
5.00341296196	-1368
5.00359892845	-1420
5.00363612175	-1316
5.00377607346	543
5.0038459301	-1420
5.00384998322	-1316
5.00398206711	-1368
5.00404691696	543
5.00412201881	-1368
5.00481200218	-1420
5.00483989716	-1316
5.00512504578	-1368
5.0056951046	-1420
5.00570011139	-1316
5.00637412071	-1368
5.00637888908	-1420
5.00641894341	-1420
5.00642204285	-1264
5.00668811798	-1368
5.00709605217	-1368
5.02217888832	-1420
5.02218604088	-1420
5.02223110199	-1264
5.02242994308	-1420
5.02245092392	-1420
5.02245306969	-1264
5.02298092842	-1420
5.02298402786	-1316
5.0230550766	-1368
5.02367305756	-1420
5.02371096611	-1420
5.02371406555	-1420
5.02374792099	-1212
5.02381491661	-1368
5.02416801453	-1420
5.02417111397	-1420
5.02420711517	-1264
5.02454805374	-1420
5.02458500862	-1316
5.02465200424	-1368
5.02482509613	-1420
5.02482700348	-1316
5.0249209404	-1420
5.02492403984	-1316
5.02563309669	543
5.02575206757	543
5.02601504326	543
5.04603505135	-229
5.06732296944	543
5.10661697388	-1368
5.10676288605	543
5.12135791779	-1420
5.12136411667	-1316
5.12186598778	-1420
5.12187194824	-1316
5.12369608879	-1368
5.12382888794	-1368
5.1248960495	-1420
5.12490200996	-1420
5.1249461174	-1264
5.12570095062	-1420
5.12572598457	-1316
5.12654304504	-1420
5.12658405304	-1420
5.12658596039	-1264
5.12706208229	543
5.12721300125	-1368
5.12727403641	543
5.12790894508	-1368
5.13376307487	-1420
5.13379192352	-1316
5.13386297226	-1368
5.1771531105	543
5.22322511673	-831
5.22347307205	543
5.30558204651	-1420
5.30559206009	-1420
5.3056409359	-1264
5.30751204491	-1368
5.3076210022	1057
5.30914211273	-1420
5.30914711952	-1316
5.31183505058	-1420
5.31184005737	-1420
5.31188011169	-1264
5.31238794327	-1420
5.31243300438	-1420
5.31243610382	-1264
5.31464910507	-1368
5.31582999229	-1420
5.31587505341	-1316
5.31758594513	-1420
5.31763005257	-1420
5.31763291359	-1264
5.31766891479	-1368
5.31791210175	-1420
5.3179359436	-1316
5.32337903976	-1420
5.32342290878	-1316
5.32351493835	543
5.32715797424	543
5.32779097557	-1368
5.35916090012	-528
5.4951300621	-1086
5.49535298347	543
5.50815701485	-1420
5.50816607475	-1316
5.51847195625	-1420
5.51848006248	-1316
5.64384198189	-298
5.64875602722	543
5.66674494743	-1420
5.66676092148	-1420
5.66679692268	-1264
5.66732692719	-1420
5.66737294197	-1316
5.66781806946	-1420
5.66788101196	-1420
5.6678841114	-1264
5.66944694519	-1420
5.66945195198	-1420
5.66953706741	-1264
5.66953992844	-1420
5.66957712173	-1316
5.67136502266	-1420
5.67141795158	-1420
5.6714220047	-1420
5.67145895958	-1212
5.67200994492	543
5.67214012146	543
5.67335104942	543
5.67382311821	-1420
5.67382788658	-1420
5.67387008667	-1264
5.69371008873	-1420
5.69375300407	-1316
5.80278992653	-1121
5.8079020977	543
5.86171793938	-1368
5.97831201553	-1289
6.06884694099	-1368
6.11413097382	-232
6.13613295555	543
6.18458509445	-1368
6.18475794792	543
6.25002098083	-775
6.25114798546	1057
6.25190591812	543
6.25795102119	1460
6.25801301003	1139
6.41430997849	-543
6.51179099083	-1368
6.51566290855	-1368
6.51736211777	-1420
6.51742601395	-1316
6.51878190041	-1420
6.5187959671	-1420
6.5189011097	-1264
6.51890802383	-1420
6.51900696754	-1316
6.51940989494	-1368
6.52003192902	-1368
6.52004408836	-1420
6.52014398575	-1316
6.52675104141	543
6.53545689583	-1368
6.53567290306	543
6.53606295586	1460
6.5361289978	111
6.53878688812	-1420
6.53879499435	-1316
6.56989789009	-1420
6.56992006302	-1316
6.57374405861	543
6.60242009163	543
6.64745688438	-599
6.6476380825	543
6.64972090721	543
6.78632903099	-543
6.89297199249	-1420
6.89298391342	-1420
6.89303708076	-1264
6.89321899414	543
6.8933839798	543
6.90091109276	-1368
6.97322511673	-1326
6.97365093231	543
6.98729705811	-1420
6.98732209206	-1316
6.98736095428	-1368
6.99212789536	543
7.00532388687	-1368
7.07420301437	-1368
7.07613992691	543
7.08172512054	543
7.08195400238	-1420
7.0819580555	-1420
7.08201789856	-1264
7.10465693474	-1420
7.10471105576	-1316
7.10911202431	-3
7.11097192764	543
7.11181211472	1057
7.13884997368	543
7.18563389778	1057
7.21757888794	-1368
7.244754076	-1420
7.24481511116	-1420
7.24482011795	-1264
7.24516892433	-1420
7.24517393112	-1420
7.24521589279	-1264
7.24710893631	-335
7.27473807335	-1420
7.27474808693	-1316
7.3436589241	-1368
7.35391902924	1460
7.35401010513	111
7.41046309471	-95
7.46537208557	-1368
7.4667930603	543
7.53025388718	-1368
7.53058791161	543
7.59312605858	-522
7.68828892708	-1420
7.68830990791	-1420
7.68842291832	-1264
7.6896340847	-1368
7.69090008736	-1368
7.69446492195	-1420
7.69453501701	-1420
7.69454193115	-1264
7.69583892822	-1420
7.69585394859	-1420
7.69591593742	-1264
7.69932389259	-1420
7.69933891296	-1420
7.69939994812	-1264
7.69985699654	543
7.71484708786	-1420
7.7148630619	-1316
7.72874689102	-19
7.73632693291	1057
7.865046978	-1086
7.8653318882	543
7.86602711678	543
7.88709306717	-1368
8.01096510887	-1420
8.01102495193	-1420
8.01109290123	-1264
8.01254606247	1460
8.01259589195	1460
8.01265597343	1161
8.0127620697	1460
8.0128068924	1460
8.01285099983	253
8.02302908897	-812
8.04310894012	-1368
8.04768395424	543
8.04891991615	1460
8.04904198647	1460
8.0491669178	1161
8.04942011833	1117
8.05537796021	-1420
8.05539393425	-1316
8.15007400513	1460
8.15704107285	1460
8.15710401535	1161
8.15723204613	1460
8.15727591515	1460
8.15734100342	1161
8.15739488602	1460
8.15745091438	1460
8.15749692917	1161
8.15762996674	1237
8.15867900848	1057
8.17876410484	-696
8.23845005035	-1420
8.23846888542	-1420
8.23852491379	-1264
8.23880910873	-1420
8.23881411552	-1316
8.26156401634	-1368
8.27111792564	543
8.31493091583	-646
8.41517806053	543
8.44841694832	-1368
8.47556400299	-1368
8.49292898178	-1007
8.51749491692	-1368
8.54200696945	-1368
8.56970095634	-1368
8.57010102272	543
8.62877011299	-696
8.74749112129	-1368
8.74782395363	543
8.74845004082	-1420
8.74846100807	-1316
8.77535510063	-1420
8.7753739357	-1316
8.81525397301	-1015
8.92916607857	1460
8.92931008339	1460
8.9295759201	1161
8.92968606949	1460
8.92980003357	1199
8.932076931	543
8.95730304718	-1420
8.95731091499	-1420
8.95733809471	-1264
8.97712898254	-1420
8.97714400291	-1316
9.01401305199	-1015
9.32890605927	-543
9.52002692223	-1086
10.0798768997	1057
10.2584340572	-543
10.2810590267	543
10.394272089	-1086
10.4894070625	-1368
10.5700969696	-1260
10.5707600117	543
10.8300390244	-543
10.858850956	-1420
10.8589270115	-1316
10.9947440624	-377
10.9951939583	543
11.2576758862	-543
11.2579069138	543
11.3941729069	-1057
11.5792291164	-1086
