0	543
0.76816701889	-543
0.768368959427	543
1.43561506271	-543
1.95582008362	-543
1.9700191021	-1380
2.00283813477	-1420
2.00286602974	-1340
2.09681510925	-631
2.0989689827	543
2.10084605217	543
2.13381314278	543
2.36414694786	-543
2.54374098778	-543
2.55265808105	543
2.67025613785	-543
2.67044615746	543
2.82789516449	-1380
2.83611702919	-249
2.96318817139	-1086
3.92108201981	-543
3.93862009048	-1420
3.93868017197	-1340
3.95528697968	-1380
4.04745602608	-602
4.04942798615	543
4.04995107651	543
4.34464907646	-543
4.44127106667	-1420
4.44133996964	-1340
4.45264697075	-1420
4.45273303986	-1340
4.45277309418	-1380
4.48553204536	-1420
4.48561215401	-1340
4.48631310463	543
4.49458694458	543
4.51107811928	-367
4.52648901939	543
4.53615307808	-1420
4.53616309166	-1340
4.53641605377	-1380
4.56791210175	-1420
4.56798696518	-1340
4.56829595566	-1420
4.56835103035	-1340
4.56849503517	543
4.57929611206	-1420
4.57931113243	-1340
4.5795841217	-1420
4.57958602905	-1340
4.57960295677	543
4.58047413826	-1420
4.58048009872	-1340
4.61206912994	-1420
4.61208415031	-1340
4.61213898659	-1420
4.61214208603	-1340
4.66280698776	-1420
4.66282296181	-1340
4.66326117516	-1420
4.66326594353	-1340
4.66402697563	-1420
4.66403198242	-1340
4.69442796707	-1420
4.69445300102	-1340
4.69464707375	-1420
4.69464898109	-1340
4.69520401955	-1420
4.69520902634	-1340
4.69533395767	543
4.69591903687	-1420
4.69592404366	-1340
4.69644403458	-1380
4.69650006294	-1380
4.70743012428	-1420
4.70744514465	-1264
4.83567094803	-1086
4.83589315414	543
4.83602905273	543
5.00218105316	-543
5.00243711472	543
5.20833516121	-543
5.22250199318	-1380
5.22358512878	-1380
5.22386717796	-1380
5.23642802238	-1420
5.23644399643	-1340
5.238530159	543
5.24047803879	543
5.25115704536	-1380
5.34962701797	-719
5.35182499886	543
5.35353708267	543
5.43572902679	-1420
5.43574404716	-1340
5.47611498833	-925
5.48261499405	543
5.48536515236	543
5.49421215057	543
5.60093712807	-1380
5.61627602577	-1380
5.6187851429	-498
5.74572706223	-1086
5.74882316589	543
5.90480804443	-543
5.98358917236	543
5.98385095596	543
5.98912906647	-1380
6.04457116127	-1380
6.07159996033	-440
6.08264017105	543
6.08419203758	1460
6.08424305916	1460
6.08427906036	193
6.5040371418	-543
6.51257514954	-1380
6.51309108734	-1380
6.51309609413	-1420
6.51314902306	-1340
6.51379609108	-1420
6.51384305954	-1340
6.51798510551	-1380
6.55107808113	-1420
6.55110406876	-1340
6.59654116631	-1420
6.5965590477	-1340
6.5967130661	-1380
6.5981490612	-1420
6.5982260704	-1420
6.59823012352	-1300
6.60900902748	-1420
6.60901999474	-1340
6.60931706429	-1380
6.60962414742	-1380
6.6097240448	543
6.62797999382	-1420
6.62799811363	-1340
6.62856316566	-1380
6.63908410072	-575
6.70365905762	-1380
6.76553916931	-1306
6.80750894547	-1420
6.80757904053	-1420
6.80758500099	-1300
6.81019806862	-1380
6.81020498276	-1420
6.81023907661	-1340
6.81076216698	-1420
6.81076717377	-1340
6.8108830452	543
6.81163716316	-1380
6.81382608414	-1420
6.8138730526	-1340
6.82231497765	-1380
6.82258605957	-1420
6.82259202003	-1340
6.82265210152	543
6.82409214973	-1420
6.82410216331	-1340
6.82423710823	-1380
6.82433199883	-1380
6.82484006882	-1420
6.82484507561	-1340
6.83242511749	-1380
6.8388800621	-1420
6.83896303177	-1340
6.88562011719	-1420
6.88564515114	-1340
6.88569998741	-1380
6.8868560791	-1420
6.88686203957	-1340
6.88704514503	-1420
6.88705015182	-1340
6.8877530098	-1420
6.88776016235	-1340
6.88787412643	543
6.88840317726	-1380
6.89884305	-1380
6.90174508095	-1420
6.90175104141	-1340
6.90216708183	-1380
6.902312994	-1380
6.90284204483	-1420
6.90284609795	-1340
6.90357804298	-1380
6.91265010834	-1380
6.93242001534	-1282
6.99908208847	-1380
6.99930095673	-1380
6.9996471405	-1380
6.99971914291	543
7.00379109383	-1380
7.00400900841	-1380
7.00427007675	-1420
7.00427508354	-1340
7.00521612167	-1380
7.00529408455	543
7.01283717155	-1420
7.0128531456	-1340
7.01364803314	-1420
7.01366114616	-1340
7.01423716545	-1420
7.01424098015	-1340
7.01828408241	-1420
7.01829195023	-1340
7.01855015755	-1420
7.01855397224	-1340
7.01920413971	-1420
7.0192091465	-1340
7.02693605423	-1420
7.02694201469	-1340
7.03155994415	-1380
7.04254198074	-1380
7.09922099113	-733
7.11777710915	-1420
7.11783909798	-1340
7.11798715591	543
7.11821913719	-1380
7.11879110336	-1420
7.11884903908	-1420
7.11885213852	-1300
7.11889100075	-1380
7.11962413788	-1420
7.11965799332	-1340
7.12708711624	-1380
7.13211917877	-1420
7.13212609291	-1420
7.13216996193	-1300
7.13275694847	-1420
7.13280105591	-1340
7.13322210312	-1380
7.13331699371	-1380
7.13343000412	543
7.13424396515	-1420
7.13424897194	-1340
7.1346590519	-1420
7.13466405869	-1340
7.13477706909	543
7.13538503647	-1380
7.16415715218	-1420
7.1642229557	-1340
7.16463708878	-1380
7.22580695152	-692
7.24307608604	-1420
7.24313402176	-1340
7.24335312843	-1420
7.24341201782	-1340
7.2440571785	-1420
7.2441110611	-1340
7.24465513229	-1380
7.24626898766	-1420
7.24646401405	-1340
7.24657917023	-1380
7.25798416138	-1420
7.25803494453	-1340
7.25830698013	-1420
7.25833916664	-1340
7.25843906403	543
7.25896596909	-1420
7.25897097588	-1340
7.25958895683	-1420
7.25959396362	-1340
7.26036500931	-1420
7.26037096977	-1340
7.2610681057	-1380
7.26157617569	-1420
7.26160216331	-1340
7.2767469883	-1380
7.32308411598	-1380
7.32415413857	-1420
7.32419705391	-1340
7.32420110703	-1380
7.33051109314	-1420
7.33052301407	-1340
7.33069515228	-1420
7.33069896698	-1340
7.33083796501	543
7.33155107498	-1380
7.33161997795	543
7.33507394791	-1380
7.33729600906	-1420
7.33733415604	-1340
7.3377301693	-1420
7.33777499199	-1340
7.34460115433	-1420
7.34464812279	-1340
7.34491801262	-1380
7.34944105148	-1420
7.34944605827	-1340
7.34962415695	-1380
7.35138607025	-1420
7.35143303871	-1340
7.35240602493	-1308
7.3791000843	-1380
7.4738509655	-1380
7.47896099091	-1420
7.47902607918	-1340
7.47963213921	-1420
7.479637146	-1340
7.47975707054	543
7.4803249836	-1420
7.48034000397	-1340
7.4861061573	-1420
7.48611211777	-1340
7.48651695251	-1380
7.50548100471	-74
7.63224697113	-543
7.63264417648	1460
7.63270807266	625
7.79219818115	543
7.80262517929	543
8.10997509956	-543
8.15692305565	-1420
8.15697216988	-1340
8.20737195015	-1380
8.20846009254	-1420
8.208507061	-1340
8.20907115936	-1420
8.20911717415	-1340
8.20966410637	-1420
8.20971107483	-1340
8.20983910561	543
8.2123169899	-1380
8.21352005005	-1380
8.21361017227	-1380
8.21878409386	-1380
8.23925113678	-1380
8.25365996361	-1380
8.27598500252	-1244
8.27613806725	543
8.28455114365	-1380
8.28558301926	-1380
8.2859351635	-1420
8.28594017029	-1420
8.28598308563	-1300
8.28658509254	-1420
8.286632061	-1340
8.28782916069	-1380
8.30175995827	-1420
8.30177116394	-1340
8.30214309692	-1380
8.30735707283	-1420
8.30741214752	-1340
8.30769705772	-1420
8.30774402618	-1340
8.31594896317	-1380
8.32776498795	-1420
8.32777714729	-1340
8.32783102989	-1380
8.3279440403	-1380
8.3285241127	-1380
8.33007001877	-1380
8.3326690197	543
8.41130399704	-1379
8.57820606232	-543
8.57843804359	543
8.8965280056	-543
8.94389104843	-1420
8.94396209717	-1340
9.06322216988	-896
9.06524801254	543
9.06585097313	543
9.35940504074	-543
9.47255396843	543
9.51789617538	-1380
9.52611804008	-249
9.54282808304	543
9.5691921711	543
9.58289003372	543
9.75603103638	543
9.77965712547	543
9.86343097687	-543
9.89684605598	-1380
9.99346899986	1057
10.0015079975	-543
10.0233430862	-1306
10.0447030067	-1420
10.044770956	-1420
10.0447759628	-1300
10.0449531078	543
10.0669269562	-1420
10.0669431686	-1340
10.0669791698	-1380
10.1650381088	-1380
10.1659829617	543
10.1664061546	543
10.1713180542	-338
10.1826460361	543
10.1832621098	543
10.3015069962	-543
10.3017780781	543
10.5364251137	-543
10.5366239548	543
10.6282820702	-1420
10.6283090115	-1340
10.6285879612	-1380
10.6637890339	-573
10.6640241146	543
10.6659970284	543
10.666613102	543
10.7949740887	-543
10.8100719452	-1380
10.8287031651	-1380
10.8448970318	-1380
10.9020421505	-1420
10.9020581245	-1340
10.9041349888	543
10.9050500393	543
10.9149210453	-1380
10.9367351532	-835
10.9387180805	543
10.968487978	-1380
10.9701249599	-1380
10.9710271358	-1420
10.9710309505	-1420
10.9710741043	-1300
10.9965679646	-1380
11.0105719566	-1380
11.014539957	-1380
11.0151920319	-1380
11.0163121223	-1420
11.0163431168	-1340
11.0165040493	-1420
11.0165369511	-1340
11.0246040821	-1420
11.0246729851	-1340
11.0248241425	-1380
11.0386359692	-1420
11.0386509895	-1340
11.0387060642	-1420
11.0387091637	-1340
11.0388741493	543
11.063503027	-280
11.063999176	543
11.0646109581	543
11.1916880608	-1086
11.1918780804	543
11.463643074	-543
11.4638390541	543
11.4725291729	543
11.4854960442	-1420
11.4855079651	-1340
11.5035140514	-1380
11.5036661625	543
11.5174839497	-1380
11.5366210938	-1380
11.5510520935	-1420
11.5510640144	-1340
11.5803821087	-1380
11.6088140011	-1072
11.6109321117	543
11.6238670349	543
11.6245400906	543
11.769026041	-543
11.8022279739	-1380
11.8140971661	-1380
11.814191103	-1380
11.8159179688	-1380
11.8672111034	-1380
11.867549181	-1380
11.8678369522	-1380
11.868637085	-1420
11.868680954	-1340
11.8701319695	543
11.87018013	-1380
11.8703801632	543
11.9175260067	-1380
11.9176940918	543
11.9178249836	-1380
11.9288740158	-1098
11.9316091537	-1380
11.9463260174	543
11.9469909668	-1380
11.9472711086	-1380
11.9479939938	-1380
11.9501140118	-1380
11.952491045	543
11.9629890919	543
12.058191061	-1129
12.0613460541	543
12.0693659782	543
12.2180430889	-1380
12.2238991261	-249
12.2546310425	-1380
12.2551219463	-1380
12.2678101063	-1380
12.3511819839	-1232
12.3828411102	-1420
12.3829009533	-1340
12.3831100464	-1380
12.3876321316	-1380
12.3893041611	-1380
12.3953499794	-1420
12.3953630924	-1340
12.3956010342	-1380
12.4648730755	-1380
12.4650330544	543
12.4778380394	-380
12.482336998	-1380
12.4831171036	1057
12.4842121601	-1380
12.4875531197	-1380
12.4880151749	-1380
12.4881920815	-1380
12.4887361526	-1380
12.4953341484	-1420
12.495388031	-1340
12.4975121021	-1420
12.4975559711	-1340
12.497688055	543
12.4980890751	-1380
12.5018150806	-1420
12.5018839836	-1340
12.5018889904	-1380
12.5089590549	-1380
12.5230309963	-1380
12.6090610027	-950
12.6330990791	543
12.7578201294	-543
12.757994175	543
12.7603969574	543
12.7735111713	543
12.8050160408	543
12.8225159645	543
12.8268330097	543
12.8844361305	-543
13.4027769566	-543
13.4029929638	543
13.5296580791	-1086
13.5391860008	-1420
13.5392370224	-1340
13.5884139538	-1380
13.5904021263	543
13.6345560551	-1380
13.6373579502	543
13.6657471657	-308
13.6819751263	-1420
13.6820440292	-1340
13.6820480824	-1420
13.6820881367	-1340
13.682945013	-1420
13.6829931736	-1340
13.6921520233	-1380
13.6986351013	-1380
13.7947909832	-1043
13.8191859722	-1420
13.8192429543	-1340
13.8192720413	-1380
13.8516180515	-1420
13.8516349792	-1340
13.8518521786	-1380
13.9459371567	-1175
13.946105957	543
13.9465200901	543
13.9978330135	-1380
13.9979970455	1460
13.9980521202	111
14.0604791641	-1380
14.0725791454	-1041
14.0906820297	-1420
14.0906989574	-1420
14.0907599926	-1300
14.1231060028	-1420
14.1231789589	-1340
14.1232500076	-1380
14.1234481335	543
14.1831669807	-1380
14.197122097	-1380
14.1990160942	-529
14.1997661591	543
14.3261070251	-543
14.3439860344	-1380
14.4045891762	-1380
14.44571805	-1380
14.4704971313	-660
14.672590971	-543
14.687390089	-1420
14.6874699593	-1340
14.6877360344	-1420
14.6877889633	-1340
14.6883950233	-1420
14.6884469986	-1340
14.6891341209	-1420
14.6891789436	-1340
14.6895849705	-1380
14.7017819881	-1420
14.7017960548	-1340
14.7320289612	-1380
14.7991821766	-779
14.87104702	-1380
14.8713331223	-1380
14.8716561794	-1380
14.8719191551	-1380
14.8724579811	-1380
14.8734500408	-1380
14.8738231659	-1420
14.8738560677	-1340
14.8741340637	543
14.9174280167	-1380
14.926128149	-952
14.9302301407	-1380
14.9311189651	-1420
14.9312050343	-1420
14.9312090874	-1300
14.9313700199	543
14.9317290783	543
14.93800807	-1380
14.9452409744	-1420
14.9452991486	-1340
14.9455280304	-1380
15.0524981022	-44
15.0796141624	-1420
15.0796830654	-1340
15.0797791481	-1380
15.0808970928	-1420
15.0809020996	-1340
15.0883791447	-1420
15.0883929729	-1340
15.1068561077	-1380
15.1467089653	-1380
15.1790201664	-235
15.1813240051	543
15.1831071377	543
15.2659289837	-1380
15.2659850121	-1420
15.2660191059	-1340
15.2664310932	-1420
15.2664661407	-1340
15.2671630383	-1420
15.2671871185	-1340
15.2679140568	-1420
15.2679381371	-1340
15.2685229778	543
15.2779250145	-1380
15.2801020145	-1420
15.2801401615	-1340
15.280203104	-1420
15.2802221775	-1340
15.2812139988	-1380
15.2943799496	543
15.2975399494	543
15.3053631783	543
15.3055400848	-527
15.3061971664	543
15.3067581654	543
15.3072340488	543
15.3762960434	-1380
15.4337389469	-1335
15.4389231205	-1420
15.4389810562	-1316
15.4393351078	-1368
15.4394881725	-1368
15.4407451153	-1420
15.4407939911	-1316
15.4412209988	-1420
15.4412481785	-1316
15.452573061	543
15.4551460743	-1420
15.4551520348	-1316
15.4556601048	-1368
15.4861559868	-1368
15.496119976	-1368
15.4964499474	-1420
15.4964981079	-1316
15.5072369576	-1368
15.5113470554	-1368
15.5207800865	543
15.5602440834	-114
15.5903530121	-1368
15.6307141781	-1380
15.6467721462	-1380
15.648761034	-1420
15.6487669945	-1340
15.6489160061	543
15.6530940533	-1420
15.6531009674	-1340
15.6535570621	-1420
15.6535611153	-1340
15.6540870667	-1380
15.6611039639	-1380
15.6826131344	543
15.6829931736	543
15.6831951141	543
15.6926929951	-1420
15.6926980019	-1340
15.6933720112	-1380
15.7178480625	-174
15.8048501015	-1420
15.8048679829	-1340
15.8053200245	-1380
15.8054690361	543
15.8057579994	-1380
15.8062109947	-1380
15.8066680431	-1380
15.8067030907	-1380
15.8071789742	-1380
15.8081221581	-1380
15.8082051277	543
15.8196761608	-1420
15.8196899891	-1340
15.8443460464	-878
15.9036240578	-1380
15.9040150642	543
16.0050621033	-1380
16.0052680969	543
16.005521059	-1420
16.0055251122	-1340
16.0056540966	543
16.0067691803	-1380
16.0067811012	-1420
16.0067830086	-1340
16.0072481632	-1420
16.007281065	-1340
16.0078611374	-1380
16.0158879757	-455
16.0204110146	-1420
16.0204739571	-1340
16.0208570957	-1380
16.0497670174	-1420
16.0497801304	-1340
16.0791881084	-1380
16.0877580643	-1380
16.0918409824	543
16.1017050743	-1420
16.101722002	-1340
16.1423649788	-1263
16.1470251083	-1380
16.177891016	-1420
16.1779091358	-1420
16.1779739857	-1300
16.1781699657	-1380
16.1784369946	-1380
16.1891820431	-1420
16.1892280579	-1340
16.1895730495	-1420
16.1896150112	-1340
16.1918179989	-1420
16.1918580532	-1340
16.1923019886	-1380
16.2025511265	543
16.2224290371	-1420
16.222440958	-1340
16.2225029469	-1380
16.2250931263	-1380
16.2428691387	-1380
16.2735500336	-955
16.2745010853	1460
16.2745499611	1460
16.2745931149	1161
16.2751710415	89
16.3552639484	-1420
16.3552830219	-1340
16.3555970192	-1420
16.3556010723	-1340
16.3557231426	543
16.3561799526	-1420
16.3561840057	-1340
16.356855154	-1420
16.3568589687	-1340
16.3574931622	-1380
16.3575620651	543
16.3686490059	-1380
16.3694829941	-1380
16.3695261478	-1380
16.3863940239	-1380
16.3898129463	-1420
16.3898169994	-1340
16.399930954	-237
16.4200870991	-1380
16.5468661785	-1306
16.5477621555	1057
16.5608661175	-1380
16.5613510609	-1420
16.5613930225	-1340
16.5619521141	-1380
16.567002058	-1420
16.5670111179	-1340
16.5673410892	-1380
16.5746750832	-1420
16.5747439861	-1340
16.5754220486	-1420
16.5754799843	-1340
16.5903570652	-1420
16.5904259682	-1420
16.590430975	-1300
16.6837389469	1057
16.6875491142	-705
16.7397789955	-1420
16.7397961617	-1340
16.7400200367	543
16.740085125	-1380
16.7413380146	-1380
16.7416810989	-1380
16.7427611351	-1420
16.7427871227	-1340
16.7511429787	-1420
16.751199007	-1340
16.7517681122	-1380
16.7518680096	543
16.7540931702	-1380
16.7651669979	-1420
16.7652239799	-1340
16.7694101334	-1380
16.8338730335	-1380
16.8538429737	-411
16.8540620804	543
16.9571559429	-1420
16.9571721554	-1340
16.9615340233	-1380
16.9615399837	-1380
16.9623761177	-1420
16.9623820782	-1340
16.962430954	-1380
16.9625141621	543
16.9626541138	-1380
16.9637820721	-1380
16.9706399441	-1420
16.9706480503	-1340
16.9707100391	-1380
16.9827561378	-779
17.0031089783	-1380
17.0526850224	-1380
17.0528290272	-1380
17.0533750057	-1380
17.067054987	-1380
17.1121981144	-1100
17.1860690117	-1380
17.2129590511	-1380
17.2130730152	-1380
17.2132861614	-1420
17.2134170532	-1340
17.21342206	-1380
17.2142021656	-1420
17.2142071724	-1340
17.2145440578	-1380
17.2146711349	-1380
17.226444006	-1380
17.2265090942	-1380
17.2266430855	543
17.2280700207	-1420
17.2280759811	-1340
17.2283301353	-1420
17.2283389568	-1340
17.2324850559	543
17.2387821674	-892
17.4051280022	-1086
17.4124920368	-1420
17.4124970436	-1340
17.4125680923	-1380
17.4181871414	-1420
17.4182009697	-1340
17.4200429916	-1420
17.4200479984	-1420
17.420071125	-1300
17.4264280796	-1420
17.4264390469	-1340
17.4268500805	-1380
17.4273450375	-1380
17.4277231693	-1380
17.4441239834	-1380
17.4442780018	543
17.447961092	-1420
17.4479670525	-1340
17.4485781193	-1380
17.4582819939	-1380
17.4824020863	-1420
17.482416153	-1340
17.5315539837	-367
17.5344030857	543
17.5346450806	543
17.6182851791	-1420
17.6183030605	-1340
17.6188390255	-1420
17.6188430786	-1340
17.6198191643	-1420
17.6198241711	-1340
17.620126009	-1380
17.6246261597	-1420
17.6246709824	-1340
17.6321430206	-1380
17.6322720051	-1380
17.6325621605	-1420
17.6326060295	-1340
17.6332280636	-1380
17.6333241463	543
17.6467161179	-1380
17.6593630314	-1323
17.6595840454	543
17.8456320763	-543
17.8463761806	-1420
17.8464100361	-1340
17.8470771313	-1380
17.8477079868	-1420
17.8477129936	-1340
17.8507061005	-1380
17.8612251282	-1420
17.8612961769	-1340
17.8856489658	-1380
17.9736340046	-923
17.9742269516	1460
17.9742951393	111
17.9748661518	543
17.9844520092	1057
17.9894361496	543
18.0223841667	1460
18.0224881172	111
18.1599149704	-543
18.1610820293	-1380
18.1753020287	-1420
18.1753180027	-1340
18.1839909554	-1420
18.1840040684	-1340
18.1844270229	-1420
18.1844320297	-1340
18.1850919724	-1380
18.1852190495	-1380
18.1856839657	-1380
18.1857590675	543
18.189150095	-1420
18.1891551018	-1340
18.1896021366	-1380
18.2035770416	-1420
18.2036321163	-1340
18.2877409458	-1352
18.3149540424	1460
18.3150360584	625
18.3669521809	-1380
18.3669691086	-1380
18.3674340248	-1380
18.3755600452	-1380
18.3889901638	-1380
18.3890869617	-1380
18.4066619873	-1420
18.4066779613	-1420
18.4067361355	-1300
18.4421930313	-749
18.4424800873	543
18.4962179661	-1380
18.5098690987	-1420
18.5099439621	-1340
18.5103299618	-1380
18.523966074	-1380
18.566133976	-1420
18.5662140846	-1340
18.5662190914	-1380
18.572450161	-1380
18.5727729797	-1420
18.5728271008	-1340
18.5729250908	543
18.5732560158	-1420
18.5732610226	-1340
18.5807671547	-1420
18.5807750225	-1340
18.5811400414	-1380
18.612694025	-1420
18.6127359867	-1340
18.6226890087	-673
18.6496989727	-1380
18.6921451092	-1380
18.6924870014	543
18.6926410198	543
18.6935620308	1057
18.7087311745	-1420
18.7087459564	-1340
18.7096149921	543
18.7383480072	-1380
18.7409610748	-1380
18.7414269447	-1420
18.7414331436	-1340
18.7415621281	543
18.7418210506	-1420
18.7418270111	-1340
18.7426300049	-1380
18.74319911	-1380
18.74395895	-1380
18.7531421185	-1420
18.7532100677	-1420
18.753218174	-1300
18.7773401737	-1261
18.7925851345	-1380
18.8329591751	-1420
18.832983017	-1340
18.8516530991	-1380
18.8518300056	543
18.8519489765	-1380
18.8648049831	-1380
18.8660900593	-1380
18.918035984	-1380
18.9192891121	-160
18.9198400974	-1380
18.9298889637	-1420
18.9299411774	-1340
18.9302830696	-1380
18.9376709461	-1420
18.9376780987	-1340
18.9462990761	-1380
18.9464190006	543
18.9484820366	-1380
18.9512360096	-1380
18.951818943	-1420
18.9518239498	-1340
18.9745230675	-1420
18.9745390415	-1340
19.0398361683	-1380
19.0403110981	-1380
19.0404500961	-1380
19.0461051464	-1232
19.0725800991	-1380
19.0745749474	-1420
19.0746350288	-1340
19.0747549534	543
19.1299781799	-1380
19.1389369965	-1420
19.1390070915	-1340
19.139013052	-1380
19.1390621662	-1380
19.1431939602	-1380
19.1438729763	-1380
19.1729631424	-998
19.2225379944	-1380
19.223304987	-1420
19.2233731747	-1340
19.2238030434	-1380
19.2476251125	-1380
19.2502470016	-1380
19.2790441513	543
19.2997939587	-1233
19.3103899956	-1420
19.3104419708	-1340
19.3106081486	543
19.3247771263	-1380
19.3930311203	-1380
19.3952710629	-1420
19.3953201771	-1340
19.3954689503	543
19.3962981701	-1420
19.3963041306	-1340
19.396985054	-1380
19.4024670124	543
19.4032609463	543
19.4066519737	-1380
19.419522047	-1420
19.4195721149	-1340
19.4265341759	-410
19.4327249527	-1380
19.4610190392	-1380
19.4734301567	-1380
19.4734539986	-1380
19.4737660885	-1380
19.4739010334	-1380
19.4743070602	-1420
19.4743111134	-1340
19.4751081467	-1420
19.4751141071	-1340
19.478564024	543
19.490144968	-1380
19.5192821026	-1380
19.5401580334	-1380
19.5414280891	-1420
19.5414841175	-1340
19.5418720245	-1420
19.5419180393	-1340
19.5426211357	-1420
19.5426540375	-1340
19.5427560806	543
19.5429980755	-1380
19.5434889793	-1380
19.5437681675	-1380
19.5530490875	-156
19.6120181084	543
19.6122801304	543
19.6224570274	-1420
19.6224689484	-1340
19.6231520176	-1380
19.6237139702	-1380
19.6238770485	-1380
19.6245000362	-1380
19.6253061295	-1420
19.6253099442	-1340
19.6325771809	543
19.6362149715	-1380
19.6800210476	-438
19.6922230721	-1380
19.692813158	-1420
19.6928739548	-1340
19.7058720589	-1420
19.7059261799	-1340
19.7270400524	-1380
19.7416250706	-1380
19.8084981441	-910
19.8126349449	543
19.8127739429	543
19.8326721191	543
19.8711080551	543
19.9027070999	1057
19.925907135	543
19.9682610035	-543
19.9703040123	543
19.9709260464	543
19.9974889755	-1420
19.9975049496	-1340
19.997852087	-1420
19.9978570938	-1340
19.9983370304	-1420
19.9983420372	-1340
19.9990530014	-1380
20.0113520622	-1380
20.0301160812	-1380
20.0955951214	-749
20.1585240364	-1420
20.1585390568	-1420
20.1586041451	-1300
20.1918451786	-1380
20.1949570179	543
20.2029149532	1057
20.2227201462	-1394
20.2233150005	543
20.2237820625	543
20.269575119	-1380
20.3221399784	-1380
20.3233649731	543
20.3361530304	-1420
20.3361680508	-1340
20.3492469788	-822
20.3770930767	-1380
20.3772060871	-1420
20.3772101402	-1340
20.3774211407	543
20.3775889874	543
20.3776659966	-1420
20.377669096	-1340
20.3785200119	-1380
20.390239954	-1420
20.3903081417	-1340
20.3903131485	-1380
20.4237620831	-1420
20.4237749577	-1420
20.4238290787	-1300
20.4239661694	1057
20.4767820835	-750
20.4802260399	543
20.4806649685	543
20.5668439865	543
20.5827140808	1460
20.5827970505	111
20.5961511135	1460
20.596241951	111
20.7460260391	-543
20.8355190754	-1420
20.8355901241	-1340
20.9125311375	-925
20.9957129955	-1420
20.9957830906	-1340
20.996104002	-1380
21.0281121731	-1380
21.0392961502	-1307
21.0778059959	-1420
21.0778729916	-1340
21.0781240463	-1380
21.1010761261	-1380
21.1117351055	-1380
21.1119990349	543
21.1342289448	-1380
21.1664669514	-748
21.1670770645	-1380
21.167222023	543
21.1812610626	-1380
21.2269999981	-1380
21.2304489613	-1380
21.2306520939	-1420
21.230656147	-1340
21.2313420773	-1420
21.231347084	-1340
21.2383110523	-1380
21.2530190945	-1380
21.2957119942	-115
21.3057720661	543
21.3226351738	543
21.3610391617	-1380
21.4619319439	-249
21.4622189999	543
21.484429121	-1420
21.484454155	-1340
21.484703064	-1380
21.4976701736	-1420
21.4977400303	-1340
21.5320999622	-1380
21.5682530403	-1380
21.5713670254	543
21.5755591393	-1380
21.5825591087	543
21.5900440216	-44
21.5941021442	-1380
21.5942189693	543
21.6530210972	-1420
21.6530499458	-1340
21.6532411575	-1380
21.662539959	-1380
21.6769499779	-1420
21.6769621372	-1340
21.7227160931	-1380
21.7235569954	-645
21.7253341675	543
21.7256009579	543
21.8502709866	-543
21.8796491623	-1420
21.8797409534	-1340
21.879748106	-1380
21.9109871387	-1380
21.9729239941	-1380
21.9920220375	-1380
22.0069739819	-1262
22.0861401558	-1380
22.1192560196	-1380
22.1202349663	543
22.166093111	-1380
22.1729669571	-204
22.3000049591	-543
22.3019461632	543
22.429058075	-1086
22.741476059	-543
22.868044138	-543
22.8682780266	543
22.8953220844	-1380
22.8958001137	543
22.9029791355	543
22.9092860222	-1380
22.9096200466	-1420
22.9096720219	-1340
22.9235341549	-1420
22.9236040115	-1340
22.9237370491	543
22.9239051342	-1380
22.9954111576	-852
23.0579020977	-1420
23.0579509735	-1340
23.1220560074	-411
23.2408709526	-1380
23.2538120747	-1420
23.2538721561	-1340
23.2663559914	-1380
23.2677280903	-1380
23.2888691425	-1129
23.2896151543	543
23.2900290489	543
23.3700480461	-1380
23.3839740753	-1380
23.3980209827	-1380
23.415389061	-689
23.4155650139	543
23.4967610836	-1420
23.4967820644	-1340
23.4969110489	-1380
23.507969141	-1380
23.5093359947	-1380
23.5100300312	-1420
23.5100791454	-1340
23.5402941704	-1380
23.5419261456	-1188
23.5451850891	543
23.5474200249	543
23.672175169	-543
23.6876909733	-1420
23.6877541542	-1340
23.6878721714	-1380
23.6879720688	543
23.7187449932	-1380
23.8128731251	-1380
23.8131101131	543
23.8132891655	-1380
23.8140380383	-835
23.8163051605	-1380
23.8187141418	-1420
23.818748951	-1340
23.9432730675	-1203
23.9817910194	-1380
23.9826231003	-1420
23.9826281071	-1340
23.9958791733	-1420
23.9958980083	-1340
24.0803129673	-1380
24.0941309929	-1420
24.0941441059	-1340
24.0946941376	-1380
24.1082830429	-293
24.1933920383	-1380
24.2350330353	-249
24.2352969646	543
24.2928371429	-1380
24.2929911613	-1380
24.296254158	-1380
24.3009819984	-1380
24.3010630608	-1380
24.3029971123	543
24.3036799431	543
24.3256821632	-1380
24.3399879932	-1420
24.3400650024	-1340
24.3618490696	-645
24.3620481491	543
24.3968360424	-1420
24.3968641758	-1340
24.3969020844	-1380
24.3970470428	543
24.4023649693	-1420
24.4023909569	-1340
24.4027559757	-1380
24.4104850292	-1380
24.4724669456	543
24.4823491573	-1380
24.4900341034	-1014
24.5448040962	-1420
24.5448200703	-1340
24.5451180935	-1380
24.5991170406	-1380
24.5994310379	-1380
24.6120810509	-1380
24.6166341305	-1262
24.6752910614	-1380
24.6843471527	-1420
24.6843860149	-1340
24.6844799519	543
24.6934549809	-1380
24.6978089809	-1420
24.6978571415	-1340
24.7433359623	-719
24.761852026	-1380
24.7641150951	-1380
24.7691049576	-1380
24.7778151035	-1380
24.7895290852	-1420
24.789591074	-1340
24.78967309	-1380
24.7926199436	-1420
24.7926311493	-1340
24.7932031155	-1380
24.8070731163	-1420
24.8070890903	-1420
24.8071551323	-1300
24.8454880714	-1380
24.8463950157	-1420
24.8464021683	-1340
24.8469040394	-1380
24.8470590115	543
24.8603270054	-1380
24.8801131248	-1420
24.8801660538	-1340
24.8806359768	-1420
24.880671978	-1340
24.8810911179	-1380
24.8813841343	-1380
24.881953001	-1420
24.8819990158	-1340
24.8823840618	-1380
24.8884510994	-1364
24.888559103	543
24.8940610886	-1420
24.8940689564	-1340
24.8946790695	-1380
24.8952651024	-1420
24.8953239918	-1340
24.9432761669	-1380
24.9574949741	-1420
24.9575121403	-1340
24.9626979828	-1380
24.972548008	-1420
24.9725570679	-1340
24.9726879597	543
24.9766430855	-1380
25.0150711536	-866
25.0443201065	-1380
25.0584609509	-1420
25.0585501194	-1340
25.0585560799	-1420
25.0585951805	-1340
25.0725109577	-1420
25.0725750923	-1420
25.0725791454	-1300
25.1074120998	543
25.1390490532	-1420
25.1390659809	-1340
25.1392891407	-1380
25.1449100971	-1380
25.1698901653	-1380
25.1720271111	-1420
25.1720819473	-1340
25.1723020077	-1380
25.17248106	543
25.1727190018	-30
25.1744029522	-1380
25.1763510704	543
25.1772320271	543
25.1777291298	543
25.187155962	-1380
25.2194190025	-1420
25.2194960117	-1340
25.2448000908	-1420
25.2448661327	-1340
25.2450859547	-1420
25.2451300621	-1340
25.2452681065	543
25.2458200455	-1420
25.2458250523	-1340
25.2587161064	-1380
25.2726171017	-1380
25.2993481159	-410
25.3262109756	-1380
25.3627221584	-1420
25.3627481461	-1340
25.3629181385	-1380
25.3630549908	-1380
25.3662340641	-1380
25.3674459457	-1380
25.3768999577	-1420
25.3769099712	-1340
25.4308450222	-1380
25.4314081669	-1380
25.4451441765	-1420
25.4451680183	-1340
25.4467270374	-1380
25.4468140602	543
25.4523351192	-1380
25.4525620937	-1012
25.4801790714	-1420
25.4801940918	-1340
25.4802401066	-1380
25.4899060726	-1380
25.4902009964	-1380
25.4940481186	-1380
25.5130131245	-1380
25.527048111	-1380
25.5515201092	-1420
25.5515351295	-1340
25.5517590046	-1380
25.5518431664	543
25.5539140701	543
25.5550560951	-1420
25.5550620556	-1340
25.5615019798	-1380
25.5792601109	-1277
25.587790966	-1380
25.6212849617	-1380
25.6772260666	-1420
25.677243948	-1420
25.6773040295	-1420
25.6773071289	-1260
25.6775071621	543
25.6777091026	543
25.6910820007	-1380
25.704914093	-1380
25.7060861588	-587
25.7128851414	1057
25.7945780754	-1420
25.7945959568	-1340
25.7949709892	-1420
25.7949740887	-1340
25.8084421158	-1380
25.8331830502	-644
25.9038109779	-1380
25.9046211243	-1420
25.9046809673	-1340
25.9047219753	-1420
25.9047560692	-1340
25.90538311	-1380
25.9058880806	1460
25.9059350491	1460
25.9059700966	1161
25.9060461521	1460
25.9060850143	171
25.9067661762	-1380
25.9181761742	-1420
25.9182109833	-1340
25.9604980946	-235
25.9969091415	-1380
26.0107960701	-1380
26.0128259659	543
26.0136179924	543
26.0142459869	543
26.0146770477	543
26.0295190811	-1420
26.0295341015	-1340
26.0297851562	543
26.0301761627	-1380
26.0303411484	-1380
26.0306379795	-1380
26.0307021141	-1380
26.0313520432	-1420
26.0313570499	-1340
26.0455641747	-1380
26.0457160473	543
26.0871419907	-849
26.1625709534	-1380
26.1765880585	-1420
26.1766040325	-1340
26.176762104	-1380
26.2050080299	-1420
26.205024004	-1340
26.2137551308	-176
26.2139430046	1460
26.213996172	625
26.2779381275	-1380
26.2789180279	543
26.3410730362	-249
26.3525600433	543
26.4212231636	-1380
26.4222180843	-1420
26.4222841263	-1420
26.4223020077	-1300
26.4362580776	-1380
26.4682090282	-615
26.4995009899	-1380
26.5492630005	-1420
26.5492730141	-1340
26.5949110985	-718
26.6109571457	-1420
26.6109721661	-1340
26.6110391617	-1380
26.611164093	-1380
26.6113200188	543
26.6114990711	-1380
26.6191730499	-1420
26.6192419529	-1340
26.6193699837	-1380
26.6235439777	-1380
26.7165360451	-1380
26.7260849476	-1420
26.7261440754	-1340
26.7268090248	-1420
26.7268140316	-1340
26.7273190022	-1420
26.7273240089	-1340
26.7280070782	-1380
26.7302250862	-1380
26.7377259731	-1353
26.778758049	-1380
26.7788619995	-1420
26.7789051533	-1340
26.7794890404	-1420
26.7794940472	-1340
26.7796289921	543
26.780009985	-1380
26.7927291393	-1380
26.7933590412	-1380
26.793612957	-1380
26.8076679707	-1380
26.8474471569	-1380
26.8476581573	-1380
26.848304987	-1420
26.8483099937	-1340
26.848443985	543
26.8485469818	-1420
26.8485600948	-1340
26.8489661217	-1380
26.9041249752	-1380
26.9041550159	-333
26.9140591621	-1380
26.9413990974	-1420
26.9415180683	-1340
26.9415221214	-1420
26.9415590763	-1340
26.9459831715	-1420
26.9459881783	-1340
26.9461150169	543
26.9703061581	-1380
26.976598978	-1380
26.984817028	-1420
26.9848320484	-1340
26.9902460575	-1380
26.9934561253	1057
27.0049669743	-1420
27.0049819946	-1340
27.0050680637	-1380
27.0055520535	-1380
27.0070910454	-1380
27.0305280685	-793
27.0308041573	543
27.059910059	-1420
27.0599269867	-1340
27.060103178	-1420
27.0601069927	-1340
27.0603730679	543
27.062554121	543
27.0653910637	-1420
27.0654079914	-1420
27.0654530525	-1300
27.0661351681	-1380
27.07249403	543
27.0738770962	543
27.0739860535	-1380
27.0767591	543
27.0769891739	543
27.0775029659	543
27.0777590275	1057
27.1570110321	-749
27.1724600792	-1380
27.1848840714	-1380
27.1989710331	-1380
27.2722280025	-1420
27.2722480297	-1340
27.2725670338	543
27.2726211548	-1380
27.2989809513	-748
27.3298900127	-1380
27.3403861523	-1420
27.3404541016	-1340
27.3624119759	-1380
27.3764650822	-1420
27.3764779568	-1340
27.3766031265	-1380
27.3770670891	-1380
27.4068641663	-1380
27.4258241653	-1292
27.4287531376	543
27.4294879436	1057
27.5052101612	-1420
27.5052380562	-1340
27.5058009624	-1380
27.51613307	-1420
27.5162091255	-1340
27.5162141323	-1420
27.5162680149	-1340
27.5246319771	-1380
27.5265710354	543
27.527310133	543
27.5524129868	-1101
27.649474144	-1380
27.6494910717	-1420
27.6495480537	-1340
27.6497161388	543
27.6501660347	543
27.6606471539	-1380
27.6644051075	-1380
27.6712341309	-1420
27.671257019	-1340
27.6766450405	-1380
27.6797380447	-1246
27.7183270454	-1380
27.7886590958	-1380
27.8067321777	-469
27.8069090843	543
27.8218510151	-1380
27.9482541084	-792
27.9488310814	543
28.0083780289	-1380
28.0170190334	-1420
28.0170891285	-1420
28.017095089	-1300
28.0222561359	-1380
28.0751261711	-470
28.1491930485	-1420
28.1492090225	-1340
28.1492681503	-1380
28.1513969898	543
28.152009964	1057
28.1633889675	-1380
28.1774950027	-1380
28.2041211128	-101
28.2946841717	-1380
28.3097281456	-1380
28.3309960365	-983
28.4685461521	-1380
28.4695980549	-1420
28.4696681499	-1420
28.469671011	-1300
28.4698541164	543
28.4979500771	-1380
28.4990200996	-72
28.5117580891	-1380
28.590610981	-1380
28.6257891655	-1012
28.6972851753	-1420
28.6973030567	-1340
28.6975941658	-1420
28.6975979805	-1340
28.7172429562	1057
28.7285630703	-1380
28.7432620525	-1420
28.7433540821	-1340
28.7433569431	-1380
28.7435259819	543
28.7521491051	-102
28.8616011143	1057
28.8803491592	-543
28.9373850822	543
28.9456460476	543
29.2037460804	-543
29.2066149712	543
29.2130191326	543
29.2516889572	-1380
29.3157541752	-1380
29.3301150799	-1380
29.3305330276	1057
29.3349010944	-204
29.3431179523	-1380
29.4618899822	-734
29.4730260372	543
29.4862530231	543
29.5270309448	-1420
29.5270590782	-1340
29.589454174	-411
29.6209990978	-1420
29.6210720539	-1340
29.621078968	-1380
29.6212670803	543
29.6213350296	-1380
29.6216151714	-1380
29.6324150562	-1380
29.6324341297	-1380
29.6371040344	-1380
29.6536819935	-1380
29.7320621014	-1420
29.7320871353	-1340
29.7476019859	-675
29.773514986	-1380
29.7821481228	-1420
29.7821600437	-1340
29.7824440002	543
29.787364006	-1380
29.8256571293	-1380
29.8257980347	-1380
29.8378930092	-1380
29.8583159447	-1380
29.874448061	-703
29.9315581322	-1380
29.9387500286	-1380
29.9392199516	-1380
29.9591460228	-1380
29.9730801582	-1380
30.0012531281	-1158
30.0014951229	543
30.0061199665	-1380
30.0125620365	-1380
30.0137171745	-1420
30.0137341022	-1340
30.0139970779	-1420
30.0140020847	-1340
30.0246729851	-1380
30.0261969566	-1380
30.1278059483	-529
30.1334090233	-1380
30.1334760189	-1380
30.1336779594	-1420
30.1337230206	-1340
30.1344971657	-1420
30.1345541477	-1340
30.1353001595	543
30.1461551189	-1420
30.1461701393	-1340
30.146351099	1057
30.1670880318	-1380
30.233492136	-1380
30.2471661568	-1380
30.2476971149	543
30.2545931339	-1380
30.2599849701	-837
30.2608449459	-1420
30.2608511448	-1340
30.2640030384	543
30.2801110744	-1380
30.2949361801	-1380
30.3391010761	-1420
30.3391189575	-1340
30.3394880295	-1420
30.3394930363	-1340
30.3403460979	-1380
30.3407649994	-1420
30.3407990932	-1340
30.340857029	-1380
30.3421831131	543
30.3429031372	543
30.3463230133	-1420
30.3463301659	-1340
30.3870501518	-1103
30.4039549828	-1420
30.4040281773	-1420
30.4040350914	-1420
30.4040739536	-1260
30.4145359993	-1420
30.4145970345	-1340
30.4875099659	-1380
30.4877920151	543
30.4889249802	-1420
30.488931179	-1340
30.4890370369	543
30.4891619682	-1380
30.4894089699	-1380
30.4897150993	-1420
30.4897191525	-1340
30.4904839993	-1380
30.5026199818	-1420
30.5026819706	-1340
30.5028581619	-1380
30.5137400627	-706
30.5138990879	1057
30.534389019	-1380
30.6031429768	-1380
30.6402060986	-440
30.6407790184	543
30.6596901417	-1420
30.659705162	-1420
30.6597621441	-1300
30.659995079	543
30.6601221561	-1420
30.6601240635	-1340
30.6610751152	543
30.6744720936	-1380
30.6949670315	-1380
30.7210600376	-1380
30.7669730186	-1275
30.8257930279	-1380
30.8264529705	-1380
30.8281331062	-1420
30.8281390667	-1340
30.8283829689	-1380
30.8389050961	-1380
30.8577740192	-1420
30.8578419685	-1340
30.8580560684	-1420
30.8583140373	-1340
30.8714010715	-1420
30.8714139462	-1340
30.8717951775	-1380
30.8719291687	543
30.9391150475	-1173
30.9413201809	-1420
30.9413909912	-1340
30.9413950443	-1380
30.9414639473	-1380
30.9418649673	-1380
30.943046093	-1420
30.9430520535	-1340
30.9431569576	-1420
30.9431600571	-1340
30.9433219433	543
30.9550471306	-1420
30.9550609589	-1340
30.9809279442	-1420
30.9809441566	-1340
30.9810011387	-1380
30.9812481403	1057
30.9857499599	-1380
31.0272450447	-1380
31.0413601398	-1380
31.0508580208	-1420
31.0508670807	-1340
31.0509250164	-1380
31.051156044	-1380
31.0517411232	-1420
31.0517840385	-1340
31.0523300171	-1420
31.0523340702	-1340
31.0527019501	543
31.0528581142	-1380
31.0647351742	-1420
31.0648009777	-1340
31.0652611256	-1420
31.0653131008	-1340
31.0657689571	-1420
31.0658171177	-1340
31.0665040016	-1420
31.0665380955	-1340
31.0677640438	-1296
31.0678601265	543
31.1070110798	-1420
31.1070280075	-1340
31.1071560383	-1380
31.188616991	-1380
31.1915299892	543
31.1938281059	1057
31.2207369804	-1380
31.2212290764	-1420
31.2212951183	-1340
31.2218639851	-1420
31.2219099998	-1340
31.2230279446	-1380
31.2329740524	-1420
31.2329921722	-1420
31.2330441475	-1420
31.2330470085	-1260
31.2335369587	-220
31.3110010624	-1420
31.3110179901	-1340
31.311207056	-1380
31.3147821426	-1380
31.3149340153	543
31.3189949989	-1380
31.3239209652	-1420
31.3239591122	-1340
31.3327491283	-1420
31.3328261375	-1340
31.3868660927	-1380
31.387444973	-1420
31.3874499798	-1340
31.3879160881	-1380
31.3880009651	543
31.3980190754	-1420
31.3980360031	-1340
31.3999300003	-411
31.4116170406	-1380
31.475785017	-1420
31.4758009911	-1340
31.4896030426	-1380
31.5346059799	-1380
31.5351550579	-1420
31.5352571011	-1340
31.5352599621	-1380
31.5359139442	-1380
31.5360281467	-1380
31.5366179943	-1420
31.5366239548	-1340
31.540915966	-1351
31.5490100384	-1420
31.5490291119	-1340
31.5490679741	-1380
31.5499219894	-1420
31.5499279499	-1340
31.5500290394	543
31.5502109528	-1380
31.5504770279	-1380
31.5509591103	-1380
31.5798931122	-1380
31.6675720215	-1234
31.6682989597	543
31.6687321663	543
31.7296521664	-1380
31.7301051617	-1380
31.762016058	-1380
31.7621569633	543
31.7817809582	-1380
31.7939460278	-366
31.796859026	543
31.8029100895	543
31.9205620289	-543
32.080021143	-1420
32.0800390244	-1340
32.0801529884	-1380
32.0900051594	-602
32.0933880806	-1420
32.093419075	-1340
32.1133871078	-1380
32.127491951	-1380
32.1568870544	-1380
32.2163841724	-412
32.219381094	543
32.2225470543	1057
32.3437891006	-1086
32.3440070152	543
32.3543519974	1057
32.5021209717	-543
32.7642760277	-543
32.7975599766	-1380
32.8311080933	-1420
32.831166029	-1340
32.8311970234	-1380
32.8460991383	-1420
32.8461689949	-1340
32.8904180527	-1380
32.9232251644	-1380
32.9238250256	-131
32.9240250587	-1380
32.937775135	-1380
32.9421989918	543
32.9509191513	-1380
32.9578120708	543
33.0114769936	1057
33.0502920151	-117
33.0583269596	543
33.065376997	-1380
33.0656511784	-1420
33.065705061	-1340
33.0663089752	543
33.0791661739	-1420
33.0791771412	-1340
33.0792980194	-1380
33.0849859715	543
33.1227331161	543
33.1769220829	-1291
33.2213721275	-1420
33.2213850021	-1340
33.2216310501	-1420
33.2216351032	-1340
33.2229449749	-1380
33.2352650166	-1380
33.3036620617	-1291
33.3042910099	543
33.4190011024	-1380
33.4192471504	-1380
33.4194409847	543
33.4198789597	1460
33.4199271202	1139
33.4209661484	-1420
33.4209721088	-1340
33.4212760925	-1380
33.4272470474	-1420
33.4273090363	-1340
33.4278171062	-1380
33.4332051277	-1380
33.4385859966	-1420
33.4386379719	-1340
33.4389209747	-1380
33.441131115	-1380
33.4519000053	-1420
33.4519691467	-1340
33.4527900219	-1380
33.4529531002	543
33.4699671268	-262
33.5309729576	-1380
33.5966310501	-1335
33.5972189903	543
33.6172771454	-1380
33.6179490089	-1420
33.61800313	-1340
33.6491510868	-1380
33.6647281647	-1420
33.6647469997	-1340
33.6661641598	-1420
33.6661691666	-1340
33.666531086	-1380
33.6787071228	-1380
33.6925830841	543
33.7232100964	-571
33.8371779919	-1380
33.8476121426	-1380
33.8518149853	-1380
33.8842191696	-1380
33.8900949955	-395
33.9582371712	-1380
33.9722070694	-1380
34.0048971176	-1380
34.0164949894	-689
34.1425840855	-1380
34.1427600384	-249
34.1431901455	543
34.1705889702	-1380
34.1757969856	-1420
34.175866127	-1340
34.175989151	-1380
34.1761350632	543
34.2695219517	-1307
34.3425381184	-1380
34.3426561356	-1380
34.3429670334	-1420
34.3429720402	-1340
34.3684051037	-1380
34.3817231655	-1380
34.3829240799	-1380
34.3833680153	-1380
34.3835301399	-1380
34.3960990906	-807
34.3968360424	543
34.3972489834	543
34.4843361378	-1380
34.5159039497	-1380
34.5225610733	-1012
34.5694961548	-1420
34.5695121288	-1340
34.5695991516	-1380
34.5792970657	-1380
34.5795390606	543
34.5799510479	-1420
34.5799570084	-1340
34.611893177	-1380
34.6178209782	543
34.6493229866	-309
34.6876339912	-1380
34.7014729977	-1420
34.7014889717	-1340
34.7298631668	-1380
34.7529530525	-1380
34.7535951138	-1420
34.7536010742	-1420
34.7536439896	-1300
34.7999069691	-1380
34.7999250889	-1380
34.8007400036	-1380
34.8141210079	-1420
34.8141961098	-884
34.9140169621	-1420
34.9140341282	-1340
34.9143719673	-1380
34.9279940128	-1380
34.940636158	-279
34.9553050995	-1380
34.9677581787	543
34.9693541527	-1380
34.9694459438	543
34.9882991314	-1380
35.0029530525	-1420
35.0030021667	-1340
35.0818650723	-1013
35.1633760929	-543
35.1863691807	-1380
35.1866941452	-1420
35.186699152	-1340
35.1868059635	-1420
35.186809063	-1340
35.1953001022	-1380
35.2482481003	-1378
35.3509750366	-1380
35.3651070595	-1380
35.3747861385	-1012
35.3854789734	-1380
35.4175920486	-1380
35.4178309441	-1420
35.4178440571	-1340
35.418181181	543
35.4272170067	-1420
35.4272279739	-1340
35.4274230003	543
35.4313089848	-1380
35.4696500301	543
35.4823441505	-1380
35.4914059639	-1380
35.4981350899	-1380
35.4982280731	543
35.5012080669	-86
35.5241219997	-1380
35.6284439564	-220
35.6286251545	543
35.6838440895	-1420
35.6838650703	-1340
35.6845469475	-1420
35.6845519543	-1340
35.684926033	-1380
35.6888461113	-1380
35.6985549927	-1380
35.7308511734	-1420
35.7309100628	-1340
35.741918087	-1380
35.7497441769	-1420
35.7497611046	-1340
35.7549180984	-410
35.8459589481	-1380
35.8461849689	543
35.846503973	-1380
35.8469769955	-1380
35.8601620197	-1380
35.8785810471	-1380
35.8814680576	-557
35.9145960808	-1380
35.9150810242	543
35.921818018	-1420
35.9218270779	-1340
35.9219191074	-1380
35.9288191795	-1380
35.9432861805	-1420
35.943310976	-1420
35.9433760643	-1420
35.9433791637	-1260
35.9438831806	-1380
35.9472529888	-1380
36.0087110996	-1363
36.0559370518	-1420
36.0559439659	-1340
36.0564939976	-1420
36.0564980507	-1340
36.0566351414	543
36.0660359859	-1380
36.1066310406	-1420
36.1066451073	-1340
36.1067810059	-1380
36.106981039	543
36.10769701	-1380
36.1085000038	-1380
36.1204061508	-1420
36.1204171181	-1340
36.1353361607	-12
36.2180030346	-1380
36.2198801041	-1380
36.2316710949	-1380
36.2624471188	-1261
36.2646009922	-1380
36.2727730274	-1380
36.2765500546	-1380
36.2794780731	-1380
36.2797780037	-1380
36.2835609913	-1380
36.2837040424	-1420
36.2837090492	-1340
36.2863881588	-1420
36.2863941193	-1340
36.286509037	543
36.3196730614	-1380
36.3202900887	-1380
36.3204779625	-1420
36.3204820156	-1340
36.3209850788	-1420
36.3209900856	-1340
36.3216571808	-1380
36.3337180614	-1380
36.3516280651	-1380
36.3889591694	-176
36.4079589844	-1420
36.4079861641	-1340
36.4080510139	-1380
36.4127590656	-1380
36.4216871262	-1420
36.4216959476	-1340
36.4492201805	-1420
36.4492390156	-1340
36.4494180679	543
36.466034174	-1420
36.4660489559	-1340
36.4666831493	-1380
36.467359066	-1420
36.4674150944	-1340
36.4799611568	-1420
36.4800231457	-1340
36.4803011417	-1380
36.5131411552	-1380
36.5132961273	543
36.515253067	-308
36.5203340054	543
36.5781400204	-1380
36.6879000664	-792
36.6899731159	543
36.6906290054	543
37.0721950531	-543
37.0871081352	-1380
37.1046931744	-1380
37.1187741756	-1380
37.1985960007	-117
37.2226409912	543
37.2486021519	543
37.2691571712	543
37.4088120461	-543
37.5869631767	-543
37.5909080505	-1420
37.5909819603	-1340
37.6011030674	-1420
37.601195097	-1340
37.6014311314	543
37.6200900078	-1380
37.6340119839	-1420
37.6340839863	-1340
37.6341660023	-1380
37.7136440277	-1072
37.8028430939	-1380
37.8398849964	-249
37.9105670452	-1380
37.9113249779	543
37.9669260979	-1335
37.9868471622	-1420
37.9869511127	-1340
37.9869551659	-1380
38.019742012	-1380
38.1136960983	-793
38.2580780983	-1380
38.2735471725	-1380
38.2736060619	-1380
38.2907791138	-1380
38.2974481583	-308
38.2975640297	543
38.3047330379	-1420
38.3047389984	-1340
38.3695271015	-1380
38.3699879646	543
38.4238171577	-59
38.7363770008	-543
38.790099144	-1380
38.8029820919	543
38.8596971035	-1380
38.86277318	-469
38.9892499447	-543
39.331870079	-543
39.3323121071	543
39.8635151386	-543
39.9120941162	-1420
39.9121479988	-1340
40.0298790932	-896
40.0339701176	543
40.0346310139	543
40.5811040401	-543
40.7250201702	543
40.9616069794	-543
41.1144790649	-543
41.2408900261	-543
