0	543
2.75992178917	543
3.02710795403	-543
3.02733492851	543
3.30987000465	-543
3.31086778641	-1420
3.31093382835	-1176
3.31114387512	-1420
3.31121277809	-1176
3.31143379211	-1298
3.34243583679	543
3.3462908268	-1420
3.34629583359	-1420
3.34635090828	-1054
3.3764898777	543
3.43881583214	-1098
3.63128900528	-543
3.64297389984	543
3.64537477493	1460
3.64545178413	625
3.77118587494	-543
3.9216709137	-543
3.93499684334	-1420
3.93506383896	-1176
3.93527293205	-1420
3.93533492088	-1420
3.93533778191	-1054
3.95947194099	-1420
3.95948696136	-1420
3.95955395699	-1054
3.97341489792	-1298
3.97407793999	-1298
4.06299686432	-1420
4.06301379204	-1420
4.06309390068	-1420
4.06315779686	-932
4.06322598457	-1420
4.0632288456	-1176
4.06329679489	-1420
4.06329989433	-1176
4.06354284286	543
4.0873978138	-1420
4.08741378784	-1420
4.08747982979	-1420
4.0874838829	-932
4.08771586418	543
4.10198378563	-1420
4.10200095177	-1176
4.11322498322	-1298
4.19099497795	-1420
4.19104290009	-1420
4.19115781784	-1420
4.19116187096	-932
4.19122195244	-1420
4.19122481346	-1420
4.19128298759	-1054
4.19128584862	-1298
4.19133782387	-1420
4.19134187698	-1420
4.19139480591	-1054
4.21539497375	-1420
4.21541190147	-1420
4.21548080444	-1420
4.21548485756	-932
4.22988080978	-1420
4.22989296913	-1420
4.22995781898	-1420
4.22996091843	-932
4.24013876915	543
4.28234577179	-1420
4.28236293793	-1176
4.31923079491	-1420
4.31924986839	-1420
4.31932878494	-1420
4.31933379173	-1420
4.31941080093	-1420
4.31941580772	-688
4.31946587563	-1420
4.31946897507	-1420
4.31951880455	-1420
4.31952190399	-932
4.3195707798	-1420
4.31957387924	-1420
4.31962394714	-1054
4.31962680817	-1298
4.31997585297	543
4.32015180588	543
4.34333777428	-1420
4.34335494041	-1420
4.34340000153	-1054
4.34347891808	-1298
4.35775184631	-1420
4.3578209877	-1420
4.35788989067	-1054
4.35789299011	-1420
4.35795378685	-1420
4.35795688629	-1054
4.41032195091	-1420
4.41033792496	-1176
4.44725394249	-1420
4.44726586342	-1092
4.44774198532	1057
4.4629778862	543
4.50037384033	543
4.57888579369	543
4.57938194275	543
4.61335992813	543
4.65267300606	543
4.67426586151	543
4.76547789574	-543
4.78896284103	-1298
4.78954482079	-1420
4.78954982758	-1420
4.78961586952	-1054
4.80206489563	-1298
4.80226778984	-1420
4.80227780342	-1176
4.83931398392	-1298
4.83943796158	543
4.91584181786	-1298
4.91667580605	-372
4.92349982262	543
4.92364287376	543
4.92757582664	543
4.92782592773	1460
4.93006682396	625
4.93026185036	1460
4.93032383919	625
5.21634697914	-543
5.2165749073	543
5.22191476822	1460
5.22201395035	625
5.22512984276	-1298
5.2252779007	543
5.22543883324	543
5.23205184937	1460
5.23213982582	625
5.23265385628	1460
5.23271489143	625
5.34468698502	-331
5.34488391876	543
5.34580397606	1460
5.34588098526	625
5.39210486412	-1420
5.39212179184	-1420
5.39220690727	-1054
5.39468097687	-1420
5.39471077919	-1420
5.39471483231	-1054
5.41923880577	-1420
5.41925382614	-1176
5.43396782875	-1298
5.43438076973	543
5.43495392799	-1420
5.43496179581	-1420
5.43501996994	-1054
5.43859195709	-1420
5.43865180016	-1420
5.43865585327	-1054
5.43881988525	543
5.43895983696	-1420
5.43896579742	-1420
5.43902087212	-1054
5.47115492821	-1420
5.47120785713	-1420
5.47121477127	-1054
5.47181296349	-1420
5.47181797028	-1420
5.47187280655	-1054
5.47187590599	-1298
5.47228884697	-1420
5.47229385376	-1176
5.47252488136	-942
5.47260284424	543
5.47392892838	1460
5.47398996353	111
5.47573399544	-1298
5.52004098892	-1420
5.52012991905	-1420
5.52013492584	-1420
5.52017784119	-932
5.52018094063	-1420
5.52024197578	-1176
5.52024483681	-1298
5.52030181885	-1298
5.54744100571	-1420
5.54751992226	-1176
5.54898190498	-1298
5.56288290024	-1420
5.56289792061	-1420
5.5629389286	-1420
5.56294298172	-932
5.56296896935	-1298
5.56661391258	-1420
5.56672382355	-1420
5.56672978401	-1420
5.56681990623	-932
5.56682395935	-1420
5.56687879562	-1176
5.56688189507	-1420
5.56693196297	-1176
5.59898781776	-1420
5.59906697273	-1420
5.5990729332	-1054
5.59912490845	-1298
5.59929800034	543
5.59960794449	-1298
5.59982299805	-1420
5.59988093376	-1420
5.59988498688	-1054
5.60001182556	-1298
5.60013890266	-1420
5.6001958847	-1420
5.60019898415	-1054
5.60052990913	-1420
5.60053491592	-1176
5.60065698624	543
5.60582280159	543
5.64350199699	-1420
5.64351582527	-1176
5.6479640007	-1420
5.64797377586	-1420
5.64807486534	-1054
5.64807987213	-1298
5.64816689491	-1420
5.64817285538	-1420
5.64822697639	-1054
5.64823079109	-1420
5.64828896523	-1420
5.64829182625	-1054
5.67489600182	-1298
5.67520880699	-1298
5.67540884018	-1420
5.67541384697	-1176
5.69085478783	-1420
5.69087290764	-1420
5.69094395638	-1420
5.6909468174	-932
5.69099998474	-1420
5.69100284576	-1176
5.69436979294	-1420
5.6943769455	-1176
5.69446086884	-1298
5.69446396828	-1298
5.69467687607	-1420
5.69468188286	-1176
5.69476389885	-1420
5.69476795197	-1420
5.69482684135	-1054
5.69483089447	-1420
5.69496798515	-1176
5.69497299194	-1298
5.6953458786	543
5.72689890862	-1420
5.72691583633	-1420
5.72698783875	-1420
5.72699189186	-932
5.72767591476	-1420
5.7276828289	-1420
5.72780179977	-1054
5.72780585289	-1298
5.72785997391	-1420
5.7278637886	-1176
5.72797393799	-1298
5.7279779911	-1420
5.72803378105	-1420
5.72803878784	-1054
5.72808980942	-1420
5.72809290886	-1176
5.72837591171	-1420
5.72837996483	-1176
5.73038077354	-1298
5.77164697647	-1420
5.77172780037	-1420
5.77173280716	-1054
5.77588796616	-1420
5.77589392662	-1420
5.77595281601	-1054
5.77595686913	-1420
5.77601981163	-1176
5.77602291107	-1420
5.77610182762	-1420
5.77610588074	-1054
5.77623081207	-1298
5.77623391151	-1420
5.77628993988	-1420
5.7762928009	-1054
5.77645087242	543
5.7766828537	543
5.77685189247	543
5.78269100189	-1298
5.80320978165	-1420
5.803388834	-1420
5.80339789391	-1054
5.80346298218	-1420
5.80346679688	-1176
5.8178589344	-1298
5.81852293015	-1420
5.81862688065	-1176
5.81863188744	-1298
5.81868886948	-1420
5.81869196892	-1420
5.81874299049	-1054
5.81874585152	-1298
5.82234692574	-1420
5.82235383987	-1420
5.82242584229	-1054
5.82242894173	-1420
5.82248282433	-1420
5.82248687744	-1054
5.8226249218	-1420
5.82262778282	-1176
5.82269883156	-1420
5.82275700569	-1420
5.82282686234	-1420
5.82283091545	-932
5.82292580605	-1420
5.82292890549	-1176
5.82297992706	-1420
5.82298278809	-1176
5.82353878021	-1420
5.8235449791	-1176
5.83260297775	-1298
5.8327589035	543
5.85476779938	-1420
5.85478496552	-1420
5.85485482216	-1420
5.85485887527	-932
5.85490989685	-1298
5.8556227684	-1420
5.85568499565	-1420
5.85568881035	-1054
5.85574698448	-1298
5.85575079918	-1420
5.85580396652	-1420
5.85580682755	-1054
5.85592293739	-1298
5.85592699051	-1420
5.85601997375	-1420
5.85602283478	-1054
5.85608291626	-1420
5.85608887672	-1420
5.85615992546	-1054
5.85616493225	-1420
5.85616898537	-1176
5.85628390312	-1420
5.85628795624	-1176
5.85792899132	543
5.86799693108	-1298
5.89850997925	-1298
5.89938998222	-1420
5.89939594269	-1420
5.89945292473	-1054
5.89945578575	-1298
5.89961194992	543
5.90382695198	-1420
5.90383577347	-1420
5.90390086174	-1054
5.90390491486	-1420
5.90400886536	-1176
5.9043598175	-1420
5.90443277359	-1420
5.90443682671	-1054
5.90448784828	-1420
5.90449094772	-1420
5.9045419693	-1054
5.904545784	-1298
5.90460181236	-1420
5.90466284752	-1420
5.90471792221	-1054
5.90472078323	-1298
5.90487790108	543
5.93105697632	-1420
5.93107485771	-1420
5.93114995956	-1420
5.93115496635	-932
5.93121194839	-1420
5.93121695518	-1176
5.93128681183	-1420
5.93129086494	-1176
5.93147587776	543
5.94645094872	-1420
5.94646978378	-1420
5.94657492638	-1054
5.94657993317	-1420
5.94664597511	-1420
5.94664883614	-1054
5.94670081139	-1420
5.94670391083	-1176
5.94675397873	-1420
5.94675683975	-877
5.94789290428	543
5.96875	-1420
5.96876788139	-1176
6.07137584686	-1420
6.07139897346	-1176
6.07144594193	-1420
6.07145094872	-1420
6.07149100304	-1054
6.07149577141	-1298
6.07431578636	-41
6.07785391808	-1420
6.07789492607	-1176
6.07802295685	-1298
6.07917881012	-1420
6.07918691635	-1420
6.07925796509	-1054
6.07990694046	-1420
6.07994198799	-1420
6.07994699478	-1054
6.08057785034	-1420
6.0805850029	-1420
6.08061695099	-1054
6.08101677895	-1420
6.0810508728	-1420
6.08105492592	-1054
6.08108186722	-1298
6.08121800423	1057
6.10658097267	-1420
6.10659694672	-1420
6.10666489601	-1054
6.20233392715	-901
6.20275998116	543
6.23698282242	543
6.74296998978	-543
6.74451684952	-1420
6.74459290504	-1176
6.78052592278	-1420
6.78060483932	-1420
6.78061079979	-1054
6.79342889786	-1298
6.83304786682	-1298
6.87235879898	-282
6.87256193161	543
6.88124394417	543
7.00070977211	-543
7.00097990036	543
7.28055691719	-543
7.4436647892	-1298
7.46507287025	543
7.47920393944	-302
7.47953677177	543
7.6613278389	-543
7.75020194054	-1420
7.75037097931	-1420
7.75050187111	-1420
7.75062894821	-1420
7.7507557869	-1420
7.75088191032	-688
7.7858247757	-1420
7.785987854	-1420
7.7861199379	-1054
7.78907895088	-285
7.82261681557	-1420
7.82266998291	-1176
7.91696286201	-546
8.10506296158	-543
8.88392186165	-543
10.2886447906	-543
10.5546360016	-543
11.3851158619	-543
11.5128538609	-543
