0	543
0.170650005341	-543
0.179711103439	543
0.37827706337	-543
0.378466129303	-1368
0.37858915329	-1368
0.379118204117	-1420
0.379164218903	-1420
0.3791680336	-1264
0.392353057861	-1420
0.392369031906	-1316
0.419860124588	543
0.439774990082	543
0.505028009415	-1305
0.67076420784	-543
0.679540157318	543
0.680960178375	1460
0.681032180786	625
0.797198057175	-543
0.859452009201	-1420
0.859508037567	-1316
0.859539985657	-1420
0.8595662117	-1316
0.859584093094	-1420
0.859587192535	-1316
0.85974407196	-1420
0.859749078751	-1316
0.859861135483	-1368
0.859950065613	543
0.873452186584	-1368
0.934640169144	-1420
0.934656143188	-1316
0.985982179642	-1368
0.986000061035	-1420
0.986035108566	-1420
0.986038208008	-1264
0.986057043076	-1368
0.986060142517	-1420
0.986077070236	-1420
0.986079216003	-1264
0.986280202866	-1420
0.986284017563	-1420
0.98631310463	-1420
0.986316204071	-1212
0.986443996429	543
0.999953985214	-1420
0.999970197678	-1420
1.00002813339	-1264
1.06132102013	-1420
1.06133699417	-1420
1.06139111519	-1264
1.11261105537	-1420
1.11263108253	-1316
1.11269307137	-1420
1.11269617081	-1420
1.11271500587	-1264
1.11271810532	-1420
1.11274218559	-1316
1.11274409294	-1368
1.1128180027	-1368
1.11305308342	543
1.11312508583	-1420
1.11312699318	-1420
1.11312818527	-1264
1.11331415176	-1420
1.11336421967	-1316
1.11339616776	543
1.11367201805	543
1.12653708458	-1420
1.12655615807	-1420
1.12661409378	-1420
1.12661719322	-1212
1.12666010857	-1368
1.14053416252	543
1.1879529953	-1420
1.187967062	-1420
1.18802809715	-1264
1.18803215027	-1368
1.18873214722	543
1.23004221916	543
1.23928499222	-1420
1.23932814598	-1420
1.23937916756	-1420
1.23938202858	-1212
1.23941802979	-1420
1.23942112923	-1316
1.23947405815	-1420
1.23947620392	-1316
1.23958420753	-1420
1.23958802223	-1420
1.23963499069	-1264
1.23963713646	-1420
1.23967909813	-1316
1.24006319046	-1420
1.24006605148	-1420
1.24006819725	-1420
1.24006915092	-1212
1.24018001556	-1420
1.24018311501	-1316
1.24035811424	-1368
1.24980807304	543
1.25298118591	-1420
1.25298714638	-1420
1.25303220749	-1420
1.25303506851	-698
1.25942111015	543
1.28470015526	543
1.36984109879	543
1.37045407295	543
1.39447116852	-543
1.4084880352	-1368
1.4878950119	-1368
1.4997382164	543
1.49988007545	543
1.50011205673	543
1.50029706955	1460
1.50034022331	1139
1.50048613548	1460
1.50052905083	1139
1.53529119492	-464
1.53550219536	543
1.53573703766	1460
1.53578305244	1139
1.66258001328	-543
1.66275215149	543
1.66886210442	-1420
1.66887402534	-1316
1.66891717911	-1368
1.669257164	543
1.66938400269	543
1.67292714119	-1420
1.67293310165	-1420
1.67297720909	-1264
1.6732070446	543
1.67735409737	1460
1.67740511894	625
1.67754817009	1460
1.67759299278	1139
1.67779898643	1460
1.67784404755	1139
1.67836618423	-1420
1.67837119102	-1316
1.68122410774	-1368
1.69099116325	-1420
1.69105315208	-1316
1.69280314445	-1420
1.69286108017	-1316
1.69314908981	-1368
1.69695305824	-1420
1.69696211815	-1420
1.69700908661	-1264
1.69835710526	-1420
1.69840717316	-1316
1.69863820076	-1420
1.69868421555	-1420
1.69868707657	-1264
1.70006108284	-1420
1.7000670433	-1316
1.70029211044	-1420
1.70029711723	-1316
1.70036315918	-1368
1.70054316521	-1420
1.70058512688	-1316
1.70092821121	-1368
1.70095419884	-1368
1.70118904114	543
1.70505309105	543
1.79549717903	-1420
1.79551506042	-1420
1.79557919502	-1264
1.79558205605	-1368
1.79579901695	543
1.79628515244	-1420
1.79629015923	-1316
1.799503088	-1420
1.79952001572	-1316
1.79958415031	-1420
1.79958701134	-1316
1.80515003204	-1420
1.8051571846	-1316
1.8052110672	-1368
1.80531716347	543
1.81763410568	-1420
1.81765007973	-1316
1.81770706177	-1420
1.81771016121	-1316
1.81947207451	-1420
1.81947612762	-1420
1.81953120232	-1264
1.82347917557	-1420
1.8235180378	-1316
1.82352304459	-1420
1.82355809212	-1316
1.82363009453	-1368
1.82376098633	543
1.82483816147	-1420
1.82484412193	-1316
1.82491898537	-1368
1.82520103455	-1420
1.82524704933	-1420
1.82525515556	-1420
1.82529401779	-1212
1.82679700851	-1420
1.82684803009	-1316
1.82685112953	-1368
1.82709503174	-1420
1.82709813118	-1420
1.8271381855	-1264
1.82720303535	543
1.82747507095	-1420
1.82748007774	-1420
1.82752013206	-1264
1.82752513885	-1368
1.82764410973	-1420
1.82764720917	-1420
1.82768702507	-1264
1.92255711555	-1420
1.92257404327	-1420
1.92263102531	-1264
1.92263412476	-1368
1.92300009727	-1420
1.92300415039	-1420
1.92304515839	-1420
1.92304706573	-1212
1.92602610588	-1420
1.92603707314	-1420
1.92610120773	-1420
1.92610406876	-1212
1.92614102364	-1420
1.92614412308	-1316
1.92741203308	543
1.92765617371	543
1.93180298805	-1420
1.93181920052	-1420
1.93188619614	-1264
1.94410014153	-1420
1.94420719147	-1420
1.94421219826	-1264
1.94425702095	-1420
1.94425916672	-1316
1.94429516792	-1368
1.94615101814	-1420
1.94621706009	-1420
1.9462211132	-1264
1.94993901253	-1420
1.9499502182	-1420
1.94998216629	-1264
1.95003819466	-1420
1.95006012917	-1316
1.95055007935	-1420
1.95059418678	-1316
1.95127701759	-1420
1.95131921768	-1316
1.95157909393	-1420
1.95159912109	-1420
1.95160102844	-1264
1.95167303085	-1420
1.95167613029	-1316
1.95328116417	-1420
1.95328402519	-1420
1.95328617096	-1264
1.95373511314	-1420
1.95373916626	-1316
1.95378017426	-1420
1.95378303528	-1420
1.95378398895	-1264
1.95401310921	-1420
1.95401620865	-1420
1.954018116	-1264
1.95412421227	-1420
1.95412611961	-1420
1.95412707329	-1264
1.95427203178	-1420
1.95427513123	-1316
1.95712018013	543
1.9573431015	543
2.04929614067	-1420
2.04931306839	-1420
2.0493721962	-1264
2.0495891571	-1420
2.04962921143	-1420
2.04963207245	-1264
2.04969000816	-1368
2.0496931076	-1420
2.04973006248	-1316
2.05258011818	-1420
2.05263113976	-1420
2.05263400078	-1420
2.05268120766	-1212
2.05320310593	-1420
2.05320620537	-1420
2.05320811272	-1264
2.05821609497	-1420
2.05822300911	-1420
2.05827212334	-1264
2.07073903084	-1420
2.07080316544	-1420
2.07080817223	-1420
2.07084512711	-1212
2.07084798813	-1420
2.07088303566	-1316
2.07130122185	543
2.07272720337	-1420
2.07273316383	-1316
2.07279801369	-1420
2.07280015945	-1420
2.0728521347	-1264
2.07293200493	543
2.07633113861	-1368
2.07642006874	-1420
2.07646608353	-1420
2.07646799088	-1264
2.0766620636	-1368
2.07674407959	-1368
2.0771381855	-1420
2.07714319229	-1420
2.07718300819	-1264
2.07776021957	-1420
2.07780504227	-1316
2.07829713821	-1420
2.0783572197	-1420
2.07836008072	-1264
2.07841110229	-1420
2.07841300964	-1420
2.07844901085	-1264
2.07853412628	543
2.0800101757	-1420
2.0800151825	-1420
2.08005809784	-1264
2.08006119728	-1368
2.08015799522	-1368
2.08028411865	-1368
2.08049106598	-1420
2.08049511909	-1316
2.08053421974	-1420
2.08053708076	-1420
2.08059000969	-1264
2.08059215546	-1368
2.08082103729	-1420
2.08082604408	-1420
2.0808660984	-1264
2.08086800575	-1420
2.08096003532	-1420
2.08096313477	-1264
2.0809981823	-1368
2.08108711243	543
2.17598319054	-1368
2.1760020256	-1420
2.17604017258	-1420
2.1760430336	-1264
2.17611813545	-1420
2.17612099648	-1420
2.17616415024	-1264
2.17616701126	-1368
2.17626404762	-1420
2.17626810074	-1420
2.17628502846	-1264
2.17922711372	-1420
2.17927122116	-1316
2.17927408218	-1368
2.17932105064	-1368
2.17961120605	543
2.17966198921	-1420
2.17966413498	-1420
2.17966508865	-1264
2.17971301079	-1368
2.18464899063	-1420
2.18465518951	-1420
2.18470621109	-1264
2.19716501236	-1420
2.19723701477	-1420
2.19724011421	-1264
2.19729304314	-1420
2.1972951889	-1420
2.19733810425	-1264
2.1973400116	-1368
2.19922304153	-1420
2.19922614098	-1420
2.19926810265	-1264
2.19943118095	-1420
2.19945812225	-1316
2.1997191906	-1368
2.20323705673	-1420
2.20324015617	-1420
2.20328402519	-1264
2.20328617096	-1420
2.20328712463	-1420
2.20328903198	-1264
2.20328998566	-1368
2.20362520218	543
2.20367002487	-1420
2.20367217064	-1420
2.20367312431	-1264
2.20382404327	543
2.20389413834	-1368
2.20423102379	-1420
2.2042760849	-1316
2.20476818085	-1420
2.20482802391	-1420
2.20483112335	-363
2.24174404144	543
2.28327012062	543
2.4096801281	543
2.49509215355	-543
2.49528717995	543
2.50185704231	-1420
2.50186419487	-1420
2.50190901756	-1264
2.50225305557	-1420
2.50230002403	-1316
2.51613211632	-1368
2.51617121696	-1420
2.51861405373	-1316
2.51953315735	-1368
2.53528118134	-1420
2.53535199165	-1316
2.53582715988	-1368
2.62225103378	-264
2.6226131916	543
2.74887418747	-1086
2.85418605804	-1368
2.91476011276	-232
2.93183207512	543
3.11499118805	-543
3.11612200737	-1420
3.11617422104	-1316
3.11627221107	-1420
3.11631512642	-1316
3.11640119553	-1368
3.12672519684	-1368
3.12682104111	-1420
3.12682414055	-1316
3.12695217133	543
3.1270980835	-1368
3.12716603279	543
3.12924718857	-1368
3.24300122261	-944
3.76549720764	-543
4.73471617699	-543
7.51034903526	-543
