0	-543
1.04152989388	543
3.25205492973	543
3.27589201927	543
3.47536897659	-543
3.7086019516	-543
3.70889210701	-1420
3.70891404152	-1316
3.73450088501	-1420
3.73456001282	-1420
3.73458099365	-1264
3.74549293518	-1420
3.74554300308	-1316
3.76969790459	543
3.80429291725	543
3.80478096008	543
3.85795092583	-1334
4.04983091354	-543
4.05583310127	1460
4.05591893196	625
4.17516589165	-1420
4.17518210411	-1420
4.17523694038	-1264
4.17557001114	-1420
4.17560100555	-1316
4.18426990509	543
4.19725203514	-1420
4.19728398323	-1420
4.19732999802	-1264
4.19733309746	-1368
4.19861698151	-198
4.2083261013	-1420
4.20837211609	-1420
4.20837497711	-1264
4.20864391327	-1368
4.32468104362	-1420
4.3247089386	-1420
4.32476592064	-1420
4.32476902008	-1420
4.32483291626	-1420
4.3248360157	-1108
4.32488107681	-1420
4.32488298416	-1316
4.32491707802	-1368
4.32491898537	-1368
4.32609605789	543
4.34686207771	-1420
4.34687805176	-1420
4.34693288803	-1264
4.34779906273	-765
4.37288093567	-1368
4.37309002876	-1420
4.37315297127	-1420
4.37315607071	-1264
4.37344288826	-1420
4.37344908714	-1316
4.3768761158	-1420
4.37688088417	-1420
4.37692189217	-1264
4.37750196457	-1368
4.37791609764	-1420
4.37791895866	-1316
4.39788293839	-1420
4.39789009094	-1316
4.40168499947	543
4.47404909134	-1420
4.47409892082	-1420
4.47417092323	-1264
4.47417402267	-1420
4.47421693802	-1420
4.47422003746	-1420
4.47426509857	-1212
4.4742770195	-1368
4.47431206703	-1420
4.47431397438	-1420
4.47434806824	-1264
4.47435092926	-1368
4.47450995445	-1420
4.47451400757	-1420
4.47455096245	-1264
4.47455406189	-1368
4.47465205193	-1420
4.47466802597	-1420
4.4747030735	-1420
4.47470593452	-1212
4.47485303879	543
4.47516798973	543
4.49596095085	-1420
4.49597597122	-1420
4.49603009224	-1420
4.49603295326	-1212
4.49606704712	-1420
4.49606895447	-1316
4.496997118	-1420
4.49700188637	-1316
4.52235794067	-1420
4.52239203453	-1420
4.52244901657	-1420
4.52245092392	-1212
4.52246904373	-1420
4.52247095108	-1420
4.52248692513	-1264
4.52248907089	-1420
4.52250289917	-382
4.52272391319	543
4.52308011055	543
4.55208492279	543
4.59420394897	543
4.63206195831	543
4.63231801987	543
4.6713039875	543
4.67158102989	543
4.67193889618	543
4.67212200165	543
4.6819589138	543
4.68228292465	543
4.70200610161	543
4.70221805573	543
4.79678106308	-543
4.81829500198	543
4.82985591888	-1368
4.89060091972	-1420
4.89065909386	-1420
4.89069604874	-1264
4.89842796326	1460
4.89857792854	625
4.90080499649	-1420
4.90081000328	-1316
4.90091395378	543
4.91808009148	-1420
4.91808605194	-1316
4.91835808754	1460
4.91840696335	625
4.91856408119	1460
4.91860699654	625
4.91874408722	543
4.9221599102	-1420
4.92216610909	-1316
4.92248892784	-1420
4.92249393463	-1316
4.92791199684	-1420
4.92791795731	-1420
4.9279589653	-1420
4.92796206474	-1212
4.93543505669	-1368
4.93770909309	1460
4.93783998489	625
4.94589495659	-1368
4.94614005089	1460
4.94619393349	-1420
4.94619607925	-1316
4.94622302055	625
4.94642210007	1460
4.94646501541	625
4.9467689991	-1420
4.94677495956	-1316
4.94725108147	-1368
4.950963974	-1420
4.95099496841	-1316
4.95171499252	-1368
4.96442389488	-1420
4.96444296837	-1316
4.96451210976	-1420
4.96451497078	-1316
4.97891306877	-921
4.98510909081	-1420
4.98514699936	-1316
5.11669492722	-1420
5.11671304703	-1420
5.11677598953	-1264
5.11677908897	-1368
5.13420891762	-1189
5.1387720108	-1368
5.14021492004	-1420
5.14021992683	-1316
5.14062404633	-1420
5.14062905312	-1420
5.14067101479	-1264
5.14083600044	543
5.14140796661	543
5.14937090874	-1420
5.14937901497	-1420
5.14942407608	-1264
5.14983201027	543
5.15548110008	-1420
5.15549588203	-1316
5.15555310249	-1368
5.15607404709	-1368
5.15671396255	-1420
5.15671896935	-1420
5.15675902367	-1264
5.1614010334	-1420
5.16143107414	-1316
5.16271591187	-1420
5.16275191307	-1316
5.16324496269	-1368
5.16381788254	-1420
5.16382193565	-1420
5.16385889053	-1264
5.16387009621	-1420
5.16390705109	-1316
5.16402411461	543
5.17846298218	-1420
5.17852497101	-1316
5.17857909203	-1420
5.17858195305	-1420
5.17861795425	-1264
5.178814888	-1420
5.17885494232	-1420
5.17885708809	-1420
5.17888998985	-1212
5.18227005005	-1420
5.18233895302	-1316
5.18234395981	-1368
5.18465304375	-1420
5.18465900421	-1420
5.18470001221	-1264
5.18560504913	-1420
5.18563890457	-1316
5.18592810631	543
5.18635988235	-1420
5.18636488914	-1316
5.18644309044	-1368
5.18651604652	543
5.18678498268	-1368
5.18698692322	-1420
5.18705892563	-1316
5.18706202507	-1368
5.2028028965	-1368
5.26586604118	-1420
5.26589393616	-1420
5.26594090462	-1420
5.26594400406	-1212
5.26597094536	-1420
5.26597309113	-1420
5.26599001884	-1420
5.26599311829	-1212
5.28807806969	-1420
5.28810191154	-1420
5.28816795349	-1420
5.28817105293	-1212
5.28922700882	-1420
5.28923201561	-1420
5.28927493095	-1420
5.28927707672	-1212
5.28968405724	-1420
5.28968906403	-1420
5.28973889351	-1420
5.28974199295	-1212
5.28978705406	-1420
5.28978991508	-1316
5.29992508888	-1420
5.29994797707	-1420
5.30001997948	-1264
5.30002403259	-1420
5.3000600338	-1420
5.30006194115	-1264
5.30461502075	-1420
5.30462098122	-1420
5.30466294289	-1420
5.30466604233	-1212
5.30521702766	-1420
5.30522108078	-1316
5.30527305603	-1420
5.30527496338	-1316
5.3060760498	-1420
5.30608010292	-1316
5.30617594719	-1420
5.30619096756	-1420
5.30623698235	-1264
5.30623888969	-1368
5.30637693405	543
5.30652689934	543
5.31064891815	-1420
5.31065511703	-1420
5.31070709229	-1264
5.31070995331	-1368
5.3117389679	-1420
5.31174397469	-1420
5.31177210808	-1264
5.31181907654	-1368
5.31299996376	-1420
5.31300401688	-1420
5.31305193901	-1264
5.31306290627	-1368
5.31310296059	-1420
5.31310606003	-1420
5.31318998337	-1264
5.3132019043	-1420
5.3132379055	-1420
5.31324005127	-1264
5.31327390671	-1420
5.31327700615	-1316
5.31591105461	543
5.32886195183	-1420
5.32888698578	-1420
5.32893300056	-1420
5.32893610001	-1212
5.3289539814	-1420
5.32895588875	-1420
5.32897210121	-1420
5.32897400856	-1212
5.32899904251	-1420
5.32900190353	-1316
5.32924294472	543
5.32929205894	-1420
5.32946491241	-1420
5.32946801186	-1420
5.32946896553	-1212
5.3294711113	-1420
5.3294711113	-1420
5.32947206497	-1264
5.3295340538	-1368
5.32961511612	543
5.33289694786	-1420
5.33290290833	-1420
5.3329269886	-1420
5.33293008804	-1212
5.33361196518	-1420
5.33361697197	-1420
5.33365893364	-1264
5.33366107941	-1420
5.33369708061	-1420
5.33369898796	-1264
5.33373689651	-1368
5.33384108543	-1368
5.33475708961	-1420
5.3347799778	-1420
5.33482003212	-1264
5.33482289314	-1368
5.3355679512	-1420
5.33557200432	-1420
5.33563089371	-1264
5.33563303947	-1368
5.33607411385	-1420
5.33607792854	-1420
5.33611893654	-1264
5.33612108231	-1368
5.33619904518	-1420
5.3362019062	-1420
5.3362030983	-1222
5.33832406998	543
5.33857703209	543
5.37009906769	-1368
5.42665910721	-1368
5.4268989563	-1420
5.42694997787	-1316
5.42695307732	-1368
5.42715501785	-1420
5.42715907097	-1420
5.42720890045	-1264
5.42760896683	-1420
5.4276509285	-1420
5.42765402794	-1264
5.42813396454	-1420
5.42813801765	-1420
5.42817902565	-1264
5.42877197266	-1420
5.42877697945	-1420
5.42880606651	-1264
5.42890095711	543
5.43057394028	543
5.43063092232	-1420
5.43063306808	-1316
5.43068695068	-1368
5.44241905212	-1420
5.44247889519	-1420
5.4424829483	-1264
5.47538900375	-1420
5.47540092468	-1420
5.47546005249	-1264
5.48527908325	-992
5.48558688164	543
5.52785801888	543
5.544246912	543
5.73987698555	-543
5.76258802414	-1420
5.76266002655	-1316
5.77338695526	-1420
5.77342510223	-1316
5.78071594238	543
5.80669093132	-1368
5.80670690536	-1420
5.80675601959	-1420
5.80675911903	-1264
5.80689311028	-1420
5.8068959713	-1316
5.81459188461	543
5.81808710098	-1420
5.81809306145	-1420
5.81813502312	-1264
5.8216919899	543
5.82862401009	-1368
5.8290169239	-1368
5.83942008018	-1368
5.88759708405	-1368
5.89734196663	543
5.91195201874	-280
6.06123900414	-1086
6.14165997505	-1420
6.14171409607	-1420
6.14171791077	-1264
6.15169405937	-1368
6.21032094955	-841
6.35938096046	-543
6.51038789749	-1057
6.52342391014	543
6.84366607666	-543
6.84425592422	-1420
6.84437298775	-1316
6.8451590538	-1420
6.84526491165	-1420
6.84527206421	-1264
6.86589598656	-1420
6.86591506004	-1316
6.86603593826	543
6.86618590355	-1368
6.87646508217	-1420
6.87652897835	-1316
6.99318289757	-886
8.27326202393	-543
10.8327701092	-543
