0	543
0.014652967453	543
0.164906024933	-543
0.326429128647	-543
0.326671123505	-1368
0.326722145081	-1368
0.337866067886	-1420
0.337934017181	-1420
0.337974071503	-1264
0.341034173965	-1368
0.341094970703	-1368
0.35844707489	543
0.369713068008	543
0.370081186295	543
0.462114095688	-1363
0.636976003647	-543
0.641421079636	1460
0.641479969025	625
0.722429990768	-1420
0.722445964813	-1316
0.732625007629	-1368
0.733206033707	-1420
0.733257055283	-1316
0.733394145966	-1420
0.733433961868	-1316
0.733479976654	-1368
0.734393119812	-1420
0.734399080276	-1316
0.736919164658	-1368
0.77299618721	-1420
0.77305316925	-1316
0.858082056046	-1420
0.85808801651	-1316
0.868818044662	-1420
0.868823051453	-1420
0.86887216568	-1264
0.868874073029	-1368
0.869028091431	-1420
0.869032144547	-1316
0.869076013565	-1420
0.869079113007	-1316
0.869234085083	543
0.870141029358	-1420
0.870146036148	-1420
0.870187997818	-1420
0.87019109726	-1212
0.908794164658	-1420
0.908807992935	-1420
0.908845186234	-1420
0.908847093582	-1212
0.909012079239	543
0.993788003922	-1420
0.993806123734	-1316
1.00441002846	-1420
1.00442504883	-1420
1.00450396538	-1420
1.00451016426	-1212
1.00454807281	-1420
1.00455498695	-1316
1.00467300415	-1420
1.00468015671	-1420
1.00472211838	-1264
1.00472807884	-1420
1.00476312637	-1420
1.00476813316	-1264
1.00519704819	543
1.00587201118	-1420
1.00588512421	-1420
1.0059800148	-1420
1.00598597527	-1212
1.04468202591	-1420
1.04469919205	-1420
1.04475402832	-1264
1.04475712776	-1420
1.04479813576	-1420
1.04480004311	-1264
1.12950897217	-1420
1.12953805923	-1316
1.14011406898	-1420
1.14012908936	-1420
1.14018702507	-1264
1.14019203186	-1420
1.14022898674	-1316
1.14023518562	-1368
1.14026904106	-1420
1.14027404785	-1420
1.14030814171	-1264
1.1406390667	-1420
1.14073300362	-1420
1.14074015617	-1264
1.14083099365	-1420
1.14083719254	-1316
1.14091706276	-1420
1.14092302322	-1316
1.14117598534	543
1.14151096344	-1420
1.14151906967	-1420
1.14161109924	-1420
1.14161801338	-1328
1.14209914207	543
1.14257097244	543
1.17823410034	543
1.19524097443	543
1.20155596733	543
1.23982596397	543
1.24001717567	543
1.33485198021	543
1.33511519432	543
1.40815615654	-543
1.40830016136	-1368
1.41354107857	-543
1.42293715477	-1420
1.42295718193	-1316
1.42309117317	-1420
1.42309403419	-1316
1.43474602699	1460
1.43481898308	1460
1.43485403061	1161
1.43495798111	1460
1.43500208855	171
1.43761205673	-1368
1.46465396881	543
1.47922801971	-1368
1.51938509941	-1368
1.51942896843	-1420
1.51943397522	-1316
1.52284598351	-1420
1.5228509903	-1420
1.52289414406	-1264
1.5359480381	1460
1.53603100777	1460
1.5360660553	1161
1.53610801697	1460
1.53617715836	171
1.54385209084	-69
1.61850714684	-1368
1.61867809296	-1420
1.61873817444	-1316
1.62461400032	1460
1.6246740818	1460
1.62473297119	1161
1.6248061657	89
1.62913799286	-1368
1.62940907478	-1420
1.62947010994	-1316
1.62947297096	-1368
1.6295940876	-1368
1.63310813904	-1420
1.63313817978	-1420
1.6331410408	-1264
1.64358711243	-1368
1.64365315437	-1368
1.64421200752	-1420
1.64421701431	-1420
1.64425802231	-1264
1.64449810982	-1420
1.64452219009	-1420
1.64452505112	-1264
1.64461517334	543
1.65041399002	-1420
1.65042901039	-1420
1.6504881382	-1264
1.65157413483	-1368
1.65167999268	543
1.65286707878	-1368
1.65295505524	-1368
1.65297818184	-1368
1.65847015381	-1420
1.65850806236	-1420
1.65851211548	-1264
1.65853309631	-1368
1.66262817383	-1420
1.66267299652	-1420
1.66267704964	-1264
1.66429209709	-1368
1.72055602074	-1420
1.72058701515	-1316
1.7545671463	-1420
1.75458812714	-1420
1.75465106964	-1264
1.75465607643	-1368
1.76500797272	-1420
1.76502299309	-1316
1.7650821209	-1420
1.76508808136	-1316
1.76512503624	-1368
1.76543211937	-1368
1.76741600037	-1368
1.76811599731	543
1.76887512207	-1420
1.76888298988	-1316
1.76893305779	-1368
1.77110409737	-1368
1.77153015137	1057
1.77977609634	-1368
1.77998209	-1420
1.78002715111	-1316
1.78019618988	-1368
1.78044009209	-1420
1.78044509888	-1420
1.7805211544	-1420
1.78052401543	-1212
1.78055596352	-1420
1.78055906296	-1316
1.78059196472	-1368
1.78066110611	543
1.78595519066	-1420
1.78596496582	-1420
1.78599500656	-1420
1.785998106	-1212
1.78846406937	-1368
1.78851604462	-1368
1.78875207901	-1420
1.7887570858	-1420
1.78879714012	-1420
1.78879904747	-1212
1.78890299797	543
1.79403400421	-1420
1.794039011	-1420
1.79407715797	-1264
1.794080019	-1368
1.79808712006	-1420
1.79809403419	-1420
1.79813909531	-1264
1.79814219475	-1368
1.80197715759	-1368
1.83918809891	-1368
1.85603404045	-1368
1.85621118546	-1368
1.85653710365	-1368
1.85675311089	-1368
1.89075398445	-1368
1.89076399803	-1368
1.89110708237	-1420
1.89111208916	-1316
1.90069818497	-1420
1.90070509911	-1420
1.90073108673	-1420
1.90073418617	-1212
1.90084910393	543
1.90088915825	-1420
1.9008910656	-1316
1.90089201927	-1420
1.9009411335	-1316
1.90094399452	-1420
1.90094399452	-1316
1.90108799934	543
1.90440797806	-1420
1.90441298485	-1420
1.90445613861	-1420
1.90445899963	-1212
1.90460515022	543
1.90665698051	-1420
1.9066619873	-1316
1.91561102867	-1420
1.91562008858	-1420
1.91566705704	-1420
1.91567015648	-1212
1.9159450531	-1420
1.91595005989	-1420
1.91599106789	-1420
1.91599416733	-1212
1.91605615616	-1420
1.91605901718	-1316
1.91615009308	-1420
1.91615319252	-1420
1.9161901474	-1420
1.91619205475	-1212
1.91641402245	543
1.92166399956	-1420
1.92167901993	-1420
1.92175197601	-1420
1.92175507545	-1212
1.92179203033	-1420
1.92179512978	-1316
1.92421603203	-1420
1.92422103882	-1420
1.92426300049	-1420
1.92426609993	-1212
1.92575716972	-1420
1.92576217651	-1420
1.92580413818	-1264
1.92580699921	-1368
1.92592000961	543
1.9297170639	-1420
1.92972207069	-1420
1.92976403236	-1420
1.92976713181	-1212
1.93370819092	-1420
1.93371415138	-1420
1.9337990284	-1420
1.93380117416	-1212
1.93383717537	-1420
1.93384003639	-1316
1.93393802643	543
1.93762612343	-1420
1.93763208389	-1316
1.99193906784	-1420
1.99195408821	-1420
1.99201512337	-1420
1.99201798439	-1212
1.99237012863	-1420
1.99237418175	-1316
2.02677416801	-1420
2.02678918839	-1420
2.02684116364	-1420
2.02684402466	-1212
2.02689313889	-1420
2.026897192	-1316
2.02693319321	-1420
2.02693605423	-1316
2.03625416756	-1368
2.03652501106	-1420
2.03657507896	-1420
2.03657817841	-1264
2.03672218323	-1420
2.03672504425	-1420
2.03676009178	-1420
2.03676199913	-1212
2.03680300713	-1420
2.03680610657	-1420
2.03683900833	-1264
2.03684210777	-1420
2.03687596321	-1420
2.03687906265	-1264
2.0373339653	543
2.03752708435	543
2.03991413116	-1368
2.04010009766	-1420
2.04014611244	-1316
2.04014897346	-1368
2.04025197029	543
2.04241514206	-1420
2.04242014885	-1420
2.04246616364	-1264
2.04246807098	-1368
2.05131411552	-1420
2.05132102966	-1420
2.0513651371	-1420
2.05136704445	-1212
2.05154514313	-1420
2.05154919624	-1316
2.05159902573	-1420
2.05160307884	-1420
2.05163908005	-1264
2.05186700821	-1420
2.05195212364	-1316
2.05195617676	-1420
2.05199408531	-1420
2.05199718475	-1264
2.05203199387	-1368
2.05203413963	-1420
2.05212903023	-1420
2.05213212967	-1264
2.05228996277	543
2.05714201927	-1368
2.05729913712	-1420
2.05742907524	-1420
2.05743217468	-1264
2.05747103691	-1420
2.05747413635	-1420
2.05752110481	-1264
2.05752301216	-1368
2.05771398544	543
2.05980300903	-1420
2.0598089695	-1420
2.05983400345	-1420
2.05983614922	-1212
2.06140112877	-1420
2.06140613556	-1420
2.06144809723	-1420
2.06145119667	-1212
2.0615541935	543
2.06531500816	-1420
2.06532096863	-1420
2.06536412239	-1420
2.06536698341	-1212
2.06547212601	-1420
2.06547498703	-1316
2.06937003136	-1420
2.06937813759	-1420
2.06942510605	-1264
2.06942796707	-1420
2.06947612762	-1420
2.06947898865	-1264
2.06953215599	-1420
2.06953501701	-1316
2.06999802589	543
2.07330513	-1420
2.0733101368	-1420
2.07334899902	-1420
2.07335209846	-1212
2.12757396698	-1420
2.12758898735	-1420
2.12764215469	-1420
2.12764501572	-1212
2.12799119949	-1420
2.12799596786	-1316
2.12803816795	-1420
2.12804198265	-1145
2.1326880455	543
2.1458671093	543
2.16463398933	543
2.35545396805	-543
2.35871911049	-1420
2.35878109932	-1420
2.35878515244	-1264
2.35882210732	-1420
2.35882496834	-1316
2.35916304588	-1368
2.36430096626	543
2.3700940609	-1420
2.37010407448	-1420
2.37013316154	-1420
2.37013602257	-1212
2.37277698517	-1368
2.37278318405	-1368
2.38756108284	-1368
2.40430903435	543
2.45311617851	229
2.4788839817	238
2.48892617226	236
2.49455118179	-1068
2.56686902046	-748
2.56804800034	126
2.59499812126	-758
2.59620213509	126
2.61689805984	-748
2.61815309525	126
2.68177103996	-51
2.68201398849	38
2.71169304848	-51
2.71201109886	38
2.7318251133	-543
2.7458281517	-51
2.74614500999	38
2.79544401169	-1420
2.79549717903	-76
2.79626512527	1057
2.8270111084	-1420
2.82702898979	-107
2.82784199715	1057
2.8676609993	-1057
2.87331700325	-1420
2.87333512306	-77
2.87422204018	1057
2.88541412354	543
2.90990209579	-543
2.9103281498	1057
2.94312000275	-543
2.94352602959	1057
3.00195908546	-543
3.00235199928	1057
3.02367711067	-543
3.02425003052	-1368
3.06205511093	-543
3.06391119957	-543
3.06448817253	-1420
3.06455111504	-1316
3.06608819962	-1380
3.07264518738	-1420
3.07267713547	-1420
3.07267904282	-1264
3.0726981163	-1420
3.07270002365	-1420
3.07271504402	-1264
3.07285904884	543
3.07860612869	-1420
3.07861304283	-1316
3.12957501411	-543
3.12996196747	-1368
3.13729500771	-746
3.1805100441	-220
3.19993805885	-915
3.2566921711	-746
5.04813408852	-543
5.32519412041	543
6.64654016495	-543
