0	-543
1.16520810127	543
4.01418805122	543
4.04540014267	543
4.17728805542	543
4.49202799797	-543
4.67763614655	-543
4.82382798195	-1057
4.83017802238	-1368
4.84507894516	-1420
4.84516596794	-1420
4.84524202347	-1264
4.84529614449	-1368
4.8453400135	-1368
4.8620300293	543
4.88640904427	543
4.88702201843	543
4.97024297714	-1276
5.1551361084	-1086
5.30692100525	-543
5.34365296364	-543
5.35906600952	1460
5.35914993286	625
5.50321507454	-543
5.50366902351	-1368
5.50379610062	-1368
5.50422811508	-1368
5.50459504128	-1420
5.50459814072	-1316
5.54662895203	-1368
5.54664802551	-1420
5.5467031002	-1420
5.54670596123	-1264
5.64999198914	-343
5.67049813271	-1368
5.67055892944	-1368
5.67076706886	-1420
5.6707971096	-1316
5.67079901695	-1368
5.67092013359	-1420
5.67092299461	-1316
5.67124605179	-1420
5.67124915123	-1420
5.67128610611	-1264
5.6793320179	543
5.6795539856	543
5.69319105148	-1368
5.81688809395	-1263
5.8199160099	-1368
5.82001900673	-1420
5.82003903389	-1420
5.82006692886	-1264
5.820084095	-1368
5.9633641243	-1044
5.99107313156	-1368
5.99114394188	-1368
6.00619196892	-1368
6.1374399662	-1239
6.16474294662	-1368
6.16511011124	-1420
6.16515612602	-1316
6.1655189991	-1368
6.16624593735	-1420
6.16629099846	-1316
6.16632699966	-1368
6.17878508568	-1420
6.17885804176	-1420
6.17889595032	-1264
6.17909598351	543
6.17920994759	-1368
6.22017097473	-1368
6.22035002708	-1420
6.22036409378	-1316
6.22038507462	-1420
6.22038793564	-1420
6.22040510178	-1264
6.22040700912	-1368
6.22073411942	543
6.24431800842	543
6.29681897163	543
6.310972929	-1420
6.31099510193	-1420
6.31105995178	-872
6.33239603043	-1420
6.33249902725	-1420
6.33250308037	-1264
6.33254098892	-1420
6.33254313469	-1420
6.33258605003	-1264
6.33258914948	-1420
6.33262515068	-1316
6.33658504486	543
6.33677816391	543
6.3464910984	-1420
6.34649515152	-1420
6.34652614594	-1420
6.34652805328	-1212
6.34670305252	-1420
6.34671497345	-1316
6.34673404694	-1368
6.36721801758	-1420
6.36728811264	-1316
6.37743401527	543
6.37766098976	543
6.39720702171	-1420
6.39722204208	-1420
6.39727401733	-1420
6.39727711678	-1212
6.40677714348	-1420
6.40679311752	-1420
6.40687394142	-1264
6.40732502937	-1420
6.40741014481	-1316
6.40866804123	543
6.40886116028	543
6.42525911331	-1368
6.4573559761	-1195
6.45754313469	543
6.45779705048	543
6.45821905136	543
6.85122609138	-543
6.85133194923	-1368
6.86220598221	-1420
6.86221194267	-1316
6.862803936	-1368
6.86306095123	-1368
6.88181114197	1460
6.88190293312	1460
6.88194298744	1161
6.88203215599	1117
6.93803906441	-1368
6.94130110741	-1368
6.94155907631	-1368
6.99765896797	-770
7.00903511047	1460
7.00910305977	1460
7.00915813446	1161
7.00927495956	1117
7.01202392578	-1368
7.01707911491	-1368
7.01728701591	-1368
7.04157114029	-1420
7.0416431427	-1316
7.06861710548	1460
7.0687019825	1460
7.06873893738	1161
7.06882810593	1117
7.08729505539	-1368
7.08750104904	-1420
7.08753609657	-1316
7.0986790657	543
7.10766100883	-1368
7.10768198967	-1420
7.10772895813	-1420
7.10773205757	-1264
7.10801506042	-1420
7.10801911354	-1316
7.14368414879	-873
7.16414403915	-1420
7.16422200203	-1420
7.16422605515	-1264
7.16446113586	543
7.18390607834	-1420
7.18392205238	-1420
7.18397903442	-1264
7.31121897697	-1218
7.31181311607	543
7.3588321209	-1368
7.47633600235	-746
7.50528812408	-1368
7.50546693802	-1420
7.50550913811	-1316
7.50567412376	-1368
7.51153707504	-1368
7.51242208481	-1368
7.52687311172	-1368
7.52693510056	-1420
7.52695512772	-1316
7.52708005905	-1420
7.52712106705	-1420
7.5271999836	-1264
7.52726101875	-1420
7.52730703354	-1420
7.52738904953	-1264
7.52742695808	-1420
7.52746200562	-1316
7.52750015259	-1420
7.5275349617	-1420
7.52757096291	-1264
7.52760696411	-1368
7.52783703804	543
7.62249493599	-636
7.6226670742	543
7.6608080864	-1368
7.66082310677	-1368
7.66179299355	-1368
7.67571496964	-1420
7.67578101158	-1420
7.6757850647	-1264
7.67582297325	-1368
7.67589712143	-1420
7.67592716217	-1316
7.68654298782	-1368
7.68663907051	-1420
7.68664312363	-1316
7.68668198586	-1368
7.6908800602	-1420
7.6909301281	-1316
7.69106912613	-1420
7.69109892845	-1316
7.69116806984	-1420
7.69121599197	-1420
7.69121813774	-1264
7.69126200676	-1420
7.69126415253	-1316
7.69130110741	-1420
7.69131112099	-1316
7.76688313484	-1420
7.76690101624	-1316
7.76698207855	-1420
7.76698493958	-1316
7.76703095436	-1368
7.76718115807	-1368
7.76726007462	543
7.76745700836	543
7.80756998062	-1420
7.80758810043	-1420
7.80764603615	-1420
7.80764913559	-1063
7.84331297874	-1420
7.84332895279	-1420
7.84338712692	-1420
7.84338903427	-1420
7.84342598915	-1160
7.84343004227	-1368
7.84368896484	543
7.85517311096	-1368
7.85518908501	-1420
7.85523700714	-1316
7.85534596443	-1368
7.85562515259	-1420
7.85563707352	-1420
7.85567712784	-1420
7.85567998886	-1420
7.85571503639	-1160
7.85580611229	-1420
7.85584402084	-1316
7.85751700401	-1368
7.85762810707	-1368
7.85767602921	-1368
7.85781407356	-1368
7.85809397697	543
7.93363308907	-1420
7.93365216255	-1316
7.93384504318	-1420
7.93388795853	-1316
7.93394613266	-1420
7.93394804001	-1420
7.93400812149	-1264
7.93401098251	-1420
7.93406915665	-1316
7.93407201767	-1420
7.9341211319	-1316
7.93412303925	-1420
7.93416404724	-1420
7.93416714668	-1264
7.94107699394	-543
7.95381999016	-1053
8.01090908051	-1420
8.01092815399	-1420
8.0109629631	-1420
8.01096606255	-1212
8.01098394394	-1420
8.01098704338	-1316
8.01100301743	-1420
8.01100516319	-1316
8.01102304459	-1420
8.01102495193	-1420
8.01104307175	-1264
8.01124000549	-1420
8.01128101349	-1316
8.01142311096	543
8.01158714294	543
8.02727913857	-1420
8.02730298042	-1316
8.02737307549	-1420
8.02737593651	-1420
8.02741503716	-1264
8.0274169445	-1368
8.02745509148	-1420
8.02745699883	-1316
8.02756309509	-1420
8.02756595612	-1420
8.02764201164	-1264
8.02764511108	-1420
8.02768206596	-1316
8.02779507637	-1420
8.0278339386	-1420
8.02783608437	-1264
8.02785301208	-1420
8.02785515785	-1420
8.02787995338	-1264
8.0278840065	-1368
8.02857398987	543
8.10057806969	-1420
8.10064005852	-1420
8.10069799423	-1264
8.10070109367	-1420
8.10074996948	-1420
8.10075211525	-1264
8.10080003738	-1368
8.1406879425	-4
8.18194913864	-1368
8.18203496933	-1368
8.18217802048	-1368
8.18234014511	-1368
8.18236494064	-1368
8.18236804008	-1420
8.18239593506	-1316
8.18252015114	-1420
8.18256998062	-1420
8.18257308006	-1264
8.18260908127	-1420
8.18261098862	-1316
8.18270397186	-1420
8.1827070713	-1420
8.18273496628	-1264
8.18285298347	-1420
8.18289208412	-1420
8.18289494514	-1264
8.1830329895	543
8.19399809837	-1420
8.19405603409	-1420
8.19412398338	-1420
8.19413208961	-1212
8.19416999817	-1420
8.19417214394	-1316
8.1942460537	-1420
8.19424796104	-1316
8.19434094429	-1368
8.19434309006	-1420
8.19437909126	-1316
8.19438195229	-1368
8.19450306892	-1420
8.19450592995	-1420
8.19455504417	-1420
8.19455695152	-1212
8.19459199905	-1420
8.1945950985	-1316
8.19469809532	-1420
8.19470095634	-1420
8.19473695755	-1264
8.19483304024	543
8.19544005394	543
8.20454096794	-1420
8.20456504822	-1316
8.20462012291	-1420
8.20462298393	-1316
8.2047021389	-1420
8.20470499992	-1316
8.20482897758	-1420
8.20483207703	-1420
8.20490503311	-1264
8.20490694046	-1420
8.20495009422	-1316
8.20495295525	-1368
8.20704603195	543
8.26704096794	-1420
8.26705908775	-1420
8.26712393761	-1264
8.26714515686	-1368
8.26730513573	-1420
8.26730895042	-1316
8.26749396324	543
8.28693199158	-1283
8.30669212341	-1420
8.30676102638	-1420
8.30676603317	-1264
8.30688214302	-1420
8.30688595772	-1420
8.30692696571	-1264
8.30725193024	-1420
8.30728316307	-1316
8.30728602409	-1368
8.34883093834	-1420
8.34884810448	-1420
8.34891295433	-1264
8.34920501709	-1368
8.34930300713	-1420
8.34930610657	-1420
8.34933400154	-1264
8.34940099716	-1420
8.3494310379	-1316
8.34970903397	-1420
8.34983205795	-1420
8.34983611107	-1264
8.34987401962	-1420
8.34987711906	-1420
8.34991192818	-1264
8.34991407394	-1420
8.34998011589	-1316
8.34999108315	-1420
8.35003995895	-1420
8.3500430584	-1264
8.35007810593	-1368
8.35196399689	543
8.35232901573	543
8.36095905304	-1420
8.36097407341	-1420
8.36103200912	-1420
8.36103415489	-1212
8.3610701561	-1368
8.36123800278	543
8.43276500702	-133
8.43672299385	543
8.54131412506	543
8.57668614388	543
8.98661112785	-543
8.99149799347	-1368
8.99666905403	543
9.13256216049	-232
9.14032506943	-1420
9.14038610458	-1316
9.14062809944	-1420
9.14067602158	-1316
9.14096999168	-1368
9.1413371563	-1368
9.14214205742	-1420
9.14216399193	-1316
9.14226412773	-1420
9.14230298996	-1316
9.14667606354	543
9.15553092957	-1420
9.15553712845	-1316
9.28657913208	-923
9.30023097992	543
9.3581340313	-1368
9.38704514503	543
9.47244906425	-261
9.75360894203	-543
9.87888002396	-543
10.0452580452	-543
10.1665649414	543
10.1666691303	543
10.1914880276	-543
10.2065751553	543
10.5434291363	-543
10.6167640686	-543
10.6769571304	-1368
10.6770379543	-1368
10.6771790981	-1368
10.6776721478	-1420
10.6778099537	-1316
10.6780741215	-1368
10.6967570782	-1368
10.7293510437	-567
10.8433060646	-1420
10.8433821201	-1420
10.8434269428	-1264
10.8434710503	-1368
10.8756091595	-269
10.8758020401	543
14.682477951	-543
