0	543
0.194770097733	-543
0.195178985596	543
0.872904062271	-543
0.876920938492	-1420
0.876971006393	-1316
0.878581047058	-1420
0.878623008728	-1420
0.87862610817	-1264
0.909286975861	543
0.91134595871	-1420
0.911350011826	-1420
0.911396980286	-1264
0.911499977112	543
0.917895078659	-1368
0.988214015961	-1420
0.988285064697	-1420
0.988322019577	-1420
0.988364934921	-1212
0.989614963531	543
0.989902973175	-1420
0.989907979965	-1316
0.990011930466	-1420
0.990015029907	-1316
1.02000308037	543
1.02254891396	-1420
1.02255392075	-1420
1.02259612083	-1420
1.02259898186	-1212
1.02273797989	543
1.07505297661	-1420
1.07506895065	-1316
1.09939908981	-1420
1.09940910339	-1420
1.09946703911	-229
1.14192795753	543
1.21039509773	-543
1.2106320858	543
1.21162605286	1460
1.2116830349	1460
1.21173906326	707
1.32346892357	-543
1.32969713211	543
1.47368311882	-543
1.47386407852	543
1.51778793335	-1420
1.51780200005	-1420
1.5178539753	-1264
1.51797008514	-1420
1.5179901123	-1420
1.51799297333	-1264
1.52046298981	543
1.52379202843	-1420
1.52381110191	-1420
1.52386903763	-1264
1.52387213707	-1420
1.52390813828	-1420
1.52391004562	-1264
1.52398705482	-1420
1.52398991585	-1420
1.52402591705	-1264
1.52436208725	-1368
1.53581094742	1460
1.5359120369	111
1.62511205673	-1420
1.62512993813	-1316
1.62929391861	-1420
1.6292989254	-1420
1.62933897972	-1264
1.62934207916	-1420
1.6293759346	-1316
1.6295580864	-1420
1.62957811356	-1316
1.62958097458	-1368
1.62963199615	543
1.62977695465	543
1.63507795334	-1420
1.6350839138	-1316
1.6351249218	-1368
1.63512706757	-1368
1.63543105125	-1420
1.63543510437	-1420
1.63547992706	-1420
1.6354830265	-1212
1.63551807404	-1420
1.63552093506	-1420
1.63555598259	-1264
1.63559293747	-1368
1.64812898636	-1420
1.64813804626	-1316
1.64827394485	543
1.73703503609	-1420
1.73705410957	-1420
1.73710799217	-1264
1.74112606049	-1420
1.74117898941	-1420
1.74118304253	-1420
1.74121713638	-1420
1.74121904373	-1160
1.74125409126	-1420
1.74125599861	-1420
1.74128913879	-1264
1.74129104614	-1420
1.74132394791	-1316
1.74696302414	-1420
1.74702310562	-1420
1.74702692032	-1420
1.74704504013	-1212
1.74704694748	-1420
1.74706196785	-1420
1.74706411362	-1264
1.74715709686	-1420
1.74715995789	-1316
1.74723792076	-1368
1.74743199348	-1420
1.74748706818	-1420
1.7474899292	-1420
1.74752902985	-1212
1.74753212929	-1420
1.74757599831	-1316
1.7476811409	1057
1.75937414169	-1420
1.75939011574	-1420
1.75945496559	-1264
1.75945806503	-1368
1.84827804565	-1420
1.84829497337	-1420
1.84834909439	-1420
1.84835195541	-1212
1.84861207008	543
1.85264110565	-1420
1.85264706612	-1420
1.85275697708	-1420
1.85276794434	-1212
1.85280704498	-1420
1.85281896591	-1420
1.85285305977	-1420
1.85285496712	-1212
1.8528881073	-1420
1.85289096832	-1420
1.85292291641	-1420
1.85292601585	-1212
1.85296106339	-1368
1.85844397545	-1368
1.85861110687	-1420
1.8586139679	-1420
1.8586139679	-1420
1.85861492157	-1212
1.85861611366	-1420
1.85861611366	-1420
1.85861897469	-1264
1.85878109932	-1420
1.85878300667	-1420
1.85878300667	-1420
1.85878396034	-1420
1.85878491402	-1160
1.85878610611	-1368
1.85878610611	-1368
1.85891699791	-1420
1.85891890526	-1316
1.85894703865	-1420
1.85894799232	-1420
1.858948946	-1420
1.85895013809	-1212
1.8590259552	-1368
1.85912895203	-1368
1.85937809944	1057
1.8707151413	-1420
1.87074112892	-1420
1.87077593803	-1420
1.8707780838	-1212
1.90990710258	-1420
1.90992593765	-1316
1.95961999893	-1420
1.95964097977	-1420
1.95969796181	-1420
1.95970201492	-1420
1.95973610878	-1160
1.95987701416	543
1.9638800621	-1420
1.96388602257	-1420
1.96392703056	-1420
1.96393013	-1420
1.96396207809	-1160
1.96415495872	-1420
1.96427798271	-1420
1.96428108215	-1420
1.96431708336	-1420
1.96431994438	-1160
1.96435213089	-1420
1.96436405182	-1420
1.96440005302	-1264
1.96440196037	-1420
1.96444797516	-1316
1.9644510746	-1368
1.96458601952	543
1.96972298622	-1420
1.96973896027	-1316
1.96979093552	-1368
1.96979308128	-1420
1.96980905533	-1316
1.96990394592	-1420
1.9699420929	-1316
1.97007608414	-1420
1.97011613846	-1420
1.97012710571	-1264
1.97016096115	-1420
1.97016310692	-1316
1.97025895119	-1420
1.97026205063	-1420
1.97029590607	-1264
1.97029900551	-1368
1.97048997879	-1420
1.97049307823	-1316
1.97053098679	-1420
1.97053408623	-1420
1.97056794167	-1264
1.97065901756	543
1.9708070755	-1420
1.97080993652	-1420
1.97084593773	-1264
1.97085213661	-1420
1.97088599205	-1316
1.97088813782	-1368
1.97120404243	-1420
1.97120809555	-1420
1.97120904922	-1264
1.9712100029	-1420
1.97121095657	-1316
1.97121191025	-1368
1.97964310646	543
1.97985506058	543
1.98178792	-1420
1.98179507256	-1420
1.98183012009	-1420
1.98183393478	-1420
1.9818520546	-1160
1.98192501068	543
2.02114892006	-1420
2.0211660862	-1420
2.0212199688	-1264
2.07070803642	-1420
2.07072210312	-1420
2.07077693939	-1420
2.07078003883	-1212
2.07081604004	-1368
2.07097792625	543
2.07536101341	-1420
2.07536697388	-1420
2.07542800903	-1420
2.07543110847	-1420
2.0754981041	-1420
2.07550001144	-1108
2.07553601265	-1368
2.07570195198	-1368
2.07589411736	-1420
2.07589912415	-1420
2.07593798637	-1420
2.07594108582	-1420
2.07605409622	-1160
2.07605695724	-1420
2.07609796524	-1316
2.07610106468	-1420
2.07613492012	-1420
2.07613706589	-1420
2.07617998123	-1420
2.07618308067	-1160
2.07640099525	543
2.0809841156	-1420
2.08099102974	-1420
2.08103394508	-1420
2.08103704453	-1212
2.08129692078	-1420
2.08130097389	-1420
2.08135294914	-1420
2.08135604858	-1212
2.08144307137	-1420
2.08144593239	-1420
2.08148097992	-1264
2.08148407936	-1368
2.08159303665	-1420
2.08159613609	-1316
2.08165812492	-1420
2.08166098595	-1420
2.08171391487	-1264
2.08180904388	-1420
2.08180999756	-1420
2.08181095123	-1264
2.08181190491	-1420
2.08181190491	-1316
2.08208703995	-1420
2.08209109306	-1420
2.08213591576	-1264
2.0821390152	-1368
2.08223009109	543
2.08228397369	-1420
2.08228707314	-1420
2.08230209351	-1264
2.08242297173	-1420
2.08245992661	-1420
2.08246302605	-1264
2.08249592781	-1368
2.08260512352	-1420
2.08260798454	-1420
2.08260893822	-1264
2.08281493187	543
2.08285212517	-1368
2.08292007446	-1420
2.08294510841	-1316
2.0830719471	-1420
2.08311104774	-1420
2.08311295509	-47
2.08330607414	543
2.08399605751	-1420
2.0840010643	-1316
2.08476400375	-1368
2.08482694626	543
2.0930929184	-1420
2.09310102463	-1420
2.09315299988	-1264
2.09315609932	-1368
2.09319090843	-1420
2.09319591522	-1316
2.09346795082	-1420
2.09347200394	-1316
2.1323890686	-1420
2.13240408897	-1420
2.13245797157	-1420
2.13246011734	-1212
2.18217492104	-1420
2.1821949482	-1420
2.18225598335	-1420
2.18225908279	-1420
2.18229413033	-1160
2.18247199059	543
2.18704795837	-1420
2.18706703186	-1420
2.18712306023	-1420
2.18712496758	-1212
2.18716692924	-1368
2.19165301323	-1420
2.19170403481	-1316
2.19416594505	-167
2.23233699799	-1420
2.23235201836	-1420
2.23240804672	-1264
2.28973793983	543
2.30543112755	-1420
2.30544495583	-1420
2.30549693108	-1264
2.34345507622	-704
2.35973310471	543
2.35997009277	543
2.3602039814	1460
2.36024808884	1460
2.36029005051	1161
2.3604080677	89
2.36059093475	1460
2.36063194275	1460
2.36067390442	1161
2.36077404022	89
2.36119699478	543
2.36157894135	543
2.55479502678	-543
2.55499505997	1057
2.57551407814	-1420
2.5755341053	-1420
2.57558894157	-1264
2.57559204102	-1368
2.57901310921	-1420
2.579018116	-1420
2.5790719986	-1264
2.57931208611	-1368
2.57933306694	-1368
2.58478808403	543
2.58648109436	-1420
2.58648705482	-1316
2.58664107323	-1368
2.58840799332	-1368
2.59076595306	-1420
2.59077191353	-1420
2.59081411362	-1264
2.5910050869	-1368
2.59162402153	-1420
2.59162712097	-1420
2.59166502953	-1264
2.5998840332	-1420
2.59992694855	-1420
2.59993004799	-1264
2.60024404526	-1420
2.60024690628	-1420
2.60028290749	-1264
2.60060811043	-1368
2.60081100464	-1420
2.60081505775	-1316
2.60089302063	-1420
2.60089612007	-1316
2.60384202003	-1368
2.60981702805	543
2.61008906364	543
2.61213803291	-1420
2.61214399338	-1420
2.61218595505	-1264
2.61557602882	-1420
2.61562108994	-1420
2.61562395096	-1264
2.61566090584	-1368
2.62276697159	-1420
2.62281608582	-1420
2.62282013893	-1264
2.62655496597	-1420
2.62657499313	-1420
2.62662100792	-1264
2.62662291527	-1368
2.62682795525	543
2.62734699249	-1420
2.62735295296	-1420
2.62739396095	-1264
2.62788105011	-1420
2.62792396545	-1316
2.62800097466	-1368
2.63611698151	-1420
2.63612413406	-1420
2.63617706299	-1420
2.63617992401	-1212
2.63621497154	-1420
2.63621711731	-1316
2.6363260746	543
2.63661503792	-1420
2.63661909103	-1316
2.63666892052	-1368
2.63668107986	-1368
2.63919901848	-1368
2.64857697487	-1420
2.64860296249	-1316
2.65139007568	-1420
2.65144491196	-1420
2.6514480114	-1264
2.65194106102	-1420
2.65194606781	-1420
2.65199708939	-1264
2.65199995041	-1420
2.65204405785	-1316
2.65204596519	-1368
2.65208101273	-1368
2.65784597397	-1368
2.65800499916	-1420
2.65800905228	-1316
2.6624341011	-1420
2.66243910789	-1420
2.66248011589	-1264
2.66254401207	543
2.68165493011	-1305
2.68175005913	543
2.68510508537	-1420
2.68511104584	-1420
2.68515610695	-1264
2.68520998955	543
2.69810295105	-1420
2.69810795784	-1420
2.69814991951	-1264
2.74070191383	-1420
2.74071407318	-1420
2.74076104164	-1264
2.74100708961	-1420
2.74104905128	-1420
2.74105191231	-1264
2.74115896225	543
2.74147510529	1460
2.7415189743	1460
2.74158096313	1161
2.74168300629	89
2.75234913826	-1368
2.7524600029	-1420
2.75250506401	-1316
2.75315213203	-1420
2.75325894356	-1420
2.753262043	-1420
2.75330591202	-1212
2.75330805779	-1420
2.75340890884	-1316
2.75341105461	-1420
2.75345492363	-1316
2.75940203667	-1420
2.75945305824	-1420
2.75945591927	-1264
2.7594909668	-1368
2.75949406624	-1420
2.75953793526	-1316
2.75954008102	-1368
2.75957512856	-1368
2.77270698547	-1420
2.77286696434	-1420
2.77287101746	-1420
2.77291798592	-1212
2.77292108536	-1420
2.7730050087	-1420
2.77300691605	-1420
2.77304291725	-1212
2.77304601669	-1420
2.7731449604	-1316
2.77314710617	-1420
2.77318310738	-1420
2.7731859684	-1264
2.77322697639	-1368
2.77322912216	-1420
2.7732629776	-1420
2.77327513695	-1264
2.77343893051	543
2.77363300323	1057
2.79284191132	-658
2.79299402237	543
2.79324007034	1460
2.79328608513	1460
2.79333305359	1161
2.79464101791	89
2.80880713463	-1420
2.80882191658	-1316
2.81350398064	-1420
2.81351900101	-1420
2.81357812881	-1264
2.82039999962	-1420
2.8204729557	-1420
2.82047796249	-1264
2.84875512123	-1420
2.84876704216	-1316
2.87597799301	-1420
2.87599110603	-1420
2.87604904175	-1264
2.87617707253	543
2.89059495926	-1368
2.90394711494	-214
2.9271440506	-1368
2.95728302002	-1420
2.95736193657	-1420
2.95736694336	-1264
2.96490311623	-1420
2.96491599083	-1420
2.96496701241	-1264
2.98168802261	-1368
2.98997592926	543
2.99369812012	-1420
2.99371099472	-1316
2.99386310577	-1420
2.99386692047	-1420
2.99393296242	-1264
2.99393606186	-1368
2.99669408798	-1420
2.99670004845	-1316
3.00300502777	-1368
3.00309300423	543
3.00712203979	-1368
3.00944495201	-1420
3.00950694084	-1420
3.00951004028	-1264
3.01100301743	-1420
3.01100897789	-1420
3.01106309891	-1264
3.0112490654	-1420
3.01125097275	-1316
3.01133513451	543
3.01474499702	-1420
3.01475000381	-1420
3.01479101181	-1264
3.0149409771	-1420
3.014991045	-1316
3.01499295235	-1368
3.0151040554	-842
3.04101705551	-1420
3.04109311104	-1420
3.04109692574	-1264
3.05811405182	-1420
3.05812096596	-1420
3.05818510056	-1264
3.09083509445	-1420
3.09091711044	-1420
3.09092092514	-1264
3.09159898758	-1420
3.09160399437	-1420
3.09165596962	-1264
3.09528803825	-1420
3.09533405304	-1420
3.09533691406	-1264
3.09537291527	-1420
3.09537506104	-1420
3.09541010857	-1264
3.09555506706	543
3.1009979248	-1368
3.10128092766	-1368
3.11409592628	-1420
3.11410212517	-1316
3.11422300339	543
3.11441707611	-1420
3.11441993713	-1316
3.11447095871	-1368
3.11462211609	-1368
3.11497592926	-1420
3.11497998238	-1316
3.12511205673	-1420
3.12511706352	-1420
3.12516999245	-1264
3.1263859272	-9
3.12690997124	-1420
3.12691497803	-1316
3.13178992271	-1420
3.13179397583	-1420
3.13183403015	-1264
3.13381791115	-1368
3.13563203812	-1368
3.13652300835	-1420
3.13655900955	-1316
3.13705801964	-1420
3.13710093498	-1420
3.13710403442	-1420
3.13713908195	-1212
3.14716601372	-1420
3.1472389698	-1420
3.14724206924	-1420
3.14730405807	-1212
3.1473069191	-1368
3.17257094383	-1368
3.1725769043	-1420
3.17261791229	-1316
3.17271494865	543
3.1777279377	-1420
3.17773294449	-1316
3.19528698921	-1368
3.20843505859	-1420
3.20848894119	-1316
3.20849204063	-1368
3.20861792564	543
3.20986604691	-1420
3.20987200737	-1316
3.20992302895	-1420
3.20992612839	-1316
3.21005392075	543
3.21010708809	-1420
3.21010899544	-1420
3.21010994911	-1264
3.21029996872	-1420
3.21034097672	-1420
3.21034312248	-1264
3.21088790894	-1420
3.21089196205	-1420
3.21094298363	-1264
3.21476602554	-1420
3.21481204033	-1316
3.2148809433	543
3.21586203575	-1420
3.21586704254	-1420
3.21590995789	-1264
3.2160680294	-1420
3.21611094475	-1316
3.21611404419	-1368
3.23898506165	-289
3.23907399178	543
3.24272298813	-1420
3.24272799492	-1420
3.24276995659	-1264
3.24298000336	-1368
3.24789094925	-1420
3.24790406227	-1420
3.24794507027	-1264
3.24794793129	-1420
3.24798297882	-1420
3.24798512459	-1264
3.24801802635	-1368
3.24905204773	-1368
3.24944591522	-1420
3.24945092201	-1316
3.2500679493	-1420
3.25007390976	-1420
3.25011610985	-1264
3.25136303902	-1420
3.25146603584	-1420
3.25146913528	-1264
3.25150704384	-1368
3.25280094147	-1420
3.2528450489	-1420
3.25284790993	-1264
3.2529489994	543
3.28328609467	-1420
3.28329801559	-1316
3.2851691246	-1368
3.28525710106	543
3.28582906723	-1420
3.28583407402	-1316
3.28893113136	-1420
3.28893613815	-1316
3.29137992859	-1420
3.29138493538	-1316
3.2914390564	-1368
3.29146099091	-1420
3.29150795937	-1316
3.29151105881	-1368
3.30483913422	-1420
3.30484509468	-1316
3.30496406555	-1368
3.31858491898	-1420
3.31864690781	-1420
3.31865000725	-1264
3.31878399849	543
3.32314395905	-1368
3.32846808434	-1420
3.32852602005	-1316
3.32867097855	-1368
3.35027503967	-86
3.35206913948	-1420
3.35212302208	-1420
3.3521270752	-1264
3.35256290436	-1420
3.35256791115	-1420
3.35262799263	-1264
3.35660600662	-1420
3.35666012764	-1420
3.35666298866	-1264
3.36126995087	-1420
3.36127495766	-1420
3.36132597923	-1264
3.36143302917	543
3.3712990284	-1368
3.37168002129	-1420
3.37174201012	-1316
3.37174510956	-1368
3.37306308746	-1368
3.37342405319	-1420
3.37347197533	-1420
3.37347507477	-1264
3.37661504745	-1368
3.37670898438	543
3.39866995811	-1368
3.41687107086	-1420
3.41693091393	-1420
3.41693401337	-1264
3.43481707573	-1420
3.43482303619	-1420
3.43488407135	-1264
3.43498492241	543
3.46088790894	-1420
3.46089410782	-1420
3.46094608307	-1264
3.46122312546	-1420
3.46127700806	-1420
3.4612801075	-1264
3.46175193787	-676
3.47315096855	-1420
3.47320413589	-1420
3.47320699692	-1264
3.47909998894	-1420
3.47910714149	-1420
3.479170084	-1264
3.48686313629	-1420
3.48694610596	-1316
3.48695802689	-1420
3.48700404167	-1316
3.48708891869	-1368
3.48721504211	543
3.51664590836	-1368
3.51698708534	-1420
3.51705002785	-1316
3.53872513771	-1368
3.53896403313	-1420
3.53896713257	-1420
3.53896808624	-1264
3.53900003433	-1420
3.53900098801	-1316
3.53902506828	543
3.5390560627	-1420
3.53905701637	-1316
3.53913807869	-1368
3.5392639637	-1368
3.54179501534	-1420
3.54183912277	-1420
3.5418419838	-1264
3.55353999138	-1420
3.55354595184	-1420
3.55356812477	-1264
3.55364394188	543
3.57098293304	-1420
3.57098913193	-1316
3.57303595543	-726
3.62628793716	-1368
3.68425798416	-261
3.68464493752	543
3.79548501968	-543
3.9456949234	-543
4.09675002098	-543
4.09704995155	1057
4.28531908989	543
4.32721400261	1057
4.42321610451	-543
4.56555509567	-1368
4.5658390522	543
4.61373209953	-261
4.61393094063	1057
4.71266508102	543
4.77783298492	-543
4.78847813606	543
4.81841492653	1460
4.81856393814	625
4.83042311668	543
4.84400105476	543
4.88888192177	-543
4.9379940033	-1368
5.01183700562	-1318
5.04307293892	543
5.05296397209	1460
5.05305790901	111
5.08640408516	543
5.12303209305	-1086
5.12324595451	543
5.19967293739	-1368
5.19988393784	543
5.26349401474	-1368
5.26370596886	543
5.26386213303	543
5.27392792702	-1065
5.28168511391	-1420
5.28173899651	-1316
5.34966611862	-1420
5.34968304634	-1420
5.34973597527	-1264
5.3928000927	-472
5.45802211761	-1368
5.50359392166	-1420
5.5036110878	-1420
5.50366592407	-1264
5.52053403854	-1368
5.52285695076	543
5.53014612198	543
5.5448141098	-1420
5.54482507706	-1420
5.54487705231	-1264
5.54861092567	-1368
5.5491399765	1460
5.54919695854	111
5.54935193062	543
5.55798697472	543
5.56038498878	543
5.5606880188	1057
5.56894207001	-372
5.58126401901	-1420
5.58131504059	-1316
5.65948390961	-1420
5.65950012207	-1316
5.6792550087	543
5.6840441227	543
5.6925110817	-841
5.70293092728	543
5.71125197411	543
5.75814199448	-1368
5.81459212303	-804
5.8148829937	543
5.90303492546	-1368
5.92554998398	-261
5.93954801559	-1368
6.00553894043	-1368
6.00622391701	543
6.00716209412	-1368
6.00948309898	-1420
6.00954699516	-1420
6.00955104828	-1264
6.00988101959	-1420
6.00988507271	-1420
6.00992298126	-1264
6.0100440979	543
6.01032400131	1057
6.0216460228	-1420
6.02166104317	-1420
6.02171492577	-1264
6.03670096397	-1420
6.03677010536	-1420
6.03677511215	-168
6.03820800781	-1420
6.0382130146	-1316
6.03876209259	-1420
6.03876495361	-1420
6.03880190849	-1264
6.03997612	-1420
6.04001998901	-1420
6.04002308846	-1264
6.0410900116	543
6.04266691208	-1420
6.04267096519	-1420
6.04271507263	-1264
6.0427839756	543
6.05694794655	-1368
6.1151061058	-1420
6.11511898041	-1316
6.14799308777	-699
6.21645498276	-1368
6.21968197823	543
6.22253799438	-1368
6.22961997986	543
6.2592830658	-493
6.30095410347	1057
6.30140304565	1057
6.3705739975	-1086
6.37639212608	543
6.46590709686	-1368
6.46970891953	543
6.48169708252	-261
6.58983612061	-1420
6.58985495567	-1316
6.59278392792	-464
6.5938129425	1057
6.62845802307	-1368
6.67823195457	-1368
6.7053809166	-435
6.73064303398	-1420
6.73065900803	-1420
6.73072290421	-1264
6.73088407516	-1420
6.7309319973	-1420
6.73093509674	-1264
6.73335790634	-1420
6.73336410522	-1420
6.73340702057	-1264
6.73356413841	-1420
6.73360395432	-1420
6.73360705376	-1264
6.74203395844	-1368
6.74825906754	-1368
6.74839496613	-1368
6.74869012833	-1420
6.74869513512	-1316
6.74878311157	-1420
6.7487859726	-1420
6.74880409241	-1264
6.74889707565	-1368
6.74968695641	-1420
6.7496919632	-1420
6.74973201752	-1264
6.74981307983	543
6.75009393692	-1420
6.75009894371	-1420
6.75013995171	-1264
6.75046992302	-1420
6.7505171299	-1420
6.75051999092	-1264
6.77072906494	543
6.77557992935	-1420
6.77558803558	-1420
6.77563309669	-1264
6.77824211121	-1420
6.77828598022	-1420
6.77828812599	-1264
6.77968811989	543
6.78229093552	1057
6.80402898788	-1420
6.80404496193	-1420
6.80409812927	-1264
6.80462002754	-1420
6.80467700958	-1420
6.80468010902	-1264
6.80484199524	543
6.80756902695	-1420
6.80758404732	-1316
6.84187507629	-1420
6.84188890457	-1420
6.84194397926	-1420
6.8419470787	-1420
6.84198212624	-1051
7.00081896782	-1086
7.01870703697	-1368
7.08938002586	543
7.11212491989	-1318
7.12473702431	543
7.17801213264	543
7.2047059536	1057
7.22168397903	1057
7.33726811409	-543
7.34476304054	543
7.47672700882	-543
7.47691202164	543
7.62777709961	-543
7.62796711922	543
7.71378397942	-1368
7.71461391449	-1368
7.74934101105	-1368
7.75222706795	543
7.76010704041	543
7.78820705414	-124
7.83187294006	-1420
7.83193492889	-1420
7.83197307587	-1264
7.83200907707	-1420
7.83204293251	-1420
7.83207798004	-1264
7.84786105156	-1420
7.84792613983	-1420
7.84796309471	-1264
7.84799695015	-1420
7.84800100327	-1420
7.84803390503	-1264
7.8480360508	-1368
7.84859800339	-1420
7.84860301018	-1316
7.84943008423	-1420
7.84943509102	-1420
7.84948611259	-1264
7.8495759964	543
7.84977698326	-1420
7.84978199005	-1420
7.84982204437	-1264
7.86710810661	-1420
7.86716294289	-1420
7.867166996	-1264
7.86730909348	543
7.89954805374	-1129
7.9469139576	-1368
8.01111912727	-1318
8.04838204384	-1420
8.04839706421	-1316
8.12230992317	-949
8.12577009201	543
8.12596607208	543
8.23728895187	-1086
8.23748207092	543
8.32666993141	-1368
8.34851098061	-261
8.45969891548	-543
8.46973490715	-1420
8.46980500221	-1420
8.46981191635	-1264
8.46995997429	-1420
8.46996307373	-1420
8.47000002861	-1264
8.50475001335	-1420
8.50481390953	-1420
8.50481796265	-1264
8.52035498619	-1420
8.52037906647	-1316
8.5205180645	-1420
8.52052092552	-1316
8.52055811882	-1368
8.52065706253	-1420
8.52069497108	-1316
8.52343201637	-1420
8.52346301079	-1420
8.52346611023	-1420
8.52349090576	-1212
8.52349805832	-1420
8.52351307869	-1316
8.52351593971	-1368
8.5236260891	543
8.52383112907	543
8.54021406174	-1420
8.54022908211	-1316
8.57568192482	-1368
8.58059811592	-507
8.64584493637	1057
8.69165992737	-543
8.75192713737	-1420
8.75194501877	-1316
8.8028550148	-920
8.80536293983	543
8.80664896965	543
9.14210891724	-543
9.18977212906	-1420
9.1898329258	-1420
9.18985295296	-1264
9.21388792992	-1420
9.21395397186	-1420
9.21398997307	-1264
9.21403098106	-1420
9.21406602859	-1420
9.2141020298	-1264
9.21557998657	-1368
9.21613192558	-1420
9.21618509293	-1420
9.21623396873	-1264
9.21626806259	-1420
9.21630311012	-1316
9.22636604309	-1368
9.22654700279	543
9.23178291321	543
9.24004411697	543
9.25326108932	543
9.27017307281	-1368
9.27265810966	543
9.29779291153	543
9.29934501648	543
9.30050897598	-338
9.46311306953	-1086
9.4759581089	1057
9.57430696487	-543
9.57452011108	543
9.61924290657	-1368
9.61945796013	543
9.61963391304	543
9.68552803993	-804
9.68576693535	543
9.6859190464	543
9.79669594765	-543
9.79688501358	543
9.83503603935	1057
9.90787506104	-543
9.91609692574	-1420
9.91613507271	-1316
9.95507311821	-1420
9.95513892174	-1420
9.95514392853	-1264
9.95799994469	543
9.99064207077	-1420
9.99066710472	-1316
9.99669194221	543
9.99735498428	1460
9.99740290642	1139
10.0192070007	-878
10.0221369267	543
10.0250821114	1460
10.0251510143	1139
10.0642380714	-1420
10.0642540455	-1420
10.0643100739	-1264
10.0902299881	-1420
10.0902750492	-1316
10.09375	543
10.0996940136	1460
10.0997550488	1139
10.1048409939	-1420
10.104847908	-1420
10.1048910618	-1264
10.1049730778	543
10.116672039	-1368
10.1305310726	-799
10.1312189102	1057
10.1316370964	543
10.140034914	-1420
10.1400561333	-1316
10.1603181362	543
10.1621379852	543
10.1806430817	543
10.1931459904	-1420
10.1931619644	-1316
10.199559927	543
10.2126619816	543
10.242358923	-1326
10.2456889153	543
10.2459259033	1460
10.2459709644	111
10.3450500965	-1368
10.3451859951	-1420
10.3452379704	-1420
10.3452410698	-1264
10.3455700874	-1420
10.3455750942	-1420
10.3456139565	-1264
10.3539581299	-422
10.3599040508	-1420
10.3599131107	-1420
10.3599569798	-1264
10.4002690315	-1420
10.4002819061	-1420
10.4003250599	-1420
10.4003279209	-1420
10.4003639221	-1160
10.4005029202	-1420
10.4005410671	-1316
10.4005439281	-1368
10.4053790569	-1420
10.4054329395	-1420
10.4055070877	-1264
10.4055099487	-1420
10.4055309296	-1316
10.4057679176	543
10.4564480782	-1420
10.4564669132	-1420
10.4565241337	-1420
10.4565269947	-1420
10.4565620422	-1160
10.456674099	-1420
10.4567220211	-1420
10.4567251205	-1264
10.4567689896	-1368
10.4569740295	543
10.4652819633	-1420
10.4653060436	-1316
10.4716351032	-1420
10.4716470242	-1316
10.4717490673	-1368
10.4718930721	-1368
10.5117180347	-1420
10.5117340088	-1420
10.511797905	-1264
10.5118010044	-1420
10.5118470192	-1316
10.5118501186	-1368
10.511893034	-1420
10.5166509151	-1420
10.51673913	-1264
10.5167429447	-1420
10.516782999	-1420
10.5167860985	-1420
10.5168190002	-1212
10.5168220997	-1420
10.5168550014	-1420
10.5168581009	-1264
10.5169420242	-1368
10.5171329975	543
10.5676910877	-1420
10.5677089691	-1420
10.5677659512	-1420
10.5677690506	-1420
10.5678141117	-1160
10.5680010319	-1420
10.5680389404	-1420
10.5680420399	-1264
10.568073988	-1420
10.5680770874	-1316
10.5770869255	-1420
10.5771050453	-1316
10.5771489143	-1420
10.5771520138	-1316
10.577286005	1057
10.5830259323	-1368
10.5831940174	-1420
10.5832381248	-1420
10.5832400322	-1420
10.5832819939	-1420
10.5832850933	-1160
10.6233279705	-1420
10.6233479977	-1420
10.62342906	-1420
10.623431921	-1212
10.6234679222	-1420
10.6234710217	-1420
10.6235079765	-1264
10.6236801147	-1368
10.6239581108	-1420
10.6239631176	-1420
10.6240010262	-1420
10.6240041256	-1212
10.6282219887	-1420
10.6282389164	-1420
10.628287077	-1264
10.6282889843	-1420
10.6283040047	-1420
10.628305912	-1420
10.6283209324	-1212
10.6284189224	-1420
10.6284580231	-1316
10.6286110878	543
10.6679809093	-1420
10.6679959297	-1316
10.6788649559	-1420
10.6788790226	-1420
10.6790130138	-1420
10.6790161133	-1212
10.6790699959	-1368
10.6790721416	-1420
10.679117918	-1316
10.6791200638	-1420
10.6791701317	-1420
10.679172039	-1420
10.6792240143	-1212
10.6792271137	-1420
10.6792681217	-1316
10.6798300743	543
10.6800661087	543
10.6802210808	543
10.6883649826	-1420
10.6883819103	-1420
10.688436985	-1264
10.6884400845	-1368
10.688475132	-1420
10.688477993	-1316
10.694425106	-1420
10.6944420338	-1316
10.6948680878	-1420
10.6948721409	-1420
10.6949110031	-1420
10.6949141026	-1420
10.6949470043	-1160
10.6949501038	-1368
10.6951150894	543
10.7346379757	-1420
10.7346510887	-1420
10.7347121239	-1264
10.7347149849	-1420
10.7347569466	-1420
10.7347590923	-1264
10.734801054	-1420
10.7348029613	-1420
10.7348370552	-1264
10.7350740433	543
10.7351870537	-1420
10.735188961	-1420
10.7351899147	-1264
10.7352581024	-1420
10.7352600098	-1420
10.7353200912	-1264
10.7355210781	543
10.7394680977	-1420
10.7394740582	-1316
10.7395129204	-1420
10.7396919727	-1420
10.7397251129	-1264
10.7397279739	-1368
10.7397530079	-1420
10.7397549152	-1420
10.7397830486	-1264
10.7397859097	-1420
10.73980093	-1420
10.7398030758	-1264
10.739921093	543
10.779186964	-1420
10.7792029381	-1420
10.7792599201	-1264
10.7901630402	-1420
10.7902231216	-1420
10.7902269363	-1264
10.7902610302	-1420
10.7902641296	-1316
10.7906711102	-1420
10.7906749249	-1420
10.7907159328	-1420
10.7907190323	-1420
10.7907519341	-1420
10.7907550335	-1420
10.7908670902	-1056
10.7908699512	-1420
10.7909059525	-1316
10.7909090519	-1420
10.7909419537	-1420
10.7909440994	-1264
10.791175127	543
10.8005869389	-1420
10.8005950451	-1420
10.8006401062	-1420
10.8006429672	-1212
10.8006770611	-1420
10.8006789684	-1420
10.8007130623	-1264
10.8007149696	-1368
10.8009090424	543
10.8066120148	-1420
10.8066170216	-1420
10.8066599369	-1264
10.8066620827	-1420
10.8067059517	-1420
10.8067080975	-1264
10.806759119	-1420
10.8067610264	-1420
10.8067951202	-1264
10.8071990013	1057
10.8458890915	-1420
10.8459219933	-1420
10.8459811211	-1264
10.8459839821	-1420
10.8460249901	-1420
10.8460280895	-1264
10.8460650444	-1420
10.8460679054	-1420
10.8461019993	-1264
10.8461050987	-1420
10.846157074	-1420
10.846159935	-1264
10.8461949825	-1368
10.8462429047	-1420
10.8462610245	-1420
10.8462629318	-1264
10.8462779522	-1368
10.8464679718	-1420
10.8465111256	-1316
10.8465139866	-1368
10.8465681076	-1368
10.8466789722	543
10.8508760929	-1368
10.8508820534	-1368
10.8510220051	-1420
10.8510260582	-1420
10.8510730267	-1420
10.851074934	-1212
10.8511090279	-1368
10.8511121273	-1420
10.8512570858	-1420
10.8512599468	-1264
10.851336956	-1420
10.8513391018	-1420
10.8513989449	-1420
10.8514010906	-1212
10.8514471054	-1420
10.8514499664	-1316
10.8596539497	543
10.8600139618	1057
10.8903701305	-1420
10.8903849125	-1420
10.8904459476	-1420
10.8904490471	-1212
10.8951790333	1057
10.8956289291	543
10.9015710354	-1420
10.9015829563	-1420
10.9016289711	-1420
10.9016320705	-1212
10.9016649723	-1420
10.9016671181	-1420
10.9017009735	-1264
10.9018330574	-1420
10.9018700123	-1316
10.9018719196	-1368
10.9019479752	-1420
10.9019510746	-1420
10.9019670486	-1420
10.901968956	-1212
10.9019939899	-1368
10.9021670818	-1420
10.9022130966	-1316
10.902215004	-1368
10.9022479057	-1368
10.9024090767	-1420
10.9024460316	-1316
10.902477026	-1420
10.9024960995	-1316
10.9077789783	543
10.9079251289	543
10.9081189632	543
10.9121761322	-1420
10.912184	-1420
10.9122269154	-1264
10.9122960567	-1420
10.9123239517	-1316
10.9123260975	-1420
10.9123470783	-1420
10.9123489857	-1264
10.9147880077	543
10.9178740978	-1420
10.9178829193	-1420
10.9179289341	-1420
10.9179310799	-1212
10.9179749489	-1420
10.9179770947	-1420
10.9181210995	-1264
10.9181239605	-1420
10.9181580544	-1316
10.9181599617	-1420
10.9181919098	-1420
10.9181940556	-1264
10.918227911	-1368
10.9184169769	543
10.9571700096	-1420
10.9571869373	-1420
10.9572520256	-1420
10.957255125	-1212
10.9572949409	-1420
10.9573071003	-1420
10.9573440552	-1264
10.9573469162	-1420
10.9573941231	-1420
10.9573969841	-111
10.9576790333	543
11.065349102	-1420
11.0653679371	-1420
11.0654270649	-1264
11.0682480335	-95
11.1170620918	-1420
11.1170799732	-1316
11.1524050236	-1420
11.1524209976	-1420
11.1524760723	-1264
11.1634349823	543
11.1641800404	543
11.1681511402	543
11.1686110497	543
11.1692960262	543
11.1695280075	1460
11.1695709229	1460
11.1696131229	193
11.1702780724	543
11.1706840992	543
11.1710379124	543
11.1715269089	543
11.1791040897	-1368
11.1797230244	-1420
11.1797690392	-1316
11.2114999294	-1420
11.2115650177	-1420
11.2115690708	-1264
11.212898016	-1420
11.2129030228	-1420
11.2129471302	-1264
11.2130300999	543
11.2198860645	-1242
11.2484600544	-1420
11.2485280037	-1420
11.2485330105	-1264
11.3157429695	-1420
11.3157601357	-1420
11.3158149719	-1264
11.3178510666	543
11.3595049381	-161
11.3649840355	543
11.4092299938	543
11.4095261097	-1368
11.4096589088	543
11.4098160267	543
11.4129030704	-1368
11.4135329723	-1420
11.4135599136	-1420
11.4135630131	-1264
11.4139740467	-1420
11.4139790535	-1420
11.4140200615	-1264
11.4146060944	-1368
11.4147250652	-1368
11.414951086	-1368
11.4177980423	-1368
11.417869091	-1368
11.4186270237	-1368
11.4186649323	-1420
11.4186880589	-1316
11.4190011024	-1420
11.4190440178	-1420
11.4190471172	-1264
11.4354310036	-1420
11.4354450703	-1420
11.435516119	-1264
11.4356570244	543
11.4372141361	-1420
11.4372200966	-1420
11.4372649193	-1264
11.4773130417	1460
11.477410078	111
11.4909129143	543
11.521007061	-934
11.5211660862	543
11.632349968	-543
11.6325380802	543
11.6331279278	543
11.6547539234	1460
11.6548371315	111
11.7350981236	543
11.7361910343	-1368
11.7363049984	543
11.7400410175	-1420
11.740046978	-1316
11.7434830666	-1181
11.7436110973	543
11.743899107	-1420
11.7439050674	-1316
11.8074190617	-1420
11.8074369431	-1420
11.8075120449	-1264
11.8219959736	543
11.8232400417	543
11.8298549652	543
11.8551061153	-1015
11.8573710918	543
11.8580229282	543
11.8829479218	-1420
11.8829650879	-1420
11.8830199242	-1264
11.8831899166	543
11.9162631035	-1420
11.9162809849	-1420
11.9163360596	-1264
11.9164891243	-1420
11.9165279865	-1420
11.9165301323	-1264
11.9181730747	-1420
11.9181780815	-1316
11.9191420078	-1420
11.9191460609	-1420
11.9191930294	-1264
11.9249310493	543
11.9266850948	-1420
11.9267101288	-1420
11.9267659187	-1420
11.9267690182	-1212
11.9268040657	-1368
11.9336819649	543
11.9374139309	543
11.9376559258	1460
11.9377000332	1139
11.9382059574	543
11.9393010139	-1420
11.9393069744	-1420
11.9393520355	-1264
11.9418349266	1460
11.9418859482	1460
11.941931963	707
11.9426689148	-1420
11.9426760674	-1316
11.9427859783	543
11.9665470123	-1274
11.9858441353	-1420
11.9858810902	-1420
11.9858839512	-1264
11.9902229309	-1420
11.9902360439	-1420
11.9902861118	-1264
11.9918971062	-1420
11.9919660091	-1420
11.9919729233	-1264
11.9986429214	-1420
11.9986591339	-1316
11.9989130497	543
12.0120849609	-1420
12.012100935	-1316
12.0123770237	-1420
12.0123839378	-1316
12.0124750137	-1368
12.0127050877	-1420
12.0127980709	-1316
12.0128040314	-1368
12.0135810375	543
12.0155661106	-1420
12.0155799389	-1420
12.0156309605	-1264
12.0240139961	-1420
12.0240831375	-1316
12.0240900517	-1420
12.0241270065	-1316
12.0244679451	543
12.0247440338	-1368
12.0270299911	-1420
12.0270991325	-1420
12.027105093	-1264
12.0273940563	-1420
12.0274050236	-1420
12.0274729729	-1420
12.027490139	-1212
12.0313689709	-1420
12.0313849449	-1316
12.04271698	-1420
12.0427320004	-1316
12.0429570675	543
12.0627679825	-1368
12.0661900043	543
12.0779149532	-33
12.0985369682	-1420
12.0986099243	-1316
12.104820013	543
12.1379079819	-1368
12.1383149624	543
12.1389560699	543
12.1393330097	543
12.1466591358	-1420
12.1466739178	-1316
12.1473469734	-1420
12.1473600864	-1420
12.1476430893	-1264
12.1476500034	-1420
12.147742033	-1420
12.1477479935	-1264
12.1480629444	543
12.1546070576	-1420
12.1546230316	-1420
12.1546809673	-1264
12.1551790237	-1420
12.155246973	-1316
12.1566159725	-1420
12.1566779613	-1420
12.1566851139	-1264
12.1570820808	-1420
12.1570899487	-1420
12.1572079659	-1264
12.1572139263	-1420
12.157325983	-1316
12.1573309898	-1368
12.1585309505	543
12.163312912	-1420
12.1633269787	-1420
12.1634271145	-1264
12.163433075	-1368
12.1635520458	-1420
12.1635580063	-1316
12.1636440754	-1368
12.1695621014	-1368
12.1714880466	-1368
12.1800649166	-1420
12.1800940037	-1420
12.1800971031	-1264
12.1812429428	-1368
12.1817190647	-1420
12.1817569733	-1420
12.1817610264	-1264
12.1837079525	-1420
12.1837170124	-1420
12.1837909222	-1264
12.1868751049	543
12.1872019768	1460
12.1872849464	111
12.1893630028	-194
12.1936430931	-1420
12.1937420368	-1420
12.1937451363	-1264
12.1937909126	-1420
12.1937930584	-1420
12.1938290596	-1264
12.1939480305	543
12.1940729618	543
12.1945939064	-1420
12.1946001053	-1420
12.1946411133	-1264
12.1950409412	-1420
12.1950640678	-1316
12.1950669289	-1368
12.1996121407	-1420
12.1996219158	-1420
12.1996700764	-1264
12.1999180317	-1420
12.199960947	-1420
12.1999640465	-1264
12.2008080482	-1420
12.2008140087	-1420
12.2008390427	-1264
12.2016670704	-1420
12.2017109394	-1420
12.2017140388	-1264
12.2020940781	-1420
12.2020990849	-1420
12.2021400928	-1264
12.2022140026	543
12.2083499432	-1420
12.2083570957	-1420
12.2084019184	-1264
12.2124159336	-1420
12.2124640942	-1420
12.2124669552	-1264
12.2125070095	-1420
12.2125101089	-1420
12.2125439644	-1264
12.2141821384	-1420
12.214220047	-1420
12.214222908	-1264
12.2142400742	-1420
12.2142419815	-1420
12.2142670155	-1264
12.2144091129	543
12.2145469189	-1368
12.2146151066	543
12.2150731087	-1420
12.2150781155	-1316
12.2154741287	-1368
12.2506980896	-1420
12.2507669926	-1316
12.2580389977	-1420
12.2580981255	-1420
12.2581059933	-1264
12.2586810589	-1420
12.2586910725	-1420
12.2587800026	-1420
12.2587890625	-1212
12.2588710785	-1420
12.258877039	-1420
12.2589581013	-1264
12.2589650154	-1368
12.2659099102	-1420
12.2659249306	-1420
12.2659809589	-1420
12.2659840584	-1212
12.2662639618	-1420
12.2662689686	-1420
12.2663090229	-1264
12.2677800655	-1420
12.2678251266	-1420
12.2678279877	-1420
12.2678630352	-1212
12.2680521011	-1420
12.2680909634	-1420
12.2680940628	-1420
12.2681920528	-1212
12.2681949139	-1420
12.2682299614	-1316
12.2682321072	-1368
12.2683210373	543
12.2701630592	-1420
12.2701690197	-1316
12.2702589035	543
12.2741520405	-1420
12.2741599083	-1420
12.2742059231	-1264
12.2742080688	-1368
12.2744309902	-1420
12.2744350433	-1316
12.2744739056	-1420
12.2744801044	-1316
12.2808859348	-1420
12.2808940411	-1420
12.2809209824	-1264
12.2810099125	543
12.2913579941	-1420
12.291369915	-1420
12.2914190292	-1264
12.2914230824	-1420
12.2914531231	-1316
12.2935190201	-1420
12.2935760021	-1420
12.2935819626	-1420
12.2936139107	-1212
12.2936189175	-1368
12.29479599	-1420
12.2948079109	-1420
12.2948570251	-1264
12.2948620319	-1368
12.3052000999	-1420
12.3052151203	-1420
12.3053250313	-1420
12.3053319454	-1212
12.3054189682	-1420
12.3054249287	-1420
12.3055150509	-1264
12.305521965	-1420
12.3056020737	-1316
12.3059411049	-1420
12.3060381413	-1420
12.3060450554	-1264
12.3061239719	-1368
12.3065199852	543
12.3066101074	-1420
12.3066160679	-1420
12.3066189289	-1264
12.3070259094	543
12.3111131191	-1420
12.3111190796	-1420
12.3111441135	-1420
12.3111460209	-1212
12.3112781048	-1420
12.3112809658	-1316
12.3114089966	-1420
12.3114109039	-1420
12.311412096	-1264
12.311563015	543
12.312212944	-1420
12.3122189045	-1420
12.3122429848	-1420
12.3122451305	-1212
12.3132231236	-1420
12.313229084	-1420
12.313254118	-1264
12.3133189678	-1368
12.313434124	-1420
12.313436985	-1420
12.3134739399	-1420
12.3134810925	-1212
12.3198621273	-1420
12.3198690414	-1420
12.3198931217	-1420
12.3198950291	-1212
12.3200190067	543
12.3238270283	-1420
12.3238420486	-1420
12.3239510059	-1264
12.3239569664	-1420
12.3240420818	-1316
12.3240470886	-1368
12.3241279125	-1420
12.3241341114	-1316
12.3253979683	-1420
12.3254060745	-1420
12.3255150318	-1264
12.325521946	-1420
12.3256061077	-1316
12.3256120682	-1420
12.3256909847	-1420
12.3256959915	-1264
12.3260929585	543
12.3264269829	-1420
12.3264350891	-1420
12.3265340328	-1420
12.3265399933	-1212
12.3268380165	543
12.3619310856	-1420
12.3619520664	-1420
12.3620181084	-1420
12.3620240688	-1212
12.3694050312	-1420
12.3694200516	-1420
12.369508028	-1420
12.3695139885	-1212
12.3700799942	-1420
12.3700919151	-1420
12.3701860905	-1264
12.3701920509	-1420
12.3703761101	-1420
12.3703811169	-1264
12.3704941273	-1420
12.3705000877	-1420
12.3705849648	-1264
12.3771100044	-1420
12.3771779537	-1420
12.3771851063	-1420
12.3772230148	-889
12.3774049282	543
12.3799209595	-1420
12.3799369335	-1316
12.380573988	-1420
12.3805890083	-1316
12.3878741264	543
12.3896269798	-1420
12.3896429539	-1420
12.389701128	-1264
12.3994119167	-1420
12.3995079994	-1420
12.3995149136	-1264
12.3997240067	543
12.4254219532	-1368
12.4264919758	-1420
12.426543951	-1420
12.4265480042	-1264
12.4268980026	-1420
12.4269020557	-1420
12.4269399643	-1264
12.4282839298	-1420
12.4283270836	-1420
12.4283299446	-1264
12.4301879406	-1420
12.43019104	-1420
12.4302301407	-1264
12.4304139614	-1368
12.4306879044	-1420
12.4306910038	-1420
12.430727005	-1420
12.4307320118	-1420
12.4307670593	-1160
12.430850029	543
12.4311051369	-1420
12.4311089516	-1420
12.4311470985	-1264
12.4316260815	1460
12.431677103	-1420
12.4316790104	-1420
12.4316799641	-1264
12.4317040443	1460
12.4317419529	707
12.4318730831	543
12.4319560528	-1420
12.4319579601	-1420
12.4319589138	-1264
12.4338629246	-1420
12.4339110851	-1420
12.4339139462	-1264
12.4340860844	-1420
12.4340889454	-1316
12.4341261387	-1368
12.452103138	-1420
12.45216012	-1420
12.4521639347	-1264
12.4523169994	-1420
12.4523200989	-1420
12.4523661137	-1264
12.4524970055	543
12.4526851177	-1420
12.4526889324	-1420
12.4527289867	-1264
12.452794075	543
12.453097105	-1420
12.4531021118	-1420
12.4531419277	-1264
12.4543750286	-1420
12.4544150829	-1420
12.4544169903	-1264
12.4547100067	-1420
12.4547131062	-1316
12.4880819321	-126
12.4975070953	-1368
12.497615099	-1420
12.4976201057	-1316
12.5041239262	-1420
12.5041320324	-1420
12.5041589737	-1264
12.5049469471	-1420
12.5049901009	-1420
12.5049929619	-1264
12.5051441193	543
12.5329930782	-1420
12.5330159664	-1420
12.5330851078	-1264
12.5789890289	-1420
12.579005003	-1316
12.6086750031	-757
12.6237571239	1057
12.7282180786	-1368
12.7288110256	-1420
12.7289640903	-1316
12.7289719582	-1420
12.7290589809	-1316
12.7290649414	-1368
12.7318689823	-1420
12.7318761349	-1420
12.7318999767	-1264
12.7323291302	-1420
12.7323570251	-1420
12.7323589325	-1264
12.7323760986	-1420
12.732378006	-1420
12.7323920727	-1264
12.73239398	-1368
12.7324950695	543
12.7330930233	-1420
12.7330989838	-1420
12.7331221104	-1264
12.7331249714	-1420
12.7331409454	-1420
12.7331430912	-1264
12.7332310677	543
12.7398440838	-1420
12.7398500443	-1420
12.7398750782	-1264
12.7410840988	-1420
12.7411050797	-1316
12.7420051098	-1420
12.742027998	-1420
12.7420310974	-1264
12.7435860634	-1420
12.7435910702	-1420
12.7436110973	-1264
12.7440350056	-1420
12.7440550327	-1420
12.7440569401	-1264
12.7440729141	-1368
12.744148016	543
12.7454180717	-1420
12.7454240322	-1420
12.7454481125	-1264
12.7459189892	-1420
12.7459740639	-1316
12.7459790707	-1368
12.746434927	-1420
12.7464449406	-1420
12.7465450764	-1264
12.7465510368	-1420
12.7466330528	-1420
12.7466380596	-1264
12.7467179298	-1420
12.7469260693	-1316
12.7470099926	-1420
12.7470159531	-1420
12.7470970154	-1264
12.7473709583	543
12.7477431297	543
12.7502911091	-1420
12.7502961159	-1420
12.7503199577	-1264
12.7503221035	-1368
12.7647850513	-1420
12.7648000717	-1420
12.7648589611	-1264
12.7682890892	-1368
12.7687010765	-1368
12.7691049576	-1420
12.7692129612	-1420
12.7692201138	-1264
12.7693071365	-1420
12.769313097	-1420
12.769395113	-1264
12.7706460953	-1420
12.7707529068	-1420
12.7707600594	-1264
12.7708461285	-1420
12.7708511353	-1420
12.7709329128	-1264
12.7711911201	543
12.7715909481	-1420
12.7715981007	-1420
12.7716920376	-1264
12.7719221115	-1420
12.7720091343	-1316
12.7720189095	-1368
12.7720599174	-1420
12.7720649242	-1420
12.7720999718	-1264
12.774294138	-1420
12.7744069099	-1420
12.7744140625	-1264
12.7746779919	543
12.7755670547	-1420
12.7755799294	-1420
12.7756779194	-1264
12.7768580914	-1420
12.7769639492	-1420
12.7769711018	-1264
12.7772190571	543
12.7778511047	-1420
12.777862072	-1316
12.7779591084	-1368
12.7841510773	-1368
12.7849099636	-520
12.7947499752	-1420
12.7948191166	-1316
12.7953190804	-1420
12.7953779697	-1420
12.7953839302	-1264
12.7964260578	-1420
12.7964370251	-1420
12.7964909077	-1264
12.7990419865	-1420
12.7991089821	-1420
12.7991149426	-1264
12.7991559505	-1420
12.7991600037	-1420
12.7991979122	-1264
12.7999649048	-1420
12.8000209332	-1316
12.8003361225	-1420
12.80042696	-1316
12.8004329205	-1420
12.8005211353	-1420
12.8005270958	-1264
12.8006079197	-1420
12.8006141186	-1316
12.8008401394	543
12.8013501167	-1420
12.8013601303	-1420
12.8014149666	-1264
12.8014199734	-1368
12.8014609814	-1368
12.8020970821	543
12.8409459591	-1420
12.8409731388	-1420
12.8410890102	-1420
12.8410971165	-1212
12.8411779404	-1420
12.8411841393	-1420
12.8412659168	-1264
12.8416240215	543
12.8433499336	-1420
12.843364954	-1420
12.8434250355	-1420
12.8434309959	-1212
12.8434679508	-1368
12.8437960148	-1420
12.8440449238	-1316
12.8440511227	-1420
12.8441331387	-1420
12.8441390991	-1264
12.8444390297	-1420
12.8444449902	-1420
12.8445379734	-1264
12.844545126	-1420
12.844643116	-1420
12.8446500301	-1264
12.8448851109	-1420
12.8448910713	-1316
12.844974041	-1420
12.8449800014	-1420
12.8450610638	-1264
12.8450889587	-1368
12.8471660614	543
12.8510670662	-1420
12.8510820866	-1420
12.8511440754	-1264
12.8511490822	-1368
12.8523020744	-1420
12.8523170948	-1420
12.8524169922	-1264
12.8532550335	-1420
12.8533530235	-1420
12.8533599377	-1420
12.8534400463	-1212
12.853826046	543
12.8550169468	-1420
12.8550319672	-1420
12.8550920486	-1420
12.8550980091	-1212
12.855561018	543
12.8566009998	-1420
12.8566150665	-1316
12.8591990471	-1420
12.8592140675	-1420
12.8592739105	-1264
12.8596270084	-1420
12.8597259521	-1420
12.8597319126	-1264
12.8655359745	-1420
12.8655500412	-1420
12.8656110764	-1264
12.8684570789	-1368
12.8718659878	-1420
12.8718800545	-1316
12.8719830513	-1368
12.9056861401	-119
12.9081110954	-1368
12.9792721272	-1368
12.9793360233	-1420
12.9793701172	-1420
12.9793729782	-1264
12.9795250893	-1420
12.9795339108	-1420
12.979583025	-1264
12.9797790051	543
12.9801080227	-1420
12.9801149368	-1316
12.9814109802	-1420
12.9814250469	-1420
12.9814929962	-1264
12.981498003	-1420
12.9815359116	-1316
12.9816250801	-1420
12.9816679955	-1420
12.9816730022	-1264
12.9820001125	543
12.9822480679	-1368
12.9825890064	-1420
12.9826869965	-1420
12.9826929569	-1264
12.9833219051	-1420
12.9833369255	-1316
12.9833979607	-1368
12.9836001396	543
12.9843270779	-1420
12.9843389988	-1420
12.984390974	-1264
12.9849591255	-1420
12.9850580692	-1420
12.9850640297	-1264
12.9855151176	-1420
12.9855279922	-1420
12.9856240749	-1264
12.9961020947	-1420
12.996172905	-1420
12.9961800575	-1264
12.9962229729	-1368
12.9962279797	-1420
12.9962630272	-1316
13.000442028	-1420
13.0005319118	-1420
13.0005390644	-1420
13.0005810261	-1212
13.0005860329	-1420
13.0006201267	-1316
13.0008380413	543
13.0010080338	-1368
13.0011501312	-1420
13.0011999607	-1316
13.0015730858	-1420
13.0016219616	-1420
13.0016279221	-1264
13.0032191277	-1420
13.0032329559	-1420
13.0032980442	-1264
13.0042369366	543
13.0057201385	-1420
13.0057311058	-1420
13.0057821274	-1420
13.0057871342	-1212
13.006070137	-1420
13.0060780048	-1316
13.0067210197	-1420
13.0067300797	-1420
13.0068230629	-1264
13.0107131004	543
13.0110750198	-1420
13.0110831261	-1420
13.0111739635	-1420
13.0111789703	-1212
13.0147919655	-1420
13.0148069859	-1420
13.0148639679	-1264
13.0148689747	-1420
13.014909029	-1316
13.0152499676	-1420
13.0153460503	-1420
13.0153510571	-1264
13.0154340267	-1368
13.0168659687	-290
13.021310091	-1368
13.0272529125	-1420
13.0273659229	-1420
13.0273749828	-1264
13.0278301239	-1420
13.0278389454	-1316
13.0279369354	-1420
13.0279419422	-1420
13.0280239582	-1264
13.0281569958	543
13.0282399654	-1420
13.0282449722	-1420
13.028247118	-1264
13.0294101238	-1420
13.0294981003	-1420
13.0295059681	-1264
13.0416910648	-1420
13.0417051315	-1420
13.0417630672	-1264
13.0419399738	543
13.0421791077	-1420
13.0421910286	-1316
13.0422480106	-1368
13.0430569649	-1420
13.0431630611	-1420
13.0431699753	-1264
13.0434010029	543
13.0457549095	-1420
13.0457689762	-1420
13.0458750725	-1264
13.0462350845	-1420
13.046339035	-1420
13.0463459492	-1264
13.0467729568	-1420
13.0467839241	-1316
13.0468809605	-1368
13.048869133	-1420
13.0489280224	-1420
13.0489349365	-1264
13.0505530834	-1420
13.0505681038	-1316
13.0507080555	-1368
13.1280429363	-974
13.1283500195	543
13.1647019386	-1420
13.1647179127	-1420
13.1647770405	-1264
13.165127039	-1420
13.1651871204	-1316
13.1651930809	-1368
13.1654400826	-1420
13.1654469967	-1316
13.1656079292	-1368
13.1693019867	-1420
13.1693689823	-1316
13.1693761349	-1420
13.1694149971	-1420
13.1694200039	-1420
13.1694579124	-1212
13.1700499058	543
13.1992199421	-1420
13.199229002	-1420
13.1992530823	-1264
13.1992549896	-1368
13.217279911	-1420
13.2172961235	-1420
13.2173559666	-1264
13.2176189423	543
13.2309091091	-1420
13.2309241295	-1420
13.2309861183	-1420
13.2309911251	-1420
13.2310271263	-1160
13.231030941	-1420
13.2310650349	-1420
13.231071949	-1264
13.2316739559	-1420
13.2316880226	-1420
13.2317390442	-1264
13.2350170612	-1420
13.2350850105	-1420
13.2350919247	-1264
13.2356469631	-1420
13.2356579304	-1316
13.2357039452	-1368
13.2381050587	-1368
13.2383389473	543
13.2386279106	-1420
13.2386379242	-1420
13.2387320995	-1264
13.2390189171	-273
13.2440879345	-1420
13.2441039085	-1420
13.2441649437	-1264
13.2471261024	-1420
13.2471950054	-1420
13.2472019196	-1264
13.2477610111	-1420
13.2477760315	-1316
13.247836113	-1368
13.2481780052	-1420
13.2482731342	-1316
13.2485640049	-1420
13.2486600876	-1420
13.248666048	-1264
13.2487940788	543
13.2544081211	-1420
13.2544240952	-1420
13.2545039654	-1420
13.2545099258	-1420
13.2545509338	-1420
13.2545571327	-1108
13.2546041012	-1420
13.2546100616	-1420
13.2546451092	-1420
13.2546510696	-1212
13.2546861172	-1420
13.2546920776	-1420
13.2547249794	-1264
13.2549231052	543
13.265280962	-1420
13.265296936	-1420
13.2653560638	-1264
13.2700960636	-1420
13.2702100277	-1420
13.2702181339	-1420
13.2703039646	-1420
13.2703089714	-1160
13.2703900337	-1420
13.2703959942	-1420
13.2705030441	-1420
13.2705090046	-1212
13.2708530426	543
13.271239996	-1420
13.2712459564	-1420
13.271335125	-1264
13.2839989662	-1420
13.2841141224	-1420
13.2841219902	-1420
13.2843101025	-1212
13.2843151093	-1368
13.2844040394	-1420
13.2844099998	-1316
13.2845001221	-1420
13.2845060825	-1420
13.2846019268	-1264
13.2846081257	-1420
13.2847299576	-1316
13.2850720882	-1420
13.2851669788	-1420
13.2851741314	-1264
13.2854409218	543
13.2859089375	543
13.2862710953	-1420
13.2862820625	-1420
13.2863740921	-1264
13.2863841057	-1420
13.2864670753	-1420
13.2864820957	-1264
13.2922389507	-1420
13.2922539711	-1420
13.2923619747	-1264
13.3040640354	-1420
13.3041329384	-1420
13.3041400909	-1420
13.3041849136	-1212
13.3041899204	-1368
13.3093590736	-1420
13.3093731403	-1420
13.309525013	-1264
13.3095319271	-1420
13.3096220493	-1420
13.3096280098	-1264
13.3098590374	543
13.3121459484	-1420
13.3121569157	-1420
13.3122520447	-1264
13.3124880791	-1420
13.3125829697	-1316
13.3129789829	-1420
13.3130779266	-1420
13.3130841255	-1264
13.3137819767	-1420
13.3137919903	-1420
13.3138411045	-1264
13.3139910698	543
13.3190019131	-1420
13.3190140724	-1420
13.319108963	-1264
13.3295879364	-1420
13.3296461105	-1420
13.3296499252	-1264
13.3297889233	543
13.331236124	-1420
13.3312399387	-1420
13.3312859535	-1264
13.3316009045	-1420
13.3316440582	-1420
13.3316469193	-1264
13.3324389458	-1420
13.3324439526	-1420
13.3324649334	-1264
13.3368079662	-1420
13.3368489742	-1420
13.3368520737	-1264
13.3383889198	-1420
13.3383929729	-1420
13.3384330273	-1264
13.3402729034	-1420
13.340321064	-1420
13.340323925	-1264
13.3404529095	543
13.348304987	-1420
13.3483190536	-1420
13.3483879566	-1264
13.3483910561	-1420
13.3484249115	-1420
13.3484280109	-1264
13.3484680653	-1368
13.3520190716	-1420
13.35206604	-1420
13.3520691395	-1264
13.3549170494	-136
13.3549919128	543
13.364084959	-1420
13.3640921116	-1420
13.3641400337	-1264
13.3725099564	-1420
13.3725690842	-1420
13.3725731373	-1264
13.4153389931	-1420
13.4153559208	-1420
13.4154229164	-1264
13.4155890942	543
13.4359791279	-1420
13.4359960556	-1316
13.46636796	-148
14.8388020992	1057
15.0550100803	-543
15.2155969143	-543
15.8387849331	1057
