0	543
3.22635006905	-543
3.83369112015	243
3.96908593178	-756
3.97875404358	126
4.11005210876	-51
4.11796593666	38
4.2486140728	-1420
4.24863195419	-103
4.25307011604	1057
4.38602304459	-543
4.38641500473	543
4.52448511124	-543
4.53288912773	543
4.71169710159	-543
4.71214103699	1057
5.0974881649	-543
5.69146800041	-543
5.70977306366	-1420
5.70982098579	-1420
5.70984196663	-787
5.71625709534	-1368
5.71639609337	-1420
5.71641898155	-1316
5.76028513908	543
5.78768205643	543
5.80294895172	543
5.8031899929	543
5.82748794556	543
5.82774615288	543
5.83945894241	-66
5.83973908424	-1368
5.83976697922	-1368
5.86694598198	-1368
5.86857700348	-1420
5.86862111092	-1316
5.8688120842	-1368
5.8733830452	-1420
5.87342905998	-1420
5.87346410751	-1264
5.96947193146	-1420
5.96952795982	-1316
5.96972799301	-1368
5.96991014481	-1420
5.96991610527	-1316
5.96993994713	-1368
5.99712395668	-1420
5.99713897705	-937
5.99732112885	543
6.02967500687	-1420
6.02969098091	-1316
6.02980899811	-1368
6.02993512154	-1368
6.03012013435	-1368
6.03024411201	-1368
6.03032803535	1460
6.03038311005	-1420
6.0303850174	-1316
6.03040194511	1460
6.03047299385	193
6.06274294853	543
6.06294894218	543
6.08296012878	543
6.08320212364	543
6.09946393967	-1420
6.09947896004	-1316
6.09961795807	-1368
6.09985399246	-1420
6.09987807274	-1316
6.10008406639	-1368
6.10020303726	-1368
6.12730908394	-1420
6.12737607956	-1420
6.12738108635	-1264
6.12741708755	-1368
6.13044095039	543
6.16006994247	-1420
6.16008496284	-1420
6.16014814377	-1264
6.16021609306	-1420
6.16024708748	-1316
6.16059494019	-1420
6.16061806679	-563
6.16110610962	543
6.18048405647	-1420
6.18049502373	-1316
6.20189905167	-1368
6.23529410362	-1368
6.24750804901	-1420
6.24752497673	-1316
6.25369501114	543
6.25412511826	543
6.2568590641	-1368
6.25701093674	-1368
6.25713706017	-1368
6.25936603546	-1420
6.25940704346	-1316
6.26210904121	-1420
6.26213097572	-1316
6.26222109795	-1368
6.26390194893	-1420
6.26390695572	-1316
6.26403307915	-1368
6.29077315331	-1420
6.29081296921	-1316
6.2912299633	-1368
6.2913210392	-1368
6.29145693779	-1368
6.29157400131	-1368
6.29185199738	-1420
6.29187202454	-1316
6.29190897942	-1420
6.29192900658	-1316
6.2999150753	543
6.31062912941	-1368
6.31075000763	-1420
6.31078195572	-1316
6.3654589653	-1368
6.36550402641	-1368
6.36584711075	-1368
6.36984300613	543
6.37599205971	543
6.37624502182	1057
6.37965011597	-1368
6.37976813316	-1368
6.37982797623	-1368
6.38738107681	-1420
6.38742899895	-1316
6.38743400574	-1368
6.39012908936	-1368
6.39014196396	-1368
6.39028096199	-1420
6.39028596878	-1316
6.39225912094	543
6.39277100563	-1368
6.39300107956	-1420
6.39302515984	-1316
6.39426398277	-1420
6.39428806305	-1316
6.39454507828	-1420
6.39456415176	-1316
6.42113208771	-1420
6.42118406296	-1265
6.42126107216	-1420
6.42129015923	-1316
6.42258310318	-1420
6.42260599136	-1316
6.42274594307	-1368
6.42295312881	-1368
6.42303800583	-1368
6.42324209213	-1368
6.42368507385	-1368
6.42377901077	543
6.423828125	-1420
6.42383098602	-1316
6.42391395569	-1368
6.42425203323	-1420
6.42427396774	-1316
6.44126200676	-1420
6.44129514694	-1316
6.44137215614	-1368
6.4414999485	-1368
6.49596500397	-1368
6.49602413177	-1368
6.49605512619	-1368
6.49620699883	543
6.5070040226	-1420
6.50701403618	-1316
6.50998616219	-1420
6.50999903679	-1316
6.51012396812	-1368
6.51744198799	-1420
6.51747894287	-1316
6.51754212379	-1368
6.5177321434	-1368
6.52005195618	-1368
6.52016305923	-1368
6.52039909363	-1368
6.52052998543	-1420
6.52053308487	-1316
6.52062511444	-1368
6.52086114883	-1368
6.52301907539	-1420
6.52302408218	-1316
6.52335000038	-1420
6.52335309982	-1316
6.52421808243	-1368
6.5243730545	-1368
6.5244820118	-1420
6.52448511124	-1316
6.5245821476	-1368
6.52470111847	-1368
6.52762913704	543
6.55136299133	-1368
6.5513780117	-1420
6.55141115189	-1316
6.55160713196	-1368
6.55178499222	-1420
6.55178809166	-1316
6.55265498161	-1420
6.55265903473	-1316
6.55286097527	-1420
6.55286407471	-1316
6.55294513702	-1368
6.55312108994	-1368
6.55332398415	-1420
6.55332708359	-1316
6.55340695381	-1368
6.55376505852	-1368
6.55384707451	-1368
6.55411195755	-1420
6.55411601067	-1316
6.55420398712	-1368
6.55436515808	-1368
6.55454897881	-1420
6.55455207825	-1316
6.55854296684	543
6.55911707878	1086
6.57131099701	-1368
6.57132911682	-1368
6.57145309448	-1368
6.5716650486	-1420
6.57168602943	-1316
6.57189202309	-1368
6.62613511086	-1368
6.6261510849	-1420
6.62618613243	-1316
6.63703894615	-1420
6.63706707954	-1316
6.63714504242	-1368
6.64000701904	-1420
6.64001202583	-1420
6.64005303383	-1135
6.64043307304	-1368
6.64598202705	543
6.64746999741	-1368
6.64757013321	-1420
6.64759397507	-1316
6.64769506454	-1368
6.64775896072	-1368
6.64808297157	-1368
6.64827203751	-1368
6.65020513535	-1368
6.65030908585	-1368
6.65031313896	-1368
6.65055203438	-1420
6.65055608749	-1316
6.65074014664	-1420
6.65074300766	-1316
6.65096402168	-1368
6.65116500854	-1420
6.65116906166	-1316
6.65298914909	-1368
6.65314006805	-1368
6.65327906609	-1368
6.65336894989	-1368
6.6534819603	-1368
6.65364313126	-1368
6.65377616882	543
6.65396714211	543
6.65429496765	-1368
6.65442895889	-1368
6.65457201004	-1368
6.65472912788	-1368
6.65487909317	-1368
6.65495800972	-1368
6.65511703491	-1368
6.65524506569	-1368
6.65535497665	-1368
6.68145394325	-1420
6.68152999878	-1316
6.68158197403	-1368
6.68169999123	-1368
6.68181204796	-1368
6.68192410469	-1368
6.68205499649	-1368
6.68223905563	-1368
6.68226099014	543
6.68264198303	-1368
6.68285608292	-1420
6.68288016319	-1316
6.68297314644	-1368
6.68321299553	-1420
6.68321800232	-1316
6.68337893486	-1368
6.68350696564	-1368
6.68365597725	-1420
6.68365907669	-1316
6.68403697014	-1420
6.68404102325	-1316
6.6841571331	-1368
6.68443608284	-1420
6.68443894386	-1420
6.68444108963	-1264
6.68458008766	-1368
6.68462204933	-1368
6.68517303467	-1420
6.68517613411	-1420
6.68517708778	-1420
6.68517994881	-1212
6.68526411057	-1368
6.68543410301	-1368
6.68548202515	-1368
6.68569493294	-1368
6.68623495102	543
6.68646407127	543
6.68777108192	1057
6.70142912865	-1368
6.70156216621	-1368
6.70171999931	-1368
6.70184516907	-1420
6.70188593864	-1420
6.70188808441	-1264
6.7019879818	-1368
6.74492502213	-1368
6.74494194984	-1368
6.7501270771	1460
6.75021100044	1460
6.75024604797	1161
6.75033307076	89
6.75613903999	-1368
6.75630307198	-1368
6.7564330101	-1420
6.75643706322	-1316
6.75646805763	-1368
6.75995516777	1460
6.76001405716	1460
6.76005196571	707
6.760242939	543
6.76069402695	543
6.76094603539	543
6.76116800308	543
6.76134610176	543
6.76168394089	543
6.7618560791	543
6.76705312729	-1420
6.76705694199	-1316
6.76720404625	-1420
6.76720809937	-1316
6.7674510479	-1368
6.77013111115	-1420
6.77015304565	-1316
6.77043509483	-1420
6.77045416832	-1316
6.77054405212	-1368
6.77072000504	-1368
6.77755904198	-1420
6.77758908272	-1316
6.77773714066	-1420
6.77775907516	-1316
6.77781414986	1057
6.77800512314	-1368
6.77826809883	-1420
6.77831101418	-1420
6.77831315994	-1264
6.77835512161	-1368
6.77855610847	-1420
6.77857995033	-1316
6.7787361145	-1368
6.78021502495	-1368
6.78031015396	-1368
6.78045797348	543
6.78050303459	-1420
6.78050613403	-310
6.95535993576	-1368
6.9553771019	-1420
6.95541405678	-839
6.95575404167	-1420
6.95577907562	-1316
6.95593094826	-1368
6.95931506157	-1420
6.9593231678	-1316
6.95970702171	-1368
6.95971298218	-1368
6.95990204811	-1420
6.9599070549	-1316
6.96020293236	-1368
6.96031808853	-1368
6.96062302589	-1368
6.96076202393	-1368
6.96087503433	-1368
6.96156215668	-1420
6.96158504486	-1316
6.96190500259	-1368
6.96202111244	543
6.96207308769	-1420
6.96207594872	-1316
6.96219706535	-1368
6.96277308464	-1368
6.96348905563	-1368
6.96359300613	-1368
6.96419215202	-1368
6.96428608894	-1420
6.96430802345	-1316
6.96945309639	-1420
6.96949410439	-1316
6.96982216835	543
6.97568297386	-1420
6.97568893433	-1316
6.97608208656	-1420
6.97608804703	-1316
6.97819495201	-1368
6.97832393646	-1368
6.97854709625	-1420
6.97854995728	-1316
6.9786760807	-1368
6.97871994972	-1368
6.97892808914	-1420
6.97893095016	-1316
6.97906208038	-1420
6.97906494141	-1316
6.97919797897	-1368
6.97931909561	-1368
6.97944402695	-1368
6.97956299782	-1368
6.97970199585	-1368
6.97985696793	-1420
6.97986102104	-1316
6.98011302948	-1420
6.9801170826	-1316
6.98030209541	-1368
6.98039793968	-1368
6.98057413101	-1420
6.98057794571	-1316
6.98087310791	543
6.98098516464	543
6.98243904114	-1420
6.9824450016	-1316
6.98263001442	-1368
6.98400807381	-1420
6.98403310776	-1316
6.98440098763	-1368
6.98452711105	-1368
6.98466396332	-1368
6.9847869873	-1368
6.9849820137	-1420
6.98500704765	-1316
6.98633694649	-1368
6.98649406433	-1420
6.98649811745	-1316
6.98668599129	-1368
6.98690509796	-1420
6.9869260788	-1316
6.98713207245	-1368
6.9872341156	-1368
6.98737812042	-1368
6.98756814003	-1420
6.98757195473	-1316
6.98782896996	-1368
6.98848509789	-1368
6.98859214783	-1368
6.98865103722	543
6.98869109154	-1368
6.98920893669	-1368
6.9892950058	543
6.98942708969	-1420
6.98943209648	-1316
6.98962306976	-1368
6.98978114128	-1420
6.98980498314	-1316
6.98996901512	-1368
6.99005103111	543
6.99012804031	-1420
6.99013113976	-1316
6.99052906036	-1368
6.99063801765	-1368
6.99074316025	-1368
6.99087500572	-1368
6.99099302292	-1368
6.99115800858	-1368
7.08704900742	-1420
7.08706593513	-1316
7.08721399307	-1420
7.08721804619	-1316
7.08735799789	543
7.08740305901	-1368
7.08761310577	-1420
7.08763599396	-1316
7.08934593201	-1368
7.08948516846	-1420
7.08949899673	-1420
7.08955097198	-1264
7.08974909782	-1420
7.08979105949	-1316
7.08996200562	-1368
7.09010410309	-1420
7.09010910988	-1316
7.09024715424	543
7.09029793739	-1368
7.09048295021	-1420
7.09050512314	-1316
7.09068608284	-1368
7.09079504013	-1420
7.09080004692	-1316
7.09097409248	-1368
7.09150505066	-1420
7.09153413773	-1316
7.09164500237	-1368
7.09178304672	-1368
7.09201312065	-1368
7.09214115143	-1368
7.09219098091	-1368
7.09227609634	543
7.09238696098	-1368
7.092689991	-1420
7.0927131176	-664
7.09292316437	-1368
7.09350705147	-1368
7.09382414818	-1368
7.09405899048	-1368
7.09434604645	-1368
7.09454512596	-1368
7.09454894066	-1368
7.0946700573	-1368
7.09935593605	-1368
7.0994811058	-1368
7.09957098961	-1368
7.10566806793	-1420
7.10567307472	-1316
7.10580515862	-1368
7.10582613945	543
7.10593414307	-1368
7.10606813431	-1368
7.1061630249	-1368
7.10819411278	-1368
7.10832595825	-1368
7.10842514038	-1368
7.10860395432	-1420
7.10860896111	-1316
7.10879015923	-1368
7.10899996758	-1368
7.10919499397	-1368
7.109333992	1460
7.10937404633	-1368
7.10939097404	1460
7.10942697525	1161
7.10953211784	89
7.10956597328	-1368
7.10967898369	-1368
7.1099960804	-1420
7.11000013351	-1420
7.11003804207	-1264
7.1101140976	-1420
7.11015415192	-1420
7.11015605927	-1264
7.11030697823	-1368
7.11044096947	-1368
7.11057209969	-1368
7.11073899269	-1420
7.11077809334	-1316
7.11087703705	-1368
7.11097311974	-1368
7.11115312576	-1420
7.11115694046	-1316
7.11136412621	-1420
7.1113679409	-1316
7.11152505875	-1368
7.11173009872	-1368
7.11182808876	-1368
7.11200499535	-1420
7.11200809479	-1316
7.11213898659	-1368
7.11243104935	-1420
7.11243510246	-1316
7.11255097389	-1368
7.11391496658	-1420
7.11391997337	-1316
7.11415410042	-1368
7.11431193352	-1368
7.11444616318	-1420
7.11444997787	-1316
7.11464810371	-1368
7.11475610733	-1368
7.11485409737	-1368
7.11797714233	-1420
7.1179831028	-1420
7.11798596382	-1420
7.11798810959	-1420
7.11802697182	-1420
7.11803102493	-1420
7.11803197861	-1420
7.11803293228	-1420
7.11803412437	-1420
7.11803507805	-1420
7.11803603172	-1420
7.1180369854	-1420
7.11803793907	-1420
7.11803913116	-1420
7.11804008484	-1420
7.11804103851	-588
7.11805200577	-1368
7.11809396744	-1368
7.11819005013	-1368
7.11831212044	543
7.11844205856	543
7.11856794357	-1420
7.11857199669	-1316
7.1188659668	543
7.11920213699	543
7.11979699135	1460
7.11984014511	625
7.16161203384	543
7.22288393974	-1239
7.31873297691	-1368
7.32001805305	-1420
7.32002401352	-1316
7.32032012939	-1368
7.32044005394	-1420
7.32044315338	-1316
7.32059407234	-1368
7.3207859993	-1368
7.32093501091	-1368
7.32161211967	-1420
7.32161808014	-1420
7.32169508934	-1264
7.32169795036	-1368
7.32183694839	543
7.32480216026	-1420
7.32480716705	-1316
7.33117794991	-1420
7.33118605614	-1316
7.33131408691	-1420
7.33131814003	-1316
7.33162212372	-1368
7.33175396919	-1420
7.33177804947	-1316
7.33198308945	-1420
7.33200407028	-1316
7.33228516579	-1368
7.33244514465	-1420
7.33245015144	-1420
7.33248996735	-1264
7.33775901794	-1368
7.3378739357	543
7.35014414787	-1420
7.3501560688	-1316
7.35048007965	-1368
7.35068202019	-1420
7.35070800781	-1316
7.35079598427	-1368
7.35081315041	543
7.35107207298	-1368
7.35121798515	-1368
7.35122203827	-1368
7.3519859314	-1368
7.35207295418	-1368
7.3524119854	-1368
7.35266804695	-1368
7.35275316238	-1368
7.35285210609	-1368
7.35293698311	543
7.35303211212	-1368
7.35313916206	-1368
7.35331606865	-1368
7.35341215134	-1420
7.35343599319	-1316
7.35357093811	-1368
7.35391807556	-1420
7.35392308235	-1316
7.35404109955	-1368
7.35416197777	-1368
7.35450196266	-1368
7.35450696945	-1368
7.35481214523	-1368
7.35493993759	-1368
7.35513997078	-1368
7.35538101196	-1368
7.35548710823	-1368
7.35602593422	-1368
7.35670995712	-1368
7.35679006577	543
7.35683298111	-1368
7.35698509216	-1368
7.35755705833	-1368
7.35762810707	543
7.35775113106	-1368
7.35780405998	-1368
7.35797595978	-1368
7.35808300972	-1368
7.35827493668	-1368
7.35877895355	-1420
7.3588039875	-1316
7.35905814171	-1368
7.35921096802	-1420
7.35921597481	-1316
7.35943508148	-1368
7.35960507393	-1368
7.35974001884	-1420
7.35974311829	-1316
7.36014103889	-1368
7.36035394669	-1420
7.36037898064	-1316
7.3605670929	-1368
7.36079311371	-1420
7.36079907417	-1316
7.36099815369	-1420
7.36100316048	-1316
7.36116909981	-1368
7.36141514778	-1420
7.36143994331	-1316
7.3615090847	543
7.36165308952	-1368
7.36191606522	-1368
7.3621430397	-1420
7.36214804649	-1316
7.36256098747	-1420
7.36256599426	-1316
7.36282110214	-1368
7.36306715012	-1368
7.36320614815	-1420
7.36320996284	-1316
7.36346197128	-1420
7.3634660244	-1316
7.36356711388	-1368
7.36375904083	-1368
7.36384510994	543
7.3642411232	-1368
7.36441397667	-1368
7.36470913887	-1420
7.36471414566	-1316
7.36491894722	-1368
7.36571097374	-1368
7.36581015587	543
7.36585712433	-1368
7.36597108841	-1368
7.36610293388	-1368
7.36619615555	-1368
7.36631298065	-1368
7.36638903618	-1368
7.36682796478	-1368
7.36698412895	-1368
7.36735105515	-1420
7.36735606194	-1316
7.36753511429	-1368
7.36768507957	-1368
7.36779594421	-1420
7.36779999733	-1316
7.36800909042	-1420
7.36801505089	-1316
7.39249515533	-289
7.39273309708	-1368
7.39284205437	-1368
7.41759610176	543
7.42489504814	543
7.49701213837	-1368
7.50833201408	543
7.52249193192	-66
7.81600093842	-1057
7.99155497551	-543
8.12134599686	-543
8.73060011864	1460
8.73066806793	625
8.73317313194	1460
8.7332201004	111
8.85426211357	543
8.85450601578	543
8.90944814682	543
8.90975093842	543
8.92940711975	-1420
8.92944693565	-151
8.93997311592	543
9.07905101776	543
9.07935214043	543
9.10946416855	-1420
9.10947394371	-151
9.10983705521	543
9.11009907722	543
9.16581201553	-1368
9.17992997169	1460
9.1800069809	111
9.19280695915	-1420
9.19281315804	-1316
9.19398498535	-1368
9.21703195572	543
9.23959112167	-1326
9.23985314369	543
9.33686900139	543
9.3371219635	543
9.36960697174	-1086
9.3748550415	1460
9.37494111061	1460
9.37497615814	1161
9.37506699562	1460
9.37510609627	685
9.39017415047	543
9.39045500755	543
9.42640304565	-1420
9.42642116547	-1420
9.42647814751	-1264
9.43772006035	-1368
9.43785595894	543
9.43799614906	-1420
9.43799901009	-1316
9.45249009132	-1420
9.45250296593	-1316
9.45865797997	-1368
9.46281909943	543
9.48240208626	543
9.48337602615	543
9.48357796669	543
9.49932694435	-712
9.51807904243	-1368
9.51812601089	-1368
9.52430200577	543
9.52986502647	1057
9.53029894829	543
9.53049516678	543
9.55319309235	-1420
9.55320811272	-1316
9.55331516266	-1368
9.56350207329	-1368
9.56732416153	543
9.64797115326	-675
9.73024201393	-1368
9.73687911034	-1368
9.78341197968	-1368
9.81329107285	-1420
9.81334114075	-1316
9.81334710121	-1368
9.81353807449	-1368
9.81371712685	-1368
9.81387996674	-1368
9.81876111031	-1368
9.81886315346	-1368
9.81896901131	-1368
9.82068800926	-894
9.82223105431	1057
9.83863806725	-1368
9.8387401104	-1368
9.84477210045	-1420
9.84477996826	-1316
9.85065102577	-1420
9.85066199303	-1316
9.85069394112	-1368
9.85081100464	-1368
9.85095596313	-1368
9.85117006302	-1368
9.85137009621	-1368
9.85144710541	543
9.85150098801	-1420
9.85150313377	-1316
9.85177111626	-1368
9.85193800926	-1420
9.85196208954	-1316
9.85210609436	-1368
9.85219311714	543
9.86083316803	1057
9.87742400169	-1368
9.87743806839	-1368
9.88346505165	-1368
9.88384008408	-1368
9.88402295113	-1368
9.92244315147	543
9.93773913383	1057
9.9506790638	-694
9.95166802406	543
9.95413208008	543
10.0015361309	543
10.0607969761	-1368
10.1203730106	-232
10.1314511299	1057
10.2100391388	-1420
10.2100560665	-1316
10.2103281021	-1368
10.2103309631	-1420
10.2103700638	-1316
10.2104649544	-1368
10.2106080055	-1368
10.2169499397	-1368
10.2171559334	-1420
10.2171609402	-1316
10.2175350189	-1368
10.2464170456	-1368
10.2464640141	-1368
10.2466349602	-1420
10.246655941	-1316
10.2470729351	-1368
10.2472231388	-1368
10.2478971481	-1420
10.24792099	-1316
10.2479989529	543
10.2481119633	-1368
10.2496290207	-1368
10.2498509884	-1420
10.2498559952	-1316
10.2501649857	-1382
10.2634019852	1057
10.2646620274	-1368
10.264770031	-1368
10.2712869644	-1368
10.2713041306	-1368
10.2785010338	-1420
10.2785141468	-1420
10.2785689831	-1264
10.2786991596	543
10.2837951183	-1368
10.284389019	-1368
10.2844951153	-1420
10.2844991684	-1316
10.3114731312	1057
10.3403329849	-1368
10.3405690193	-1420
10.3405990601	-1316
10.3406021595	-1368
10.3409800529	-1420
10.3409850597	-1420
10.3410251141	-1264
10.3410630226	-1368
10.3412051201	-1368
10.3413720131	-1368
10.3414840698	-1368
10.3415260315	543
10.347536087	-1420
10.3475680351	-1420
10.3476150036	-1264
10.347618103	-1368
10.3764231205	-1368
10.3764410019	-1420
10.3764801025	-1420
10.3764829636	-1264
10.3767931461	-1368
10.3798730373	-291
10.4280290604	-1368
10.4647700787	1057
10.4673089981	1057
10.494740963	543
10.5098559856	-804
10.516023159	543
10.5702900887	543
10.570554018	543
10.6806521416	-1086
10.7199699879	-1420
10.7199840546	-1316
10.7266271114	-1368
10.739798069	543
10.7409710884	543
10.7889201641	-1368
10.7897500992	-1368
10.7953579426	-1368
10.8117311001	-132
10.8467111588	-1420
10.8467271328	-1316
10.846763134	-1368
10.8532309532	-1420
10.8533051014	-1316
10.8533091545	-1368
10.8607430458	543
10.8611741066	543
10.8803420067	-1420
10.8803570271	-1316
10.8804020882	-1368
10.8805260658	543
10.8868229389	-1368
10.8892850876	-1368
10.9139449596	-1368
10.9416589737	-836
10.9445910454	543
10.9501760006	543
11.0908839703	-1368
11.1224980354	-232
11.1256811619	1057
11.1865670681	-1368
11.252505064	-746
11.3443369865	-1420
11.3443551064	-1316
11.3443920612	-1368
11.3509049416	-1368
11.3511321545	-1368
11.3512589931	-1368
11.377710104	-1420
11.3777551651	-1316
11.3843131065	-1368
11.4362781048	-741
11.4992411137	1057
11.5284240246	-1420
11.5284399986	-1316
11.5612630844	-1420
11.5612821579	-1316
11.5613670349	-1368
11.5660569668	-414
11.696087122	-1086
11.696750164	1057
11.6971459389	1057
11.7314791679	1057
11.7466080189	543
11.8111081123	-1420
11.8111250401	-1316
11.8176109791	-1368
11.8178081512	-1420
11.8178360462	-1316
11.8242781162	-1420
11.8243200779	-1316
11.8262381554	-1420
11.8262660503	-1316
11.8264710903	-1368
11.826980114	-857
11.8307571411	-1368
11.8308429718	-1420
11.8308470249	-1316
11.8309910297	543
11.8411231041	1057
11.8440899849	1057
11.8525800705	-1368
11.8527910709	-1420
11.8528299332	-1316
11.8574421406	543
11.8699510098	1057
11.8894071579	1057
11.9201459885	1057
11.922137022	1057
11.9575181007	-675
12.0026650429	543
12.01749897	-1368
12.0507819653	-1420
12.0507979393	-1316
12.0508561134	-1368
12.0712070465	-1420
12.0712201595	-1316
12.0732820034	543
12.0777671337	-1368
12.0779070854	-1368
12.0780611038	-1368
12.0783801079	543
12.084138155	-1368
12.0841510296	-1368
12.0842809677	-1368
12.0875930786	-1292
12.0879290104	1057
12.0883910656	543
12.0886230469	543
12.103094101	543
12.1038179398	1057
12.1565549374	-1368
12.2179501057	-232
12.2257370949	-1368
12.2258560658	-1368
12.2259759903	-1368
12.2264561653	-1368
12.2280471325	-1420
12.2280509472	-1316
12.2281820774	-1368
12.2293331623	-1368
12.229557991	-1368
12.2296750546	-1368
12.2319669724	-1368
12.2321400642	-1420
12.2321641445	-1316
12.232378006	-1368
12.2335870266	-1420
12.2335920334	-1420
12.233631134	-1420
12.2336330414	-1212
12.2337639332	-1420
12.23376894	-1316
12.2345981598	-1368
12.2346689701	-1368
12.2347259521	-1368
12.2348029613	543
12.2503631115	-1368
12.2694420815	-1420
12.2694900036	-1316
12.2695641518	-1368
12.2768471241	1460
12.2814190388	625
12.2888231277	-1368
12.2889349461	-1420
12.2889709473	-1316
12.2891640663	-1368
12.2979381084	-1368
12.3028440475	1460
12.3029000759	1139
12.3030860424	1460
12.3031301498	1139
12.3033111095	1460
12.3033540249	1139
12.3328020573	-1368
12.3331971169	-1368
12.3334190845	-1368
12.339069128	-1368
12.3391990662	-1368
12.3393559456	-1368
12.3419721127	543
12.3483390808	-1227
12.355340004	-1368
12.3554680347	-1368
12.3555951118	-1368
12.3721570969	-1368
12.400108099	-1420
12.4001629353	-1316
12.400167942	-1368
12.4267580509	-1368
12.4520950317	543
12.453263998	543
12.4534640312	543
12.4626851082	543
12.4782750607	-1052
12.481251955	-1420
12.4812991619	-1316
12.4813051224	-1368
12.4899301529	543
12.4999439716	1460
12.5000109673	111
12.5089120865	1057
12.5152990818	-1368
12.5301680565	543
12.530575037	1460
12.530632019	1460
12.5307071209	707
12.538697958	-1368
12.5387079716	-1368
12.538902998	-1368
12.5405991077	-1420
12.5406270027	-1316
12.5411479473	-1368
12.5440499783	-1420
12.544054985	-1316
12.5442740917	-1368
12.5444369316	-1420
12.5444569588	-1316
12.5445270538	-1368
12.5448789597	-1368
12.5450241566	-1368
12.5450429916	-1368
12.5451660156	-1368
12.5454089642	-1420
12.5454120636	-1316
12.5461580753	543
12.5462851524	543
12.546900034	-1420
12.5469050407	-1316
12.5471739769	-1368
12.5480239391	-1420
12.5480501652	-1316
12.5482280254	-1368
12.5490500927	-1368
12.5491881371	-1368
12.5492761135	-1368
12.5522119999	-1368
12.5525579453	-1420
12.5525641441	-1316
12.5711801052	-1368
12.5714650154	-1368
12.5716180801	-1368
12.5716991425	1057
12.5721349716	-1368
12.5722210407	1057
12.5723290443	-1420
12.5723330975	-1316
12.5727930069	1057
12.572947979	-1368
12.573029995	543
12.5734360218	1057
12.5735471249	-1368
12.5736751556	-1368
12.5738880634	-1368
12.5774099827	1057
12.590362072	543
12.5908460617	1057
12.6000239849	543
12.6008200645	1057
12.6029169559	543
12.6032669544	1057
12.6087200642	-1368
12.6088600159	-1368
12.6092381477	543
12.6096129417	1057
12.6112041473	543
12.6112890244	-1420
12.6112959385	-1316
12.6114940643	-1368
12.6199679375	543
12.6306500435	-1368
12.6307690144	-1368
12.6614820957	-1420
12.6614961624	-1316
12.6718130112	-1368
12.6718280315	-1368
12.6719620228	-1420
12.6719660759	-1316
12.6720991135	-1368
12.6723690033	-1420
12.6723899841	-1316
12.674380064	-1420
12.6744201183	-1316
12.67466712	-1368
12.6746890545	-1368
12.6747660637	-1368
12.6747839451	543
12.6750209332	-1420
12.6750330925	-1316
12.6750781536	-1368
12.6751520634	543
12.6752431393	-1368
12.675385952	-1368
12.6754989624	-1420
12.6755020618	-1316
12.6799640656	-1420
12.6799790859	-1420
12.6800420284	-1420
12.6800451279	-1420
12.680079937	-1420
12.6800830364	-1420
12.680118084	-1420
12.680120945	-1420
12.6801559925	-1420
12.6801590919	-1420
12.6801941395	-1420
12.6801960468	-1420
12.6801979542	-1420
12.6801991463	-1420
12.6802000999	-1420
12.6802020073	-1420
12.6802129745	-1420
12.6802151203	-1420
12.6802170277	-432
12.6828100681	-1420
12.6828160286	-1316
12.6828980446	-1368
12.6829969883	-1368
12.6831200123	543
12.6836719513	543
12.7015740871	-1368
12.7018380165	-1368
12.7018680573	-1368
12.7021491528	-1368
12.7022340298	-1368
12.7024080753	-1420
12.702450037	-1316
12.702589035	-1368
12.702614069	-1368
12.7035169601	-1420
12.7035460472	-1316
12.7036659718	-1368
12.7041051388	-1368
12.7041959763	-1368
12.7042951584	543
12.7043831348	-1368
12.7392301559	-1368
12.7392950058	-1368
12.7412910461	-1368
12.7415621281	-1368
12.7415671349	-1420
12.7415931225	-1316
12.7640161514	-1420
12.7640960217	-1316
12.7641000748	-1368
12.7915699482	-1420
12.7915971279	-1316
12.7916381359	-1368
12.8017890453	-1420
12.8018500805	-1316
12.8019421101	-1368
12.8020780087	-1368
12.8022971153	-1420
12.8023459911	-1316
12.8024251461	-1368
12.8025650978	-1368
12.802667141	-1368
12.8028099537	-1368
12.802891016	-1368
12.8030481339	-1368
12.8031630516	543
12.8032929897	543
12.8042471409	-1368
12.804459095	-1420
12.804484129	-1316
12.8048379421	-1420
12.8048620224	-1316
12.8049221039	-1368
12.8050489426	-1368
12.8051681519	-1368
12.8052611351	-1368
12.805398941	-1368
12.8055500984	-1368
12.8056521416	-1368
12.8057630062	-1368
12.806276083	-1368
12.806401968	-1420
12.8064060211	-1316
12.8065860271	-1368
12.8066830635	-1368
12.8068649769	-1368
12.8070189953	-1420
12.8070211411	-1316
12.8071610928	-1368
12.8072690964	-1368
12.8096909523	-1368
12.8098170757	-1368
12.8099119663	543
12.8101170063	-1368
12.8102209568	-1420
12.8102250099	-1420
12.8102259636	-1264
12.8104951382	-1420
12.8105089664	-1316
12.8105931282	543
12.8107800484	-1420
12.8107941151	-1316
12.8108141422	-1368
12.8108870983	543
12.8110461235	-1368
12.8111031055	-1368
12.8112540245	-1368
12.8114089966	-1368
12.8128449917	-1368
12.8129160404	-1420
12.8129601479	-1316
12.813158989	-1368
12.8133230209	-1420
12.8133280277	-1316
12.8134729862	-1368
12.8217670918	1460
12.8218450546	1460
12.8218851089	1161
12.8219461441	603
12.8320100307	-1420
12.8320190907	-1420
12.8320660591	-1264
12.8322091103	-1420
12.8322679996	-1316
12.8323509693	-1368
12.8324489594	-1368
12.8326001167	-1420
12.8326230049	-1316
12.8327870369	-1368
12.8329601288	-1368
12.8331141472	-1368
12.8334150314	-1368
12.8334960938	-1368
12.8335630894	543
12.8336851597	-1420
12.8336901665	-1316
12.8339691162	-1420
12.8339750767	-1316
12.8342311382	-1420
12.834236145	-1316
12.8346309662	-1420
12.834635973	-1316
12.870650053	-1368
12.8706760406	-1368
12.8712761402	-1420
12.871281147	-1316
12.8714270592	-1420
12.8714301586	-1316
12.8715760708	543
12.87165308	-1368
12.8717730045	-1368
12.8719670773	-1368
12.8720419407	543
12.8942110538	-1420
12.8942301273	-1316
12.8942699432	-1368
12.9225571156	-1420
12.9226250648	-1316
12.922631979	-1368
12.9228010178	-1368
12.9319500923	-1368
12.932019949	-1368
12.9322111607	-1420
12.9323050976	-1316
12.932311058	-1368
12.9325830936	-1368
12.9325909615	-1420
12.9326319695	-1316
12.9328479767	-1368
12.9329390526	-1420
12.9329440594	-1316
12.9330661297	-1368
12.9331700802	-1368
12.9333479404	-1368
12.933355093	-1368
12.9336221218	-1420
12.9336299896	-1316
12.9337489605	-1368
12.9340009689	-1368
12.9340851307	543
12.9346921444	-1368
12.9347951412	-1368
12.934844017	-1368
12.9349901676	-1368
12.9352509975	-1368
12.9352591038	-1368
12.9355840683	-1420
12.9355919361	-1316
12.9356329441	-1368
12.9359140396	-1420
12.9359631538	-1316
12.9359669685	-1368
12.935970068	-1368
12.9361460209	-1368
12.9362690449	-1368
12.9363610744	-1368
12.9365170002	-1368
12.9366550446	-1420
12.9366631508	-1316
12.9368760586	-1368
12.9369599819	-1368
12.9371199608	-1368
12.937278986	-1420
12.9372830391	-1316
12.9374160767	-1368
12.9375181198	-1368
12.9375660419	543
12.937636137	-1368
12.9377880096	-1368
12.9380590916	-1368
12.9380681515	-1368
12.9382660389	-1368
12.9382750988	-1368
12.9383821487	-1368
12.9400689602	-1420
12.9400811195	-1316
12.9401681423	-1368
12.9406239986	-1368
12.9408669472	-1420
12.9408781528	-1316
12.9411740303	-1368
12.9411830902	-1420
12.9411871433	-1316
12.9412670135	-1368
12.9415140152	-1420
12.941519022	-1316
12.9418430328	-1420
12.941849947	-1316
12.9420809746	-1368
12.942086935	-1368
12.9422061443	-1420
12.9422111511	-1316
12.9424681664	-1420
12.9424760342	-1316
12.9427161217	543
12.9427511692	-1368
12.9429111481	-1420
12.9429149628	-1316
12.9431159496	-1368
12.9432201385	-1368
12.9433310032	-1368
12.9435150623	-1368
12.9436650276	-1420
12.9436690807	-1316
12.9437770844	543
12.9438500404	-1368
12.9445660114	1460
12.9446120262	1460
12.9446470737	1161
12.9447081089	1117
12.9448540211	543
12.9450931549	543
12.9527261257	-1420
12.9527430534	-1316
12.9620859623	-1368
12.9621651173	-1368
12.9623410702	-1368
12.9625101089	-1420
12.9625730515	-1316
12.9625761509	-1368
12.9627370834	-1368
12.962993145	-1420
12.9630630016	-1316
12.963075161	-1368
12.96321702	-1368
12.9633920193	-1368
12.9634950161	543
12.9635519981	-1368
12.9636530876	-1368
12.9637210369	-1368
12.9638249874	-1368
12.964110136	-1368
12.9642989635	-1368
12.9643239975	-1368
12.9644610882	543
12.9646980762	-1420
12.9647040367	-1420
12.9647271633	-1264
12.9647290707	-1368
12.9648489952	-1420
12.964854002	-1316
12.9651010036	-1368
12.965239048	-1420
12.9652631283	-1316
12.9653880596	-1368
12.9655809402	-1368
12.9657261372	-1368
12.9658360481	-1368
13.0009069443	-1368
13.0009629726	-1368
13.0011880398	543
13.0013170242	543
13.0013799667	543
13.0014221668	-1420
13.0014510155	-1316
13.0015101433	-1420
13.0015439987	-1316
13.0016241074	543
13.0018179417	-1420
13.0018229485	-1316
13.0019769669	-1368
13.0021941662	-1420
13.0022361279	-1316
13.0024061203	-1368
13.0267410278	-1420
13.0267529488	-1316
13.0268051624	-1368
13.0269320011	-1420
13.0269739628	-1316
13.0271010399	-1368
13.0526950359	-1420
13.0527150631	-1316
13.0528590679	-1368
13.053109169	-1420
13.0531461239	-1316
13.0532491207	-1368
13.0620880127	-1368
13.0621399879	-1368
13.0623781681	-1420
13.0623819828	-1316
13.0624630451	543
13.0625500679	-1368
13.0626471043	-1420
13.0626850128	-1316
13.0627760887	543
13.0628199577	-1368
13.0628650188	-1368
13.0631780624	-1368
13.0632879734	-1420
13.0633311272	-1316
13.0633950233	-1368
13.0635430813	-1368
13.0636780262	-1368
13.0638289452	-1368
13.064043045	-1420
13.0640730858	-1316
13.0641980171	-1368
13.0643751621	-1420
13.0643801689	-1316
13.0645010471	-1420
13.0645060539	-1015
13.0645959377	543
13.0646519661	-1368
13.06498909	-1368
13.0651071072	-1420
13.065112114	-1316
13.0651800632	-1368
13.0656311512	-1368
13.0657351017	-1368
13.0657811165	-1368
13.065969944	-1368
13.066065073	-1368
13.0661959648	-1420
13.0662000179	-1316
13.0663609505	-1368
13.0666110516	-1420
13.0666351318	-1316
13.0667440891	-1368
13.0669291019	-1368
13.0672190189	-1420
13.0672409534	-1316
13.0673120022	1057
13.0673480034	-1368
13.0675001144	-1420
13.0675251484	-1316
13.0676181316	-1368
13.0677461624	-1368
13.0679020882	-1368
13.0680301189	-1368
13.0681581497	-1368
13.0685360432	-1420
13.0685770512	-1420
13.0686171055	-1264
13.0686190128	-1420
13.0686540604	-1316
13.068803072	-1368
13.0691490173	-1420
13.0691540241	-1420
13.0691931248	-1264
13.0692830086	-1368
13.0693700314	543
13.069411993	-1368
13.0695400238	-1368
13.0696849823	-1368
13.0697779655	-1368
13.0699779987	-1420
13.0699830055	-1316
13.0701539516	-1420
13.0701580048	-1316
13.0704569817	-1420
13.0704619884	-1316
13.0706160069	-1368
13.0707271099	-1368
13.0708920956	-1368
13.0710201263	-1420
13.0710439682	-1316
13.0713620186	-1420
13.0713851452	-1316
13.0714809895	-1368
13.0715720654	543
13.0716071129	-1368
13.072026968	-1420
13.0720491409	-1420
13.072052002	-1264
13.0721321106	-1420
13.0721349716	-1316
13.0722529888	543
13.0722689629	-1368
13.072562933	-1420
13.0725841522	-1316
13.0726549625	-1420
13.0726771355	-1316
13.0728099346	-1368
13.0729379654	-1368
13.0731420517	-1368
13.0732750893	-1420
13.0732800961	-1316
13.0735900402	-1420
13.0735960007	-1316
13.0737080574	-1368
13.0738220215	-1420
13.073843956	-1316
13.0741119385	-1420
13.0741331577	-1316
13.0742909908	-1368
13.0743780136	543
13.0744180679	-1368
13.0748500824	-1420
13.0748710632	-1316
13.0748729706	-1368
13.0750291348	-1368
13.0754671097	-1368
13.0755839348	-1368
13.0756771564	-1420
13.075701952	-1316
13.0759849548	-1420
13.0760080814	-1316
13.0761649609	-1368
13.0764019489	-1368
13.0764069557	-1368
13.076485157	-1420
13.0764889717	-1316
13.0765759945	543
13.0767669678	-1420
13.0767719746	-1316
13.0768549442	543
13.0769779682	-1368
13.0770900249	-1368
13.0826990604	-1368
13.0829091072	-1420
13.0829541683	-1316
13.0922291279	-1420
13.0922570229	-1316
13.0923621655	-1368
13.0924701691	-1368
13.0925600529	-1368
13.0927491188	-1420
13.0927529335	-1316
13.0929291248	-1368
13.0930831432	-1368
13.0932509899	-1420
13.093255043	-1316
13.0937550068	-1420
13.0937609673	-1420
13.0938010216	-1264
13.0938031673	-1368
13.0938911438	-1368
13.093968153	543
13.0940840244	-1368
13.0941770077	-1420
13.0942080021	-1316
13.0943820477	-1420
13.0944030285	-1316
13.0945150852	-1368
13.0946631432	-1368
13.0948040485	-1368
13.0949280262	-1368
13.0952119827	-1420
13.095236063	-1316
13.0953481197	-1420
13.0953700542	-1316
13.0954370499	543
13.0955309868	-1368
13.095760107	-1368
13.1556191444	1460
13.1569139957	1460
13.1569890976	1161
13.1597630978	89
13.1606090069	543
13.1608250141	1460
13.1608700752	1460
13.160902977	193
13.1615080833	1460
13.1615769863	169
13.1716401577	543
13.175565958	-1420
13.1755740643	-1316
13.1790511608	-1368
13.1805000305	-1420
13.1805429459	-1316
13.1822841167	-1420
13.1823101044	-1316
13.1845231056	-1368
13.1886711121	-1420
13.1886770725	-1316
13.194396019	-980
13.1992120743	543
13.2042210102	-1368
13.2049541473	-1368
13.2051961422	-1420
13.205201149	-1316
13.2068059444	-1368
13.2069079876	-1368
13.2070789337	-1368
13.2085399628	-1420
13.2085859776	-1316
13.2087919712	-1368
13.210267067	-1420
13.2102711201	-1316
13.2105710506	-1368
13.2105741501	-1368
13.2107100487	-1368
13.2108061314	-1368
13.2419800758	-1420
13.2420079708	-1316
13.2420499325	-1368
13.2420620918	-1420
13.24208498	-1316
13.242264986	-1368
13.2424271107	-1420
13.2424321175	-1316
13.2425570488	543
13.2427051067	-1420
13.2427079678	-1316
13.2428059578	-1368
13.2429380417	543
13.2430789471	-1368
13.2431430817	-1420
13.243183136	-1316
13.2432250977	-1368
13.2433550358	-1368
13.2435250282	-1368
13.2448511124	-1368
13.2451040745	-1368
13.2470350266	-1368
13.2471320629	-1368
13.2473430634	-1368
13.2474360466	-1368
13.247740984	-1368
13.2478711605	-1420
13.2479081154	-1316
13.2479929924	-1368
13.2481050491	-1368
13.248239994	-1420
13.2482430935	-1316
13.2485370636	-1368
13.2486450672	-1368
13.2500331402	-1368
13.2501780987	-1368
13.2502970695	-1368
13.2513201237	-1420
13.2513620853	-1420
13.2513649464	-1264
13.2515599728	-1368
13.2517030239	-1420
13.2517261505	-1316
13.2572870255	-1420
13.2573311329	-1316
13.2573349476	-1368
13.2575440407	-1420
13.2575490475	-1316
13.2576220036	-1368
13.2577421665	-1368
13.2579140663	-1368
13.2579410076	543
13.258095026	-1368
13.2582480907	-1368
13.2583861351	-1420
13.2583911419	-1316
13.2585470676	-1368
13.258710146	-1368
13.2587499619	-1368
13.2591581345	-1420
13.2591791153	-1316
13.259335041	-1420
13.2593560219	-1316
13.2594649792	-1368
13.2595939636	-1368
13.259747982	-1368
13.2599141598	-1368
13.2600460052	-1420
13.2600691319	-1316
13.2601809502	-1368
13.26029706	-1368
13.2603890896	-1368
13.2605559826	-1368
13.2606971264	-1368
13.2608590126	-1420
13.2608640194	-1316
13.2610340118	-1368
13.2612440586	-1368
13.2614121437	-1368
13.2615561485	-1420
13.261578083	-1316
13.2642049789	-1420
13.2642290592	-1316
13.2643680573	-1368
13.265556097	-1368
13.2656919956	-1420
13.2657141685	-1316
13.2658071518	543
13.2660660744	-1368
13.2662241459	-1368
13.2662460804	-1368
13.2664661407	-1368
13.2669630051	-1420
13.2669680119	-1316
13.2704200745	-1368
13.2706530094	-1420
13.2706949711	-1316
13.2711181641	-1420
13.2711679935	-1316
13.271171093	-1368
13.2714149952	-1368
13.2715079784	-1368
13.2716701031	-1368
13.2717599869	-1368
13.272108078	-1368
13.2721130848	-1420
13.2721321583	-1316
13.2722771168	-1368
13.2723591328	-1368
13.2725100517	-1368
13.2726249695	-1368
13.2728281021	-1368
13.2738480568	-1420
13.2738530636	-1316
13.2741110325	-1420
13.2741160393	-1316
13.2743091583	-1368
13.2744431496	-1368
13.2753679752	-1368
13.2754831314	543
13.2755191326	-1368
13.2756421566	-1368
13.276170969	-1368
13.2762651443	-1368
13.2764351368	-1368
13.2765650749	-1420
13.2766060829	-1316
13.2768189907	-1420
13.2768399715	-1316
13.2770309448	543
13.2770709991	-1368
13.2774190903	-1420
13.2774591446	-1420
13.2774620056	-1264
13.2775039673	-1368
13.2776081562	-1368
13.2779750824	-1420
13.2779800892	-1316
13.2794439793	-1368
13.2796730995	-1368
13.2799069881	-1368
13.2808480263	-1368
13.2809810638	-1420
13.280985117	-1316
13.2811441422	-1368
13.2812371254	-1368
13.2813429832	-1368
13.2817289829	-1420
13.2817690372	-1316
13.2819969654	-1368
13.2822370529	-1420
13.282241106	-1316
13.2822699547	-1368
13.2824280262	-1368
13.282515049	-1368
13.2826459408	-1368
13.2827880383	-1368
13.282916069	-1368
13.2830440998	-1368
13.2835841179	-1368
13.2837769985	-1368
13.2838590145	-1368
13.2840411663	-1368
13.284206152	-1368
13.2842271328	-1368
13.2866351604	-1368
13.2867650986	543
13.3094379902	-1420
13.3094530106	-1316
13.3095121384	-1368
13.309648037	-1368
13.3097250462	-1368
13.3099150658	-1368
13.3102431297	-1368
13.3106789589	-1420
13.3107190132	-1316
13.3108379841	-1368
13.3110020161	-1368
13.3121349812	-1368
13.312361002	-1368
13.3124699593	-1368
13.3187470436	-1420
13.3187639713	-1420
13.3188140392	-1264
13.3188560009	-1368
13.3374569416	-1368
13.3377020359	-1368
13.337733984	-1368
13.337790966	-1420
13.3378281593	-1316
13.3379690647	-1368
13.3383171558	-1420
13.3383209705	-1420
13.3383769989	-1264
13.3384120464	-1368
13.3386290073	-1420
13.3386330605	-1316
13.3386509418	-1368
13.338876009	-1368
13.3404109478	-1420
13.3404159546	-1316
13.3405120373	-1368
13.3406691551	-1368
13.3408560753	-1420
13.3408579826	-1316
13.3409731388	-1368
13.3410899639	-1368
13.3412699699	-1368
13.3413660526	-1368
13.3457429409	543
13.3459300995	543
13.3717830181	-1368
13.3718020916	-1368
13.3719670773	-1368
13.3721041679	-1420
13.3721449375	-1316
13.3723211288	-1420
13.3723630905	-1316
13.3725550175	-1368
13.3726489544	-1368
13.3728070259	-1420
13.3728530407	-1316
13.373000145	-1368
13.3732249737	-1420
13.3732290268	-1316
13.3733291626	-1368
13.3734409809	-1368
13.3736310005	-1368
13.3737120628	-1368
13.3738701344	-1368
13.3740329742	-1420
13.3740730286	-1316
13.374174118	-1420
13.3741950989	-1316
13.374792099	-1368
13.3749699593	-1420
13.3749761581	-1316
13.3769850731	-1420
13.3769919872	-1316
13.3771729469	-1368
13.377300024	-1368
13.3775410652	-1420
13.377546072	-1316
13.3776381016	-1368
13.3780031204	-1420
13.3780269623	-1316
13.3780300617	-1368
13.378123045	543
13.3781609535	-1368
13.3782491684	-1368
13.3783349991	543
13.3783750534	-1368
13.3785810471	-1420
13.3786020279	-505
13.3877999783	-1368
13.3903081417	-1368
13.4161789417	-1420
13.4162261486	-1316
13.4164161682	-1368
13.4165010452	-1368
13.4165971279	-1368
13.4243819714	-1368
13.4259381294	-1368
13.4260771275	-1368
13.4260921478	-1368
13.4263620377	-1368
13.4263679981	-1368
13.4265329838	-1368
13.4266560078	-1420
13.4266970158	-1316
13.4304089546	-1420
13.4304590225	-1316
13.4306380749	-1368
13.430724144	-1368
13.4308609962	-1420
13.4308891296	-1316
13.4312300682	-1420
13.4312770367	-1316
13.4313380718	-1368
13.4314489365	-1368
13.4315371513	-1368
13.43166399	-1368
13.4381330013	-1420
13.4381380081	-1316
13.4467360973	-1420
13.4467480183	-1316
13.4467890263	-1368
13.4517250061	-1368
13.4549441338	543
13.4555339813	1057
13.4596841335	-1420
13.459690094	-1316
13.4615399837	543
13.4624781609	1460
13.4625389576	111
13.4784250259	-1420
13.478441	-1316
13.4784860611	-1368
13.4788401127	-1368
13.4790141582	-1420
13.4790179729	-1316
13.4793150425	-1368
13.479416132	-1368
13.4795861244	-1368
13.4797821045	-1368
13.4799089432	-1420
13.4799120426	-1316
13.4801139832	-1368
13.4804811478	-1368
13.4806821346	-1368
13.4812860489	543
13.4817869663	-1368
13.481951952	-1420
13.4819760323	-1316
13.4820799828	-1368
13.4823200703	-1368
13.4823241234	-1368
13.4830701351	-1420
13.4830739498	-1420
13.4831120968	-1264
13.4833099842	-1368
13.4840290546	-1420
13.4840359688	-1316
13.4842801094	-1368
13.4844861031	-1368
13.4845621586	543
13.4846451283	-1368
13.4851100445	-1368
13.4889161587	-1368
13.4890351295	-1420
13.4890770912	-1316
13.4957540035	-1368
13.5087060928	-1323
13.5088429451	543
13.5250220299	-1368
13.5250380039	-1420
13.5250790119	-1316
13.5251619816	-1368
13.5253169537	543
13.5253920555	-1368
13.5262179375	-1368
13.5263960361	-1420
13.5264000893	-1316
13.5266051292	-1420
13.5266089439	-1316
13.5268781185	-1420
13.5268809795	-1316
13.5269601345	-1368
13.5270950794	-1368
13.5272409916	-1368
13.5273711681	-1420
13.5273900032	-1316
13.5300240517	-1368
13.5302970409	-1420
13.5303010941	-1316
13.5320620537	-1368
13.5321249962	-1368
13.5323331356	-1420
13.5323359966	-1316
13.5329909325	543
13.5344259739	-1368
13.5345420837	-1368
13.5346741676	-1368
13.5364501476	-1420
13.5364890099	-1316
13.5367119312	-1368
13.5407459736	-1420
13.5407550335	-1316
13.5576770306	-543
13.5599031448	-1368
13.560256958	-1420
13.5602920055	-1316
13.5605630875	-1368
13.5607271194	-1368
13.5607969761	-1368
13.5612840652	-1368
13.5613660812	543
13.5614020824	-1368
13.5615551472	-1420
13.5615870953	-1316
13.5616660118	543
13.5617859364	-1368
13.5618741512	-1368
13.5624210835	-1368
13.5631980896	-1420
13.5632231236	-1316
13.5636351109	-1420
13.5636601448	-1316
13.5638771057	-1368
13.5639600754	-1368
13.5662741661	-1368
13.5664131641	-1368
13.5665099621	-1368
13.5833790302	-1420
13.5833921432	-1316
13.6026489735	-1368
13.6027030945	-1420
13.6027441025	-1316
13.6028671265	-1420
13.6028971672	-1316
13.6029679775	543
13.603069067	-1368
13.6040940285	-1368
13.6044061184	-1420
13.6044111252	-1316
13.6045720577	-1420
13.6045761108	-1316
13.6045930386	-1368
13.6051781178	-1368
13.6054019928	-1420
13.6054069996	-1316
13.6058080196	-1368
13.6058969498	-1368
13.6060271263	-1368
13.6069910526	-1368
13.6071050167	543
13.6072151661	-1420
13.6072180271	-1316
13.6073701382	-1368
13.6074531078	543
13.6075839996	-1420
13.6075870991	-1316
13.6076951027	-1368
13.6081211567	-1368
13.6082279682	-1368
13.6083550453	-1368
13.6084611416	-1368
13.6085500717	-1368
13.609194994	-1368
13.6093480587	-1420
13.6093699932	-1316
13.6095850468	-1368
13.6097180843	-1368
13.6098470688	-1368
13.6099820137	-1420
13.6099841595	-1316
13.6101830006	-1368
13.6106331348	-1368
13.6107599735	-1368
13.6109640598	-1368
13.611011982	-1368
13.611082077	-1368
13.6112639904	-1368
13.6113929749	-1368
13.6120209694	-1368
13.6122181416	-1420
13.6122210026	-1316
13.6127390862	-1420
13.6127419472	-1316
13.6129579544	-1368
13.6133170128	-1368
13.6134390831	-1420
13.6134419441	-1316
13.6137261391	-1420
13.6137299538	-1316
13.6139380932	-1368
13.6140360832	-1420
13.6140401363	-1316
13.6141340733	543
13.6142611504	-1368
13.6144471169	543
13.6145911217	543
13.623142004	-1368
13.6386799812	-1148
13.6463980675	-1420
13.6464159489	-1316
13.6465871334	-1368
13.6466760635	-1368
13.6468391418	-1368
13.6483681202	-1368
13.6485030651	-1368
13.6487209797	-1368
13.649214983	-1420
13.6492199898	-1420
13.6492700577	-1420
13.6492741108	-1212
13.6495029926	-1420
13.6495070457	-1316
13.6499149799	-1368
13.6500220299	-1368
13.6501500607	-1368
13.6502900124	-1368
13.6504509449	-1368
13.6505711079	543
13.6506209373	-1368
13.6507899761	-1368
13.6510231495	-1420
13.6510300636	-1420
13.6510570049	-1264
13.6512320042	-1368
13.6513841152	-1368
13.651692152	-1368
13.6517241001	-1420
13.6517281532	-1316
13.6519570351	-1368
13.6522500515	-1368
13.6524090767	-1420
13.6524140835	-1316
13.6526179314	543
13.6845810413	-1420
13.6846079826	-1316
13.7203099728	-1368
13.7203891277	-1420
13.7204239368	-1316
13.7206599712	543
13.7209510803	-1420
13.7209579945	-1316
13.7210960388	-1368
13.7214460373	-1420
13.721503973	-1316
13.7215099335	-1368
13.7216930389	-1368
13.7217020988	-1368
13.7218430042	-1368
13.7229590416	-1368
13.723400116	-1420
13.7234060764	-1420
13.7234320641	-1264
13.7234339714	-1368
13.7235460281	-1368
13.7235691547	543
13.7236759663	-1420
13.723678112	-1316
13.7239170074	-1368
13.724009037	-1368
13.7241499424	-1368
13.7242410183	-1368
13.7243440151	-1368
13.7244479656	-1368
13.7245981693	-1368
13.7247400284	-1368
13.724864006	-1368
13.7271590233	-1368
13.7272701263	-1420
13.7272751331	-1316
13.7541861534	-1420
13.7542021275	-1316
13.7594211102	-1420
13.7594270706	-1316
13.7595629692	543
13.7596850395	-1368
13.7638030052	-1420
13.7638511658	-1316
13.7639729977	-1368
13.7640991211	-1368
13.7642190456	-1368
13.7643461227	-1368
13.7645001411	-1368
13.7646310329	-1368
13.7649030685	-1368
13.7649230957	-1368
13.7650239468	543
13.7659981251	-1420
13.7660040855	-1316
13.7661230564	-1368
13.767357111	-1368
13.7674980164	-1420
13.7675030231	-1316
13.7682220936	-1368
13.7683091164	-1420
13.7683520317	-1316
13.7685861588	-1368
13.7686960697	-1368
13.768830061	-1420
13.7688679695	-1420
13.768871069	-458
13.7689580917	-1368
13.7691221237	-1368
13.7692511082	-1368
13.7693910599	-1420
13.7694101334	-1316
13.7723309994	-1368
13.7724161148	-1368
13.772550106	-1368
13.7737820148	543
13.7885820866	-1368
13.78860116	-1368
13.7887790203	-1368
13.7888491154	-1368
13.7895109653	-1420
13.7895181179	-1316
13.7898800373	-1368
13.7899780273	-1368
13.7900941372	-1368
13.790199995	543
13.7902901173	543
13.7903590202	-1368
13.7905199528	-1420
13.7905459404	-1316
13.7910010815	-1420
13.7910439968	-1316
13.7911961079	-1368
13.7913720608	-1368
13.7915940285	-1420
13.7916171551	-1316
13.7918519974	-1368
13.7919530869	-1368
13.7920429707	-1368
13.7924971581	-1420
13.7925009727	-1316
13.7926781178	-1368
13.7932200432	-1420
13.7932419777	-1316
13.793307066	543
13.7933981419	-1368
13.7935590744	-1368
13.7938711643	-1420
13.7938759327	-1316
13.7971141338	-1368
13.7972631454	-1368
13.7973401546	-1368
13.7976250648	-1368
13.7987730503	-1368
13.7988820076	-1368
13.7990159988	-1368
13.7991800308	-1420
13.7992050648	-1316
13.7992761135	-1368
13.7996001244	-1420
13.7996051311	-1316
13.8003270626	-1368
13.8004169464	-1420
13.8004410267	-1316
13.800467968	543
13.8005521297	543
13.8007690907	-1368
13.8012039661	-1368
13.801295042	-1368
13.8015580177	-1368
13.801787138	-1420
13.801789999	-1316
13.8040411472	-1368
13.8041241169	-1368
13.8042521477	-1368
13.8066020012	-1368
13.8066861629	-1368
13.8068449497	-1368
13.8073461056	-1368
13.826018095	-1420
13.8260951042	-1316
13.826100111	-1368
13.8262541294	-1368
13.8262569904	-1368
13.8263599873	-1368
13.8264861107	543
13.8277380466	-1420
13.8277430534	-1420
13.8277859688	-1264
13.8278770447	-1420
13.8279161453	-1316
13.8281390667	-1368
13.8282899857	-1368
13.8284671307	-1420
13.8285109997	-1316
13.8287000656	-1368
13.8288099766	-1368
13.8289871216	-1368
13.8326411247	-1420
13.8326470852	-1316
13.8328909874	-1368
13.8590099812	-1368
13.8592810631	-1368
13.8593959808	-1368
13.8595061302	543
13.859719038	-1368
13.8598029613	-1420
13.8598461151	-1316
13.859951973	543
13.8600649834	-1420
13.8600699902	-1316
13.8602721691	-1368
13.8605780602	-1420
13.8606510162	-1316
13.8607499599	-1368
13.8610100746	-1368
13.8612020016	-1420
13.8612720966	-1316
13.8613629341	-1368
13.8616909981	-1420
13.8616969585	-1316
13.8617660999	-1368
13.8618631363	-1420
13.8619000912	-1316
13.8621120453	-1420
13.8621480465	-1316
13.8622670174	543
13.862331152	-1368
13.8624370098	-1368
13.8625841141	-1368
13.8627250195	-1368
13.862981081	-1420
13.8629901409	-1316
13.8631291389	-1368
13.8637461662	-1368
13.863959074	-1420
13.8640511036	-1316
13.8641419411	-1420
13.8641469479	-1420
13.8642289639	-1264
13.8651919365	-1420
13.8652570248	-1316
13.8655350208	-1368
13.8989219666	-774
13.8990161419	543
13.9696080685	-1420
13.9696249962	-1316
13.9696800709	-1368
13.9698281288	543
13.9982731342	-1368
14.029088974	-1297
14.8922150135	-543
15.5126280785	-543
