0	543
0.473828077316	-543
0.906373977661	-543
0.997094154358	543
0.997241020203	543
1.26698803902	-543
2.99785900116	543
3.94036698341	543
3.96276807785	543
4.62658119202	-543
4.93509602547	-1368
4.93516111374	-1420
4.93518209457	-839
4.9354531765	-1368
4.96894407272	543
5.00002002716	543
5.00032496452	543
5.00080108643	543
5.00104999542	543
5.0012960434	543
5.00152301788	543
5.00180315971	543
5.00203108788	543
5.02030706406	543
5.02056002617	543
5.03932213783	-1420
5.03933811188	-1420
5.03940200806	-1264
5.05931997299	-754
5.08091807365	-1420
5.08094406128	-1316
5.08116102219	-1368
5.08126211166	543
5.14350414276	-1368
5.20582914352	-269
5.24357509613	-1420
5.24359107018	-1316
5.24379396439	-1420
5.24379897118	-1316
5.24396419525	-1420
5.24396705627	-1316
5.24416399002	-1368
5.24416804314	-1420
5.24420809746	-1316
5.24425315857	-1420
5.2442741394	-1316
5.24437999725	-1420
5.2444190979	-1316
5.24501013756	543
5.3300011158	-409
5.34546017647	-1420
5.34551811218	-1316
5.3455991745	-1368
5.36030006409	543
5.37986207008	543
5.3802280426	543
5.38970518112	-1420
5.38971996307	-1316
5.38976407051	-1368
5.39010596275	-1368
5.41036200523	543
5.46990704536	-1363
5.48738598824	-1368
5.54777908325	-1420
5.54780316353	-1420
5.54785919189	-1264
5.54786205292	-1420
5.54790210724	-1316
5.54812598228	-1420
5.54816699028	-1316
5.54822206497	-1368
5.54873514175	-1368
5.54901099205	-1420
5.54903101921	-1316
5.55074906349	-1420
5.55076909065	-1420
5.55077219009	-1264
5.55106806755	-1420
5.55107212067	-1420
5.55110812187	-1264
5.55131006241	-1420
5.55132913589	-1316
5.55143809319	-1420
5.55147600174	-1420
5.55147910118	-1264
5.55151510239	-1420
5.55151700974	-1316
5.55172300339	-1368
5.55189800262	-1420
5.55192303658	-1420
5.55192613602	-1264
5.55194401741	-1368
5.55209898949	543
5.55230712891	543
5.55248808861	543
5.59169602394	-1420
5.59171319008	-1420
5.5917801857	-1264
5.60606217384	543
5.61006212234	543
5.6115500927	-1211
5.64407110214	543
5.64437699318	543
5.64463210106	543
5.64492702484	543
5.65291309357	-1368
5.65312004089	-1420
5.65317416191	-1316
5.67230415344	-1368
5.6805961132	543
5.75754618645	-1368
5.76980519295	-472
5.79045414925	543
5.79070019722	543
5.89412808418	-543
5.90050506592	1057
5.93896102905	-543
6.00974702835	-1420
6.00976419449	-1316
6.02504897118	-406
6.03230905533	543
6.0368270874	543
6.08739709854	-1420
6.08742213249	-1420
6.08750605583	-1420
6.08750915527	-1212
6.08755898476	-1368
6.09854698181	1057
6.13194799423	-1368
6.18942403793	-675
6.23455905914	-1368
6.25018405914	543
6.25066518784	543
6.30948805809	-1368
6.31365704536	-978
6.33874297142	-1368
6.4379761219	-203
6.45451498032	-1420
6.45452809334	-1316
6.45465707779	-1368
6.45482897758	543
6.57862615585	-66
6.59458518028	-1368
6.70432114601	-1318
6.79226016998	-1368
6.7923810482	-1368
6.79257702827	-1420
6.79258108139	-1316
6.79286003113	-1368
6.79302096367	-1420
6.79305100441	-1316
6.79800105095	-1368
6.79811406136	-1420
6.7981171608	-1420
6.7981171608	-1264
6.79817509651	-1368
6.79823517799	-1368
6.80308699608	-1420
6.803150177	-1316
6.80323600769	-1368
6.82849097252	-504
6.84329414368	-1368
6.95067715645	-1420
6.95070505142	-1316
6.95139598846	-1368
6.95166015625	-1420
6.95170903206	-1316
6.95291614532	-1189
7.05525112152	-1420
7.05527710915	-1420
7.05536913872	-1264
7.07714796066	-66
7.15982198715	-1420
7.15983915329	-1420
7.15991806984	-1264
7.20139217377	-66
7.2639400959	-1368
7.32592511177	-1231
7.34003615379	543
7.34028697014	543
7.34046316147	543
7.34063315392	543
7.34079408646	543
7.34099197388	543
7.34119915962	543
7.34138011932	543
7.34159708023	1460
7.34165501595	1460
7.34169316292	707
7.34669303894	1460
7.34674215317	111
7.3469350338	1460
7.34697914124	625
7.34712910652	1460
7.34717202187	625
7.34757113457	543
7.34775114059	543
7.4321000576	543
7.45021700859	-543
7.46684908867	1460
7.46694207191	111
7.53507018089	-1420
7.53508806229	-1420
7.53515410423	-1264
7.53515696526	-1368
7.53553509712	-1420
7.53554010391	-1316
7.56983208656	-1420
7.56985616684	-1420
7.56992197037	-1264
7.57006716728	543
7.5778400898	-1420
7.57784414291	-1420
7.57788705826	-1264
7.58887600899	-264
7.66784501076	543
7.66810512543	543
7.71714496613	543
7.71744799614	543
7.71770501137	543
7.71792912483	543
7.73704004288	543
7.73726415634	543
7.74535298347	-1420
7.74535799026	-1316
7.74558615685	-891
7.74593997002	-1420
7.74598813057	-1420
7.74599099159	-1420
7.74604296684	-1212
7.74604511261	-1420
7.74609208107	-1316
7.76315498352	-1420
7.763215065	-1420
7.76321816444	-1264
7.76330018044	-1420
7.76330304146	-1316
7.76347398758	543
7.76365804672	-1420
7.76366209984	-1316
7.76388001442	-1368
7.76599502563	-1420
7.76604008675	-1420
7.76604318619	-1420
7.76607918739	-1212
7.76608204842	-1368
7.78673601151	1057
7.78697419167	1057
7.78718400002	543
7.78738117218	1460
7.78743314743	111
7.80678009987	1460
7.80684304237	625
7.82673597336	1460
7.82679605484	625
7.82702207565	1460
7.82707500458	111
7.82751607895	543
7.82772397995	1057
7.8369781971	543
7.83718919754	543
7.85046315193	-1368
7.87000107765	-172
7.96701002121	-1368
8.01045203209	-1420
8.01045918465	-1420
8.01052618027	-1264
8.01052999496	-1420
8.01057910919	-1316
8.01597499847	-1420
8.01598310471	-1420
8.01603198051	-1264
8.01614809036	-1420
8.01619911194	-1316
8.01620101929	-1420
8.01628708839	-1420
8.01629018784	-1264
8.01644897461	543
8.0167620182	543
8.01719999313	543
8.02407217026	-1368
8.02621817589	-1420
8.02626609802	-1316
8.03110909462	-1420
8.03116798401	-1420
8.03117108345	-1420
8.03121304512	-1420
8.03121614456	-1160
8.03231096268	-1420
8.03231716156	-1316
8.03271603584	-1420
8.03272008896	-1316
8.03280901909	-1420
8.0328130722	-1316
8.03292798996	543
8.03305602074	-1368
8.03408098221	-370
8.03526711464	-1368
8.09286904335	-1368
8.11506819725	-1420
8.11514616013	-1420
8.11515212059	-1420
8.11519813538	-1212
8.12554097176	-1420
8.12555599213	-1420
8.12559103966	-1264
8.12604618073	543
8.12647604942	543
8.12682700157	-1368
8.15969896317	-944
8.21896314621	-1368
8.23017811775	1460
8.23028707504	625
8.29048609734	-1420
8.29051303864	-1316
8.29086017609	-1420
8.29086518288	-1420
8.2909321785	-1420
8.29093503952	-1212
8.29097318649	-1420
8.29097509384	-1420
8.29101204872	-1264
8.29184603691	-1420
8.29187607765	-1316
8.29229307175	-1420
8.29236102104	-1316
8.29236412048	-1420
8.29241418839	-1420
8.29241704941	-1264
8.29250097275	-1420
8.29250407219	-1420
8.29253101349	-1264
8.29262900352	-1368
8.29544019699	543
8.2955801487	-1420
8.29558300972	-1316
8.29567599297	543
8.29574298859	-1368
8.29615712166	-1420
8.29618310928	-1420
8.29618597031	-1264
8.29710316658	-1420
8.29710817337	-1420
8.29715013504	-1264
8.29731607437	-1420
8.29733800888	-1420
8.29734015465	-1420
8.29735612869	-1212
8.29735898972	-1368
8.30580711365	1460
8.30589413643	111
8.33415198326	-1420
8.33417010307	-1420
8.33422708511	-1264
8.34372210503	-1111
8.34671497345	-1420
8.34672498703	-1420
8.34677314758	-1420
8.34677600861	-1212
8.34699201584	-1420
8.34699511528	-1316
8.34723806381	-1420
8.34725117683	-1420
8.34728813171	-1420
8.34729099274	-1420
8.3473341465	-1160
8.34753704071	-1420
8.34758615494	-1420
8.34758901596	-1264
8.34805297852	543
8.34816217422	-1420
8.34816408157	-1420
8.34818506241	-1264
8.34833312035	543
8.35272908211	-1368
8.35281300545	-1368
8.35670614243	543
8.36320710182	-1368
8.37393498421	-1368
8.42612099648	-1420
8.42613697052	-1316
8.4263510704	-1420
8.42635607719	-1420
8.42643117905	-1264
8.42643404007	-1368
8.42648506165	-1368
8.46100401878	-1420
8.46107506752	-1316
8.46159315109	-1420
8.46163201332	-1316
8.46163415909	-1368
8.46173596382	-1420
8.46173906326	-1420
8.46178007126	-1264
8.48496699333	-676
8.48668503761	-1420
8.48669099808	-1420
8.48674702644	-1264
8.50323605537	-1420
8.50328707695	-1316
8.50439500809	-1368
8.51964211464	-1368
8.52139115334	-1368
8.5255651474	-1420
8.52557206154	-1316
8.52656912804	-1420
8.52659201622	-1420
8.52661800385	-1264
8.52672600746	543
8.52706503868	-1368
8.53338813782	-1420
8.53343605995	-1420
8.53344011307	-1264
8.53357696533	543
8.53568196297	543
8.53612017632	543
8.53702712059	-1420
8.53703308105	-1420
8.53706598282	-1264
8.54298210144	-1420
8.54303908348	-1420
8.54304218292	-1264
8.5430791378	-1368
8.56797409058	-1420
8.56804299355	-1316
8.5763759613	-1420
8.57645916939	-1420
8.57646203041	-1420
8.57650017738	-1212
8.57650303841	-1420
8.57653808594	-1420
8.57653999329	-1264
8.58685302734	543
8.62686014175	-1420
8.62687706947	-1420
8.62693810463	-1264
8.62720799446	-1420
8.62724018097	-1316
8.6273059845	-1368
8.63084411621	-286
8.65896606445	-1420
8.65904808044	-1420
8.65905213356	-1264
8.65909218788	-1420
8.65909409523	-1420
8.65913796425	-1264
8.65940904617	543
8.66041707993	1460
8.66046714783	1460
8.66051197052	1161
8.66059112549	89
8.6658949852	-1420
8.66591405869	-1420
8.66596698761	-1420
8.66596913338	-1212
8.66600513458	-1368
8.66644906998	-1420
8.66649699211	-1316
8.67664813995	-1420
8.67669796944	-1316
8.67670416832	-1368
8.67729401588	543
8.67747211456	543
8.6780731678	-1420
8.67807912827	-1316
8.67840099335	-1368
8.67892098427	-1420
8.67897701263	-1420
8.67898011208	-1420
8.6790189743	-1212
8.74897003174	-1420
8.74898719788	-1316
8.74954104424	-1368
8.74965906143	-1420
8.74966096878	-1420
8.74966216087	-1264
8.74979996681	-1420
8.74984312057	-1420
8.7498459816	-1264
8.74988102913	-1368
8.74999117851	543
8.75002908707	-1368
8.75017499924	-1420
8.75020503998	-1420
8.75020718575	-1264
8.75078010559	-1420
8.75078415871	-1420
8.750852108	-1264
8.75085496902	-1420
8.75090909004	-1420
8.75091099739	-1264
8.75096702576	-1368
8.7509701252	-1420
8.75101208687	-1316
8.75495815277	-1420
8.75500011444	-1420
8.75500202179	-1264
8.75580596924	543
8.78128409386	-687
8.78623914719	543
8.78885817528	-1368
8.82534909248	-1420
8.82541513443	-1316
8.83230400085	-1420
8.83235406876	-1420
8.8323571682	-1264
8.84650301933	-1368
8.84660696983	-1368
8.84747719765	-1420
8.84748101234	-1420
8.84753108025	-1264
8.84889507294	-1420
8.84894800186	-1316
8.84926009178	-1420
8.84928107262	-1420
8.84928297997	-1420
8.8493001461	-1212
8.84935307503	-1368
8.84996509552	-1368
8.85647916794	-1420
8.85653305054	-1420
8.856539011	-1264
8.85716414452	-1420
8.85717797279	-1420
8.8572499752	-1264
8.85725307465	-1368
8.85737013817	543
8.85749697685	-1420
8.85749912262	-1316
8.85827898979	-1368
8.89929819107	543
8.907528162	-1420
8.90753698349	-1420
8.90758609772	-1420
8.90758800507	-1212
8.90773510933	543
8.9197640419	-1420
8.9197781086	-1420
8.91983318329	-1420
8.91983604431	-1212
8.92869901657	-1420
8.92870497704	-1420
8.9287481308	-1264
8.93677902222	543
8.94347405434	-460
8.95593714714	-1420
8.95600199699	-1316
9.00423502922	-1368
9.00465512276	-1368
9.00666618347	-1420
9.00666999817	-1420
9.00670003891	-1420
9.00670313835	-1212
9.0070669651	-1368
9.00718212128	-1420
9.00722503662	-1316
9.00771307945	-1368
9.0088160038	-1420
9.00882196426	-1316
9.00896596909	-1420
9.00896906853	-1316
9.00957417488	-1420
9.0095770359	-1316
9.00966215134	-1368
9.01012802124	-1368
9.01063919067	-1420
9.0106420517	-1420
9.01068115234	-1264
9.01125216484	-1420
9.01128196716	-1316
9.01700997353	543
9.01734018326	543
9.0176281929	543
9.02330303192	-1368
9.02807307243	-1420
9.02811813354	-1420
9.02812099457	-1420
9.02815818787	-1212
9.02919197083	-1420
9.02924513817	-1420
9.02924704552	-1264
9.02928519249	-1368
9.02928709984	-1368
9.02942299843	543
9.02960705757	-1420
9.02961111069	-1316
9.02976703644	-1420
9.02977013588	-1420
9.02980804443	-1264
9.02994918823	-1420
9.02997612953	-1316
9.02998709679	-1420
9.03000617027	-1316
9.03009009361	543
9.03025698662	-1420
9.03026103973	-1316
9.03908109665	-1368
9.05110001564	-1420
9.05114603043	-1316
9.06340408325	-1420
9.06346416473	-1420
9.06346702576	-1264
9.0636510849	543
9.06405711174	-1420
9.06406116486	-1420
9.06409215927	-1264
9.07246518135	-1420
9.07250118256	-1316
9.08837413788	-1368
9.10113716125	-1420
9.10114502907	-1420
9.10119199753	-1264
9.15193104744	-1420
9.15194606781	-1316
9.15404200554	-1420
9.154047966	-1420
9.15409517288	-1264
9.15409803391	-1368
9.15459108353	-1420
9.15459609032	-1420
9.15463805199	-1420
9.15464019775	-421
9.15478301048	543
9.25687003136	543
9.2571721077	1057
9.25742602348	543
9.25763511658	543
9.27132701874	-1420
9.27133512497	-1316
9.27139210701	-1368
9.27219414711	-1420
9.27224206924	-1420
9.27224612236	-1264
9.27235412598	543
9.27247214317	-1420
9.27248597145	-1420
9.27252817154	-1264
9.27883815765	-1284
9.28315019608	1460
9.28320407867	625
9.31850504875	-1420
9.31851911545	-1316
9.37305903435	-1420
9.37307596207	-1420
9.37313318253	-1264
9.37313604355	-1420
9.37317419052	-1420
9.37317705154	-1420
9.37321400642	-1212
9.37321615219	-1368
9.39018106461	543
9.40759897232	-372
9.42422914505	-1368
9.49807310104	-1420
9.49809098244	-1316
9.4982790947	543
9.50152397156	-1368
9.50163316727	-1368
9.50177812576	-1368
9.50196909904	543
9.50211000443	-1420
9.50211596489	-1420
9.50215005875	-1264
9.50259399414	-1368
9.5027551651	-1420
9.50276017189	-1316
9.53178215027	-807
9.56241703033	1057
9.60073399544	-1368
9.60082101822	-1420
9.60086512566	-1316
9.60102319717	-1420
9.60106396675	-1420
9.60106706619	-1264
9.60115909576	-1420
9.60116219521	-1420
9.60118913651	-1264
9.60130906105	-1420
9.6013469696	-1420
9.60135006905	-1264
9.61018109322	543
9.67300200462	-1368
9.6871380806	-1068
9.68779301643	543
9.68801403046	543
9.7002761364	543
9.70048999786	543
9.81142997742	-1057
9.81861901283	543
9.81923699379	543
9.93575501442	-543
9.98694610596	-1420
9.98695802689	-1420
9.98701119423	-1264
10.0599851608	-95
10.0917360783	-1420
10.0917520523	-1420
10.091809988	-1264
10.0920901299	-1420
10.0920951366	-1316
10.092236042	-1368
10.093321085	543
10.1965031624	-1420
10.1965210438	-1316
10.1965770721	-1368
10.2157790661	-198
10.2413389683	-1420
10.2413671017	-1316
10.2510280609	-1420
10.2510399818	-1316
10.2511410713	-1420
10.2511429787	-1316
10.3031330109	-1420
10.3031589985	-1420
10.3032171726	-1264
10.3032200336	-1420
10.3032569885	-1420
10.3032591343	-1420
10.3033070564	-1420
10.3033101559	-1160
10.303383112	-1420
10.3033940792	-1316
10.3034319878	-1368
10.3200881481	543
10.322437048	-1420
10.3224430084	-1420
10.3224880695	-1264
10.3225669861	543
10.3400759697	-1287
10.3535540104	543
10.3746681213	-1368
10.4175651073	-1368
10.4193491936	-1420
10.4194011688	-1420
10.4194030762	-1264
10.4195261002	-1368
10.4196209908	-1420
10.4196469784	-1316
10.4243590832	543
10.45966506	-1420
10.4596850872	-1420
10.4597570896	-1264
10.4990930557	-604
10.5282821655	543
10.5285401344	543
10.5826220512	1057
10.6025819778	-1420
10.6025960445	-1316
10.6135070324	543
10.6137580872	543
10.6316301823	-1420
10.6316480637	-1316
10.6317381859	-1420
10.6317400932	-1316
10.6318240166	-1368
10.6326870918	543
10.6571371555	543
10.657389164	543
10.6723291874	-1368
10.6724250317	-1420
10.6725201607	-1420
10.6725230217	-1264
10.6725711823	-1420
10.6725740433	-1316
10.6726210117	-1368
10.6726961136	-1368
10.6932420731	-301
10.6942000389	-1368
10.6943051815	-1368
10.6978399754	-1368
10.7068510056	-1368
10.708012104	543
10.7082321644	543
10.8184571266	-841
10.8268940449	1460
10.8269851208	111
10.8272030354	1460
10.8272571564	111
10.8570179939	543
10.857558012	543
10.8577530384	543
10.9173309803	-1368
10.9530320168	-203
11.0772681236	-543
11.1364531517	-1368
11.1479361057	-1420
11.1480021477	-1316
11.1482651234	-1368
11.1485011578	-1420
11.1485040188	-1316
11.1568391323	543
11.2428660393	-1420
11.2428851128	-1420
11.2429580688	-1264
11.2621421814	-1226
11.2623271942	543
11.2774980068	-1420
11.2775321007	-1316
11.2790291309	-1368
11.2799589634	-1368
11.2800540924	-1420
11.2800581455	-1420
11.280107975	-1264
11.2801101208	-1368
11.2802000046	-1420
11.280203104	-1316
11.2812261581	-1420
11.2812299728	-1420
11.2812709808	-1264
11.2813010216	-1420
11.2813200951	-1316
11.2885711193	-1420
11.2886281013	-1316
11.3213660717	-1420
11.3214390278	-1420
11.3214440346	-1264
11.3606061935	543
11.3608989716	543
11.3611531258	543
11.366713047	543
11.3842740059	543
11.3921010494	-1420
11.3921070099	-1316
11.4134550095	-35
11.4159331322	543
11.4366970062	543
11.4369699955	1057
11.4577031136	-1368
11.4668140411	-1420
11.4668850899	-1316
11.4669721127	-1368
11.4673931599	-1420
11.4673960209	-1316
11.4675309658	-1368
11.4685931206	-1420
11.468624115	-1420
11.468626976	-1264
11.4687361717	-1420
11.4687390327	-1420
11.4687759876	-1264
11.4696581364	-1420
11.4696791172	-1420
11.4696810246	-1264
11.4697539806	-1420
11.4697570801	-1316
11.4701051712	-1420
11.4701089859	-1316
11.4701490402	-1420
11.4701521397	-1316
11.4702429771	-1420
11.4702460766	-1420
11.4702641964	-1264
11.4769489765	543
11.4771380424	543
11.4800291061	543
11.4803330898	543
11.4805321693	543
11.4807331562	1057
11.4894170761	-1420
11.4894230366	-1316
11.4895641804	-1368
11.5373980999	543
11.5376801491	543
11.5379271507	543
11.5381560326	543
11.5581111908	-1420
11.5581281185	-1316
11.5581920147	-88
11.5599980354	543
11.6072499752	543
11.6075069904	543
11.6573550701	543
11.657613039	543
11.6974110603	543
11.6976630688	543
11.7066640854	-1086
11.7217831612	-1420
11.7218501568	-1420
11.7218539715	-1264
11.7318210602	543
11.7325341702	543
11.7327291965	543
11.7945489883	-1420
11.7945671082	-1316
11.7947781086	-1420
11.7947821617	-1316
11.7954530716	-1420
11.7954571247	-1316
11.7955300808	-1420
11.7955331802	-1316
11.7958440781	-1368
11.796090126	-1420
11.7961361408	-1420
11.7961390018	-1264
11.7966279984	-1420
11.7966341972	-1316
11.7967100143	-1420
11.7967140675	-1316
11.7971739769	-1420
11.7971789837	-1420
11.7972211838	-1264
11.7975780964	-1420
11.7976241112	-1420
11.7976269722	-1264
11.7977411747	543
11.7977790833	-1420
11.7977809906	-1420
11.7978310585	-1264
11.7979090214	543
11.7983050346	-1420
11.7983109951	-1420
11.7983531952	-1264
11.7983560562	-1368
11.7985351086	-1368
11.7985391617	-1368
11.7988240719	-1420
11.7988290787	-1316
11.7989239693	-1368
11.8059120178	543
11.8374271393	543
11.837706089	543
11.855962038	-1420
11.855987072	-1420
11.8560421467	-1264
11.8560450077	-1368
11.8621490002	-178
11.8801090717	1057
11.9169750214	1460
11.91705513	111
11.9296979904	-1368
11.9299120903	-1368
11.9324910641	543
11.9512729645	1460
11.9513671398	1460
11.9514050484	1161
11.9567019939	603
11.9575791359	543
11.9578931332	543
11.9804580212	543
11.9806931019	543
12.0054571629	-1368
12.0241010189	-638
12.0306141376	543
12.0308570862	543
12.0311791897	-1368
12.037222147	-1420
12.0372769833	-1420
12.0372800827	-1264
12.0478210449	-1368
12.0667731762	543
12.0674259663	543
12.0678391457	543
12.0680530071	543
12.117508173	543
12.1178851128	543
12.1820600033	-1368
12.1930611134	-1218
12.1968300343	543
12.2880170345	-1368
12.2982161045	-1368
12.3201379776	1460
12.3202140331	1460
12.3202521801	1161
12.320374012	603
12.3205561638	1460
12.3205981255	1460
12.3206319809	1161
12.320715189	603
12.3213319778	543
12.3215770721	543
12.3267710209	543
12.327008009	543
12.3369100094	-1420
12.3369321823	-1316
12.3637650013	-1368
12.3684301376	-1420
12.3684961796	-1420
12.3684999943	-1264
12.3685400486	-1420
12.368543148	-1420
12.3685791492	-1420
12.3685810566	-1212
12.3686170578	-1368
12.3690061569	-1010
12.3713200092	543
12.3815550804	-1420
12.381581068	-1420
12.3816189766	-1264
12.430685997	-1420
12.4307031631	-1316
12.4339711666	-1368
12.4341950417	-1368
12.434278965	-1368
12.4343881607	-1420
12.4344360828	-1420
12.4344391823	-1264
12.4344830513	-1368
12.4345290661	-1368
12.4346871376	-1420
12.4346899986	-1420
12.4347281456	-1264
12.4347310066	-1368
12.434825182	-1420
12.434828043	-1420
12.4348540306	-1420
12.4348571301	-1212
12.4349400997	-1368
12.4351580143	-1368
12.4352869987	-1420
12.4352900982	-1420
12.4353461266	-1264
12.4353489876	-1420
12.4353899956	-1316
12.4401731491	543
12.4450731277	1460
12.4451310635	1139
12.4469549656	-1420
12.4469599724	-1420
12.4470059872	-1264
12.4562561512	-1420
12.456302166	-1316
12.4618639946	-1368
12.4932181835	-929
12.5380811691	-1420
12.5380930901	-1316
12.538159132	-1420
12.5381631851	-1316
12.5465040207	-1368
12.5467321873	-1368
12.5471861362	-1420
12.5471901894	-1316
12.5473930836	-1420
12.5473971367	-1316
12.5476059914	-1420
12.5476100445	-1420
12.5476570129	-1264
12.5478329659	543
12.5479750633	-1368
12.5481441021	-1420
12.5481860638	-1316
12.5520241261	543
12.5612390041	1460
12.5613260269	1139
12.5623691082	1460
12.5624291897	1139
12.5630681515	1460
12.563117981	1139
12.5633170605	543
12.5638179779	1460
12.5667049885	-1420
12.5667071342	-1420
12.5667080879	-1264
12.5671541691	1139
12.6088261604	-1420
12.6088399887	-1316
12.6172840595	-1063
12.6531209946	-1420
12.6531350613	-1420
12.6531920433	-1264
12.6579461098	1057
12.6585609913	543
12.6623101234	-1368
12.6625270844	-1368
12.664645195	-1368
12.6648521423	-1420
12.664896965	-1420
12.6649000645	-1264
12.6665711403	543
12.6670210361	1460
12.6670789719	1139
12.6698820591	-1420
12.6698961258	-1316
12.6699631214	-1368
12.6701581478	-1420
12.6702029705	-1316
12.6773409843	543
12.6775929928	1057
12.6970860958	-1368
12.7047021389	543
12.7050690651	1057
12.7316060066	-1368
12.754335165	-1420
12.7544090748	-1316
12.7772490978	-939
12.8359830379	-1368
12.8359999657	-1420
12.836055994	-1316
12.8486750126	-1420
12.8487341404	-1420
12.8487381935	-1264
12.8487861156	-1420
12.848788023	-1420
12.8488349915	-1420
12.8488371372	-1212
12.8488900661	-1368
12.8488931656	-1368
12.8490190506	-1420
12.84902215	-1316
12.8491261005	543
12.8492791653	-1420
12.8492901325	-1316
12.8493430614	-1368
12.8497049809	-1420
12.8497979641	-1420
12.8498001099	-1264
12.849848032	-1368
12.8498501778	-1368
12.8499879837	-1420
12.8499920368	-1420
12.8500111103	-1264
12.850053072	543
12.8501119614	-1420
12.8501141071	-1420
12.8501150608	-1264
12.8501150608	-1420
12.8501160145	-1316
12.8502590656	-1368
12.9006409645	-1420
12.9006590843	-1420
12.9007251263	-1264
12.9243850708	1460
12.9244711399	625
12.9390740395	-842
12.9470009804	-1420
12.947067976	-1316
12.9525640011	-1420
12.9526071548	-1316
12.956799984	543
12.9569380283	-1368
12.9572529793	-1420
12.9572989941	-1316
12.9573481083	-1420
12.9573771954	-1420
12.9573791027	-1264
12.9575209618	543
12.9576210976	-1368
12.9580621719	-1420
12.9581069946	-1316
12.958466053	-1368
12.9606080055	543
12.9607961178	543
12.9711241722	-1420
12.9711329937	-1316
12.9761190414	-1368
12.9761800766	-1368
13.0553481579	-1420
13.0553660393	-1420
13.0554320812	-1420
13.0554361343	-1212
13.0637609959	-752
13.0661351681	-1420
13.0661799908	-1316
13.0672621727	-1420
13.0673091412	-1316
13.0679900646	-1420
13.0680370331	-1316
13.0685801506	-1420
13.0686230659	-1420
13.0686261654	-1264
13.0687201023	543
13.0688631535	-1420
13.0688660145	-1316
13.0690131187	543
13.0691320896	-1368
13.0692150593	543
13.0721170902	543
13.0723011494	543
13.0726561546	543
13.0728311539	543
13.0883681774	-1420
13.0883841515	-1316
13.0936830044	1460
13.0937571526	1460
13.0937960148	1161
13.0939121246	1117
13.0942111015	1460
13.09425807	111
13.1068651676	1460
13.1069381237	111
13.1319000721	-1368
13.1330251694	543
13.1351749897	543
13.1353681087	543
13.135748148	543
13.1359801292	543
13.154184103	543
13.1544210911	543
13.1688511372	-1368
13.171074152	1460
13.1711380482	1460
13.1711850166	193
13.1758551598	543
13.1760890484	543
13.1770160198	-1420
13.1770219803	-1420
13.1771080494	-1264
13.1771111488	-1420
13.1771490574	-1316
13.1772830486	543
13.1881141663	-1150
13.2072770596	-1368
13.2569181919	1460
13.2570040226	625
13.2575139999	543
13.2577180862	543
13.2736470699	-1368
13.2739310265	-1368
13.2745740414	-1420
13.2745790482	-1420
13.2746300697	-1264
13.2748939991	1460
13.2749490738	625
13.3030331135	1460
13.3031210899	625
13.3125741482	-733
13.3126761913	543
13.3274741173	-1368
13.3756220341	-1420
13.3756351471	-1420
13.3756861687	-1264
13.3793730736	-1420
13.3794240952	-1316
13.3878149986	1057
13.4140219688	543
13.4368510246	-704
13.4835209846	-1420
13.4835321903	-1316
13.4890980721	543
13.4969081879	1057
13.4974241257	543
13.497631073	1057
13.4980211258	543
13.4982161522	1057
13.4989030361	543
13.4991149902	1057
13.5020701885	543
13.502259016	1057
13.5024039745	-1368
13.502737999	543
13.502915144	1057
13.5232629776	-1420
13.5232791901	-1420
13.5233371258	-1264
13.5235981941	-1420
13.5236370564	-1420
13.5236411095	-1264
13.5236949921	-1368
13.5236971378	-1368
13.5243971348	-1368
13.5245761871	-1368
13.5253300667	-1420
13.5253350735	-1420
13.5253770351	-1264
13.5330221653	-1420
13.5330770016	-1420
13.5330810547	-1264
13.5414931774	-1420
13.5415091515	-1316
13.5416820049	543
13.5610501766	-976
13.5877141953	-1368
13.5942339897	-1368
13.6442620754	-1368
13.6450390816	-1368
13.6471381187	-1420
13.6471440792	-1316
13.6476609707	-1420
13.6476671696	-1316
13.6477119923	-1420
13.6477150917	-1420
13.6477630138	-1264
13.6485931873	1460
13.6486420631	1460
13.6486871243	193
13.6522769928	-1420
13.6522819996	-1316
13.6562991142	-1420
13.6563050747	-1316
13.662322998	-1420
13.6623380184	-1316
13.6623830795	-1368
13.6666731834	-1368
13.6668710709	543
13.6682419777	-1420
13.6682481766	-1420
13.6682929993	-1264
13.6692700386	-1368
13.6701421738	-1420
13.6701459885	-1316
13.6753821373	-1368
13.6794581413	-1420
13.6795151234	-1316
13.6844251156	-1368
13.6844739914	-1368
13.6846740246	-1420
13.6847140789	-1316
13.6853311062	-38
13.6856191158	1460
13.685667038	1460
13.6857039928	193
13.6887900829	-1368
13.6901700497	-1420
13.6902070045	-1316
13.69176507	-1420
13.6918051243	-1316
13.7097890377	-1368
13.7099621296	-1368
13.7103490829	-1368
13.7105650902	-1368
13.7214970589	-1368
13.7394201756	-1368
13.7488000393	-1368
13.7702040672	1057
13.7770390511	543
13.7772359848	543
13.7901291847	1460
13.7902021408	111
13.7988450527	-1420
13.7988591194	-1420
13.798910141	-1264
13.7990591526	-1368
13.8122811317	-135
13.8126499653	543
13.8128809929	1460
13.8129329681	625
13.8134930134	543
13.8136880398	543
13.8813860416	-1368
13.8877031803	1460
13.8880460262	111
13.8912529945	543
13.8914899826	543
13.9091391563	543
13.9168031216	1057
13.9171710014	1057
13.9176790714	543
13.9178819656	1057
13.9182691574	543
13.9198400974	543
13.9202179909	543
13.9203851223	543
13.9207391739	543
13.9209110737	543
13.9238460064	-1368
13.9282801151	543
13.9284889698	543
13.9420590401	-522
13.9860219955	-1368
14.0032851696	-1420
14.003360033	-1316
14.0069060326	543
14.0118429661	543
14.034607172	543
14.0352101326	543
14.0354220867	543
14.0403990746	-1420
14.0404160023	-1316
14.0800101757	-45
14.0876121521	543
14.0878810883	543
14.0921900272	-1368
14.0979650021	-1368
14.0993700027	-1420
14.0993750095	-1316
14.1040911674	543
14.1162650585	-1420
14.1162860394	-1420
14.1163401604	-1264
14.1163430214	-1420
14.1163790226	-1316
14.1163811684	-1368
14.1284780502	-1368
14.1406669617	-1368
14.1408641338	543
14.1409239769	-1368
14.1559751034	-1368
14.1612830162	-1420
14.1612939835	-1316
14.1905360222	-1368
14.1909739971	-1420
14.1910259724	-1420
14.1910290718	-1420
14.1910719872	-1212
14.1910750866	-1368
14.1916279793	-1420
14.1916320324	-1420
14.1916880608	-1420
14.1916899681	-1212
14.1917381287	-1368
14.1932630539	-1420
14.1933090687	-1316
14.1939611435	-1420
14.1940050125	-1316
14.2239551544	-523
14.2420380116	-1368
14.2890081406	-1368
14.3621470928	-1368
14.3742611408	-1210
14.387622118	543
14.3967101574	-1368
14.3971381187	543
14.3978850842	543
14.3981091976	543
14.4211161137	-1420
14.4211251736	-1316
14.4460601807	-1368
14.448579073	-1420
14.4486401081	-1316
14.4486429691	-1368
14.448775053	-1420
14.4487791061	-1316
14.4659910202	-1420
14.4660000801	-1316
14.4760520458	543
14.4801840782	543
14.4808089733	543
14.4810121059	543
14.5305330753	-235
14.5383591652	-1368
14.5394320488	-1420
14.5394480228	-1420
14.5395190716	-1420
14.539522171	-1212
14.5395600796	-1368
14.5400140285	-1420
14.5400481224	-1420
14.5400509834	-1420
14.5400681496	-1212
14.5400710106	-1368
14.5488991737	543
14.5497221947	-1420
14.5497281551	-1420
14.5497751236	-1264
14.5598161221	-1420
14.5598759651	-1420
14.5598800182	-1264
14.5829939842	-1368
14.6120760441	-1368
14.6540291309	-1368
14.6596231461	-1368
14.6620230675	-1420
14.6620299816	-1316
14.6739091873	543
14.6741809845	543
14.6745650768	543
14.6747500896	543
14.6875870228	-1420
14.6876101494	-1316
14.6894500256	1057
14.7038800716	-905
14.7629041672	-1368
14.7642290592	-1368
14.7738471031	543
14.7740681171	543
14.7969751358	1057
14.8050091267	-1368
14.8258361816	-1368
14.8573150635	-472
14.8695449829	543
14.8699011803	543
14.8737540245	-1368
14.895004034	543
14.9527831078	-1368
14.9690029621	-1368
14.9854860306	-1420
14.9854981899	-1316
14.985984087	1057
14.9864280224	543
14.9866211414	543
14.9873280525	-1420
14.9873330593	-1420
14.9873709679	-1264
14.9880940914	543
14.9884359837	543
14.9886181355	1057
14.9975471497	-1420
14.9975509644	-1420
14.9975931644	-1264
14.9981870651	-1368
14.9986979961	-1420
14.9987020493	-1420
14.9987959862	-1264
14.9987990856	-1420
14.9988360405	-1420
14.9988381863	-1420
14.9988729954	-1212
14.9993560314	-1420
14.9993770123	-1420
14.999379158	-1420
14.999404192	-1212
14.9994351864	-1368
14.9994530678	-1420
14.9994561672	-1420
14.9994809628	-1264
14.9996571541	-1420
14.9997041225	-1316
15.00446105	-30
15.0052871704	543
15.0055251122	543
15.0366151333	-1420
15.0366301537	-1316
15.0392839909	1057
15.0394940376	1057
15.0705490112	-1420
15.070567131	-1420
15.0706350803	-1264
15.0917081833	-1368
15.0948631763	543
15.1565151215	-132
15.1702589989	-1368
15.1704030037	-1420
15.170427084	-1420
15.1704781055	-1420
15.1704809666	-1212
15.1705181599	-1420
15.1705200672	-1420
15.1705551147	-1264
15.1705570221	-1368
15.1856350899	-1420
15.1856491566	-1316
15.1857039928	-1368
15.2302119732	543
15.2808160782	-807
15.2898981571	-1420
15.2899050713	-1316
15.2900571823	-1368
15.3941910267	-1368
15.401058197	-1368
15.4052660465	-559
15.405654192	543
15.4070780277	543
15.4073281288	1057
15.4075660706	543
15.4077591896	543
15.4300839901	543
15.4455430508	-1368
15.4458780289	-1368
15.4460821152	-1420
15.4460861683	-1420
15.4461350441	-1420
15.4461371899	-1212
15.4462029934	-1368
15.4593741894	543
15.459621191	543
15.4743931293	-1420
15.4744000435	-1316
15.4745290279	-1420
15.4745330811	-1316
15.4746379852	-1420
15.4746410847	-1316
15.4749000072	-1420
15.474905014	-1316
15.4749591351	-1368
15.4842631817	-1420
15.4843301773	-1420
15.4843330383	-1264
15.4987020493	-1420
15.4987120628	-1316
15.513076067	-1420
15.5130901337	-1316
15.5131471157	-1368
15.5140581131	543
15.5143361092	543
15.5146050453	543
15.5148150921	543
15.5293850899	-586
15.5357320309	-1368
15.5360751152	-1368
15.5363271236	-1420
15.5363819599	-1316
15.5364229679	-1420
15.536452055	-1420
15.5364539623	-1264
15.5475180149	543
15.5478060246	543
15.5953171253	543
15.5961079597	-1420
15.5961129665	-1420
15.596157074	-1264
15.5962350368	-1368
15.5964200497	-1420
15.5964221954	-1420
15.5964591503	-1264
15.5965321064	543
15.6568610668	-1184
15.6974430084	543
15.6976780891	543
15.7311410904	-1420
15.7311580181	-1316
15.7423751354	-1368
15.7423820496	-1368
15.7445240021	-1368
15.7447030544	543
15.7450690269	1057
15.7453420162	1460
15.745388031	1460
15.7454330921	707
15.7458910942	543
15.7460830212	543
15.7813839912	-501
15.7906169891	543
15.790856123	543
15.8489229679	-1368
15.8667140007	-1368
15.8667750359	-1368
15.8705739975	543
15.8708171844	543
15.9057741165	-95
15.9268271923	543
15.947065115	-1420
15.9470841885	-1316
15.9471490383	-1420
15.9471521378	-1316
15.9593119621	-1420
15.9593291283	-1316
16.0105230808	-1420
16.0105381012	-1420
16.0106010437	-1264
16.0240800381	543
16.024353981	1057
16.0298900604	-770
16.0324811935	-1420
16.0325331688	-1420
16.0325369835	-1420
16.0325751305	-1212
16.0369131565	543
16.037115097	543
16.0372941494	1057
16.0374660492	543
16.0379321575	543
16.0381240845	1057
16.0472049713	-1420
16.0472111702	-1316
16.0562951565	543
16.0568110943	543
16.0570170879	543
16.0640070438	1057
16.0751681328	543
16.0756220818	543
16.0868880749	1460
16.0869631767	1139
16.1001009941	-1368
16.1544339657	-878
16.2423591614	-1368
16.2788960934	-232
16.2963299751	543
16.2965431213	543
16.4030101299	-543
16.473441124	-1368
16.4736611843	-1420
16.4737050533	-1316
16.4742040634	-1420
16.4742469788	-1316
16.4745090008	-1420
16.4745290279	-1420
16.4745321274	-1420
16.474558115	-1212
16.4753739834	-1420
16.4754390717	-1316
16.4754521847	-1368
16.4756391048	-1420
16.4756419659	-1316
16.4756681919	-1368
16.4759910107	-1368
16.4763791561	543
16.4869790077	1057
16.4877340794	543
16.4879510403	543
16.4883151054	543
16.4885001183	543
16.4888291359	-1420
16.4888341427	-1420
16.4888660908	-1264
16.5320370197	-1368
16.5368571281	543
16.5823020935	-831
16.5825431347	543
16.5934200287	-1420
16.5934350491	-1316
16.6260330677	-1420
16.6260490417	-1420
16.62611413	-1264
16.659607172	-1368
16.6598091125	-1420
16.6598141193	-1420
16.6598541737	-1264
16.6626579762	-1420
16.6627120972	-1316
16.6627151966	-1368
16.6629111767	-1420
16.6629230976	-1420
16.6629681587	-1264
16.6630651951	-1368
16.6631920338	-1368
16.6633160114	-1368
16.6633880138	-1368
16.6635351181	-1420
16.6635780334	-1316
16.6638050079	-1420
16.6638481617	-1420
16.6638510227	-1264
16.6640031338	543
16.6642301083	-1420
16.6642351151	-1420
16.6642861366	-1264
16.664288044	-1368
16.6644539833	-1420
16.6644670963	-1316
16.6644980907	-1420
16.6644999981	-1316
16.6646311283	-1420
16.6646351814	-1420
16.6646811962	-1264
16.6646840572	-1368
16.6774020195	-1420
16.6774179935	-1316
16.6774611473	-1368
16.6775510311	543
16.6777131557	543
16.6779360771	543
16.6975281239	-1368
16.7064020634	-62
16.7094931602	-1420
16.709498167	-1316
16.7096440792	-1420
16.7096560001	-1420
16.7096960545	-1264
16.7100450993	-1420
16.7100741863	-1420
16.7100760937	-1264
16.7103011608	-1420
16.7103049755	-1420
16.7103691101	-1264
16.710381031	-1368
16.7105209827	-1420
16.7105331421	-1316
16.7105720043	-1368
16.7106750011	-1420
16.7107040882	-1316
16.7107679844	-1368
16.7169291973	543
16.7175810337	-1420
16.7175869942	-1316
16.7204930782	543
16.7206990719	543
16.7502441406	-1420
16.7502560616	-1316
16.7839610577	-1420
16.7839770317	-1316
16.7840251923	-1420
16.7840280533	-1316
16.7869901657	-1420
16.7869951725	-1316
16.7871820927	-1420
16.7871851921	-1420
16.7872130871	-1264
16.7873210907	-1420
16.7873671055	-1316
16.7874929905	-1368
16.7875220776	-1368
16.7876420021	-1420
16.7876791954	-1420
16.7876811028	-1264
16.7878620625	543
16.7879741192	-1368
16.7880470753	-1420
16.788077116	-1316
16.7880790234	-1368
16.7882909775	543
16.7884581089	543
16.788683176	-1420
16.7886869907	-1316
16.7887270451	-1368
16.7888541222	-1420
16.7889490128	-1420
16.7889521122	-1264
16.7890121937	-1420
16.7890150547	-1316
16.7890510559	-1368
16.7890529633	-1368
16.7897889614	543
16.7899889946	543
16.8014781475	-1420
16.8014860153	-1420
16.8015241623	-1264
16.8017041683	-1368
16.8312270641	-1420
16.8312380314	-1316
16.8336861134	-1420
16.8336901665	-1316
16.8338711262	543
16.833990097	-1420
16.8340010643	-1420
16.8340570927	-1264
16.8340799809	-1368
16.8342161179	-1420
16.8342189789	-1316
16.8343391418	543
16.8344581127	-1420
16.8344709873	-1420
16.8345460892	-1264
16.834551096	-1368
16.8347129822	-1420
16.8347160816	-1271
16.8485660553	543
16.9589731693	-1086
17.0407471657	-1368
17.0427880287	1057
17.043389082	-1420
17.0433950424	-1420
17.0434501171	-1264
17.0434529781	-1368
17.0467951298	543
17.0509011745	-1420
17.050907135	-1420
17.0509669781	-1264
17.0510630608	-1368
17.0687541962	-1368
17.0693671703	-1368
17.0697071552	-1368
17.0709860325	-1420
17.071007967	-1316
17.0713231564	-1420
17.0713629723	-1420
17.0713670254	-1264
17.0716841221	-1368
17.0717661381	-1368
17.0718400478	-1420
17.071844101	-1316
17.0721530914	-1420
17.0721580982	-1420
17.0721800327	-1264
17.0722551346	-1420
17.0722789764	-1420
17.0722820759	-1264
17.0723869801	-1368
17.0725719929	-1420
17.0726161003	-1420
17.0726189613	-1264
17.0726571083	-1368
17.0727610588	-1420
17.0728051662	-1316
17.0728521347	-1420
17.0728740692	-1316
17.0808951855	543
17.0883581638	-1420
17.0883691311	-1316
17.1150040627	-1368
17.1233501434	-858
17.2109000683	-1368
17.2169799805	-1368
17.2205350399	-1368
17.2241311073	543
17.2273230553	-1420
17.2273280621	-1316
17.2281680107	543
17.2283921242	1057
17.2288060188	543
17.2291409969	543
17.2293441296	543
17.2391359806	-1368
17.2448949814	543
17.2473921776	-849
17.2984330654	-1368
17.3046381474	543
17.3048560619	543
17.3742420673	-1420
17.3742589951	-1316
17.4067680836	-1420
17.4067940712	-1420
17.4068319798	-1264
17.4113051891	-704
17.4329581261	-1368
17.5044879913	-1368
17.50477314	-1420
17.5048191547	-1316
17.5048780441	-1368
17.505136013	-1368
17.5052480698	-1420
17.5052921772	-1316
17.5055031776	-1420
17.5055081844	-1316
17.5055761337	-1420
17.5055789948	-1316
17.5056819916	-1420
17.505685091	-1420
17.5057201385	-1264
17.5057229996	-1368
17.5057690144	-1368
17.5062520504	-1420
17.5063040257	-1420
17.5063071251	-1264
17.5063450336	-1420
17.5063471794	-1420
17.5063831806	-1264
17.5121340752	1057
17.5127260685	543
17.5129630566	543
17.5133941174	543
17.5136079788	543
17.5372071266	-1420
17.5372130871	-1420
17.5372591019	-1264
17.5568630695	-1420
17.5569181442	-1316
17.5570380688	543
17.5570771694	-283
17.588034153	-1368
17.588242054	-1368
17.6411631107	-1420
17.6411709785	-1316
17.712097168	-240
17.7122631073	543
17.7457649708	-1368
17.8365910053	-1289
17.8507611752	-1368
17.8571481705	1057
17.8576900959	543
17.8578910828	543
17.9750440121	-804
17.993997097	-1368
18.0001761913	543
18.0003831387	543
18.0690970421	-1420
18.0691051483	-1316
18.0771491528	543
18.0773530006	543
18.1183321476	-667
18.2097551823	-1368
18.210018158	-1368
18.2104260921	-1368
18.2105240822	-1420
18.2106180191	-1316
18.2106211185	-1420
18.2106590271	-1316
18.2106621265	-1368
18.2111530304	-1368
18.211356163	-1420
18.2113990784	-1316
18.2116260529	-1368
18.2120740414	-1420
18.2120780945	-1420
18.2121191025	-1264
18.2125790119	-1420
18.2126231194	-1316
18.2128641605	-1420
18.2128829956	-1316
18.2132639885	-1368
18.2168750763	543
18.2273690701	543
18.2275900841	543
18.2856431007	-1420
18.2856600285	-1420
18.2857170105	-1420
18.2857210636	-1212
18.3243579865	-557
18.3264291286	1057
18.4769961834	-543
18.6605241299	-1086
18.6612281799	543
18.6614370346	543
18.7344071865	-1368
18.7367379665	1057
18.7849071026	-1318
18.7854521275	543
18.7856500149	543
18.8791661263	-1420
18.8791849613	-1316
18.8979029655	-1368
18.8984460831	543
18.8986430168	543
18.9459440708	-124
18.9503359795	543
18.9505419731	543
19.0702559948	-1057
19.0773541927	543
19.0775940418	543
19.1906220913	-1368
19.1945531368	-232
19.2124149799	-1420
19.2124211788	-1420
19.2124650478	-1264
19.2128381729	-1420
19.21291399	-1420
19.2129251957	-1264
19.2129740715	-1420
19.2129771709	-1420
19.2130131721	-1264
19.2131361961	543
19.2951090336	-1368
19.3186759949	-372
19.3347160816	-543
19.3994750977	-1368
19.4442579746	-203
19.5133290291	-1368
19.5370481014	-1368
19.5371210575	-1420
19.5371870995	-1316
19.5704391003	-870
19.5706551075	543
19.6168000698	-1420
19.6168050766	-1420
19.6168580055	-1264
19.6170511246	-1420
19.6171030998	-1316
19.6214821339	-1368
19.7034499645	-132
19.7865869999	-1368
19.8422341347	-775
19.891272068	1057
19.9695630074	-1086
19.9768610001	543
19.9774570465	543
19.9777100086	543
19.9779510498	543
19.9781661034	1057
19.9785029888	543
19.9786779881	1057
19.9930241108	1057
19.9934670925	543
19.9936699867	1057
19.9940421581	543
19.9942481518	1057
20.0711300373	-1368
20.1028151512	-717
20.2270770073	-1057
20.2277450562	543
20.2279829979	543
20.5342409611	1057
20.5599031448	543
20.5738561153	1460
20.5739760399	625
20.5871989727	543
20.5874409676	1057
20.6295490265	-543
20.6975021362	543
20.7070431709	-1368
20.7079181671	-1420
20.7079820633	-1420
20.7080330849	-1264
20.7080700397	-1420
20.7081069946	-1316
20.7082540989	-1368
20.7083501816	-1368
20.708479166	543
20.735473156	-1368
20.735574007	-1420
20.735678196	-1420
20.735681057	-1264
20.7357280254	-1420
20.7357311249	-1420
20.7357671261	-1420
20.7357690334	-1212
20.7509601116	-1420
20.7509801388	-1420
20.7510380745	-1264
20.7530419827	-1368
20.7535350323	-1420
20.7535400391	-1316
20.7613739967	1460
20.7614741325	111
20.8074781895	543
20.8077721596	1460
20.8078300953	111
20.8220920563	-1420
20.8221051693	-1316
20.8223211765	-1368
20.8506360054	-1420
20.8507061005	-1316
20.8508570194	543
20.8615500927	-109
20.867467165	543
20.8677411079	1057
20.8679981232	543
20.8682351112	1057
20.8684711456	543
20.868678093	1057
20.9143719673	543
20.9146440029	1057
20.9809219837	-1368
21.0089249611	-1368
21.0135960579	-435
21.1812901497	-1057
21.3054730892	-1057
21.3107271194	543
21.3110179901	1057
21.3112630844	543
21.3114881516	543
21.3504099846	-1368
21.3504281044	-1368
21.3505601883	-1368
21.3507130146	-1368
21.3723800182	-1368
21.4064791203	-1420
21.4065539837	-1316
21.4065580368	-1368
21.4351680279	-53
21.5593450069	-543
21.6364340782	-1368
21.6364490986	-1368
21.6366319656	-1368
21.6444680691	-1420
21.6445140839	-1316
21.7354090214	-1073
21.7479650974	-1368
21.7483661175	-1420
21.7484161854	-1316
21.7488901615	-1420
21.7489299774	-1316
21.7493910789	-1368
21.7500481606	-1368
21.780351162	543
21.7806169987	543
21.8319180012	-1368
21.8564231396	-1420
21.8564960957	-1316
21.8567709923	-1368
21.8569891453	-1420
21.8569920063	-1420
21.8570411205	-1420
21.8570439816	-1212
21.8570899963	-1368
21.8570921421	-1420
21.8571581841	-1420
21.8571610451	-1264
21.8597860336	-114
21.8792619705	543
21.9102141857	1460
21.9103009701	111
21.9296560287	-1420
21.9296720028	-1316
21.9297740459	-1420
21.9297771454	-1316
21.9298150539	-1368
21.9313721657	-1420
21.9314169884	-1316
21.931636095	-1368
21.9347951412	543
21.958878994	-1420
21.9588940144	-1420
21.9589521885	-1264
21.977763176	-1420
21.9778401852	-1420
21.977845192	-1264
21.978479147	-1368
21.9785599709	-1368
21.9790861607	-1420
21.9790890217	-1420
21.9791340828	-1264
21.9799289703	-1420
21.979968071	-1420
21.9799871445	-1264
21.9805951118	-1420
21.9805979729	-1420
21.9806280136	-1264
21.9811880589	-1368
21.9815070629	-1420
21.9815101624	-1316
21.98199296	-1420
21.9819960594	-1420
21.982033968	-1264
21.982432127	543
21.982779026	-1420
21.9827840328	-1420
21.9828259945	-1264
21.9833791256	-1368
21.9835641384	-1420
21.9835681915	-1316
22.0000920296	543
22.0233280659	-966
22.0398330688	-1420
22.0398921967	-1420
22.0398960114	-1420
22.039935112	-1212
22.040086031	-1420
22.0400891304	-1316
22.0401501656	-1368
22.0402431488	543
22.0404100418	-1420
22.0404121876	-1420
22.0404531956	-1264
22.040553093	543
22.0497810841	543
22.0711331367	-1420
22.071144104	-1420
22.0712060928	-1264
22.0989511013	-1420
22.0990281105	-1420
22.0990321636	-1420
22.0990691185	-1212
22.0990710258	-1420
22.099088192	-1316
22.0991511345	-1420
22.0991799831	-1316
22.0994939804	-1420
22.0995340347	-1420
22.0995361805	-1264
22.1043159962	-1368
22.1234931946	-1420
22.1235530376	-1420
22.1235570908	-1264
22.1235749722	-1368
22.1237010956	543
22.1639480591	-399
22.1904699802	543
22.1907441616	1460
22.1907980442	111
22.268748045	-1368
22.2693309784	-1420
22.2693769932	-1420
22.2693800926	-1264
22.2816560268	543
22.2845611572	1057
22.2879359722	-812
22.3322620392	-1368
22.3353700638	-1368
22.3441371918	-1368
22.3541271687	1460
22.354211092	111
22.3546690941	543
22.4151949883	-1420
22.4152081013	-1316
22.4272871017	543
22.4275541306	1057
22.4440300465	-986
22.4443640709	1460
22.4444191456	111
22.4448361397	543
22.4798810482	-1420
22.4798960686	-1316
22.5075070858	543
22.5078389645	543
22.5081400871	543
22.5083711147	1057
22.5682661533	-377
22.6174399853	543
22.6178750992	1057
22.6995069981	1057
22.7939150333	-543
22.8667709827	-1420
22.866836071	-1316
22.866863966	-1420
22.8668920994	-1420
22.866918087	-1264
22.866945982	-1368
22.8669631481	-1368
22.8670389652	-1420
22.8670699596	-1316
22.877259016	543
22.9767951965	-1284
23.044768095	-1420
23.044836998	-1316
23.0861470699	-1420
23.0862209797	-1316
23.1404349804	-269
23.1516690254	-1368
23.1520180702	-1368
23.1599040031	-1420
23.1599450111	-1316
23.1599481106	-1368
23.1604590416	-1368
23.1609520912	-1368
23.1610891819	-1368
23.1611251831	543
23.1613481045	-1420
23.1613531113	-1316
23.1797761917	-1420
23.1797850132	-1316
23.1798319817	-1368
23.180036068	-1368
23.180462122	-1420
23.1804661751	-1316
23.1807310581	-1420
23.1807351112	-1420
23.1807730198	-1264
23.1816461086	-1368
23.1820881367	-1420
23.1820921898	-1420
23.1821300983	-1264
23.1823580265	-1420
23.1823971272	-1316
23.1827759743	-1368
23.1833319664	-1420
23.1833360195	-1316
23.1838049889	-1420
23.183809042	-1316
23.1849081516	-1420
23.1849119663	-1420
23.184939146	-1264
23.1865820885	543
23.1900351048	1086
23.1943471432	-1420
23.1943640709	-1316
23.2127850056	-1368
23.2128620148	-1368
23.2131261826	-1368
23.2134380341	-1420
23.2135031223	-1420
23.2135059834	-1264
23.2135901451	-1420
23.2135939598	-1316
23.2136790752	-1368
23.2143311501	543
23.2145240307	1057
23.2330811024	-1420
23.2330980301	-1420
23.233148098	-1264
23.2568130493	-1420
23.2568600178	-1316
23.2780811787	-629
23.3504891396	543
23.3507680893	1057
23.4433021545	-1420
23.4433181286	-1420
23.4433751106	-1264
23.4433779716	-1420
23.4434211254	-1316
23.4436101913	543
23.4496331215	-443
23.5101470947	-1420
23.5101661682	-1420
23.5102221966	-1264
23.5347840786	-1420
23.5348010063	-1420
23.5348610878	-1420
23.5348629951	-1212
23.5375261307	-1368
23.5376310349	-1420
23.5376720428	-1316
23.5435521603	1460
23.5436031818	1460
23.5436410904	707
23.5443930626	1460
23.5444409847	111
23.5694181919	-1420
23.5694291592	-1420
23.5694830418	-1420
23.5694861412	-1212
23.5743739605	-1420
23.5743780136	-1316
23.5769240856	543
23.5869390965	-48
23.6037540436	-1368
23.6600911617	-1420
23.6601099968	-1316
23.6640110016	543
23.6653289795	1057
23.6934809685	-1420
23.6934981346	-1420
23.6935579777	-1420
23.6935610771	-1420
23.6935970783	-1420
23.6936011314	-1108
23.6936450005	-1420
23.6936471462	-1316
23.7286550999	-32
23.7370259762	543
23.7372641563	543
23.7404031754	-1420
23.7404100895	-1420
23.7404551506	-1264
23.7492470741	-1368
23.7492880821	-1420
23.7500221729	-1316
23.7908191681	-1420
23.7908461094	-1316
23.7910439968	543
23.8528521061	-538
23.8656620979	543
23.8659431934	1057
23.8969621658	543
23.9336490631	-1420
23.9336760044	-1316
23.9367880821	-1420
23.9367930889	-1316
23.9368290901	-1368
23.946917057	1057
23.9753010273	-1420
23.9753170013	-1420
23.9753780365	-1264
23.9768800735	-1023
24.0379111767	-1368
24.0516421795	-1420
24.051721096	-1420
24.0517280102	-1264
24.0519301891	-1368
24.0521261692	-1420
24.0521731377	-1420
24.052175045	-1264
24.0523409843	-1368
24.0525550842	-1420
24.0526001453	-1316
24.052670002	543
24.0797669888	-1420
24.0797810555	-1420
24.0798380375	-1264
24.1011140347	-127
24.1425321102	-1420
24.1425490379	-1316
24.2253251076	-377
24.2342970371	543
24.2346200943	1460
24.234675169	1460
24.2347221375	707
24.3512461185	-1368
24.3530521393	-1368
24.3590710163	-1007
24.3664851189	-1368
24.366546154	-1420
24.3665590286	-1420
24.3665809631	-1264
24.3711280823	543
24.3714761734	543
24.3716859818	543
24.3727450371	1057
24.3929331303	-1368
24.4004371166	-1420
24.4004740715	-1316
24.4008309841	-1420
24.4009151459	-1420
24.4009180069	-1420
24.4009590149	-1212
24.4009621143	-1368
24.4033169746	543
24.4574530125	-1368
24.4575819969	-1420
24.4576401711	-1316
24.4829189777	-1420
24.4829790592	-1316
24.4829881191	-1368
24.506896019	-367
24.5069210529	-1420
24.5069680214	-1316
24.5458111763	-1420
24.54591012	-1420
24.5459141731	-1264
24.5459611416	-1368
24.546033144	-1420
24.5460829735	-1316
24.5462701321	-1420
24.5463001728	-1420
24.5463020802	-1264
24.5590810776	-1420
24.5590901375	-1316
24.5591421127	-1368
24.5594480038	-1420
24.559499979	-1316
24.559579134	-1368
24.5597720146	-1420
24.5597760677	-1316
24.5600950718	543
24.5853741169	-1368
24.5854389668	-1420
24.5854899883	-1316
24.6074111462	-1150
24.6076040268	543
24.671818018	543
24.6743071079	1057
24.6800200939	-1420
24.6800341606	-1420
24.6801040173	-1420
24.6801071167	-1212
24.6930201054	-1420
24.6930301189	-1420
24.6930840015	-1264
24.715567112	-1368
24.7318131924	-1023
24.8561351299	-1086
24.9129910469	-1420
24.9130051136	-1420
24.9130589962	-1264
24.9136061668	-1368
24.9153301716	-1420
24.915336132	-1420
24.9153800011	-1264
24.9305341244	543
24.9307711124	1057
24.9825701714	1057
24.9830861092	543
24.98320508	-1420
24.9832081795	-1316
24.9832091331	-1368
24.9850180149	-1420
24.9850521088	-1420
24.9850540161	-1264
24.9854271412	-1368
24.9878981113	543
24.9882149696	1057
25.0003590584	1057
25.0211930275	-185
25.0502781868	-1420
25.0503470898	-1420
25.0503511429	-1264
25.1281840801	-1368
25.1744160652	-269
25.1746211052	543
25.1862111092	-1368
25.1864190102	-1420
25.1864671707	-1316
25.1865561008	-1420
25.1865949631	-1420
25.1865980625	-1264
25.1901581287	543
25.2334721088	-1420
25.2334911823	-1420
25.2335371971	-1264
25.2335410118	-1368
25.2708899975	-1420
25.2709071636	-1316
25.2985510826	-836
25.3235480785	-1368
25.3870911598	-1368
25.4216971397	1057
25.4476811886	-406
25.465914011	-1420
25.4659721851	-1420
25.4659781456	-1420
25.4660010338	-1212
25.4726271629	-1420
25.4726891518	-1420
25.4726920128	-1264
25.4944269657	-1420
25.4944410324	-1420
25.4945030212	-1264
25.5533139706	-1368
25.5568370819	543
25.567054987	543
25.5675251484	543
25.5677399635	543
25.5703279972	-1368
25.5901241302	-807
25.5992729664	-1368
25.6547691822	-1368
25.6552541256	-1368
25.6555380821	-1420
25.6555430889	-1316
25.6564481258	-1420
25.6564540863	-1420
25.6565060616	-1264
25.6565079689	-1420
25.65655303	-1316
25.6570081711	-1420
25.6570131779	-1316
25.6571421623	-1420
25.6571450233	-1316
25.6572749615	-1368
25.6573500633	-1368
25.6574840546	-1420
25.6574881077	-1316
25.6575241089	-1368
25.6575620174	-1420
25.6575801373	-1316
25.6584441662	543
25.6671090126	543
25.6673669815	1460
25.6674141884	111
25.7033100128	-1420
25.7033259869	-1316
25.7034649849	-1368
25.7141439915	-441
25.7164921761	-1420
25.7164959908	-1420
25.7165381908	-1264
25.8383159637	-609
25.9139661789	-1368
25.9228291512	-1420
25.9228360653	-1420
25.9229230881	-1264
25.9229261875	-1420
25.9229650497	-1420
25.9229691029	-1264
25.9231221676	-1368
25.9320251942	543
25.9325380325	543
25.9682459831	543
25.9685101509	543
25.9976761341	-1420
25.9976911545	-1420
25.9977481365	-1264
26.0022699833	-604
26.0154480934	-1368
26.018543005	-1420
26.0186040401	-1316
26.1395051479	-1123
26.1593501568	-1420
26.1593651772	-1316
26.1624569893	-1368
26.2836380005	-1094
26.3005859852	543
26.3008391857	1057
26.3419291973	1057
26.3468840122	1057
26.4078061581	-543
26.4415400028	543
26.4418311119	543
26.5311381817	-1368
26.5491890907	-261
26.5864770412	-1420
26.5864930153	-1420
26.5865590572	-1264
26.5980319977	-1420
26.5980889797	-1316
26.5984501839	-1368
26.6360821724	-1368
26.6735701561	-1363
26.6873099804	543
26.6875760555	1057
26.8117320538	-543
26.9362211227	-1057
26.9731960297	-1368
26.9733459949	543
26.9765181541	-1420
26.9765241146	-1316
27.0089271069	-1368
27.0316860676	-1420
27.0317680836	-1420
27.0317730904	-1264
27.0974981785	-364
27.1787171364	-1368
27.27333498	-804
27.2851281166	-1420
27.2851381302	-1316
27.2909810543	543
27.2912361622	1057
27.3891861439	-1368
27.3975431919	-66
27.4101090431	543
27.4111039639	543
27.4113240242	543
27.4373521805	-1420
27.4373719692	-1420
27.4374279976	-1264
27.493129015	-1368
27.5216670036	-1355
27.6102871895	1057
27.6459040642	-543
27.6463611126	1057
27.6465940475	543
27.6470530033	543
27.7467091084	-1368
27.7712931633	-1231
27.777821064	543
27.7780921459	1460
27.7781469822	111
27.7883741856	543
27.8366250992	-1368
27.8758239746	-1368
27.9026281834	-493
28.0073370934	-1368
28.0874791145	-804
28.1117081642	-1420
28.1117351055	-1420
28.1117930412	-1264
28.1769731045	-1420
28.1769900322	-1316
28.1770510674	-1368
28.21175313	-132
28.216668129	-1368
28.2175061703	543
28.2226681709	1057
28.2268481255	543
28.2646751404	-1420
28.2646870613	-1316
28.3210470676	-1368
28.335777998	-812
28.3584530354	1460
28.3585350513	1460
28.358574152	193
28.4738910198	-543
28.6554400921	-543
28.8055889606	-1420
28.8056051731	-1420
28.8056631088	-1264
28.834733963	-1420
28.8347461224	-1420
28.8348259926	-1264
28.834829092	-1420
28.834882021	-1316
28.8406319618	-1368
28.8453140259	-198
28.8484151363	543
28.852725029	1460
28.8527770042	111
28.9227490425	-1420
28.9227790833	-1316
28.9228260517	-1420
28.9228281975	-1316
28.9235520363	-1368
28.9256470203	1057
28.9667510986	-1420
28.9667680264	-1420
28.9668331146	-1264
28.9693570137	-538
28.9695541859	543
29.0839259624	-1368
29.0934591293	-775
29.442054987	-543
29.5050141811	-1420
29.5051109791	-1316
29.5051510334	-1420
29.5051879883	-1316
29.5052230358	-1368
29.5359690189	-543
29.5823919773	-1420
29.582460165	-1420
29.5824999809	-1264
29.6064510345	-1023
29.65498209	-1420
29.6550431252	-1316
29.6872730255	-1368
29.7306981087	-1094
29.7310891151	1057
29.7568490505	543
29.7716960907	543
29.7909851074	-1368
29.8551530838	-1231
29.9793591499	-543
30.2153611183	-543
30.2798609734	543
30.2866671085	1057
30.3024501801	-1420
30.3025000095	-1316
30.3395621777	-1368
30.3396081924	-66
30.5802161694	1057
30.6104741096	543
30.6107289791	1057
30.6155450344	-1057
30.6372590065	543
30.6375060081	543
30.7161920071	-1420
30.7161979675	-1316
30.7162461281	-1420
30.7162489891	-1420
30.7162921429	-1264
30.716435194	543
30.7167870998	-1368
30.7302680016	-1420
30.7303330898	-1316
30.7303450108	-1368
30.7501151562	-198
30.8342959881	-1368
30.8343720436	-1368
30.8744220734	-891
30.9989650249	-1086
31.0725550652	-1420
31.0726220608	-1420
31.0726621151	-1264
31.0734660625	543
31.0900130272	-1368
31.1505901814	-1420
31.1506180763	-1316
31.1623570919	-1160
31.1624970436	543
31.163161993	1057
31.2828130722	-1368
31.291834116	-1368
31.2919299603	-1368
31.2961330414	-95
31.3377220631	1057
31.3383100033	543
31.7965190411	-1420
31.7965650558	-1316
31.7966220379	-891
31.798926115	543
31.8040721416	-1420
31.8040771484	-1316
31.9008030891	-1420
31.900812149	-1420
31.9008610249	-1264
31.9232110977	-957
31.9233591557	543
32.0050389767	-1420
32.005051136	-1316
32.0051021576	-1368
32.005988121	1057
32.0202021599	-1368
32.0205199718	-1420
32.0206201077	-1420
32.0206229687	-1264
32.020663023	-1420
32.0206661224	-1420
32.02070117	-1264
32.0477590561	-430
32.0876820087	-1420
32.0876991749	-1420
32.0877649784	-1264
32.1243970394	-1368
32.1723330021	-1326
32.3263201714	-1057
32.4703211784	-1420
32.4703371525	-1316
32.5321471691	-377
32.5360980034	1057
32.6419651508	-1420
32.641972065	-1316
32.656099081	-377
32.6561841965	543
32.8005440235	543
32.8205080032	-1057
32.8297450542	1057
32.9448530674	-1086
33.0706191063	-543
33.1988930702	543
33.1992499828	1057
33.2346141338	-543
33.4049670696	-543
33.4603590965	-1368
33.4603800774	-1368
33.5188410282	-1420
33.5188560486	-1420
33.51892519	-1264
33.5935649872	-957
33.6102211475	1460
33.6102881432	1139
33.6210119724	1057
33.6641919613	-1420
33.6641991138	-1316
33.7336220741	-377
33.733738184	543
33.7863090038	-1368
33.8602190018	-1260
33.8619120121	543
33.8622331619	543
33.9861040115	-543
34.000120163	543
34.1021111012	-1420
34.1021170616	-1316
34.10247612	-1420
34.1024811268	-1316
34.1027481556	-1368
34.1039261818	-1368
34.1040220261	-1420
34.1040589809	-1316
34.1885750294	-1420
34.1885931492	-1316
34.1887691021	543
34.1889491081	-1420
34.1889531612	-1420
34.1890220642	-1264
34.1890280247	-1368
34.1890711784	-1420
34.1890821457	-1420
34.1891200542	-1264
34.1891231537	-1368
34.1891860962	-1420
34.1891880035	-1316
34.1895730495	-1420
34.1895771027	-1420
34.1896209717	-1264
34.1896240711	-1368
34.2050480843	-1368
34.2263731956	-130
34.2477881908	-1368
34.2479491234	-1368
34.2480740547	-1420
34.2480871677	-1420
34.2481291294	-1264
34.2481319904	-1420
34.2481980324	-1316
34.2482001781	-1420
34.2482471466	-1316
34.2483930588	543
34.2725760937	-1420
34.272591114	-1316
34.309030056	-1420
34.3090510368	-1420
34.3091061115	-1264
34.3092391491	543
34.3719520569	-69
34.3992869854	-1420
34.3993430138	-1316
34.4143071175	-1368
