0	-543
0.0339250564575	1057
0.528584003448	-543
1.52085900307	-543
1.5226380825	543
1.54529690742	1057
1.63253688812	-543
2.45341205597	-543
2.70477795601	-1368
2.70486187935	-203
2.71191191673	-1368
2.71198701859	-1368
2.82758808136	-1368
2.82763195038	-1368
2.82764005661	-1368
2.83624505997	-414
2.84639406204	-1368
2.84643793106	-1368
2.84644603729	-1368
2.97008705139	-1368
2.97040510178	-1368
2.97043204308	-1368
2.9704580307	-1368
2.97052693367	-1368
2.97057294846	-1368
2.97075009346	543
2.98095488548	-1368
2.98124790192	-944
2.99002194405	1368
2.99536395073	-1368
2.99538898468	-1368
2.99605107307	1368
3.00139188766	-1368
3.00967907906	1368
3.04245591164	1368
3.06775903702	1368
3.08602809906	-1368
3.08605909348	-1368
3.0960290432	1368
3.09748506546	-1368
3.09946894646	480
3.10999393463	-675
3.27067303658	1086
3.29360103607	-543
3.31364107132	1368
3.31753993034	1368
3.32346105576	1368
3.33342504501	1368
3.36939096451	-1368
3.36942195892	-1368
3.39951395988	870
3.42311787605	-377
3.4240629673	1368
3.42426109314	1368
3.42437291145	1368
3.42459392548	1368
3.4248380661	1368
3.42484307289	1368
3.42496299744	1368
3.42496800423	1368
3.42543888092	1368
3.42585396767	1368
3.4504339695	1368
3.45431399345	1368
3.45438408852	1368
3.45449495316	1368
3.47199892998	-1368
3.55290293694	-717
3.55294108391	902
3.55377602577	1368
3.5538520813	1368
3.55388307571	1368
3.55398797989	1368
3.55399107933	1368
3.57495999336	1368
3.57497406006	1368
3.57509493828	1368
3.60574293137	1368
3.66580104828	-1368
3.68184304237	-1231
3.68186903	741
3.68255209923	1368
3.68259501457	1368
3.68272995949	1368
3.68273496628	1368
3.68288302422	1368
3.73505997658	1368
3.73506808281	1368
3.77404999733	-1368
3.77409601212	-1368
3.77414608002	-1368
3.7741920948	-1368
3.77423191071	-1368
3.77427387238	-1368
3.77431106567	-1368
3.77435088158	-1368
3.77439498901	-1368
3.77443695068	-1368
3.77448391914	-1368
3.77451705933	-1368
3.77526593208	1368
3.77527308464	1368
3.77568697929	1368
3.78307509422	-1368
3.78310108185	-1368
3.78748106956	-1368
3.78749799728	-1368
3.78751087189	-1368
3.81059789658	-77
3.81063508987	430
3.86682510376	-1368
3.86686086655	-1368
3.86690592766	-1368
3.86693906784	-1368
3.86696887016	-1368
3.86700487137	-1368
3.86703491211	-1368
3.8670630455	-1368
3.86709094048	-1368
3.86711788177	-1368
3.87802290916	-1368
3.87810087204	-1368
3.88061404228	-1368
3.90315508842	-1368
3.93944096565	-554
3.93947291374	1086
3.96979808807	-1368
3.96982502937	-1368
3.96984887123	-1368
3.96987104416	-1368
3.96990299225	-1368
3.96994590759	-1368
3.96996498108	-1368
3.96999192238	-1368
3.97002291679	-1368
3.97004890442	-1368
3.97008109093	-1368
3.9701089859	-1368
3.97724103928	-1368
3.97732400894	-1368
3.97740793228	-1368
3.97741794586	-1368
3.97743105888	-1368
3.97743797302	-1368
3.97744607925	-1368
4.06849098206	-454
4.06853103638	543
4.0715110302	-1368
4.07153892517	-1368
4.07156300545	-1368
4.07158899307	-1368
4.07161688805	-1368
4.07164788246	-1368
4.07167887688	-1368
4.07170605659	-1368
4.07173490524	-1368
4.07176208496	-1368
4.07180595398	-1368
4.0718228817	-1368
4.081387043	-1368
4.08140993118	-1368
4.08142900467	-1368
4.08145999908	-1368
4.08148503304	-1368
4.08151698112	-1368
4.08154392242	-1368
4.08157205582	-1368
4.08160305023	-1368
4.08163094521	-1368
4.08167600632	-1368
4.08170700073	-1368
4.08296108246	-1368
4.08298707008	-1368
4.08301401138	-1368
4.08304309845	-1368
4.08307099342	-1368
4.08310604095	-1368
4.08313298225	-1368
4.08316302299	-1368
4.08319091797	-1368
4.08321905136	-1368
4.08536601067	-1368
4.18489098549	-1368
4.18491792679	-1368
4.18494200706	-1368
4.18495297432	-1368
4.18498396873	-1368
4.18501591682	-1368
4.18504500389	-1368
4.18507099152	-1368
4.18510103226	-1368
4.18512701988	-1368
4.18516492844	-1368
4.18518710136	-1368
4.18583893776	1368
4.19044303894	-1368
4.19046807289	-1368
4.19049501419	-1368
4.19051504135	-1368
4.19054198265	-1368
4.19057488441	-1368
4.19060206413	-1368
4.19062995911	-1368
4.1906580925	-1368
4.19068694115	-1368
4.19071888924	-1368
4.1907479763	-1368
4.19822001457	-675
4.19824504852	804
4.19863796234	-1368
4.19866704941	-1368
4.19870090485	-1368
4.19873404503	-1368
4.19876289368	-1368
4.19879388809	-1368
4.19882392883	-1368
4.1988530159	-1368
4.19888305664	-1368
4.19890904427	-1368
4.19895100594	-1368
4.19896888733	-1368
4.20445895195	-1368
4.20447897911	-1368
4.27048206329	-1368
4.27051305771	-1368
4.27053189278	-1368
4.27055191994	-1368
4.27058196068	-1368
4.27061295509	-1368
4.27064394951	-1368
4.27067494392	-1368
4.27070498466	-1368
4.27073502541	-1368
4.27077293396	-1368
4.27079796791	-1368
4.27713298798	-1368
4.27716088295	-1368
4.27718091011	-1368
4.27719807625	-1368
4.2772269249	-1368
4.27725696564	-1368
4.2772860527	-1368
4.27731990814	-1368
4.27733707428	-1368
4.27736592293	-1368
4.27740693092	-1368
4.27743697166	-1368
4.27833390236	1368
4.28618907928	-1368
4.28621101379	-1368
4.28624987602	-1368
4.28627705574	-1368
4.28630399704	-1368
4.28634786606	-1368
4.2863779068	-1368
4.28640604019	-1368
4.28643393517	-1368
4.28913593292	-1368
4.32714390755	-1309
4.32727193832	775
4.37104105949	-1368
4.37106394768	-1368
4.37108397484	-1368
4.37110900879	-1368
4.37113904953	-1368
4.3711810112	-1368
4.37121391296	-1368
4.37124300003	-1368
4.37126994133	-1368
4.37129807472	-1368
4.37133407593	-1368
4.37136101723	-1368
4.37586092949	-1368
4.37588787079	-1368
4.37591505051	-1368
4.37594795227	-1368
4.37597799301	-1368
4.37601089478	-1368
4.37603902817	-1368
4.37606596947	-1368
4.37609410286	-1368
4.37612104416	-1368
4.37615704536	-1368
4.37618303299	-1368
4.37979102135	1368
4.38212394714	-1368
4.38214707375	-1368
4.38217401505	-1368
4.38220691681	-1368
4.38223409653	-1368
4.38226699829	-1368
4.38229393959	-1368
4.38232898712	-1368
4.38234686852	-1368
4.38237500191	-1368
4.38240790367	-1368
4.38243508339	-1368
4.38394999504	-1368
4.38397502899	-1368
4.38400387764	-1368
4.41829991341	1368
4.45634293556	-83
4.45636105537	1036
4.47561097145	-1368
4.47563195229	-1368
4.47566008568	-1368
4.47569108009	-1368
4.47571992874	-1368
4.47574996948	-1368
4.47578692436	-1368
4.47580504417	-1368
4.47583508492	-1368
4.47586202621	-1368
4.47589492798	-1368
4.47592401505	-1368
4.47974300385	-1368
4.47977590561	-1368
4.47981095314	-1368
4.47985291481	-1368
4.4798810482	-1368
4.47991394997	-1368
4.47994303703	-1368
4.47996997833	-1368
4.4799990654	-1368
4.48003292084	-1368
4.48007106781	-1368
4.48010492325	-1368
4.48379087448	-1368
4.48381590843	-1368
4.48385596275	-1368
4.48387289047	-1368
4.48390102386	-1368
4.4839360714	-1368
4.4839630127	-1368
4.48399305344	-1368
4.48401808739	-1368
4.48404502869	-1368
4.48407888412	-1368
4.48410701752	-1368
4.48496890068	1368
4.48497891426	1368
4.48521208763	1368
4.48521900177	1368
4.48533296585	1368
4.48871088028	-1368
4.4887509346	-1368
4.48879790306	-1368
4.4888420105	-1368
4.48888707161	-1368
4.48893499374	-1368
4.52001595497	1368
4.56791806221	-1368
4.5679500103	-1368
4.56796789169	-1368
4.56799387932	-1368
4.56802105904	-1368
4.56805801392	-1368
4.5680809021	-1368
4.56810903549	-1368
4.5681450367	-1368
4.56816291809	-1368
4.56819796562	-1368
4.56822490692	-1368
4.57602190971	-1368
4.57604908943	-1368
4.57607388496	-1368
4.57610702515	-1368
4.57612991333	-1368
4.57616996765	-1368
4.5761950016	-1368
4.57622408867	-1368
4.57695102692	-1368
4.57698297501	-1368
4.5770149231	-1368
4.57725095749	-1368
4.58291506767	-1368
4.58293890953	-1368
4.58296489716	-1368
4.5829949379	-1368
4.58301997185	-1368
4.5830540657	-1368
4.58544993401	-577
4.58547496796	1276
4.67533802986	-1368
4.67536401749	-1368
4.67538094521	-1368
4.67540192604	-1368
4.67543005943	-1368
4.67548489571	-1368
4.67550992966	-1368
4.67553806305	-1368
4.67557501793	-1368
4.6756029129	-1368
4.67563796043	-1368
4.67566609383	-1368
4.67600703239	543
4.68488287926	-1368
4.68491005898	-1368
4.68492507935	-1368
4.68494486809	-1368
4.68497300148	-1368
4.68500590324	-1368
4.68503689766	-1368
4.68506193161	-1368
4.68509793282	-1368
4.68511891365	-1368
4.68516087532	-1368
4.6851940155	-1368
4.69424891472	-1368
4.69427394867	-1368
4.69429206848	-1368
4.71444892883	-934
4.71448302269	543
4.77208900452	-1368
4.77211809158	-1368
4.77214694023	-1368
4.77219390869	-1368
4.7722389698	-1368
4.77228403091	-1368
4.77232694626	-1368
4.77237391472	-1368
4.77240991592	-1368
4.77378487587	-1368
4.77380800247	-1368
4.77381300926	-1368
4.77989697456	-1368
4.77992105484	-1368
4.77993702888	-1368
4.77995800972	-1368
4.77999091148	-1368
4.78002405167	-1368
4.78005194664	-1368
4.78007793427	-1368
4.78010702133	-1368
4.78014087677	-1368
4.78017807007	-1368
4.78021001816	-1368
4.78078103065	1368
4.78412508965	-1368
4.78415489197	-1368
4.78417491913	-1368
4.7842040062	-1368
4.84327602386	-109
4.84330487251	261
4.87274599075	-1368
4.87277197838	-1368
4.87279891968	-1368
4.8728260994	-1368
4.8728530407	-1368
4.87287998199	-1368
4.87291407585	-1368
4.87294197083	-1368
4.8729698658	-1368
4.87300395966	-1368
4.87302207947	-1368
4.87305903435	-1368
4.8766310215	-1368
4.87665891647	-1368
4.87668609619	-1368
4.87671589851	-1368
4.87674689293	-1368
4.87677788734	-1368
4.87680506706	-1368
4.87683105469	-1368
4.87686800957	-1368
4.87688589096	-1368
4.87692809105	-1368
4.87694597244	-1368
4.88252401352	-1368
4.88262295723	-1368
4.96965003014	-1368
4.96967506409	-1368
4.96970009804	-1368
4.96970295906	-1368
4.96973705292	-1368
4.96977305412	-1368
4.96979188919	-1368
4.96982002258	-1368
4.96984505653	-1368
4.96987199783	-1368
4.96990609169	-1368
4.96993207932	-1368
4.97033786774	1368
4.97209692001	-937
4.9721300602	261
4.97896099091	-1368
4.97904992104	-1368
4.97910499573	-1368
4.97911310196	-1368
4.97912287712	-1368
4.97913599014	-1368
4.97914910316	-1368
4.97915506363	-1368
4.97916603088	-1368
4.97917199135	-1368
4.97918486595	-1368
4.97919607162	-1368
4.981965065	1368
4.98260402679	-1368
4.9826259613	-1368
4.98265600204	-1368
5.07924294472	-1368
5.0792760849	-1368
5.07930088043	-1368
5.07930493355	-1368
5.07933807373	-1368
5.07937097549	-1368
5.07941007614	-1368
5.07944202423	-1368
5.07948088646	-1368
5.07951593399	-1368
5.07955598831	-1368
5.07959389687	-1368
5.0796289444	-1368
5.09049391747	-1368
5.0906059742	-1368
5.09062290192	-1368
5.09064888954	-1368
5.09065699577	-1368
5.09066987038	-1368
5.09067702293	-1368
5.09068703651	-1368
5.0906920433	-1368
5.09072709084	-1368
5.09075403214	-1368
5.09077692032	-1368
5.10099601746	-257
5.10104203224	232
5.10226988792	-1368
5.10232806206	-1368
5.10236501694	-1368
5.10239291191	-1368
5.10242295265	-1368
5.10245203972	-1368
5.10248708725	-1368
5.1025159359	-1368
5.1025428772	-1368
5.10257005692	-1368
5.10259890556	-1368
5.10262989998	-1368
5.10777187347	-1368
5.10779595375	-1368
5.198335886	-1368
5.19836688042	-1368
5.19839501381	-1368
5.19843196869	-1368
5.19846796989	-1368
5.19848799706	-1368
5.1985180378	-1368
5.19856500626	-1368
5.19860386848	-1368
5.19864606857	-1368
5.19867706299	-1368
5.19871401787	-1368
5.21779704094	-1368
5.21783208847	-1368
5.21786689758	-1368
5.21791195869	-1368
5.21795892715	-1368
5.2180109024	-1368
5.21805405617	-1368
5.21809697151	-1368
5.21813988686	-1368
5.21818208694	-1368
5.21822309494	-1368
5.21825408936	-1368
5.21828198433	-1368
5.21880292892	1368
5.22795605659	-1368
5.22798204422	-1368
5.22799801826	-1368
5.22802805901	-1368
5.22805690765	-1368
5.22808790207	-1368
5.22811794281	-1368
5.2281460762	-1368
5.22817492485	-1368
5.22820186615	-1368
5.22824001312	-1368
5.22826600075	-1368
5.22981905937	-260
5.22983598709	1347
5.23934197426	-1368
5.23939108849	-1368
5.23941898346	-1368
5.23945188522	-1368
5.23947691917	-1368
5.23950505257	-1368
5.23954296112	-1368
5.23957109451	-1368
5.23959708214	-1368
5.23962497711	-1368
5.23965501785	-1368
5.23968791962	-1368
5.24125099182	1368
5.24931192398	-1368
5.24939393997	-1368
5.2494289875	-1368
5.24947190285	-1368
5.24951696396	-1368
5.24954605103	-1368
5.24958992004	-1368
5.24963402748	-1368
5.24967908859	-1368
5.24972605705	-1368
5.2497689724	-1368
5.24980902672	-1368
5.25751495361	-1368
5.29929089546	-1368
5.29931902885	-1368
5.29935097694	-1368
5.29938006401	-1368
5.2994120121	-1368
5.29944491386	-1368
5.29947090149	-1368
5.29949998856	-1368
5.29952907562	-1368
5.29955601692	-1368
5.29960298538	-1368
5.29965090752	-1368
5.31843495369	-1368
5.31845998764	-1368
5.31847786903	-1368
5.31873297691	-1368
5.3187918663	-1368
5.31881999969	-1368
5.31885004044	-1368
5.31888008118	-1368
5.3189098835	-1368
5.31893801689	-1368
5.31896901131	-1368
5.31899404526	-1368
5.3190279007	-1368
5.31947302818	1368
5.33386993408	-1368
5.33389902115	-1368
5.33392190933	-1368
5.33395600319	-1368
5.33397507668	-1368
5.334004879	-1368
5.33403086662	-1368
5.33406090736	-1368
5.3341050148	-1368
5.33413410187	-1368
5.33417487144	-1368
5.33420491219	-1368
5.35870194435	-263
5.35873699188	522
5.35877108574	-1368
5.35881090164	-1368
5.3588540554	-1368
5.35889101028	-1368
5.35891795158	-1368
5.35895490646	-1368
5.35899400711	-1368
5.35903000832	-1368
5.35906195641	-1368
5.35908889771	-1368
5.359126091	-1368
5.35915994644	-1368
5.37594199181	-1368
5.39928507805	-1368
5.39931988716	-1368
5.3993370533	-1368
5.39937806129	-1368
5.39941191673	-1368
5.39944601059	-1368
5.39947295189	-1368
5.3995039463	-1368
5.39953994751	-1368
5.39957308769	-1368
5.39960598946	-1368
5.39963388443	-1368
5.41639900208	-1368
5.41642808914	-1368
5.41661095619	-1368
5.41673088074	1368
5.41673588753	-1368
5.41678404808	-1368
5.41683101654	-1368
5.41687202454	-1368
5.41692590714	-1368
5.41696691513	-1368
5.41701698303	-1368
5.41705608368	-1368
5.41710209846	-1368
5.42795109749	-1368
5.4279859066	-1368
5.42801189423	-1368
5.42804503441	-1368
5.42808103561	-1368
5.42811703682	-1368
5.42815208435	-1368
5.42816996574	-1368
5.42820191383	-1368
5.42823696136	-1368
5.4282810688	-1368
5.42831492424	-1368
5.42873191833	-1368
5.4291908741	1368
5.43826889992	-1368
5.43829607964	-1368
5.43832707405	-1368
5.43835687637	-1368
5.43839502335	-1368
5.43842887878	-1368
5.43845486641	-1368
5.43848204613	-1368
5.43851089478	-1368
5.43854093552	-1368
5.43857502937	-1368
5.43860006332	-1368
5.44661307335	-1368
5.44664287567	-1368
5.4466650486	-1368
5.44666910172	-1368
5.4466919899	-1368
5.44672489166	-1368
5.44675207138	-1368
5.44677996635	-1368
5.4468100071	-1368
5.44684004784	-1368
5.44687008858	-1368
5.44689702988	-1368
5.45282888412	-1368
5.45286798477	-1368
5.45288705826	-1368
5.45291090012	-1368
5.45293498039	-1368
5.45297002792	-1368
5.4529979229	-1368
5.45302605629	-1368
5.45306491852	-1368
5.45309209824	-1368
5.45312404633	-1368
5.45315289497	-1368
5.45323801041	1368
5.45756292343	-1368
5.45763993263	-1368
5.45766687393	-1368
5.47104096413	-1368
5.47113800049	-1368
5.47123098373	-1368
5.47126197815	-1368
5.47152495384	-1368
5.47155308723	-1368
5.471585989	-1368
5.47162604332	-1368
5.47185492516	-1368
5.47189092636	-1368
5.47206091881	-1368
5.47208809853	-1368
5.4734609127	1368
5.47790789604	-1368
5.47793197632	-1368
5.47795009613	-1368
5.47797489166	-1368
5.47800207138	-1368
5.47803997993	-1368
5.47806596756	-1368
5.47810602188	-1368
5.47812104225	-1368
5.47815203667	-1368
5.4781870842	-1368
5.47821903229	-1368
5.48793196678	-1368
5.48796391487	-1368
5.48798489571	-1368
5.4879989624	-1368
5.4880259037	-1368
5.48805809021	-1368
5.48808908463	-1368
5.48811388016	-1368
5.48815107346	-1368
5.48816895485	-1368
5.48820090294	-1368
5.48822808266	-1368
5.48871207237	-1214
5.4887239933	1015
5.49557495117	-1368
5.49559688568	-1368
5.49561500549	-1368
5.49564695358	-1368
5.49568200111	-1368
5.49573302269	-1368
5.49576401711	-1368
5.4957909584	-1368
5.49582099915	-1368
5.49584889412	-1368
5.4958820343	-1368
5.49591803551	-1368
5.50011205673	-1368
5.50106692314	-1368
5.50109410286	-1368
5.50113606453	-1368
5.50117087364	-1368
5.50120306015	-1368
5.50123786926	-1368
5.50126600266	-1368
5.50129389763	-1368
5.50132989883	-1368
5.50136709213	-1368
5.50141787529	-1368
5.5054910183	-1368
5.50551795959	-1368
5.50554394722	-1368
5.50557494164	-1368
5.50560092926	-1368
5.50563001633	-1368
5.50567603111	-1368
5.50915193558	-1368
5.57570791245	-1368
5.5757329464	-1368
5.57576608658	-1368
5.57579994202	-1368
5.57583189011	-1368
5.57586598396	-1368
5.5758960247	-1368
5.575922966	-1368
5.57595205307	-1368
5.57598090172	-1368
5.57601308823	-1368
5.5760409832	-1368
5.57622504234	1368
5.58597207069	-1368
5.58599901199	-1368
5.58603692055	-1368
5.58607196808	-1368
5.58610296249	-1368
5.58613610268	-1368
5.586165905	-1368
5.58619093895	-1368
5.58621907234	-1368
5.58625388145	-1368
5.58629107475	-1368
5.58632898331	-1368
5.60333609581	-1368
5.60336589813	-1368
5.61899709702	-1109
5.6190290451	804
5.67598390579	-1368
5.67600393295	-1368
5.67602992058	-1368
5.67606806755	-1368
5.67609786987	-1368
5.6761469841	-1368
5.67617607117	-1368
5.67620587349	-1368
5.67623400688	-1368
5.67626094818	-1368
5.67629599571	-1368
5.67632699013	-1368
5.68401098251	-1368
5.6840429306	-1368
5.68406391144	-1368
5.68407487869	-1368
5.68410491943	-1368
5.68413686752	-1368
5.68416690826	-1368
5.68420410156	-1368
5.68423199654	-1368
5.68425893784	-1368
5.68429493904	-1368
5.68432188034	-1368
5.68631887436	1368
5.69564890862	-1368
5.69567704201	-1368
5.6956949234	-1368
5.69571590424	-1368
5.76081109047	-594
5.76083993912	261
5.77956104279	-1368
5.77958488464	-1368
5.77960300446	-1368
5.77963805199	-1368
5.77965307236	-1368
5.77969503403	-1368
5.77972197533	-1368
5.77975201607	-1368
5.77978110313	-1368
5.77981090546	-1368
5.77984690666	-1368
5.77987599373	-1368
5.80075907707	-1368
5.80078196526	-1368
5.80079889297	-1368
5.80082702637	-1368
5.80085396767	-1368
5.80088496208	-1368
5.80091309547	-1368
5.8009390831	-1368
5.8009750843	-1368
5.80099391937	-1368
5.80102801323	-1368
5.80105400085	-1368
5.82782101631	-1368
5.8279800415	-1368
5.88261294365	-1368
5.88265895844	-1368
5.88268089294	-1368
5.88271808624	-1368
5.88276791573	-1368
5.88279390335	-1368
5.88282704353	-1368
5.88285088539	-1368
5.88287997246	-1368
5.88291096687	-1368
5.88294196129	-1368
5.88296890259	-1368
5.90963196754	-1368
5.90966200829	-1368
5.90968799591	-1368
5.90971589088	-1368
5.90974402428	-1368
5.90977692604	-1368
5.90980505943	-1368
5.90983200073	-1368
5.90986990929	-1368
5.90988707542	-1368
5.9099240303	-1368
5.90995001793	-1368
5.91170191765	-1114
5.91172909737	1086
5.92079901695	-1368
5.92082905769	-1368
5.9209959507	-1368
5.92102408409	-1368
5.92105388641	-1368
5.92108988762	-1368
5.92112803459	-1368
5.92116999626	-1368
5.92118787766	-1368
5.92121601105	-1368
5.92127299309	-1368
5.92130994797	-1368
5.95762205124	-1368
5.9997549057	-1368
5.99978709221	-1368
5.99981307983	-1368
5.99984788895	-1368
5.99987888336	-1368
5.99991106987	-1368
5.99994301796	-1368
5.99996805191	-1368
5.99999904633	-1368
6.0000269413	-1368
6.00006103516	-1368
6.00008702278	-1368
6.00060987473	1368
6.01692700386	-1368
6.01699495316	-1368
6.0170340538	-1368
6.01704096794	-1368
6.01705288887	-1368
6.01705789566	-1368
6.01706600189	-1368
6.01709794998	-1368
6.0171289444	-1368
6.01715397835	-1368
6.01719307899	-1368
6.01721191406	-1368
6.02707695961	-1368
6.02710199356	-1368
6.02712988853	-1368
6.02716588974	-1368
6.0271999836	-1368
6.02725505829	-1368
6.02727293968	-1368
6.02730107307	-1368
6.02733898163	-1368
6.0273680687	-1368
6.02740192413	-1368
6.02742910385	-1368
6.02747488022	-1368
6.03774809837	-1368
6.03778195381	-1368
6.03778886795	-1368
6.04078793526	-152
6.04081892967	1347
6.07760000229	-1368
6.07762694359	-1368
6.07765603065	-1368
6.0776720047	-1368
6.07770991325	-1368
6.07774806023	-1368
6.07778787613	-1368
6.07782506943	-1368
6.07786393166	-1368
6.07789802551	-1368
6.07793593407	-1368
6.07797193527	-1368
6.09015393257	-1368
6.09017705917	-1368
6.09019994736	-1368
6.09022903442	-1368
6.09028196335	-1368
6.09028506279	-1368
6.16975092888	-1308
6.24654889107	-1368
6.24657988548	-1368
6.24660992622	-1368
6.24664902687	-1368
6.24668002129	-1368
6.24671506882	-1368
6.24674201012	-1368
6.24677705765	-1368
6.24681806564	-1368
6.24685692787	-1368
6.24689292908	-1368
6.24692106247	-1368
6.29988908768	-1368
6.29991889	-1368
6.29993796349	-1368
6.29995203018	-1368
6.29998397827	-1368
6.30001401901	-1368
6.30004191399	-1368
6.30007004738	-1368
6.30009889603	-1368
6.30012798309	-1368
6.30015897751	-1368
6.30018687248	-1368
6.30062603951	543
6.31798887253	-1368
6.31802296638	-1368
6.31806397438	-1368
6.31833100319	-1368
6.31842803955	-1368
6.31848502159	-1368
6.31860303879	-1368
6.31868290901	-1368
6.31871199608	-1368
6.31882691383	-1368
6.3189239502	-1368
6.31900596619	-1368
6.33562397957	-1368
6.33565306664	-1368
6.33569192886	-1368
6.33572888374	-1368
6.33576893806	-1368
6.3358130455	-1368
6.33585190773	-1368
6.33588695526	-1368
6.33592891693	-1368
6.33596396446	-1368
6.33600592613	-1368
6.33604288101	-1368
6.33661103249	1368
6.33809494972	-737
6.34683895111	-1368
6.3468708992	-1368
6.34690904617	-1368
6.34694695473	-1368
6.3469851017	-1368
6.34702992439	-1368
6.34706687927	-1368
6.34710407257	-1368
6.34714102745	-1368
6.34718298912	-1368
6.34722495079	-1368
6.34726595879	-1368
6.3558409214	-1368
6.35587286949	-1368
6.35588788986	-1368
6.35591697693	-1368
6.3559448719	-1368
6.35597991943	-1368
6.35600590706	-1368
6.35603404045	-1368
6.35606408119	-1368
6.35609388351	-1368
6.3561270237	-1368
6.35615706444	-1368
6.35632801056	1368
6.36813807487	-1368
6.36817097664	-1368
6.36819005013	-1368
6.36820793152	-1368
6.37202191353	-1368
6.37469506264	-1368
6.3747780323	-1368
6.37480092049	-1368
6.37481808662	-1368
6.37484192848	-1368
6.37487888336	-1368
6.37491488457	-1368
6.39020800591	-1368
6.3902349472	-1368
6.39026999474	-1368
6.39030599594	-1368
6.39034104347	-1368
6.39037299156	-1368
6.39040493965	-1368
6.39043307304	-1368
6.39045906067	-1368
6.39049696922	-1368
6.3905339241	-1368
6.39056706429	-1368
6.39083194733	1368
6.41948509216	-1368
6.4195098877	-1368
6.41955304146	-1368
6.41958808899	-1368
6.41962003708	-1368
6.41965389252	-1368
6.41968393326	-1368
6.41971707344	-1368
6.41975498199	-1368
6.41979408264	-1368
6.41984295845	-1368
6.41987395287	-1368
6.42783498764	-1368
6.42787909508	-1368
6.42793488503	-1368
6.42798089981	-1368
6.42801690102	-1368
6.42804908752	-1368
6.42807793617	-1368
6.42810606956	-1368
6.42814397812	-1368
6.42817091942	-1368
6.42820501328	-1368
6.42824101448	-1368
6.4295129776	1368
6.42986392975	1368
6.44288086891	-1368
6.44291305542	161
6.44292497635	-1368
6.44292998314	-1368
6.44294810295	-1368
6.44297194481	-1368
6.44300603867	-1368
6.44303297997	-1368
6.44306993484	-1368
6.44310903549	-1368
6.44314408302	-1368
6.44318389893	-1368
6.44321990013	-1368
6.46140003204	-1368
6.46143698692	-1368
6.46144390106	-1368
6.46146607399	-1368
6.46150398254	-1368
6.46153688431	-1368
6.4615650177	-1368
6.47864890099	-1368
6.47869992256	-1368
6.47871899605	-1368
6.47893190384	-561
6.47913098335	1368
6.51566004753	-1368
6.51570010185	-1368
6.51571702957	-1368
6.54624295235	-1368
6.54628992081	-1368
6.54629802704	-1368
6.55413794518	-1368
6.55416488647	-1368
6.5541870594	-1368
6.56473207474	-1368
6.56475687027	-1368
6.56478691101	-1368
6.57686495781	-1368
6.57690691948	261
6.57691192627	-1368
6.57691788673	-1368
6.5839600563	-1368
6.58751606941	-1368
6.58755588531	-1368
6.59105396271	-1368
6.59109187126	-1368
6.59111499786	-1368
6.59882688522	-1368
6.5988509655	-1368
6.59887003899	-1368
6.60773706436	-1071
6.60806703568	1368
6.61193799973	-1368
6.61196398735	-1368
6.61671996117	-1368
6.66696190834	-1368
6.66699790955	-1368
6.66702103615	-1368
6.66702604294	-1368
6.66703391075	-1368
6.66706395149	-1368
6.66708898544	-1368
6.66711688042	-1368
6.66715097427	-1368
6.66718292236	-1368
6.66721391678	-1368
6.6672410965	-1368
6.66766190529	1368
6.67403006554	-1368
6.67414498329	-1368
6.67423796654	-1368
6.67425203323	-1368
6.6742708683	-1368
6.67427992821	-1368
6.67429089546	-1368
6.67429900169	-1368
6.67431497574	-1368
6.67434287071	-1368
6.67436599731	-1368
6.67437410355	-1368
6.68493199348	-1368
6.68495607376	-1368
6.68755888939	1368
6.73643398285	-312
6.73646688461	754
6.78696703911	-1368
6.78699588776	-1368
6.78701806068	-1368
6.78704595566	-1368
6.78707194328	-1368
6.78710699081	-1368
6.78713393211	-1368
6.78716087341	-1368
6.78718996048	-1368
6.78721690178	-1368
6.78725004196	-1368
6.78727793694	-1368
6.81050491333	-1368
6.8105340004	-1368
6.81055498123	-1368
6.81058192253	-1368
6.81061196327	-1368
6.81065392494	-1368
6.81069207191	-1368
6.81070995331	-1368
6.8107419014	-1368
6.81076693535	-1368
6.81080198288	-1368
6.81083297729	-1368
6.86999106407	-354
6.87002491951	1057
6.87104487419	-1368
6.87107205391	-1368
6.87109899521	-1368
6.87112808228	-1368
6.8711540699	-1368
6.87120008469	-1368
6.87121391296	-1368
6.87124204636	-1368
6.87126994133	-1368
6.87129807472	-1368
6.87132906914	-1368
6.87135601044	-1368
6.87999105453	-1368
6.88001990318	-1368
6.88004899025	-1368
6.91424107552	-1368
6.91427707672	-1368
6.98933005333	1368
6.99887990952	-1134
6.99892187119	775
7.00821805	1368
7.05640792847	1368
7.06974196434	-1368
7.0697760582	-1368
7.0698158741	-1368
7.06985998154	-1368
7.06987810135	-1368
7.06992506981	-1368
7.06996297836	-1368
7.06997990608	-1368
7.07000803947	-1368
7.0700340271	-1368
7.07006788254	-1368
7.07009291649	-1368
7.07291388512	1368
7.08116102219	-1368
7.12783503532	-409
7.12787795067	1210
7.22698402405	-1368
7.22701501846	-1368
7.22703409195	-1368
7.30702996254	-1368
7.30705809593	-1368
7.31812310219	-1368
7.31814908981	-1368
7.31816792488	-1368
7.32257795334	-1368
7.3233320713	-1368
7.32335686684	-1368
7.32507300377	-1368
7.32510709763	-1368
7.32557606697	-1368
7.3256149292	-1368
7.32588601112	-1368
7.32594108582	-1368
7.32596993446	-1368
7.32599687576	-1368
7.32747793198	-27
7.32749009132	1086
7.38696789742	-1368
7.38710689545	-1368
7.38718795776	-1368
7.38720798492	-1368
7.38722586632	-1368
7.38723397255	-1368
7.38725495338	-1368
7.38726186752	-1368
7.38726806641	-1368
7.38727498055	-1368
7.38727998734	-1368
7.38728690147	-1368
7.42155694962	-1368
7.42158794403	-1368
7.42162203789	-1368
7.42164206505	-1368
7.42166996002	-1368
7.42172002792	-1368
7.42176508904	-1368
7.42177987099	-1368
7.4218120575	-1368
7.42182993889	-1368
7.42186498642	-1368
7.42189288139	-1368
7.44749999046	-1368
7.44755196571	-1368
7.44757199287	-1368
7.44757604599	-1368
7.45662403107	-80
7.45665192604	1086
7.46390199661	-1368
7.46395397186	-1368
7.47435808182	-1368
7.49473690987	-1368
7.49477505684	-1368
7.49481892586	-1368
7.5043489933	-1368
7.5043759346	-1368
7.5113389492	-1368
7.51136803627	-1368
7.51138591766	-1368
7.5245320797	-1368
7.52456688881	-1368
7.52457499504	-1368
7.54069590569	-1368
7.5407230854	-1368
7.54074001312	-1368
7.56618189812	-1368
7.56622099876	-1368
7.56624388695	-1368
7.56627988815	-1368
7.56631493568	-1368
7.56636691093	-1368
7.56639289856	-1368
7.56642198563	-1368
7.56644797325	-1368
7.56647896767	-1368
7.56651997566	-1368
7.56654906273	-1368
7.57206487656	-1368
7.57224202156	-1368
7.57227301598	-1368
7.57229709625	-1368
7.57230901718	-1368
7.57232499123	-1368
7.57233405113	-1368
7.57307291031	1368
7.57602405548	-1368
7.57949995995	-1368
7.57954502106	-1368
7.57955408096	-1368
7.58382606506	-1368
7.58508110046	-1368
7.58510708809	-1368
7.58514499664	-1368
7.58552289009	-70
7.58553409576	261
7.58948087692	-1368
7.5895049572	-1368
7.59181904793	-1368
7.59185290337	-1368
7.59188890457	-1368
7.67459893227	-1368
7.67470192909	-1368
7.67479395866	-1368
7.68311691284	-1368
7.68315386772	-1368
7.683177948	-1368
7.68747496605	-1368
7.68751192093	-1368
7.7252779007	-1368
7.72778105736	-69
7.72955107689	543
7.78104496002	-1368
7.7810781002	-1368
7.78109693527	-1368
7.78112888336	-1368
7.78115606308	-1368
7.78118991852	-1368
7.79344797134	-1368
7.81572890282	-1368
7.85673689842	-24
7.97157001495	-1368
7.97159910202	-1368
7.97161889076	-1368
7.98447203636	-1368
7.98620390892	1057
8.02215194702	-1326
8.19010686874	-1057
8.19129109383	1057
8.56917595863	-543
8.7752699852	-543
8.96801304817	-1057
8.99103307724	543
9.48807001114	-1057
9.51787400246	1057
9.99166703224	543
10.1936030388	-543
10.9919168949	543
11.2712030411	-543
11.2721610069	543
11.4015491009	543
11.970236063	-543
11.9920470715	543
12.1207799911	543
12.1675379276	-543
14.0755748749	-543
