0	1057
0.605833053589	-543
0.934111118317	-543
1.00463700294	1057
1.50972414017	-543
1.78162813187	-1368
1.78170204163	-1368
1.78172802925	-891
1.78365111351	-1368
1.78372597694	-1368
1.78393411636	-1368
1.78398013115	-1368
1.78402113914	-1368
1.7841219902	-1368
1.91158604622	-1368
1.91170406342	-849
1.92405295372	1057
2.08183002472	-1368
2.08195614815	-1368
2.08202409744	-891
2.08733105659	-1368
2.08740901947	-1368
2.08746910095	-1368
2.08756399155	-1368
2.0877301693	-1368
2.08787417412	-1368
2.0898501873	543
2.09777903557	1368
2.10314011574	-1368
2.10332107544	-1368
2.10362410545	-1368
2.11343812943	1368
2.12465500832	1368
2.14000296593	1368
2.15511202812	1368
2.21071505547	-1368
2.21087217331	-1368
2.21095204353	-1368
2.21107006073	-1368
2.21656513214	-1368
2.21665716171	-1368
2.21667599678	-330
2.2175681591	1368
2.21761703491	1368
2.21788096428	1368
2.21803498268	1368
2.226334095	1368
2.22633814812	1368
2.22645616531	1068
2.2402510643	1368
2.28543901443	1368
2.29283809662	-1368
2.29354810715	1368
2.29355716705	1368
2.29367613792	1368
2.29367995262	1368
2.32641816139	-1368
2.32700204849	1368
2.32701015472	1368
2.32719397545	1368
2.34630298615	-1065
2.34633111954	1368
2.34633612633	1368
2.34656000137	1368
2.34656310081	1368
2.34694314003	1368
2.34695005417	1368
2.35702395439	1368
2.35702800751	1368
2.35720014572	678
2.41613602638	-1368
2.41629815102	-1368
2.41636300087	-1368
2.41662502289	-1368
2.41674900055	-1368
2.41685199738	-1368
2.4169690609	-1368
2.41705107689	-1368
2.4171230793	1368
2.41712903976	1368
2.41724610329	1368
2.41730999947	-1368
2.41742396355	-1368
2.41752910614	1368
2.41756701469	-1368
2.4176530838	-1368
2.41772699356	1368
2.41773295403	1368
2.42594718933	-1368
2.42606806755	-1368
2.42636799812	-1368
2.42650413513	-1368
2.42662215233	-1368
2.42880511284	-1368
2.42889499664	-1368
2.45587301254	-1368
2.4559841156	-1368
2.47796702385	-1368
2.47805118561	-1368
2.49240112305	1189
2.52689814568	1368
2.53604197502	1368
2.53999996185	1368
2.5447101593	-1368
2.54483509064	-1368
2.54497909546	-1368
2.54500699043	-1368
2.54525303841	-1368
2.54540514946	-1368
2.54547595978	1368
2.54550409317	-1368
2.54559898376	-1368
2.54569911957	-1368
2.54587197304	-1368
2.5459420681	-1368
2.54603910446	-1368
2.54613804817	-1368
2.54630804062	-1368
2.54646897316	-1368
2.54657912254	-1368
2.54687905312	-1368
2.5469930172	-1368
2.54715704918	-1368
2.54720616341	-1368
2.54735803604	-1368
2.54741215706	-1368
2.54760098457	-1368
2.54765200615	1368
2.547727108	-1368
2.54778504372	1368
2.54816317558	1368
2.5481710434	1368
2.55461716652	-1368
2.55473017693	-1368
2.55476713181	-1368
2.55485916138	-1368
2.55510807037	-1368
2.55517911911	-1368
2.55533409119	-1368
2.55543899536	-1368
2.55733299255	-1368
2.55744600296	-1368
2.55760097504	-1368
2.55764698982	-1368
2.58569407463	-1368
2.58574414253	-1368
2.58590912819	-1368
2.58609700203	-1368
2.60653614998	-1368
2.60659408569	-1368
2.60682415962	-1368
2.60702204704	-1368
2.6212720871	-1368
2.62129402161	111
2.62138605118	-1368
2.67511200905	-1368
2.67517995834	-1368
2.67532801628	-1368
2.67542600632	-1368
2.67563295364	-1368
2.67572402954	-1368
2.67581915855	-1368
2.67590713501	-1368
2.67605614662	-1368
2.67622709274	-1368
2.67628717422	-1368
2.67639899254	-1368
2.67660999298	-1368
2.67669916153	-1368
2.67685413361	-1368
2.67693996429	-1368
2.67720317841	-1368
2.67728710175	-1368
2.67738008499	-1368
2.67757415771	-1368
2.67766308784	-1368
2.67776012421	-1368
2.67792105675	-1368
2.67800807953	-1368
2.67822408676	-1368
2.67825508118	1368
2.67842817307	-1368
2.6785390377	-1368
2.67857217789	-1368
2.67872214317	-1368
2.67887496948	-1368
2.67901110649	-1368
2.679074049	-1368
2.67934203148	-1368
2.67945504189	-1368
2.67954611778	-1368
2.67971014977	-1368
2.6799621582	-1368
2.6800069809	-1368
2.68020606041	-1368
2.68023204803	-1368
2.68032002449	-1368
2.68047618866	-1368
2.68063902855	-1368
2.68074607849	-1368
2.6808590889	-1368
2.68096399307	-1368
2.68125414848	-1368
2.6812889576	-1368
2.68399810791	-1368
2.68410396576	-1368
2.68420100212	-1368
2.68427395821	-1368
2.68443512917	-1368
2.68457508087	-1368
2.68459010124	-1368
2.68472003937	-1368
2.68488407135	-1368
2.68504810333	-1368
2.68512916565	-1368
2.68535017967	-1368
2.68578004837	-1368
2.68599104881	-1368
2.6862039566	-1368
2.68642997742	-1368
2.68652200699	1368
2.68662714958	-1368
2.68673014641	-1368
2.68687796593	-1368
2.68709111214	-1368
2.68717718124	-1368
2.68722295761	-1368
2.687292099	-1368
2.68733596802	-1368
2.71554017067	-1368
2.71562409401	-1368
2.71574497223	-1368
2.71582818031	-1368
2.71626901627	-1368
2.71640396118	-1368
2.71651911736	-1368
2.71663212776	-1368
2.73557710648	-1368
2.73569417	-1368
2.73584508896	-1368
2.73588609695	-1368
2.73627614975	-1368
2.7364590168	-1368
2.73648405075	-1368
2.73665618896	-1368
2.75002598763	-1368
2.75013995171	1065
2.75017213821	-1368
2.78646302223	-1368
2.78649497032	-1368
2.80465006828	-1368
2.80486512184	-1368
2.80489802361	-1368
2.80493307114	-1368
2.80525517464	-1368
2.80528116226	-1368
2.80538511276	-1368
2.80551695824	-1368
2.80562996864	-1368
2.80587816238	-1368
2.80597615242	-1368
2.8060760498	-1368
2.8061311245	-1368
2.80616903305	-1368
2.80624818802	-1368
2.8064789772	-1368
2.8065700531	-1368
2.80659818649	-1368
2.80662608147	-1368
2.80672097206	-1368
2.80687618256	-1368
2.80706596375	-1368
2.80709409714	-1368
2.80712604523	-1368
2.80744600296	-1368
2.80760002136	-1368
2.80773711205	-1368
2.80781412125	-1368
2.80789518356	-1368
2.80797314644	-1368
2.8081381321	-1368
2.80823397636	-1368
2.80829715729	-1368
2.80847811699	-1368
2.80855417252	1368
2.80861997604	-1368
2.80877399445	-1368
2.80894112587	-1368
2.80908107758	-1368
2.80911397934	-1368
2.80924201012	-1368
2.80949401855	-1368
2.80966114998	-1368
2.80975008011	-1368
2.80977606773	-1368
2.81006717682	-1368
2.810338974	-1368
2.81038713455	-1368
2.81041812897	-1368
2.81106114388	-1368
2.81112217903	-1368
2.81171011925	-1368
2.81175112724	-1368
2.81183314323	-1368
2.81207203865	-1368
2.81224608421	-1368
2.81252908707	-1368
2.81255912781	-1368
2.81268811226	-1368
2.81328606606	-1368
2.8133161068	-1368
2.81358003616	-1368
2.81375312805	-1368
2.81396007538	-1368
2.81399297714	-1368
2.81402301788	-1368
2.8140540123	-1368
2.81421208382	-1368
2.81442713737	-1368
2.81452703476	-1368
2.81455516815	-1368
2.81505012512	-1368
2.81509613991	-1368
2.81531500816	-1368
2.81545495987	-1368
2.81569695473	1368
2.81572413445	-1368
2.81580114365	-1368
2.81589317322	-1368
2.81599903107	-1368
2.81608915329	-1368
2.81632900238	-1368
2.81657600403	-1368
2.81669402122	-1368
2.81693100929	-1368
2.81695818901	-1368
2.8171479702	-1368
2.81720018387	-1368
2.81723117828	-1368
2.81725811958	-1368
2.81741309166	-1368
2.8175201416	-1368
2.81762099266	-1368
2.81773400307	-1368
2.81783795357	-1368
2.81805610657	-1368
2.81829309464	-1368
2.8185300827	-1368
2.81861805916	-1368
2.81866908073	-1368
2.81870007515	-1368
2.81884813309	-1368
2.81893515587	-1368
2.81909108162	-1368
2.81922912598	-1368
2.81941795349	-1368
2.81958818436	-1368
2.81976413727	-1368
2.81991910934	-1368
2.81995511055	-1368
2.8199839592	-1368
2.82001113892	-1368
2.82039117813	-1368
2.82055807114	1368
2.82063102722	-1368
2.82078695297	-1368
2.82087802887	-1368
2.82089304924	-1368
2.82096099854	-1368
2.82116317749	-1368
2.8212351799	-1368
2.82139205933	-1368
2.82143998146	-1368
2.82148909569	-1368
2.82169103622	-1368
2.82190418243	-1368
2.82194709778	-1368
2.82197999954	-1368
2.82207798958	-1368
2.82221913338	-1368
2.82224607468	-1368
2.82231998444	-1368
2.82238602638	-1368
2.82247710228	-1368
2.82266497612	-1368
2.822920084	-1368
2.82300615311	-1368
2.82319307327	-1368
2.82324695587	-1368
2.82337617874	-1368
2.82345914841	-1368
2.8235771656	-1368
2.82377409935	-1368
2.82381606102	-1368
2.8239569664	-1368
2.82408714294	-1368
2.8241751194	-1368
2.8264811039	1368
2.84438204765	-1368
2.84447717667	-1368
2.8445379734	-1368
2.84462404251	-1368
2.84474802017	-1368
2.84485602379	-1368
2.84498000145	-1368
2.84507107735	-1368
2.84528803825	-1368
2.8453400135	-1368
2.84543514252	-1368
2.84555315971	-1368
2.84566712379	-1368
2.8458609581	-1368
2.84593296051	-1368
2.84608912468	-1368
2.84644007683	1368
2.86463403702	-1368
2.86473298073	-1368
2.86485815048	-1368
2.86490106583	-1368
2.86509609222	-1368
2.86517810822	-1368
2.8652780056	-1368
2.86543297768	-1368
2.86565613747	-1368
2.86574196815	-1368
2.86590218544	-1368
2.86607718468	-1368
2.86624598503	-1368
2.86636805534	-1368
2.86649608612	-1368
2.86661314964	-1368
2.87904715538	-1368
2.87917613983	1305
2.87922811508	-1368
2.91657996178	-1368
2.91667413712	-1368
2.9168741703	-1368
2.91697502136	-1368
2.93322205544	-1368
2.9333050251	-1368
2.93339109421	-1368
2.93349003792	-1368
2.93368601799	-1368
2.93378305435	-1368
2.93389797211	-1368
2.93399810791	-1368
2.93408513069	-1368
2.93420410156	-1368
2.93432211876	-1368
2.93442296982	-1368
2.93459415436	-1368
2.93467307091	-1368
2.93477511406	1368
2.93481397629	-1368
2.93491816521	-1368
2.93506908417	-1368
2.93515610695	-1368
2.93520903587	-1368
2.9353890419	-1368
2.93556904793	-1368
2.93567013741	-1368
2.93576002121	-1368
2.93591713905	-1368
2.93605399132	-1368
2.93613696098	-1368
2.93630313873	-1368
2.93638896942	-1368
2.93648314476	-1368
2.93665409088	-1368
2.93673300743	-1368
2.93685913086	-1368
2.93706703186	-1368
2.93723106384	-1368
2.93732714653	-1368
2.93742203712	-1368
2.93757200241	-1368
2.93764615059	-1368
2.9377951622	-1368
2.93794512749	-1368
2.93799304962	-1368
2.93812513351	-1368
2.93821406364	-1368
2.93843007088	-1368
2.93850111961	-1368
2.93860411644	-1368
2.93873405457	-1368
2.9389090538	-1368
2.93900918961	-1368
2.93903398514	1368
2.9390771389	-1368
2.93917918205	-1368
2.93933796883	-1368
2.93942809105	-1368
2.9395070076	-1368
2.93961501122	1368
2.93962311745	1368
2.93969607353	-1368
2.93975710869	-1368
2.93991804123	-1368
2.94005203247	-1368
2.94015812874	-1368
2.94026017189	-1368
2.94041609764	-1368
2.94052505493	-1368
2.9406170845	-1368
2.940721035	-1368
2.94083499908	-1368
2.94085216522	1368
2.94096112251	-1368
2.94105601311	-1368
2.94114208221	-1368
2.94130396843	-1368
2.94136595726	-1368
2.94149303436	-1368
2.94169902802	-1368
2.9417450428	-1368
2.94193410873	-1368
2.94203996658	-1368
2.94214105606	-1368
2.94222402573	-1368
2.94234418869	-1368
2.94251513481	-1368
2.94267511368	-1368
2.94278097153	-1368
2.94284915924	-1368
2.94293904305	-1368
2.94308614731	-1368
2.94320106506	-1368
2.94331908226	-1368
2.94340801239	-1368
2.9435801506	-1368
2.94368815422	-1368
2.94374203682	1368
2.94380307198	-1368
2.94394016266	-1368
2.94407105446	-1368
2.94425606728	-1368
2.94428515434	-1368
2.94439816475	-1368
2.94450616837	-1368
2.94464802742	-1368
2.94479298592	-1368
2.94514417648	-1368
2.94526100159	-1368
2.94537997246	-1368
2.94548916817	-1368
2.94655418396	-1368
2.9466149807	-1368
2.94670510292	-1368
2.9468691349	-1368
2.94725203514	-1368
2.94730401039	-1368
2.94741415977	-1368
2.9475941658	-1368
2.94816613197	1368
2.94881916046	-1368
2.94899916649	-1368
2.94907903671	-1368
2.94920015335	-1368
2.95009016991	-1368
2.95015215874	-1368
2.95021009445	-1368
2.95048999786	-1368
2.95087003708	-1368
2.9509871006	-1368
2.9510550499	-1368
2.95125198364	-1368
2.95134997368	-1368
2.95146203041	-1368
2.95163416862	-1368
2.9516711235	-1368
2.95182418823	-1368
2.95188617706	-1368
2.95205903053	-1368
2.9521241188	-1368
2.9522819519	-1368
2.95238518715	-1368
2.95248103142	-1368
2.95250797272	1368
2.95261096954	-1368
2.95271897316	-1368
2.95289301872	-1368
2.95295095444	-1368
2.95312595367	-1368
2.95321297646	-1368
2.95330715179	-1368
2.95342803001	-1368
2.95351696014	-1368
2.95361614227	-1368
2.95376515388	-1368
2.95393013954	-1368
2.95402908325	-1368
2.95431518555	-1368
2.95445013046	-1368
2.95452713966	-1368
2.95466804504	-1368
2.95478200912	-1368
2.95487809181	-1368
2.95502996445	-1368
2.95516610146	-1368
2.9552590847	-1368
2.95534610748	-1368
2.95547604561	-1368
2.95560908318	-1368
2.9560611248	1368
2.95633506775	-1368
2.95644712448	-1368
2.95656704903	-1368
2.95660710335	-1053
2.9797539711	1368
2.99279499054	-1368
2.99291801453	-1368
2.99345397949	-1368
2.99356818199	-1368
2.99367213249	-1368
2.99380397797	-1368
2.99390506744	-1368
2.99411511421	-1368
2.9941341877	-1368
2.99446415901	-1368
2.9946141243	-1368
2.99475312233	-1368
2.99484300613	-1368
2.9949991703	-1368
2.99505901337	-1368
2.99524307251	-1368
2.99531912804	-1368
2.99544811249	-1368
2.99558496475	-1368
2.99571013451	-1368
2.99577116966	-1368
2.99592113495	-1368
2.99606204033	-1368
2.99624300003	-1368
2.99634599686	-1368
2.99656200409	-1368
2.9966480732	-1368
2.99684214592	-1368
2.9969291687	-1368
2.99704909325	-1368
2.99720001221	-1368
2.99720716476	1368
2.99742412567	-1368
2.99752616882	-1368
2.99768209457	-1368
2.99809217453	-1368
2.99820518494	-1368
2.99836802483	-1368
2.99942302704	-1368
2.99951505661	-1368
2.9997651577	-1368
2.99987101555	-1368
2.99998807907	-1368
3.00000500679	1368
3.00024199486	-1368
3.0003900528	-1368
3.00047707558	-1368
3.00110316277	-1368
3.00131797791	-1368
3.00142002106	-1368
3.00171709061	-1368
3.00185799599	-1368
3.00196003914	-1368
3.00199317932	-1368
3.00216317177	-1368
3.00238204002	-1368
3.00259017944	-1368
3.0026550293	-1368
3.00279712677	-1368
3.00301218033	-1368
3.00324296951	-1368
3.00348496437	-1368
3.00372195244	-1368
3.00377607346	-1368
3.00400114059	-1368
3.00613212585	-1368
3.00636506081	-1368
3.00656318665	-1368
3.00672507286	-1368
3.00679802895	-1368
3.00683903694	-1368
3.00700211525	-1368
3.0071310997	-1368
3.00730109215	-1368
3.00734615326	-1368
3.00747418404	-1368
3.00757598877	-1368
3.00770616531	-1368
3.00780510902	-1368
3.00798201561	-1368
3.00803399086	1368
3.00809717178	-1368
3.00836515427	-1368
3.00858998299	-1368
3.008685112	-1368
3.00872397423	-1368
3.00876307487	-1368
3.0089161396	-1368
3.00906014442	-1368
3.00918412209	-1368
3.00923109055	-1368
3.00939702988	-1368
3.00951504707	-1368
3.00956296921	1368
3.00962805748	-1368
3.00975012779	-1368
3.01006603241	-1368
3.0101351738	-1368
3.0104470253	-1368
3.01046013832	106
3.01067709923	-1368
3.01080298424	-1368
3.01085710526	-1368
3.010887146	-1368
3.01091599464	-1368
3.01119303703	-1368
3.01133704185	-1368
3.01136612892	-1368
3.0115339756	-1368
3.01172018051	-1368
3.01179909706	-1368
3.0119099617	-1368
3.01203203201	-1368
3.01212406158	-1368
3.01229715347	-1368
3.01242899895	-1368
3.01255297661	-1368
3.01275396347	-1368
3.01294612885	-1368
3.01307797432	-1368
3.01322317123	-1368
3.01325011253	-1368
3.01327896118	-1368
3.01334118843	-1368
3.01351714134	1368
3.01352095604	-1368
3.01373505592	-1368
3.0139811039	-1368
3.04521799088	-1368
3.04527711868	-1368
3.04591798782	-1368
3.04601502419	-1368
3.06180000305	-1368
3.06192016602	-1368
3.06205201149	-1368
3.0620970726	-1368
3.06240916252	-1368
3.06255507469	-1368
3.06266307831	-1368
3.06271409988	-1368
3.06286406517	-1368
3.06298112869	-1368
3.06313300133	-1368
3.06316208839	-1368
3.06324410439	-1368
3.06343007088	-1368
3.06355118752	-1368
3.06380915642	-1368
3.06393718719	-1368
3.06397104263	-1368
3.06420516968	-1368
3.06437301636	-1368
3.06449699402	-1368
3.06457996368	-1368
3.06461715698	-1368
3.064661026	-1368
3.06478404999	-1368
3.06494903564	-1368
3.0650639534	-1368
3.06519508362	-1368
3.06562709808	-1368
3.06574702263	-1368
3.06588315964	-1368
3.06605195999	-1368
3.06619405746	-1368
3.06624507904	-1368
3.06637406349	-1368
3.06648612022	-1368
3.06653118134	-1368
3.06658315659	-1368
3.06663203239	-1368
3.06670117378	-1368
3.06681108475	-1368
3.06704497337	-1368
3.06716012955	-1368
3.06726908684	-1368
3.06731295586	-1368
3.0674700737	-1368
3.0676419735	-1368
3.06781005859	-1368
3.06798005104	-1368
3.06807899475	-1368
3.06822896004	-1368
3.06840515137	-1368
3.06852197647	-1368
3.06862306595	-1368
3.06876206398	-1368
3.06894612312	-1368
3.06935715675	-1368
3.06939315796	-1368
3.06964206696	1368
3.0700480938	-1368
3.07019996643	-1368
3.07030105591	-1368
3.07050800323	-1368
3.07072210312	-1368
3.07092404366	-1368
3.07157516479	1368
3.08505415916	-1132
3.09389901161	-1368
3.09401297569	-1368
3.09543800354	-1368
3.0955350399	-1368
3.09566402435	-1368
3.09583997726	-1368
3.09591007233	-1368
3.09606814384	-1368
3.09702301025	-1368
3.09709000587	-1368
3.09719514847	-1368
3.09845399857	-1368
3.09860110283	-1368
3.09868097305	-1368
3.09886407852	1368
3.09887814522	-1368
3.09897017479	-1368
3.09903907776	-1368
3.09916710854	-1368
3.09949302673	-1368
3.09965515137	-1368
3.09968400002	-1368
3.09971904755	-1368
3.0997569561	-1368
3.10073304176	-1368
3.1008450985	-1368
3.10091805458	-1368
3.10101914406	-1368
3.10154509544	-1368
3.10164809227	-1368
3.10175514221	-1368
3.10192298889	-1368
3.10202217102	-1368
3.10248398781	-1368
3.10265398026	-1368
3.10277915001	-1368
3.10283708572	-1368
3.10300397873	-1368
3.10310912132	-1368
3.10341405869	-1368
3.10355615616	-1368
3.10357499123	1368
3.10366797447	-1368
3.10377216339	-1368
3.10386109352	-1368
3.1039891243	-1368
3.10407114029	-1368
3.10423803329	-1368
3.10432314873	-1368
3.10446095467	-1368
3.10455799103	-1368
3.10468912125	-1368
3.10482001305	-1368
3.10493803024	-1368
3.10508108139	-1368
3.10517406464	-1368
3.10532712936	-1368
3.10546112061	-1368
3.10555815697	-1368
3.10570597649	-1368
3.10579299927	-1368
3.10590410233	-1368
3.10830998421	-1368
3.10845112801	-1368
3.10855102539	-1368
3.10866999626	-1368
3.10880303383	-1368
3.10892701149	-1368
3.1101000309	-1368
3.11016607285	-1368
3.11031007767	-1368
3.11048197746	-1368
3.11062717438	-1368
3.11066913605	-1368
3.11074900627	1368
3.11175704002	-1368
3.11184716225	-1368
3.11202216148	-1368
3.11671209335	-1368
3.11691498756	-1368
3.11699008942	-1368
3.11723017693	-1368
3.11748695374	-1368
3.11751198769	-1368
3.11765408516	-1368
3.11775016785	-1368
3.11784696579	-1368
3.11803507805	-1368
3.11818003654	1368
3.11822605133	-1368
3.11839413643	-1368
3.11845207214	-1368
3.11847114563	-1368
3.11872816086	-1368
3.11877298355	-1368
3.11886501312	-1368
3.11903214455	-1368
3.11915302277	-1368
3.11936402321	-1368
3.11938714981	-1368
3.11946511269	-1368
3.11956310272	-1368
3.11963915825	-1368
3.11983418465	-1368
3.12000203133	-1368
3.12014818192	-1368
3.12024402618	-1368
3.12890696526	-1368
3.12902808189	-1368
3.12923502922	-1368
3.12929201126	-1368
3.12948417664	-1368
3.12952613831	-1368
3.12985610962	-1368
3.13006615639	-1368
3.13059616089	-1368
3.13061904907	-1368
3.13081216812	-1368
3.13091802597	-1368
3.13101816177	-1368
3.1311340332	-1368
3.13125300407	-1368
3.13145899773	-1368
3.13203811646	-1368
3.13211512566	-1368
3.13220500946	-1368
3.13236117363	-1368
3.13254308701	-1368
3.1325981617	-1368
3.13268303871	-1368
3.13291096687	-1368
3.13302612305	-1368
3.13314914703	-1368
3.13318610191	-1368
3.13329100609	-1368
3.13347101212	-1368
3.13363695145	-1368
3.13457298279	-1368
3.13460803032	-1368
3.13464403152	-1368
3.134745121	-1368
3.13487696648	-1368
3.13507008553	-1368
3.13526916504	1368
3.13638496399	-1368
3.13654017448	-1368
3.13740301132	-1368
3.13745808601	-1368
3.13865017891	-1368
3.13874697685	-1368
3.13882517815	-1368
3.13884902	-1368
3.13899517059	-1368
3.13914299011	-1368
3.13923311234	-1368
3.13938713074	-1368
3.1403169632	1368
3.14557003975	-1368
3.14558696747	177
3.15921401978	-1368
3.15933918953	-1368
3.15944695473	-1368
3.15949296951	1368
3.15956306458	-1368
3.15967106819	-1368
3.15977096558	-1368
3.15992903709	-1368
3.1600689888	-1368
3.16017508507	-1368
3.16031098366	-1368
3.16041612625	-1368
3.16053795815	-1368
3.16065502167	-1368
3.16078710556	-1368
3.16090703011	-1368
3.160998106	-1368
3.1611289978	-1368
3.16121196747	-1368
3.1614420414	-1368
3.16153907776	-1368
3.16191315651	-1368
3.16201806068	-1368
3.16216802597	-1368
3.1623980999	-1368
3.16249799728	-1368
3.16264200211	-1368
3.16275405884	-1368
3.16297698021	-1368
3.16316604614	-1368
3.16325902939	-1368
3.16365218163	-1368
3.16375517845	-1368
3.16385006905	-1368
3.16472816467	1368
3.16705203056	-1368
3.16719102859	-1368
3.16734910011	-1368
3.16786313057	-1368
3.16797614098	-1368
3.17435216904	-1368
3.17464709282	1368
3.18825507164	-1368
3.18847513199	-1368
3.18860697746	-1368
3.18866610527	-1368
3.18892097473	-1368
3.18901109695	-1368
3.18912816048	-1368
3.19027614594	-1368
3.19030714035	-1368
3.19038510323	-1368
3.19052314758	1368
3.19071602821	-1368
3.19078207016	-1368
3.19095396996	-1368
3.19106316566	-1368
3.19119405746	-1368
3.19127202034	-1368
3.19167113304	-1368
3.19174003601	-1368
3.1918900013	-1368
3.19423317909	-1368
3.19429302216	-1368
3.1944770813	-1368
3.19462013245	-1368
3.19471406937	-1368
3.19481611252	-1368
3.19490218163	-1368
3.1950571537	-1368
3.19522404671	-1368
3.19527316093	-1368
3.19540095329	-1368
3.19549202919	-1368
3.19563698769	-1368
3.19573712349	-1368
3.19585514069	-1368
3.19591903687	1368
3.19597697258	-1368
3.19611215591	-1368
3.19620895386	-1368
3.1963660717	-1368
3.19651317596	-1368
3.19665408134	-1368
3.19677305222	-1368
3.19686698914	-1368
3.19696497917	-1368
3.19711112976	-1368
3.197245121	-1368
3.19734597206	-1368
3.19748616219	-1368
3.19759011269	-1368
3.19768714905	-1368
3.19782304764	-1368
3.19801998138	-1368
3.19807100296	-1368
3.19823002815	-1368
3.19830918312	-1368
3.19843411446	-1368
3.19857597351	-1368
3.19872808456	-1368
3.19881606102	-1368
3.1989979744	-1368
3.19912099838	-1368
3.19925713539	-1368
3.19945001602	-1368
3.19954705238	-1368
3.19962215424	-1368
3.19979906082	-1368
3.19988298416	-1368
3.2000041008	-1368
3.20009207726	1368
3.20010614395	-1368
3.20065617561	-1368
3.20080709457	-1368
3.20086812973	-1368
3.20125818253	-1368
3.20135116577	-1368
3.2015171051	-1368
3.20215797424	-1368
3.20228099823	-1368
3.20235013962	-1368
3.2026309967	-1368
3.20274209976	-1368
3.20286297798	-1368
3.2030069828	-1368
3.20309305191	-1368
3.20316815376	-1368
3.20383810997	-1368
3.20391511917	-1368
3.20406103134	-1368
3.20791602135	1368
3.21858716011	-1368
3.21882915497	-1368
3.22266817093	-281
3.22310400009	1368
3.28952002525	973
3.32774710655	-1368
3.32783102989	-1368
3.32803797722	-1368
3.32813811302	-1368
3.32823896408	-1368
3.32845902443	-1368
3.32854604721	-1368
3.32863402367	-1368
3.32891917229	-1368
3.32905697823	-1368
3.32915997505	-1368
3.32929801941	-1368
3.33395504951	-1368
3.33409714699	-1368
3.33689808846	-1368
3.33774018288	-1368
3.33778500557	-1368
3.33783197403	-1368
3.33787918091	-1368
3.33794403076	-1368
3.33837795258	-1368
3.33853602409	-1368
3.33861613274	-1368
3.33909296989	-1368
3.3391931057	-1368
3.33931112289	-1368
3.3411450386	-1368
3.34776306152	-1368
3.34830212593	1368
3.34862208366	-1368
3.3518280983	-971
3.35250902176	-1368
3.352602005	-1368
3.35272407532	-1368
3.35289716721	-1368
3.35296201706	-1368
3.35390806198	-1368
3.35407805443	-1368
3.35417795181	-1368
3.35561418533	-1368
3.35576200485	-1368
3.35585808754	-1368
3.35597014427	-1368
3.35783100128	-1368
3.35798716545	-1368
3.36336612701	-1368
3.36347007751	-1368
3.36355209351	-1368
3.36385011673	-1368
3.36386418343	-1368
3.36394906044	-1368
3.36406898499	-1368
3.36430811882	-1368
3.36445212364	-1368
3.36462903023	-1368
3.3647081852	-1368
3.36793613434	-1368
3.36809706688	-1368
3.36818814278	-1368
3.36821317673	-1368
3.36826705933	-1368
3.36832618713	-1368
3.3685760498	-1368
3.36864614487	-1368
3.36870408058	-1368
3.36880517006	-1368
3.36955809593	-1368
3.36969399452	-1368
3.36983013153	-1368
3.37016201019	-1368
3.37028217316	-1368
3.37345695496	-1368
3.37419199944	-1368
3.37433004379	-1368
3.37452197075	-1368
3.3745470047	-1368
3.37462306023	-1368
3.37472105026	-1368
3.37492108345	-1368
3.37504410744	-1368
3.3776910305	-1368
3.37776398659	-1368
3.377794981	-1368
3.37817716599	1368
3.3837389946	-1368
3.38608217239	-1368
3.38612103462	1368
3.39245796204	1368
3.39435696602	-1368
3.39447212219	-1368
3.39458703995	-1368
3.40837717056	-1368
3.40855097771	-1368
3.41002416611	-1368
3.41012907028	-1368
3.41033911705	-1368
3.41684818268	-1368
3.41690015793	-1368
3.41714906693	-1368
3.4489710331	-1368
3.44913196564	1015
3.44919705391	-1368
3.44922399521	-1368
3.44950318336	-1368
3.44959902763	-1368
3.44979906082	-1368
3.45105218887	-1368
3.45119214058	-1368
3.45123410225	-1368
3.45256114006	-1368
3.45262408257	-1368
3.47042512894	-1368
3.47066712379	1368
3.4798951149	-1368
3.47995495796	-1368
3.48013210297	-1368
3.48065209389	-1368
3.48068213463	-1368
3.48088812828	-1368
3.4818110466	-1368
3.48196101189	-1368
3.48205304146	-1368
3.48258113861	-1368
3.48266911507	-1368
3.48277902603	-1368
3.48328995705	-1147
3.48341417313	-1368
3.48349308968	-1368
3.48355507851	1368
3.48441195488	-1368
3.48448801041	-1368
3.4846200943	-1368
3.48478412628	-1368
3.48488116264	-1368
3.48496413231	-1368
3.4851140976	-1368
3.48522996902	-1368
3.48532414436	-1368
3.48600912094	1368
3.48722910881	-1368
3.48732995987	-1368
3.48749995232	-1368
3.4876730442	-1368
3.4876999855	-1368
3.48782801628	-1368
3.48796796799	-1368
3.48808503151	-1368
3.48822808266	-1368
3.48833918571	-1368
3.4884750843	-1368
3.48860216141	-1368
3.4887239933	-1368
3.48884916306	-1368
3.48901510239	-1368
3.49288201332	-1368
3.49291300774	-1368
3.49301815033	-1368
3.49323010445	-1368
3.50310897827	-1368
3.50315213203	-1368
3.50448298454	-1368
3.5224711895	-1368
3.52616906166	1368
3.53522396088	1368
3.54369401932	-1368
3.54917812347	-1368
3.54941797256	-1368
3.54945015907	-1368
3.54948616028	-1368
3.54954004288	-1368
3.55006718636	-1368
3.55014514923	-1368
3.55019116402	-1368
3.55023908615	-1368
3.55048012733	-1368
3.55062508583	-1368
3.55081510544	-1368
3.55087399483	-1368
3.55090403557	-1368
3.55103611946	-1368
3.5512740612	-1368
3.55133795738	-1368
3.55158209801	-1368
3.55175614357	-1368
3.55227518082	-1368
3.55245614052	-1368
3.55258202553	-1368
3.55274796486	-1368
3.55294203758	-1368
3.55314898491	-1368
3.55324697495	-1368
3.55331206322	-1368
3.55334615707	-1368
3.55396795273	-1368
3.55405402184	-1368
3.55420398712	1368
3.57018208504	-1368
3.57036018372	-1368
3.57054305077	-1368
3.57123398781	1368
3.59962105751	53
3.60953807831	-1368
3.60970807076	-1368
3.6119389534	-1062
3.62922096252	-1368
3.62929701805	-1368
3.63136696815	-1368
3.63150405884	-1368
3.63161015511	-1368
3.75765109062	-414
3.92245411873	-1086
3.94650506973	-1368
3.95468497276	-1368
3.95477199554	-1368
3.95606398582	-1368
3.95661902428	-1368
3.95672297478	-1368
3.95682406425	-1368
3.96765613556	-1368
3.96784496307	-1368
3.98867702484	-1368
3.98875713348	-1368
3.99221801758	-1368
3.99235296249	-1368
4.01339697838	-1368
4.01351308823	-1368
4.05107617378	-330
4.13552498817	-1368
4.13646316528	1057
4.17957401276	-746
4.19331598282	-1368
4.3223221302	-1231
4.32434606552	543
4.53331708908	-543
4.77380204201	-1057
4.78796410561	-1368
4.78808808327	-1368
4.78820514679	-1368
4.78833317757	-1368
4.78846502304	-1368
4.78879308701	-1368
4.78889703751	-1368
4.78902006149	-1368
4.7951900959	-1368
4.79536414146	-1368
4.79584217072	543
4.90223503113	-372
5.07046914101	-543
5.09351301193	-1368
5.09364318848	-1368
5.11441111565	-1368
5.20077800751	-1094
5.32920908928	-1057
5.33028411865	1057
5.7464029789	-543
6.02342510223	-1057
8.00530815125	1057
9.00568914413	543
9.13546705246	543
10.8723900318	-543
10.9032971859	543
10.983921051	-543
11.3639650345	-543
11.3650550842	543
11.4961049557	543
11.8306500912	-543
12.8015770912	-543
13.3256700039	-543
13.4555120468	-543
13.5846021175	-1086
13.9519319534	-543
14.0843491554	-543
