0	237
0.124531984329	-758
0.129218101501	126
0.25216794014	-51
0.260045051575	38
0.382708072662	-1420
0.382725954056	-107
0.383275985718	1057
0.506679058075	-543
0.507224082947	543
0.662958145142	-543
0.670200109482	543
0.825672149658	-543
0.830242156982	1057
1.68999004364	-543
4.52425193787	-543
7.11918997765	543
7.92843699455	-543
8.1248691082	249
8.25963902473	-755
8.26024413109	126
8.4051990509	-51
8.40540099144	38
8.53627514839	-1420
8.53629302979	-90
8.54508113861	1057
8.67710900307	-543
8.68506598473	543
8.81886601448	-543
8.8254840374	543
9.02940106392	-543
9.02988314629	1057
11.9987940788	-543
12.2907221317	-1420
12.2907791138	-1316
12.2908439636	-891
12.2912099361	-1420
12.2912330627	-1316
12.291435957	-1368
12.2916991711	-1420
12.2917411327	-1316
12.291934967	-1368
12.3100349903	-1368
12.4209289551	-1420
12.4210050106	-971
12.423812151	543
12.4448549747	543
12.4453420639	543
12.4456181526	543
12.4651839733	543
12.4655029774	543
12.4965889454	-1420
12.4966061115	-1316
12.4967141151	-1420
12.4967169762	-1420
12.4967541695	-1264
12.4973230362	-1420
12.4973449707	-1316
12.4973480701	-1368
12.498016119	-1420
12.4980220795	-1420
12.4980621338	-1264
12.4981441498	543
12.5333900452	543
12.5507230759	-1420
12.5507371426	-1420
12.5507891178	-1420
12.5507931709	-1420
12.5508291721	-881
12.5560569763	543
12.5902891159	543
12.5906121731	543
12.6303529739	543
12.6306929588	543
12.6309731007	543
12.6491270065	543
12.6804680824	-1268
12.6951789856	543
12.6954901218	543
12.7403311729	543
12.8131921291	-1057
12.9603340626	543
12.9606170654	543
12.9701521397	543
12.9703321457	543
12.9804000854	543
12.9806439877	543
12.9808850288	543
12.9810659885	543
12.995059967	-543
12.9952089787	543
12.9954380989	543
12.9956569672	543
12.9958450794	543
13.056787014	-1368
13.0699810982	543
13.0701861382	543
13.0703639984	543
13.0705611706	543
13.0707130432	543
13.0708701611	543
13.0710229874	543
13.0711841583	543
13.0713460445	543
13.0715050697	543
13.0716590881	543
13.0718500614	543
13.071983099	543
13.0798561573	543
13.0803761482	543
13.0806930065	543
13.0809290409	543
13.081140995	543
13.0813751221	543
13.0815820694	543
13.0817639828	543
13.1111080647	543
13.1251780987	-775
13.125494957	1460
13.125549078	1460
13.1256160736	193
13.1257441044	1460
13.1258010864	625
13.2189249992	-1368
13.2299621105	1460
13.2300190926	1460
13.2300550938	193
13.25553298	-232
13.2652680874	1460
13.2653660774	1460
13.2654049397	1161
13.2654709816	89
13.2656829357	1460
13.2657461166	1460
13.2657959461	222
13.306415081	543
13.3067121506	543
13.3956840038	-1057
13.3959710598	1460
13.3960330486	625
13.3961660862	1460
13.3962099552	1460
13.3962459564	193
13.5262460709	-1057
13.5340149403	1460
13.5340881348	1460
13.534126997	707
13.5342550278	1460
13.5342991352	1139
13.7213821411	-1420
13.7213990688	-1420
13.7214529514	-787
13.7220039368	-1368
13.7491970062	-1368
13.7888679504	-1368
13.8259651661	-1368
13.8276891708	1460
13.8277430534	1139
13.8509559631	-812
13.8554649353	1057
13.8579931259	-1420
13.8579981327	-1316
13.8586330414	-1420
13.8586380482	-1420
13.8586571217	-1264
13.8592121601	-1368
13.8592979908	543
13.9011149406	-1368
13.9012219906	-1420
13.9012830257	-1316
13.9122560024	-1420
13.9123079777	-1420
13.9123129845	-1264
13.9128160477	-1420
13.9128201008	-1316
13.912858963	-1368
13.9400930405	-1420
13.940155983	-1420
13.9401609898	-1264
13.9402530193	-1420
13.9402561188	-1420
13.9402940273	-1264
13.9404389858	-1420
13.940459013	-1420
13.9404611588	-1264
13.940762043	-1420
13.9407651424	-1420
13.9408020973	-1264
13.9473891258	1057
13.9561750889	-1368
13.9855451584	-225
13.9978489876	-1368
13.9979770184	543
13.9985051155	543
14.0111980438	-1420
14.0112071037	-1420
14.0112531185	-1264
14.0119049549	-1420
14.0119440556	-1316
14.0479140282	-1420
14.0479519367	-1316
14.0480530262	-1368
14.0484981537	-1420
14.0485019684	-1420
14.0485460758	-1264
14.0491120815	-1420
14.0491321087	-1420
14.049134016	-1264
14.0658421516	-1420
14.0658590794	-1420
14.0659141541	-1264
14.0660049915	-1368
14.0661110878	543
14.0947270393	-1368
14.0948431492	-1368
14.095772028	-1420
14.0957760811	-1420
14.0958149433	-1264
14.0966410637	-1368
14.0967490673	-1420
14.0967521667	-1316
14.0975811481	-1420
14.0975849628	-1420
14.0976369381	-1264
14.0976400375	-1368
14.1004991531	543
14.1161410809	-1420
14.1161580086	-1316
14.1164121628	-1420
14.1164159775	-1316
14.1166200638	-1368
14.1166231632	-1420
14.1166591644	-1316
14.11672616	-1368
14.1278910637	-1314
14.1587171555	-1368
14.1879341602	-1368
14.1903779507	543
14.224984169	-1420
14.2249979973	-1316
14.2250580788	-1368
14.2255210876	-1368
14.2355730534	543
14.2358150482	1460
14.2358601093	625
14.2399661541	543
14.2401480675	543
14.2580111027	-646
14.295746088	-1420
14.2958140373	-1420
14.2958180904	-1264
14.2959010601	-1420
14.2959041595	-1316
14.2959470749	-1420
14.2959489822	-1316
14.2959871292	-1368
14.2961399555	-1368
14.2962751389	-1420
14.2962770462	-1316
14.2963130474	-1368
14.3000330925	543
14.3024001122	1460
14.3024630547	1139
14.3175809383	-1420
14.317595005	-1420
14.3176491261	-1420
14.3176519871	-1212
14.3176870346	-1368
14.317688942	-1368
14.3179819584	-1368
14.3182561398	-1420
14.3182990551	-1316
14.3193891048	-1420
14.3194169998	-1316
14.3195450306	-1368
14.325026989	543
14.3559730053	-1420
14.3559889793	-1316
14.3560731411	-1368
14.3572051525	1460
14.3572609425	111
14.400676012	-1420
14.4006929398	-1420
14.4007599354	-1264
14.4008610249	-1420
14.400906086	-1316
14.4009530544	-1368
14.4259951115	-1240
14.4392390251	-1420
14.4393050671	-1316
14.4393091202	-1420
14.4393441677	-1420
14.4393470287	-1264
14.4395561218	-1420
14.4395599365	-1316
14.4396121502	-1368
14.4401350021	-1420
14.4401750565	-1420
14.4401769638	-1264
14.4403979778	-1368
14.4411051273	543
14.4412479401	543
14.4580390453	-1420
14.4580540657	-1316
14.4584369659	-1420
14.4584419727	-1420
14.4584841728	-1264
14.4588310719	-1420
14.458876133	-1420
14.458878994	-1264
14.4590439796	-1420
14.4590470791	-1420
14.4590661526	-1264
14.4590680599	-1368
14.4968221188	-1420
14.4968390465	-1316
14.4969029427	-1368
14.4974789619	-1420
14.4975180626	-1420
14.4975199699	-1264
14.4976000786	-1420
14.4976029396	-1316
14.4978630543	-1368
14.4981760979	-1420
14.4981811047	-1420
14.4981820583	-1264
14.5158951283	-1420
14.5159111023	-1420
14.5159649849	-1264
14.5160040855	-1420
14.5160241127	-1316
14.530616045	-1420
14.5306770802	-1420
14.5306811333	-1264
14.5307180882	-1420
14.5307209492	-1420
14.5307590961	-1420
14.5307619572	-1212
14.5309331417	543
14.5529520512	-1420
14.5529670715	-1420
14.5530281067	-1264
14.5534760952	-1420
14.5535149574	-1420
14.5535180569	-1264
14.5537040234	-1420
14.5537071228	-1420
14.553745985	-1264
14.5538589954	543
14.5539820194	543
14.5540921688	-1420
14.5546791553	-1420
14.5547029972	-1264
14.5556559563	-1233
14.5725631714	-1420
14.5725779533	-1316
14.5733160973	-1420
14.573321104	-1420
14.5733411312	-1264
14.5739691257	-1420
14.5739941597	-1420
14.5739970207	-1264
14.5747351646	-1420
14.5747401714	-1420
14.5747931004	-1264
14.5753519535	-1368
14.5754549503	543
14.6058590412	-1420
14.605877161	-1316
14.6078989506	-1420
14.6079039574	-1316
14.6079630852	-1368
14.6093389988	-1420
14.6093821526	-1420
14.6093840599	-1264
14.6096611023	-1368
14.6098370552	-1420
14.6098411083	-1316
14.6102941036	-1368
14.6131000519	543
14.6241049767	-1420
14.6241180897	-1420
14.6242289543	-1264
14.6242320538	-1420
14.6242690086	-1316
14.6243300438	-1368
14.6244900227	543
14.6250960827	-1420
14.6251111031	-1420
14.6251959801	-1264
14.6631779671	-1420
14.6632511616	-1420
14.6632561684	-1264
14.6633040905	-1420
14.6633069515	-1316
14.6633419991	-1368
14.6636819839	-1420
14.6637051105	-1316
14.6639621258	-1368
14.6641430855	-1420
14.6641471386	-1420
14.6641490459	-1264
14.6643049717	-1420
14.6643090248	-1316
14.6643900871	-1368
14.665405035	543
14.6844570637	-1420
14.6844730377	-1316
14.6845259666	-1368
14.6866791248	-1420
14.6867189407	-1316
14.6867220402	-1368
14.6870231628	-1420
14.6870260239	-1420
14.6870450974	-1420
14.6870470047	-1420
14.6870629787	-1160
14.6870651245	-1368
14.7033951283	-1320
14.7209751606	-1420
14.7210299969	-1316
14.7211410999	-1420
14.7211890221	-1420
14.7211921215	-1264
14.7221300602	-1420
14.7221360207	-1420
14.7221601009	-1264
14.7222421169	543
14.7233681679	-1420
14.7233729362	-1420
14.7234151363	-1264
14.7236981392	-1368
14.7513740063	-1420
14.7513890266	-1316
14.751554966	-1420
14.7515590191	-1316
14.7516040802	-1368
14.7548019886	-1420
14.7548670769	-1420
14.75487113	-1264
14.7638959885	-1420
14.763903141	-1420
14.7639479637	-1264
14.7645411491	-1368
14.7904651165	-1420
14.7904820442	-1420
14.7905170918	-1264
14.790733099	-1420
14.7907731533	-1316
14.790954113	-1368
14.7911641598	-1420
14.7911670208	-1316
14.7913870811	-1420
14.7913920879	-1316
14.7915241718	-1420
14.7915270329	-1316
14.7948861122	543
14.8122429848	-1420
14.8122501373	-1420
14.8123030663	-1264
14.8125481606	-1420
14.8125851154	-1420
14.8125879765	-1264
14.8128559589	-1420
14.8128590584	-1316
14.8129220009	-1368
14.8137021065	543
14.8177051544	-1420
14.8177101612	-1420
14.8177540302	-1264
14.8507449627	-1056
14.8537960052	-1420
14.853801012	-1420
14.8538401127	-1264
14.8538429737	-1368
14.854060173	-1420
14.8540639877	-1316
14.8541469574	-1420
14.8541491032	-1316
14.8562231064	-1420
14.8562290668	-1420
14.8562700748	-1264
14.8566360474	-1368
14.8916640282	-1420
14.8916800022	-1316
14.8923881054	-1420
14.8923940659	-1316
14.8925051689	-1368
14.8930470943	-1420
14.8930990696	-1420
14.893102169	-1264
14.8931400776	-1420
14.8931419849	-1420
14.8931770325	-1264
14.8934521675	-1368
14.9154140949	-1420
14.9154291153	-1420
14.9154839516	-1264
14.9156210423	-1368
14.9158351421	-1420
14.9158389568	-1316
14.9159870148	543
14.9160950184	-1420
14.9160990715	-1420
14.9161190987	-1264
14.9213190079	543
14.9350261688	-1420
14.935035944	-1316
14.9352600574	-1368
14.952684164	-1420
14.9527549744	-1420
14.9527590275	-1264
14.9534060955	-1420
14.9534111023	-1420
14.9534430504	-1264
14.9556159973	-1420
14.9556641579	-1316
14.9558019638	-1368
14.9559140205	-1368
14.9560029507	-1420
14.9560050964	-1316
14.983725071	-1056
14.9957170486	-1420
14.995732069	-1316
14.9961020947	-1368
14.9962229729	-1368
14.9965760708	-1368
14.9968910217	-1420
14.9969410896	-1420
14.9969439507	-1264
14.9972140789	-1420
14.997218132	-1420
14.9972691536	-1264
14.9975049496	-1368
15.0142140388	-1420
15.0142290592	-1316
15.0144970417	-1420
15.0145020485	-1316
15.0145249367	-1368
15.0150091648	-1420
15.0150501728	-1420
15.0150530338	-1264
15.0176961422	-1420
15.0177030563	-1316
15.0178079605	-1368
15.0178799629	543
15.0179860592	543
15.0217700005	-1368
15.0434911251	-1420
15.0435550213	-1420
15.0435590744	-1264
15.0436091423	-1420
15.0436120033	-1316
15.0436940193	-1368
15.0440621376	-1420
15.044095993	-1420
15.0440990925	-1264
15.0469410419	-1420
15.0469529629	-1420
15.0470030308	-1264
15.0726101398	-1420
15.0726671219	-1420
15.0726709366	-1264
15.0727601051	-1420
15.0727629662	-1316
15.072863102	-1368
15.0730221272	-1420
15.0730390549	-1316
15.0731611252	-1368
15.083698988	-1420
15.0837099552	-1420
15.0837640762	-1264
15.1007051468	-1420
15.1007659435	-1420
15.1007699966	-1264
15.1008570194	-1420
15.1008601189	-1316
15.1010229588	-1368
15.102545023	-1420
15.1025819778	-1420
15.1025841236	-1264
15.102617979	-1420
15.1026201248	-1420
15.1026551723	-1264
15.1072599888	543
15.1074390411	543
15.1233370304	-1368
15.1233999729	-1368
15.1237809658	-1420
15.1237840652	-1420
15.1238031387	-1420
15.1238050461	-1212
15.1238200665	-1420
15.1238219738	-1420
15.1238369942	-1264
15.1240940094	-1420
15.1241300106	-1316
15.1241321564	-1368
15.1245951653	-1368
15.1251311302	-216
15.1281330585	543
15.1282179356	543
15.1283180714	543
15.1283640862	543
15.1286809444	543
15.1603450775	-1420
15.1603610516	-1316
15.1614091396	-1420
15.1614129543	-1420
15.1614511013	-1264
15.161864996	-1420
15.1618840694	-1420
15.1618859768	-1264
15.162263155	-1420
15.162266016	-1420
15.1623020172	-1420
15.162304163	-1212
15.1755990982	-543
15.188598156	-1368
15.1887750626	-1420
15.1888411045	-1420
15.1888439655	-1420
15.1888861656	-1212
15.1889979839	543
15.1891560555	-1420
15.1891601086	-1420
15.1892111301	-1264
15.1893420219	-1420
15.1893811226	-1420
15.1893830299	-1264
15.1909019947	-1368
15.1951129436	543
15.2245490551	-1420
15.2245640755	-1420
15.2246179581	-1264
15.2597949505	-1108
15.2647271156	-1368
15.2648711205	-1368
15.2649800777	543
15.2667200565	-1420
15.266726017	-1420
15.2667720318	-1264
15.2676019669	-1420
15.2676279545	-1420
15.2676301003	-1264
15.2683529854	-1420
15.2683579922	-1316
15.2683999538	-1368
15.268679142	-1368
15.2904911041	-1420
15.2905061245	-1316
15.2905600071	-1420
15.2905631065	-1420
15.290596962	-1264
15.2908649445	-1420
15.2909040451	-1316
15.2909059525	-1368
15.2910680771	-1420
15.2910730839	-1316
15.2911930084	-1420
15.2911961079	-1316
15.3182849884	-1420
15.3182971478	-1420
15.318349123	-1264
15.318351984	-1420
15.3183851242	-1420
15.3183879852	-1264
15.3191990852	-1420
15.3192019463	-1316
15.3198270798	-1368
15.3204410076	-1420
15.3204610348	-1316
15.3248381615	543
15.3249790668	543
15.3718450069	-543
15.385668993	-1420
15.3856811523	-1316
15.3858790398	-1420
15.3858830929	-1420
15.3859231472	-1264
15.3859260082	-1368
15.3860080242	-1420
15.3860120773	-1420
15.3860290051	-1264
15.3861560822	543
15.3862991333	543
15.3898820877	-729
15.3914489746	1460
15.3915040493	111
15.4466459751	-1420
15.4466609955	-1316
15.4467151165	-1420
15.4467179775	-1420
15.446762085	-1264
15.4471299648	-1420
15.4471490383	-1420
15.4471509457	-1264
15.447630167	-1420
15.447633028	-1420
15.4476690292	-1264
15.4481680393	-1368
15.4823110104	-1420
15.4823260307	-1316
15.4823801517	-1420
15.4823830128	-1420
15.4824180603	-1264
15.4825539589	543
15.4827070236	-1420
15.4827120304	-1420
15.4827549458	-1264
15.4833519459	-1420
15.4833769798	-1420
15.4833791256	-1264
15.4847171307	-1368
15.5176341534	-1420
15.5176970959	-1316
15.5177021027	-1368
15.5187830925	-1420
15.5187859535	-1316
15.5190250874	-1420
15.5190279484	-1420
15.5190460682	-1420
15.5190479755	-1212
15.5194101334	-1420
15.5194129944	-1420
15.5194489956	-1264
15.5217781067	-792
15.5219459534	543
15.5220930576	543
15.5431280136	-1420
15.543143034	-1316
15.5432071686	-1420
15.5432100296	-1420
15.543254137	-1264
15.5436871052	-1420
15.5437259674	-1420
15.5437281132	-1264
15.5439591408	-1420
15.5439620018	-1420
15.543982029	-1264
15.5439839363	-1368
15.5499851704	543
15.5647101402	-1420
15.5647230148	-1316
15.564838171	-1368
15.5650041103	-1420
15.5650341511	-1420
15.5650360584	-1420
15.5650579929	-1212
15.5650610924	-1368
15.5654351711	-1420
15.5654389858	-1420
15.5654771328	-1264
15.5658681393	-1368
15.5694270134	543
15.5696151257	543
15.6041510105	-1420
15.6041660309	-1420
15.604227066	-1264
15.6045269966	-1420
15.6045680046	-1316
15.6047451496	-1368
15.6052851677	-1420
15.6052889824	-1316
15.6259739399	-1420
15.625991106	-1316
15.6264951229	-1368
15.6274869442	-1420
15.6275160313	-1420
15.6275179386	-1264
15.6281101704	-1420
15.6281139851	-1316
15.628275156	-1368
15.6284871101	-1420
15.6285090446	-1316
15.628590107	-1420
15.6286320686	-1420
15.628633976	-1420
15.6286671162	-1212
15.6287090778	543
15.652326107	-1367
15.6530461311	-1420
15.6530900002	-1316
15.6538319588	-1420
15.6538770199	-1420
15.653881073	-1264
15.6542861462	-1420
15.6542890072	-1420
15.6543259621	-1264
15.6546640396	-1420
15.6547000408	-1420
15.654720068	-1264
15.6547570229	-1368
15.6645171642	543
15.6650190353	543
15.6881141663	-1420
15.6881301403	-1316
15.6883940697	-1420
15.6883971691	-1420
15.6884350777	-1264
15.6889989376	-1420
15.689043045	-1420
15.6890461445	-1264
15.6895639896	-1420
15.6895680428	-1420
15.689604044	-1264
15.6900360584	-1368
15.6935069561	543
15.6949679852	543
15.6952271461	543
15.6958920956	543
15.6962680817	543
15.7102310658	-1420
15.710242033	-1420
15.7102911472	-1264
15.7113060951	-1420
15.7113490105	-1420
15.7113521099	-1420
15.7114300728	-1212
15.7114319801	-1368
15.7120471001	-1368
15.7124841213	-1420
15.7125101089	-1316
15.7125740051	-1368
15.7334890366	-1420
15.7335009575	-1420
15.7335309982	-1264
15.733533144	-1420
15.733549118	-1420
15.7335510254	-1264
15.734555006	-1420
15.7345590591	-1316
15.734719038	-1368
15.7354810238	-1420
15.7355220318	-1420
15.7355251312	-1264
15.7538731098	-1420
15.7538869381	-1420
15.7539420128	-1264
15.7539451122	-1368
15.7539789677	-1420
15.7539811134	-1316
15.7544469833	-1420
15.7544500828	-1316
15.7544939518	-1368
15.7605919838	543
15.7612030506	543
15.7735431194	-1420
15.773553133	-1420
15.7736010551	-1264
15.7798810005	-1420
15.7799301147	-1316
15.7799329758	-1420
15.7799770832	-1316
15.7799789906	-1368
15.7800130844	-1368
15.7809820175	1057
15.7811050415	-1420
15.7811069489	-1316
15.7812740803	-1368
15.7826490402	-975
15.7982461452	-1420
15.7982621193	-1316
15.799421072	-1368
15.8161110878	-1420
15.816174984	-1420
15.8161790371	-1264
15.8164460659	-1420
15.816450119	-1316
15.8167231083	-1420
15.8167271614	-1420
15.8167691231	-1264
15.817043066	-1368
15.8175830841	-1420
15.8175871372	-1316
15.8176751137	-1368
15.8364579678	-1420
15.8365280628	-1420
15.8365321159	-1264
15.836977005	-1420
15.8369810581	-1316
15.837346077	-1420
15.8373501301	-1316
15.8374149799	-1368
15.8375029564	-1368
15.8377010822	-1420
15.8377220631	-1316
15.8377621174	-1368
15.8574690819	-1420
15.8575971127	-1316
15.8576021194	-1420
15.8576431274	-1420
15.8576459885	-1420
15.8576800823	-1212
15.8582429886	-1420
15.8582839966	-1420
15.858287096	-1264
15.8587231636	-1420
15.8587260246	-1316
15.8588480949	-1368
15.8599040508	-1368
15.8648750782	543
15.865046978	543
15.8938109875	-1420
15.8938260078	-1316
15.8963871002	-1420
15.8963899612	-1420
15.8964290619	-1264
15.8970329762	-1420
15.8970780373	-1316
15.8970811367	-1368
15.8973171711	-1420
15.8973200321	-1420
15.8973560333	-1264
15.8977429867	-1368
15.901268959	543
15.9120650291	-297
15.9172811508	-1420
15.9173340797	-1316
15.9175319672	-1368
15.9176859856	-1420
15.9176900387	-1316
15.9181790352	-1420
15.9181830883	-1316
15.9182829857	-1368
15.9186010361	-1420
15.9186191559	-1316
15.9187271595	-1420
15.9187650681	-1316
15.9539730549	-1420
15.9540359974	-1316
15.9543061256	-1420
15.9543411732	-1316
15.954570055	-1368
15.9551250935	-1420
15.9551291466	-1316
15.9552440643	-1368
15.9560041428	-1420
15.9560501575	-1420
15.9560530186	-1264
15.9573149681	-1368
15.9677989483	543
15.9724471569	-543
15.9755380154	-1420
15.9755439758	-1316
15.9755859375	-1368
15.976072073	-1420
15.976099968	-1316
15.9763131142	-1420
15.9763531685	-1316
15.9764921665	-1420
15.9765291214	-1316
15.9770970345	-1420
15.9771230221	-1316
15.9773130417	-1368
15.9774961472	543
16.0177979469	-1420
16.0178151131	-1420
16.0178699493	-1264
16.0194079876	-1420
16.019452095	-1316
16.0204060078	-1368
16.0215101242	-1420
16.0215139389	-1316
16.0218811035	-1368
16.0225880146	-1420
16.0226261616	-1316
16.0231730938	-1368
16.0347650051	-1420
16.0347759724	-1420
16.0348300934	-1264
16.0352921486	-1420
16.0353181362	-1420
16.0353200436	-1264
16.0354130268	543
16.0360560417	-1420
16.0360610485	-1420
16.0361001492	-1264
16.0361020565	-1420
16.036137104	-1316
16.0362210274	543
16.0362560749	-1368
16.0419840813	-1320
16.0613069534	-1420
16.0613210201	-1420
16.0613811016	-1264
16.0613839626	-1368
16.0614249706	-1368
16.0627701283	-1420
16.0628099442	-1420
16.0628120899	-1264
16.0640201569	-1420
16.0640251637	-1316
16.0642261505	-1368
16.066352129	-1368
16.0942881107	-1420
16.0943040848	-1316
16.0948691368	-1420
16.0948729515	-1420
16.0949139595	-1264
16.0953321457	-1420
16.0953741074	-1420
16.0953769684	-1264
16.0958349705	543
16.0988280773	-1420
16.0988330841	-1420
16.0988740921	-1264
16.1002910137	-1368
16.1174590588	-1420
16.117470026	-1316
16.1175091267	-1368
16.118625164	-1420
16.1186950207	-1316
16.1189539433	-1368
16.1195120811	-1420
16.1195161343	-1316
16.1197910309	-1368
16.1198580265	543
16.1212589741	543
16.1364440918	-1368
16.1364600658	-1420
16.136496067	-1316
16.1513631344	-1420
16.1514270306	-1420
16.1514320374	-1264
16.151736021	-1420
16.1517410278	-1316
16.1520719528	-1420
16.1520760059	-1420
16.1521160603	-1264
16.1524009705	-1420
16.1524400711	-1316
16.1524431705	-1420
16.1524779797	-1316
16.1722490788	-1056
16.1727120876	-1420
16.1727170944	-1316
16.173345089	-1420
16.1733520031	-1316
16.1734809875	-1368
16.1739771366	-1420
16.1740210056	-1420
16.1740241051	-1264
16.1926169395	-1420
16.192633152	-1420
16.1926860809	-1420
16.192688942	-1212
16.1929030418	543
16.1942429543	-1420
16.1942491531	-1316
16.1944329739	-1420
16.194437027	-1316
16.1944561005	-1368
16.1948771477	-1420
16.1949191093	-1420
16.1949219704	-1264
16.1950311661	543
16.2143690586	-1420
16.2143831253	-1420
16.2144370079	-1264
16.214910984	-1368
16.2152121067	-1420
16.2152149677	-1420
16.2152509689	-1264
16.2159891129	-1420
16.2160079479	-1420
16.2160100937	-1264
16.2161281109	-1420
16.2161309719	-1316
16.2161660194	-1368
16.2170050144	-1420
16.2170460224	-1316
16.2173390388	-1368
16.2174930573	543
16.2175991535	-1420
16.2176010609	-1316
16.217769146	543
16.217965126	-1368
16.2181370258	-1420
16.2181811333	-1316
16.2181839943	-1368
16.2243881226	-1420
16.224396944	-1420
16.2244241238	-1264
16.2245399952	-1420
16.2245769501	-1316
16.2248079777	-1368
16.2366051674	-1420
16.236618042	-1420
16.2366530895	-1264
16.2379159927	-1420
16.2379591465	-1420
16.2379620075	-1264
16.2380340099	-1420
16.2380361557	-1420
16.2380521297	-1264
16.2382240295	-1420
16.2382600307	-1420
16.2382631302	-1264
16.2393579483	-1420
16.2393620014	-1420
16.2394001484	-1264
16.2399101257	-1420
16.2399511337	-1420
16.2399539948	-1264
16.2416341305	543
16.2417681217	543
16.2498691082	-543
16.254912138	-1420
16.2549200058	-1420
16.2549619675	-1264
16.2554540634	-1420
16.2554969788	-1420
16.2554991245	-1264
16.2557311058	-1420
16.2557351589	-1316
16.2558889389	-1420
16.2558939457	-1316
16.256000042	-1420
16.2560031414	-1316
16.2560520172	543
16.2562611103	-1420
16.2562639713	-1420
16.2563021183	-1264
16.2571890354	-1420
16.2572419643	-1316
16.2572460175	-1368
16.2573349476	-1368
16.2573881149	543
16.2737050056	-1420
16.2737150192	-1420
16.2737679482	-1264
16.2743239403	-1420
16.2743649483	-1420
16.2743680477	-1264
16.2744450569	-1420
16.2744469643	-1316
16.2751309872	-1368
16.2752950191	-1420
16.2753241062	-1316
16.2753269672	-1368
16.2754340172	1057
16.2756819725	-1420
16.2756860256	-1420
16.2757229805	-1264
16.2757251263	-1368
16.2757971287	-1368
16.2815721035	-1420
16.2816390991	-1420
16.2816441059	-1420
16.2816810608	-1212
16.2950210571	-1420
16.2950701714	-1316
16.2955241203	-1368
16.2957880497	-1420
16.2957921028	-1420
16.2958390713	-1264
16.2961320877	-1420
16.296156168	-1420
16.296159029	-1264
16.2964401245	-1420
16.2964451313	-1420
16.2964849472	-1264
16.2966270447	-1420
16.2966480255	-1316
16.2967610359	-1368
16.2973811626	-1420
16.2973849773	-1420
16.2974221706	-1264
16.2976391315	-1420
16.2976601124	-1420
16.2976629734	-1264
16.3021810055	-832
16.3189561367	-1420
16.3190031052	-1316
16.3193650246	-1368
16.319683075	-1420
16.3196880817	-1316
16.3198649883	-1368
16.3199729919	543
16.3205299377	-1420
16.3205349445	-1420
16.3205580711	-1420
16.3205599785	-1420
16.3205771446	-1160
16.3206689358	543
16.3210351467	-1420
16.3210411072	-1420
16.3211231232	-1420
16.3211259842	-1212
16.3211619854	-1420
16.3211641312	-1316
16.3212490082	-1368
16.3214941025	-1420
16.3215360641	-1420
16.3215391636	-1264
16.3325121403	1057
16.3395719528	-1420
16.3395769596	-1316
16.3398621082	-1420
16.3398661613	-1420
16.3399040699	-1420
16.3399071693	-1212
16.3403520584	-1420
16.3403551579	-1420
16.3403830528	-1264
16.3407890797	-1420
16.3408260345	-1420
16.3408279419	-1264
16.3410470486	-1420
16.341050148	-1420
16.3410670757	-1264
16.3415019512	-1420
16.3415391445	-1316
16.341684103	-1368
16.3418180943	-1368
16.3418700695	-1368
16.3419699669	-1368
16.3422250748	-1368
16.3458139896	543
16.3626739979	-1420
16.362691164	-1420
16.3627481461	-1264
16.3627510071	-1420
16.3627870083	-1420
16.3627891541	-1264
16.3628640175	-1420
16.3628661633	-1316
16.3630671501	543
16.3631980419	543
16.3635799885	-1368
16.3636851311	-1368
16.364084959	-1420
16.3640890121	-1316
16.3641309738	-1420
16.3641340733	-1420
16.364166975	-1264
16.3642070293	-1368
16.3698761463	543
16.3742461205	-1420
16.3742511272	-1420
16.3742930889	-1264
16.374366045	-1368
16.3749251366	-1420
16.3749279976	-1316
16.3799450397	543
16.3801620007	543
16.3910801411	-1420
16.391092062	-1420
16.391149044	-1264
16.3916871548	-1420
16.3917410374	-1420
16.3917479515	-1420
16.3918321133	-1212
16.3918340206	-1420
16.3918709755	-1420
16.3918731213	-1264
16.3931031227	-1420
16.3931090832	-1420
16.3931620121	-1264
16.3932731152	-1420
16.3933131695	-1316
16.3933620453	-1368
16.3937020302	-1420
16.3937060833	-1316
16.3938150406	-1420
16.39381814	-1420
16.3938350677	-1264
16.3940131664	-1368
16.394821167	-1368
16.3949799538	-1368
16.3950779438	-1368
16.3956651688	-1420
16.3957059383	-1316
16.3960621357	-1368
16.3967900276	543
16.3979101181	-1420
16.3979170322	-1316
16.3989491463	-1368
16.4015409946	543
16.4130060673	-1420
16.4130210876	-1316
16.4130740166	-1368
16.4139690399	-1420
16.414055109	-1420
16.41405797	-1420
16.414096117	-1212
16.414098978	-1368
16.4141330719	-1368
16.4142091274	-1420
16.4142451286	-1420
16.4142501354	-1264
16.4144339561	543
16.4145140648	-1420
16.4145159721	-1420
16.4145171642	-1264
16.4146621227	-1368
16.4147479534	-1420
16.4147510529	-1316
16.4149250984	-1420
16.4149279594	-1420
16.4149639606	-1264
16.4151699543	-1420
16.4151921272	-1420
16.4151940346	-1264
16.4154410362	-1420
16.4154441357	-1316
16.4155321121	-1368
16.4155571461	543
16.4156880379	-1368
16.4157400131	543
16.4318940639	-310
16.4343931675	-1420
16.4344420433	-1316
16.4351620674	-1420
16.4352071285	-1420
16.4352099895	-1264
16.4362051487	-1420
16.4362111092	-1316
16.4363820553	-1420
16.4363851547	-1420
16.436424017	-1420
16.4364261627	-1212
16.4366481304	-1368
16.4367351532	-1368
16.4367599487	-1368
16.4369089603	-1420
16.4369320869	-1316
16.4369339943	-1368
16.4370231628	543
16.4375779629	-1420
16.4375841618	-1420
16.4376251698	-1264
16.4377000332	-1420
16.4377369881	-1420
16.4377400875	-1264
16.4378900528	-1420
16.4378941059	-1316
16.4379301071	-1368
16.4379990101	-1420
16.4380350113	-1420
16.4380371571	-1264
16.438557148	543
16.4449150562	543
16.4453189373	543
16.4454801083	543
16.4561340809	-1420
16.4561400414	-1420
16.4561829567	-1264
16.4572620392	-1420
16.4573071003	-1420
16.4573111534	-1264
16.4574820995	-1420
16.4574861526	-1316
16.4575879574	543
16.4576239586	-1368
16.4577150345	543
16.457859993	-1420
16.4578649998	-1316
16.457955122	-1368
16.4651460648	543
16.4653611183	543
16.4799640179	543
16.4804401398	543
16.4806320667	543
16.4949369431	-1420
16.4949450493	-1316
16.4974701405	-1420
16.4974761009	-1420
16.4975190163	-1264
16.4992091656	-1368
16.5302340984	543
16.5304591656	543
16.5488460064	-1420
16.548853159	-1420
16.5489039421	-1264
16.549118042	543
16.5509290695	-1420
16.5509340763	-1316
16.5621409416	-1296
16.5802459717	543
16.5804691315	543
16.5898830891	543
16.6071770191	-1420
16.6071970463	-1420
16.6072330475	-1264
16.6100890636	-1420
16.6101379395	-1316
16.6103310585	-1368
16.6104879379	-1420
16.6104929447	-1420
16.6105120182	-1264
16.610599041	-1420
16.6106390953	-1420
16.6106419563	-1264
16.6228630543	-1420
16.6228711605	-1420
16.6229159832	-1264
16.6230270863	-1420
16.6230680943	-1316
16.6233251095	-1368
16.6234259605	543
16.6234710217	-1368
16.6679210663	-1368
16.6796290874	543
16.6799049377	543
16.6919529438	-317
16.701529026	-1368
16.7461819649	-1420
16.7461979389	-1420
16.7462511063	-1264
16.7463800907	543
16.7473871708	-1420
16.7473931313	-1316
16.7474601269	-1368
16.7477750778	-1420
16.7478189468	-1420
16.7478220463	-1264
16.7479820251	-1420
16.7479860783	-1316
16.7480039597	-1368
16.7481920719	-1368
16.7645480633	-1368
16.8217041492	-330
16.9403791428	-1420
16.9404270649	-1420
16.9404470921	-1264
16.9409120083	-1420
16.9409501553	-1316
16.9411830902	-1368
16.9416291714	-1420
16.9416661263	-1316
16.9419281483	-1368
16.9419801235	-1368
16.9420809746	-1420
16.9421181679	-1316
16.9510419369	-1420
16.9511070251	-1420
16.9511451721	-1264
16.9514241219	-1420
16.9514491558	-1420
16.9514660835	-1420
16.9514811039	-240
16.9518229961	-1420
16.9518749714	-1420
16.9519109726	-1264
16.9520521164	-1420
16.9520909786	-1420
16.9521260262	-1264
16.9522459507	543
16.9523351192	543
16.9751861095	-1420
16.9752020836	-1316
16.9753940105	-1420
16.9753980637	-1420
16.9754431248	-1264
16.9756820202	-1368
17.0376820564	-1420
17.0376999378	-1316
17.0817539692	-156
17.1185350418	-1420
17.1185829639	-1316
17.1190421581	-1420
17.1190831661	-1420
17.1190850735	-1264
17.119120121	-1420
17.119122982	-1316
17.1191570759	-1368
17.123262167	543
17.1382951736	-1368
17.2114830017	-1197
17.2128040791	543
17.2135219574	543
17.2138280869	543
17.4998250008	-543
17.5012099743	1460
17.5012769699	625
17.5213389397	-1420
17.5213501453	-1316
17.5413601398	-1420
17.5413739681	-1316
17.6197259426	-1420
17.6197619438	-1316
17.619879961	-1420
17.6198830605	-1420
17.6199250221	-1420
17.6199281216	-1212
17.619961977	-1420
17.6199650764	-1420
17.6199970245	-1264
17.6249330044	543
17.6316380501	-438
17.6394779682	-1420
17.6395180225	-1316
17.6564991474	-1368
17.6983699799	-1420
17.6983880997	-1316
17.6996691227	-1368
17.7603881359	-1368
17.7613971233	-849
17.7630419731	543
17.796683073	-1420
17.7966980934	-1316
17.8451771736	-1420
17.8451910019	-1420
17.845252037	-1264
17.8468050957	-1368
17.8911221027	-103
17.9260370731	-543
18.0224921703	-543
18.0421559811	-1420
18.0422151089	-1420
18.0422530174	-1420
18.042288065	-1420
18.0423300266	-1160
18.0423641205	-1368
18.0427789688	-1420
18.0428221226	-1420
18.0428571701	-1264
18.0439081192	543
18.0442669392	-1420
18.044271946	-1420
18.0443110466	-1264
18.0581760406	-1420
18.0582280159	-1420
18.058232069	-1264
18.0603840351	-1420
18.0603890419	-1316
18.0604300499	-1368
18.0610129833	-1420
18.0610661507	-1420
18.0610690117	-1264
18.061177969	543
18.0772590637	-1420
18.0772731304	-1420
18.0773251057	-1264
18.0777590275	-1368
18.1046071053	-1420
18.1046230793	-1316
18.1048359871	-1420
18.1048419476	-1316
18.1062870026	-1420
18.1062910557	-1316
18.171569109	-805
18.1732230186	543
18.1800129414	543
18.3108129501	-1057
18.3148109913	543
18.421159029	-543
18.4816110134	-543
18.6639640331	-543
19.1233360767	543
19.3343961239	-1057
19.4642860889	-543
19.5942270756	-1057
19.6029450893	543
19.6099541187	543
19.9900491238	543
20.0003681183	-543
20.1298689842	543
20.2097489834	-1057
20.7899091244	-543
21.0022480488	543
22.0049540997	543
22.5358250141	-543
23.0052821636	543
23.0055069923	543
24.9247119427	-543
26.1248891354	543
26.1249949932	543
26.2714841366	-543
26.2751710415	543
26.3416650295	-543
26.4857661724	-543
26.4861390591	543
26.5087561607	-543
26.6388249397	-543
26.6827130318	-543
26.6831440926	1057
27.1001780033	-543
27.500262022	-543
28.0468611717	-543
32.8065190315	-543
33.0231151581	-543
33.1198270321	543
34.1370899677	-543
37.0527310371	-543
37.124835968	543
37.264111042	244
37.2944591045	236
37.4056789875	-755
37.4101669788	126
37.4726860523	-751
37.4747669697	126
37.5500020981	-51
37.5598521233	38
37.6502950191	-51
37.6547420025	38
37.7000889778	-1420
37.7001070976	-100
37.7018830776	1057
37.8302609921	-1420
37.8302791119	-89
37.8363070488	1057
37.841823101	-543
37.8421089649	543
38.009458065	-543
38.0159900188	-543
38.0172829628	543
38.0176341534	543
38.1247420311	543
38.1248650551	543
38.236189127	-543
38.2366290092	1057
38.242577076	-543
38.2500171661	543
38.4892010689	-543
45.9341471195	-543
46.1198179722	543
47.1246819496	543
47.62926507	-543
49.1198010445	543
52.1204240322	543
53.129114151	543
53.2486319542	239
53.3423531055	-543
53.3728470802	-742
53.3750071526	126
53.5013611317	-51
53.5015611649	38
53.6255810261	-1420
53.6255991459	-68
53.6260240078	1057
53.7568531036	-543
53.7649669647	543
53.8921871185	-543
53.8948450089	543
54.0844080448	-543
54.0900490284	1057
58.1197690964	543
58.1198730469	543
58.3945989609	-543
59.0643270016	-543
60.1205940247	543
62.0204391479	-543
62.1196990013	543
62.6939160824	-543
63.1639270782	-543
67.4591441154	-543
67.558825016	-543
68.1197180748	543
68.1198151112	543
69.1300361156	543
69.1612679958	244
69.2000141144	-753
69.2013561726	126
69.239590168	-51
69.2397971153	38
69.2777509689	-1420
69.2777659893	-82
69.2798860073	1057
69.31863904	-543
69.3190200329	543
69.4529221058	-543
69.4548110962	543
69.6125071049	-543
69.6196379662	543
70.254750967	234
70.380010128	-757
70.3849949837	126
70.5114409924	-51
70.511660099	38
70.638365984	-1420
70.6383831501	-105
70.6388001442	1057
70.78779006	-543
70.7881720066	543
71.0459439754	-543
71.0498671532	543
73.1229450703	543
73.1230540276	543
73.2433819771	243
73.36135602	-749
73.3619570732	126
73.4800331593	-51
73.4845991135	38
73.6144771576	-1420
73.6144981384	-75
73.6179950237	1057
73.7428569794	-543
73.743252039	543
73.9476349354	-543
73.9480371475	543
74.2684440613	-543
74.2748360634	1057
75.743927002	-543
79.4455189705	-543
80.127737999	543
80.1278431416	543
80.1278910637	543
80.6646549702	-543
81.124532938	543
81.1246380806	543
81.1247279644	543
81.1247770786	543
81.7059509754	-543
81.8788189888	-543
82.3123400211	-543
82.6379830837	-1057
84.9213731289	-543
85.1244730949	543
85.8457369804	-543
85.9285640717	-543
86.1196341515	543
86.1197280884	543
86.1198079586	543
86.1198551655	543
86.1199109554	543
86.1454980373	-543
88.1244840622	543
89.1345319748	543
89.2389900684	248
89.352864027	-751
89.3534300327	126
89.4704301357	-51
89.4706399441	38
89.5069401264	-543
89.5834240913	-1420
89.5834419727	-87
89.5857970715	1057
89.7009789944	-543
89.7046821117	543
89.8315479755	-543
89.8319160938	543
90.0035841465	-543
90.0098559856	1057
90.6342101097	-543
96.1244320869	543
99.8320300579	-543
99.8323819637	543
105.129858971	543
105.254616976	228
105.378044128	-761
105.378620148	126
105.501547098	-51
105.505726099	38
105.627897024	-1420
105.627912045	-106
105.63462615	1057
105.75864315	-543
105.759011984	543
105.89816308	-543
105.898547173	543
106.088216066	-543
106.094676018	1057
106.980430126	-543
107.087743044	-543
107.122539043	543
111.129497051	543
111.129588127	543
113.124967098	543
115.488357067	-543
