0	-543
0.0632259845734	-543
2.31418395042	543
2.84492397308	-543
2.84516692162	543
3.38087296486	-543
3.41843605042	543
3.75594091415	-543
3.75643396378	543
4.06089305878	-543
4.07127404213	-1368
4.07132601738	-1368
4.18398499489	-949
4.19400191307	543
4.30656790733	543
4.45578193665	-543
4.45606899261	543
4.56901502609	-543
4.59256386757	-1368
4.70530700684	-746
4.70815992355	543
5.05621504784	-543
5.05632805824	-1368
5.05636405945	-1368
5.06170105934	-1368
5.06176996231	-1368
5.16901898384	-1297
5.25026988983	543
5.27671790123	1368
5.28393292427	1368
5.30743789673	1368
5.36302089691	667
5.44175100327	1368
5.47561788559	203
5.50411200523	-543
5.50478792191	1368
5.5823059082	-1368
5.60202407837	-1368
5.60204601288	203
5.61661791801	-435
5.69318389893	-1368
5.69321894646	-1368
5.69766187668	-1368
5.69768691063	-1368
5.70833897591	-1368
5.76633000374	-1044
5.76685905457	-1368
5.76708102226	-1368
5.76714801788	-1368
5.76734209061	543
5.76799702644	-1368
5.77116107941	-1368
5.78149294853	-1368
5.80588889122	-1368
5.87915587425	-1081
5.88091301918	-1368
5.88096404076	-1368
5.88547587395	-1368
5.88555788994	-1368
5.88584208488	543
5.8908560276	-1368
5.89090108871	-1368
5.91804099083	-1368
5.91810107231	-1368
5.92788004875	-1368
5.93809986115	-1368
5.9495010376	-1368
5.95382809639	-1368
5.95980000496	-1368
5.95989894867	-1368
5.95996499062	-1368
5.9641520977	-1368
5.96427702904	-1368
5.97008705139	-1368
5.99051690102	-1368
5.99054408073	-1368
5.99350309372	-1150
6.03685998917	543
6.06475996971	-1368
6.06481003761	-1368
6.0656440258	-1368
6.06568193436	-1368
6.06931400299	-1368
6.07499408722	-1368
6.07513189316	-1368
6.07515406609	-1368
6.07927894592	-1368
6.10406804085	-1368
6.11425995827	-1368
6.14264202118	-778
6.15564990044	1368
6.1738820076	-1368
6.17394590378	261
6.17475104332	-1368
6.17498898506	-1368
6.17506694794	-1368
6.17509007454	-1368
6.17519688606	-1368
6.17521500587	-1368
6.17530894279	-1368
6.178565979	-1368
6.17871308327	-1368
6.17872905731	-1368
6.1881480217	-1368
6.18819189072	-1368
6.18836307526	-1368
6.2285990715	-1368
6.22871303558	-1368
6.22876596451	-1368
6.22878408432	-1368
6.2287979126	-1368
6.22882294655	-1368
6.22886395454	-1368
6.2288839817	-1368
6.22890996933	-1368
6.22893095016	-1368
6.22898888588	-1368
6.22901391983	-1368
6.22913002968	-1368
6.22959303856	-1368
6.22963094711	-1368
6.23895788193	-1368
6.25514388084	-349
6.28646588326	543
6.47202205658	-543
6.4726228714	-1368
6.47268390656	-1368
6.4726960659	-1368
6.47274804115	-1368
6.4732170105	543
6.47645902634	-1368
6.48777890205	-1368
6.55713295937	-1368
6.5814139843	-1368
6.58190798759	-1368
6.58192300797	-1368
6.58202004433	-1368
6.58229398727	-1368
6.58234000206	-1368
6.5823469162	-1368
6.5823559761	-1368
6.58241200447	-1368
6.58242702484	-1368
6.58258104324	-1368
6.58264303207	-1368
6.58272790909	-1368
6.58278989792	-1368
6.58305907249	1368
6.5851020813	-151
6.58585190773	-1368
6.59164905548	-1368
6.59168887138	804
6.5917289257	-1368
6.59178686142	-1368
6.59618496895	-1368
6.5962228775	-1368
6.64708995819	-1368
6.64714789391	-1368
6.64717388153	-1368
6.64732098579	-1368
6.64735388756	-1368
6.64737296104	-1368
6.65170502663	-1368
6.65176391602	-1368
6.65178608894	-1368
6.6572470665	-1368
6.65730786324	-1368
6.69839406013	-396
6.74080705643	543
6.85370588303	543
6.91037988663	-543
6.91047787666	-1368
6.91055202484	-1368
6.95425105095	-1368
6.95431399345	-1368
6.95434498787	-1368
7.00480008125	543
7.02351307869	-1015
7.03050303459	1368
7.14361095428	232
7.2677628994	-543
7.26815891266	543
7.38078594208	-543
7.50693106651	-543
7.62245106697	-543
7.68632292747	-1368
7.68637394905	-1368
7.68641400337	-1368
7.77431488037	-638
7.78288197517	543
7.95688199997	543
8.20212507248	-543
8.36812090874	543
8.36817407608	543
8.49022006989	-543
8.4903678894	-1368
8.49038290977	-1368
8.49536991119	-1368
8.49547290802	-1368
8.49549388885	-1368
8.49550890923	-1368
8.49552989006	-1368
8.49554586411	-1368
8.49726486206	543
8.49964189529	-1368
8.49967598915	-1368
8.4997010231	-1368
8.60454893112	-61
8.77272391319	-543
8.88539195061	-543
8.94433999062	543
9.05686998367	543
9.53121495247	-543
9.64386701584	-543
9.64414906502	543
10.2089509964	-543
10.2535719872	543
10.661397934	-543
10.66583395	-1368
10.756978035	-1368
10.7570610046	-1368
10.7613170147	-1368
10.7741909027	-899
11.4213528633	1057
14.5837249756	-543
