0	-543
2.7725250721	543
3.4350361824	-543
3.43528699875	543
4.0888171196	-543
4.14095401764	543
4.21688604355	543
4.29284119606	-543
4.75293302536	-543
4.75345611572	543
5.40158820152	-1368
5.40165114403	-1368
5.40166211128	-891
5.41168618202	543
5.51820111275	-543
5.52265810966	543
5.62438011169	-543
5.62465906143	543
5.84703207016	-1368
5.84713816643	-717
5.84796404839	543
5.85501503944	543
6.14315605164	-543
6.59772610664	-1368
6.59780216217	-1368
6.59781503677	-377
6.63160705566	-1368
6.63166713715	-1368
6.63207507133	-1368
6.71463298798	-66
6.78078508377	543
6.78545618057	543
6.82154417038	1368
6.85364603996	1368
6.90184807777	406
6.93071699142	1086
6.98540902138	1368
7.01851201057	203
7.27628898621	-543
7.27652215958	543
7.40335702896	-1368
7.40339398384	-1231
7.42925310135	-543
7.42948698997	543
7.51804304123	-1368
7.51996517181	-203
7.523676157	-1368
7.52429914474	-1368
7.54393219948	-1368
7.58006215096	-1368
7.62497115135	-1368
7.63625717163	-1015
7.65394806862	-1368
7.66104006767	-1368
7.75271606445	-406
7.75290203094	543
7.77423501015	-1368
7.77433800697	-1368
7.77436304092	-891
7.77444720268	-1368
7.77447009087	-1368
7.77449703217	-1368
7.77491211891	-1368
7.77494215965	-1368
7.79967617989	-1368
7.7997469902	-1368
7.83046913147	-1368
7.83049201965	-1368
7.84074115753	-1368
7.86882710457	-580
7.86895108223	543
7.91777014732	-1368
7.9177980423	-1368
7.9256670475	-1368
7.92579603195	-1368
7.92587304115	-1368
7.9258852005	-1368
7.92589402199	-1368
7.92590117455	-1368
7.92590808868	-1010
7.95601606369	-1368
7.95604515076	-1368
7.95606517792	-1368
7.98544812202	-1368
7.98548316956	-1160
8.01906514168	-1368
8.03450012207	-1368
8.03451800346	-1368
8.07223510742	-1368
8.0722591877	-1368
8.0767121315	-1368
8.0767261982	-1368
8.07793617249	-1368
8.07795405388	-1368
8.078343153	-1368
8.07837605476	-1368
8.07841515541	-1368
8.07843399048	-1334
8.07861399651	543
8.07873606682	-1368
8.07879304886	-1368
8.07882118225	-1368
8.1009221077	-1368
8.10095715523	-1368
8.10096311569	-1368
8.10205602646	-1368
8.10207009315	-1368
8.13532614708	-1363
8.13551712036	543
8.21498918533	-1368
8.21501612663	-1368
8.22675919533	-1368
8.22678208351	-1368
8.22679805756	-1368
8.23005604744	-741
8.25223207474	-1368
8.25225615501	-1368
8.25227212906	-754
8.28826904297	-1368
8.28830599785	-1368
8.34299015999	-1368
8.34301018715	-1368
8.36408209801	-1368
8.36883115768	-1368
8.36886000633	-1368
8.40509915352	-1368
8.40513801575	-1368
8.44742107391	543
8.45923304558	-1368
8.45934414864	-1368
8.45935821533	-575
8.50904107094	-543
8.50929999352	543
8.60216712952	1086
9.07404899597	-543
9.07452511787	543
9.10745716095	-1368
9.10749816895	-1368
9.10750603676	-891
9.10752105713	-1368
9.10754919052	-1368
9.10757899284	-1368
9.10809707642	543
9.10850906372	-1368
9.10857820511	-1368
9.12396121025	-1368
9.12399506569	-1368
9.20760798454	-1368
9.20764708519	-1368
9.20773506165	-891
9.23473620415	-1368
9.2444601059	-1368
9.24450802803	-1368
9.24452018738	-1368
9.24507308006	543
9.25770401955	-1368
9.25773501396	-1368
9.25775408745	-1368
9.25775909424	-1368
9.25777602196	-1368
9.25781321526	-1321
9.35150003433	-783
9.43790507317	1086
9.47896003723	-1368
9.47904801369	-1368
9.47906517982	-891
9.47917199135	-1368
9.47920012474	-1368
9.47923612595	-1368
9.47953104973	-1368
9.47956514359	-1368
9.47960114479	-1368
9.48023700714	543
9.62943220139	-1368
9.62970209122	-1363
9.65893602371	543
9.66911816597	-1368
9.66916108131	-1368
9.66917109489	-891
9.78571200371	-543
9.79106116295	543
9.94641900063	1057
9.97921013832	-543
10.0922989845	-1368
10.0923390388	543
10.092356205	-1368
10.1269521713	-1368
10.1346511841	-66
10.2459480762	543
10.2988510132	-543
10.4152011871	-543
10.6040182114	-1368
10.6040620804	-1368
10.6041531563	-891
10.7208681107	-543
10.7301020622	543
10.8374950886	-1086
10.9261682034	543
11.1792809963	-543
11.4394421577	-1368
11.4394950867	-203
11.43998909	-1368
11.4400382042	-1368
11.4405930042	-1368
11.440623045	-1368
11.4408202171	-1368
11.4760751724	-1368
11.5564181805	-1368
11.5565130711	-1368
11.5569059849	-1368
12.0462021828	-1368
12.1627070904	-1057
12.2797842026	-372
12.3118140697	543
12.3192200661	543
12.7140340805	-543
12.7143499851	543
12.8837351799	-543
13.1006040573	-543
13.1366820335	543
13.70185709	-1368
13.7019460201	-1368
13.7020580769	-891
13.7347490788	-1368
13.818775177	-1368
13.8188591003	-377
14.1432750225	1057
17.4720351696	-543
