0	543
1.62071800232	1057
2.24227619171	-543
2.62645101547	-543
2.7118999958	1057
3.16778612137	-543
3.44559597969	-543
3.46755504608	-1368
3.46762418747	-1368
3.54890799522	-543
3.59025597572	-891
3.60232901573	543
3.60365819931	1057
3.84455418587	-543
3.87429618835	-1368
3.95724606514	-717
3.96163010597	543
4.05944108963	-543
4.42690300941	-543
4.43892407417	-1368
4.44886207581	-1368
4.4507651329	-1368
4.57150697708	-95
4.71609520912	-543
4.73044705391	-1368
4.86081504822	-1231
4.92558717728	1057
4.92774605751	543
4.94855904579	1368
4.95683908463	1368
5.03835105896	746
5.07224702835	1260
5.21712112427	1057
5.3903222084	-543
5.41369318962	-1368
5.46709799767	-543
5.53478097916	-717
5.5757291317	-1368
5.58768701553	-1368
5.5935959816	-543
5.66108202934	-1368
5.67939209938	-696
5.68514204025	-1368
5.74831700325	-1057
5.82402014732	-1231
5.85845398903	-1368
5.85848498344	-1368
5.85849618912	-1368
5.93995499611	-1368
5.93998718262	-1368
5.9399971962	-1368
5.94034218788	1057
5.9519610405	-1368
5.95205020905	-1368
5.9571621418	1368
5.96853899956	-1081
6.00568699837	-1368
6.00571608543	-1368
6.00572705269	-891
6.00896406174	-1368
6.00899004936	-1368
6.00908207893	-1368
6.0097091198	-1368
6.00973320007	-1368
6.03547310829	-1368
6.03550314903	-1368
6.10202407837	746
6.11863803864	-1368
6.11874508858	-1368
6.11876416206	-1368
6.11878108978	-1368
6.11880111694	-1368
6.11881303787	-1368
6.12156605721	-438
6.13999414444	-1368
6.14001607895	-1368
6.14003300667	-1368
6.15254306793	-66
6.24665999413	-1368
6.24668502808	-1368
6.29711008072	-949
6.41788220406	-1368
6.41791415215	-1368
6.41792201996	-377
6.41977119446	-1368
6.41981101036	-1368
6.42089319229	-1368
6.42092609406	-1368
6.42128610611	543
6.43871617317	-1368
6.43874907494	-1368
6.4387819767	-1368
6.44168901443	-609
6.44750905037	-1368
6.4475300312	-1368
6.4475941658	-1368
6.4476211071	-1368
6.53094410896	-480
6.53392100334	543
6.58623218536	-543
6.73108410835	-543
6.73751115799	-1368
6.8820130825	-1231
6.97410321236	-543
6.98976802826	-1368
6.98979306221	-1368
6.98980808258	-1368
6.99914216995	543
7.02663516998	-609
7.24835920334	-543
7.26057505608	-1368
7.26061201096	-1368
7.27243804932	-1368
7.39295005798	-1094
7.51119303703	-1368
7.51121520996	-1368
7.51122999191	-1368
7.52310013771	-1368
7.52312517166	-1368
7.53751111031	-443
7.76574707031	-543
7.76593708992	543
7.77784109116	-1368
7.77785921097	-1368
7.78967499733	-1368
7.78969597816	-1368
7.91035699844	-1268
8.04022097588	-1368
8.04025816917	-1368
8.04030418396	-1368
8.05208611488	-1368
8.0523481369	543
8.09276413918	-1297
8.1216340065	1368
8.19685220718	1289
8.47543907166	-543
8.59361410141	-543
8.60555815697	-1368
8.60563516617	-1368
8.61757707596	-1368
8.61770319939	-1368
8.63699316978	-1368
8.75022602081	-986
8.87585997581	-1368
8.87932920456	-1368
8.87938904762	-1368
8.87940502167	-1368
8.88279700279	-1368
8.88285303116	-1368
8.8828690052	-891
8.88492417336	-1368
8.88496518135	-1368
8.88497900963	-1368
8.88628411293	-1368
8.88632416725	-1368
8.88634109497	-1368
8.88649702072	-1368
8.89781713486	543
8.91195106506	-1368
8.91199111938	-1368
8.91253399849	-1368
8.93278408051	-878
8.94056510925	1368
8.99577307701	-1368
8.99585914612	-1368
8.99586820602	-1368
8.99587416649	-1368
8.99588298798	-61
8.99976110458	543
9.04250812531	775
9.08534312248	-543
9.29985404015	-1368
9.29992008209	-1368
9.29993104935	-891
9.30144500732	-1368
9.30148005486	-1368
9.30150699615	-1368
9.30257821083	-1368
9.30262804031	-1368
9.3030500412	543
9.32697319984	-543
9.32867312431	-1368
9.32871818542	-1368
9.32872700691	-1368
9.32955598831	-1368
9.32958102226	-1368
9.3296020031	-1368
9.32988619804	-1368
9.41265511513	-1368
9.41271305084	-1368
9.41274213791	-1368
9.41277599335	-1368
9.4127972126	-1368
9.41280412674	-193
9.47154116631	-543
9.65307402611	-543
9.70900511742	-1368
9.70912718773	-1368
9.7091550827	-1368
9.71976518631	-1368
9.71982097626	-1368
9.71985006332	-1368
9.730271101	-1368
9.73032307625	-1368
9.73043513298	-1368
9.73243713379	-1368
9.73249912262	-1368
9.85395598412	-604
9.9988181591	-1086
9.99948406219	543
10.0566141605	543
10.0642590523	1057
10.506000042	-543
11.1028740406	-543
11.4069211483	-543
11.4444820881	543
11.8991100788	-543
11.921036005	-1368
11.9211041927	-1368
11.9329822063	-1368
11.9335250854	543
12.0439090729	-66
12.1905560493	-1368
12.2248899937	-1260
