0	-543
0.285465955734	543
1.0569190979	543
1.53979992867	-543
1.54664301872	543
2.03923797607	-543
2.07397389412	543
2.58023309708	-543
2.58047199249	543
3.07233500481	-1420
3.07235407829	-1420
3.07242107391	-787
3.08489894867	543
3.09809398651	543
3.2018558979	-543
3.20370793343	543
3.27068400383	-543
3.27665090561	543
3.4629149437	-543
3.49359107018	-1368
3.606539011	-543
3.60675406456	543
3.62149810791	-203
3.73631596565	-543
4.13603401184	-1420
4.13609099388	-1420
4.13610911369	-787
4.258507967	-543
4.26543092728	-543
4.26734089851	543
4.26753091812	543
4.78373289108	-543
5.07985806465	-1420
5.0799241066	-1420
5.07996797562	-787
5.1600561142	-1420
5.16011190414	-1316
5.20930099487	-891
5.27318501472	543
5.30210089684	543
5.30447101593	543
5.30483007431	543
5.32677793503	1460
5.32688498497	111
5.35098195076	1460
5.35107088089	111
5.47673892975	543
5.76955604553	-543
5.79935789108	-543
5.805382967	543
5.87116098404	-1368
5.90049290657	-1231
5.90665602684	543
5.92751693726	-1086
5.93052101135	543
5.93071007729	543
6.04814910889	-1420
6.04817605019	-151
6.05014491081	-1368
6.05615210533	-1420
6.05618309975	-1316
6.07339692116	-1368
6.07363009453	-1368
6.07437705994	-1368
6.08375310898	-1420
6.08377790451	-1316
6.17835402489	-1420
6.17837309837	-1316
6.18594408035	-1420
6.18595409393	-1420
6.18600797653	-1420
6.18601107597	-1212
6.18618297577	543
6.20618796349	-1420
6.20620894432	-879
6.3182079792	-1420
6.3182349205	-1316
6.32888388634	-543
6.33022403717	-1368
6.33034801483	-1368
6.33967804909	-377
6.34450507164	-1420
6.34455895424	-1316
6.34557199478	-1420
6.3456120491	-1316
6.34588098526	-1368
6.34801888466	-1420
6.34803509712	-1316
6.34806799889	-1368
6.35522603989	-1420
6.35528802872	-1316
6.35529303551	-1420
6.35532689095	-1316
6.36631202698	-1420
6.36636090279	-1420
6.3663649559	-1264
6.36642003059	-1368
6.41734290123	-1368
6.4581849575	-1420
6.45819807053	-1420
6.45824599266	-1014
6.47400593758	-857
6.47451210022	543
6.48119497299	-1420
6.4812579155	-1316
6.48127198219	-1368
6.48180508614	-1420
6.48180890083	-1316
6.48214507103	-1368
6.49820590019	-1420
6.49827289581	-1316
6.4982779026	-1368
6.51603102684	-1420
6.51604700089	-1316
6.58637189865	-575
6.67561197281	-1420
6.67567706108	-1420
6.67571496964	-1264
6.67587399483	-1420
6.67587804794	-1316
6.67606401443	-1368
6.69126296043	-1420
6.69128203392	-1316
6.69133996964	-1368
6.69154500961	543
6.70483803749	-1368
6.70485091209	-1420
6.70489096642	-1316
6.70503091812	543
6.70616793633	-1420
6.70617389679	-1420
6.70622491837	-1264
6.70655488968	-1420
6.70659708977	-1420
6.70659995079	-1264
6.72337508202	-1420
6.72338700294	-1420
6.72343707085	-1264
6.72362804413	-1368
6.75412011147	-151
6.81781291962	-1420
6.81784296036	-1316
6.81788706779	-1368
6.81816411018	-1420
6.81816911697	-1420
6.81821703911	-1264
6.81886911392	-1420
6.81887388229	-1420
6.81891489029	-1264
6.81905388832	543
6.83526206017	-1420
6.83527803421	-1420
6.83533191681	-1264
6.86371707916	-1420
6.86377000809	-1316
6.8820939064	-1184
6.96561694145	-1420
6.96563410759	-1420
6.96569609642	-1420
6.96569895744	-1420
6.96577906609	-683
6.96578192711	-1420
6.9657831192	-1316
6.98347902298	-1420
6.98349189758	-1316
7.05892300606	-1368
7.0956029892	-1420
7.09565591812	-971
7.0958199501	543
7.09598708153	543
7.20423388481	-1368
7.22517895699	-1231
7.22557401657	543
7.25706601143	543
7.2888610363	543
7.83257389069	-1420
7.8325920105	-665
7.83299303055	543
7.96223211288	-543
7.96241903305	543
8.17208504677	-543
8.17227292061	543
8.35076999664	-1420
8.35078692436	-151
8.3628950119	-1420
8.36291909218	-1316
8.36649394035	-1368
8.3718020916	-1368
8.41927194595	-1368
8.48027992249	-986
8.54583597183	-1420
8.54589891434	-1316
8.55341410637	-1368
8.60989809036	-66
8.61189007759	543
8.61218595505	1057
8.7233068943	-1420
8.72332406044	-1316
8.7395670414	-891
8.87178111076	-543
8.87371206284	543
8.87395596504	543
9.08935904503	-543
9.32419991493	-543
9.49376606941	-543
9.71447896957	-1420
9.71454310417	-1420
9.71458101273	-787
9.71486210823	-1420
9.71490311623	-1316
9.71522188187	-1368
9.71561002731	-1420
9.71565008163	-1316
9.74670410156	-1368
9.80931210518	-1420
9.80943799019	-1316
9.84394192696	-1052
10.0104999542	-1057
10.0282390118	543
10.0415658951	1057
10.053260088	543
10.4936521053	-543
10.4938600063	543
10.5462329388	-543
10.5464138985	543
10.6760859489	-543
10.9399220943	-543
11.1022930145	-1420
11.1023430824	-151
11.1864709854	-1368
11.2315170765	-203
11.3628759384	-1420
11.3629250526	-665
11.3651630878	543
11.3701109886	543
11.560475111	-543
11.590307951	-1368
11.6882750988	-203
11.8882169724	-543
11.8886649609	543
12.449846983	-1420
12.4498639107	-1420
12.4499080181	-787
12.4500379562	543
12.4505009651	543
12.4680550098	543
12.5792078972	-543
13.1867980957	-543
13.1872110367	543
13.2865459919	543
13.2866408825	543
13.286689043	543
13.7029669285	-1420
13.702986002	-1420
13.7030239105	-273
13.9931099415	-1420
13.9931790829	-665
13.9953799248	543
13.9968919754	543
14.1811769009	-543
14.211785078	-1368
14.3088970184	-203
14.3748950958	-543
14.667650938	-543
14.668170929	1057
14.8039851189	-543
15.284473896	-543
15.2846829891	543
15.2847559452	543
15.2848451138	543
15.2848980427	543
15.3135950565	543
15.8496389389	-1420
15.849668026	-1420
15.8497378826	-787
15.8499650955	543
15.9585189819	-1420
15.9585449696	-1316
15.9799249172	-406
16.3763840199	-543
16.5367519855	-543
17.0161221027	-543
17.2852449417	543
17.2854130268	543
17.2856431007	543
17.2857530117	543
17.4025950432	-543
17.684910059	-543
17.7941501141	-543
18.0633380413	-543
