0	-543
1.20806002617	-543
1.60452389717	543
3.73662900925	543
4.51608896255	-543
4.51632189751	543
4.61162400246	543
5.72436594963	-1057
5.73078203201	543
6.3094098568	-543
6.30960893631	543
6.72419095039	-1420
6.72422194481	-1420
6.72426700592	-787
6.77942800522	-1057
6.8050968647	543
6.8221449852	543
6.88262104988	-1420
6.88263583183	-1420
6.88269090652	-787
6.90032982826	-1420
6.90039992332	-1420
6.90040397644	-1300
6.9019780159	-1380
6.9043469429	543
6.92452597618	-221
7.00793194771	-543
7.02469301224	-1380
7.02476191521	-1420
7.02478384972	-1340
7.04998588562	-1058
7.0579328537	-1420
7.05803084373	-1420
7.05803489685	-1420
7.05807089806	-1260
7.0580739975	-1420
7.05811095238	-1340
7.06661295891	-1380
7.06682491302	543
7.06833600998	543
7.09197688103	-1279
7.09213089943	543
7.12969303131	-1380
7.17177891731	-734
7.17207503319	543
7.22238397598	-1057
7.30410599709	-1086
7.30441188812	543
7.30454492569	543
7.47105884552	-543
7.47124886513	543
7.50993800163	-1420
7.50995397568	-1340
7.51346087456	-867
7.51474785805	543
7.51635694504	543
7.62060904503	-1420
7.62062692642	-151
7.68211603165	-1420
7.68213200569	-665
7.70263791084	543
7.71846485138	543
7.79515600204	-1420
7.79517197609	-1340
7.79522681236	-353
7.82410001755	-1380
7.86616897583	-1277
7.87018990517	543
7.90551185608	-1420
7.90552902222	-1420
7.90558505058	-1300
7.91238498688	-30
7.93371891975	543
7.934664011	543
8.00926494598	543
8.08884000778	-543
8.10092496872	543
8.14914989471	-543
8.27506494522	-543
8.27999901772	543
8.32235789299	-543
8.39613890648	-1380
8.39915299416	543
8.40385985374	-249
8.41014885902	543
8.49710488319	-1420
8.49713397026	-1179
8.67322587967	-1420
8.67324399948	-1179
8.67444300652	1460
8.67449593544	1139
8.84823393822	-1420
8.84825086594	-1420
8.84831404686	-273
8.88411188126	543
9.01816701889	-1057
9.06419086456	-1420
9.0642209053	-1340
9.06457304955	-1380
9.08929586411	-1420
9.08931183815	-1340
9.10005688667	-897
9.19078993797	-1420
9.19080781937	-1420
9.19086003304	-273
9.23477101326	-1420
9.23478889465	-1420
9.23484802246	-1420
9.23485088348	-747
9.23488688469	-1420
9.23488903046	-1340
9.26274085045	-1420
9.26276397705	-1420
9.2628569603	-1300
9.26285982132	-1420
9.26289796829	-1420
9.26289987564	-1300
9.26293492317	-1380
9.26308584213	543
9.2770178318	-1420
9.27703094482	-1420
9.27709197998	-1420
9.27709388733	-1420
9.277135849	-1420
9.27713799477	-1180
9.27718281746	-1420
9.27718496323	-1340
9.27738499641	543
9.30477190018	-1420
9.30479001999	-1420
9.30483484268	-1420
9.30484199524	-1260
9.30487799644	-1420
9.30488085747	-1420
9.30490589142	-1300
9.30490803719	-1380
9.30541992188	-1420
9.30542492867	-1340
9.31915187836	-1420
9.31916689873	-1420
9.31922101974	-1420
9.31922292709	-1420
9.31925797462	-1420
9.31925988197	-101
9.31949996948	543
9.40940690041	-1420
9.40942597389	-151
9.41004681587	1057
9.41053700447	543
9.41095590591	543
9.41137504578	543
9.41179704666	543
9.41213202477	543
9.68970394135	-543
9.68972182274	-1420
9.68976902962	-1420
9.68977189064	-1420
9.68979001045	-1260
9.68999695778	543
9.6901679039	543
9.71527004242	-1420
9.71528697014	-1340
9.71606683731	-1420
9.71607995033	-1340
9.71640396118	543
9.71645402908	-1380
9.73178792	-1420
9.73187494278	-1340
9.7318789959	-1420
9.73192381859	-1340
9.73204898834	-1420
9.7320959568	-1340
9.73216485977	543
9.75734591484	-1420
9.75736093521	-1340
9.75763583183	543
9.75776100159	543
9.75812101364	-1420
9.75812602043	-1420
9.75817704201	-1300
9.75817990303	-1380
9.7583398819	543
9.77401590347	-1420
9.77403998375	-1420
9.774132967	-1420
9.77413582802	-1420
9.77417588234	-1220
9.77417898178	-1420
9.77421593666	-1420
9.77421784401	-1420
9.77425193787	-1420
9.77425384521	-596
9.79945898056	-1380
9.81605601311	-734
9.96568799019	-543
9.9658780098	543
10.0192818642	-1420
10.019299984	-1420
10.0193538666	-787
10.0207598209	543
10.0427830219	-1420
10.042798996	-1340
10.0612490177	-867
10.0625998974	543
10.152173996	-543
10.1523728371	543
10.5277519226	-1420
10.5277700424	-1420
10.5278258324	-787
10.5291099548	543
10.5536558628	-1420
10.5536730289	-1420
10.5537409782	-1300
10.5550608635	543
10.5614469051	-1420
10.5614528656	-1340
10.5616979599	543
10.5697410107	-926
10.5709209442	543
10.7358708382	-543
10.7370278835	543
10.890652895	-1420
10.8906710148	-1420
10.8907330036	-787
10.8909099102	543
10.8922629356	543
10.9016299248	-1420
10.9016389847	-1420
10.9016878605	-1300
10.9019999504	543
10.9023108482	543
10.90792799	-1420
10.9079349041	-1340
10.9079890251	-1380
10.9301459789	-1420
10.9301929474	-1340
10.9323999882	-442
11.0446100235	-543
11.0449979305	-1420
11.0450918674	-1340
11.0450968742	-1420
11.0451450348	-1340
11.0451478958	-1420
11.0451929569	-1340
11.055316925	543
11.0599329472	543
11.0748329163	-1420
11.0748949051	-1420
11.0749528408	-1420
11.0749549866	-1260
11.0749909878	-1380
11.0749938488	-1380
11.0872359276	-1420
11.0872700214	-1420
11.0873329639	-1420
11.0873448849	-1260
11.0874078274	-1420
11.0874109268	-1340
11.087446928	-1380
11.0874509811	-1420
11.0874848366	-978
11.0877249241	543
11.2517828941	-543
11.2522418499	543
11.260051012	-1420
11.2600588799	-1420
11.2601130009	-1420
11.2601158619	-1420
11.2601988316	-1220
11.2602009773	-1420
11.2602488995	-1420
11.2602519989	-1420
11.2602870464	-1260
11.260365963	-1420
11.2604110241	-1340
11.2605719566	543
11.2939360142	-1380
11.2940049171	-1420
11.2940490246	-1340
11.2944879532	-1420
11.294536829	-1340
11.294577837	-1420
11.2946050167	-977
11.302136898	-1420
11.3021979332	-1420
11.3022010326	-1420
11.3022370338	-1260
11.3022398949	-1420
11.30230093	-1420
11.302312851	-1300
11.3023478985	-1380
11.3023509979	-1380
11.3210978508	-1420
11.3211128712	-1420
11.3211979866	-1300
11.3214600086	-1420
11.3215048313	-1340
11.3215968609	543
11.336165905	-1420
11.3361778259	-1420
11.3362410069	-1300
11.3362438679	-1380
11.33649683	-1420
11.3364999294	-1340
11.3366379738	-1420
11.3366420269	-1340
11.3366730213	-1380
11.3367810249	-1380
11.3442108631	-1420
11.3442208767	-1420
11.3442699909	-513
11.3514668941	-1420
11.3515110016	-1340
11.3519480228	-1420
11.3519928455	-1420
11.351995945	-1300
11.3521130085	543
11.3526778221	-1420
11.352684021	-1420
11.3527259827	-1300
11.3528118134	543
11.354238987	-1380
11.3631808758	-1420
11.3632450104	-1420
11.3632478714	-1300
11.3632838726	-1380
11.3634729385	-1420
11.3635149002	-1340
11.3768470287	-1380
11.3781559467	-1420
11.3781609535	-1420
11.3781998158	-1300
11.3787150383	-1420
11.3787779808	-1420
11.3787820339	-1420
11.37895298	-1420
11.3789558411	-1220
11.3790068626	-1420
11.3790090084	-1420
11.3790438175	-1300
11.3790459633	-1420
11.3790810108	-1340
11.3792350292	543
11.3862509727	-1420
11.3862609863	-1420
11.3863098621	-1381
11.4310610294	-1420
11.4310748577	-1420
11.4311408997	-1420
11.4311468601	-1420
11.4311919212	-707
11.4311950207	-1420
11.4312798977	-1340
11.4312820435	-1420
11.4313158989	-1340
11.4313180447	-1420
11.4313528538	-1420
11.4313559532	-1300
11.4315979481	543
11.4619469643	-1420
11.4619579315	-1420
11.4619998932	-1420
11.462002039	-1260
11.4620189667	-1420
11.462020874	-1340
11.4621698856	543
11.462556839	-1420
11.462569952	-1420
11.4626188278	-1420
11.4626219273	-1260
11.4626598358	-1420
11.4626619816	-1420
11.4627048969	-1300
11.4632680416	-1380
11.4633688927	-1380
11.4641578197	-1420
11.4642000198	-1420
11.4642028809	-1300
11.473279953	-1327
11.4733829498	543
11.4885499477	-1420
11.4885659218	-1420
11.4886219501	-1300
11.4889240265	-1420
11.4889569283	-1340
11.4893229008	-1420
11.4893639088	-1420
11.4893670082	-1420
11.4894008636	-1260
11.4912400246	-1420
11.491289854	-1420
11.4912929535	-1420
11.491328001	-1420
11.491330862	-1420
11.4913649559	-1420
11.4913668633	-1140
11.4914019108	-1420
11.4914038181	-1340
11.4915699959	543
11.5155160427	-723
11.5156619549	543
11.5181410313	-1420
11.5181460381	-1420
11.5182259083	-1300
11.5182290077	-1420
11.5182700157	-1420
11.5182728767	-1300
11.5215330124	-1420
11.5215380192	-1420
11.5215809345	-1300
11.5215919018	-1420
11.5216269493	-1340
11.5576620102	-443
11.5616328716	543
11.5932528973	-1420
11.593269825	-1340
11.5947659016	-1420
11.5947709084	-1420
11.5948209763	-1300
11.5964348316	-1420
11.5965168476	-1420
11.5965199471	-1300
11.5965678692	-1380
11.5966448784	-1420
11.5966730118	-1340
11.5996479988	-414
11.5997259617	-1380
11.6004550457	-1420
11.6004889011	-1340
11.6156868935	-1420
11.6157519817	-1340
11.6221330166	-1420
11.6222698689	-1420
11.6222748756	-1420
11.62231493	-1260
11.6223180294	-1420
11.6223590374	-1340
11.6317470074	543
11.64168787	-472
11.6533589363	-1420
11.6534278393	-1420
11.6534318924	-1420
11.6534700394	-1260
11.6534729004	-1420
11.6535148621	-1340
11.6536169052	543
11.681486845	-1420
11.6815018654	-1420
11.6815578938	-1300
11.6815609932	-1380
11.6817128658	-1420
11.6817250252	-1340
11.6817719936	-1380
11.6818070412	-1420
11.6818408966	-1340
11.681843996	-1380
11.6819820404	-1420
11.6819870472	-1340
11.6832869053	-1420
11.6832909584	-1340
11.683328867	-1380
11.6834340096	-1380
11.6838018894	-1420
11.6838049889	-1420
11.6838450432	-1300
11.6839029789	-1420
11.6839058399	-1420
11.683907032	-675
11.6840150356	-1420
11.6840178967	-1420
11.6840188503	-1300
11.6844558716	-1420
11.684458971	-1420
11.6844599247	-1300
11.6917598248	543
11.6921160221	543
11.7105250359	-1420
11.7105350494	-1420
11.7105820179	-1300
11.7106888294	-1420
11.7107210159	-1340
11.710723877	-1380
11.7113358974	-1420
11.7113418579	-1420
11.7113809586	-1300
11.7114539146	543
11.7118480206	-1420
11.711853981	-1420
11.7118959427	-1300
11.7262330055	-1266
11.7316768169	-1420
11.7316858768	-1420
11.731730938	-1300
11.7682290077	-544
11.7692108154	543
12.219727993	-1420
12.2197449207	-1420
12.2198028564	-787
12.2616488934	-1086
12.2619190216	543
12.2629439831	543
12.2643229961	543
12.5652868748	-543
12.5894188881	-1420
12.5894358158	-1420
12.5894908905	-273
12.6313769817	-543
12.6322169304	543
12.7624599934	-1420
12.7624878883	-1179
12.926735878	-543
12.9271428585	543
12.9695169926	-543
12.9699578285	1057
13.2721738815	-1057
13.4863958359	-1420
13.4864439964	-1179
13.4874658585	543
13.4879059792	543
13.4882588387	543
13.5157039165	-543
13.7747089863	-543
13.7748990059	543
13.9487400055	-543
13.9489688873	543
13.9912829399	-543
13.9915130138	543
14.1209158897	-1420
14.1209340096	-1420
14.1209979057	-273
14.1627469063	-543
14.1635539532	543
14.2828919888	-1420
14.2829070091	-1420
14.2829639912	-787
14.284224987	543
14.454474926	-1420
14.4544918537	-1420
14.4545559883	-787
14.4558348656	543
14.6667509079	-543
14.6679849625	543
14.7103059292	-543
14.7106628418	543
14.8369958401	-543
14.8373539448	543
14.974627018	-1420
14.9746448994	-1420
14.9747009277	-787
14.9983179569	-1420
14.9983849525	-1420
14.9983899593	-1420
14.9984278679	-1260
15.0034480095	-1420
15.0035200119	-1340
15.0035228729	-1380
15.0037219524	543
15.0167119503	-1420
15.0167269707	-1420
15.0167899132	-1420
15.0167930126	-1260
15.0404028893	-1420
15.0404179096	-1420
15.0404748917	-1300
15.0404779911	-1380
15.0456199646	-1420
15.045634985	-1420
15.045694828	-1420
15.0456969738	-1260
15.0461440086	-1420
15.0461490154	-1340
15.0592360497	-1420
15.0592520237	-1420
15.0593109131	-1420
15.0593140125	-1260
15.0594940186	543
15.0828180313	-1420
15.0828328133	-1420
15.0828888416	-1300
15.0828909874	-1420
15.0829279423	-11
15.1082799435	-1380
15.1248049736	-191
15.1707298756	-1420
15.1707420349	-665
15.1710238457	-1420
15.1710278988	-1340
15.1711039543	-1420
15.1711058617	-1420
15.1711518764	-1300
15.1711540222	-1420
15.1711888313	-1420
15.1711909771	-1300
15.1713688374	-1420
15.1713809967	-1420
15.1714208126	-1300
15.171505928	-1380
15.1716048717	543
15.178511858	-1420
15.1785209179	-1340
15.1895189285	-1380
15.212982893	-1420
15.2130520344	-1340
15.213121891	-1420
15.2131788731	-1420
15.2131810188	-1300
15.213228941	-1420
15.2132308483	-1340
15.2132658958	-1380
15.2133610249	-1420
15.213408947	-1420
15.2134108543	-1300
15.2134459019	-1420
15.2134490013	-1420
15.2134828568	-1300
15.2135398388	-1420
15.2135579586	-1420
15.213559866	-1300
15.2135858536	-1380
15.2136888504	543
15.2138578892	-1420
15.2138609886	-1340
15.2140989304	543
15.2207789421	-1420
15.2207939625	-1340
15.2273988724	-1380
15.2553670406	-1420
15.2554349899	-1420
15.2554399967	-1420
15.2555248737	-1260
15.2555270195	-1420
15.2555639744	-1420
15.2555658817	-1420
15.2555999756	-1260
15.2556018829	-1420
15.2556948662	-1340
15.2557048798	-1420
15.2557458878	-1420
15.2557480335	-1300
15.2557828426	-1420
15.2557849884	-1420
15.255822897	-1300
15.25583601	-1420
15.2559330463	-1340
15.2559359074	-1420
15.255936861	-1420
15.2559378147	-1420
15.2559390068	-1260
15.2559399605	-1420
15.2559409142	-1420
15.2559440136	-1300
15.2560529709	-1380
15.2562508583	-1380
15.2564148903	543
15.2566578388	543
15.2627370358	-1420
15.2627518177	-1420
15.2627949715	-1420
15.2627978325	-1260
15.2976949215	-1420
15.2977228165	-1420
15.2977910042	-1300
15.2977929115	-1420
15.2978358269	-1420
15.2978379726	-1300
15.2978749275	-1420
15.297878027	-1340
15.2979118824	-1420
15.2979140282	-1420
15.2979488373	-203
15.2981688976	543
15.3454539776	-1420
15.3454809189	-1420
15.3455448151	-1420
15.3455479145	-747
15.3456230164	-1420
15.3456258774	-1420
15.3456640244	-1420
15.3456668854	-1420
15.3457009792	-1420
15.3457028866	-1180
15.345746994	-1420
15.3457489014	-1420
15.3457939625	-1300
15.3457958698	-1380
15.3458368778	-1380
15.3460559845	543
15.3462350368	543
15.3626990318	-1420
15.3627209663	-1420
15.3627920151	-1300
15.3627948761	-1380
15.3628568649	-1420
15.3628599644	-1340
15.3629779816	-1420
15.3629808426	-1420
15.3630628586	-1300
15.3630650043	-1420
15.3631019592	-1420
15.3631048203	-1300
15.3631620407	-1420
15.3631649017	-1420
15.3632049561	-1300
15.3806869984	-1420
15.380756855	-1420
15.3807618618	-1300
15.3812189102	-1420
15.381223917	-1420
15.3812639713	-1420
15.3812668324	-1260
15.3813798428	543
15.382297039	-1380
15.3875048161	-1420
15.3875808716	-1420
15.387583971	-1420
15.3876309395	-1260
15.3876340389	-1420
15.3876678944	-1420
15.3876700401	-1300
15.3877139091	-963
15.3878610134	543
15.3953709602	-1420
15.3953769207	-1420
15.3954188824	-1300
15.3957228661	-1420
15.3957738876	-1420
15.3957760334	-1420
15.3958408833	-1260
15.3958530426	-1420
15.3958909512	-1340
15.3959908485	543
15.3973009586	-1420
15.3973050117	-1340
15.4049499035	-1380
15.4194338322	-1420
15.4194998741	-1420
15.4195039272	-1420
15.4195399284	-1420
15.4195430279	-1220
15.4196779728	-1420
15.4196798801	-1420
15.4196808338	-1300
15.4203739166	-1420
15.4204268456	-1340
15.4238059521	-1420
15.423858881	-1340
15.4238629341	-1420
15.4239008427	-1420
15.4239029884	-1300
15.4240379333	543
15.4374039173	-1269
15.4464468956	-1420
15.4465270042	-1420
15.446532011	-1420
15.4465680122	-1260
15.4465708733	-1380
15.446805954	-1420
15.4468159676	-1420
15.4468560219	-1300
15.4725129604	-1420
15.4725759029	-1420
15.4725799561	-1300
15.4729168415	543
15.4884209633	-443
15.517280817	-1420
15.5173938274	-1420
15.5173988342	-1420
15.5174348354	-1420
15.5174369812	-1220
15.5174729824	-1420
15.5174748898	-1340
15.5175080299	-1420
15.5175099373	-1340
15.5177118778	543
15.5325608253	-1420
15.5325789452	-1420
15.5326359272	-1420
15.5326378345	-1420
15.5326738358	-1220
15.5326759815	-1380
15.5331130028	-1420
15.5331158638	-1420
15.5331609249	-1300
15.5490570068	-1420
15.5491249561	-1420
15.5491290092	-1300
15.5593268871	-210
15.7046999931	-1057
15.7056288719	543
16.0161809921	543
16.0819890499	543
16.1152079105	-543
16.115391016	543
16.2851018906	543
16.2856090069	543
16.3226618767	-543
16.3277750015	543
16.5315928459	-543
16.5322618484	543
16.6654980183	-1420
16.6655158997	-1420
16.665571928	-787
16.6669290066	543
16.7014398575	-1420
16.7014558315	-1420
16.7015118599	-1420
16.7015149593	-1260
16.701556921	-1420
16.7015609741	-1340
16.7017948627	-1380
16.7018840313	543
16.7021098137	-1420
16.7021148205	-1340
16.7021999359	543
16.7073538303	-633
16.7307238579	-1420
16.7308499813	-1340
16.7308540344	-1420
16.7308950424	-1420
16.7308979034	-1300
16.7309339046	-1380
16.7310938835	-1380
16.731222868	543
16.7313480377	-1420
16.7313508987	-1420
16.73137784	-1300
16.7314689159	-1380
16.7315578461	543
16.7514109612	-957
16.7579879761	-1420
16.7580549717	-1340
16.7588188648	-1420
16.7588639259	-1420
16.7588658333	-1300
16.7600460052	-1380
16.7610678673	-1420
16.7611339092	-1420
16.7611370087	-1300
16.7634239197	-1420
16.7634289265	-1420
16.7634699345	-1300
16.7644529343	-1420
16.7644970417	-1340
16.7649788857	-1380
16.7728278637	-1420
16.7728378773	-1420
16.7728638649	-1300
16.7728669643	-1420
16.7728998661	-1340
16.7730538845	543
16.7891149521	-1380
16.7934179306	-152
16.8389928341	-1420
16.8390119076	-1420
16.8390498161	-787
16.8718700409	-1420
16.8719348907	-1420
16.8719398975	-1420
16.8719580173	-1260
16.8719599247	-1420
16.8719940186	-1420
16.8719968796	-1420
16.8720140457	-1260
16.8720159531	-1420
16.8720328808	-1340
16.8720359802	-1420
16.8720598221	-1420
16.8720629215	-1300
16.8722789288	543
16.8809928894	-1339
16.8811359406	543
16.9606518745	-1420
16.9606678486	-1340
16.9628918171	-867
16.9677639008	-1420
16.9678359032	-1420
16.9678390026	-1300
17.0048758984	-30
17.022261858	-1380
17.0231180191	543
17.0253858566	543
17.0468468666	-220
17.0472090244	1460
17.0472638607	111
17.050151825	-1420
17.0501568317	-1340
17.0502068996	-1380
17.0563409328	-1420
17.0563969612	-1340
17.0715339184	543
17.0735290051	543
17.0896019936	-897
17.13169384	-1057
17.1505959034	543
17.1521978378	543
17.3045408726	-543
17.305606842	-1420
17.3056638241	-1340
17.3058960438	-1420
17.3059258461	-1340
17.3247318268	-1420
17.3248178959	-1340
17.3248229027	-1420
17.3248610497	-1420
17.324862957	-1300
17.3250889778	-1420
17.3250918388	-1420
17.3251399994	-1300
17.3254790306	-1420
17.3255228996	-1340
17.3257780075	543
17.3258328438	-1420
17.3258349895	-1340
17.3259530067	-1420
17.3259558678	-1340
17.3260648251	543
17.3262069225	-1380
17.3262798786	-1380
17.3461019993	-1420
17.3461179733	-1340
17.3462808132	-1420
17.3462839127	-1420
17.346323967	-1300
17.3475999832	-1343
17.4504330158	-1057
17.4515099525	543
17.451985836	543
17.4524140358	543
17.4527409077	543
17.4927668571	-1086
17.6530458927	-1057
17.6541268826	543
17.836935997	-1380
17.8370690346	-1420
17.8371288776	-313
17.8383169174	543
17.8791248798	-1086
17.8793458939	543
17.8794798851	543
18.0113790035	-543
18.0115628242	543
18.0533800125	-543
18.0535738468	543
18.0544960499	-1380
18.0966808796	-1219
18.12271595	543
18.1651818752	-1420
18.1651990414	-1420
18.1652669907	-787
18.1653938293	-1420
18.1654438972	-1420
18.165446043	-1300
18.1657290459	-1420
18.1657338142	-1420
18.165763855	-1420
18.1657669544	-1260
18.19490695	-1420
18.194922924	-1420
18.1949830055	-1300
18.1955399513	-1420
18.1955838203	-1420
18.1955869198	-1300
18.195745945	543
18.1960680485	-1420
18.1960728168	-1340
18.1965978146	-1420
18.1966028214	-1420
18.1966450214	-1300
18.1971518993	-1420
18.1972098351	-1420
18.1972138882	-1300
18.1973588467	543
18.1977310181	-1420
18.1977369785	-1420
18.1977899075	-1300
18.2074379921	-182
18.2244780064	-1420
18.224490881	-1420
18.2245528698	-1300
18.2260098457	-1420
18.2260429859	-1420
18.2260458469	-1300
18.2262859344	-1420
18.2262909412	-1420
18.2263300419	-1300
18.2264418602	543
18.2268178463	-1420
18.2268240452	-1420
18.2268648148	-1300
18.2279369831	-1420
18.2279829979	-1420
18.2279849052	-1300
18.228427887	-1420
18.2284328938	-1420
18.2284739017	-1300
18.2511119843	-1420
18.2511839867	-1420
18.2511880398	-1300
18.2526040077	-1420
18.2526090145	-1420
18.2526488304	-1300
18.25274086	-1420
18.252781868	-1420
18.2527859211	-1300
18.2529289722	543
18.2535920143	-1420
18.253595829	-1340
18.2536439896	-1380
18.2540650368	-1420
18.2541079521	-1420
18.2541108131	-1300
18.254226923	543
18.2544589043	-1420
18.2544629574	-1420
18.2544820309	-1300
18.2648098469	-1420
18.2648739815	-1420
18.2648780346	-1300
18.2663788795	-933
18.3325519562	-1420
18.3325660229	-1340
18.3326480389	-1420
18.3326609135	-1420
18.3327188492	-1300
18.3327209949	-1420
18.3327729702	-1340
18.3327758312	-1380
18.33294487	-1420
18.3329479694	-1420
18.3329949379	-1300
18.3331308365	543
18.3480679989	-414
18.3644428253	-1420
18.364511013	-1420
18.3645160198	-1300
18.364552021	-1380
18.374163866	-1420
18.3742229939	-1420
18.374227047	-1300
18.3754968643	543
18.4063498974	-251
18.4071619511	543
18.4144558907	-1420
18.4144630432	-1340
18.4378149509	-1420
18.4378299713	-1420
18.4378859997	-1300
18.4484930038	-354
18.4502048492	1057
18.6059980392	543
18.6060960293	543
18.6077349186	-543
18.6078789234	543
18.7017159462	543
18.8187060356	-543
18.902905941	-543
18.9087018967	543
18.9119360447	543
18.9123709202	543
18.9125919342	543
18.9128088951	543
18.9130249023	543
18.9132289886	543
18.9134440422	543
18.9539129734	-543
18.954543829	543
18.9959869385	-543
19.0017669201	543
19.0392949581	-1420
19.0393109322	-1420
19.0393760204	-787
19.0421628952	543
19.0812978745	-543
19.0992929935	543
19.1278989315	-543
19.1890208721	-1057
19.2116868496	-1420
19.2117469311	-1340
19.2128770351	543
19.2479019165	-1380
19.2516219616	543
19.2517578602	543
19.253374815	-117
19.2534589767	543
19.3116779327	-543
19.3129849434	543
19.3781859875	-1380
19.4019448757	-763
19.4111549854	-1380
19.4113938808	543
19.4115428925	543
19.4442088604	-1248
19.4444568157	543
19.4457130432	543
19.5914378166	-543
19.8320679665	-1057
19.9161558151	-1420
19.9162218571	-1420
19.9162619114	-787
19.9202299118	-1420
19.920279026	-1420
19.9203169346	-1300
19.9236068726	-1420
19.9236710072	-1420
19.923707962	-1300
19.9267568588	-1420
19.9267919064	-1340
19.9293789864	-1420
19.9294219017	-1340
19.9324259758	-1420
19.9324829578	-1340
19.9364819527	-1420
19.9364898205	-1420
19.9365320206	-1300
19.9366669655	543
19.9393789768	-1420
19.9393839836	-1340
19.9417078495	-1420
19.9417128563	-1340
19.9438579082	-1380
19.9454448223	-1420
19.9454798698	-1420
19.9454829693	-1300
19.9470388889	-1380
19.9492819309	-1420
19.949326992	-1340
19.9505689144	-1420
19.9506139755	-1340
19.9518108368	-1420
19.9518558979	-1340
19.9532518387	-1380
19.9544768333	-1420
19.9544808865	-1340
19.9553658962	-1420
19.955370903	-1420
19.9554159641	-1300
19.9554948807	1057
19.9563519955	-1420
19.9563570023	-1340
19.9571459293	-1420
19.9571509361	-1340
19.9580190182	-921
20.0189528465	543
20.0399918556	-543
20.1176710129	-543
20.1990139484	-543
20.3028960228	-543
20.5289690495	543
20.5974748135	543
20.5979189873	543
20.6178598404	543
20.6452009678	-543
20.6453309059	543
20.9189798832	-543
20.9191408157	1460
20.919203043	111
21.0710580349	-543
21.0714669228	543
21.1136658192	-543
21.1137578487	1460
21.1138110161	111
21.1693308353	-543
21.1695468426	543
21.5147759914	-1420
21.5148489475	-1420
21.5149228573	-787
21.5178580284	543
21.6035029888	543
21.6036520004	543
21.6825218201	-543
21.6894378662	-543
21.7709319592	-543
21.9244790077	-1420
21.9245579243	-1420
21.9245789051	-1420
21.9245948792	-1420
21.9246108532	-1411
21.9321329594	1460
21.9321858883	1139
21.9664719105	-1278
21.9684638977	543
21.9720368385	543
22.0316050053	543
22.0933868885	-543
22.0935769081	543
22.2689490318	-1057
22.2737920284	543
22.4397480488	-543
22.4666399956	-1380
22.4667749405	-1420
22.4667949677	-1340
22.4669449329	543
22.4947340488	-1420
22.4947488308	-1420
22.4948079586	-1300
22.4952750206	-1420
22.4953269958	-1340
22.4954619408	-1380
22.5086808205	-1420
22.5086958408	-1420
22.508754015	-877
22.5232989788	-1420
22.5233669281	-1340
22.536937952	-1380
22.5509738922	-30
22.6038739681	543
22.6157319546	-1420
22.6157479286	-1420
22.6158399582	-1420
22.6158468723	-747
22.6160709858	543
22.6401548386	-1420
22.6401698589	-1340
22.6578810215	-1058
22.658149004	543
22.6698768139	-1420
22.6698958874	-1420
22.669962883	-1300
22.6705770493	-1420
22.6706199646	-1340
22.670899868	-1380
22.6731760502	543
22.7115888596	-60
22.7118048668	543
22.8723368645	-1420
22.8723640442	-665
22.8737158775	543
23.0426678658	-543
23.0430369377	543
23.202559948	-1380
23.2027130127	-1420
23.2028169632	-827
23.2448439598	-1057
23.2500498295	543
23.2529459	543
23.3875989914	-1420
23.3876039982	-151
23.3905808926	-1420
23.3905880451	-1340
23.3913528919	543
23.4295518398	-867
23.4307079315	543
23.6265048981	-543
23.8008048534	-543
23.8009979725	543
24.0126879215	-543
24.0129718781	543
24.0553638935	-543
24.0578379631	543
24.2261300087	-1420
24.2261588573	-665
24.228938818	543
24.3134460449	-1420
24.3134629726	-1420
24.3135249615	-273
24.4646320343	-1420
24.4647078514	-151
24.5065338612	-543
24.5081658363	543
24.636234045	-1057
24.6426038742	543
24.7177569866	-1057
24.7185218334	543
24.741122961	543
24.7616648674	578
