0	-543
1.27588486671	543
3.92033290863	249
4.04329991341	-751
4.04392790794	126
4.16377401352	-51
4.17585086823	38
4.29539585114	-1420
4.29541301727	-84
4.29598689079	1057
4.416659832	-543
4.42611289024	543
4.59705400467	-543
4.61609196663	543
5.90981483459	-543
5.91029596329	543
6.49161195755	-543
6.49578881264	543
7.00345802307	-543
7.01560282707	543
7.22576189041	-543
7.56797194481	-543
7.57581090927	543
8.11624097824	-1420
8.11626195908	-151
8.2092859745	-1420
8.20930290222	-1316
8.23489403725	-377
8.27447080612	-1368
8.27451491356	-1368
8.31279683113	543
8.3223028183	543
8.34702086449	-1420
8.34703803062	-1316
8.39367985725	-1268
8.41434884071	-1368
8.41808986664	-1420
8.41810798645	-1316
8.41815495491	-1368
8.42144489288	543
8.48566484451	-1420
8.48568296432	-1316
8.48602199554	-1368
8.4928920269	-1420
8.49294281006	-1316
8.4934220314	-1368
8.49357199669	-1420
8.49357485771	-1316
8.51137495041	543
8.53632283211	-1263
8.53650093079	543
8.56576490402	-1368
8.56577992439	-1420
8.56582999229	-1316
8.56583285332	-1368
8.67010688782	-783
8.79007387161	-543
8.9293179512	-543
8.94433498383	-543
8.9445579052	543
9.18100881577	-543
9.18118882179	543
9.27611684799	543
9.41892290115	-543
9.41911792755	543
9.53848099709	-543
9.53867983818	543
9.65715384483	-1368
9.6574640274	-1420
9.65751194954	-839
9.65892100334	543
9.66052794456	543
9.72243189812	-1368
9.77782487869	-203
9.8895919323	-1368
9.89758586884	-717
9.91751289368	543
9.93760585785	543
9.99138092995	-1368
9.99140095711	-1368
10.0160028934	-377
10.0855238438	-543
10.1256449223	-1368
10.1787760258	-203
10.275854826	543
10.2759130001	543
10.2976310253	-1086
10.2998948097	543
10.3060708046	543
10.3139870167	-1368
10.3535428047	-543
10.3828108311	-1420
10.3828279972	-1316
10.4207258224	-66
10.425839901	543
10.4290180206	543
10.4339549541	543
10.5560398102	-543
10.7321579456	-543
10.7357690334	543
10.8546788692	-543
10.8548989296	543
10.9899089336	-543
11.1486899853	-543
11.1488959789	543
11.2680478096	-543
11.3052740097	-1368
11.4245510101	-203
11.439855814	-1368
11.5601108074	-746
11.560323	543
11.6530590057	-1368
11.6799199581	-1231
11.6812639236	1460
11.6813259125	1139
11.8754680157	-1420
11.8754858971	-1420
11.8755428791	-273
11.8768219948	543
12.1277589798	-1057
12.2675209045	-1368
12.2958099842	-717
12.3273639679	-1420
12.3274140358	-1316
12.3284800053	-1420
12.3285038471	-1316
12.3288090229	-1368
12.3290529251	-1368
12.3294939995	-1368
12.3907539845	-1420
12.3908100128	-1316
12.3910419941	-1420
12.3910758495	-1316
12.3929288387	-1420
12.3929538727	-1316
12.3932328224	-1368
12.414498806	-641
12.4147918224	543
12.4484758377	-1420
12.4484918118	-1316
12.4486489296	-1368
12.4487249851	-1368
12.4489188194	-1368
12.4502959251	-1420
12.4503219128	-1316
12.4504778385	-1368
12.4511599541	-1420
12.4511649609	-1316
12.4514198303	-1420
12.4514248371	-1316
12.5006418228	-1368
12.5007359982	-1368
12.5016160011	-1368
12.5017049313	543
12.5018289089	-1420
12.501832962	-1316
12.5020840168	-1420
12.5020878315	-1316
12.5022289753	-1368
12.5330150127	-773
12.533217907	543
12.5839028358	-1368
12.5839209557	-1368
12.5844628811	-1368
12.5863809586	-1420
12.586427927	-1420
12.5864310265	-1264
12.5866348743	-1368
12.5866389275	-1368
12.5868859291	-1368
12.587458849	-1420
12.5875039101	-1420
12.5875070095	-1420
12.5875418186	-1212
12.5876638889	-1368
12.587733984	-1368
12.6054708958	-1368
12.6201460361	-1420
12.6201608181	-1316
12.6202778816	-1420
12.6202809811	-1316
12.6204149723	-1368
12.6204919815	543
12.6517128944	-976
12.6691679955	-1368
12.6692118645	-1420
12.6692149639	-1316
12.7581620216	-1368
12.7581849098	-1368
12.75857687	-1368
12.7590939999	-1420
12.7591199875	-1316
12.7591240406	-1368
12.7594549656	-1368
12.7594599724	-1368
12.7595558167	543
12.7596650124	-1368
12.7598659992	-1368
12.7601029873	-1420
12.7601079941	-1316
12.7709949017	-844
12.7711420059	543
12.8105368614	-1420
12.8105590343	-1316
12.8106119633	-1368
12.8259398937	-1368
12.826004982	-1368
12.8261618614	-1368
12.8263568878	-1368
12.8266639709	-1368
12.8266878128	-1368
12.8268678188	-1368
12.8269579411	-1368
12.827162981	-1368
12.8825769424	-1420
12.8825938702	-1316
12.8826508522	-1368
12.8843278885	-1420
12.8843748569	-1316
12.8844029903	-1368
12.8847169876	-1368
12.8847939968	543
12.8848369122	-1368
12.8850159645	-1368
12.929628849	-462
12.9414308071	-1368
12.9414999485	-1420
12.941505909	-1316
12.9836428165	-1420
12.9836578369	-1316
12.9839508533	-1368
12.9841678143	-1368
12.9842889309	-1368
12.984336853	-1368
12.9845149517	-1368
12.9846749306	-1368
13.001447916	-1368
13.0015318394	-1420
13.0015699863	-1316
13.0017130375	-1368
13.0017299652	543
13.0501978397	-330
13.0634698868	-1420
13.0635378361	-1316
13.0635859966	-1420
13.0636248589	-1316
13.0638129711	-1368
13.0638709068	543
13.0641379356	-1420
13.0641438961	-1316
13.0642979145	-1368
13.1250698566	-1420
13.1251459122	-1420
13.1251859665	-1264
13.1252229214	-1368
13.1640598774	-1420
13.1641290188	-1316
13.1642010212	-1368
13.1642408371	-1368
13.164940834	-1368
13.1649899483	-1420
13.1650278568	-1420
13.165063858	-1264
13.1686828136	-1287
13.1916739941	-1420
13.1917200089	-1316
13.1917979717	-1368
13.1919429302	543
13.2872588634	-609
13.3855679035	-1368
13.4060459137	-746
13.4523589611	-1420
13.4524099827	-1316
13.4541389942	-1420
13.4541490078	-1316
13.4545068741	-1368
13.4546070099	-1420
13.4546098709	-1316
13.4547219276	-1420
13.4547259808	-1316
13.4548339844	543
13.455024004	-1368
13.4551048279	-1368
13.5203590393	-1368
13.5203769207	-1420
13.5204408169	-1316
13.5250518322	-641
13.5611839294	-1368
13.5611979961	-1368
13.5661158562	1460
13.5661828518	625
13.5875308514	-1368
13.5875468254	-1368
13.5876288414	-1368
13.5877568722	543
13.6795618534	-414
13.680631876	1057
13.6810829639	543
13.6814858913	543
13.6818988323	543
13.6823079586	543
13.6826078892	543
14.1522629261	-1057
14.1525080204	1057
14.2711899281	-543
14.2713668346	543
14.2756898403	543
14.3660750389	-543
14.390141964	-1057
14.3903419971	1057
14.5106608868	-543
14.5108599663	543
14.6157159805	-1368
14.6160478592	543
14.6386268139	-746
14.6731359959	-1420
14.6731848717	-1316
14.7573068142	-891
14.7587089539	543
14.8405189514	-1368
14.8773479462	-717
14.8786659241	543
14.8944189548	-1368
14.8948190212	-1420
14.8948860168	-1316
14.949023962	-1420
14.9490718842	-1420
14.9490909576	-1264
14.9504139423	543
14.9957478046	-617
14.9971029758	543
15.0630018711	-1368
15.1550028324	-1260
15.1573739052	543
15.1579518318	543
15.1692509651	-1420
15.1692638397	-1316
15.27354002	-891
15.2748169899	543
15.2802219391	-1420
15.2802269459	-1316
15.399698019	-891
15.4010169506	543
15.5200989246	-1057
15.5204749107	543
15.5212848186	543
15.7089579105	-543
15.7092850208	543
15.8662729263	-543
15.8669178486	543
15.9717810154	-1420
15.9717988968	-1316
15.9719400406	-1368
15.9721648693	-1368
15.9721989632	-1420
15.9722018242	-1316
15.9724078178	-1420
15.9724128246	-1316
15.9724860191	-1368
15.9725739956	543
15.9727678299	543
16.0161750317	-1420
16.0161859989	-1420
16.0162308216	-1264
16.0190320015	-1420
16.0190718174	-1316
16.0191698074	-1420
16.0192120075	-1316
16.0192849636	-1368
16.0196750164	-1420
16.0196800232	-1420
16.0197219849	-1264
16.0198588371	543
16.0244100094	-1287
16.0693688393	-1420
16.0693838596	-1420
16.0694279671	-1264
16.1202878952	-1420
16.1203238964	-1420
16.1203799248	-1264
16.1204528809	-1368
16.1206278801	543
16.1207489967	-1420
16.1207518578	-1316
16.1533558369	-198
16.2030320168	-1420
16.2030508518	-1316
16.2031149864	-1368
16.2670869827	-1420
16.2671058178	-1316
16.2671558857	-1368
16.2671589851	-1420
16.2671768665	-1316
16.2678229809	-1368
16.2681109905	-1420
16.2681159973	-1420
16.2681598663	-1264
16.2722790241	-778
16.3241739273	-1368
16.3905508518	-203
16.3907530308	543
16.4187259674	-1368
16.467610836	-1420
16.4676289558	-1316
16.4981298447	-1420
16.4981470108	-1420
16.4982039928	-1264
16.4982998371	-1420
16.4983408451	-1316
16.498390913	-1368
16.49858284	-1420
16.4985868931	-1316
16.4988110065	-1368
16.5089168549	-749
16.5181949139	-1420
16.5182080269	-1420
16.5182700157	-1264
16.5808758736	-1420
16.5808949471	-1420
16.5809559822	-1264
16.5809600353	-1420
16.5809969902	-1420
16.5809998512	-1264
16.5811789036	-1420
16.5812079906	-1316
16.5812559128	-1368
16.5857729912	543
16.6101248264	543
16.6235568523	-1420
16.6235728264	-1316
16.6236288548	-1368
16.6269109249	-873
16.7021579742	-1420
16.702174902	-1316
16.7023229599	-1420
16.702327013	-1420
16.7023789883	-1264
16.702767849	-1420
16.7027938366	-1316
16.7029619217	-1368
16.7052679062	-1368
16.7454309464	-1226
16.7456669807	543
16.7672319412	-1420
16.7672479153	-1316
16.7675299644	-1420
16.7675340176	-1316
16.7676668167	-1368
16.7678589821	-1420
16.7679038048	-1420
16.7679069042	-1264
16.8057389259	-1420
16.8057589531	-1420
16.8058319092	-1264
16.8058350086	-1368
16.8305878639	-1420
16.8306028843	-1316
16.8308348656	-1420
16.8308398724	-1316
16.8308749199	-1420
16.830878973	-1316
16.8310639858	543
16.831125021	-1420
16.831127882	-1316
16.8621089458	-1420
16.8621230125	-1420
16.8621869087	-1420
16.8621900082	-1212
16.8856518269	-528
16.9227049351	-1420
16.9227609634	-1316
16.9817290306	-1420
16.9817488194	-1316
16.9817969799	-1368
16.9821028709	-1420
16.9821050167	-1420
16.9821059704	-1264
16.9822039604	-1368
16.9823288918	543
16.9824509621	-1420
16.9824559689	-1316
17.040653944	-1420
17.0406718254	-1420
17.0407288074	-1264
17.0407319069	-1155
17.0409598351	543
17.078152895	-1420
17.0781710148	-1420
17.0782170296	-1264
17.079130888	-1420
17.0791769028	-1420
17.079226017	-1264
17.079267025	-1420
17.0792689323	-1420
17.0793039799	-1264
17.0957589149	-1420
17.0958089828	-1316
17.0958869457	-1368
17.1307628155	-1420
17.1307778358	-1316
17.1308999062	-1420
17.1309039593	-1316
17.1310408115	-1420
17.1310448647	-1316
17.1310749054	-1420
17.1310799122	-1316
17.1313040257	-1368
17.1313929558	-1420
17.1313970089	-1316
17.1532268524	-1368
17.1588509083	-528
17.1902220249	-1368
17.1903738976	-1368
17.1906578541	-1420
17.1906619072	-1420
17.1907010078	-1264
17.1908018589	-1420
17.1908428669	-1420
17.1908450127	-1264
17.1910669804	-1420
17.1910698414	-1420
17.1910719872	-1264
17.1958270073	543
17.251955986	-1368
17.2771239281	-264
17.2861118317	543
17.2867560387	543
17.4411640167	-543
17.5567378998	-543
17.559363842	-543
17.5594959259	543
17.6387729645	-543
18.1318819523	-543
18.1321098804	543
18.3593649864	-1420
18.3593819141	-1420
18.3594388962	-273
18.3595609665	543
18.4777488708	-1057
18.4787769318	543
18.4799838066	543
18.6015279293	-1420
18.6015470028	-1420
18.6016099453	-787
18.6029059887	543
18.6998009682	-543
19.2105460167	-1420
19.2105638981	-1179
19.4384908676	-543
19.4388430119	543
19.5161628723	-543
19.5573680401	-543
19.5576908588	543
19.9286389351	-1057
20.1290619373	-1420
20.129128933	-1420
20.1291749477	-273
20.1927230358	-1420
20.1927709579	-1316
20.2471878529	-891
20.251075983	-1420
20.2511329651	-1420
20.2511718273	-1264
20.2757599354	543
20.3109459877	-1420
20.3110198975	-1420
20.3110649586	-1264
20.3652698994	-132
20.3731718063	-1420
20.3732259274	-1420
20.3732700348	-1264
20.4385738373	-1420
20.4385919571	-1420
20.4386589527	-1264
20.4835429192	-132
20.483798027	543
20.5143549442	-1420
20.5143709183	-1316
20.5144319534	-1368
20.5866408348	-1420
20.5866589546	-1420
20.5867159367	-1264
20.6017179489	-132
20.6577539444	-1420
20.6577718258	-1316
20.6579139233	-1420
20.6579179764	-1420
20.6579608917	-1264
20.658041954	-1420
20.6580648422	-1420
20.6580679417	-1264
20.7194068432	-1420
20.7194268703	-1316
20.7194859982	-1368
20.7196338177	543
20.7198970318	-1089
20.7199888229	543
20.7803108692	-1420
20.7803299427	-1420
20.7803928852	-1264
20.7805929184	-1420
20.7806279659	-1316
20.7807810307	-1368
20.7809319496	-1420
20.7809588909	-1316
20.7810468674	-1368
20.8335540295	-1420
20.8335719109	-1420
20.8336288929	-1264
20.8782129288	-264
20.8814439774	-1420
20.8814489841	-1420
20.8814499378	-1264
20.8820159435	-1420
20.8820209503	-1316
20.882117033	-1420
20.882119894	-1316
20.8822908401	-1368
20.9007668495	-1420
20.9007828236	-1420
20.9008498192	-1420
20.900851965	-1212
20.9010848999	543
20.9651269913	-1420
20.9651429653	-1316
20.965720892	-1420
20.9657258987	-1316
20.9658470154	-1368
20.9659969807	-1368
20.9661319256	-1420
20.9661359787	-1316
20.999712944	-1287
21.0326769352	-1420
21.0327539444	-1316
21.0327599049	-1368
21.0329699516	543
21.0341730118	-1420
21.0341799259	-1316
21.0342109203	-1368
21.0342588425	-1368
21.0343828201	543
21.0344309807	-1420
21.0344338417	-1316
21.034744978	-1368
21.0349678993	-1420
21.0350239277	-1420
21.0350270271	-1264
21.0350949764	-1368
21.0889728069	-1368
21.1290748119	-1420
21.1291458607	-1420
21.1291518211	-1264
21.1291999817	-1368
21.1292028427	-1368
21.1295688152	-1420
21.129573822	-1316
21.1297090054	-1420
21.1297128201	-1316
21.1298408508	-1420
21.1298449039	-1316
21.1299669743	543
21.1300299168	-1368
21.1508328915	-1108
21.1856780052	-1420
21.1856908798	-1316
21.1858580112	-1420
21.1858618259	-1316
21.1859788895	-1368
21.1864068508	-1420
21.1864509583	-1420
21.1864538193	-1264
21.1869049072	-1420
21.186909914	-1316
21.1870088577	-1368
21.2006568909	-1368
21.2008759975	543
21.2566308975	-1420
21.2566440105	-1316
21.2569689751	-1420
21.2569739819	-1420
21.2570149899	-1264
21.2570829391	-1368
21.2572309971	-1368
21.2572588921	543
21.257393837	-1420
21.2573969364	-1316
21.257532835	-1420
21.2575359344	-1316
21.2689669132	-296
21.3135659695	-1368
21.3149039745	-1420
21.314909935	-1316
21.3153278828	-1420
21.3153328896	-1420
21.3153738976	-1264
21.3158209324	-1420
21.3158459663	-1316
21.3161628246	-1420
21.3162069321	-1420
21.3162100315	-1264
21.3722138405	-1420
21.3722319603	-1316
21.3724160194	543
21.4072618484	-1368
21.407681942	-1420
21.4077348709	-1420
21.4077379704	-1264
21.4085109234	-1368
21.4087269306	-1368
21.4103000164	-1420
21.4103050232	-1316
21.410369873	-1420
21.4103729725	-1316
21.4232618809	-1420
21.4232690334	-1316
21.4264678955	-702
21.4265370369	543
21.462392807	-1368
21.4626610279	-1420
21.4626970291	-1316
21.4627938271	-1420
21.462816	-1316
21.4629108906	-1420
21.462957859	-1316
21.4630379677	543
21.4631798267	-1420
21.4631848335	-1316
21.4632978439	-1368
21.5151610374	-1420
21.5151798725	-1316
21.5156099796	-1368
21.5159239769	-1368
21.5160939693	-1420
21.5161190033	-1316
21.5162699223	-1420
21.5162739754	-1316
21.5164148808	-1368
21.5166459084	-1420
21.5166499615	-1316
21.5167548656	-1368
21.5688068867	-1420
21.5688199997	-1316
21.5719158649	-1420
21.5719218254	-1316
21.5719909668	-1368
21.572070837	543
21.5721108913	-1368
21.5723538399	-1420
21.5723760128	-1316
21.5724899769	-1368
21.5726339817	-1420
21.5726380348	-1420
21.5726778507	-1264
21.5806849003	-929
21.6225709915	-1368
21.6231949329	-1368
21.6235868931	-1420
21.6235918999	-1420
21.6236410141	-1264
21.6715090275	-1420
21.6715228558	-1420
21.6715679169	-1420
21.6715710163	-1212
21.6717288494	543
21.6718900204	543
21.672467947	1057
21.6728539467	543
21.6990809441	-741
22.2760629654	543
22.397454977	-543
22.3976788521	543
22.8503658772	-1420
22.850383997	-1420
22.8504509926	-787
22.8518309593	543
23.3011498451	-543
23.3023209572	543
23.7511780262	-1420
23.7511959076	-1420
23.7512528896	-273
23.968214035	-1420
23.9682838917	-665
24.16274786	543
24.2622308731	543
24.3096380234	-543
24.3905918598	543
24.4562518597	543
24.6216049194	-543
24.6218299866	543
24.6290090084	543
24.6392819881	543
24.6398968697	543
24.9187488556	-543
24.9257259369	543
25.1060729027	-543
25.1158058643	543
25.1643958092	-1368
25.2273030281	-1368
25.2343988419	-920
25.238462925	543
25.2758369446	543
25.3682069778	-543
25.368393898	543
25.4868569374	-543
25.4870510101	543
25.5101189613	-1368
25.6055939198	-717
25.6058328152	543
25.6104018688	-1368
25.7239668369	-1260
25.7241728306	-1420
25.7242159843	-1316
25.7243249416	-1420
25.7243669033	-1316
25.7244408131	-1368
25.7245550156	543
25.7246899605	-1420
25.7246940136	-1420
25.7247169018	-1264
25.7259919643	543
25.7815458775	-1420
25.7815649509	-1316
25.8423309326	-1420
25.842348814	-1420
25.8424129486	-160
25.8519079685	-1420
25.8520138264	-1316
25.8520188332	-1420
25.8520588875	-1316
25.8520610332	-1368
25.8524329662	-1420
25.852437973	-1420
25.8524799347	-1264
25.8525509834	-1368
25.8525788784	-1368
25.8526389599	-1368
25.8527739048	1057
25.8528938293	-1368
25.9062800407	-1420
25.9062979221	-1316
25.9606909752	-641
25.9645488262	-1420
25.9645559788	-1420
25.9646019936	-1264
26.0074849129	-1420
26.0075008869	-1316
26.0076429844	-1368
26.0077168941	-1368
26.0077500343	-1368
26.0080959797	-1420
26.0081219673	-1316
26.0081739426	-1368
26.026362896	-1420
26.0263779163	-1316
26.0264408588	-1420
26.0264439583	-1316
26.0266079903	543
26.082928896	-330
26.093048811	-1420
26.0930960178	-1316
26.0934128761	-1420
26.0934798717	-1316
26.0934829712	-1368
26.0938019753	-1420
26.093806982	-1316
26.0938978195	-1368
26.1562969685	-1420
26.1563160419	-1420
26.1563959122	-1264
26.1563990116	-1368
26.1843910217	-1420
26.1844069958	-1316
26.1848518848	-1420
26.1848568916	-1420
26.1848988533	-1264
26.1850318909	-1420
26.1850340366	-1316
26.1851348877	-1368
26.1852178574	1057
26.2115588188	-1287
26.2172088623	543
26.2272689342	543
26.2437930107	-1420
26.2438099384	-1420
26.2438678741	-1264
26.2451608181	543
26.2461009026	-1420
26.246106863	-1316
26.2462258339	-1368
26.2961988449	-1420
26.2962129116	-1420
26.2962670326	-1264
26.3298008442	-741
26.3315179348	543
26.34573102	543
26.3964538574	-1420
26.3964738846	-1420
26.3965318203	-1264
26.4062788486	1460
26.4063549042	625
26.4256968498	-543
26.5004858971	-1123
26.5209209919	543
26.5212259293	543
26.8110449314	-543
26.9291818142	-543
26.937117815	543
26.9499130249	-1420
26.949919939	-1316
26.9501049519	-1420
26.950109005	-1420
26.9501478672	-1264
26.9502158165	-1368
26.9505870342	-1420
26.9505908489	-1420
26.9506280422	-1264
26.9595220089	543
27.0047388077	-1420
27.0047588348	-1420
27.0047979355	-1264
27.0530338287	-1420
27.0530948639	-1420
27.0531318188	-1264
27.0534169674	-1420
27.0534720421	-1316
27.053511858	-1368
27.0536849499	543
27.0559329987	-910
27.1097769737	-1368
27.1745729446	-1231
27.1747879982	543
27.2564349174	-1368
27.2757549286	543
27.2927379608	-203
27.2935259342	543
27.2940590382	543
27.2944939137	543
27.2948129177	543
27.4991109371	-1420
27.4991288185	-1420
27.4991869926	-273
27.5014619827	543
27.6149618626	-1420
27.6149790287	-1420
27.6150429249	-1264
27.616964817	-66
27.6516189575	-543
27.6586749554	-1368
27.6588380337	-1368
27.6774139404	-1420
27.6774289608	-1316
27.7770149708	-1268
27.7808220387	-1368
27.8410718441	-1420
27.8410878181	-1316
27.863560915	543
27.8991630077	-1123
28.0602869987	-1086
28.0605578423	543
28.0607099533	543
28.1541128159	-1420
28.1541290283	-1420
28.1541979313	-1264
28.1542248726	-1368
28.154350996	-1420
28.154353857	-1316
28.1545770168	543
28.1547179222	-1420
28.154722929	-1316
28.1547818184	-1368
28.1786658764	-198
28.2101500034	-1420
28.2101678848	-1420
28.2102308273	-1264
28.2127318382	-1420
28.2127559185	-1316
28.2132399082	-1368
28.2132639885	-1420
28.2132668495	-1316
28.2136249542	-1420
28.2136309147	-1420
28.2136719227	-1420
28.2136750221	-1212
28.2137849331	543
28.26816082	-1420
28.2681789398	-1420
28.2682340145	-1264
28.2756559849	543
28.296931982	-873
28.297107935	543
28.3040030003	-1420
28.3040189743	-1316
28.3041779995	-1420
28.3041830063	-1316
28.3042969704	-1368
28.3045790195	-1420
28.3046209812	-1420
28.3046238422	-1264
28.3277308941	-1420
28.3277449608	-1420
28.3278000355	-1264
28.3278019428	-1368
28.3280098438	543
28.359926939	-1420
28.3599460125	-1316
28.360626936	-1420
28.3606319427	-1316
28.361315012	-1368
28.3613200188	-1420
28.3613619804	-1420
28.3613638878	-1264
28.410066843	-1420
28.4100859165	-1420
28.4101479053	-1420
28.4101510048	-1212
28.422511816	-528
28.4474489689	-1420
28.4475300312	-1316
28.4475338459	-1420
28.4475839138	-1316
28.4475870132	-1368
28.4478948116	-1420
28.4478998184	-1420
28.447947979	-1264
28.4480350018	543
28.4496269226	-1368
28.4497418404	-1420
28.4497849941	-1420
28.4497878551	-1264
28.4916629791	-1420
28.4916779995	-1316
28.492128849	-1420
28.4921348095	-1316
28.4922089577	-1368
28.4922888279	543
28.4923949242	-1420
28.492399931	-1316
28.4924519062	-1368
28.5408248901	-1420
28.5408399105	-1316
28.540941	-1420
28.5409448147	-1420
28.5409808159	-424
28.5411410332	543
28.5743539333	-1420
28.5743699074	-1316
28.5747280121	-1420
28.5747330189	-1316
28.5748729706	-1420
28.5748770237	-1316
28.5751168728	-1420
28.5751218796	-1316
28.5809819698	-1420
28.5809879303	-1316
28.6593739986	-372
28.6595828533	543
28.6882369518	543
28.7454099655	-1368
28.7782189846	-717
28.7863619328	543
28.8144509792	-1420
28.814467907	-1316
28.8706698418	-1420
28.8706858158	-1420
28.8707499504	-1264
28.8969318867	-414
28.9004938602	543
28.902987957	543
28.9072008133	543
28.9076240063	543
28.9079639912	543
28.9082858562	543
28.9417579174	543
28.9449188709	543
29.2857038975	543
29.2891049385	-1420
29.2891128063	-151
29.3737738132	-1368
29.4076099396	-1231
29.4111058712	543
29.4113509655	543
29.5259828568	-1057
29.53597188	543
29.5368199348	543
29.6112289429	-1368
29.6115398407	543
29.6477029324	-232
29.6479189396	1057
29.7612650394	-1368
29.7614688873	1057
29.7658548355	-232
29.7757718563	543
29.884406805	-1057
29.8846929073	1057
30.0153999329	-543
30.1228878498	-1368
30.1336688995	-203
30.1823818684	-1420
30.1824510098	-1316
30.1827578545	-1420
30.1827638149	-1316
30.2385790348	-1420
30.2386059761	-1316
30.2387809753	543
30.2393548489	-1420
30.2393598557	-1316
30.2395479679	-1368
30.2401440144	-1420
30.2401888371	-1316
30.2401919365	-1368
30.2403979301	-1420
30.2404019833	-1316
30.2405200005	-1368
30.2477419376	543
30.2521350384	-786
30.3006570339	-1420
30.3006768227	-1316
30.3007349968	-1368
30.3547799587	-1420
30.3547990322	-1316
30.3548510075	-1368
30.355396986	-1420
30.3554019928	-1316
30.3554439545	-1368
30.3561530113	-1420
30.3561589718	-1420
30.3561828136	-1264
30.3703548908	-264
30.3712539673	543
30.4199290276	-1420
30.4199478626	-1420
30.4200119972	-1264
30.4233088493	-1420
30.4233748913	-1316
30.4810600281	-1420
30.4811148643	-1316
30.4811799526	-1420
30.4811840057	-1316
30.4820678234	543
30.4824948311	543
30.4888949394	-227
30.6073210239	-543
30.7655789852	-1086
30.8839240074	-543
31.0465090275	-543
31.1733720303	-1420
31.1733930111	-1420
31.1734528542	-1264
31.1734559536	-1420
31.1734910011	-1420
31.1734938622	-1264
31.1739389896	-1420
31.1739449501	-1316
31.1741080284	543
31.1741650105	-1368
31.2043278217	-198
31.2267029285	-1420
31.2267189026	-1420
31.2267889977	-1264
31.2747068405	-1420
31.274725914	-1420
31.2747788429	-1264
31.2749128342	-1420
31.2749459743	-1420
31.2749478817	-1264
31.2755868435	-1420
31.2755908966	-1316
31.2758078575	-1368
31.2859108448	543
31.2860100269	-1420
31.2860219479	-1316
31.2860229015	-1368
31.3212168217	-543
31.3384568691	-1420
31.3384749889	-1316
31.3385438919	-1368
31.3386089802	-1368
31.3389258385	-1420
31.3389308453	-1316
31.3394169807	-1420
31.3394219875	-1420
31.3394458294	-1264
31.3442718983	-1420
31.3443188667	-1420
31.3443219662	-1264
31.3448770046	-1137
31.3449628353	543
31.4010579586	-1420
31.401088953	-1316
31.401154995	-1420
31.4011588097	-1316
31.4012329578	-1368
31.4251668453	543
31.4427449703	-1420
31.4427599907	-1316
31.4631979465	-306
31.4633638859	1057
31.55615592	543
31.5565779209	543
31.6800489426	543
31.6960868835	543
32.0890779495	-543
32.0957248211	1460
32.0957999229	111
32.2028849125	-543
32.23447299	-1420
32.234498024	-151
32.3117759228	-1368
32.3528280258	-717
32.3684790134	543
32.4709918499	-543
32.4756929874	543
32.6602418423	-543
32.6604278088	1460
32.6604828835	111
32.778357029	-543
32.7785689831	543
32.9358839989	-543
32.9928438663	-1368
33.0542209148	-203
33.2267739773	-543
33.2271718979	543
33.2756648064	543
33.2757999897	543
33.3449950218	-543
33.3490619659	-543
33.4637069702	-1368
33.503015995	-203
33.505656004	1460
33.5057108402	1139
33.5545158386	-1368
33.6211159229	-203
33.6882529259	-1420
33.6882679462	-1316
33.7393770218	-377
33.7417328358	543
33.8608329296	-543
33.8673939705	543
33.9861140251	-1057
34.0004398823	543
34.1337099075	-1057
34.1462240219	543
34.2152059078	-543
34.4073319435	-543
34.4082148075	543
34.4603118896	-543
35.2757790089	543
35.3766109943	-543
35.3768279552	543
35.4958100319	-1086
35.4960238934	543
35.5939598083	-1368
35.6145529747	-717
35.6159470081	543
35.8351449966	-1420
35.8351638317	-1420
35.8352208138	-787
35.8366849422	543
36.131485939	-1420
36.1315038204	-1420
36.1315610409	-273
36.1782310009	-1420
36.1783049107	-1316
36.2234578133	-1420
36.2235248089	-1316
36.2235708237	-1368
36.2499518394	-957
36.2506818771	543
36.2511379719	543
36.2756478786	543
36.2757818699	543
36.2759280205	543
36.364563942	-1368
36.368106842	-1260
36.3704009056	543
36.3745298386	543
36.5798339844	-543
36.5801739693	543
36.8154168129	-1057
36.8592200279	543
36.8595118523	543
37.0566728115	-543
37.2288079262	-543
37.3862218857	-543
37.3871588707	543
37.392002821	-1368
37.5054650307	-203
37.5065088272	543
37.5360569954	543
37.5758988857	1460
37.5759868622	625
37.6237139702	-1057
37.8588049412	-1420
37.8588659763	-151
38.0831320286	-543
38.0841548443	543
38.3087699413	-543
38.3102388382	543
38.4289598465	-543
38.4291539192	1460
38.4292159081	625
38.5483000278	-1057
38.5488250256	1460
38.5488808155	625
38.565721035	543
38.7617440224	-1057
38.778126955	543
38.7786560059	543
39.0015039444	-1420
39.0015208721	-1420
39.0015838146	-787
39.0077118874	543
39.2199728489	-1057
39.2211859226	-543
39.2237808704	543
39.3423418999	-543
39.5002839565	-1057
39.6185250282	-1086
39.6192438602	543
39.7365670204	-543
39.7416188717	543
39.9019198418	-543
39.9021248817	1460
39.9021868706	625
40.1131849289	-1420
40.1132040024	-1420
40.1132678986	-787
40.1134009361	543
40.2314949036	-1057
40.2335050106	543
40.2758638859	543
40.2759599686	543
40.3890008926	-543
40.3894708157	543
40.5069868565	-543
40.6714110374	-1057
40.7003450394	543
40.8981690407	-543
41.3066430092	-543
41.3070778847	543
41.7777559757	-1420
41.7777779102	-1420
41.7779359818	-273
42.0006198883	-543
42.0023338795	543
42.4747140408	-543
42.4753780365	543
42.7029290199	-1057
42.9518368244	-1420
42.9519479275	-151
43.0118029118	-1368
43.0129058361	-1420
43.0130028725	-1316
43.0142328739	-1420
43.0143198967	-1316
43.014384985	-1368
43.0152690411	-1420
43.0153558254	-1316
43.0705769062	-1420
43.0706629753	-1420
43.0707259178	-1420
43.070789814	-1212
43.1299188137	-1420
43.1299769878	-1316
43.1308579445	-1368
43.130977869	-1368
43.1312580109	-1420
43.1312618256	-1316
43.1316349506	543
43.132267952	-1420
43.1322729588	-1316
43.1324298382	-1420
43.1324338913	-1316
43.1326098442	-1420
43.1326158047	-273
43.1811978817	-1420
43.1812169552	-1316
43.250898838	-891
43.8471829891	543
43.847949028	1057
43.9531810284	543
43.9785728455	1460
43.97864604	625
44.5269110203	-543
44.5271308422	1460
44.5271909237	625
44.7602360249	-1057
