0	543
0.371530056	-543
0.37793302536	543
0.946952104568	-543
0.961819171906	543
1.43463015556	-543
1.43594908714	543
1.83349204063	-543
1.83380913734	543
1.86393213272	-1298
1.87772321701	-1298
1.91535401344	-1298
1.91542816162	-1298
1.91765904427	543
1.94862604141	-1420
1.94863700867	-1176
1.94867920876	-1298
1.95712304115	-825
2.03268003464	-1298
2.03283405304	-1298
2.03295016289	-1298
2.04565811157	543
2.08012318611	-819
2.24446702003	543
2.37727022171	-543
2.38448810577	543
2.38566422462	1460
2.38571214676	625
2.50817918777	-543
2.63117218018	-543
2.63238811493	543
2.76177406311	-543
2.83916807175	-1298
2.83923912048	-1420
2.83926510811	-1176
2.88715410233	-1420
2.88722801208	-1176
2.88725399971	-1298
2.9243490696	-9
2.9780921936	-1420
2.97815012932	-1176
2.97815418243	-1298
2.99127912521	-1298
3.04068422318	-1420
3.04070806503	-1176
3.04075503349	-1298
3.04738020897	-825
3.09316301346	-1420
3.09318113327	-1176
3.09323716164	-1298
3.12176012993	-1298
3.12184309959	-1298
3.15038514137	-1298
3.17050004005	-1153
3.17098402977	543
3.20628905296	-1420
3.20630717278	-1176
3.26424002647	-1298
3.26433300972	-1298
3.26449108124	-1298
3.2646920681	-1298
3.26488518715	-1420
3.26489019394	-1176
3.26499319077	-1298
3.26507806778	543
3.26528215408	-1298
3.26550006866	-1420
3.2655441761	-1176
3.27509117126	-1298
3.27514719963	-1298
3.29455804825	-680
3.51151919365	-1420
3.51153802872	-1420
3.51160502434	-787
3.52510905266	-1420
3.52516722679	-1420
3.52517104149	-1420
3.52518820763	-932
3.52534723282	543
3.52575421333	-1298
3.52590513229	-1420
3.52594900131	-1176
3.52611112595	-1298
3.52638506889	-1298
3.52655911446	-1298
3.52665519714	-1298
3.52669215202	-1298
3.52680110931	-1298
3.52699017525	-1298
3.5271692276	-1298
3.52739214897	-1298
3.63474011421	-1420
3.63476610184	-1420
3.63485312462	-1054
3.63485622406	-1298
3.64877009392	-1298
3.64878511429	-1298
3.64903521538	-1298
3.64916801453	543
3.64920711517	-1298
3.64986920357	-1298
3.65004920959	-1298
3.65025115013	-1298
3.65043401718	-1298
3.65243911743	-1298
3.65251016617	-1298
3.65275502205	-1420
3.65279507637	-1420
3.65279912949	-1054
3.65300917625	-1298
3.65315413475	-1224
3.65979003906	543
3.66042017937	1460
3.66046619415	1460
3.6605091095	1161
3.66058921814	1460
3.66064405441	685
3.66207313538	543
3.66364121437	543
3.67219209671	543
3.98581600189	543
3.98636007309	543
3.98670315742	543
3.99965000153	1460
3.99970817566	111
4.01968312263	1460
4.01973700523	111
4.03966116905	1057
4.04022908211	543
4.11982417107	543
4.12044906616	543
4.17520809174	-1420
4.17525100708	-1420
4.17531609535	-29
4.17531919479	-1298
4.17537307739	-1298
4.17554402351	-1420
4.17554712296	-1176
4.1756670475	-1298
4.1758890152	-1298
4.17622900009	-1298
4.20127820969	-1298
4.2203772068	-1298
4.25948500633	-1420
4.25954508781	-1176
4.29924511909	-1420
4.29931807518	-430
4.32126617432	-1420
4.32131910324	-1176
4.33807110786	-1298
4.33954811096	-1298
4.38562011719	-1298
4.42196321487	-308
4.45002818108	-1420
4.45008921623	-1176
4.47300314903	-1420
4.47307014465	-1176
4.47322320938	543
4.47418117523	-1298
4.47449803352	-1298
4.47495102882	543
4.5285680294	-1420
4.52858614922	-1176
4.52862405777	-1298
4.54515504837	-886
4.5788731575	-1420
4.57889008522	-1176
4.57895421982	-1298
4.59239602089	-1420
4.59246015549	-1176
4.5924642086	-1298
4.59280204773	-1420
4.59280610085	-1176
4.59611415863	-1298
4.6288151741	-1420
4.62888216972	-1176
4.62888622284	-1298
4.62902402878	-1298
4.62909603119	-1298
4.62922000885	-1298
4.62929916382	543
4.62953400612	543
4.65176820755	-1298
4.65179514885	-1298
4.65988612175	543
4.66878914833	-1420
4.66881322861	-1176
4.66887521744	-1298
4.66896414757	-1298
4.66932320595	1460
4.66937708855	1460
4.66942119598	1161
4.67238211632	89
4.70201802254	-1420
4.70204305649	-1176
4.7141520977	-1298
4.71653413773	-1298
4.71657419205	-1298
4.71669816971	-1298
4.71725916862	-1298
4.71753120422	-1420
4.71757006645	-1420
4.71757316589	-1054
4.7328710556	-1298
4.75189805031	-1298
4.75195717812	-1298
4.75207710266	543
4.75212407112	-1298
4.75250411034	-1298
4.75262618065	-1298
4.75281906128	-1420
4.75285816193	-1176
4.75325202942	-1298
4.75335121155	-1298
4.75991106033	-1298
4.77635908127	-1420
4.7763800621	-1176
4.77643609047	-1298
4.79260110855	-1420
4.79264807701	-1176
4.79271817207	-1298
4.79280614853	-1298
4.79298520088	-1298
4.79309415817	-1298
4.80126619339	543
4.82511115074	-1420
4.82512402534	-1176
4.82964801788	543
4.83071923256	-1298
4.83956408501	-1420
4.83960819244	-1176
4.83969116211	-1298
4.83979606628	-1298
4.83992910385	-1298
4.84070110321	-1420
4.84070420265	-1420
4.84073901176	-1054
4.84090399742	-1298
4.84104204178	-1420
4.84104418755	-1176
4.87522220612	-1420
4.87523722649	-1176
4.87530016899	-1298
4.87537121773	-1298
4.87561202049	-1298
4.87561511993	-1298
4.87603712082	-1298
4.87610816956	-1298
4.87621617317	-1298
4.87636709213	-1298
4.87655711174	-1298
4.87656116486	-1298
4.87664723396	-1298
4.87675213814	-1298
4.89887309074	-1298
4.89930915833	-1298
4.89955401421	-1298
4.89968109131	-1298
4.91572213173	-1420
4.91573214531	-1176
4.91579604149	-1298
4.91595005989	-1298
4.91605210304	-1298
4.91605615616	-1298
4.91612505913	543
4.91623711586	-1298
4.91630601883	543
4.91656708717	-1420
4.91657209396	-1420
4.91661119461	-1054
4.94946908951	-1298
4.95237207413	-1420
4.95237803459	-1420
4.95240616798	-1054
4.96257019043	-1420
4.96261620522	-1176
4.96268200874	-1298
4.96281909943	-1298
4.96314716339	-1298
4.96327209473	-1298
4.96358203888	-1298
4.96366000175	-1298
4.96406722069	-1420
4.96412110329	-1420
4.9641251564	-1054
4.96416115761	-1298
4.96423816681	543
4.96452307701	-1420
4.9645280838	-1176
4.96466517448	-1298
4.96477818489	-1298
4.99853014946	-1420
4.99855899811	-1176
4.99859714508	-1298
4.99876999855	-1420
4.9988090992	-1176
4.99893116951	-1298
4.99908614159	-1298
4.99917411804	-1298
4.99929904938	-1420
4.99930214882	-1176
4.99950122833	-1298
4.99959301949	-1298
4.99966001511	-1298
4.99984002113	-1420
4.99986004829	-1176
5.00000500679	-1298
5.00012016296	-1298
5.00021505356	-1298
5.00028300285	1057
5.00036406517	-1298
5.00048303604	-1298
5.02276611328	-1420
5.02279520035	-1176
5.02284502983	-1298
5.02284812927	-1298
5.02306818962	543
5.02321100235	-1298
5.02328419685	-1298
5.03951311111	-1420
5.03953003883	-1176
5.03959918022	-1298
5.03968000412	-1298
5.03982305527	-1420
5.03982710838	-1176
5.0399491787	-1298
5.04007005692	-1298
5.04020810127	-1298
5.04033017159	-1298
5.04037022591	-1298
5.04047322273	543
5.04052615166	-1298
5.04058909416	-1298
5.04073619843	-1298
5.07334017754	-1420
5.07339906693	-1176
5.07346820831	-1298
5.07355809212	-1298
5.07366418839	-1298
5.07377004623	-1298
5.07392120361	543
5.07416820526	1460
5.07421016693	1460
5.07425308228	1161
5.07434606552	89
5.08562803268	-1420
5.08563423157	-1176
5.08592510223	-1420
5.08592915535	-1420
5.08596920967	-1054
5.08605003357	-1298
5.08634710312	1057
5.08639407158	-1298
5.08645701408	-1298
5.08658719063	543
5.0866830349	-1298
5.08675408363	-1298
5.08680105209	-1298
5.08695816994	-1298
5.08720111847	-1298
5.08727002144	1057
5.08738708496	-1420
5.0873901844	-1176
5.08748412132	-1298
5.08762907982	1460
5.08769416809	1460
5.08775615692	707
5.0877840519	-1420
5.08778500557	-1176
5.08794808388	-1298
5.08800315857	543
5.08809900284	-1298
5.08819818497	-1298
5.08826613426	-1298
5.08838510513	-1298
5.08852601051	-1298
5.09189510345	543
5.12166500092	-1298
5.12167716026	-1298
5.12181901932	-1298
5.12190818787	-1420
5.12193417549	-1176
5.12211513519	-1298
5.12220811844	-1298
5.12236118317	-1420
5.12238812447	-1176
5.12256717682	-1298
5.12269806862	-1420
5.12270116806	-1176
5.12293314934	-1298
5.1230301857	-1298
5.1231482029	-1298
5.123265028	-1298
5.12335920334	-1298
5.12347221375	-1298
5.12363409996	-1298
5.12377214432	-1298
5.12388420105	-1298
5.12396001816	-1298
5.12406516075	-1298
5.12418317795	-1298
5.12431120872	-1298
5.12443804741	-1298
5.12448501587	-1298
5.12465500832	-1298
5.1253452301	543
5.12557721138	543
5.14581513405	-1298
5.14600014687	-1420
5.14605307579	-1420
5.14605617523	-1054
5.14617919922	-1298
5.14628100395	-1298
5.14633703232	543
5.14648008347	-1298
5.14658522606	-1298
5.14660906792	-1298
5.14679503441	-1298
5.1636531353	-1420
5.16366314888	-1176
5.16621804237	-1298
5.16628408432	-1298
5.16647005081	-1298
5.16648316383	-1298
5.16717004776	-1298
5.16727304459	-1298
5.16967511177	-1420
5.16967916489	-1176
5.16985106468	-1298
5.1699461937	-1298
5.17005300522	-1298
5.17021012306	-1298
5.17022800446	-1298
5.1704211235	-1298
5.17050004005	-1298
5.17061018944	-1298
5.17072415352	-1298
5.17083406448	-1298
5.17093801498	543
5.18326306343	-1298
5.19836306572	-1298
5.19840621948	-1298
5.19852018356	-1298
5.19858217239	-1298
5.19867801666	-1298
5.19901418686	-1420
5.19901704788	-1176
5.19924211502	-1298
5.19924521446	-1298
5.20858621597	-1420
5.20859122276	-1176
5.20872616768	-1298
5.20899915695	-1420
5.20903205872	-1176
5.20911717415	-1298
5.20916104317	1460
5.20921421051	625
5.20922708511	-1298
5.20931601524	-1298
5.20939207077	543
5.20945215225	-1298
5.20953321457	-1298
5.20965719223	-1298
5.20975422859	-1298
5.21005916595	-1298
5.21019101143	-1298
5.21032905579	-1420
5.21033811569	-1176
5.21098518372	-1298
5.21113610268	-1298
5.21121621132	-1298
5.21134519577	-1298
5.21145606041	-1298
5.21148109436	543
5.21158719063	-1298
5.21217513084	-1298
5.21228218079	-1298
5.21238517761	-1298
5.212485075	-1298
5.21300601959	-1420
5.21304607391	-1420
5.21304821968	-1054
5.21309804916	-1420
5.21310114861	-1176
5.21326112747	-1298
5.21338105202	-1298
5.21349620819	-1420
5.21349906921	-129
5.21965312958	-1298
5.22569417953	1460
5.22575902939	1139
5.22629117966	1460
5.22634005547	1139
5.2448990345	-1420
5.24490523338	-1176
5.24503707886	-1298
5.2451210022	-1298
5.24525117874	-1298
5.24558401108	-1420
5.24562311172	-1420
5.24562501907	-1054
5.24589300156	-1298
5.24600315094	-1298
5.24669218063	-1298
5.24680709839	-1298
5.24691915512	-1298
5.24704504013	-1298
5.24714303017	-1298
5.24733519554	-1298
5.24745321274	-1420
5.24745607376	-1176
5.2479531765	-1298
5.24806308746	-1298
5.24817705154	543
5.24831604958	543
5.25356507301	-1298
5.25364613533	-1298
5.25436806679	-1298
5.25443506241	543
5.26041102409	-1298
5.26049804688	-1298
5.27004122734	-1298
5.27005815506	-1298
5.27036118507	-1298
5.27192807198	-1420
5.27196621895	-1176
5.27207016945	-1298
5.27467417717	-1420
5.27468109131	-1176
5.27483701706	-1298
5.27531123161	-1298
5.27539205551	-1298
5.27912807465	-1298
5.27918815613	-1298
5.27924323082	-1298
5.28121519089	-1298
5.28130316734	-1298
5.2814040184	-1298
5.28187203407	-1298
5.28198122978	-1298
5.28265810013	-1298
5.28288507462	-1298
5.28304219246	543
5.28317904472	543
5.30111503601	-1420
5.30114102364	-1176
5.30698418617	-1420
5.30699014664	-1176
5.30705213547	-1298
5.30716514587	-1298
5.3078250885	-1420
5.30783009529	-1176
5.31724715233	-1420
5.31726002693	-1420
5.31732606888	-1054
5.31732916832	-1298
5.33629107475	-737
5.46623802185	-543
5.46646714211	-1420
5.46647119522	-1176
5.46657800674	-1298
5.46701216698	-1298
5.46734309196	-1420
5.4673871994	-1420
5.46738910675	-1054
5.4676361084	-1420
5.46764016151	-1176
5.46777510643	-1298
5.46785616875	-1298
5.46795916557	-1298
5.46829819679	-1298
5.46841001511	-1298
5.46855306625	-1298
5.46864914894	-1298
5.47352004051	-1298
5.47361803055	-1420
5.47362208366	-1176
5.47404718399	-1298
5.47411203384	-1298
5.47419404984	543
5.4753010273	-1298
5.47658419609	-1298
5.48765516281	-1298
5.49695706367	-1420
5.49702310562	-1176
5.49702715874	-1298
5.5078701973	-1420
5.50788021088	-1176
5.50795507431	-1298
5.50834417343	-1298
5.50967407227	-1298
5.50979399681	-1298
5.5098490715	-1298
5.51002216339	-1298
5.51192903519	-1420
5.5119330883	-1176
5.51210808754	543
5.51359510422	-1298
5.51369810104	-1298
5.51389217377	-1298
5.51389718056	-1298
5.51485109329	-1298
5.51496005058	-1298
5.51509714127	-1298
5.53892421722	-1420
5.53895807266	-1176
5.53906321526	-1298
5.53924107552	-1298
5.53924608231	-1298
5.53938317299	-1298
5.53944015503	543
5.55181002617	-1420
5.5518181324	-1176
5.55199313164	-1298
5.55333614349	-1298
5.55343413353	-1298
5.5535171032	-1298
5.55375599861	-1298
5.55489611626	-1298
5.55493712425	-1298
5.55510807037	-1298
5.55670905113	-1298
5.55676722527	-1298
5.55692005157	-1298
5.56188011169	-1298
5.56193113327	-1298
5.56236505508	-1298
5.58899903297	-1298
5.58956718445	-1298
5.58998417854	-1298
5.59004020691	-1298
5.59014320374	-1420
5.59014701843	-662
5.59974122047	1057
5.60451722145	-1298
5.60466003418	-1298
5.60499715805	-1298
5.60509705544	-1298
5.60519719124	-1298
5.60530400276	-1298
5.60627222061	-1420
5.60627603531	-1176
5.60634922981	-1298
5.60801911354	-1298
5.60814213753	-1298
5.60827517509	-1298
5.62045121193	-1420
5.62047410011	-1176
5.62062621117	-1298
5.63382411003	-1420
5.63391900063	-1176
5.63392210007	-1298
5.64289402962	-1298
5.64290213585	-1420
5.64295601845	-1176
5.64304304123	-1298
5.64970016479	543
5.66024708748	-1420
5.66025519371	-1176
5.66033601761	-1298
5.6682062149	-1420
5.66824913025	-1176
5.66831707954	-1298
5.67784714699	-1420
5.67785310745	-1176
5.67790317535	-1298
5.67809104919	-1298
5.67839717865	-1298
5.67845511436	-1298
5.67860507965	-1298
5.68078303337	-1420
5.68082523346	-1420
5.68082809448	-1054
5.68098521233	543
5.68187904358	-1298
5.68378710747	-1298
5.68386006355	-1298
5.68395209312	-1298
5.68683815002	-1298
5.68685102463	-1298
5.68688511848	-1298
5.6876680851	-1298
5.68775606155	-1298
5.6878452301	-1298
5.68795609474	-1298
5.70127010345	-1420
5.70132422447	-1176
5.70140314102	-1298
5.71084618568	-1420
5.71086215973	-1420
5.71091508865	-1054
5.71299815178	-644
5.71358418465	-1298
5.71366500854	-1298
5.715747118	543
5.72408103943	-1420
5.72410202026	-1176
5.7241961956	-1298
5.72430300713	-1298
5.72441720963	-1298
5.72453117371	-1298
5.72605800629	-1298
5.72617602348	-1298
5.72825312614	-1420
5.72825813293	-1176
5.73062205315	-1298
5.73075604439	-1420
5.73077607155	-1176
5.73222017288	-1298
5.73232507706	-1298
5.73241114616	543
5.73246622086	-1298
5.73765015602	-1420
5.73769617081	-1176
5.73779010773	-1298
5.75190806389	-1298
5.75222015381	-1420
5.75226521492	-1176
5.75340604782	-1298
5.75353813171	-1298
5.75359511375	-1298
5.75369715691	-1298
5.75966000557	543
5.7747862339	-1420
5.77479815483	-1176
5.77483916283	-1298
5.77563309669	-1298
5.77573013306	-1298
5.77581906319	-1298
5.77676701546	-1298
5.77729701996	-1298
5.77738308907	-1298
5.77759814262	-1298
5.77860617638	-1298
5.77870202065	-1298
5.77885317802	-1298
5.77890920639	-1298
5.77906012535	-1298
5.77916717529	-1298
5.7806661129	-1298
5.7807559967	-1298
5.78086400032	-1298
5.78152418137	-1298
5.78508806229	-1420
5.78509306908	-1176
5.78520607948	543
5.80067014694	-1420
5.80068302155	-1176
5.80083417892	-1298
5.80090904236	-1298
5.8010430336	-1298
5.80112600327	-1298
5.80124902725	-1298
5.80127120018	543
5.81144618988	-1420
5.81145119667	-1176
5.81161117554	-1298
5.8119931221	-1298
5.81210517883	543
5.82215213776	-1420
5.82216405869	-1176
5.82292914391	-1298
5.82300806046	-1298
5.82323408127	-1420
5.82323813438	-1176
5.82561016083	-1420
5.8256251812	-1176
5.82581400871	-1298
5.82661318779	-1298
5.82670617104	-1298
5.82682204247	-1298
5.82802820206	-1298
5.82812213898	-1298
5.82825803757	-1298
5.83422708511	-1420
5.83425521851	-1176
5.83463406563	-1298
5.83646011353	-1136
5.83658719063	543
5.83913207054	543
5.84584212303	-1420
5.8458571434	-1176
5.84606313705	-1298
5.84791016579	-1420
5.84793806076	-1176
5.84803104401	-1298
5.84897422791	-1298
5.84916210175	-1420
5.84918999672	-1176
5.85030817986	543
5.85717320442	-1298
5.85732722282	-1298
5.85747218132	-1298
5.86938619614	-1420
5.86943817139	-1176
5.86960101128	-1298
5.8696231842	-1298
5.8698720932	-1298
5.87014603615	-1298
5.95934319496	-172
5.96042704582	543
6.2136080265	-543
6.35671210289	-543
6.36249303818	543
6.48634815216	-543
6.65020608902	-543
6.65079712868	543
6.7743241787	-543
6.93752813339	-1086
6.93827605247	543
7.06163907051	-1086
7.23448705673	-543
7.23465704918	543
7.27226805687	-1420
7.27228403091	-1176
7.28833723068	-1298
7.34143519402	-1420
7.34150505066	-1176
7.34154200554	-1298
7.36080908775	-38
7.37248206139	-1420
7.37249517441	-1176
7.37255311012	-1298
7.48494100571	-819
7.52105903625	543
7.95364999771	-543
7.99078416824	-1420
7.99085903168	-1176
8.00471711159	-1298
8.06739902496	-1298
8.06741809845	-1298
8.06747317314	-1298
8.1156001091	-38
8.11583900452	543
8.14698600769	-1298
8.24011421204	-302
8.63206219673	-543
10.5024790764	-543
11.5817520618	-543
