0	-543
2.96072912216	543
3.11221003532	-543
3.12376213074	543
3.3103260994	-543
3.32662200928	543
3.46863603592	-543
3.46881198883	543
3.67126607895	-1420
3.67128610611	-1420
3.6713449955	-787
3.67893314362	-1420
3.67900204659	-1420
3.6790060997	-1264
3.68262910843	-1420
3.68265295029	-1316
3.68271112442	-1368
3.70067000389	543
3.75422692299	543
3.79887914658	-1420
3.7988910675	-1311
3.92644500732	-543
3.92662715912	543
3.9341981411	1460
3.93426513672	625
4.06222605705	-543
4.08971309662	-1420
4.08978295326	-1316
4.09037303925	-1368
4.09047102928	-1420
4.09047412872	-1316
4.09084105492	-1420
4.09084606171	-1420
4.0908780098	-1264
4.09405112267	-1420
4.09412312508	-1420
4.09412813187	-1264
4.09576892853	-1420
4.09577703476	-1420
4.09582209587	-1264
4.09712409973	-1420
4.09716510773	-1316
4.10366797447	543
4.19022011757	-1420
4.19023704529	-1169
4.19043707848	543
4.28258895874	-1368
4.28614211082	-1420
4.286206007	-1420
4.28621101379	-1264
4.28806614876	543
4.29460000992	-1420
4.29463005066	-1420
4.29471993446	-1264
4.2958509922	-1420
4.29587697983	-1316
4.30541801453	-1368
4.30594110489	-1420
4.30594611168	-1316
4.30622315407	-1420
4.30622792244	-1420
4.30629014969	-1264
4.30633211136	-1368
4.30656695366	-1420
4.30657196045	-1316
4.30672192574	-1420
4.30672597885	-1316
4.30697703362	-1368
4.30698108673	-1420
4.30702209473	-1316
4.3071000576	543
4.31542301178	-1420
4.31543111801	-1316
4.31635808945	-1420
4.31636309624	-1316
4.31648492813	-1368
4.31761002541	-341
4.44521903992	-543
4.6125600338	-1057
4.83479809761	-1420
4.83486604691	-151
4.90018606186	-1420
4.90025615692	-1316
4.90546393394	-1420
4.9054980278	-1420
4.90551710129	-1264
4.91193199158	-1420
4.91198396683	-1316
4.91214108467	543
4.91359400749	-1420
4.91360902786	-1420
4.91363692284	-1264
4.91424012184	-1420
4.91427397728	-1316
4.91434907913	543
4.91549992561	-1420
4.9155049324	-1420
4.91554903984	-1264
4.91842293739	-1420
4.91846013069	-1420
4.91846299171	-1420
4.91849112511	-1212
4.91849303246	-1368
4.92554998398	-1420
4.92556214333	-1316
4.93164300919	-543
4.96508812904	-1063
4.9656920433	1460
4.96575593948	1460
4.96580195427	1161
4.96590805054	1117
4.98382806778	1057
5.00373411179	543
5.00427699089	543
5.00468397141	543
5.00506711006	543
5.13373613358	-1420
5.1337621212	-1420
5.13382196426	-787
5.13666701317	-1420
5.13671708107	-1316
5.1369099617	-1368
5.13703608513	-1420
5.13704013824	-1420
5.13708114624	-1264
5.13835215569	-1368
5.13843393326	-1420
5.1384370327	-1420
5.13847994804	-1264
5.14305305481	-1420
5.14310097694	-1316
5.14619898796	-1420
5.14624595642	-1420
5.14624905586	-1264
5.14930701256	-1420
5.14931106567	-1420
5.14935302734	-1264
5.14965510368	-1420
5.14970111847	-1420
5.14970397949	-1264
5.14982199669	1057
5.14987301826	-1420
5.14987492561	-1316
5.1507101059	-1420
5.15071606636	-1420
5.15075993538	-1264
5.15388894081	-1420
5.15393805504	-1420
5.15394115448	-1420
5.15397810936	-1212
5.15426707268	543
5.15467715263	-1368
5.15480399132	543
5.15496706963	-1420
5.15497112274	-1420
5.15500092506	-1420
5.15500402451	-1212
5.15513300896	543
5.15539193153	1460
5.15544915199	1139
5.15599703789	-1420
5.15600204468	-1420
5.15602207184	-1264
5.15906715393	-1420
5.15910100937	-1316
5.15918207169	543
5.16265010834	-1368
5.16277694702	543
5.16363310814	-1420
5.1636390686	-1420
5.16368508339	-1264
5.1637699604	543
5.16410112381	-1420
5.16410708427	-1420
5.16415095329	-1264
5.16421699524	543
5.16458892822	-1368
5.16476106644	-1420
5.16480708122	-1316
5.16493415833	-1420
5.16500401497	-1316
5.16501498222	-1368
5.16521811485	-1368
5.16529107094	1460
5.16533613205	1139
5.16586709023	1460
5.16591715813	1139
5.16766500473	-1420
5.16767001152	-1420
5.16771197319	-1264
5.16881608963	-1420
5.16886711121	-1316
5.16908097267	543
5.19384002686	1460
5.19391798973	111
5.19413805008	1460
5.19419193268	111
5.21372413635	1460
5.21378612518	111
5.23366594315	543
5.23387408257	543
5.23407411575	1460
5.23412704468	111
5.2343211174	1460
5.23437714577	111
5.23456096649	1460
5.2346060276	111
5.25068998337	1460
5.25076913834	111
5.26143503189	-1420
5.26144194603	-1420
5.26148295403	-1420
5.26148605347	-1212
5.26191711426	-1420
5.26191997528	-1316
5.26440310478	-1420
5.26441812515	-1420
5.26446413994	-1420
5.26446604729	-1212
5.26469707489	-1420
5.26470208168	-1420
5.26474094391	-1420
5.26474404335	-1212
5.26494908333	-1368
5.26504397392	-1368
5.26596903801	-1420
5.26597499847	-1420
5.26602196693	-1264
5.26602506638	-1368
5.26617193222	-1420
5.26617598534	-1316
5.26630711555	-1420
5.26631093025	-1316
5.26646995544	-1420
5.26647400856	-1316
5.26657509804	543
5.26671695709	543
5.26683115959	543
5.27080392838	-1420
5.27081012726	-1420
5.27086114883	-1264
5.27086305618	-1368
5.27114295959	1460
5.27119207382	1139
5.2739470005	-1420
5.27395200729	-1420
5.27400398254	-1264
5.27400708199	-1420
5.27404308319	-1316
5.27414107323	-1368
5.27678203583	-309
5.27687215805	543
5.27692699432	-1420
5.27693009377	-1316
5.27703094482	-1420
5.27703309059	-1316
5.277146101	543
5.27730202675	-1420
5.27730607986	-1420
5.27735614777	-1264
5.2774169445	-1420
5.2774579525	-1420
5.27746009827	-1264
5.27758193016	-1420
5.2775850296	-1420
5.27762508392	-1264
5.27762699127	-1368
5.27785015106	1460
5.27789902687	111
5.27838301659	-1420
5.27838802338	-1420
5.27842903137	-1264
5.27846693993	-1420
5.27848696709	-1420
5.27848911285	-1264
5.2814950943	-1420
5.28150010109	-1420
5.28154206276	-1264
5.28154397011	-1368
5.28163409233	-1420
5.28165507317	-1316
5.28169512749	-1368
5.28174114227	-1368
5.28183293343	543
5.28271913528	-1420
5.28272509575	-1420
5.28276896477	-498
5.28285503387	-1420
5.28289604187	-1420
5.28289914131	-1264
5.28293609619	-1368
5.2833070755	-1420
5.28333115578	-1316
5.28358507156	-1420
5.28360915184	-1316
5.28361105919	-1368
5.28370904922	1057
5.28395915031	-1420
5.28396296501	-1420
5.28398513794	-1264
5.28398704529	-1420
5.28400397301	-1316
5.2867770195	-1420
5.28682494164	-1420
5.28682804108	-1420
5.28688502312	-1212
5.29128813744	-1420
5.29133701324	-1420
5.29134106636	-1420
5.29137802124	-1212
5.29146003723	-1368
5.32134699821	-1420
5.32135605812	-1316
5.32154512405	-1420
5.32154893875	-1316
5.32168412209	543
5.32355093956	-1420
5.32355904579	-1420
5.32364296913	-1264
5.32364606857	-1420
5.32369613647	-1420
5.32369804382	-1264
5.3242380619	-1420
5.3242430687	-1420
5.32428598404	-1264
5.32646894455	-1420
5.32651615143	-1420
5.32651901245	-1264
5.32952213287	-1420
5.32953310013	-1316
5.32965302467	-1420
5.32965612411	-1420
5.32969808578	-1264
5.3313729763	-1420
5.33142900467	-1420
5.33143210411	-1264
5.33147406578	-1368
5.3333940506	-1420
5.33344292641	-1420
5.33344602585	-1264
5.33441209793	-1420
5.33441710472	-1316
5.33445715904	-1368
5.33458900452	543
5.33760404587	-1420
5.33761000633	-1316
5.3440489769	543
5.38926100731	-1420
5.38927412033	-1420
5.38940000534	-1264
5.38940310478	-1420
5.38944411278	-1316
5.3894469738	-1420
5.38949012756	-1420
5.38949203491	-1264
5.38979697227	-1420
5.3898100853	-1420
5.38985800743	-1420
5.38986110687	-1212
5.38998794556	543
5.3919839859	-1420
5.39199113846	-1420
5.39202594757	-1420
5.39202809334	-1212
5.39218902588	-1420
5.39219403267	-1316
5.39231514931	-1420
5.39231801033	-1316
5.39240312576	-1420
5.39240598679	-1420
5.39243292809	-1264
5.3925549984	-1368
5.39268493652	543
5.39293193817	-1420
5.39293694496	-1316
5.39358711243	-1420
5.3936009407	-1316
5.39362311363	-1420
5.39362597466	-1420
5.39365911484	-1420
5.39366102219	-1212
5.39368009567	-1420
5.39368414879	-1316
5.3938190937	-1420
5.39382314682	-1420
5.39386200905	-1188
5.3939371109	543
5.39404511452	-1368
5.39429807663	-1420
5.39434099197	-1420
5.39434409142	-1264
5.39443802834	-1420
5.39444112778	-1316
5.39453601837	-1420
5.39454007149	-1316
5.39461708069	-1420
5.39461994171	-1316
5.3947660923	-1420
5.39477014542	-1420
5.39480900764	-1264
5.39484095573	-1368
5.39516401291	543
5.39841008186	-1420
5.39841508865	-1420
5.39847803116	-1264
5.39847993851	-1368
5.39860510826	-1420
5.39860796928	-1316
5.40156912804	-1420
5.40158200264	-1420
5.40162205696	-1264
5.4016251564	-1368
5.40174198151	-1420
5.40174508095	-1316
5.4018471241	-1420
5.40184903145	-1420
5.40188598633	-1264
5.4018881321	-1420
5.40192294121	-1316
5.4021229744	-1368
5.40296006203	543
5.40448307991	-1420
5.40448999405	-1420
5.4045290947	-1264
5.40453195572	-1368
5.40462303162	-1420
5.40462613106	-1420
5.40472507477	-1264
5.40472698212	-1368
5.40478110313	-1420
5.40478396416	-1316
5.4048769474	-1420
5.40488004684	-1316
5.40499901772	-1420
5.40500211716	-1420
5.40505099297	-1264
5.40510416031	-1420
5.40512394905	-1316
5.40515208244	-1420
5.40516996384	-1316
5.40528512001	-1420
5.40532493591	-1316
5.40541505814	-1420
5.40545415878	-1316
5.40545701981	-1368
5.40552711487	-1368
5.40578508377	-1420
5.40578913689	-1316
5.40585613251	-1420
5.40585899353	-1316
5.40601706505	-1420
5.40601992607	-1316
5.40604996681	-1420
5.40605306625	-1316
5.40629601479	-1420
5.4063000679	-1420
5.40630102158	-1264
5.40636301041	-1420
5.40636515617	-1420
5.40636610985	-1264
5.4065310955	543
5.40660405159	-1420
5.40660500526	-1316
5.40674805641	-1420
5.40675115585	-1420
5.40675210953	-1264
5.40682506561	-1368
5.40687394142	543
5.40721893311	543
5.40919613838	543
5.40921711922	-1420
5.40922307968	-1316
5.40924215317	-1368
5.40934109688	-1420
5.40942001343	-1420
5.40942311287	-1264
5.40946006775	-1420
5.40946292877	-1316
5.40954899788	-1420
5.40955209732	-1420
5.40959215164	-1264
5.40959501266	-1368
5.40964913368	-1420
5.40965199471	-1420
5.40969014168	-1264
5.41059398651	-1420
5.41063904762	-1420
5.41064310074	-1264
5.41071414948	-1420
5.41071605682	-1420
5.41075396538	-1264
5.41084504128	-1420
5.41088294983	-1316
5.41119599342	-1420
5.4112341404	-1420
5.41123700142	-1264
5.41130614281	-1420
5.41130900383	-1420
5.4113099575	-1264
5.41136097908	-1420
5.41136407852	-1316
5.41147899628	-1420
5.41148114204	-1420
5.41148209572	-1264
5.41151094437	-1420
5.41151309013	-1316
5.41171693802	-1420
5.41172003746	-1316
5.41175913811	-1368
5.41184592247	-1420
5.41184902191	-1420
5.41184997559	-1264
5.41216802597	-1420
5.41217112541	-1420
5.41217207909	-1264
5.41228604317	-1420
5.41228795052	-1420
5.41229009628	-1264
5.41445207596	-1420
5.41445612907	-1420
5.41445708275	-1105
5.41447806358	-1368
5.41458201408	-1420
5.4145860672	-1420
5.41458702087	-1264
5.41471195221	-1368
5.41489601135	543
5.41503500938	543
5.41521596909	543
5.41646313667	-1420
5.41647005081	-1316
5.41655492783	543
5.41917800903	-1420
5.41918301582	-1420
5.41920614243	-1264
5.41930508614	-1368
5.41932606697	-1420
5.41932797432	-1316
5.42101693153	-1420
5.42102098465	-1420
5.4210600853	-1264
5.42380094528	-1368
5.44933104515	-1420
5.44934105873	-1420
5.44939398766	-1264
5.44939613342	-1420
5.44943094254	-1420
5.44943404198	-1264
5.44961309433	543
5.45146393776	-1420
5.45147013664	-1420
5.45152306557	-1420
5.45152592659	-1420
5.45158410072	-1420
5.451597929	-1420
5.45164513588	-1056
5.45164704323	-1368
5.45168399811	-1420
5.45168614388	-1420
5.45172095299	-1264
5.45172309875	-1368
5.45184803009	-1420
5.45185995102	-1420
5.45190000534	-1264
5.45190215111	-1368
5.45199203491	-1420
5.45199513435	-1316
5.45212006569	543
5.45240592957	543
5.4532020092	-1420
5.45320701599	-1316
5.45421409607	-1420
5.45423698425	-1420
5.45433402061	-1264
5.45433712006	-1368
5.45437812805	-1420
5.4543800354	-1316
5.45721101761	-1420
5.45722603798	-1316
5.45757102966	-1420
5.45757603645	-1316
5.45761704445	-1420
5.4576189518	-1316
5.45768713951	-1420
5.45769000053	-1420
5.45772600174	-1264
5.45785498619	1057
5.45897197723	-1420
5.4589779377	-1420
5.45902395248	-1264
5.45919895172	-408
5.45933794975	-1420
5.45934295654	-1420
5.45938515663	-1264
5.46097302437	-1420
5.46099996567	-1316
5.46112298965	-1420
5.46116614342	-1420
5.46116900444	-1264
5.46120810509	-1368
5.46199011803	-1420
5.46201515198	-1316
5.46231603622	-1420
5.46236014366	-1420
5.46236300468	-1264
5.46240115166	-1368
5.46247005463	543
5.46517014503	-1420
5.46517515182	-1316
5.46524596214	-1420
5.46524810791	-1316
5.46532702446	-1420
5.4653301239	-1316
5.51007914543	543
5.51909303665	-1420
5.51910114288	-1420
5.51914811134	-1420
5.51915001869	-1212
5.51918697357	-1420
5.51919102669	-1316
5.52107906342	-1420
5.52110099792	-1420
5.52116298676	-1264
5.52116513252	-1420
5.52121305466	-1420
5.52121496201	-1264
5.52135705948	543
5.52148604393	543
5.52348995209	-1420
5.52349615097	-1420
5.52357411385	-1264
5.52357697487	-1420
5.52365994453	-1420
5.5236620903	-1264
5.52370095253	-1368
5.52370405197	-1420
5.5237390995	-1420
5.52374100685	-1264
5.52378702164	-1368
5.52632594109	-1420
5.52637195587	-1316
5.52649211884	-1420
5.52653408051	-1316
5.52677512169	-1420
5.5267970562	-1420
5.52680802345	-1420
5.52682495117	-1212
5.52903604507	-1420
5.52910995483	-1420
5.52911305428	-570
5.52918195724	-1420
5.52918505669	-1316
5.52922201157	-1420
5.52922415733	-1420
5.5292699337	-1264
5.52930808067	-1420
5.52935910225	-1420
5.52936196327	-1264
5.53118109703	-1420
5.5311870575	-1420
5.53122806549	-1264
5.53122997284	-1368
5.53382992744	-1420
5.53383612633	-1420
5.53389811516	-1420
5.53391909599	-1212
5.53398299217	-1420
5.53398609161	-1420
5.53403115273	-1264
5.53403306007	-1420
5.53406906128	-1420
5.53407096863	-1264
5.53410696983	-1368
5.5341091156	-1368
5.53425002098	543
5.53438305855	543
5.53454613686	543
5.53584909439	-1420
5.53585410118	-1420
5.53589701653	-1264
5.53594613075	-1420
5.53596711159	-1316
5.53607201576	-1420
5.53611302376	-1420
5.53611493111	-1420
5.5361521244	-367
5.53618311882	-1420
5.53620100021	-1420
5.53620314598	-1264
5.53630900383	-1420
5.53631210327	-1316
5.53866195679	-1420
5.53866910934	-1420
5.53873705864	-1264
5.53874015808	-1368
5.53945803642	-1420
5.53946304321	-1420
5.53950715065	-1264
5.54680204391	-1368
5.54755997658	-1420
5.54756593704	-1316
5.54820609093	-1420
5.54821300507	-1420
5.54825806618	-1420
5.5482609272	-1212
5.55047512054	-1420
5.55048108101	-1420
5.55052709579	-1264
5.5506169796	543
5.55230212212	-1420
5.55230712891	-1420
5.55233693123	-1264
5.5555460453	-1368
5.55571508408	543
5.55823493004	-1368
5.57115602493	-1420
5.57121396065	-1420
5.57121801376	-1264
5.57927393913	-1420
5.57928299904	-1420
5.57934999466	-1264
5.5793530941	-1420
5.57939195633	-1316
5.57952809334	543
5.5813729763	-1420
5.58138203621	-1316
5.58271408081	-1420
5.58272004128	-1420
5.58276510239	-1264
5.58389401436	-1420
5.58394408226	-1420
5.58394694328	-1264
5.58607602119	-1420
5.58608198166	-1420
5.5861260891	-1264
5.58990097046	-1420
5.58995103836	-1420
5.5899541378	-1264
5.59538912773	-1420
5.5954041481	-1316
5.5956799984	543
5.60690999031	-1420
5.60691714287	-1316
5.61445403099	-1420
5.6144630909	-1420
5.61451101303	-1264
5.61460804939	543
5.61509394646	-1420
5.61509895325	-1420
5.61514496803	-1264
5.61582398415	-1420
5.61587905884	-1420
5.61588096619	-1420
5.61592006683	-1212
5.6159889698	543
5.61827301979	-1420
5.61827898026	-1420
5.61837697029	-1264
5.61838006973	-1420
5.6184220314	-1316
5.61861395836	-1420
5.61864495277	-1420
5.61864805222	-1264
5.61866807938	-1368
5.61950016022	-1368
5.65420913696	-1368
5.66397714615	-962
5.66427302361	543
5.72871613503	-1368
5.7468111515	-1368
5.74711894989	543
5.79154610634	-435
5.87976908684	-1420
5.87982010841	-1316
5.88004994392	543
5.93850398064	-920
5.93888306618	543
6.00759100914	-1368
6.01069808006	-1368
6.01130604744	-1420
6.0113120079	-1316
6.01680994034	-1420
6.0168170929	-1420
6.01686692238	-1264
6.01769804955	-1420
6.01773095131	-1316
6.01781010628	543
6.05062007904	543
6.06627893448	-1255
6.12141895294	-1368
6.12559199333	-1368
6.13587713242	-1368
6.19402098656	-609
6.19677996635	543
6.20503401756	543
6.32182502747	-1057
6.48941206932	-543
6.61723303795	-543
6.61743211746	543
6.83211994171	-543
6.99939608574	-543
7.00042796135	543
7.0132060051	-543
7.16448998451	-1420
7.16450715065	-1420
7.16457605362	-787
7.16473412514	543
7.17131114006	-1420
7.17132616043	-1316
7.17148709297	-1368
7.17621803284	-1420
7.17629098892	-1316
7.1763689518	-1368
7.29214906693	-1189
7.333974123	1057
7.59630799294	-1057
7.6018140316	543
7.7705180645	-543
7.77071714401	543
7.94781804085	-1420
7.94783496857	-151
7.96323204041	-1368
8.07553911209	-1231
8.07763504982	543
8.08374094963	543
8.24885010719	-543
8.73900008202	-1057
8.74017906189	543
8.92371201515	-1057
8.93828606606	543
9.1559510231	-1420
9.15597915649	-1420
9.15605711937	-787
9.15636205673	-1420
9.15641212463	-1316
9.15660095215	-1368
9.17368912697	-1368
9.28343200684	-783
11.1032719612	543
