0	-543
1.48774290085	543
1.68593001366	-543
1.68931603432	543
1.8751540184	-1420
1.87517595291	-1420
1.87521195412	-787
1.88749694824	-1420
1.88755893707	-1316
1.88793706894	-1368
1.8889169693	-1420
1.88892292976	-1420
1.88897299767	-1264
1.90780496597	-1368
1.92266392708	543
1.96487402916	543
1.96530890465	543
1.96565699577	543
1.9921810627	-1420
1.99220299721	-1420
1.99227595329	-1264
1.99227905273	-1420
1.99231600761	-1420
1.99232006073	-1264
2.00428295135	-1420
2.00430011749	-1420
2.00435590744	-1420
2.00435805321	-1212
2.0057311058	-1420
2.00573706627	-1316
2.00579190254	-1055
2.00588798523	543
2.00732111931	543
2.16477704048	-543
2.16866493225	543
2.16982793808	1057
2.28467106819	-1368
2.28981089592	-261
2.29006195068	543
2.29024291039	543
2.29035711288	543
2.40693211555	-543
2.43088006973	-1420
2.43093705177	-1316
2.46294593811	-1368
2.46312594414	543
2.52362799644	-580
2.53058409691	-1420
2.53064107895	-1316
2.53597998619	-1420
2.53602194786	-1316
2.57698893547	-1420
2.57701611519	-1316
2.58969688416	-1420
2.58971190453	-1316
2.58977508545	-1368
2.5900220871	-1420
2.59002590179	-1316
2.59035801888	543
2.59958195686	-1368
2.60210204124	-1420
2.60215592384	-1420
2.60215902328	-1264
2.60283899307	543
2.6061270237	-1420
2.60613703728	-1316
2.61755204201	-1420
2.61756205559	-1420
2.6176199913	-1264
2.6194961071	-1420
2.61953496933	-1316
2.6222910881	-1420
2.62232804298	-1316
2.62233090401	-1368
2.62684702873	543
2.62725400925	543
2.63054990768	-1420
2.63055491447	-1316
2.63312697411	-1368
2.63418889046	-1420
2.63422894478	-1316
2.64058709145	-1368
2.64073204994	-1261
2.67943191528	543
2.79725599289	-1086
2.80864310265	543
2.80943608284	1057
2.85159611702	-1420
2.85161399841	-1420
2.85166811943	-1264
2.85167098045	-1420
2.85170602798	-1420
2.85170888901	-1264
2.85366201401	543
2.85619902611	-1420
2.85620594025	-1420
2.85625100136	-1264
2.85935091972	543
2.87284803391	-1420
2.8728659153	-1420
2.87291097641	-1264
2.87442994118	-1420
2.87447500229	-1316
2.88229393959	-1420
2.8823530674	-1420
2.8823568821	-1264
2.8823928833	-1420
2.88239502907	-1316
2.8849670887	-1368
2.88762593269	-1420
2.88766908646	-1420
2.8876709938	-1264
2.88990688324	-1420
2.88991093636	-1316
2.89022493362	-1368
2.89031195641	543
2.89623188972	-1368
2.89919900894	-1420
2.8992331028	-1420
2.89923596382	-1264
2.9051399231	-1420
2.90514492989	-1420
2.90518593788	-1264
2.90953207016	-1420
2.90958309174	-1420
2.90958595276	-1264
2.91332697868	-1420
2.9133310318	-1420
2.91337800026	-1264
2.91430902481	-315
2.91930603981	543
2.91936206818	543
2.9237139225	-1420
2.92371892929	-1316
2.9238409996	-1368
2.92434000969	-1420
2.92437791824	-1420
2.92438006401	-1264
2.93126511574	-1420
2.93126988411	-1420
2.93130898476	-1264
2.93146109581	543
2.93156504631	543
2.93432497978	-1368
2.93812704086	-1368
2.9407119751	-1420
2.94071602821	-1420
2.94075608253	-1264
2.94159007072	-1420
2.94163608551	-1316
2.95873594284	-1368
2.95878195763	-1420
2.95878601074	-1420
2.95882892609	-1264
2.95979094505	-1420
2.95984005928	-1420
2.95984196663	-1264
2.9602329731	-1420
2.96023607254	-1316
2.96842908859	-1420
2.96843695641	-1420
2.96847295761	-1420
2.96847510338	-1212
2.96856594086	543
2.97551488876	-1420
2.9755179882	-1420
2.97555589676	-1264
2.97646808624	-1368
2.97706508636	-1420
2.97706890106	-1316
2.97991895676	-1420
2.97992300987	-1420
2.97996211052	-1264
2.98038291931	-1420
2.98042106628	-1420
2.98042297363	-1264
2.99170088768	-1368
2.99191808701	-1420
2.99197101593	-1420
2.99197411537	-1264
2.99204111099	543
2.99220108986	543
2.99640989304	-1420
2.99641704559	-1316
3.00116801262	-1420
3.00118303299	-1420
3.00123310089	-1264
3.00464606285	-1420
3.00468707085	-1316
3.00909805298	-1420
3.00913906097	-1420
3.00914406776	-1264
3.01562309265	-1420
3.01562905312	-1420
3.01566791534	-1264
3.02192306519	-1420
3.02198696136	-1316
3.02199101448	-1368
3.02851295471	-1420
3.02852201462	-1420
3.02857303619	-1264
3.02869009972	543
3.03091096878	-1420
3.03091597557	-1316
3.0309650898	-1368
3.04024410248	-511
3.04512691498	-1420
3.04513192177	-1316
3.04518294334	-1368
3.04950690269	-1420
3.04955506325	-1420
3.04955792427	-1264
3.05083107948	-1420
3.05083489418	-1316
3.05288100243	-1420
3.05288600922	-1316
3.05990505219	-1420
3.05991101265	-1420
3.05995106697	-1264
3.06657791138	543
3.06704497337	-1420
3.06705093384	-1420
3.06710100174	-1264
3.07306909561	-1368
3.07325291634	-1420
3.07325696945	-1316
3.07484292984	-1368
3.07965803146	-1420
3.07968902588	-1316
3.10591888428	-1420
3.10597109795	-1316
3.1222679615	543
3.12441301346	543
3.13754010201	543
3.13864588737	-1420
3.13865208626	-1420
3.1386950016	-1264
3.13938498497	-1368
3.14072299004	-1368
3.14077997208	-1368
3.14091396332	-1420
3.14091706276	-1316
3.1409599781	-1368
3.14319491386	-1368
3.14969110489	543
3.15420889854	-1420
3.15422296524	-1420
3.15426206589	-1264
3.15698003769	-394
3.15932202339	543
3.17396306992	-1420
3.17397809029	-1316
3.2908411026	-377
3.3647749424	-1368
3.43911910057	-1420
3.43919610977	-1316
3.43966698647	543
3.44767689705	-1094
3.45402693748	543
3.47934007645	-1368
3.49995493889	543
3.56470990181	-543
3.57985091209	-543
3.5962729454	-1289
3.60497307777	543
3.60522198677	543
3.60533809662	543
3.61436200142	-1420
3.61436891556	-1316
3.72241091728	-377
3.79374408722	-1368
3.79395508766	543
3.82939004898	-1420
3.82940602303	-1420
3.82946205139	-1264
3.83152794838	543
3.8320710659	543
3.86119198799	-1420
3.86120796204	-1420
3.86127209663	-1264
3.86656308174	543
3.87735009193	543
3.87789011002	543
3.89511108398	-306
3.91657590866	543
3.96774101257	-1420
3.96780991554	-1316
3.97653889656	543
3.97893810272	543
4.0533490181	-1420
4.05336594582	-1420
4.05342793465	-1264
4.06375789642	543
4.06457209587	-443
4.18286800385	-1086
4.27790307999	-1368
4.27812004089	543
4.3508310318	-261
4.38887000084	-1368
4.39658498764	543
4.50585794449	-746
4.50775003433	543
4.5142250061	-1368
4.63474297523	-1231
4.63610696793	543
4.6588549614	-1368
4.77561211586	-717
4.7775580883	543
4.79217410088	-1368
4.82394099236	-1368
4.89240193367	-920
5.00973010063	-1057
5.02111005783	1057
5.04341292381	543
5.07525801659	-1420
5.07527399063	-1316
5.08176398277	543
5.0909910202	-1368
5.09118795395	-1420
5.09123802185	-1316
5.10736608505	-1420
5.10743093491	-1420
5.1074359417	-1420
5.10747098923	-1212
5.13818597794	-198
5.26400399208	-543
5.26755404472	543
5.35056996346	-1420
5.35059809685	-151
5.49286103249	-1420
5.49287796021	-1420
5.49293589592	-787
5.49331402779	-1420
5.49336004257	-1420
5.49336290359	-1264
5.50614309311	-1368
5.50623488426	-1420
5.50627708435	-1316
5.50665402412	543
5.53153300285	-1368
5.56674790382	543
5.60705900192	543
5.60744309425	543
5.6077671051	543
5.62260603905	-1420
5.62262511253	-1316
5.62267208099	-1420
5.62267494202	-1316
5.6229660511	-1368
5.62311005592	-1368
5.62334609032	-1368
5.62350893021	-1368
5.62362098694	-1368
5.6238090992	-1420
5.62385010719	-1316
5.62392497063	-1368
5.62399411201	543
5.63563990593	-1420
5.6356549263	-1316
5.63581490517	-1420
5.63581895828	-1420
5.63584804535	-192
5.66671705246	543
5.8293941021	-543
5.82959604263	543
5.84666204453	1057
5.91382789612	-1368
5.94455099106	-543
5.95926403999	-717
5.95954489708	1460
5.95959806442	111
6.05218100548	-1420
6.0521979332	-1316
6.0869910717	-1368
6.08700799942	-1368
6.08779501915	-240
6.09944295883	543
6.18423199654	-1420
6.18425798416	-1316
6.18431210518	-1368
6.1844201088	-1368
6.18454909325	-1368
6.19789600372	-1368
6.19795799255	-1368
6.19919610023	-1368
6.21672391891	-1023
6.22059392929	-1368
6.22071194649	-1420
6.22071409225	-1316
6.22094511986	-1368
6.22110509872	-1368
6.22119903564	-1368
6.23030495644	-1368
6.23045396805	543
6.26992702484	-1368
6.26994395256	-1368
6.2765610218	543
6.33853411674	-1420
6.33855509758	-1316
6.34582901001	-1089
6.34585595131	-1368
6.34590291977	-1368
6.34625911713	-1420
6.34630203247	-1316
6.346378088	-1368
6.34708690643	-1420
6.34710097313	-1316
6.34735703468	-1368
6.35085606575	-1420
6.3508849144	-1316
6.3509979248	-1368
6.37469601631	-1420
6.37471103668	-1316
6.37475609779	-1368
6.38106393814	-1368
6.38119506836	-1368
6.38135194778	-1368
6.38143110275	-1368
6.38200592995	-1368
6.38216710091	-1368
6.38735389709	-1368
6.3876760006	-1368
6.43960690498	-1368
6.45567202568	-1420
6.45572495461	-1316
6.4557299614	-1368
6.45581698418	-1368
6.45597600937	-1368
6.4679338932	-1368
6.46794605255	-1368
6.4747800827	-59
6.48285007477	-1368
6.48297309875	-1368
6.48314189911	-1368
6.48325109482	543
6.48399710655	-1368
6.48405909538	543
6.48409700394	-1420
6.48409891129	-1316
6.48458600044	1460
6.4846329689	1460
6.48466897011	1161
6.48474407196	1117
6.48593711853	543
6.49613308907	-1368
6.49615001678	-1420
6.4962310791	-1316
6.60414195061	-1226
6.62701702118	543
6.75585699081	-1420
6.75588393211	-1420
6.75597810745	-787
6.75598096848	-1368
6.75639200211	-1368
6.75649404526	-1368
6.76835203171	-1420
6.76836204529	-1316
6.79242801666	-1368
6.79245090485	-1368
6.79255104065	-1368
6.79274511337	-1368
6.79287004471	-1420
6.79287290573	-1316
6.79313611984	-1368
6.79324102402	-1368
6.79335999489	-1368
6.79374909401	-1420
6.79375290871	-1316
6.79394388199	-1368
6.80710601807	-1420
6.80711889267	-1316
6.82889008522	-1368
6.82916092873	-1368
6.82937908173	-1368
6.82938289642	-1368
6.82962393761	-1420
6.82962703705	-1316
6.82989311218	-1368
6.82996797562	-1368
6.83020806313	-1368
6.8339600563	543
6.84110689163	-1420
6.84111309052	-1316
6.84124207497	543
6.8412899971	-1368
6.86514496803	-1420
6.8652150631	-1316
6.86533308029	-1368
6.86551094055	-1368
6.86553907394	543
6.86565089226	-1368
6.86583399773	-1368
6.86585688591	-1368
6.86601495743	-1368
6.86609911919	-1368
6.88496899605	-1420
6.88502001762	-1316
6.88510608673	-1420
6.88514494896	-1420
6.88514709473	-1110
6.9018330574	-1368
6.90210604668	-1420
6.90215611458	-1316
6.90223908424	-1368
6.90231204033	543
6.90242004395	-1420
6.90242290497	-1316
6.90267109871	-1368
6.9144821167	-1420
6.91454601288	-1420
6.91455006599	-1264
6.93527603149	-1368
6.93529009819	-1368
6.93542003632	-1368
6.93551397324	-1368
6.93787789345	-1368
6.93800997734	-1368
6.93814206123	-1368
6.94770789146	-1368
6.98793005943	543
6.98856401443	543
7.01539707184	-997
7.01934194565	543
7.42538094521	-543
7.47176504135	-1420
7.4718439579	-1316
7.47188401222	-1420
7.47192001343	-1316
7.47538399696	-1368
7.47545289993	-1368
7.4755730629	543
7.47565102577	-1368
7.51460289955	543
7.55356907845	-277
7.55587410927	543
7.5574131012	543
7.80799603462	-1368
7.80801391602	-1420
7.80807900429	-839
7.85862088203	-1368
7.8586730957	-1368
7.89342594147	-1368
7.91865611076	543
7.91877603531	543
7.93684697151	-95
7.94711089134	543
8.00989603996	543
8.01014208794	543
8.1460750103	-1420
8.14609193802	-1179
8.14761900902	543
8.37395811081	-1420
8.37397289276	-1420
8.37402701378	-787
8.4168009758	543
8.42009997368	543
8.52080988884	543
8.56103110313	1057
8.5665910244	1460
8.56664609909	111
8.63525605202	543
8.7860660553	-1420
8.78610897064	-151
8.799077034	-1420
8.79912590981	-1316
8.82190895081	-1368
8.82196092606	-1368
8.82201600075	-1368
8.83479309082	-1420
8.83483910561	-1316
8.84713196754	-1420
8.84719705582	-1316
8.87215805054	-1420
8.87221193314	-1316
8.87307190895	-1368
8.87317991257	-1368
8.87355589867	543
8.87400507927	543
8.87436890602	543
8.88542199135	-1368
8.91385006905	543
8.91448092461	543
8.91509103775	-1420
8.91509604454	-1316
8.91515207291	-1368
8.91525697708	-1368
8.92821192741	-1420
8.92822194099	-1420
8.92827296257	-1420
8.92827510834	-791
8.92845606804	543
8.96156096458	-1420
8.96157598495	-1316
8.96163892746	-1368
8.96674108505	543
9.01112508774	543
9.02248001099	-1420
9.02248907089	-1316
9.02497196198	-543
9.03471589088	-1368
9.05375409126	-1368
9.05382204056	-1368
9.05393600464	-1368
9.05411410332	543
9.05421900749	-1368
9.05485200882	-1368
9.05521297455	-1368
9.05704498291	-1321
9.06619310379	-1420
9.06620001793	-1316
9.06636595726	-1368
9.08950304985	-1368
9.09648990631	-1368
9.10196709633	-1420
9.10201597214	-1316
9.10664510727	543
9.14008307457	-1368
9.14019203186	-1420
9.14023399353	-1316
9.14454603195	-1420
9.14461302757	-1316
9.14462709427	-1368
9.15786004066	-1368
9.16299009323	-1368
9.16308689117	-1368
9.16932892799	543
9.17683601379	543
9.17714691162	543
9.18580198288	-989
9.19668197632	543
9.2780110836	543
9.3019258976	-1368
9.3021299839	1460
9.30221104622	625
9.35575294495	-261
9.64220309258	-1420
9.64230799675	-1420
9.64234495163	-787
9.64237999916	-1368
9.65474510193	-1368
9.65479493141	-1368
9.65482211113	-1368
9.69395709038	-1420
9.69402599335	-1420
9.69406700134	-1264
9.72788500786	-1368
9.72795510292	-1368
9.72797608376	-1368
9.75307106972	-1368
9.75314903259	-1420
9.75319099426	-1316
9.75472998619	543
9.76606893539	-1368
9.77097392082	-185
9.80216789246	-1420
9.80218601227	-1316
9.82502293587	-1420
9.82503604889	-1316
9.82526111603	-1368
9.83655810356	543
9.83839988708	-1368
9.83840608597	-1368
9.83853197098	-1368
9.87463307381	-1368
9.87479400635	-1420
9.87480807304	-1316
9.87539601326	543
9.87649393082	543
9.89854502678	-1420
9.89857411385	-1316
9.89862203598	-1368
9.899310112	-612
9.91354608536	-1420
9.91356396675	-1420
9.91360807419	-1264
9.93658089638	-1368
9.97305703163	-1420
9.97308206558	-1316
9.97313308716	-1368
9.97324991226	-1368
9.97339606285	-1368
9.97353410721	-1368
9.9866809845	543
9.98719406128	543
9.98760008812	-1368
10.0222649574	-1420
10.022331953	-1420
10.0223369598	-1264
10.0242550373	543
10.0275518894	-98
10.095263958	-1368
10.0952920914	-1368
10.095607996	-1368
10.0956120491	-899
