0	543
0.409207105637	-543
0.409436941147	543
0.81795501709	-1420
0.817973136902	-1420
0.818027973175	-787
0.827246904373	-1420
0.827292919159	-1316
0.939129114151	-891
0.941359043121	543
0.942168951035	543
1.36653399467	-543
1.67967796326	-1420
1.67974710464	-1420
1.67978906631	-787
1.69376206398	-1420
1.69381403923	-1316
1.69535493851	-1368
1.69886493683	-1420
1.69890809059	-1316
1.70248007774	-1368
1.70621013641	-1368
1.78235411644	543
1.80097699165	-1420
1.80105996132	-1420
1.80110001564	-1420
1.80113506317	-1212
1.8011701107	-1420
1.80121994019	-1316
1.80147004128	543
1.80466198921	543
1.81506109238	-1420
1.81508708	-1316
1.81513690948	-1420
1.81514000893	-1316
1.81656503677	-707
1.82741498947	543
1.89153909683	-1420
1.89156794548	-1316
1.93761205673	-891
2.21379613876	-543
2.21404600143	543
2.63054704666	-1420
2.63056492805	-1420
2.63062691689	-787
2.6876950264	-1420
2.68776297569	-1316
2.743516922	-1368
2.74369812012	543
2.74624109268	543
2.74648094177	1460
2.74652600288	625
2.75139212608	-66
2.75151205063	543
2.87320709229	-543
2.87339401245	543
3.25369000435	-543
3.40352392197	-1368
3.40357613564	-203
3.45574498177	-1420
3.45579409599	-1316
3.47404408455	-1420
3.47410392761	-1420
3.47413992882	-1264
3.52618002892	-957
3.54255795479	-1368
3.63422203064	-1420
3.63428807259	-1316
3.64706110954	-609
3.66515398026	-1368
3.73306298256	-1368
3.76825404167	-920
3.79501605034	-1420
3.79503297806	-1316
3.88942098618	-377
4.0591070652	-1420
4.05912303925	-1420
4.05919003487	-273
4.16469597816	-1368
4.18025112152	-1231
4.18286013603	543
4.18308901787	1460
4.18313407898	625
4.4428050518	-1420
4.4428229332	-1179
4.44480395317	543
4.73173308372	-543
4.98712897301	-543
5.11503911018	-1420
5.1151061058	-1316
5.12212300301	-1420
5.12216997147	-1420
5.12220907211	-1264
5.14808511734	-414
5.4960129261	-1420
5.49608802795	-1420
5.49613404274	-787
5.5031940937	-1420
5.50325703621	-1420
5.50329494476	-1264
5.50481200218	-1420
5.50485491753	-1420
5.50489091873	-1264
5.5050201416	543
5.51263594627	-1368
5.61747694016	-1420
5.61755394936	-1420
5.61759996414	-1180
5.61778306961	543
5.88547897339	-1368
5.88550400734	-1420
5.88554811478	-839
5.88929390907	-1420
5.88934397697	-1316
5.88940906525	-1368
5.90054893494	-1420
5.90056204796	-1420
5.90061998367	-1264
5.90358710289	-1420
5.90363001823	-1316
5.90407299995	-1368
5.91137003899	-1420
5.91138410568	-1420
5.91143703461	-1264
5.91554713249	-1420
5.91560411453	-1316
5.91560912132	-1368
5.91709399223	543
5.92989397049	-1368
5.9307179451	-1368
6.00694394112	-1368
6.00697112083	-1420
6.00701713562	-1420
6.00701999664	-1420
6.00703692436	-1392
6.25268101692	-1420
6.25272893906	-665
6.25323700905	543
6.84941196442	-1420
6.84943008423	-1420
6.84949398041	-787
6.97062897682	-1057
7.21710395813	-1420
7.21719002724	-665
7.21770811081	543
7.77192306519	-1420
7.7719399929	-1420
7.77199411392	-787
7.78062391281	-1420
7.78068494797	-1316
7.7821199894	-1368
7.7822599411	543
7.78469705582	-1420
7.78470301628	-1316
7.78743195534	-1368
7.78751206398	543
7.79038596153	-1368
7.790391922	-1368
7.89306402206	-1420
7.89308094978	-1420
7.89312696457	-1420
7.89313006401	-1212
7.8931479454	-1420
7.89315009117	-1316
7.90186595917	-1420
7.90187311172	-1420
7.90192604065	-1420
7.90192914009	-1212
7.90382409096	-1420
7.90383005142	-1316
7.90582799911	-1420
7.90583300591	-1420
7.90587091446	-1420
7.9058740139	-1212
7.91166090965	-1420
7.91166710854	-1420
7.91171598434	-1264
7.91171908379	-1368
7.91187405586	543
7.95108103752	-1420
7.95109701157	-1316
8.01422810555	-1420
8.01424598694	-1420
8.01431012154	-1420
8.01431298256	-27
8.01435995102	-1420
8.01437091827	-1420
8.01440691948	-1420
8.01441001892	-1212
8.01444411278	-1368
8.0144469738	-1420
8.01448011398	-1420
8.01448297501	-1264
8.0147600174	543
8.02319598198	-1420
8.02320313454	-1316
8.02334213257	543
8.13525700569	-944
8.14752912521	-1420
8.14758706093	-1316
8.16147994995	-1420
8.16154813766	-1316
8.16155290604	-1368
8.16481113434	-1368
8.26848602295	-132
8.30201411247	543
8.33193707466	1460
8.33202695847	111
8.90985107422	-1420
8.90986895561	-1420
8.9099240303	-787
8.91473293304	-1420
8.9147810936	-1316
8.91553497314	-1368
9.03098106384	-609
9.22502112389	543
9.27327299118	-1420
9.27335095406	-1420
9.2733900547	-787
9.28603506088	-1368
9.2861289978	-1420
9.28615808487	-1316
9.28617596626	-1420
9.28619098663	-1316
9.28637003899	543
9.30120992661	-1420
9.3012239933	-1420
9.30127906799	-1420
9.30128192902	-1212
9.3013241291	-1420
9.30132603645	-1316
9.30150794983	-1420
9.30151295662	-1420
9.30155801773	-1264
9.31837701797	-1368
9.39421105385	-301
9.39461803436	543
9.41271305084	1057
9.63938713074	-543
9.63958311081	543
9.99252200127	-1420
9.99254107475	-1420
9.99259710312	-273
9.99316310883	543
10.1135599613	-1057
10.1831469536	-1420
10.1832139492	-1316
10.2040300369	-1420
10.2040960789	-1420
10.2041389942	-1264
10.2043139935	543
10.2774751186	-414
10.2798321247	543
10.280725956	1057
10.5715179443	-1420
10.5715351105	-1420
10.5715899467	-787
10.6427280903	-1420
10.6427900791	-1316
10.6927900314	-891
10.6932029724	543
10.8145740032	-543
11.0296881199	-543
11.267250061	-1420
11.2673110962	-151
11.2883789539	543
11.7989509106	-1420
11.7989759445	-665
15.1362199783	543
