0	543
1.81329917908	-543
3.00291800499	586
3.24593114853	-586
3.45938420296	1057
3.63736915588	-543
3.67185521126	-1420
3.67193222046	-1176
3.67208909988	543
3.68445301056	-1298
3.76263308525	-305
3.76452708244	543
3.76516509056	543
3.97851920128	-543
4.00335621834	543
4.33085012436	-543
4.45633721352	-543
4.47965621948	1057
4.67660713196	-543
4.68825006485	-1420
4.68831706047	-1420
4.68832206726	-1054
4.81354618073	-276
4.81546211243	543
4.81613612175	543
5.00208806992	-543
5.45853018761	-543
5.46067810059	-1420
5.46073007584	-1420
5.46076822281	-1054
5.47303414345	-1298
5.47310018539	-1420
5.47313714027	-1176
5.47708702087	-1420
5.47713804245	-1176
5.47845101357	-1298
5.51767611504	1057
5.51988315582	1057
5.54237413406	1057
5.58395814896	-1420
5.58397603035	-1176
5.58607411385	-1420
5.58608102798	-1420
5.5861260891	-1420
5.58612799644	-932
5.59263920784	1057
5.5986289978	-1420
5.59864521027	-1420
5.59870100021	-1054
5.59870409966	-1298
5.6018280983	543
5.6024889946	-1420
5.60249519348	-1420
5.60253810883	-1420
5.60254001617	-932
5.60385107994	-1420
5.60385608673	-1176
5.70942306519	-1420
5.70945000648	-1176
5.71159505844	-1420
5.71162009239	-1420
5.71167802811	-1420
5.71168112755	-932
5.71171808243	-1420
5.71172118187	-1176
5.72413420677	-1420
5.72415018082	-1420
5.72420716286	-1420
5.72421002388	-919
5.72483706474	543
5.74787020683	-1420
5.74788618088	-1420
5.74794411659	-1054
5.76758503914	543
5.76957011223	543
5.77003216743	-1298
5.77904009819	543
5.78453016281	-1420
5.78457522392	-1176
5.78532218933	-1298
5.79633402824	543
5.82370901108	-1298
5.83487701416	-1420
5.83493709564	-1176
5.83665013313	-1420
5.83669900894	-1176
5.83738207817	543
5.83758401871	1057
5.84932398796	-192
5.86817622185	543
5.97416710854	-543
5.99398207664	-543
6.05205416679	-1057
6.05323410034	543
6.12821316719	-1298
6.13095903397	-1420
6.13096308708	-1420
6.13104510307	-1054
6.13104820251	-1298
6.13117718697	-1298
6.13154006004	-1420
6.13164615631	-1176
6.13164901733	-1420
6.13169813156	-1176
6.13193321228	-1420
6.13193702698	-1176
6.13236308098	-1420
6.13236713409	-1176
6.13245105743	-1298
6.14531111717	-1420
6.14532113075	-1420
6.14536714554	-1054
6.14564204216	-1298
6.14574408531	543
6.14615011215	-1420
6.14615416527	-1420
6.14619207382	-1054
6.14659619331	-1298
6.16043901443	-1420
6.16045498848	-1176
6.25662302971	-1420
6.25664114952	-1420
6.25673699379	-1420
6.25674104691	-932
6.25689220428	-1420
6.25689601898	-1420
6.2569231987	-1054
6.25692605972	-1298
6.25701117516	-1420
6.25701403618	-1176
6.25718522072	-1420
6.25718903542	-1420
6.25722718239	-1054
6.25727701187	-1420
6.25731706619	-1420
6.25732016563	-1054
6.25740098953	543
6.25768613815	543
6.25779104233	-1420
6.25779414177	-1420
6.25781822205	-1054
6.25836706161	-1298
6.27086114883	-1420
6.27087807655	-1420
6.27093219757	-1420
6.27093505859	-932
6.27181601524	-1420
6.27183103561	-1420
6.27187418938	-1420
6.2718770504	-1420
6.27191400528	-1420
6.27191615105	-688
6.28582620621	-1420
6.28583621979	-1420
6.28589200974	-1054
6.28589510918	-1298
6.28610420227	543
6.38212919235	-1420
6.38214921951	-1420
6.38220715523	-1420
6.38221001625	-932
6.38234305382	-1420
6.38234615326	-1176
6.38238620758	-1420
6.38238811493	-1176
6.38245511055	-1420
6.38245820999	-1420
6.3825070858	-1054
6.38250899315	-1298
6.3827021122	-1420
6.38270616531	-1176
6.38277411461	-1420
6.38277721405	-1176
6.38282704353	-1298
6.38283014297	-1420
6.38286709785	-1420
6.3828701973	-1054
6.38303613663	543
6.38347816467	-1420
6.38348317146	-1420
6.38352704048	-1420
6.38353013992	-932
6.38363599777	543
6.39632320404	-1420
6.39635014534	-1420
6.39640808105	-1420
6.3964111805	-932
6.39644813538	-1420
6.39645004272	-1176
6.39725017548	-1420
6.39726305008	-1420
6.39731311798	-1054
6.39731502533	-1298
6.39740014076	-1420
6.39740300179	-1176
6.41126203537	-1420
6.41127419472	-1420
6.41132712364	-1054
6.41133022308	-1420
6.4113650322	-1420
6.41136813164	-1054
6.41189718246	-1420
6.41190218925	-1176
6.50764203072	-1420
6.50765800476	-1420
6.50773310661	-1420
6.50773501396	-932
6.50778317451	-1420
6.50778508186	-1420
6.50790905952	-1054
6.50792002678	-1420
6.50797510147	-1420
6.5079870224	-1420
6.50803208351	-932
6.50803399086	-1420
6.50806999207	-1176
6.50807213783	-1420
6.50810909271	-1420
6.50811100006	-397
6.5083220005	1057
6.50889110565	1460
6.50894021988	625
6.60603618622	1057
6.62170314789	543
6.625177145	1057
6.62733721733	1057
6.62968921661	1057
6.63200521469	1057
6.67740416527	1460
6.67748999596	111
6.769947052	-543
6.78456306458	-1420
6.78462314606	-1176
6.80412316322	-1298
6.80601620674	-1420
6.80602312088	-1420
6.80607104301	-1054
6.80737519264	-1420
6.80743908882	-1420
6.80744218826	-1054
6.81153321266	-1298
6.81194114685	1057
6.81267619133	1057
6.81310915947	-1420
6.81311202049	-1176
6.81324410439	1057
6.81369018555	1057
6.81404209137	1057
6.81724619865	-1298
6.82761001587	-1420
6.82767510414	-1420
6.82768011093	-1054
6.85229301453	543
6.85479807854	543
6.85755515099	-1420
6.85756206512	-1420
6.85760807991	-1054
6.87564110756	543
6.87752914429	543
6.87871599197	543
6.8980410099	543
6.89866518974	543
6.89889216423	543
6.90992116928	-959
6.92634606361	543
6.93128919601	543
6.93450903893	543
6.97376608849	-1420
6.97377920151	-1176
6.9746131897	-1298
6.97557210922	-1420
6.97560811043	-1420
6.97561001778	-1054
6.97626900673	543
6.97638702393	-1420
6.97639203072	-1176
6.97759819031	-1298
6.97767400742	543
6.97837018967	-1420
6.97837400436	-1176
6.97841620445	-1298
6.9784719944	543
6.98105120659	543
6.98481822014	-1420
6.98486208916	-1176
6.98491406441	-1298
6.98507809639	543
6.9860970974	-1298
6.98858809471	-1420
6.9885931015	-1420
6.98862409592	-1054
6.98957014084	-1420
6.98961114883	-1420
6.98961400986	-1054
6.99093914032	-1420
6.99094319344	-1176
6.9924621582	-1298
6.99332404137	-1298
6.99335408211	-1298
6.99347615242	-1298
6.99612522125	-1298
6.99697113037	-1298
6.99896216393	543
7.00280499458	-1420
7.0028090477	-1176
7.02461600304	-1420
7.02462720871	-1420
7.02467918396	-1054
7.02832603455	-1420
7.02836799622	-1420
7.02837109566	-1054
7.03378415108	-1420
7.03378820419	-1420
7.03383898735	-1054
7.03393602371	-1298
7.0352101326	-1298
7.0354180336	-1420
7.0354590416	-1420
7.03546118736	-298
7.03583407402	-1420
7.03583812714	-1176
7.03660821915	-1298
7.03751111031	-1420
7.03755307198	-1420
7.03755521774	-1054
7.03901720047	543
7.03929519653	-1420
7.03930020332	-1176
7.03940606117	543
7.05604600906	-1057
7.06219220161	543
7.09986400604	-1420
7.09988117218	-1176
7.10099816322	-1420
7.1010119915	-1420
7.10106301308	-1420
7.10106611252	-932
7.10111117363	-1420
7.10111403465	-1176
7.10189604759	-1420
7.10190105438	-1176
7.10346221924	-1298
7.10355401039	-1298
7.10372614861	-1420
7.10372900963	-1176
7.10377717018	-1298
7.1038081646	-1298
7.11018610001	-1420
7.11019206047	-1420
7.11023521423	-1054
7.11023712158	-1298
7.1116361618	-1420
7.11164307594	-1176
7.11402320862	-1420
7.11402702332	-1176
7.11410522461	-1420
7.11410808563	-1176
7.11495113373	-1420
7.11495614052	-1176
7.11500716209	-1420
7.11501002312	-1176
7.11630511284	-1298
7.11652803421	-1420
7.11657214165	-1420
7.11657500267	-1054
7.11880707741	-1420
7.1188120842	-1420
7.11889314651	-1054
7.11889505386	-1298
7.12267017365	543
7.12431502342	-543
7.1308631897	-1368
7.14060115814	-1368
7.14149713516	-1298
7.14159321785	543
7.15138721466	543
7.16079902649	-31
7.16323709488	543
7.16647100449	-949
7.17566919327	543
7.17900514603	543
7.18142008781	543
7.1875500679	543
7.19433116913	543
7.19457101822	543
7.19474506378	543
7.19492220879	543
7.20588517189	-1368
7.20852613449	-1260
7.24607014656	543
7.24633717537	543
7.24652600288	543
7.25178909302	-543
7.28068804741	-1368
7.28625106812	-1086
7.29279303551	-717
7.29738807678	543
7.33445620537	-1420
7.33446717262	-1420
7.33452820778	-1054
7.33604121208	-1420
7.3360850811	-1176
7.33634519577	-1298
7.3375120163	-1420
7.33751702309	-1176
7.33861398697	-1298
7.3413541317	-1420
7.34140014648	-1420
7.34140300751	-1054
7.3421151638	-1420
7.34212112427	-1176
7.34339618683	-1420
7.34340214729	-1420
7.34344506264	-1054
7.34568500519	-1420
7.34573101997	-1420
7.34573411942	-1054
7.34585618973	543
7.34801220894	-1420
7.34801721573	-1420
7.34806108475	-1054
7.34900522232	-1298
7.35294699669	-1420
7.35295319557	-1420
7.35299611092	-1054
7.35423111916	-1420
7.35428404808	-1420
7.35428619385	-1054
7.35537314415	-1420
7.35537815094	-1420
7.35542106628	-1054
7.35873007774	-1420
7.35877609253	-1420
7.35877919197	-1054
7.36190605164	-1298
7.36396813393	-1420
7.36400413513	-1420
7.36400699615	-1054
7.3683590889	-1298
7.37283921242	-1298
7.37498021126	543
7.38143801689	-1420
7.38145518303	-1176
7.38151407242	-1298
7.38621807098	-1420
7.3862631321	-1176
7.38886809349	-1298
7.40088415146	-1420
7.4009001255	-1176
7.41180419922	-879
7.43038702011	-1420
7.43043804169	-1176
7.43192005157	-1298
7.43371915817	-1298
7.43748807907	-1420
7.43751907349	-1176
7.44414901733	-1298
7.4457089901	-1298
7.4484732151	-1420
7.4485180378	-1176
7.49570703506	1057
7.49641418457	1057
7.50021719933	-1298
7.5078561306	1057
7.51374316216	543
7.53718113899	-947
7.63362002373	-1420
7.63363814354	-1420
7.63370203972	-1054
7.6448841095	-1420
7.64489912987	-1420
7.64495420456	-1054
7.64887905121	-1298
7.66262602806	-311
7.7528321743	-1420
7.75285005569	-1176
7.75888109207	-1420
7.75888705254	-1176
7.78787708282	-1121
7.79733705521	543
7.79794406891	1057
7.9230401516	-543
8.0486330986	-543
8.19603705406	-1298
8.22229003906	-302
8.76864099503	1460
8.76875400543	111
8.79477620125	543
8.90105819702	1057
9.41849303246	-543
9.54396319389	-1086
9.58621811867	-1420
9.58627200127	-1176
9.64196205139	-1298
9.64414405823	543
9.64582514763	543
9.65585303307	-1298
9.6692841053	-578
9.66986012459	1057
9.67030119896	1057
9.68237113953	1057
9.80891799927	-1057
9.89313817024	-543
9.89329004288	543
9.9678850174	-1298
9.97766804695	-1420
9.97774219513	-1176
9.97967815399	-1298
10.0207710266	-636
10.0227601528	543
10.0237631798	543
10.0428330898	-1298
10.0455741882	-1420
10.0456361771	-1420
10.0456399918	-1054
10.1461851597	-64
10.1475460529	543
10.3162782192	-543
10.4284851551	-543
10.4977180958	-543
10.5043160915	-1420
10.5043680668	-1176
10.6298010349	-1060
10.6305861473	543
10.6335570812	1057
10.885874033	-543
11.0057201385	-1298
11.0102012157	-1298
11.0152900219	-1420
11.0153381824	-1176
11.0515642166	-93
11.0537071228	543
11.0545639992	543
11.2350699902	-543
11.377546072	-1420
11.3775980473	-1176
11.4164450169	-1060
11.4442090988	543
11.6027162075	-543
11.6174590588	-1420
11.6175851822	-1176
11.6322131157	-1420
11.6322851181	-1176
11.6324880123	543
11.7430241108	-549
14.6291511059	-543
14.8117580414	1057
15.8848521709	-543
15.8857409954	543
16.0102770329	-543
