0	543
0.329576969147	-543
0.329867839813	543
0.636457920074	-543
0.72235584259	-543
0.752038002014	543
1.01241278648	-543
1.06108880043	-543
1.0613489151	543
1.37309193611	-543
1.37377381325	-1380
1.38040399551	-1380
1.38054585457	-1380
1.38421297073	-1380
1.41275596619	543
1.49375891685	-279
1.49493193626	1380
1.53293991089	249
1.68804883957	-543
1.68834090233	543
1.68862390518	1380
1.80850195885	-543
1.80861783028	1219
1.8494579792	-1380
1.928814888	-763
1.92884683609	1086
1.95447492599	-1380
1.96513080597	-1380
1.96535992622	-1380
1.96539187431	-1380
1.96673083305	-1380
1.96677494049	-1380
1.96679592133	-1380
1.9668738842	-1380
1.9724009037	-1380
1.97274589539	-1380
1.97276496887	-1380
1.97481989861	-543
1.97621893883	-1380
2.00648188591	-1380
2.00651478767	-1380
2.04898095131	-1380
2.04901885986	1086
2.04902601242	-1380
2.08522486687	-1380
2.08525681496	-1380
2.08526301384	-1380
2.08526992798	-1380
2.08542299271	-1380
2.08545088768	-1380
2.08549499512	-1380
2.08550786972	-1380
2.08687090874	-1380
2.08688879013	-1380
2.08689284325	-1380
2.08692598343	-1380
2.08692979813	-635
2.12737488747	-1380
2.12778687477	1380
2.12782096863	1380
2.16845583916	-543
2.19575190544	543
2.20142292976	440
2.20685887337	-1277
2.35850381851	-1380
2.35852980614	-1380
2.35854792595	-1380
2.36223983765	-1380
2.36228084564	-1380
2.36228990555	-1380
2.36637401581	-60
2.36714196205	-1380
2.36846494675	-1380
2.36855196953	-1380
2.37094283104	-1380
2.37097477913	-1380
2.39459180832	1380
2.39471197128	191
2.41414880753	-1380
2.48661589622	-1291
2.48890995979	1380
2.51468086243	792
2.56106996536	-1380
2.56111884117	-1380
2.56154680252	-1380
2.57891798019	-1380
2.57940983772	-1380
2.57942986488	-1380
2.58012890816	-1380
2.58015179634	-1380
2.58018088341	-1380
2.58578801155	-1380
2.58588790894	-1380
2.58592581749	-1380
2.58955097198	-1380
2.58966183662	-1380
2.58972883224	-1380
2.59164786339	-1380
2.59171295166	-1380
2.59176492691	-1380
2.59323382378	-1380
2.59328198433	-1380
2.59330797195	-1380
2.59383797646	-1380
2.59386587143	-1380
2.5938949585	-1380
2.59494900703	-1380
2.59497690201	-1380
2.59499788284	-1380
2.59532880783	1380
2.59585690498	-1380
2.59587788582	-1380
2.59590792656	-1380
2.5969479084	-1380
2.59732985497	-1380
2.59733986855	-1380
2.59756994247	-1380
2.59758281708	-1380
2.5976088047	-1380
2.59794783592	-1380
2.59862399101	-1380
2.59864878654	-1380
2.5986828804	-1380
2.59944295883	-1380
2.59946584702	-1380
2.59949493408	-1380
2.59973597527	-1380
2.59978699684	-1380
2.59982681274	-1380
2.6020629406	-1380
2.60210299492	-1380
2.60231590271	-1380
2.60370588303	-1380
2.60373282433	-1380
2.60374999046	-1380
2.60416984558	-1380
2.60418891907	-1380
2.60460495949	-1380
2.60553097725	-1380
2.60554599762	-1380
2.6055598259	-1380
2.60608696938	-1380
2.6079659462	-1380
2.60798978806	-1380
2.63474392891	792
2.68118190765	-1380
2.68120598793	-1380
2.68122696877	-1380
2.68125891685	-1380
2.6989068985	-1380
2.69896697998	-1380
2.69899082184	-1380
2.69901895523	-1380
2.69941496849	-1380
2.69943094254	-1380
2.69946885109	-1380
2.69948387146	-1380
2.70027279854	-1380
2.70030784607	-1380
2.70032382011	-1380
2.70035290718	-1380
2.70581388474	-1380
2.70582985878	-1380
2.70586895943	-1380
2.70590090752	-1380
2.70594191551	-1380
2.70598578453	-1380
2.70602893829	-1380
2.70606780052	-1380
2.70635700226	1380
2.70975279808	-1380
2.70976686478	-1380
2.70978689194	-1380
2.70980596542	-1380
2.71169996262	-1380
2.71171593666	-1380
2.71173977852	-1380
2.71177577972	-1380
2.71179199219	-1380
2.71183085442	-1380
2.71185493469	-1380
2.71187400818	-1380
2.71343994141	-1380
2.71347093582	-1380
2.71350383759	-1380
2.71353793144	-1380
2.71399378777	-1380
2.71402692795	-1380
2.71405696869	-1380
2.71408081055	-1380
2.71410799026	-1380
2.71413898468	-1380
2.71417093277	-1380
2.71419501305	-1380
2.71495985985	-1380
2.71497297287	-1380
2.71509695053	-1380
2.71512794495	-1380
2.71548390388	-1380
2.7155008316	-1380
2.71585988998	-1380
2.71587181091	-1380
2.71590900421	-1380
2.71594595909	-1380
2.71714687347	-1380
2.7171599865	-1380
2.71717500687	-1380
2.71719479561	-1271
2.71737599373	1380
2.71772694588	1380
2.81159591675	747
2.86059999466	-543
2.96221280098	-1380
2.96248197556	543
2.99450778961	-1380
2.99457001686	-1380
2.99605798721	-1380
2.99797582626	-1380
2.99800801277	-1380
2.99907398224	-1380
2.99909186363	-1380
2.99911785126	-1380
3.00055289268	-1380
3.00057697296	-1380
3.00070381165	-1380
3.00314378738	-1380
3.00316381454	-1380
3.00319385529	-1380
3.00357985497	1380
3.00542497635	-1380
3.00545692444	-1380
3.00547599792	-1380
3.00596690178	-1380
3.00599980354	-1380
3.00603699684	-1380
3.00702881813	-1380
3.00705099106	-1380
3.00713896751	-1380
3.00883698463	-1380
3.0088570118	-1380
3.0088789463	-1380
3.00912880898	-1380
3.00951886177	-1380
3.00974082947	-1380
3.00993800163	-1380
3.01059889793	-1380
3.01063299179	-1380
3.01065087318	-1380
3.0107588768	-1380
3.01077580452	-1380
3.01857590675	-447
3.03461694717	1380
3.12154889107	1041
3.16303992271	-543
3.31812596321	-1380
3.31846380234	543
3.32251000404	-249
3.44507694244	543
3.48282289505	-543
3.60173678398	543
3.60296678543	-1086
3.66375994682	-1380
3.72335791588	-220
3.72343587875	543
3.77103996277	-1380
3.77113080025	-1380
3.77130889893	-1380
3.84345984459	-59
3.84352684021	1086
3.88496279716	-1380
3.88498592377	-1380
3.88500785828	-1380
3.88637185097	-1380
3.88640284538	-1380
3.88647794724	-1380
3.88665986061	-1380
3.886687994	-1380
3.8869099617	-1380
3.88698101044	-1380
3.88700699806	-1380
3.88703393936	-1380
3.88721084595	-1380
3.88723778725	-1380
3.88726878166	-1380
3.88743591309	-1380
3.88747191429	-1380
3.88756084442	-1380
3.88791179657	1380
3.89226078987	-1380
3.89227485657	-1380
3.89243984222	-1380
3.89298796654	-1380
3.89313387871	-1380
3.8931658268	-1380
3.893201828	-1380
3.89321994781	-1380
3.89331698418	-1380
3.89336180687	-1380
3.89340281487	-1380
3.8936548233	-1380
3.89368891716	-1380
3.89371180534	-1380
3.89373898506	-1380
3.89375901222	-1380
3.89378786087	-1380
3.89474582672	-1380
3.8947789669	-1380
3.89479589462	-1380
3.8948237896	-1380
3.89484882355	-1380
3.89490294456	-1380
3.89696288109	-1380
3.90904378891	-1380
3.90915393829	-1380
3.90922689438	-1380
3.96362090111	-993
3.96365499496	792
4.03051996231	-1380
4.08394384384	-792
4.08397293091	1086
4.10836386681	1380
4.22842097282	249
4.2671790123	-543
4.31402277946	-1380
4.40166187286	1086
4.42653083801	-792
4.52212190628	1086
4.55220484734	-543
4.58931493759	-1380
4.58936786652	-1380
4.60036993027	-1380
4.60044384003	-1380
4.60049295425	-1380
4.60254001617	-1380
4.60258388519	-1380
4.60450291634	-1380
4.60453295708	-1380
4.60453987122	-1380
4.60710883141	-1380
4.60825681686	-1380
4.61040592194	-1380
4.61044383049	-1380
4.61048579216	-1380
4.6123278141	-1380
4.61237597466	-1380
4.61239290237	-1380
4.61286497116	-1380
4.6129128933	-1380
4.61294078827	-1380
4.61510586739	-1380
4.61516785622	-1380
4.61551594734	1380
4.61599779129	-1380
4.62365579605	-1380
4.63415980339	-1380
4.63420581818	-1380
4.63429093361	-1380
4.67014980316	-1380
4.67021584511	249
4.67234182358	-225
4.68400382996	-1380
4.68404793739	-1380
4.699395895	-1380
4.69947385788	-1380
4.69949889183	-1380
4.69989681244	-1380
4.69991898537	-1380
4.70034098625	-1380
4.7003698349	-1380
4.70038795471	-1380
4.70114183426	-1380
4.70164394379	-1380
4.70415592194	-1380
4.70419383049	-1380
4.70805191994	-1380
4.71099901199	1380
4.7624809742	-1380
4.80405497551	-399
4.80411481857	1335
4.84403991699	-1380
4.92434501648	-763
4.95571899414	-1380
4.95682001114	-1380
4.95690488815	-1380
4.95696187019	-1380
4.97951388359	-1380
4.97958993912	-1380
4.98774695396	-1380
4.99380779266	-1380
4.99394989014	-1380
4.99823594093	-1380
4.99832987785	-1380
4.99834179878	-1380
5.00220179558	-1380
5.0022687912	-1380
5.00527596474	-1380
5.00773382187	-1380
5.00781393051	-1380
5.00999093056	-1380
5.0103468895	543
5.01272678375	-1380
5.01276087761	-1380
5.01454997063	-1380
5.01922893524	-1380
5.02281689644	-1380
5.02284693718	-1380
5.02458691597	-1380
5.02614998817	-1380
5.02923488617	-1380
5.02940893173	-1380
5.02942895889	-1380
5.0324318409	-1380
5.03248882294	-1380
5.03249979019	-1380
5.03402495384	-1380
5.03407096863	-1380
5.03409695625	-1380
5.03515982628	-1380
5.03519487381	-1380
5.03670978546	-1380
5.03992080688	-1380
5.04052186012	-1380
5.04486489296	-212
5.0457379818	1380
5.16169691086	249
5.19539999962	543
5.31229281425	-543
5.32358598709	-1380
5.32366394997	-1380
5.44384694099	-896
5.45689082146	543
5.61964297295	-543
5.61970186234	1057
5.83063387871	-543
5.99051594734	-543
5.99170589447	1057
6.20373988152	-543
6.36246681213	-543
6.46834588051	1057
6.58849191666	543
6.72309589386	-543
6.72394800186	-1380
6.72400379181	-1380
6.73063397408	-1380
6.7307009697	-1380
6.73071479797	-1380
6.73730278015	-1380
6.75079083443	543
6.76876378059	-1380
6.84329986572	-1337
6.90153193474	543
6.96332192421	-543
7.02180099487	543
7.0835249424	-543
7.14197492599	543
7.20370483398	-543
7.20950889587	-1380
7.20955681801	-1380
7.32380890846	-896
7.33003377914	-1380
7.33007478714	-1380
7.33941078186	543
7.34011292458	1380
7.34013295174	1380
7.44440197945	-353
7.46033191681	353
7.58032894135	-543
7.65688085556	-1380
7.65694189072	-1380
7.65697979927	-1380
7.65700793266	-1380
7.65702486038	-1380
7.66040182114	-1380
7.66045594215	-1380
7.66047096252	-1380
7.6605758667	-1380
7.66065192223	-1380
7.66073799133	-1380
7.66121983528	543
7.66830778122	-1380
7.66995000839	-1380
7.67001891136	-1380
7.67002987862	-1380
7.6707367897	-1380
7.67077898979	-1380
7.67179179192	-1380
7.67182993889	-1380
7.67185378075	-1380
7.67309784889	-1380
7.67315983772	-1380
7.67319297791	-1380
7.67342591286	-1380
7.68687796593	-1380
7.68695187569	-1380
7.68696379662	-1380
7.68697500229	-1380
7.68698000908	-1380
7.69428491592	-1380
7.69433784485	-1380
7.69437098503	-1380
7.6986618042	-1380
7.69873380661	-1380
7.69874691963	-1380
7.71074795723	-1380
7.71911001205	-1380
7.71917295456	-1380
7.71918487549	-1380
7.7192029953	-1380
7.71921086311	-1380
7.72323799133	-1380
7.72329092026	-1380
7.72332286835	-1380
7.72677779198	-1380
7.7274928093	1380
7.7353708744	-1380
7.7354259491	-1380
7.73553180695	-1380
7.73572587967	-1380
7.73582291603	-1380
7.73584294319	-1380
7.73587584496	-1380
7.73589897156	-1380
7.73592090607	-1380
7.73594784737	-1380
7.7359828949	-1380
7.73600196838	-1380
7.73851394653	-56
7.74824881554	-1380
7.74838089943	-1380
7.74839687347	-1380
7.75618386269	-1380
7.75623083115	-1380
7.756264925	-1380
7.75656580925	-1380
7.75659584999	-1380
7.7566049099	-1380
7.76097083092	-1380
7.76100492477	-1380
7.76114082336	-1380
7.76721978188	1380
7.76872587204	-1380
7.76876783371	-1380
7.76879692078	-1380
7.76898384094	-1380
7.76900792122	-1380
7.76902699471	-1380
7.76942682266	-1380
7.76946401596	-1380
7.7694849968	-1380
7.77324080467	-1380
7.77328181267	-1380
7.7733039856	-1380
7.78529787064	-1380
7.78533291817	1041
7.78534984589	-1380
7.78537797928	-1380
7.78649783134	-1380
7.78652882576	-1380
7.78654885292	-1380
7.78662586212	-1380
7.78664684296	-1380
7.78671789169	-1380
7.79352784157	-1380
7.79355478287	-1380
7.79357886314	-1380
7.79877495766	-1380
7.798817873	-1380
7.79882979393	-1380
7.80221796036	-1380
7.8026278019	-1380
7.80265498161	-1380
7.80269694328	-1380
7.80271482468	-1380
7.80283784866	-1380
7.81114292145	-1380
7.8111770153	-1380
7.86825799942	-318
7.86918187141	1380
7.90543794632	249
8.01933979988	-543
8.06145977974	543
8.08393788338	-1380
8.17860984802	-734
8.19548296928	543
8.19555282593	543
8.19558501244	543
8.29883480072	-543
8.29935479164	543
8.56116485596	-543
8.57178092003	-1380
8.571849823	-1380
8.69182300568	-353
8.70681881905	543
8.82718682289	543
8.85456895828	-543
8.98665189743	-1380
8.98671483994	-1380
9.01455688477	-382
10.4051809311	-543
