0	1077
0.276543855667	-565
0.470306873322	-565
0.487269878387	1077
0.772327899933	-565
0.967069864273	-565
0.968714952469	-1368
0.968759059906	-1368
0.96883893013	-1368
1.09361505508	-1191
1.10010385513	1077
1.22152900696	-1130
1.2268679142	1130
1.39678001404	-565
1.39737987518	1368
1.39738893509	1368
1.39751005173	405
1.54729104042	-565
1.68998098373	-1368
1.71049785614	-786
1.72091293335	-1368
1.72903394699	-1368
1.72932195663	-1368
1.74121999741	-1368
1.74140000343	-1368
1.74150395393	-1368
1.76845693588	565
1.83716392517	-936
1.83940196037	-1368
1.83949899673	-1368
1.839635849	-1368
1.87168097496	-1368
1.87177705765	-1368
1.8718829155	-1368
1.87322688103	-1368
1.87331199646	-1368
1.87347102165	-1368
1.93381404877	565
1.9657728672	-1368
1.96588206291	-1368
1.96605396271	-1368
1.96615600586	-1368
1.96631193161	-1368
1.99812889099	-1368
1.99824404716	-1368
1.99836397171	-1368
1.99850606918	-1368
1.99860095978	-1368
1.99878787994	-1368
1.99988889694	-1368
2.00007104874	-1368
2.00013899803	-1199
2.0007019043	1368
2.0012319088	1368
2.07157492638	1368
2.09780097008	310
2.12640094757	-565
2.29039502144	-1130
2.32239985466	1368
2.3225209713	221
2.38228797913	1368
2.41719484329	-565
2.42446303368	-1368
2.42457985878	-1368
2.44908905029	786
2.46342396736	-1368
2.46388101578	-1368
2.47757697105	-1368
2.47986507416	-1368
2.47995686531	-1368
2.48089194298	-1368
2.48304486275	-1368
2.48321294785	-1368
2.4833419323	-1368
2.55077195168	-1033
2.55110406876	1368
2.62174892426	327
2.6350839138	-1368
2.63606786728	-1368
2.63619399071	-1368
2.63634085655	-1368
2.63672804832	-1368
2.63689494133	-1368
2.63724994659	-1368
2.63733386993	-1368
2.6374900341	-1368
2.63783407211	-1368
2.63936805725	-1368
2.63944888115	-1368
2.63960599899	-1368
2.65992307663	-1368
2.65998387337	-1368
2.66011786461	-1368
2.66025495529	-1368
2.66038894653	-1368
2.74811601639	-1368
2.74814295769	565
2.74821901321	-1368
2.76331090927	-1368
2.76344585419	-1368
2.76358699799	-1368
2.76364207268	-1368
2.76385402679	-1368
2.7639799118	-1368
2.76410484314	-1368
2.7642390728	-1368
2.76440095901	-1368
2.76578998566	-1368
2.76589202881	-1368
2.76599192619	-1368
2.76618790627	-1368
2.76629185677	-1368
2.76644992828	-1368
2.76659989357	-1368
2.76675391197	-1368
2.76685190201	-1368
2.80541300774	-1368
2.8055100441	-1368
2.80571603775	-1368
2.80581092834	-1368
2.80591201782	-1368
2.80609202385	-1368
2.80621004105	-1368
2.80629491806	-1368
2.80644488335	-1368
2.8745970726	-1368
2.87462902069	1130
2.87477397919	-1368
2.88723897934	-543
2.89119100571	-1368
2.8912730217	-1368
2.89139604568	-1368
2.89152407646	-1368
2.89169096947	-1368
2.89176297188	-1368
2.89195585251	-1368
2.89206004143	-1368
2.8921918869	-1368
2.89229297638	-1368
2.89241194725	-1368
2.89256286621	-1368
2.89440393448	-1368
2.894520998	-1368
2.89469099045	-1368
2.89478707314	-1368
2.89486598969	-1368
2.89504003525	-1368
2.89517807961	-1368
2.89535307884	-1368
2.89544606209	-1368
2.89554595947	-1368
2.89571285248	-1368
2.89592385292	-1368
2.89602398872	-1368
2.89612197876	-1368
2.8962469101	-1368
2.8965549469	1368
2.94884991646	-1368
2.94895005226	-1368
2.94908905029	-1368
2.94929003716	-1368
2.94945788383	-1368
2.94950699806	-1368
2.94967794418	-1368
2.94980597496	-1368
2.94995999336	-1368
2.95011401176	-1368
2.95020604134	-1368
2.95037102699	-1368
2.95049190521	-1368
2.95060396194	-1368
2.98819303513	-1368
2.98829388618	-1368
3.00173687935	-1368
3.00176692009	327
3.00185084343	-1368
3.01880693436	-1368
3.01888990402	-1368
3.01904892921	-1368
3.01920485497	-1368
3.01931190491	-1368
3.01946187019	-1368
3.01959204674	-1368
3.01971888542	-1368
3.01983690262	-1368
3.0199739933	-1368
3.02009606361	-1368
3.02023887634	-1368
3.02037405968	-1368
3.02051591873	-1368
3.02065205574	-1368
3.0207760334	-1368
3.02090287209	-1368
3.02102684975	-1368
3.02307391167	-1368
3.02314400673	-1368
3.02327489853	-1368
3.02339601517	-1368
3.02353405952	-1368
3.02354693413	1368
3.02364706993	-1368
3.02380084991	-1368
3.02393984795	-1368
3.02405595779	-1368
3.02417302132	-1368
3.02432489395	-1368
3.02444696426	-1368
3.02457284927	-1368
3.02470803261	-1368
3.0248670578	-1368
3.02495503426	-1368
3.02509307861	-1368
3.02526187897	-1368
3.02526903152	-859
3.07403087616	1368
3.12973284721	1219
3.1517469883	-565
3.17334198952	1368
3.1863360405	1368
3.25675702095	548
3.43165588379	-565
3.43316698074	-1368
3.43329191208	-1368
3.43335485458	565
3.43349003792	-1368
3.43441700935	-1368
3.43511199951	-1368
3.43595385551	-1368
3.43609189987	-1368
3.43724298477	-1368
3.43731498718	-1368
3.43744087219	-1368
3.43757295609	-1368
3.43851900101	-1368
3.43938398361	-1368
3.43974900246	-1368
3.44060707092	-1368
3.44112205505	-1368
3.44125986099	-1368
3.44170188904	-1368
3.44368600845	-1368
3.44373893738	-1368
3.44433689117	-1368
3.44669389725	-1368
3.44790101051	-1368
3.44801688194	-1368
3.44849586487	-1368
3.45015692711	-1368
3.45029306412	-1368
3.45076394081	-1368
3.45285391808	-1368
3.45424604416	-1368
3.45519685745	-1368
3.45521688461	-1368
3.45613884926	-1368
3.45758986473	-1368
3.45770788193	-1368
3.4891269207	-1368
3.49318790436	-1368
3.50565600395	-1368
3.52641606331	-1368
3.55955696106	-1342
3.56030797958	1130
3.59813594818	543
3.68588399887	-1130
3.68691301346	565
3.76435995102	-1368
3.76446986198	-1368
3.76458406448	-1368
3.81314396858	-114
3.82401585579	565
3.98267197609	-565
3.98269701004	1077
3.98571491241	-1368
3.98581290245	-1368
3.98879694939	-1368
3.98894000053	-1368
3.98909592628	-1368
3.99089694023	-1368
3.99100899696	-1368
3.99115395546	-1368
4.00203299522	-1368
4.00530195236	-1368
4.00539398193	-1368
4.00554990768	-1368
4.00616598129	-1368
4.00628185272	-1368
4.00638103485	-1368
4.00798106194	-1368
4.00808501244	-1368
4.00816488266	-1368
4.00835585594	-1368
4.00845384598	-1368
4.00862789154	-1368
4.0089828968	-1368
4.00943589211	-1368
4.00960087776	-1368
4.00977492332	-1368
4.00997495651	-1368
4.0100069046	-1368
4.01066303253	-1368
4.01076006889	-1368
4.01089286804	-1368
4.01354694366	-1368
4.01368999481	-1368
4.01382493973	-1368
4.01424407959	-1368
4.01432394981	-1368
4.01465296745	-1368
4.01475000381	-1368
4.01492094994	1368
4.01545000076	-1368
4.01600289345	-1368
4.01607298851	-1368
4.01681804657	-1368
4.0175549984	-1368
4.01763606071	-1368
4.01833295822	-1368
4.10920786858	-1014
4.10924887657	274
4.12946391106	-1368
4.23563504219	-786
4.32623100281	1077
4.36355400085	-1130
4.39753198624	1368
4.48984384537	786
4.49138498306	-565
4.65521907806	-565
4.65630698204	565
4.713078022	-1368
4.71513295174	-1368
4.73246097565	-1368
4.73257684708	-1368
4.73263788223	-1368
4.73388385773	-1368
4.73503494263	-1368
4.73519706726	-1368
4.73636984825	-1368
4.73732185364	-1368
4.73741292953	-1368
4.73756504059	-1368
4.73858499527	-1368
4.73869895935	-1368
4.73883390427	-1368
4.76946496964	-1368
4.78294706345	-475
4.78297400475	1130
4.83417487144	-1368
4.83488798141	-1368
4.83504295349	-1368
4.83615899086	-1368
4.83632588387	-1368
4.83670496941	-1368
4.83721590042	-1368
4.8373260498	-1368
4.83758687973	-1368
4.83768296242	-1368
4.83781504631	-1368
4.909719944	-1349
4.9097468853	565
4.91096901894	-1368
4.91114592552	-1368
4.9122300148	-1368
4.91486787796	-1368
4.91747903824	-1368
4.99522995949	-1368
4.99614787102	-1368
4.99627590179	-1368
4.99641299248	-1368
4.99821686745	-1368
4.99835395813	-1368
4.999325037	-1368
5.00006103516	-1368
5.00020503998	-1368
5.00355887413	1368
5.01050686836	-1368
5.0106048584	-1368
5.01080489159	-1368
5.03606200218	-200
5.03609704971	327
5.12761306763	-1368
5.12770485878	-1368
5.12785196304	-1368
5.16223096848	-114
5.16310095787	565
5.28860187531	-1130
5.357847929	1077
5.42057204247	-1368
5.4703168869	-274
5.47418403625	-1368
5.47431302071	-1368
5.47544598579	-1368
5.4765059948	-1368
5.47664284706	-1368
5.47858095169	-1368
5.47865986824	-1368
5.47877693176	-1368
5.5087749958	-1368
5.50946903229	-1368
5.50958204269	-1368
5.50983595848	-1368
5.51080489159	-1368
5.51264190674	-1368
5.51277899742	-1368
5.51411795616	-1368
5.51475405693	1077
5.51621389389	-1368
5.51633000374	-1368
5.51792001724	-1368
5.51804995537	-1368
5.5181388855	-1368
5.52050304413	-1368
5.52181196213	-1368
5.52195286751	-1368
5.52205491066	-1368
5.56995797157	-1368
5.57003092766	-1368
5.59681892395	-551
5.66535592079	-1368
5.67321896553	-1368
5.67333102226	-1368
5.67347598076	-1368
5.6737010479	565
5.68264198303	-1368
5.68321895599	-1368
5.68342590332	-1368
5.68723297119	-1368
5.68765306473	-1368
5.68779587746	-1368
5.69207596779	-1368
5.69221687317	-1368
5.71452093124	-1368
5.71464490891	-1368
5.72308707237	-550
5.86172103882	-1368
5.86182785034	-1368
5.86194205284	-1368
5.88642597198	-679
5.90627098083	565
6.07083106041	1077
6.20976495743	-565
6.3783659935	-565
6.54237389565	-565
6.54317307472	1077
7.05099487305	-565
7.25426602364	-565
7.26836585999	-543
7.35066604614	1077
7.47707700729	565
7.60353398323	565
7.86612987518	-565
7.88985991478	-1368
7.89036989212	-1368
7.8904838562	-1368
7.89066004753	-1368
7.89078593254	-1368
7.89091801643	-1368
7.91516685486	1077
7.92121005058	-1368
7.92138290405	-1368
7.92146992683	-1368
7.92159199715	-1368
7.95595097542	1368
7.99347400665	-563
8.04261493683	274
8.15860199928	-1130
8.28508591652	-565
8.34759306908	-1368
8.41175889969	-1368
8.41181397438	-1368
8.41184592247	-204
8.42707085609	565
8.42767906189	1368
8.43847584724	-1368
8.44264602661	-1368
8.45321893692	-1368
8.53885507584	-822
8.55359506607	1245
8.75559186935	-565
8.92448091507	-565
8.92717003822	-1368
8.92723703384	-1368
8.93033385277	-1368
8.93337392807	-1368
8.93349003792	-1368
8.93615984917	-1368
8.94627404213	-1368
8.94633984566	-1368
8.9464058876	-1368
8.94918107986	-1368
8.94923090935	-1368
8.94935393333	-1368
9.05445384979	-1368
9.05451393127	-1368
9.05456900597	-1368
9.05472493172	-1368
9.05479502678	-1368
9.05497694016	-1368
9.05507588387	-1368
9.05608892441	565
9.07284593582	-1368
9.07292890549	-1368
9.07302188873	-1368
9.07325196266	-1368
9.07329797745	-1368
9.07342290878	-1368
9.07356190681	-1368
9.07371401787	-1368
9.07388687134	-1368
9.07392406464	-825
9.1147248745	-1368
9.11478304863	-1368
9.11482787132	-1368
9.11499500275	-1368
9.11511301994	-1368
9.11527204514	-1368
9.1153819561	-1368
9.18343496323	-1368
9.18348407745	-1368
9.18354892731	-1368
9.18367695808	-1368
9.18379187584	-1368
9.18393206596	-1368
9.18409204483	-1368
9.18419289589	-1368
9.18429493904	-1368
9.18447399139	-1368
9.18449497223	1130
9.20298600197	-1368
9.20303797722	-1368
9.20316004753	-1368
9.20337200165	-1368
9.20346307755	-1368
9.20353507996	-1368
9.20366096497	-1368
9.20385193825	-1368
9.20398306847	-1368
9.20410895348	-1368
9.22421884537	-1368
9.22431707382	-1368
9.2244489193	-1368
9.22454285622	-1368
9.2507109642	-1368
9.25076007843	-1368
9.25078892708	-1368
9.25094199181	-1368
9.25109601021	-1368
9.25114607811	-1368
9.25130200386	-1368
9.25142502785	-1368
9.25158786774	-1368
9.25168800354	-1368
9.31105804443	-1368
9.31111693382	-1368
9.31122088432	-1368
9.31131196022	-1368
9.31152701378	-1368
9.31162691116	-1368
9.31173992157	-1368
9.31187605858	-1368
9.3119828701	-1368
9.31217694283	-1368
9.31229090691	-1368
9.31238794327	-1368
9.31255984306	1368
9.31256985664	-1368
9.33351492882	-1368
9.33357191086	327
9.3336019516	-1368
9.33367204666	-1368
9.33375787735	-1368
9.3339099884	-1368
9.33401203156	-1368
9.33421492577	-1368
9.33433103561	-1368
9.33439302444	-1368
9.33462786674	-1368
9.3346760273	-1368
9.33485889435	-1368
9.33502197266	-1368
9.335105896	-1368
9.33525085449	-1368
9.33534884453	-1368
9.33547186852	-1368
9.38086295128	-1368
9.38093400002	-1368
9.38099002838	-1368
9.38119792938	-1368
9.38127398491	-1368
9.38143992424	-1368
9.38153886795	-1016
9.43975996971	1368
9.46008491516	892
9.58646798134	1077
9.88073897362	-565
9.90284395218	-1368
9.90292406082	-1368
9.90302801132	-1368
9.90317797661	-1368
10.0076479912	-372
10.1343009472	-1130
10.1499068737	565
10.2825620174	565
10.4474630356	-565
10.6112039089	-565
10.7376708984	-1077
10.7654459476	-1368
10.864043951	-274
