0	-543
3.10930585861	543
3.23635101318	-543
3.23737192154	543
3.38494896889	-543
3.38598585129	543
3.58919882774	-543
3.59024691582	543
4.08238983154	-543
4.08265590668	543
4.49776101112	-543
4.51483893394	543
5.02850103378	-543
5.02879786491	543
5.39865398407	-1368
5.3986890316	-1368
5.39872598648	-891
5.41997098923	-1368
5.43126702309	543
5.54616785049	-717
5.55759692192	1086
5.68417096138	-543
5.68442988396	543
5.68474888802	1368
5.68475699425	1368
5.81121397018	377
5.85853886604	-1368
5.85864496231	-203
5.98505592346	-1057
5.98555397987	543
6.02379703522	-1368
6.02489089966	-1368
6.03288197517	-1368
6.03291082382	-1368
6.03293704987	-1368
6.03521704674	-1368
6.03525495529	-1368
6.03528404236	-1368
6.03843998909	-1368
6.11199688911	-1368
6.11203598976	543
6.11204695702	-1368
6.15116286278	-1368
6.15127682686	-1368
6.15129303932	-1368
6.15132689476	-1213
6.15923595428	-1368
6.15928292274	-1368
6.15930104256	-1368
6.15934991837	-1368
6.16155791283	-1368
6.16158103943	-1368
6.16163802147	-1368
6.161662817	-1368
6.16192388535	-1368
6.16196489334	-1368
6.16198992729	-1368
6.16201090813	-1368
6.20453691483	-1368
6.20457696915	-1368
6.27614092827	543
6.27769088745	-583
6.27877998352	1368
6.28914904594	-543
6.32078194618	1368
6.40248894691	464
6.40410590172	-1057
6.56672096252	543
6.62895488739	1368
6.62907505035	203
6.6414399147	-1368
6.64146900177	-1368
6.67616486549	-1368
6.68581986427	1368
6.69572401047	-1368
6.69576597214	-1368
6.69578504562	-1368
6.69633889198	-1368
6.69636082649	-1368
6.69646382332	-1368
6.73148393631	-1368
6.73152089119	-1368
6.73184490204	1368
6.73227000237	-633
6.75552392006	522
6.87607598305	-1368
6.87609696388	-1368
6.87651085854	-1368
6.87653899193	-1368
6.87660288811	-1368
6.87682890892	-1368
6.87686300278	-1368
6.87689185143	-1368
6.87704396248	-1368
6.87706899643	-1368
6.87708687782	-1368
6.88188099861	-1089
6.89104795456	-1368
6.89108204842	-1368
6.89108800888	-1368
6.89147400856	-1368
6.89152097702	-1368
6.89155483246	-1368
6.8915989399	-1368
6.8948969841	543
6.89609599113	-1368
6.89618301392	-1368
6.89623999596	-1368
6.89708185196	-1368
6.89714002609	-1368
6.89719700813	-1368
6.89731884003	-1368
7.00267601013	-1368
7.0027089119	-1368
7.00272703171	-1368
7.00274300575	-1368
7.00296998024	-1368
7.0029938221	-1368
7.00301885605	-1368
7.00303888321	-1368
7.00311899185	-1368
7.00338292122	-1368
7.00342202187	-1368
7.00343990326	-1368
7.00351881981	-1368
7.00355482101	-1368
7.00358104706	-1368
7.00359892845	-1368
7.00365304947	-1368
7.00370693207	-1368
7.00373387337	-1368
7.00378584862	-1368
7.00833797455	-1368
7.00838184357	-1368
7.00838899612	-1368
7.00840187073	-1368
7.01748991013	-1368
7.01752305031	-1368
7.01754498482	-1368
7.01757693291	-1368
7.01762986183	-1368
7.01764893532	-1368
7.01776385307	-1368
7.01782393456	-1368
7.01785182953	-1368
7.01788592339	-1368
7.01794600487	-1368
7.01797103882	-1368
7.01800298691	-1368
7.01803684235	-1368
7.01858282089	1368
7.02259397507	-1368
7.02271294594	261
7.02272391319	-1368
7.02273702621	-1368
7.022742033	-1368
7.02347993851	-1368
7.02353096008	-1368
7.02356600761	-1368
7.02360200882	-1368
7.02363395691	-1368
7.0236518383	-1368
7.02369093895	-1368
7.02371191978	-1368
7.06139588356	-1368
7.06142497063	-1368
7.1290268898	-1368
7.12906193733	-1368
7.12907981873	-1368
7.12912392616	-1368
7.12916088104	-1368
7.12918686867	-1368
7.12921190262	-1368
7.12923002243	-1368
7.12959504128	-1368
7.12964296341	-1368
7.12971687317	-1368
7.12974286079	-1368
7.12986183167	-1368
7.12988996506	-1368
7.12992691994	-1368
7.12996292114	-1368
7.12998986244	-1368
7.13006901741	-1368
7.13016200066	-1368
7.13020205498	-1368
7.13021993637	-1368
7.1302549839	-1368
7.13029193878	-1368
7.13040184975	-1368
7.13054704666	-1368
7.1305539608	-32
7.1306078434	-1368
7.13064193726	-1368
7.13067483902	-1368
7.13073897362	-1368
7.13075685501	-1368
7.13078904152	-1368
7.13080787659	-1368
7.13084387779	-1368
7.13086891174	-1368
7.13089299202	-1368
7.13091182709	-1368
7.13094592094	-1368
7.13098192215	1368
7.13240790367	1368
7.134775877	-1368
7.13481092453	-1368
7.13483786583	-1368
7.13485789299	-1368
7.13488292694	-1368
7.13491988182	-1368
7.13493895531	-1368
7.13496685028	-1368
7.14902997017	1065
7.25711297989	-1171
7.31215596199	1086
7.38097691536	-1368
7.3810069561	-1368
7.38102388382	-1368
7.42062687874	-580
7.43863201141	543
7.48210191727	1368
7.51698589325	-1368
7.51701784134	-1368
7.52111887932	-1368
7.52116298676	-1368
7.52119398117	-1368
7.52121305466	-1368
7.52127885818	-1368
7.52130889893	-1368
7.52140784264	-1368
7.52176499367	-1368
7.52183890343	-1368
7.5219039917	-1368
7.52196097374	-1368
7.52197885513	-1368
7.52210903168	-1368
7.52219891548	-1368
7.52221703529	-1368
7.52224397659	-1368
7.5222928524	-1368
7.52232503891	-1368
7.522356987	-1368
7.52256393433	-1368
7.5226688385	-1368
7.52268695831	1368
7.52269387245	-1368
7.53088903427	-1368
7.53093194962	-1368
7.53095984459	-1368
7.5376598835	-1368
7.53780293465	-1368
7.53784298897	-1368
7.53797292709	-1368
7.54704284668	-291
7.55810189247	-1368
7.5648059845	1007
7.56645393372	543
7.68490195274	-1289
7.72831082344	543
7.79455685616	-1368
7.79458498955	-1368
7.79460191727	-1368
7.84854793549	-95
7.85471796989	543
7.97544693947	-1057
8.02015185356	543
8.03650403023	-1368
8.03653001785	-1368
8.05708193779	-1368
8.14661693573	-66
8.14664292336	543
8.19505286217	-1368
8.195114851	-1368
8.19760799408	-1368
8.19767999649	-1368
8.19775104523	-1368
8.19776082039	-1368
8.19777083397	-1368
8.1977930069	-1368
8.19784903526	-1368
8.19789290428	-1368
8.19790792465	-1368
8.19802498817	-1368
8.19867897034	-1368
8.19871282578	-1368
8.19874691963	-1368
8.19879984856	-1368
8.19883084297	-1368
8.1988658905	-1368
8.1988940239	-1368
8.19892001152	-1368
8.19894695282	-1368
8.19939088821	1368
8.20316386223	-1368
8.20320796967	-1368
8.20323586464	-1368
8.20330691338	-1368
8.20334196091	-1368
8.20336699486	-1368
8.21589684486	-1368
8.21595001221	-1368
8.21608400345	-1368
8.21783494949	-1368
8.21786999702	-1368
8.21789693832	-1368
8.21791601181	-1368
8.21816086769	-1368
8.21835899353	-1368
8.21854496002	-1368
8.21859884262	-1368
8.21865200996	-1368
8.21923804283	-1368
8.2192800045	-1368
8.21930599213	-1368
8.21936202049	-1368
8.21939682961	-1368
8.21942400932	-1368
8.21945691109	-1368
8.27285790443	-107
8.27289295197	775
8.39925098419	-1086
8.39978384972	543
8.52920985222	1368
8.59109187126	-1057
8.59119701385	261
8.71754789352	543
8.73834300041	-543
8.89121484756	-1368
8.89124202728	543
8.89125299454	-1368
8.89129495621	-1368
8.89134883881	-1368
8.89138388634	-1368
8.89141082764	-1368
8.89348292351	-1368
8.89357995987	-1368
8.89360904694	-1368
8.90453386307	-741
8.90485787392	1368
8.90571689606	-1368
8.91192889214	-1368
8.91195893288	-1368
8.91208982468	-1368
9.03087282181	-783
9.03090691566	261
9.07622694969	-1368
9.07627391815	-1368
9.10798597336	-1368
9.1080160141	-1368
9.10804104805	-1368
9.10807800293	-1368
9.10812282562	-1368
9.10826301575	-1368
9.1084690094	-1368
9.10855984688	-1368
9.10856795311	-1368
9.11504197121	1368
9.12042403221	-1368
9.12095284462	-1368
9.12097287178	-1368
9.12098789215	-1368
9.12121391296	-1368
9.12124800682	-1368
9.12129998207	-1368
9.12209296227	-1368
9.12211799622	-1368
9.1221549511	-1368
9.12249588966	-1368
9.12253284454	-1368
9.12263083458	-1368
9.12280488014	-1368
9.12287092209	-1368
9.12294697762	-1368
9.12790989876	1368
9.12860298157	-1368
9.12861800194	-1368
9.15736603737	-913
9.15739297867	1065
9.16661500931	-1368
9.16664791107	-1368
9.28374791145	-377
9.2839820385	543
9.29012489319	-1368
9.29015398026	-1368
9.29017496109	-1368
9.29023385048	-1368
9.29024791718	-1368
9.29031085968	-1368
9.29033684731	-1368
9.29044985771	-1368
9.29105591774	-1368
9.29109287262	-1368
9.29116392136	-1368
9.30502295494	-1368
9.31106185913	-1368
9.35627388954	-1368
9.35703587532	-1368
9.35705804825	-1368
9.36778402328	-1368
9.36783194542	-1368
9.36789083481	-1368
9.36824297905	-1368
9.36826992035	-1368
9.36842894554	-1368
9.36855387688	-1368
9.36857485771	-1368
9.36860799789	-1368
9.36862182617	-1368
9.36866092682	-1368
9.36867904663	-1368
9.36935687065	-1368
9.36939501762	-1368
9.36942791939	-1368
9.36953091621	-1368
9.36954784393	-1368
9.36957502365	-1368
9.36973595619	1368
9.38419485092	-1368
9.38422083855	-1368
9.38423800468	-1368
9.38751792908	-1368
9.38754892349	-1368
9.38755393028	-1368
9.39039492607	-1368
9.41033792496	-1235
9.41037297249	804
9.61918592453	-1368
9.61922883987	-203
9.6400308609	-1368
9.74592685699	-1231
9.74988484383	543
9.94415903091	1057
9.97331786156	-543
10.232624054	-1057
10.2332859039	1057
10.4486699104	-1057
10.5131168365	1057
10.7163209915	543
10.7854609489	-1368
10.7855138779	-1368
10.7855529785	-891
10.8009128571	-1368
10.8009610176	-1368
10.8009958267	-1368
10.8010640144	-1368
10.8010928631	-1368
10.801117897	-1368
10.8084499836	-1368
10.9109969139	-1368
10.9110469818	1086
10.9120168686	-538
11.1026320457	-543
11.1031448841	543
11.2291889191	-543
11.316300869	-1368
11.3163590431	543
11.3163909912	-1368
11.3926589489	-891
11.4083659649	1368
11.4083869457	1368
11.5071978569	-1368
11.5072610378	406
11.5072889328	-1368
11.5192329884	-891
11.6455738544	-543
11.6456458569	1086
11.6879010201	-1368
11.6879580021	-1368
11.6893210411	-1368
11.6893749237	-1368
11.6894109249	-1368
11.6996068954	-1368
11.6996848583	-1368
11.6996979713	-1368
11.6997048855	-1368
11.7039158344	-1368
11.7039740086	-1368
11.7040119171	-1368
11.7040259838	-1368
11.7040338516	-1368
11.7040579319	-1368
11.7045600414	-1368
11.7045960426	-1368
11.7046298981	-1368
11.7089879513	-1368
11.7090439796	-1368
11.7090799809	-1368
11.7191569805	-1368
11.7192349434	-1368
11.7192490101	-1368
11.7192549706	-1368
11.719260931	-1368
11.7192678452	-1368
11.7192978859	-1368
11.7193119526	-1368
11.7193338871	-1368
11.7250230312	-1368
11.7250809669	-1368
11.7251169682	-1368
11.7259399891	-1368
11.7259759903	-1368
11.7259850502	-1368
11.7259919643	-1368
11.7260138988	-1368
11.7260549068	-1368
11.7271049023	1368
11.7345900536	-1368
11.7346379757	-1368
11.7346708775	-1368
11.7346889973	-1368
11.734719038	-1368
11.7347509861	-1368
11.7347788811	-1368
11.7353990078	-1368
11.7354178429	-1368
11.7604439259	-1368
11.7605009079	-1368
11.7605359554	-1368
11.7605438232	-1368
11.7605500221	-1368
11.7605550289	-1368
11.7606239319	-1368
11.7606668472	-1368
11.7607109547	-1368
11.7609219551	-1368
11.7611489296	-1368
11.7611839771	-1368
11.7613148689	-1368
11.7614068985	-1368
11.7614500523	-1368
11.7617628574	-1368
11.7618598938	-1368
11.761895895	-1368
11.7620019913	-1368
11.7621219158	-1368
11.7621819973	-1368
11.7624030113	-1368
11.7627568245	-1368
11.7628359795	-1368
11.7628819942	-1368
11.7629988194	-1368
11.76303792	-1368
11.7630999088	-1368
11.7633609772	-1368
11.7633779049	-1368
11.7634818554	-1368
11.7645008564	1368
11.7658028603	-1368
11.7658569813	-1368
11.7658920288	-1368
11.7708318233	-1368
11.7709109783	-1368
11.7709238529	-1368
11.7709310055	-1368
11.7709369659	-1368
11.7709648609	-1368
11.7720139027	-517
11.7720599174	522
11.7766928673	-1368
11.7767250538	-1368
11.7768259048	-1368
11.7800009251	-1368
11.7800459862	-1368
11.7800579071	-1368
11.7808568478	-1368
11.7808990479	-1368
11.7809419632	-1368
11.7809729576	-1368
11.7810118198	-1368
11.7810499668	-1368
11.7911260128	-1368
11.7911708355	-1368
11.7912459373	-1368
11.7912738323	-1368
11.8983469009	-533
11.898403883	1086
12.0247638226	-543
12.024794817	543
12.1950719357	-1368
12.19511199	543
12.1951329708	-717
12.3712508678	-543
12.3718559742	543
12.5416660309	-1368
12.5417268276	-1368
12.5417599678	-891
12.5567989349	543
12.7415909767	-543
12.7416489124	543
12.9664819241	-1368
12.9665389061	-1368
12.966575861	-377
14.3928689957	-543
