0	-543
3.18191885948	-543
3.56309390068	1057
3.76643586159	-543
3.79692196846	-1420
3.79697990417	-1276
3.89107394218	-931
3.89323186874	543
3.89390277863	543
4.09459090233	-543
4.26953577995	-1057
4.27937293053	1057
4.48043894768	-543
4.51166892052	-1348
4.51172780991	-1348
4.63621282578	-931
4.63829278946	543
4.63896393776	543
4.83764386177	-543
4.86521077156	543
4.96580076218	-1420
4.96587777138	-1420
4.96592187881	-1204
4.98041987419	-1420
4.98047685623	-1420
4.98049497604	-1204
4.99809288979	-1420
4.99815297127	-1276
4.99827384949	-1348
5.00137281418	-1420
5.0013999939	-1276
5.02565598488	1057
5.05569696426	1057
5.09053397179	-1420
5.09055089951	-1420
5.09060692787	-1420
5.09060978889	-1132
5.09064388275	-1420
5.09064793587	-1276
5.09087395668	543
5.10514688492	-1420
5.10516285896	-1420
5.10521697998	-1204
5.105219841	-1420
5.10525393486	-1420
5.10525584221	-1204
5.12289381027	-1420
5.12290978432	-1420
5.12296676636	-1420
5.12296891212	-1132
5.12590789795	-1348
5.12601876259	-1420
5.12607884407	-1420
5.12608194351	-1420
5.12612390518	-1132
5.1261267662	-1348
5.12623095512	543
5.21530580521	-1420
5.2153429985	-1420
5.21542096138	-1420
5.21542477608	-1420
5.21546697617	-1420
5.21547079086	-1420
5.21554088593	-1420
5.21554493904	-844
5.21558499336	-1420
5.21558690071	-1276
5.21563076973	-1348
5.21563386917	-1348
5.21600198746	543
5.22976088524	-1420
5.22977495193	-1420
5.22986578941	-1420
5.22986793518	-1132
5.22990489006	-1420
5.22990679741	-1420
5.22994089127	-1420
5.22994279861	-1132
5.22998690605	-1420
5.2299888134	-1420
5.23003292084	-1204
5.23003482819	-1348
5.23073482513	543
5.23116779327	1057
5.23816776276	1057
5.24726676941	-1348
5.24740576744	-1420
5.24749684334	-1420
5.24749994278	-1204
5.2475438118	-1348
5.24754691124	-1420
5.24758791924	-1420
5.24758982658	-1204
5.25063490868	-1420
5.25064086914	-1276
5.25073981285	-1420
5.25074291229	-1420
5.25078177452	-1204
5.25078487396	-1348
5.2509059906	-1420
5.25090885162	-1276
5.25095391273	-1420
5.25095582008	-1276
5.25109195709	543
5.25125479698	543
5.29052686691	-1420
5.29054379463	-1276
5.34011697769	-1420
5.34013676643	-1276
5.3401927948	-1420
5.34019684792	-1420
5.34026288986	-1420
5.34027385712	-1420
5.340310812	-1420
5.34031295776	-988
5.3403468132	-1420
5.34034991264	-1420
5.34039497375	-1420
5.3403968811	-1132
5.3404917717	-1420
5.34049487114	-1420
5.34053778648	-1204
5.34053993225	-1420
5.3405828476	-1276
5.34058594704	-1348
5.34071588516	-1348
5.34075593948	-1420
5.34078383446	-1276
5.34089994431	-1420
5.34090280533	-1420
5.34090399742	-1204
5.34122681618	543
5.35448384285	-1420
5.35449695587	-1420
5.35456395149	-1204
5.35456681252	-1420
5.35460186005	-1420
5.3546037674	-1204
5.35465598106	-1420
5.35465884209	-1420
5.35470199585	-1204
5.35479998589	-1420
5.3548438549	-1420
5.35484576225	-1204
5.3548848629	-1420
5.35489583015	-1276
5.35495185852	-1420
5.35495495796	-1420
5.35499691963	-1204
5.35499882698	-1348
5.35512685776	-1420
5.35513091087	-1420
5.35517477989	-1204
5.35517692566	-1348
5.35541796684	543
5.35560083389	543
5.35633993149	-1420
5.35634493828	-1276
5.37230086327	-1420
5.37232995033	-1420
5.37238788605	-1204
5.3723897934	-1420
5.3724257946	-1420
5.37242889404	-1204
5.3724629879	-1348
5.37260198593	-1348
5.3731238842	-1420
5.37312889099	-1420
5.37317681313	-1420
5.37317991257	-1132
5.37326788902	-1348
5.37326979637	-1420
5.37330389023	-1118
5.37342691422	543
5.37953281403	543
5.38514590263	543
5.39604496956	1460
5.39612197876	625
5.44290399551	1057
5.45597982407	1057
5.4588367939	1057
5.46145391464	1057
5.4841837883	-1420
5.48420977592	-1276
5.48471999168	-1348
5.49792385101	-155
5.52610683441	-1420
5.52611994743	-1420
5.52617287636	-1204
5.53528380394	543
5.53713583946	543
5.53734493256	543
5.622371912	-669
5.62774085999	543
5.65602898598	-1348
5.65856385231	-1420
5.65861797333	-1276
5.65938282013	-1348
5.65946888924	-1348
5.65974187851	-1348
5.65998697281	-1420
5.6599919796	-1420
5.66002988815	-1204
5.66414189339	543
5.66756796837	-1420
5.66757392883	-1420
5.66761684418	-1204
5.67876696587	543
5.68053388596	543
5.68077898026	543
5.6863257885	-1420
5.68633294106	-1420
5.68638396263	-1204
5.68638586998	-1420
5.68642187119	-1276
5.68669986725	-1420
5.68677282333	-1420
5.68678498268	-1204
5.68682479858	-1420
5.68682694435	-1276
5.68720889091	-1420
5.68721199036	-1276
5.68728899956	-1348
5.68778586388	-1420
5.68782281876	-1420
5.6878259182	-1420
5.6878528595	-1132
5.68806791306	543
5.68822383881	-1420
5.68822693825	-1420
5.68825387955	-1204
5.70077681541	-1420
5.70082998276	-1276
5.71256399155	-1420
5.71260976791	-1276
5.7127199173	-1348
5.71281099319	-1348
5.71307897568	-1420
5.71314287186	-1420
5.7131459713	-1204
5.71319890022	-1420
5.71320986748	-1420
5.71324586868	-1204
5.71324777603	-1348
5.71351194382	-1420
5.71351599693	-1276
5.71355199814	-1420
5.71355390549	-1420
5.71358680725	-1204
5.71385598183	-1420
5.71389389038	-1420
5.71389698982	-1204
5.71431994438	-1348
5.71443796158	-1420
5.71443986893	-1276
5.71448087692	-1348
5.71454381943	-1420
5.71454787254	-1276
5.71482992172	-1420
5.71483397484	-1420
5.71483492851	-1204
5.71532392502	-1420
5.71532678604	-1420
5.71532797813	-1204
5.7156188488	-1348
5.71636891365	1057
5.71663188934	543
5.71718788147	-1420
5.71719384193	-1420
5.71721577644	-1204
5.72630286217	-1420
5.72632598877	-1276
5.72650980949	-1348
5.73764777184	-1420
5.73765587807	-1276
5.7386598587	-1348
5.73895788193	-1348
5.73907494545	-1420
5.73907780647	-1276
5.73926186562	-1420
5.73926496506	-1276
5.73934698105	-1420
5.73934984207	-1420
5.73936796188	-1204
5.73946785927	-1420
5.73950576782	-1276
5.7399058342	-1420
5.73994493484	-1420
5.73994684219	-1204
5.73998093605	-1348
5.74016594887	1057
5.74031496048	-1348
5.74083590508	-1420
5.74087882042	-1276
5.74101495743	-1348
5.78060889244	-1420
5.78062176704	-1420
5.78067278862	-1420
5.78067588806	-1132
5.78349280357	-1420
5.78350877762	-1420
5.78356385231	-1420
5.78356790543	-1132
5.78403091431	-1420
5.7840359211	-1276
5.78406381607	-1348
5.78416776657	-1348
5.78453278542	-1420
5.78453779221	-1276
5.78455996513	-1348
5.78468894958	-1420
5.78473687172	-1276
5.78473997116	-1420
5.78477478027	-1276
5.78487277031	-1348
5.78507494926	543
5.7923438549	-1420
5.79236292839	-1420
5.79241776466	-1420
5.79242086411	-1420
5.79245591164	-1060
5.79245877266	-1348
5.79270577431	1057
5.81100177765	-1420
5.81104397774	-1420
5.81110692024	-1204
5.81110978127	-1420
5.81120681763	-1420
5.81120896339	-1420
5.81130099297	-1132
5.81130290031	-1348
5.81134390831	-1420
5.81134676933	-1276
5.81137895584	-1420
5.81138181686	-1420
5.81143593788	-1204
5.81143784523	-1420
5.8115170002	-1420
5.81151986122	-1204
5.81160497665	-1420
5.811606884	-1276
5.81164193153	-1420
5.81164383888	-1276
5.81178283691	-1420
5.81178593636	-1420
5.81178689003	-1204
5.81193089485	-1348
5.81257176399	-1420
5.81258392334	-1420
5.81258678436	-1420
5.81258797646	-1132
5.81264090538	-1420
5.8126437664	-1420
5.8126449585	-1204
5.81278991699	-1420
5.81279397011	-1420
5.81279492378	-1204
5.81314492226	-1420
5.81314897537	-1420
5.81314992905	-1204
5.81321692467	-1420
5.81321978569	-1276
5.81325697899	-1348
5.8162279129	543
5.81658196449	1057
5.82537388802	-1420
5.82537984848	-1276
5.82540488243	-1420
5.82540798187	-1276
5.83732795715	-1420
5.83733677864	-1420
5.83738183975	-1420
5.83738398552	-1132
5.83774280548	-1420
5.83774781227	-1420
5.83777880669	-1420
5.83778095245	-1132
5.8378868103	-1420
5.83789086342	-1276
5.8379099369	-1420
5.83791184425	-1276
5.83811688423	-1420
5.83812093735	-1420
5.83816695213	-1420
5.83816885948	-1132
5.83820581436	-1420
5.83820796013	-1420
5.8382499218	-1204
5.83825278282	-1348
5.83840489388	-1420
5.83840799332	-1420
5.8384449482	-1204
5.83844685555	-1420
5.83848977089	-1420
5.83849191666	-1204
5.83864998817	-1420
5.8386528492	-1420
5.83865499496	-1420
5.83865594864	-1420
5.83865690231	-1060
5.83865785599	-1420
5.83865880966	-234
5.83886289597	543
5.83915281296	1057
5.87125587463	543
5.8783288002	-1348
5.89284992218	-1420
5.89291286469	-1420
5.89291787148	-1204
5.89295291901	-1348
5.89301896095	-1348
5.89326477051	-1348
5.89376091957	-1420
5.89380598068	-1420
5.89380884171	-1204
5.89423894882	-1420
5.89424395561	-1420
5.89428281784	-1204
5.89428496361	-1420
5.89431786537	-1420
5.89432096481	-1204
5.90829586983	-1420
5.90830779076	-1276
5.90858483315	-1348
5.90892982483	-1348
5.9093079567	-1348
5.90995979309	-1348
5.91037392616	-1348
5.91037893295	-1420
5.91041588783	-1420
5.91041898727	-1204
5.91055488586	-1348
5.91059684753	-1348
5.91066288948	-1348
5.91073393822	-1420
5.9107708931	-1276
5.91095399857	-1348
5.91117095947	-1420
5.91117477417	-1420
5.9112098217	-1204
5.91142296791	-1420
5.91146087646	-1276
5.91153597832	-1348
5.9122068882	-1420
5.91221094131	-1420
5.91221189499	-1204
5.91243076324	543
5.91258978844	-1420
5.9125919342	-1420
5.91259288788	-1204
5.9128408432	1057
5.91313195229	-1420
5.91313576698	-1420
5.91315889359	-1204
5.91344594955	-1420
5.91346693039	-1420
5.91346979141	-1204
5.9137969017	-1348
5.91423892975	-1420
5.91426277161	-1276
5.91447496414	-1420
5.914498806	-1276
5.91456794739	-1348
5.92231988907	-1420
5.92232680321	-1420
5.92234992981	-1204
5.93885397911	1460
5.93893480301	1460
5.93897080421	1161
5.93907880783	603
5.94354581833	1460
5.94395184517	625
5.94490790367	1460
5.94495391846	625
5.94901394844	1460
5.94908881187	625
5.94941997528	1057
5.95583677292	1057
5.95688676834	-1348
5.95699977875	543
5.95808982849	-1420
5.95809578896	-1420
5.95813989639	-1204
5.95828986168	-1348
5.95849895477	-1420
5.95850276947	-1276
5.95864677429	-1420
5.95865082741	-1276
5.95867991447	-1348
5.95907783508	-1420
5.95911979675	-1420
5.95912289619	-1204
5.95919179916	-1348
5.96329498291	-76
5.97246479988	-1348
5.97247481346	-1348
5.9726228714	-1348
5.98965477943	1057
5.99190878868	-1348
5.99199676514	-1420
5.99204087257	-1276
5.99260091782	-1420
5.99264597893	-1276
5.99314284325	-1348
5.99318385124	-1420
5.99318599701	-1420
5.99322080612	-1204
5.99376988411	-1348
5.99390983582	-1420
5.99391293526	-1276
5.99469995499	-1420
5.99470281601	-1276
5.99481797218	-1348
5.99521398544	-1420
5.99523282051	-1420
5.99523496628	-1204
5.99585986137	543
5.99601078033	543
6.00509095192	-1420
6.00509881973	-1420
6.00516080856	-1204
6.005163908	-1420
6.00521492958	-1276
6.0052177906	-1348
6.00535178185	-1348
6.00550293922	543
6.00562787056	-1420
6.00563192368	-1276
6.00583696365	-1420
6.00584077835	-1420
6.00587892532	-1204
6.00616884232	-1420
6.00619387627	-1276
6.00628781319	-1348
6.00640678406	-1348
6.00669193268	-1420
6.00671887398	-1276
6.00713276863	-1348
6.0196647644	-1420
6.01967978477	-1276
6.01984190941	-1348
6.02009391785	-1420
6.02013587952	-1276
6.02034282684	-1348
6.02045893669	-1348
6.02062487602	-1420
6.02066278458	-1420
6.02066493034	-1204
6.02094388008	-1348
6.02094697952	-1348
6.02120184898	-1420
6.0212059021	-1276
6.02127385139	-1420
6.02127695084	-1276
6.02142095566	-1420
6.02142381668	-1276
6.02158880234	-1420
6.02159190178	-1420
6.02162694931	-1420
6.02162981033	-1132
6.02169394493	-1420
6.02169585228	-1276
6.02188396454	-1348
6.02221488953	-1420
6.02221798897	-1276
6.02248191833	-1348
6.02258682251	-1420
6.02258992195	-1276
6.02298092842	-1348
6.0231719017	543
6.02329587936	-1420
6.02329778671	-1276
6.02331280708	543
6.02353692055	-1348
6.02363681793	543
6.02388286591	-1420
6.0238878727	-1276
6.024766922	-1348
6.02501296997	-1420
6.0250377655	-1420
6.02503991127	-1204
6.02546286583	-1420
6.02546787262	-1420
6.02550888062	-1204
6.02600693703	-1348
6.02610683441	543
6.02627277374	-1420
6.02627682686	-1276
6.02629685402	-1348
6.02636694908	543
6.02640199661	-1348
6.02657699585	-1420
6.02659988403	-1276
6.02668190002	-1420
6.02670097351	-1276
6.02682995796	-1420
6.0268509388	-1420
6.02685379982	-1204
6.02696585655	-1420
6.02696895599	-1420
6.02700591087	-1204
6.03438091278	-1420
6.03442382812	-1420
6.03442692757	-1204
6.03482794762	-1420
6.03483295441	-1420
6.03488183022	-1420
6.03488492966	-1132
6.03493499756	-1420
6.03493690491	-1276
6.0351088047	-1348
6.03516387939	543
6.03528094292	-1420
6.03528380394	-1276
6.03548192978	-1420
6.03548693657	-1276
6.03558492661	-1420
6.03558778763	-1276
6.03585386276	-1420
6.03585886955	-1420
6.03587889671	-1204
6.05115699768	-1420
6.05121898651	-1420
6.0512239933	-1204
6.06908297539	-1420
6.06909799576	-1276
6.06928992271	543
6.08798789978	-1142
6.08843684196	543
6.08912777901	-1420
6.08913397789	-1276
6.09033894539	-1420
6.09034490585	-1276
6.09099388123	-1420
6.09099888802	-1276
6.09146499634	-1420
6.0914709568	-1420
6.09151077271	-1204
6.09192991257	-1348
6.09239077568	-1420
6.09240484238	-1276
6.09270882607	-1348
6.09300088882	-1348
6.09302592278	-1348
6.09318876266	-1348
6.11797189713	-1420
6.11803483963	-1276
6.11809396744	-1348
6.11809587479	-1348
6.1183578968	-1348
6.11836194992	-1420
6.1184117794	-1420
6.11841487885	-1204
6.11850976944	543
6.11859798431	-1348
6.11876678467	-1420
6.11882686615	-1276
6.1188287735	-1348
6.11911177635	-1420
6.11911678314	-1420
6.11915779114	-1204
6.13155293465	-1420
6.1316049099	-1420
6.13160896301	-1204
6.14473295212	-1348
6.14491796494	-1420
6.14496183395	-1276
6.14538288116	-1348
6.14549994469	543
6.145829916	-1348
6.14589691162	543
6.14629292488	-1420
6.14629793167	-1276
6.14637184143	-1348
6.14849281311	-1420
6.14853787422	-1420
6.14854097366	-1204
6.1507999897	-1420
6.15080595016	-1420
6.15084695816	-1204
6.15119576454	-1348
6.15146589279	-1348
6.15150380135	-1420
6.15153384209	-1276
6.15192389488	-1420
6.15196681023	-1276
6.15219187737	-1420
6.15223693848	-1420
6.1522397995	-1204
6.15270090103	-1420
6.15270590782	-1420
6.15273189545	-1204
6.15273499489	-1348
6.15294790268	-1420
6.15295290947	-1276
6.15311384201	-1348
6.15404176712	-1420
6.15408682823	-1420
6.154088974	-1204
6.15431690216	-1348
6.154504776	-1420
6.15454888344	-1276
6.15461683273	543
6.15476584435	-1420
6.15476989746	-1276
6.15495896339	-1348
6.15896081924	-1420
6.1590077877	-1420
6.15901184082	-1204
6.16334199905	-1348
6.16343092918	543
6.16569185257	543
6.17091178894	-1348
6.17187786102	1057
6.17194581032	-1348
6.17210793495	-1420
6.17215180397	-1276
6.17240190506	-1420
6.1724448204	-1420
6.17244791985	-1204
6.17271399498	-1420
6.172716856	-1276
6.17312097549	-1348
6.17328882217	-1420
6.17332983017	-1420
6.17333292961	-1204
6.17373299599	-1420
6.17373681068	-1420
6.17377781868	-1204
6.17389297485	1460
6.17393684387	1460
6.1739718914	707
6.17401981354	-1348
6.17406582832	-1420
6.17408585548	-1276
6.17814683914	-1348
6.17819786072	-1420
6.17820191383	-1276
6.17859578133	-1420
6.17861580849	-1276
6.18219089508	-1348
6.18642878532	-1348
6.19187879562	-1420
6.19189381599	-1276
6.19252276421	-1420
6.19252896309	-1420
6.19256877899	-1204
6.19776678085	-1348
6.19780993462	-1420
6.19781398773	-1276
6.19799280167	-1420
6.19799590111	-1276
6.19804477692	-1348
6.19951677322	-1420
6.19959497452	-1276
6.19976782799	-1420
6.19978880882	-1276
6.19987797737	1057
6.20018792152	-1420
6.20019388199	-1420
6.20023393631	-1204
6.20059895515	-1420
6.20064282417	-1276
6.20093584061	-1420
6.20096993446	-1276
6.20118188858	-1420
6.20122385025	-1420
6.20122694969	-1204
6.20141482353	-1348
6.2015068531	-1420
6.20152878761	-1276
6.20179486275	-1348
6.20203495026	-1420
6.20203995705	-1276
6.20205998421	-1348
6.20269179344	-1420
6.20271778107	-1420
6.20271992683	-1204
6.20407676697	-1420
6.20408177376	-1420
6.20412182808	-1204
6.20491576195	-1420
6.20495676994	-1420
6.20495891571	-1204
6.20602679253	-1420
6.20603084564	-1276
6.20623278618	-1348
6.20690393448	-1348
6.20740199089	-1420
6.20740485191	-1276
6.20764088631	-1420
6.20764398575	-1420
6.20768094063	-1204
6.20786595345	-1420
6.20789694786	-1276
6.2080039978	-1420
6.2080078125	-1276
6.20803880692	543
6.20830392838	-1420
6.20830893517	-1276
6.20840382576	-1348
6.20845293999	1057
6.2089138031	-1420
6.20893883705	-1420
6.2089779377	-1204
6.20898079872	-1348
6.20903682709	-1420
6.20903992653	-1276
6.21189498901	-1420
6.21190094948	-1276
6.21204280853	-1420
6.21204590797	-1420
6.21208691597	-1204
6.21217894554	-1420
6.21220088005	-1276
6.2132089138	-1420
6.21323394775	-1276
6.21335291862	-1420
6.21336984634	-1276
6.21340298653	-1420
6.21341991425	-41
6.21354079247	-1420
6.21357584	-1420
6.21357893944	-1204
6.2136619091	-1420
6.21366477013	-1276
6.21376991272	-1420
6.21377277374	-1276
6.2138068676	-1348
6.22615885735	1057
6.22763085365	543
6.23046588898	543
6.23625183105	-1420
6.23625683784	-1420
6.23630094528	-1204
6.23654484749	-1420
6.23659396172	-1276
6.23694396019	-1420
6.23698186874	-1420
6.23698377609	-1204
6.23784279823	-1420
6.23784589767	-1276
6.23864293098	-1420
6.23864579201	-1276
6.24013996124	-1420
6.24014377594	-1276
6.2403049469	543
6.24046993256	543
6.24057483673	543
6.24111580849	-1420
6.24111890793	-1420
6.24114084244	-1204
6.24192476273	-1420
6.241948843	-1420
6.24195194244	-1204
6.24264597893	-1420
6.24265193939	-1276
6.24268078804	-1348
6.24304986	-1420
6.243090868	-1420
6.24309396744	-1204
6.2434258461	-1348
6.24376893044	-1348
6.24389982224	-1348
6.24428796768	-1420
6.24431085587	-1276
6.24437689781	-1348
6.24499797821	-1420
6.24500083923	-1420
6.24503898621	-1204
6.24572777748	-1420
6.24574685097	-1276
6.24623179436	-1420
6.24626898766	-1276
6.24657177925	-1420
6.24660992622	-1420
6.24661278725	-1204
6.24735188484	-1420
6.24735498428	-1420
6.24739098549	-1204
6.24770593643	-1420
6.24775481224	-1276
6.24831986427	-1420
6.24832296371	-1420
6.24832391739	-1204
6.24847984314	543
6.24879097939	543
6.2489118576	-1348
6.24941682816	-1420
6.24944877625	-1276
6.24969577789	-1348
6.24996781349	-1348
6.2504799366	-1348
6.25050377846	-1348
6.2505698204	543
6.25083994865	-1420
6.25084495544	-1420
6.25088691711	-1204
6.25107383728	-1420
6.25111699104	-1276
6.25145792961	-1348
6.25178098679	-1420
6.25178599358	-1420
6.25180482864	-1204
6.25222587585	-1420
6.25227093697	-1420
6.25227379799	-1204
6.25253081322	-1420
6.25253582001	-1276
6.25259685516	-1420
6.25259995461	-1276
6.25269579887	-1420
6.25269985199	-1276
6.25305986404	-1420
6.25306391716	-1276
6.25313782692	-1420
6.25314092636	-1276
6.25324487686	-1348
6.25327587128	543
6.25640797615	-1420
6.25641393661	-1420
6.25645589828	-1204
6.25651979446	-1420
6.25655794144	-1420
6.25656080246	-1204
6.26006293297	543
6.26081180573	543
6.26420092583	543
6.26967787743	-1420
6.26970386505	-1420
6.26976084709	-1204
6.26976394653	-1348
6.2700779438	-1348
6.27016592026	-1420
6.27019476891	-1420
6.27019691467	-1204
6.27099084854	-1420
6.27099394798	-1420
6.27106499672	-1420
6.27106785774	-1132
6.27110290527	-1420
6.27110481262	-1276
6.27134585381	543
6.27296590805	-1420
6.27298092842	-1276
6.27306580544	-1420
6.27306890488	-1276
6.27308797836	-1348
6.27327394485	-1420
6.27331280708	-1420
6.27331590652	-1204
6.2753329277	-1420
6.27533698082	-1420
6.27537488937	-1204
6.27544784546	-1420
6.27548599243	-1420
6.27548789978	-1204
6.27591586113	-1420
6.27591991425	-1276
6.27601099014	-1420
6.27601480484	-1420
6.27605199814	-1204
6.27605390549	-1348
6.27612090111	-1348
6.27628397942	-1348
6.27642679214	543
6.27658176422	-1420
6.27658581734	-1420
6.27662491798	-1204
6.27666592598	-1348
6.27677083015	1057
6.27690696716	-1420
6.27691197395	-1420
6.27695083618	-1204
6.27702379227	-1420
6.27706289291	-1420
6.27706599236	-1204
6.27747988701	-1420
6.27748394012	-1276
6.27763485909	-1420
6.27763986588	-1276
6.27765893936	-1420
6.27766084671	-1276
6.27783894539	-1420
6.27784180641	-1420
6.27787780762	-1204
6.27787995338	-1420
6.27791285515	-1276
6.27796792984	-1348
6.27804398537	1460
6.27808594704	1460
6.27812194824	707
6.28429484367	-1348
6.28483891487	-1420
6.2848777771	-1276
6.2852897644	543
6.28553795815	-1348
6.28867793083	-1420
6.28871583939	-1420
6.2887198925	-1204
6.28946590424	-1420
6.28947091103	-1420
6.28950977325	-1204
6.29012680054	543
6.29107284546	-1420
6.2910759449	-1420
6.2911169529	-1204
6.29318380356	-1420
6.29322385788	-1420
6.29322695732	-1204
6.29432296753	-1348
6.29466295242	-1348
6.29525494576	-1348
6.29532384872	1057
6.29572176933	-1420
6.29572677612	-1420
6.29574990273	-1204
6.29641985893	-1420
6.29644489288	-1276
6.2973048687	-1348
6.29813885689	-1420
6.29814291	-1276
6.29880690575	-1348
6.29946088791	543
6.29973387718	-1420
6.29973888397	-1276
6.29976081848	-1348
6.30115294456	-1420
6.30117893219	-1420
6.30118179321	-1204
6.30146193504	543
6.30164980888	1460
6.30169677734	1460
6.30174779892	707
6.30184078217	-1420
6.30184388161	-1420
6.3018848896	-1204
6.30200886726	543
6.30217385292	1460
6.30221891403	1460
6.30226588249	707
6.3039047718	-1420
6.30390882492	-1276
6.30399298668	-1348
6.30405378342	543
6.3049659729	1460
6.30501294136	1460
6.30506086349	707
6.30651593208	-1348
6.30655479431	-1348
6.30661678314	-1348
6.30854296684	-1348
6.30980491638	-1420
6.3098077774	-1276
6.3105328083	-1420
6.31053686142	-1420
6.3105738163	-1204
6.31097483635	-1348
6.31179499626	-1420
6.31179976463	-1276
6.31200695038	543
6.31468296051	-1348
6.31922578812	-1420
6.31926584244	-1276
6.31932687759	543
6.32276296616	-1348
6.33823776245	-1344
6.34019398689	543
6.34553194046	-1420
6.34554481506	-1276
6.34652781487	-1420
6.34653282166	-1276
6.34659481049	-1348
6.3492898941	-1420
6.34933781624	-1276
6.34934186935	-1348
6.35083985329	-1420
6.35084295273	-1276
6.35090780258	-1348
6.35283184052	-1420
6.352891922	-1276
6.35289478302	-1348
6.35321688652	543
6.35390686989	-1420
6.35391187668	-1276
6.35417985916	-1348
6.3557908535	-1420
6.35580992699	-1420
6.35581183434	-1204
6.35841298103	-1420
6.35842394829	-1420
6.35847187042	-1204
6.36104679108	-1348
6.36238479614	-1420
6.36238980293	-1420
6.3624329567	-1204
6.36294078827	-1420
6.36296582222	-1276
6.36348080635	-1348
6.36387681961	-1420
6.3638818264	-1276
6.3651638031	-1348
6.36588978767	-1420
6.36591386795	-1276
6.36712384224	-1348
6.36881089211	-1420
6.36882686615	-1276
6.36893081665	543
6.36942887306	-1420
6.36943387985	-1420
6.36947584152	-1204
6.37018299103	-1420
6.37022280693	-1420
6.37022590637	-1204
6.37072181702	-1420
6.37072587013	-1420
6.37076282501	-1204
6.37130093575	-1420
6.37132096291	-1276
6.3716647625	-1420
6.37168383598	-1276
6.37208199501	-1420
6.37212085724	-1420
6.37212276459	-1204
6.37368178368	-1420
6.37368488312	-1276
6.3737847805	-1348
6.37444877625	-1420
6.37448883057	-1420
6.37449097633	-1204
6.37477493286	-1348
6.37553977966	-1420
6.3755428791	-1420
6.37554383278	-1204
6.37575387955	-1420
6.3757557869	-1276
6.37632393837	-1348
6.37641382217	543
6.37653589249	-1420
6.3765399456	-1276
6.37656879425	543
6.3768517971	543
6.37686777115	-1348
6.37734293938	543
6.3773598671	-1420
6.37736392021	-1420
6.37738180161	-1204
6.37818789482	-1420
6.378210783	-1276
6.37831091881	-1348
6.3888759613	-1348
6.40437889099	-1420
6.40443897247	-1276
6.40444397926	-1420
6.40446186066	-1276
6.40466380119	-1420
6.40470480919	-1420
6.40470790863	-1420
6.40474581718	-1132
6.40481591225	543
6.40491390228	-1348
6.4050347805	-1420
6.4050848484	-1276
6.40519976616	-1420
6.40523886681	-1276
6.40529584885	-1420
6.40532279015	-1420
6.40532493591	-1204
6.4054479599	-1420
6.40545082092	-1276
6.40566492081	543
6.40569877625	-1348
6.40570092201	-1420
6.40570187569	-1276
6.40576291084	-1348
6.40581297874	-1348
6.4064848423	-1420
6.40648984909	-1420
6.40653085709	-1204
6.40728783607	-1420
6.4073278904	-1420
6.40732979774	-1204
6.40761685371	-1420
6.40761995316	-1276
6.40769481659	-1348
6.40852284431	-1420
6.40855979919	-1276
6.40856194496	-1348
6.40917897224	-1420
6.40918183327	-1420
6.40921998024	-1204
6.40989398956	-1348
6.41021776199	-1420
6.41022181511	-1420
6.41025686264	-1204
6.4105079174	-1420
6.41054677963	-1276
6.41083192825	-1348
6.41116094589	-1420
6.41116380692	-1276
6.41142392159	-1420
6.41142678261	-1276
6.4119207859	-1420
6.41192388535	-1276
6.4120028019	-1348
6.41233587265	-1420
6.41233992577	-1420
6.41234087944	-1204
6.41273999214	543
6.4129178524	543
6.41312193871	543
6.41975283623	-1420
6.41976976395	-1276
6.41982197762	-1348
6.42007899284	-1348
6.42033982277	-1420
6.42035293579	-1276
6.42038393021	-1348
6.42086791992	-1348
6.42146492004	-1420
6.42146992683	-1276
6.43731284142	-1348
6.43753290176	-1348
6.43784284592	-1420
6.43784785271	-1276
6.4380338192	-1420
6.43803596497	-1276
6.43814182281	-1348
6.43834781647	-1348
6.43839097023	-1420
6.43839383125	-1276
6.43852591515	-1420
6.43852877617	-1276
6.43861293793	-1420
6.43861579895	-1276
6.43875598907	543
6.43918991089	-1420
6.43919682503	-1276
6.43934988976	-1348
6.4393529892	-1420
6.43937277794	-1276
6.43949079514	-1348
6.43974781036	-1348
6.44008088112	-1420
6.44012498856	-1420
6.44012784958	-1204
6.44016480446	-1420
6.44020390511	-1420
6.44024085999	-1204
6.44035196304	-1420
6.44035387039	-1420
6.44035482407	-1204
6.44038677216	543
6.44041776657	-1348
6.44050478935	-1348
6.44063687325	-1420
6.44065880775	-1276
6.44074296951	-1348
6.44243884087	-1420
6.44245100021	-1420
6.44248080254	-1204
6.44254899025	-1348
6.44279098511	-1348
6.44342494011	-1420
6.4434709549	-1420
6.44347381592	-1204
6.44357681274	543
6.45153188705	-1420
6.45154094696	-1420
6.45159077644	-1204
6.45173192024	-1348
6.45299077034	-1420
6.45299696922	-1420
6.45305085182	-1204
6.45305395126	-1420
6.45309782028	-1420
6.45309996605	-1204
6.4541208744	-1420
6.45412683487	-1420
6.45416879654	-1204
6.45474290848	-1420
6.45477390289	-1276
6.45506286621	-1420
6.45512986183	-1420
6.45513176918	-1204
6.45542097092	-1420
6.45542383194	-1420
6.45546984673	-1204
6.45578384399	-1420
6.45581293106	-1420
6.45581483841	-1204
6.45604777336	-1420
6.45605182648	-1420
6.45608878136	-1204
6.45616793633	-1348
6.45628499985	-1420
6.45628881454	-1276
6.45635581017	543
6.45661783218	-1420
6.45662093163	-1420
6.45662283897	-1204
6.45674490929	543
6.45696496964	-1420
6.45696997643	-1276
6.45698976517	-1348
6.45727396011	-1348
6.46509695053	-325
6.46753382683	-1420
6.46758890152	-1276
6.4681968689	-1348
6.48357987404	-1420
6.48360276222	-1420
6.48363780975	-1204
6.48432397842	-1420
6.48438477516	-1420
6.4843878746	-1204
6.48442983627	-1348
6.48443293571	-1420
6.48446679115	-1276
6.48467087746	-1420
6.48471283913	-1420
6.48471593857	-1204
6.4847779274	-1348
6.48493981361	-1420
6.48497891426	-1420
6.48498082161	-1204
6.48548078537	543
6.48569083214	543
6.4993288517	-1420
6.49934577942	-1420
6.49940180779	-1204
6.50132584572	-1420
6.50137495995	-1420
6.50137782097	-1204
6.50228977203	-1348
6.50312685966	-1348
6.50433683395	-1348
6.50444483757	-1348
6.50511479378	-1348
6.50580596924	-1420
6.50584387779	-1276
6.50636482239	-1348
6.50664377213	-1420
6.50664687157	-1276
6.50681781769	-1348
6.50838184357	543
6.51598882675	-1348
6.52854585648	-1420
6.52860283852	-1276
6.52910590172	-1348
6.52968287468	-1348
6.52986478806	-1420
6.52991294861	-1420
6.52991580963	-1204
6.52995085716	-1420
6.52995276451	-1276
6.53087687492	-1348
6.53088092804	-1420
6.5309278965	-1276
6.53100681305	543
6.5312769413	-1348
6.53134083748	543
6.53174090385	-1420
6.53174591064	-1420
6.5317838192	-1204
6.53185176849	-1420
6.53190088272	-1420
6.53190398216	-1204
6.53193998337	-1348
6.53198885918	-1420
6.53199076653	-1276
6.53214597702	-1420
6.53216576576	-1276
6.5322599411	-1420
6.53227782249	-1276
6.53253793716	-1420
6.53255796432	-1276
6.53255987167	-1348
6.53286886215	-1420
6.53287386894	-1276
6.5329887867	-1348
6.53345990181	-1420
6.53350090981	-1420
6.53350281715	-1204
6.53579378128	-1348
6.5364689827	-1420
6.53650999069	-1420
6.53651285172	-1204
6.53707885742	-1420
6.53708291054	-1276
6.53710079193	-1348
6.53766083717	-1420
6.53768086433	-1276
6.53801584244	-1348
6.53830099106	-1420
6.53830385208	-1420
6.53834080696	-1204
6.53887486458	-1420
6.53889584541	-1276
6.53898692131	-1348
6.54630088806	-1420
6.54631686211	-1420
6.54635381699	-1204
6.54649376869	543
6.55595088005	-1420
6.5559668541	-1276
6.55609488487	-1420
6.55609893799	-1276
6.55632591248	-1420
6.55633187294	-1420
6.55636882782	-1204
6.55731892586	-1420
6.55735087395	-1420
6.5573527813	-1204
6.55768489838	-1348
6.5585668087	-1420
6.55859494209	-1276
6.55900382996	-1348
6.55978178978	-1420
6.55978488922	-1420
6.55982089043	-1204
6.5601439476	-1420
6.56016397476	-1276
6.56059598923	-1348
6.56131982803	-1420
6.56132292747	-1420
6.56132388115	-1204
6.56251096725	-1420
6.56251382828	-1276
6.5626039505	-1348
6.56411480904	543
6.56419086456	-1420
6.56419491768	-1420
6.56419682503	-1204
6.56430077553	543
6.56511688232	543
6.56531095505	-1420
6.56531691551	-1420
6.56533694267	-1204
6.56635093689	-1420
6.56637597084	-1276
6.56643390656	-1348
6.5674059391	-1420
6.56741189957	-1420
6.56743383408	-1204
6.56751298904	543
6.56807279587	-1348
6.56860089302	-1420
6.5686237812	-1276
6.56897997856	-1420
6.5689997673	-1276
6.56908297539	-1348
6.56929993629	-1420
6.56930279732	-1276
6.56942176819	-1348
6.56942486763	-1420
6.569439888	-1276
6.56957387924	-1420
6.56958985329	-1276
6.56971478462	-1420
6.56975197792	-1420
6.56975483894	-1204
6.57043886185	-1420
6.57044291496	-1420
6.57046294212	-1204
6.57080292702	-1420
6.57084584236	-1420
6.57084798813	-1204
6.57130789757	-1420
6.57131385803	-1420
6.57133579254	-1204
6.57145285606	-1420
6.57149291039	-1420
6.57149481773	-1204
6.57154583931	-1420
6.57154893875	-1276
6.57158184052	-1348
6.57170391083	-1420
6.57174682617	-1420
6.57174992561	-1204
6.57184696198	-1420
6.571849823	-1420
6.571849823	-1204
6.57200884819	-1420
6.57204890251	-1420
6.57205080986	-1204
6.57211780548	-1420
6.57212090492	-1276
6.57216882706	-1420
6.5721719265	-1276
6.5722618103	543
6.57229495049	-1420
6.57229685783	-1276
6.57240581512	-1420
6.57240891457	-1276
6.5728828907	543
6.57298493385	543
6.57790994644	-1420
6.57791686058	-1420
6.57795882225	-1204
6.58129882812	543
6.58159589767	-1420
6.58160185814	-1420
6.58164191246	-1204
6.58164381981	-1348
6.58684396744	543
6.58846187592	-1420
6.58846783638	-1420
6.58851790428	-1204
6.58855390549	-1420
6.58857989311	-1276
6.58892297745	-1348
6.58939599991	-1420
6.58940076828	-1276
6.58992195129	-1348
6.5906059742	-1420
6.59065198898	-1420
6.59065485001	-1204
6.59073376656	-1420
6.590736866	-1276
6.59200286865	-432
6.59600877762	543
6.59612083435	-1420
6.59612393379	-1276
6.59724187851	-1420
6.5972468853	-1420
6.5972878933	-1204
6.59782099724	-1420
6.59787392616	-1276
6.597894907	-1348
6.59798979759	543
6.59815192223	-1420
6.59815478325	-1420
6.59819293022	-1204
6.59914183617	-1420
6.59916782379	-1420
6.59916996956	-1204
6.59992289543	543
6.60048890114	-1420
6.60049295425	-1420
6.60053181648	-1204
6.60170197487	-1348
6.60203790665	-1420
6.60204076767	-1276
6.60247278214	-1420
6.60247588158	-1420
6.60251188278	-1204
6.60340380669	-1420
6.60342288017	-1276
6.60350894928	-1348
6.60406184196	-1348
6.60450196266	-1348
6.60467982292	-1348
6.6050388813	-1348
6.60632276535	-1420
6.60632777214	-1276
6.60641479492	543
6.60702896118	-1420
6.60703492165	-1420
6.60705685616	-1204
6.60860586166	-1420
6.60865283012	-1420
6.60865592957	-1204
6.60924983025	-1348
6.60976576805	-1420
6.60978579521	-1276
6.61232686043	543
6.61287784576	-1348
6.61720180511	-1420
6.61723279953	-1276
6.6174018383	-1420
6.6174519062	-1276
6.61751794815	-1420
6.61754798889	-1420
6.61755084991	-1204
6.61756491661	-1348
6.61763691902	543
6.61780881882	543
6.61789488792	-1420
6.61789798737	-1420
6.61791682243	-1204
6.61792087555	-1420
6.61793589592	-1276
6.61806178093	-1420
6.61810398102	-1420
6.61810684204	-1204
6.61818790436	-1420
6.61819076538	-1276
6.61837792397	-1348
6.61838293076	-1348
6.61860990524	-1420
6.61861276627	-1276
6.61865496635	-1420
6.61865782738	-1276
6.61876583099	-1420
6.61876893044	-1276
6.61901283264	-1420
6.61901688576	-1420
6.61903691292	-1204
6.61919093132	-1420
6.61923193932	-1420
6.61923480034	-1204
6.61962795258	-1420
6.61963176727	-1420
6.61965179443	-1204
6.61983990669	-1420
6.61986994743	-1276
6.61987185478	-1348
6.6276538372	-1348
6.63212776184	-1420
6.6321709156	-1276
6.63228988647	543
6.65916895866	-1420
6.65918779373	-1276
6.65972495079	-1420
6.65972781181	-1420
6.65977191925	-1204
6.66168379784	-1420
6.66172790527	-1420
6.6617307663	-1204
6.6618449688	-1420
6.66184782982	-1420
6.66189885139	-1204
6.66190099716	-1420
6.66194295883	-1420
6.66194486618	-1420
6.66197896004	-1132
6.66198086739	-1348
6.66206383705	-1348
6.66218686104	543
6.66247797012	543
6.6625919342	-1420
6.66259694099	-1276
6.66326785088	-1348
6.66568589211	-1420
6.66573381424	-1420
6.66573691368	-1204
6.66625380516	-1420
6.6662569046	-1276
6.66675686836	-1348
6.66719889641	-1420
6.66723799706	-1420
6.6672399044	-1204
6.66803789139	-1420
6.66804099083	-1420
6.66807889938	-1204
6.67234683037	-1420
6.67239689827	-1420
6.67239999771	-1204
6.67618393898	-1420
6.67618989944	-1420
6.67623281479	-1204
6.6771068573	-1420
6.67714476585	-1420
6.67714691162	-1204
6.6777009964	-1420
6.67772698402	-1420
6.67776298523	-1204
6.67809176445	-1348
6.67823886871	-1420
6.67824196815	-1276
6.67864489555	-1420
6.678647995	-1276
6.67873597145	-1348
6.67899084091	-1348
6.67928195	-1348
6.6794629097	-1420
6.67949986458	-1276
6.67973279953	-1420
6.67977285385	-1420
6.67977595329	-1204
6.68033480644	-1420
6.68033790588	-1420
6.68033885956	-1204
6.68044281006	-1348
6.68051099777	-1420
6.68051481247	-1276
6.68067383766	-1420
6.6806769371	-1420
6.68067789078	-1204
6.68080091476	543
6.68091583252	-1420
6.68091988564	-1276
6.68100190163	-1348
6.68112683296	543
6.68129491806	-1348
6.6814558506	543
6.68150186539	-1420
6.68150377274	-1276
6.68775486946	-1420
6.68776392937	-1420
6.68779182434	-1204
6.69188785553	-1420
6.69193387032	-1276
6.69193696976	-1420
6.69196176529	-1420
6.69196391106	-1204
6.69266486168	-1420
6.69266986847	-1420
6.6926908493	-1204
6.69269299507	-1348
6.69281792641	543
6.69287180901	-1420
6.69287395477	-1276
6.69294381142	-1348
6.69303297997	543
6.69310188293	-1348
6.69337892532	-1348
6.69344878197	-1348
6.69380378723	-1348
6.69440984726	-1420
6.69441390038	-1276
6.69502878189	-1348
6.69612193108	-1420
6.69618988037	-1420
6.69619488716	-1204
6.69662499428	-1420
6.69662880898	-1420
6.6966688633	-1204
6.69708776474	-1420
6.69713783264	-1276
6.69713997841	-1348
6.69753479958	-1420
6.69753885269	-1420
6.69757795334	-1204
6.69785380363	543
6.69797492027	-1420
6.6979777813	-1276
6.69799685478	-1348
6.69815278053	-1420
6.69819188118	-1420
6.69819498062	-1204
6.72078490257	-1218
6.72317099571	-1420
6.7232298851	-1276
6.73917388916	-1348
6.74256396294	-1420
6.74257683754	-1276
6.74278187752	543
6.74290776253	543
6.74348688126	-1348
6.74425077438	-1420
6.74429798126	-1276
6.74430179596	-1348
6.74498295784	-1420
6.74498796463	-1276
6.7454969883	-1348
6.74609398842	-1420
6.74611496925	-1420
6.7461168766	-1204
6.74676394463	-1420
6.74676680565	-1420
6.74680495262	-1204
6.74739694595	-1420
6.74743485451	-1420
6.74743795395	-1204
6.74751996994	-1420
6.7475259304	-1276
6.74764299393	-1348
6.74773693085	543
6.74783778191	-1420
6.74783992767	-1420
6.74788999557	-1204
6.74810695648	-1420
6.74814796448	-1276
6.74832296371	-1420
6.74834299088	-1276
6.7484858036	-1420
6.74848985672	-1276
6.74852180481	-1348
6.74861097336	-1420
6.74861288071	-1276
6.74877285957	-1348
6.74880099297	543
6.74889588356	-1420
6.74889779091	-1276
6.74919199944	-1348
6.74926185608	543
6.7493698597	-1420
6.74937486649	-1276
6.74960279465	-1348
6.74967193604	543
6.7500398159	-1420
6.75004577637	-1420
6.75006699562	-1204
6.750248909	-1420
6.75028777122	-1420
6.75029087067	-1204
6.75050592422	-1420
6.75050878525	-1420
6.75054693222	-1204
6.75083994865	-1420
6.75087881088	-1420
6.75088095665	-1204
6.75096487999	-1348
6.75107979774	-1420
6.75109791756	-1276
6.75615692139	-1420
6.75618290901	-1420
6.75618481636	-1204
6.75643086433	-1420
6.7564368248	-1276
6.75645589828	-1348
6.75684189796	-1420
6.75686597824	-1420
6.75686788559	-1204
6.75692796707	-1348
6.75699782372	543
6.75752592087	-1420
6.75753092766	-1420
6.75757098198	-1420
6.757573843	-1420
6.75760984421	-1060
6.75761198997	-1420
6.75764679909	-1276
6.75764894485	-1348
6.75768184662	-1420
6.75768399239	-1276
6.75798296928	-1420
6.75798797607	-1420
6.75800991058	-1204
6.75810599327	543
6.75816082954	-1420
6.75816392899	-1420
6.75816488266	-1420
6.75816488266	-1420
6.75816583633	-1060
6.75838494301	-1420
6.75840687752	-1276
6.75845193863	-1420
6.75846982002	-1276
6.75855398178	543
6.75877189636	-1420
6.75877690315	-1276
6.75897598267	-1348
6.77266693115	-1420
6.77272677422	-1420
6.77273082733	-1204
6.7734618187	-1420
6.77346682549	-1420
6.77351784706	-1204
6.77523899078	-1420
6.77529382706	-1420
6.7752969265	-1204
6.77534294128	-1420
6.77534484863	-1420
6.77538895607	-1204
6.77795290947	-1420
6.77800893784	-1276
6.77801179886	-1348
6.77942299843	-1348
6.78025388718	-1348
6.78045892715	-1348
6.78091597557	-1420
6.78094983101	-1276
6.78102278709	-1348
6.7821958065	-1420
6.78219985962	-1420
6.7822368145	-1204
6.78337287903	-1420
6.7834148407	-1420
6.78341794014	-1204
6.78378582001	-1348
6.78400993347	543
6.78410887718	543
6.78418493271	-1420
6.78418898582	-1420
6.78423094749	-1204
6.78436899185	-1420
6.78439188004	-1276
6.78478598595	-1348
6.78512382507	-1420
6.78512883186	-1276
6.785394907	-1348
6.78603196144	-1420
6.78605985641	-1276
6.78642582893	-1348
6.78689479828	-1420
6.78690099716	-1420
6.78692293167	-1204
6.78715395927	-1348
6.78735995293	-1348
6.78736495972	-1348
6.78751897812	-1420
6.78752398491	-1420
6.7875649929	-1204
6.78781199455	-1420
6.78783583641	-1420
6.78783893585	-1204
6.7883079052	-1348
6.78861498833	-1420
6.78863787651	-1276
6.78892493248	-1420
6.78896379471	-1420
6.78896594048	-1204
6.78936886787	-1420
6.78937196732	-1420
6.78938984871	-1204
6.78963398933	-1348
6.78990793228	-1420
6.7899107933	-1276
6.79208278656	543
6.80223894119	-1348
6.80235791206	543
6.80264091492	-1420
6.80264592171	-1420
6.80268979073	-1204
6.80293178558	-1420
6.80296778679	-1276
6.80324077606	-1348
6.80381298065	-1348
6.80401182175	-1348
6.80441093445	-1348
6.80503177643	-1420
6.80508494377	-1420
6.80508780479	-1204
6.80609989166	-1420
6.80610394478	-1276
6.80626177788	-1420
6.80626487732	-1420
6.80630087852	-1204
6.80630397797	-1348
6.80644989014	-1420
6.80645394325	-1276
6.8065559864	-1348
6.80676198006	-1420
6.80680084229	-1420
6.80680298805	-1204
6.80707097054	-1348
6.80721879005	-1348
6.80732297897	-1348
6.80745577812	-1420
6.80745983124	-1276
6.8075067997	-1420
6.80750989914	-1276
6.80762791634	-1420
6.80762982368	-1276
6.80769777298	543
6.80774092674	-1348
6.80782699585	543
6.80787777901	-1420
6.80787992477	-1276
6.80799388885	-1348
6.8081548214	543
6.80819487572	-1420
6.80819678307	-1276
6.80824589729	-1348
6.80838298798	-1420
6.80840492249	-1276
6.80850982666	-1420
6.80852794647	-1276
6.80872893333	-1420
6.8087477684	-1276
6.80874991417	-1348
6.80887389183	543
6.8089799881	-1348
6.80907678604	-1420
6.80909895897	-1276
6.80919098854	-1420
6.80921196938	-1276
6.80943989754	-1420
6.80946278572	-1276
6.80952787399	543
6.81710481644	-1420
6.81711292267	-1420
6.81715989113	-1204
6.81732988358	-1420
6.81739091873	-1276
6.81739282608	-1348
6.817527771	-1420
6.81753182411	-1420
6.81756997108	-1204
6.81782984734	-1420
6.81785392761	-1276
6.81793999672	-1348
6.81799483299	543
6.81853795052	-1420
6.81854295731	-1420
6.81856489182	-1204
6.81867384911	-1420
6.81871795654	-1420
6.81872081757	-1204
6.81885480881	-1420
6.81885886192	-1276
6.81887793541	-1348
6.81898999214	-1420
6.81900978088	-1276
6.84748482704	-24
6.85000896454	543
6.85443878174	-1420
6.8544459343	-1276
6.85488080978	-1420
6.85488581657	-1276
6.85511088371	-1420
6.85511779785	-1276
6.85514187813	-1348
6.85529589653	-1420
6.85535383224	-1420
6.85535693169	-1204
6.85556292534	-1420
6.85556793213	-1276
6.85561680794	-1420
6.8556189537	-1276
6.85565590858	-1348
6.85576295853	543
6.8558049202	-1348
6.85596895218	-1420
6.85600996017	-1420
6.8560128212	-1204
6.8560488224	-1348
6.85613679886	-1420
6.85618281364	-1420
6.85618495941	-1204
6.85621976852	-1420
6.85622286797	-1276
6.85627794266	-1420
6.85627985001	-1420
6.85631394386	-1204
6.85631990433	-1348
6.85645985603	-1420
6.85646390915	-1420
6.85650277138	-1204
6.85661292076	-1420
6.85665392876	-1420
6.85665583611	-1204
6.85679888725	543
6.87135076523	-1420
6.87136387825	-1420
6.87140583992	-1204
6.872579813	-1420
6.87263679504	-1420
6.87263989449	-1204
6.87267780304	-1348
6.87279081345	543
6.87288093567	-1348
6.87295889854	543
6.87299394608	-1420
6.87299585342	-1276
6.87316179276	-1420
6.87316679955	-1276
6.87359881401	-1348
6.87385296822	-1420
6.87387990952	-1276
6.87424683571	-1348
6.87459087372	-1420
6.87459683418	-1276
6.87471580505	-1348
6.87583684921	-1420
6.87587499619	-1420
6.87587881088	-1204
6.87655496597	-1420
6.87656092644	-1420
6.87658286095	-1204
6.87705397606	-1420
6.87707877159	-1276
6.87708187103	-1348
6.87755298615	-1420
6.87755894661	-1276
6.87764596939	-1348
6.87812185287	-1348
6.87842297554	-1420
6.878428936	-1276
6.88395786285	-1420
6.88396978378	-1420
6.88402199745	-1204
6.88413190842	-1348
6.88424277306	543
6.88638186455	-1420
6.88638687134	-1276
6.88669586182	-1348
6.88709998131	-1348
6.88739991188	-1420
6.88740587234	-1276
6.88748383522	543
6.88800382614	-1420
6.88800883293	-1276
6.88803076744	-1348
6.88817882538	-1420
6.88820290565	-1276
6.8884499073	-1348
6.88862299919	-1420
6.88862776756	-1420
6.88864898682	-1204
6.88879299164	-1420
6.88881492615	-1420
6.8888168335	-1204
6.88905286789	-1420
6.88905787468	-1276
6.88907790184	-1348
6.88919377327	-1420
6.88923478127	-1420
6.88923692703	-1204
6.88929176331	543
6.8893558979	-1420
6.88935780525	-1420
6.88935899734	-1204
6.88950896263	-1420
6.88952994347	-1276
6.88959383965	543
6.88976979256	-1348
6.8898499012	-1420
6.88987278938	-1276
6.88987493515	-1420
6.88989186287	-1276
6.8899409771	-1348
6.89005589485	-1420
6.89005899429	-1276
6.8998298645	-1420
6.89984297752	-1276
6.89990282059	-1348
6.91894197464	-1420
6.91899180412	-1276
6.92867898941	543
6.93266391754	-1348
6.93277478218	543
6.93284678459	-1420
6.93285799026	-1420
6.93285894394	-1204
6.93303894997	-1420
6.93307995796	-1420
6.93308186531	-1204
6.9337208271	-1420
6.93372678757	-1420
6.93376898766	-1204
6.93403697014	-1420
6.93407988548	-1420
6.93408298492	-1204
6.93433785439	-1348
6.93444085121	-1348
6.93457794189	-1348
6.93469190598	-1348
6.934871912	-1420
6.93487691879	-1276
6.93541193008	-1420
6.93541693687	-1420
6.9354557991	-1204
6.93621587753	-1420
6.93626189232	-1420
6.93626499176	-1204
6.93646979332	-1348
6.93655180931	543
6.93698096275	-1420
6.93698692322	-1276
6.93714189529	-1420
6.93714690208	-1276
6.93716788292	-1420
6.93717098236	-1276
6.93726587296	543
6.93730187416	-1420
6.93730378151	-1276
6.93738389015	-1348
6.93773889542	-1420
6.93776392937	-1276
6.93800377846	-1348
6.93839979172	-1420
6.9384059906	-1420
6.9384469986	-1420
6.93844890594	-1132
6.93848395348	-1420
6.93848586082	-1276
6.93860077858	543
6.93863892555	-1420
6.9386408329	-1276
6.93875384331	-1348
6.93893098831	-1420
6.93895483017	-1420
6.93895792961	-1204
6.93970894814	-1420
6.93971776962	-1276
6.93973898888	-1348
6.94021487236	-1420
6.94023895264	-1420
6.94024181366	-1204
6.94047284126	543
6.94774484634	-1420
6.94775485992	-1420
6.94778394699	-1204
6.94778585434	-1420
6.94781184196	-1420
6.94781398773	-1420
6.94783687592	-1132
6.94789886475	-1420
6.94794297218	-1276
6.94826984406	-1348
6.94844579697	-1420
6.94845080376	-1276
6.94877290726	-1348
6.94910383224	-1420
6.9491288662	-1420
6.94913196564	-1204
6.94991898537	-1420
6.94992685318	-1420
6.94994997978	-1204
6.95033788681	543
6.95052480698	-1420
6.95053076744	-1420
6.9505507946	-1204
6.9506919384	-1420
6.95073890686	-1276
6.95080280304	543
6.95083999634	-1420
6.95084190369	-1276
6.95095682144	-1348
6.95116996765	-1348
6.95157289505	-1420
6.95157885551	-1276
6.95164990425	543
6.95205998421	-1348
6.95256185532	-1348
6.95292687416	-1420
6.95293283463	-1276
6.96350097656	-1420
6.96351289749	-1420
6.96357297897	-1204
6.96357584	-1348
6.96561980247	-1420
6.96562695503	-1276
6.96591496468	-1348
6.96619081497	-1420
6.96623587608	-1276
6.96632695198	-1348
6.96666693687	-1348
6.96673178673	-1420
6.96680092812	-1276
6.96680378914	-1420
6.96685791016	-1276
6.9668598175	-1420
6.96689677238	-1276
6.96696782112	-1348
6.96713876724	-1348
6.97252488136	1460
6.97260093689	1139
6.97898077965	-713
6.97929883003	-1420
6.97938799858	-1276
6.9793908596	-1348
6.98246479034	-1420
6.98247981071	-1276
6.98256492615	-1348
6.98277497292	-1348
6.98287296295	543
6.9833278656	-1420
6.98333382607	-1420
6.98337483406	-1204
6.98343896866	543
6.98363494873	-1420
6.98363876343	-1276
6.98374295235	543
6.98396396637	-1348
6.9843249321	-1420
6.98436594009	-1276
6.9846329689	-1348
6.98503899574	-1420
6.98504376411	-1276
6.9853849411	-1348
6.98609781265	-1420
6.98612380028	-1420
6.98612689972	-1204
6.98640084267	-1420
6.98640394211	-1420
6.98644185066	-1204
6.98704576492	-1420
6.98707079887	-1420
6.98707389832	-1204
6.98752188683	-1420
6.98752689362	-1420
6.98754882812	-1204
6.98784589767	-1348
6.98829483986	-1420
6.98829984665	-1420
6.98833680153	-1204
6.98833990097	-1420
6.98837280273	-1276
6.98871898651	-1348
6.98882293701	-1348
6.98913288116	-1348
6.98926496506	-1420
6.98926877975	-1276
6.98936295509	543
6.98939776421	-1348
6.99116897583	-1348
6.99147891998	-1420
6.99149179459	-1276
6.99186778069	-1420
6.99187278748	-1276
6.99199080467	-1420
6.99199390411	-1420
6.99203085899	-1204
6.99218893051	-1348
6.99241399765	-1420
6.99241781235	-1276
6.99273681641	-1348
6.99274086952	-1420
6.99275779724	-1420
6.99275994301	-1204
6.99304580688	543
6.99324989319	543
6.99687981606	-1420
6.99688792229	-1420
6.99693489075	-1204
6.99737381935	-1420
6.99741983414	-1420
6.99742388725	-1204
6.99791789055	-1348
6.99821281433	-1420
6.99825882912	-1420
6.99826192856	-1204
6.99848294258	-1420
6.99848794937	-1276
6.9986717701	-1348
6.99880099297	-1420
6.9988348484	-1276
6.9989528656	-1348
6.99908185005	-1420
6.99908685684	-1276
6.99919581413	-1348
7.00013494492	-1420
7.00018191338	-1420
7.0001847744	-1204
7.00080394745	-1420
7.00080990791	-1420
7.00085091591	-1204
7.00172877312	-1348
7.00183296204	543
7.00211381912	-1420
7.00211977959	-1276
7.00219297409	543
7.00236988068	-1348
7.00246691704	-1420
7.00250983238	-1420
7.00251293182	-1204
7.00260996819	543
7.00279998779	-1420
7.00280499458	-1420
7.00284385681	-1204
7.00350594521	-1348
7.00407981873	-1420
7.00408482552	-1420
7.00410699844	-1204
7.00721788406	543
7.00858592987	1460
7.00863480568	1139
7.00917696953	1460
7.00922393799	1139
7.01469492912	-1420
7.01472377777	-1420
7.0148088932	-1420
7.01481199265	-1132
7.0148499012	-1348
7.01485180855	-1348
7.01494979858	-1420
7.01495289803	-1276
7.01526784897	-1348
7.01553678513	-1420
7.01557683945	-1420
7.01557993889	-1204
7.01579189301	-1420
7.01579499245	-1420
7.01583194733	-1204
7.01622986794	-1420
7.01627278328	-1420
7.01627588272	-1204
7.01677083969	-1420
7.01677489281	-1420
7.01679396629	-1204
7.01704096794	-1348
7.0172457695	-1420
7.01724886894	-1276
7.01885986328	543
7.02997589111	-1420
7.02999186516	-1276
7.04488778114	-1348
7.04499483109	-1420
7.04506897926	-1420
7.04507088661	-1420
7.0451169014	-1132
7.04529595375	-1348
7.0453619957	543
7.04554796219	543
7.0455827713	-1420
7.04558491707	-1276
7.04569983482	-1348
7.04625582695	-1420
7.04629182816	-1276
7.0462949276	-1348
7.04664993286	-1420
7.04665493965	-1276
7.04720497131	-1348
7.0472099781	-1420
7.04724979401	-1420
7.04725193977	-1204
7.04883384705	-1420
7.04883885384	-1420
7.04887890816	-1204
7.04943990707	-1420
7.04948091507	-1276
7.04997897148	-1420
7.05002093315	-1420
7.05002379417	-1204
7.05134296417	-1348
7.05234599113	-1420
7.05239486694	-1420
7.05239892006	-1204
7.05330395699	-1420
7.05330777168	-1420
7.05334687233	-1204
7.05911779404	-1420
7.05916595459	-1420
7.05916881561	-1204
7.06142187119	-1420
7.06142687798	-1276
7.06239295006	-1348
7.06251096725	-1420
7.06256079674	-1276
7.06265592575	543
7.06271696091	-1420
7.06271886826	-1276
7.06280493736	-1348
7.06301879883	-1420
7.06307888031	-1420
7.06308197975	-1204
7.06311798096	-1348
7.06316995621	-1420
7.06320691109	-1420
7.06320977211	-1204
7.0632519722	-1420
7.06325483322	-1276
7.10396194458	-782
7.10967087746	-1420
7.10973095894	-1276
7.11198687553	-1420
7.11203694344	-1420
7.11203980446	-1204
7.11287879944	543
7.11516189575	-1348
7.11609697342	-1420
7.11616396904	-1276
7.11683297157	-1420
7.11687588692	-1420
7.11687898636	-1204
7.11827087402	-1420
7.11827683449	-1420
7.11831879616	-1204
7.11865186691	-1348
7.11905479431	-1420
7.1190598011	-1276
7.11945796013	-1348
7.12009191513	-1420
7.12013578415	-1276
7.12069797516	-1420
7.12074589729	-1420
7.12075185776	-1204
7.12232589722	-1348
7.12318778038	-1420
7.12324881554	-1420
7.12325191498	-1204
7.12335991859	543
7.12379693985	-1420
7.12380099297	-1276
7.12382984161	-1348
7.1244559288	-1348
7.12466788292	-1420
7.12467288971	-1276
7.12495183945	-1420
7.12495493889	-1420
7.12499284744	-1204
7.12539696693	-1348
7.12569093704	-1420
7.12569379807	-1276
7.12609291077	-1420
7.12609791756	-1420
7.12613391876	-1204
7.12665486336	-1420
7.12669277191	-1276
7.12717294693	-1420
7.12719082832	-1420
7.12719392776	-1204
7.12748098373	-1420
7.12748384476	-1276
7.12756299973	-1348
7.12819981575	-1420
7.12823796272	-1420
7.12824177742	-1204
7.12845087051	543
7.1288869381	-1420
7.12889099121	-1420
7.12892985344	-1204
7.12962388992	-1420
7.12964677811	-1276
7.12974786758	-1348
7.13007283211	-1420
7.13007688522	-1420
7.1301138401	-1204
7.13092398643	-1420
7.13096380234	-1420
7.13096690178	-1204
7.13109993935	543
7.13128685951	-1348
7.1313688755	-1348
7.13167381287	-1348
7.13212680817	-1348
7.13233280182	-1420
7.13233780861	-1276
7.13273382187	-1420
7.13273787498	-1420
7.13277697563	-1204
7.13508296013	-1420
7.13510894775	-1276
7.1351108551	-1348
7.13607096672	-1348
7.13688182831	-1348
7.13696098328	-1348
7.13713288307	-1348
7.13761496544	-1420
7.13761878014	-1420
7.13765478134	-1204
7.13774490356	-1420
7.13776397705	-1276
7.13816094398	-1348
7.13852977753	-1348
7.13857579231	-1348
7.13901376724	-1348
7.13969278336	-1420
7.13973593712	-1276
7.13973879814	-1348
7.14067792892	-1420
7.14068198204	-1420
7.14072585106	-1204
7.14080786705	543
7.14090299606	-1420
7.14090585709	-1276
7.14115977287	-1348
7.14150094986	-1420
7.14152598381	-1276
7.14190292358	-1420
7.14192485809	-1276
7.14229297638	543
7.14246678352	-1420
7.14247179031	-1420
7.14250898361	-1204
7.14352297783	-1420
7.1435649395	-1420
7.14356684685	-1204
7.14407396317	-1348
7.1444849968	-1348
7.14483380318	-1420
7.14483785629	-1276
7.1452319622	-1420
7.14523696899	-1420
7.14527487755	-1204
7.14537978172	-1348
7.14556384087	-1420
7.14556884766	-1276
7.14598488808	-1420
7.14598894119	-1420
7.14602780342	-1204
7.14610099792	543
7.14633488655	-1348
7.1465909481	-1420
7.14661288261	-1276
7.14670085907	-1348
7.14678883553	-1420
7.14679288864	-1276
7.14689779282	-1348
7.14723777771	-1348
7.14735794067	-1420
7.1473608017	-1276
7.14772987366	-1420
7.14773392677	-1420
7.14777183533	-1204
7.1481487751	-1348
7.15522789955	-1420
7.15524291992	-1276
7.16384577751	-1348
7.16392183304	-1420
7.16395998001	-1276
7.16396188736	-1348
7.16412591934	543
7.16497278214	-1420
7.16497683525	-1276
7.16533684731	-1420
7.1653418541	-1420
7.16538095474	-1204
7.16567087173	-1420
7.16571497917	-1420
7.16571784019	-1204
7.16612887383	-1420
7.16613388062	-1276
7.16615390778	-1348
7.16686677933	-1420
7.16691088676	-1420
7.16691398621	-1204
7.16742777824	-1348
7.16804480553	-1420
7.16808986664	-1276
7.1684679985	-1420
7.1685128212	-1420
7.16851592064	-1204
7.16880297661	-1348
7.16912078857	-1420
7.1691467762	-1276
7.16938686371	-1348
7.16964197159	-1420
7.16964697838	-1276
7.16968798637	-1420
7.16968989372	-1276
7.16980695724	543
7.16984391212	-1348
7.17035293579	-1420
7.17037391663	-1276
7.17058587074	-1420
7.1706237793	-1420
7.17062687874	-1204
7.17083978653	-1420
7.17084288597	-1420
7.17087984085	-1204
7.17095088959	-1420
7.17096877098	-1276
7.17110276222	-1348
7.17119598389	-1348
7.17131495476	-1420
7.17133593559	-1276
7.17153286934	-1348
7.17155098915	-1420
7.1715528965	-1276
7.17175388336	-1420
7.17175793648	-1276
7.17192792892	-1348
7.1726038456	543
7.17314791679	-1348
7.17825198174	-1420
7.17828178406	-1276
7.17836999893	-1348
7.17935180664	-1420
7.17935681343	-1276
7.17937898636	-1348
7.18029689789	-1420
7.18033981323	-1420
7.18034291267	-1204
7.19254493713	-1420
7.1925508976	-1276
7.19267678261	-1348
7.19303798676	-1420
7.19307899475	-1276
7.19447898865	-1348
7.1947658062	-1420
7.19476890564	-1420
7.19480586052	-1204
7.19494390488	-1420
7.19500088692	-1276
7.19500398636	-1348
7.2012989521	1057
7.20544576645	-1348
7.20557284355	-1420
7.20561695099	-1276
7.20744776726	-1348
7.21104884148	-1420
7.21105289459	-1420
7.21109080315	-1204
7.21387791634	-1420
7.21394085884	-1420
7.21394491196	-1420
7.21398377419	-1132
7.21398591995	-1348
7.21411299706	543
7.2142469883	-1348
7.22237491608	-1348
7.22280788422	-1420
7.22281289101	-1276
7.22345399857	-1348
7.22414183617	-1348
7.22469878197	-1420
7.22470283508	-1420
7.22474384308	-1204
7.22509884834	-1420
7.22512698174	-1276
7.2254319191	-1348
7.225689888	-1420
7.22569394112	-1276
7.22607398033	-1348
7.22621893883	-1420
7.22625780106	-1420
7.22625994682	-1204
7.22702097893	-1420
7.22702479362	-1276
7.22714591026	-1348
7.22740387917	-1420
7.22744083405	-1420
7.22744393349	-1204
7.22843384743	543
7.23401093483	-800
7.24805784225	-1420
7.24811291695	-1276
7.248472929	-1348
7.24925398827	-1420
7.24925899506	-1276
7.24978685379	-1420
7.24979090691	-1276
7.25065493584	-1420
7.25065898895	-1276
7.25070595741	-1348
7.25129985809	-1420
7.25133991241	-1276
7.25178980827	-1420
7.25183796883	-1420
7.25183987617	-1204
7.25284385681	-1420
7.25284981728	-1276
7.25289678574	-1348
7.25352787971	-1420
7.25357580185	-1420
7.25357794762	-1204
7.25361394882	-1420
7.25361680984	-1276
7.25898790359	543
7.25920295715	543
7.25934886932	543
7.27222084999	-1420
7.27223682404	-1276
7.27784180641	543
7.2977848053	543
7.30514192581	543
7.3056678772	543
7.30793190002	543
7.31601881981	543
7.31623196602	543
7.37267398834	-601
7.42911076546	543
7.43115091324	543
7.43786382675	543
7.46495079994	-1420
7.46495890617	-1420
7.46500778198	-1204
7.46556282043	-1420
7.46556782722	-1276
7.46602296829	-1348
7.46623492241	-1420
7.46624898911	-1420
7.4663169384	-1204
7.46631979942	-1348
7.46638393402	-1348
7.46638679504	-1348
7.46653199196	543
7.46664690971	-1348
7.4668648243	-1420
7.46694397926	-1420
7.46694684029	-1204
7.46699690819	-1420
7.46699976921	-1276
7.46707177162	-1420
7.46707391739	-1276
7.46710896492	-1348
7.46721291542	-1420
7.46725296974	-1420
7.46725583076	-1204
7.46732592583	-1348
7.46740889549	543
7.4675359726	-1420
7.46753692627	-1276
7.46757388115	-1348
7.46764087677	-1420
7.46765995026	-1276
7.46806979179	-1420
7.46816587448	-1420
7.46816897392	-1204
7.46820688248	-1420
7.46820878983	-1420
7.46824288368	-1204
7.46824479103	-1348
7.46834778786	543
7.46847891808	-1420
7.46847987175	-1276
7.46857690811	-1420
7.46857976913	-1276
7.46889686584	-1348
7.4690489769	-1420
7.46909379959	-1420
7.46909689903	-1204
7.4692299366	-1348
7.46965098381	-1420
7.46969485283	-1420
7.46969795227	-1204
7.47860598564	-1420
7.47862577438	-1420
7.4786567688	-1204
7.47876691818	543
7.50631999969	-1420
7.50633096695	-1276
7.50639486313	-1348
7.52990293503	-1348
7.53036785126	-1420
7.53037381172	-1420
7.53041577339	-1204
7.53051590919	-1420
7.53055596352	-1420
7.53055882454	-1204
7.53415799141	-1420
7.5341668129	-1420
7.53421497345	-1204
7.53430891037	543
7.53503799438	-1420
7.53504276276	-1276
7.53522086143	-1348
7.53568387032	-1420
7.53573179245	-1420
7.53573489189	-1204
7.53597092628	-1420
7.53597593307	-1276
7.53600788116	-1348
7.5362098217	-871
7.53629994392	543
7.53649377823	-1420
7.53649878502	-1276
7.53664684296	-1348
7.53682899475	-1420
7.53686189651	-1276
7.53706693649	-1348
7.53828883171	-1348
7.5392999649	-1420
7.53934597969	-1420
7.53934884071	-1204
7.53940677643	-1420
7.53940987587	-1276
7.53960990906	-1420
7.53961277008	-1276
7.53968477249	-1420
7.53968787193	-1420
7.5397298336	-1204
7.54010677338	-1420
7.54015183449	-1420
7.54015493393	-1204
7.54028081894	543
7.54056787491	-1420
7.54057383537	-1420
7.54241681099	-1204
7.54242777824	-1348
7.54400897026	-1420
7.54401683807	-1420
7.54404091835	-1204
7.54411077499	543
7.54497599602	-1420
7.54498195648	-1420
7.54502677917	-1204
7.54567289352	-1420
7.54569983482	-1276
7.54642677307	-1420
7.54645395279	-1276
7.54690885544	-1420
7.54695487022	-1420
7.54695796967	-1204
7.54717278481	-1420
7.5471777916	-1276
7.54727292061	543
7.54762578011	-1348
7.54795885086	-1420
7.54798388481	-1276
7.54854393005	-1348
7.5488038063	-1420
7.54880690575	-1276
7.54934978485	-1348
7.54963994026	-1348
7.54985594749	-1420
7.54986095428	-1420
7.54990196228	-1204
7.5499048233	-1348
7.54997491837	-1348
7.5500497818	-1420
7.55006980896	-1276
7.55031895638	-1420
7.55034279823	-1276
7.56500077248	-1420
7.56508278847	-1420
7.56508588791	-1204
7.56533193588	543
7.57050085068	543
7.57077097893	543
7.57099890709	543
7.57120895386	543
7.571423769	543
7.57162976265	543
7.57186794281	543
7.5720808506	543
7.57228684425	543
7.57249093056	543
7.57269787788	543
7.57511878014	543
7.60841798782	-1420
7.60842895508	-1276
7.60926580429	-1420
7.60926985741	-1420
7.60932898521	-1204
7.61303782463	-1420
7.61309695244	-1420
7.61309981346	-1204
7.61336994171	543
7.61351895332	-1420
7.61352276802	-1420
7.61355090141	-1204
7.61377382278	-1420
7.61381483078	-1276
7.61391496658	-1348
7.61418199539	-1420
7.61418676376	-1420
7.61422586441	-1204
7.61442089081	-1420
7.61445498466	-1276
7.61452198029	543
7.61460185051	-1348
7.61502885818	-1420
7.61505198479	-1276
7.61758685112	-1420
7.61761498451	-1276
7.61800098419	-1348
7.61880779266	-1420
7.61881184578	-1276
7.6189699173	-1420
7.61897397041	-1276
7.61942481995	-1420
7.61942887306	-1276
7.62043976784	-1420
7.62044477463	-1276
7.62051177025	-1348
7.62127280235	-1420
7.62131285667	-1420
7.62131476402	-1204
7.62274694443	-1420
7.62274980545	-1420
7.6227889061	-1204
7.62343597412	-1420
7.62347579002	-1276
7.62374591827	-1348
7.62405180931	-1420
7.62405490875	-1276
7.62426495552	-1348
7.62438893318	543
7.62450885773	-1348
7.62460589409	543
7.62484288216	-1420
7.62484693527	-1420
7.62488794327	-1204
7.62507390976	-1348
7.62516880035	-1348
7.62538194656	-1348
7.62583088875	-1348
7.6261639595	-1420
7.6261909008	-1276
7.62644481659	-1420
7.62648892403	-1420
7.62649178505	-1204
7.62659287453	543
7.62776994705	-1420
7.62777686119	-1420
7.62781977654	-1204
7.62811589241	-1420
7.62814092636	-1420
7.62814283371	-1204
7.62826681137	-1348
7.62857699394	-1420
7.62860298157	-1420
7.62860584259	-1204
7.62871980667	-1420
7.62872385979	-1276
7.62907290459	-1420
7.62907886505	-1276
7.62910079956	-1348
7.63354587555	-1420
7.63359880447	-1420
7.63360285759	-1204
7.6398639679	-1420
7.63986992836	-1276
7.64006686211	543
7.6430478096	-1420
7.64305377007	-1276
7.66051888466	-153
7.66060686111	543
7.67575287819	543
7.68521690369	543
7.68619394302	-1348
7.70375680923	-1348
7.7542719841	-1348
7.75914478302	-1420
7.75920295715	-1420
7.75920677185	-1204
7.76958680153	-1420
7.76959991455	-1276
7.7700138092	-1348
7.77091789246	-1420
7.77095890045	-1420
7.77096295357	-1204
7.79163098335	-1420
7.7916457653	-1420
7.79168987274	-1204
7.79217076302	-1348
7.80080389977	-1420
7.80081391335	-1420
7.80086183548	-1242
7.81717085838	543
7.83107185364	-1420
7.83108782768	-1420
7.83114981651	-1204
7.83305096626	543
7.83628892899	543
7.84572577477	543
7.84816789627	543
7.84838080406	543
7.86320281029	-1420
7.86321783066	-1420
7.86326289177	-1204
7.88129496574	543
7.92583680153	-223
7.97525978088	-1348
7.97967791557	543
7.98047590256	543
8.00375699997	-1348
8.00901579857	1460
8.0090777874	1460
8.0091137886	193
8.02534198761	1057
8.03523588181	-1348
8.05387091637	543
8.07343792915	-1348
8.07345581055	-1420
8.07351398468	-1420
8.0735168457	-1204
8.07372784615	-1420
8.07373189926	-1276
8.07385778427	-1420
8.07386088371	-1420
8.07390785217	-1204
8.07390999794	-1420
8.07394385338	-1276
8.0740609169	-1420
8.07409882545	-1276
8.0741019249	-1348
8.07425379753	-1420
8.07425785065	-1420
8.07429480553	-1204
8.07441186905	1057
8.07452893257	-1348
8.07477092743	-1420
8.07483291626	-1276
8.07483577728	-1420
8.07487177849	-1276
8.07494997978	-1420
8.07499098778	-1276
8.09584498405	-135
8.09792089462	543
8.09813690186	543
8.10275578499	-1420
8.1027598381	-1276
8.11992287636	-1420
8.11993694305	-1420
8.11999797821	-1204
8.14985799789	-1348
8.2200088501	543
8.22059679031	-795
8.24948978424	-1348
8.25274586678	-1348
8.25898694992	-1348
8.26829791069	-1420
8.2683069706	-1276
8.28841996193	-1348
8.28856778145	543
8.31570982933	543
8.31663799286	543
8.33114385605	543
8.33770990372	-1348
8.3454887867	-591
8.35572099686	543
8.35644698143	543
8.35673093796	1460
8.35677695274	1139
8.35724687576	543
8.35746598244	543
8.38827180862	543
8.45359277725	-1420
8.45360898972	-1420
8.45366597176	-1204
8.46919298172	-1348
8.47000384331	-349
8.4884018898	-1348
8.53715395927	-1420
8.53719091415	-1420
8.53726482391	-1204
8.53726792336	-1348
8.53732180595	-1348
8.53740882874	-1420
8.53744697571	-1420
8.53744888306	-1420
8.53748488426	-1132
8.54586696625	-1348
8.5481159687	-1348
8.54820585251	543
8.55178380013	-1420
8.55179786682	-1420
8.55185079575	-1204
8.56032896042	-1348
8.5671107769	543
8.57277178764	-1420
8.57278299332	-1276
8.59388399124	-1420
8.59389996529	-1276
8.59495091438	-1231
8.61812281609	543
8.61900782585	543
8.65563488007	1057
8.668145895	1057
8.6753308773	543
8.68656992912	543
8.71984577179	-543
8.78228378296	-1420
8.7823009491	-1420
8.78236293793	-1204
8.79690289497	1057
8.82866477966	-1420
8.82869195938	-1276
8.82920980453	-1420
8.82921481133	-1420
8.82925677299	-1204
8.83155298233	543
8.84320282936	-1420
8.84322190285	-1420
8.84328889847	-1204
8.84347391129	543
8.84477686882	-766
8.85097098351	1460
8.85103487968	625
8.86017680168	-1348
8.90094590187	-1348
8.91329884529	-1348
8.9265627861	-1348
8.93686389923	-1348
8.94281387329	-1420
8.94282388687	-1276
8.96273088455	-543
8.96966695786	-591
8.98063492775	543
8.98474192619	1057
8.99640679359	543
9.02940583229	-1348
9.0304749012	543
9.06101679802	-1348
9.07548999786	-1348
9.0946419239	-698
9.10035777092	1057
9.10424876213	543
9.10911488533	543
9.17900395393	-1348
9.21945977211	-252
9.29259777069	-1348
9.29768776894	-1420
9.29776287079	-1420
9.29776978493	-1204
9.29833889008	-1420
9.29834389687	-1276
9.29841184616	-1348
9.29860091209	543
9.30247378349	-1420
9.30248093605	-1420
9.30252885818	-1204
9.30320191383	-1420
9.30325293541	-1276
9.30379295349	-1420
9.30384278297	-1420
9.30384588242	-1204
9.30428981781	-1420
9.3042948246	-1276
9.30490088463	-1420
9.30490684509	-1420
9.30494999886	-1204
9.30502891541	543
9.30598092079	-1420
9.30598592758	-1276
9.30603599548	-1348
9.30690598488	-1420
9.30695080757	-1420
9.30695390701	-1204
9.30716300011	-1348
9.30752396584	-1420
9.30756592751	-1420
9.30756878853	-1204
9.30767989159	-1420
9.30768299103	-1276
9.30793690681	-1348
9.30811476707	-1420
9.3081548214	-1276
9.30827784538	-1420
9.30831384659	-1276
9.30856180191	-1420
9.3085899353	-1276
9.30873084068	-1420
9.30877590179	-1276
9.30877780914	-1348
9.30981087685	543
9.33211779594	-1420
9.33213186264	-1276
9.34427690506	-1037
9.46895098686	-1086
9.5413107872	-1420
9.54132795334	-1276
9.54147577286	543
9.55037879944	543
9.57327985764	-1348
9.63473296165	-669
9.63709497452	543
9.63990283012	543
9.84229898453	-543
9.84638476372	543
9.86522579193	543
10.0065698624	-1057
10.0084199905	1057
10.1312918663	-543
10.1418678761	-1420
10.1419148445	-1276
10.1421339512	-1420
10.142157793	-1276
10.1421608925	-1348
10.1425898075	-1420
10.1425948143	-1420
10.1426317692	-1204
10.1562139988	-1348
10.1665399075	-1348
10.1665558815	-1420
10.1666119099	-1420
10.1666147709	-1204
10.1668908596	-1348
10.1705629826	-1348
10.1854159832	-1348
10.2558159828	-853
10.2559909821	543
10.3807168007	-1057
10.6159558296	-543
10.6358478069	1057
10.650274992	543
10.855591774	-543
10.8652079105	543
10.8669238091	-1348
10.8774988651	-1348
10.9914078712	-446
10.9934737682	543
10.9942798615	543
11.1160888672	-1057
11.2432999611	-543
11.4076669216	-543
11.4157099724	1057
11.4160878658	1057
11.4554109573	543
11.7797968388	-543
11.7969589233	543
12.0033159256	-543
13.4255099297	1057
13.4324188232	543
13.7499988079	-1057
13.7760848999	543
13.988011837	-543
