0	543
0.588003158569	-543
0.588881015778	543
0.999357938766	-543
0.999688148499	-1368
1.00028395653	-1368
1.00132703781	-1368
1.02096104622	-1368
1.02137494087	-1368
1.02201414108	-1368
1.02253198624	-1368
1.02298808098	-1368
1.02352809906	-1368
1.15683507919	543
1.16326808929	-1368
1.16330003738	-1002
1.16988611221	-1368
1.17055010796	-1368
1.17418503761	1368
1.19752311707	-1368
1.19756698608	-1368
1.1980099678	-1368
1.27264499664	-1368
1.32053899765	261
1.32680010796	-161
1.62634205818	-543
1.62666106224	543
1.84131908417	-543
1.84155297279	543
1.94524002075	-1368
1.9458360672	-1368
1.94638609886	-1368
2.00523114204	-66
2.01906895638	543
2.16907215118	-543
2.22179913521	1086
2.3692741394	-1086
2.49838805199	-1368
2.49841094017	-1368
2.49871611595	-1368
2.53288412094	-95
2.53747296333	543
2.69650101662	-543
2.70099711418	1086
2.86464214325	-543
2.89602398872	543
2.89605712891	543
3.01047110558	-1368
3.01085400581	543
3.01102399826	-1368
3.07717013359	-435
3.21440315247	543
3.24339699745	-543
3.24358606339	-1368
3.40732908249	-203
3.41022801399	543
3.47551512718	-1368
3.47557806969	-1368
3.47718000412	-1368
3.47771906853	-1368
3.47838306427	-1368
3.496778965	-1368
3.49788403511	-1368
3.49852013588	-1368
3.49911999702	-1368
3.51526212692	-1368
3.51580095291	-1368
3.51639103889	-1368
3.57128000259	-1368
3.57134699821	-1368
3.60329198837	-543
3.61356210709	543
3.63163113594	-543
3.64031815529	-1368
3.64038896561	-1368
3.64092707634	-1368
3.64231705666	-1368
3.6424100399	-1368
3.6427590847	-1368
3.66149902344	-1368
3.66153502464	-1368
3.66198897362	-1368
3.66325211525	-1368
3.66328811646	-1368
3.6639111042	-1368
3.67909598351	-1368
3.67915201187	-1368
3.67950606346	-1368
3.68014097214	-1368
3.68067502975	-1368
3.68146896362	-1368
3.73521113396	-1368
3.73527097702	-1368
3.73555803299	-1368
3.80410408974	-1368
3.8041601181	543
3.80419397354	-1368
3.80465292931	-1368
3.80647397041	-1368
3.80652713776	-1368
3.80670714378	-1368
3.80724406242	-1368
3.80771994591	-1368
3.80832695961	-1368
3.82523798943	-1368
3.82529711723	-1368
3.82574009895	-1368
3.82689094543	-1368
3.82737994194	-1368
3.82817101479	-1368
3.8289270401	-1368
3.82929992676	-1368
3.82998013496	-1368
3.84303212166	-1368
3.84313702583	-1368
3.84356999397	-1368
3.84382104874	1368
3.84392809868	-1368
3.84443211555	-1368
3.84522795677	-1368
3.84570598602	-1368
3.84631109238	-1368
3.84688305855	-1368
3.89667797089	543
3.89900302887	-1368
3.89907503128	-1368
3.8995051384	-1368
3.92177915573	-543
3.9375140667	-1368
3.9375910759	-1368
3.96858310699	-1368
3.96864295006	261
3.96867108345	-1368
3.96919202805	-1368
3.96977806091	-1368
3.97024703026	-1368
3.97091197968	-1368
3.971378088	-1368
3.97198295593	-1368
3.97261714935	-1368
3.9731991291	-1368
3.97394514084	-1368
3.97442507744	-1368
3.97495293617	-1368
3.97541594505	-1368
3.9892771244	-1368
3.98935294151	-1368
3.98947715759	-1368
3.99081110954	-1368
3.99116206169	-1368
3.99164414406	-1368
3.99232316017	-1368
3.99298501015	-1368
3.9934129715	-1368
3.994120121	-1368
3.99456501007	-1368
3.99506402016	-1368
3.99570298195	1368
4.00685811043	-1368
4.00697493553	-1368
4.00735116005	-1368
4.00790500641	-1368
4.00911307335	-1368
4.00973701477	-1368
4.01030802727	-1368
4.01094913483	-1368
4.01144194603	-1368
4.01202297211	-1368
4.01302313805	-1368
4.01337313652	-1368
4.01373410225	-1368
4.01442909241	-1368
4.01485896111	-1368
4.06288003922	-1368
4.0629389286	-1368
4.06348800659	-1368
4.10138392448	-1368
4.10146212578	-1368
4.10170912743	-1368
4.13237094879	-1368
4.13242912292	804
4.13246011734	-1368
4.13285112381	-1368
4.1335849762	-1368
4.13430905342	-1368
4.13502311707	-1368
4.13558697701	-1368
4.13619613647	-1368
4.13684892654	-1368
4.13726806641	-1368
4.13782310486	-1368
4.13841509819	-1368
4.13910603523	-1368
4.13966107368	-1368
4.14026808739	-1368
4.14083695412	-1368
4.14155507088	-1368
4.14196395874	-1368
4.14252901077	-1368
4.1430709362	-1368
4.14368796349	-1368
4.15298604965	-1368
4.15307807922	-1368
4.1535141468	-1368
4.15408706665	-1368
4.15466713905	-1368
4.15523695946	-1368
4.15578103065	-1368
4.15638899803	-1368
4.15709614754	-1368
4.1576089859	-1368
4.15814709663	-1368
4.15899515152	-1368
4.15953302383	-1368
4.16014909744	-1368
4.16071510315	-1368
4.1611931324	1368
4.16126799583	-1368
4.16188812256	-1368
4.16249799728	-1368
4.16294813156	-1368
4.16360592842	-1368
4.17066407204	-1368
4.17074513435	-1368
4.17120313644	-1368
4.17186713219	-1368
4.17241406441	-1368
4.17303299904	-1197
4.32489514351	804
4.3733150959	-543
4.54506897926	543
4.87419700623	-543
4.87433600426	-1368
4.87484693527	-1368
5.03838396072	-377
5.04786205292	543
5.04842615128	1368
5.0484380722	1368
5.21152114868	891
5.26766014099	-543
5.53654098511	-543
5.53667092323	-1368
5.53728199005	-1368
5.53804802895	-1368
5.53869104385	-1368
5.53924012184	-1368
5.53984308243	-1368
5.5585501194	-1368
5.5590839386	-1368
5.55962204933	-1368
5.56032109261	-1368
5.56083011627	-1368
5.56147694588	-1368
5.56209015846	-1368
5.56265497208	-1368
5.56320595741	-1368
5.56405711174	-1368
5.56440711021	-1368
5.56474113464	543
5.56498503685	-1368
5.56563615799	-1368
5.56626009941	-1368
5.56670212746	-1368
5.5672659874	-1368
5.56792211533	-1368
5.56845998764	-1368
5.56901097298	-1368
5.569617033	-1368
5.57021212578	-1368
5.58064103127	-1368
5.58124494553	-1368
5.58179593086	-1368
5.58250594139	-1368
5.58300495148	-1368
5.70040798187	-1368
5.70047593117	-1368
5.70096707344	-1368
5.70156502724	-1368
5.70206809044	-1368
5.70283508301	-1368
5.70338702202	-1368
5.70379304886	-1368
5.70434594154	-1368
5.70494508743	-1368
5.70559597015	-1368
5.70630097389	-1368
5.70671606064	-1368
5.70729899406	-1368
5.72275400162	-1368
5.72287392616	-1368
5.72346115112	-1368
5.72397303581	-1368
5.7246119976	-1368
5.72520899773	-1368
5.72571992874	-1368
5.72631216049	-1368
5.72701907158	-1368
5.72728800774	1368
5.72743010521	-1368
5.72808408737	-1368
5.72865605354	-1368
5.72916603088	-1368
5.72982311249	-1368
5.73031497002	-1368
5.73085212708	-1368
5.73088097572	261
5.73144102097	-1368
5.7321190834	-1368
5.73259210587	-1368
5.73324298859	-1368
5.73388504982	-1368
5.7344520092	-1368
5.73500204086	-1368
5.73562097549	-1368
5.73619294167	-1368
5.7367310524	-1368
5.73731708527	-1368
5.73784399033	-1368
5.73844814301	-1368
5.73908615112	-1368
5.73964905739	-1368
5.7402279377	-1368
5.74494194984	-1368
5.74496603012	-1368
5.74549508095	-1368
5.7461400032	-1368
5.74667310715	-1368
5.74723815918	-1368
5.78526902199	-1368
5.78531503677	-1368
5.86414694786	-1368
5.86420202255	-1368
5.86468315125	-1368
5.86527204514	-1368
5.86586809158	-1368
5.8664431572	-1368
5.8669500351	-1368
5.86747407913	-1368
5.86813592911	-1368
5.86861014366	1368
5.86883497238	-1368
5.86932516098	-1368
5.87016606331	-1368
5.87045407295	-1368
5.87105798721	-1368
5.87164711952	-1368
5.87227416039	-1368
5.87282013893	-1368
5.8734099865	-1368
5.87385892868	-1368
5.87462115288	-1368
5.87505412102	-1368
5.88644814491	-1368
5.88653206825	-1368
5.88725209236	-1368
5.8876209259	-1368
5.88827896118	-1368
5.88885593414	-1368
5.88940405846	-1368
5.88996601105	-1368
5.8905711174	-1368
5.89113998413	-1368
5.89200401306	-1368
5.89262008667	-1368
5.89315795898	-1368
5.89366602898	-1368
5.89423298836	-1368
5.89478993416	-1368
5.89546203613	-1368
5.89599895477	-1368
5.89669513702	-1368
5.89719510078	-1368
5.89789295197	-1368
5.89832901955	-1368
5.89890599251	-1368
5.89946007729	-1368
5.89950704575	1347
5.90035200119	-1368
5.90104794502	-1368
5.90126800537	-1368
5.90203905106	-1368
5.90240311623	-1368
5.90304112434	-1368
5.90370202065	-1368
5.90412712097	-1368
5.90471816063	-1368
5.9053440094	-1368
5.90590405464	-1368
5.90643596649	-1368
5.90705513954	-1368
5.90776705742	-1368
5.90825295448	-1368
5.90885615349	-1368
5.90941214561	-1368
5.91006302834	-1368
5.91054797173	-1368
5.91082906723	1368
5.91115999222	-1368
5.9111790657	-1368
5.91171097755	-1368
5.91231608391	-1368
5.91289997101	-1368
5.91366004944	-1368
5.91407203674	-1368
5.91462492943	-1368
5.91525006294	-1368
5.91604614258	-1368
5.9164121151	-1368
5.9170999527	-1368
5.91765403748	-1368
5.91809606552	-1368
5.91870498657	-1368
5.94887113571	-1368
5.94893598557	-1368
5.94945907593	-1368
6.02779912949	-1368
6.02785396576	-1368
6.02839112282	-1368
6.02902507782	-1368
6.02959299088	-1368
6.03021502495	-1368
6.0307970047	-1368
6.03143715858	-1368
6.03196310997	-1368
6.03256201744	-1368
6.03384804726	-1368
6.03436112404	-1368
6.03493404388	-1368
6.03561615944	-1368
6.03612494469	-1368
6.03657913208	-1368
6.03723216057	-1368
6.03781294823	-1368
6.03843998909	-1368
6.03900814056	-1368
6.03961706161	-1368
6.04009199142	1368
6.04013705254	-1368
6.04072093964	-1368
6.04134106636	-1368
6.04187011719	-1368
6.04244208336	-1368
6.04307293892	-1368
6.05027699471	-1368
6.05037307739	-1368
6.05122900009	-1368
6.0518450737	-1368
6.0523660183	-1368
6.05304503441	-1368
6.05365610123	-1368
6.0541601181	-1368
6.05472397804	-1368
6.0553381443	-1368
6.05537509918	-1368
6.05569911003	-181
6.07441711426	1065
6.09065198898	-1368
6.09178996086	-1368
6.09185194969	-1368
6.09393501282	-1368
6.09416103363	-1368
6.09488797188	-1368
6.09552407265	-1368
6.09609913826	-1368
6.09649610519	-1368
6.09723806381	-1368
6.09776997566	-1368
6.09833908081	-1368
6.09909510612	-1368
6.10014796257	-1368
6.1009850502	-1368
6.10129714012	-1368
6.13565802574	-1368
6.1362080574	-1368
6.13691210747	-1368
6.20856904984	-1368
6.20900797844	-1368
6.20959997177	-1368
6.21921896935	-209
6.29365205765	1086
6.45800209045	1086
6.66182208061	543
6.79218411446	-543
6.79230809212	-1368
6.79286599159	-1368
6.79393911362	-1368
6.79450702667	-1368
6.79511094093	-1368
6.81415009499	-1368
6.81469392776	-1368
6.81530594826	-1368
6.81589508057	-1368
6.81649112701	-1368
6.81708598137	-1368
6.81856393814	-1368
6.81909608841	-1368
6.82195115089	-1368
6.82198405266	-1368
6.82251501083	-1368
6.82555913925	-1368
6.82609605789	-1368
6.82669615746	-1368
6.8273961544	1086
6.82764315605	-1368
6.82824015617	-1368
6.82877492905	-1368
6.82931900024	-1368
6.82991909981	-1368
6.83065700531	-1368
6.83630895615	-1368
6.83674097061	-1368
6.83717298508	-1368
6.88299298286	-1368
6.88301610947	-1368
6.88361501694	-1368
6.95545101166	-1368
6.95575904846	-67
6.95601010323	1368
7.07057309151	1347
7.10637903214	1368
7.18001294136	-543
7.27003502846	1318
7.31537699699	-1368
7.31592106819	-1368
7.31653213501	-1368
7.33762812614	-1368
7.3376531601	-1368
7.34135508537	1368
7.39979815483	-1368
7.39990997314	-1368
7.41722607613	-907
7.50517511368	1347
7.61712002754	-543
7.74811005592	-1368
7.74814009666	543
7.74866700172	-1368
7.74930906296	-1368
7.76990795135	-1368
7.77106904984	-1368
7.77129006386	1368
7.77178406715	-1368
7.77224206924	-1368
7.77286815643	-1368
7.77350211143	-1368
7.77401208878	-1368
7.77463102341	-1368
7.77513408661	-1368
7.77582406998	-1368
7.77658510208	-1368
7.77723193169	-1368
7.77770209312	-1368
7.78082203865	-649
7.79285693169	-1368
7.79289793968	-1368
7.79342293739	-1368
7.79475092888	-1368
7.79530000687	-1368
7.79594612122	-1368
7.79646706581	-1368
7.79668211937	1368
7.79701709747	-1368
7.79770708084	-1368
7.79837012291	-1368
7.79889011383	-1368
7.79950094223	-1368
7.80000805855	-1368
7.80059194565	-1368
7.80127215385	-1368
7.80186605453	-1368
7.80245614052	-1368
7.80305600166	-1368
7.8151011467	-1368
7.81568193436	-1368
7.81597995758	1368
7.81624913216	-1368
7.9349770546	211
7.9443230629	-1121
8.10841202736	-1086
8.10843801498	1057
8.10920214653	1368
8.23388504982	-1368
8.23429512978	-1368
8.23491501808	-1368
8.27218103409	-609
8.27221012115	232
8.43576693535	-543
8.43579506874	1086
8.43676996231	1368
8.63961696625	775
8.69805502892	-1368
8.97412204742	-1086
8.97450208664	1057
9.13775897026	-1368
9.13778400421	-1368
9.13842892647	543
9.30162501335	-1368
9.30165314674	-1368
9.30204796791	-1368
9.4654071331	-1368
9.46544194221	-1368
9.47625994682	1368
9.47638893127	203
9.50530600548	-1368
9.53709793091	-543
9.62962007523	-1368
9.62970495224	-1368
9.64003515244	1057
9.70543909073	-1368
9.79335808754	-1368
9.79343914986	-1368
9.79384493828	-1368
9.90549015999	-1368
9.95742702484	-1368
9.95762109756	-1368
9.95772600174	-172
9.97504997253	543
10.0479121208	1368
10.1052761078	-1368
10.1212310791	-1368
10.1213450432	-464
10.1389529705	1347
10.1508970261	-1368
10.3028259277	-746
10.3028550148	543
10.3606529236	1368
10.4224529266	-1368
10.4228229523	-1368
10.4236209393	-1368
10.4240550995	-1368
10.468775034	-1368
10.4687981606	1289
10.5863740444	-1368
10.5864441395	-1368
10.5876500607	-1368
10.5876820087	-1368
10.6325950623	-1368
10.6326589584	543
10.7500751019	-1368
10.7501029968	-1368
10.7511630058	-1368
10.7512090206	-1368
10.7964150906	-1368
10.7964420319	-1368
10.8961341381	543
10.9137370586	-1368
10.9137620926	-1368
10.9148011208	-1368
10.9148449898	-1368
10.9599950314	-1368
10.9601120949	-1368
10.9608359337	543
11.0775029659	-1368
11.0776109695	-1368
11.0785241127	-1368
11.0790820122	-1368
11.1238811016	-1368
11.1239910126	-1368
11.1771450043	-543
11.2412610054	-1368
11.2413620949	-1368
11.2426331043	-1368
11.2426710129	-1368
11.2876200676	-1368
11.2876429558	-1368
11.4049990177	-1368
11.4050240517	-1368
11.4055430889	-1368
11.4064490795	-1368
11.4069499969	-1368
11.4512190819	-1368
11.4512729645	-1368
11.4517700672	543
11.5646619797	-543
11.568500042	-1368
11.5685210228	-1368
11.5699589252	-1368
11.5699939728	-1368
11.6095530987	-1368
11.6149711609	-1368
11.6149930954	-1368
11.615267992	543
11.7325720787	-1368
11.7326440811	-1368
11.7330310345	-1368
11.7333950996	1368
11.7336039543	1368
11.7337861061	-1368
11.7340240479	-73
11.7342529297	1368
11.7420799732	1368
11.7789950371	928
11.8963289261	543
11.9644589424	-543
11.9647121429	-1368
11.9653599262	-1368
11.9879450798	-1368
11.9885499477	-1368
11.9896090031	-1368
11.9902539253	-1368
11.990803957	-1368
11.9986720085	543
11.9992251396	1368
12.128371954	-1368
12.1284279823	-1368
12.1288280487	-1368
12.1515779495	-1368
12.1516330242	-1368
12.153181076	-1368
12.1532170773	-1368
12.1537461281	-1368
12.1543879509	-1368
12.1550049782	-1368
12.1628739834	1260
12.2921421528	-1368
12.2922010422	-1368
12.2925550938	-1368
12.3154890537	-1368
12.315570116	-1368
12.3171150684	-1368
12.3171730042	-1368
12.3174779415	-1368
12.3180379868	-1368
12.3188941479	-1368
12.3192100525	-1368
12.3198060989	-1368
12.4558279514	-1368
12.4559519291	-1368
12.4567670822	543
12.4791519642	-1368
12.4791960716	-1368
12.4797151089	-1368
12.4809560776	-1368
12.4813730717	-1368
12.4818861485	-1368
12.4824290276	-1368
12.4830131531	-1368
12.4836080074	-1368
12.484151125	-1368
12.4847559929	-1368
12.4854431152	-1368
12.6198060513	-1368
12.6198501587	-1368
12.6204650402	543
12.6430590153	-1368
12.6431219578	-1368
12.6446349621	-1368
12.6446609497	-1368
12.6451210976	-1368
12.6458830833	-1368
12.6463899612	-1368
12.6468579769	-1368
12.6474249363	-1368
12.6480839252	-1368
12.648635149	-1368
12.6494231224	-1368
12.6497700214	-1368
12.6505191326	-1368
12.7835631371	-1368
12.7836470604	-1368
12.8067779541	-1368
12.8068289757	543
12.8068449497	-1368
12.8083620071	-1368
12.8084170818	-1368
12.809087038	-1368
12.8095319271	-1368
12.8100559711	-1368
12.8106310368	-1368
12.8111629486	-1368
12.811809063	-1368
12.8123450279	-1368
12.8129470348	-1368
12.8135271072	-1368
12.8141040802	-1368
12.8146920204	-1368
12.8153641224	-1368
12.9473230839	-1368
12.9473659992	-1368
12.9478471279	-1368
12.9706120491	-1368
12.9706561565	1086
12.9719269276	-1368
12.9719610214	-1368
12.9726691246	-1368
12.9732160568	-1368
12.9738399982	-1368
12.9747490883	-1368
12.9752941132	-1368
12.9756169319	-1368
12.9761750698	-1368
12.9766860008	-1368
12.9773280621	-1368
12.9779639244	-1368
12.9785339832	-1368
12.9792640209	-1368
12.9797661304	-1368
12.9811029434	1368
13.0172710419	-1368
13.0172979832	-1368
13.0616400242	1368
13.1110739708	-1368
13.1110990047	-1368
13.1345951557	-1368
13.1346271038	1036
13.134649992	-1368
13.1355240345	-1368
13.1361379623	-1368
13.136767149	-1368
13.1373250484	-1368
13.1381690502	-1368
13.1384251118	-1368
13.1391060352	-1368
13.1396181583	-1368
13.1401290894	-1368
13.1406769753	-1368
13.1412670612	-1368
13.1423389912	-1368
13.1428561211	-1368
13.1432049274	-1368
13.143638134	-1368
13.1439180374	1368
13.1441619396	-1368
13.1448910236	-1368
13.1812059879	-1368
13.1812329292	-766
13.2375249863	-1368
13.2747340202	-1368
13.2841589451	-1368
13.2883069515	1368
13.3075649738	1007
13.3405709267	-1368
13.3412630558	-1368
13.3447699547	-1044
13.4677109718	-1368
13.4680011272	1368
13.4682459831	1368
13.4682531357	1368
13.511537075	153
13.5453460217	-804
13.6157529354	-1368
13.616341114	-1368
13.6751761436	543
13.680216074	-1368
13.695412159	1368
13.722905159	-1368
13.7229840755	-1368
13.7234280109	-1368
13.7400839329	-1368
13.7406289577	-1368
13.7412559986	-1368
13.7418000698	-1368
13.7424631119	-1368
13.7430951595	-1368
13.7442400455	-1368
13.7453861237	-1368
13.7454080582	-1368
13.7460150719	-1368
13.74635005	-164
13.7674810886	-1368
13.7681901455	-1368
13.768543005	-1368
13.7690811157	-1368
13.7697739601	-1368
13.7706911564	-1368
13.7711000443	-1368
13.7716870308	-1368
13.7807681561	-1368
13.7808129787	-1368
13.7810840607	1368
13.8593871593	-1368
13.8594169617	1036
13.8594279289	-1368
13.8865709305	-1368
13.886603117	-1368
13.9037530422	-1368
13.9037699699	-1368
13.9044210911	-1368
13.904900074	-1368
13.9055330753	-1368
13.9061529636	-1368
13.9066860676	-1368
13.9073841572	-1368
13.9077820778	-1368
13.9085299969	-1368
13.9090430737	-1368
13.9095799923	-1368
13.910243988	-1368
13.9108409882	-1368
13.9112401009	-1368
13.9318721294	-1368
13.9318940639	-1368
13.9322969913	-1368
13.9329340458	-1368
13.9335010052	-1368
13.9342961311	-1368
13.9349131584	-1368
13.9356081486	-1368
13.9359600544	-1368
13.9366729259	-1368
13.9447469711	-1368
13.9447641373	-1368
13.9454929829	-1368
14.0232229233	-1368
14.0232400894	1086
14.0503361225	-1368
14.0503571033	-1368
14.0507519245	-1368
14.0691869259	-1368
14.0697591305	-1368
14.0703201294	-1368
14.0715301037	-1368
14.0721549988	-1368
14.0725910664	-1368
14.0731790066	-1368
14.0738201141	-1368
14.0743629932	-1368
14.0749959946	-1368
14.0755369663	-1368
14.0760381222	-1368
14.0769071579	-1368
14.077299118	-1368
14.0778131485	-1368
14.0783879757	-1368
14.0791110992	-1368
14.0795991421	-1368
14.0801291466	-1368
14.0806951523	-1368
14.0954740047	-1368
14.0955870152	-1368
14.0963020325	1368
14.0966291428	-1368
14.0971019268	-1368
14.0976879597	-1368
14.0982611179	-1368
14.0987939835	-1368
14.0994141102	-1368
14.1000230312	-1368
14.1006109715	-1368
14.10105896	-1368
14.1017210484	-1368
14.1085801125	-1368
14.1085960865	-1368
14.1454291344	-1368
14.1869800091	-1368
14.1870081425	232
14.187016964	-1368
14.2140650749	-1368
14.2141590118	-1368
14.2327620983	-1368
14.2328000069	-1368
14.2338781357	-1368
14.2338969707	-1368
14.2340650558	1368
14.2345080376	-1368
14.2358210087	-1368
14.2358560562	-1368
14.2368330956	-1368
14.2374520302	-1368
14.2380321026	-1368
14.2385101318	-1368
14.2390730381	-1368
14.2396371365	-1368
14.240267992	-1368
14.2409701347	-1368
14.2415940762	-1368
14.2419900894	-1368
14.2426071167	-1368
14.242661953	-1368
14.2432539463	-1368
14.2438459396	-1368
14.244382143	-1368
14.2449359894	-1368
14.2591450214	-1368
14.2591791153	-1368
14.2596950531	-1368
14.2603731155	-1368
14.2618489265	-1368
14.2622480392	-1368
14.2627470493	-1368
14.2632060051	-1368
14.2637701035	-1368
14.26445508	-1368
14.2648949623	-1368
14.2654669285	-1368
14.2660560608	-1368
14.2671401501	-1368
14.2673799992	1368
14.2674620152	-1368
14.2722971439	-1368
14.2724189758	-1368
14.3506219387	-1368
14.3506519794	522
14.350661993	-1368
14.3511910439	-1368
14.3776800632	-1368
14.3777029514	-1368
14.3964290619	-1368
14.3964970112	-1368
14.3974869251	-1368
14.3981130123	-1368
14.3994419575	-1368
14.3998789787	-1368
14.4004220963	-1368
14.4010119438	-1368
14.4010350704	-1368
14.4016830921	-1368
14.4022331238	-1368
14.4028520584	-1368
14.4033610821	-1368
14.4039139748	-1368
14.4045491219	-1368
14.4050681591	-1368
14.405600071	-1368
14.406224966	-1368
14.4068660736	-1368
14.4073960781	-1368
14.4079930782	-1368
14.408602953	-1368
14.4091939926	-1368
14.4097220898	-1368
14.4107270241	-1368
14.4110870361	-1368
14.4226629734	-1368
14.4227421284	-1368
14.423251152	-1368
14.4239211082	-1368
14.4244811535	-1368
14.425383091	-1368
14.4257090092	1368
14.4259951115	-1368
14.4268610477	-1368
14.4275090694	-1368
14.4284210205	-1368
14.428828001	-1368
14.4292609692	-1368
14.4299581051	-1368
14.4304330349	-1368
14.430961132	-1368
14.4322140217	-1368
14.4329791069	-1368
14.4359900951	-1368
14.4361169338	-1368
14.473361969	-1368
14.4733920097	-1368
14.5143210888	-1368
14.5143489838	232
14.5146701336	-1368
14.5152871609	-1368
14.5413970947	-1368
14.5414199829	-1368
14.5601811409	-1368
14.5602400303	-1368
14.5609941483	-1368
14.5618319511	-1368
14.562335968	-1368
14.5635941029	-1368
14.56361413	-1368
14.5645649433	-1368
14.5651960373	-1368
14.5657660961	-1368
14.566368103	-1368
14.5668959618	-1368
14.5674469471	-1368
14.5680990219	-1368
14.5686359406	-1368
14.569286108	-1368
14.5695619583	1368
14.5697989464	-1368
14.5704901218	-1368
14.5709619522	-1368
14.5715351105	-1368
14.5721530914	-1368
14.5729510784	-1368
14.5736100674	-1368
14.5736460686	-1368
14.5740790367	-1368
14.5745949745	-1368
14.5751810074	-1368
14.575813055	-1368
14.5764651299	-1368
14.5806801319	1368
14.5866820812	-1368
14.5867359638	-1368
14.5868589878	-1368
14.5877540112	-1368
14.5882201195	-1368
14.588987112	-1368
14.5895659924	-1368
14.5905489922	-1368
14.5906100273	-1368
14.5922219753	-1228
14.7307720184	1007
14.8966641426	543
14.9308149815	-543
15.2861969471	-543
15.2872691154	1057
15.4910900593	543
15.8992879391	-543
15.9781520367	543
16.0017809868	1368
16.1232609749	-543
16.1414940357	775
16.3626670837	-543
16.3628981113	1368
16.3630020618	717
16.526663065	-1086
16.6513700485	-1368
16.651845932	-1368
16.6732809544	-1368
16.6737720966	-1368
16.6745021343	-1368
16.7076020241	-1368
16.7078700066	543
16.7081639767	-1368
16.7087430954	-1368
16.7291660309	-538
16.9291541576	-1086
17.0928621292	-543
17.2565250397	-543
20.023900032	543
