0	-543
2.4621078968	543
3.65696406364	543
3.97379398346	-543
3.97400093079	543
4.01923203468	-543
4.30434083939	-1420
4.30436086655	-151
4.3196618557	-1420
4.31967806816	-1316
4.43230986595	-377
4.43964385986	-543
4.45293402672	-1368
4.46135401726	543
4.58094906807	-717
4.58291196823	543
4.58372187614	543
4.89360499382	-543
5.0619468689	-543
5.07190084457	543
5.39530992508	-543
5.39551091194	543
5.7082388401	-1420
5.70825886726	-151
5.72436404228	-1420
5.72438097	-1316
5.83618593216	-377
5.84718298912	-1368
5.97526407242	-717
5.97716283798	543
5.97796487808	543
6.30886387825	-543
6.45598602295	-1368
6.47247004509	-1368
6.47664904594	-406
6.59056806564	-1368
6.60485386848	-1231
6.64562487602	543
6.65448498726	543
6.66165184975	543
6.67189097404	543
6.7020509243	543
6.7049138546	543
6.9731760025	-543
6.9734480381	543
7.14549183846	-543
7.14571499825	543
7.23720693588	-1368
7.23744487762	543
7.23758101463	543
7.27455496788	-261
7.27472901344	543
7.39194297791	-1420
7.39195990562	-1316
7.39217805862	543
7.40312504768	-920
7.46155905724	543
7.46169304848	543
7.52053904533	-1420
7.52058792114	-1316
7.53138899803	-891
7.53228092194	-1368
7.53413295746	543
7.55160903931	-1368
7.5517718792	-1368
7.64625501633	-1368
7.65511488914	-1420
7.6551668644	-1316
7.65705895424	543
7.65785694122	1460
7.65790486336	111
7.66017603874	-161
7.77999997139	-1420
7.78002786636	-1316
7.79084897041	-1420
7.79086494446	-1316
7.79137802124	-1420
7.79138302803	-1316
7.79140591621	-1368
7.8022210598	543
7.80426001549	543
7.81412196159	-1420
7.81412792206	-1316
7.82151699066	543
7.82372903824	543
7.82847905159	-654
7.85717797279	-1420
7.8572499752	-1420
7.85725498199	-1264
7.86431694031	543
7.86490988731	543
7.92713594437	-1420
7.92715191841	-1316
7.98531699181	-957
7.99637699127	543
8.02288889885	543
8.06894993782	-1368
8.07740092278	-1420
8.07745289803	-1316
8.08056688309	-1368
8.11374902725	-841
8.12779903412	-1420
8.12783384323	-1316
8.14113593102	-1420
8.14118695259	-1316
8.15519285202	-1420
8.15524291992	-1316
8.15744686127	-1420
8.1574909687	-1420
8.15749406815	-1264
8.16365885735	-1368
8.17373394966	-1420
8.17378401756	-1316
8.17741394043	-1420
8.17747092247	-1316
8.17747402191	-1368
8.18150091171	543
8.19570493698	-1420
8.19571185112	-1316
8.19704604149	-1420
8.19704890251	-1316
8.20760393143	-1420
8.2076189518	-1420
8.20768094063	-1264
8.21326899529	-1420
8.21333289146	-1316
8.21427702904	-1420
8.2143008709	-1316
8.22155284882	543
8.22359704971	-1420
8.2236020565	-1316
8.24243092537	-1420
8.24244594574	-1420
8.24250197411	-1420
8.24250507355	-1212
8.24268293381	543
8.25602793694	-1420
8.25604701042	-1420
8.25608301163	-1420
8.25608587265	-1212
8.26930689812	-1420
8.26933097839	-1316
8.26937389374	-1420
8.26937603951	-1316
8.283233881	-1420
8.28324484825	-1316
8.28329491615	-1264
8.28553199768	-1368
8.29275584221	-1368
8.29788589478	-1368
8.30558204651	-1368
8.30748295784	-1420
8.307543993	-1420
8.30754685402	-1264
8.31819295883	-1368
8.3211479187	-1420
8.32119202614	-1316
8.32432699203	543
8.32993006706	-1368
8.33457684517	-1420
8.33462905884	-1316
8.34077787399	-1368
8.34237790108	-1368
8.34654307365	-1368
8.35146284103	543
8.41372799873	-1134
8.41498589516	543
8.54197192192	-543
8.5542140007	-1420
8.55427789688	-1316
8.57071900368	-1420
8.57076501846	-1316
8.57090687752	543
8.58904004097	-543
8.68369603157	-754
8.68837189674	-1368
8.81191492081	-203
8.94004797935	-1057
8.9412920475	543
9.03809690475	-543
9.06815505028	-1057
9.06921005249	543
9.31570291519	-1420
9.31571984291	-1420
9.31578588486	-273
9.31883788109	-1368
9.31962800026	-1420
9.31963396072	-1316
9.3201508522	-1368
9.32117700577	-1420
9.321215868	-1316
9.33272004128	-1420
9.3327870369	-1420
9.33279204369	-1264
9.33282899857	-1368
9.44391083717	-915
9.44832992554	-1368
9.46437287331	543
9.46446084976	543
9.48776507378	-543
9.57193398476	-717
9.58176994324	-1368
9.70010304451	-203
9.70060706139	1460
9.70065903664	625
9.71201491356	543
9.8031129837	543
9.81481599808	543
9.82450199127	543
9.82759690285	543
9.84825396538	1057
9.89205288887	543
9.95065784454	543
10.0986449718	-543
10.135573864	-1420
10.1356010437	-1420
10.1356489658	-273
10.1445538998	-1420
10.1446070671	-1316
10.1504330635	-1420
10.1504809856	-1316
10.1556789875	-1420
10.155725956	-1420
10.1557300091	-1264
10.1725008488	-1420
10.1725120544	-1420
10.1725678444	-1264
10.1767890453	-1368
10.184568882	-1420
10.1845779419	-1316
10.184691906	543
10.1922180653	-1420
10.1922240257	-1316
10.2193880081	-1420
10.2194008827	-1420
10.2194540501	-1264
10.2195858955	543
10.2681009769	-1420
10.2681210041	-1316
10.2729830742	-686
10.2741909027	-1420
10.2742159367	-1316
10.2813279629	-1368
10.2906360626	-1368
10.2975530624	-1368
10.303262949	-1420
10.3032689095	-1420
10.3033099174	-1264
10.3141489029	-1368
10.3195729256	-1420
10.3195779324	-1316
10.3266448975	-1368
10.3267290592	543
10.3367879391	-1368
10.3452630043	-1420
10.3452959061	-1316
10.3540630341	-1420
10.354088068	-1316
10.3622899055	-1368
10.3682670593	-1420
10.3682730198	-1316
10.374268055	-1420
10.3742730618	-1316
10.3743028641	-1368
10.3882758617	-1368
10.3975150585	-1420
10.3975200653	-1316
10.4009299278	-391
10.4043929577	-1420
10.4044258595	-1316
10.4124469757	-1420
10.4124939442	-1316
10.4273428917	-1420
10.4273688793	-1316
10.4343760014	-1420
10.4344189167	-1316
10.4345140457	1057
10.4345538616	-1368
10.4421138763	-1420
10.4421379566	-1316
10.4497849941	-1368
10.4614570141	543
10.4672379494	-1420
10.4672429562	-1316
10.475522995	-1420
10.4755280018	-1420
10.4755690098	-1264
10.4843089581	-1420
10.4843530655	-1316
10.4911379814	-1368
10.4961638451	-1420
10.4961700439	-1420
10.4961919785	-1264
10.4966330528	543
10.4971868992	543
10.4975309372	543
10.5030050278	-1420
10.5030219555	-1316
10.5065829754	-1420
10.50659585	-1316
10.5068068504	543
10.5132379532	-1420
10.5132448673	-1316
10.5132770538	-1368
10.5194859505	-1420
10.5195279121	-1316
10.5245230198	-1420
10.5245490074	-1316
10.5308589935	-1420
10.5308818817	-1316
10.5308849812	-1368
10.5323500633	-307
10.5369608402	-1420
10.5370018482	-1316
10.5425009727	-1420
10.5425448418	-1316
10.546900034	-1420
10.5469329357	-1316
10.5537478924	-1420
10.553798914	-1316
10.5538020134	-1368
10.5601649284	-1420
10.5601699352	-1316
10.5602810383	1057
10.5667200089	-1420
10.5667259693	-1316
10.5670859814	-1368
10.5751309395	-1368
10.5812139511	-1420
10.581223011	-1316
10.5885930061	-1420
10.5885989666	-1316
10.5958719254	-1420
10.5958819389	-1420
10.5959298611	-1264
10.601238966	-1420
10.6012878418	-1316
10.6074860096	-1420
10.6075310707	-1316
10.6128230095	-1368
10.6129448414	543
10.6213259697	-1420
10.6213428974	-1316
10.6250429153	-1420
10.6250500679	-1316
10.6292779446	-1368
10.634098053	-1368
10.6397719383	-1368
10.6446919441	-1368
10.6491980553	-1420
10.6492209435	-1316
10.6561279297	-1420
10.6561419964	-1316
10.6564018726	-1368
10.6605138779	-1420
10.6605529785	-524
10.6641910076	-1368
10.6706709862	-1420
10.6706769466	-1316
10.6772470474	-1368
10.684720993	-1368
10.6848819256	1057
10.6917929649	-1420
10.6917989254	-1316
10.698595047	-1420
10.6986000538	-1316
10.6986210346	-1368
10.7045068741	-1420
10.7045509815	-1316
10.7138268948	-1420
10.7138588428	-1316
10.7221539021	-1420
10.722219944	-1316
10.7222239971	-1368
10.7288339138	-1420
10.7288389206	-1316
10.7349779606	-1420
10.7349839211	-1316
10.7441658974	-1420
10.7441709042	-1316
10.7484810352	-1420
10.748486042	-1316
10.748609066	543
10.7486460209	-1368
10.7553229332	-1368
10.7555239201	-1368
10.7612450123	-1420
10.7612879276	-1316
10.7688000202	-1420
10.7688448429	-1316
10.768848896	-1368
10.7855210304	-1420
10.7855520248	-1316
10.7921760082	-415
10.7929439545	-1420
10.7930018902	-1316
10.7990958691	-1420
10.799134016	-1316
10.8056960106	-1420
10.8057320118	-1316
10.8112769127	-1420
10.8113160133	-1316
10.8113188744	-1368
10.8114640713	1057
10.8182380199	-1420
10.8182468414	-1316
10.8216240406	-1420
10.8216300011	-1316
10.8273139	-1368
10.827493906	-1368
10.8318178654	-1420
10.8318350315	-1316
10.8318698406	-1368
10.836566925	-1420
10.8365960121	-1316
10.8427090645	-1420
10.8427429199	-1316
10.8494598866	-1420
10.8495059013	-1316
10.8495090008	-1368
10.8585748672	-1420
10.8585810661	-1316
10.8643598557	-1368
10.8644578457	543
10.8700978756	-1420
10.8701028824	-1316
10.8770520687	-1420
10.8770568371	-1420
10.8771049976	-1264
10.8857059479	-1420
10.8857319355	-1316
10.8958179951	-1420
10.8959040642	-1316
10.9048910141	-1420
10.9049408436	-1316
10.9122319221	-1420
10.9122879505	-1420
10.91229105	-1264
10.9200780392	-1368
10.9208920002	-352
10.928994894	-1420
10.9290008545	-1316
10.9354150295	-1420
10.93542099	-1316
10.9355318546	1057
10.9443290234	-1420
10.9443349838	-1316
10.9502689838	-1420
10.9502749443	-1316
10.9503040314	-1368
10.9592008591	-1420
10.959225893	-1316
10.9676468372	-1420
10.9676718712	-1316
10.9762480259	-1420
10.9762818813	-1316
10.9848849773	-1420
10.9849169254	-1316
10.9911580086	-1420
10.9912009239	-1316
10.9994859695	-1368
11.0228259563	-1368
11.0229530334	543
11.0231208801	543
11.0232498646	543
11.0378129482	-1368
11.0379190445	543
11.0508329868	-1420
11.0508389473	-1316
11.0509738922	543
11.0510940552	543
11.0569169521	-1071
11.0569808483	543
11.0584449768	-1420
11.0584499836	-1316
11.0621469021	-1420
11.0621609688	-1316
11.0667350292	-1420
11.0667409897	-1316
11.0734050274	-1420
11.0734109879	-1316
11.073433876	-1368
11.0790760517	-1420
11.0791099072	-1316
11.0875279903	-1420
11.0875618458	-1316
11.0938310623	-1420
11.0938558578	-1316
11.1001648903	-1420
11.1002080441	-1316
11.1002109051	-1368
11.1084220409	-1420
11.1084270477	-1316
11.1085269451	1057
11.1166870594	-1420
11.1167008877	-1316
11.124145031	-1368
11.1320738792	-1420
11.1321079731	-1316
11.1411969662	-1420
11.1412220001	-1316
11.1478860378	-1420
11.1479098797	-1316
11.1544370651	-1420
11.1544699669	-1316
11.1620819569	-1420
11.1621248722	-1316
11.1697759628	-1368
11.1702198982	543
11.1706969738	543
11.1784338951	-1420
11.1784398556	-1420
11.1784808636	-1264
11.1864080429	-792
11.1883180141	-1420
11.1883230209	-1316
11.1937279701	-1368
11.2009348869	-1420
11.2009670734	-1316
11.2074148655	-1368
11.2156479359	-1420
11.2156538963	-1316
11.2234749794	-1368
11.2423648834	-1420
11.2423920631	-1316
11.2423949242	-1368
11.251003027	-1420
11.2510080338	-1316
11.2647030354	-1368
11.2648558617	543
11.2649788857	543
11.2704820633	-1420
11.2704880238	-1316
11.2705960274	543
11.2778799534	-1420
11.2778859138	-1420
11.2779269218	-1264
11.2779939175	543
11.2862319946	-1420
11.2862370014	-1316
11.2903029919	-1420
11.2903079987	-1420
11.290348053	-1264
11.301913023	-1420
11.3019368649	-1316
11.3096418381	-1420
11.3096718788	-1316
11.3098359108	-1368
11.3136689663	-1420
11.3136749268	-1316
11.3145039082	-979
11.3261208534	-1420
11.3261668682	-1420
11.3261709213	-1264
11.3417959213	-1420
11.3418030739	-1420
11.3418459892	-1264
11.3483309746	-543
11.3588199615	-1420
11.358864069	-1420
11.35886693	-1264
11.3590018749	543
11.3644888401	-1420
11.3644938469	-1420
11.3645370007	-1264
11.37606287	-1420
11.3761060238	-1316
11.3767340183	-1368
11.3877298832	-1420
11.3877370358	-1420
11.3877809048	-1264
11.3996179104	-1368
11.4039409161	-1420
11.4039468765	-1316
11.4104139805	-1420
11.4104189873	-1316
11.4104659557	-1368
11.4216518402	-1420
11.4217059612	-1420
11.4217090607	-1264
11.4314670563	543
11.431634903	-1420
11.4316408634	-1316
11.4317018986	-1368
11.4317688942	543
11.4446668625	-1368
11.4512848854	-1420
11.4513399601	-1316
11.4542598724	-1269
11.4563109875	-1420
11.4563188553	-1316
11.4628548622	-1368
11.4650900364	543
11.4651689529	543
11.4652240276	543
11.465307951	543
11.4678120613	-1420
11.4678380489	-1316
11.4736330509	-1368
11.4790010452	-1420
11.4790070057	-1316
11.4844369888	-1368
11.4941370487	-1368
11.5009300709	-1420
11.5009570122	-1420
11.5009958744	-1264
11.5011179447	543
11.5074808598	-1420
11.5074970722	-1316
11.5126240253	-1368
11.5195908546	-1420
11.5196380615	-1420
11.5196418762	-1264
11.5310299397	-1420
11.5310368538	-1316
11.5368919373	-1420
11.5368978977	-1316
11.5370979309	-1368
11.5429210663	-1420
11.5429499149	-1316
11.5429530144	-1368
11.5548648834	-1420
11.5548820496	-1316
11.5549929142	543
11.5614368916	-1420
11.561442852	-1420
11.5614929199	-1264
11.5615718365	543
11.5670659542	-1368
11.5739688873	-1420
11.5740368366	-1420
11.5740418434	-1264
11.5783679485	-1420
11.578373909	-1420
11.5784170628	-1264
11.5842678547	-771
11.5908949375	-1420
11.5909090042	-1316
11.5942959785	-1368
11.5998599529	-1420
11.5998959541	-1316
11.6027159691	-1368
11.612377882	-1420
11.6123919487	-1420
11.6124508381	-1264
11.614030838	-1420
11.6140730381	-1316
11.6142580509	543
11.617675066	-1368
11.6217639446	-1420
11.6217930317	-1316
11.6251008511	-1368
11.6298239231	-1420
11.6298408508	-1316
11.6301760674	1057
11.6357710361	-1368
11.6474859715	-1420
11.6475579739	-1420
11.6475629807	-1264
11.653938055	-1420
11.653952837	-1316
11.6579809189	-1368
11.6637208462	-1420
11.6637899876	-1420
11.6637940407	-1264
11.6689610481	-1368
11.6691699028	543
11.6731350422	-1420
11.673158884	-1316
11.6777160168	-1420
11.6777248383	-1316
11.6777608395	-1368
11.6798808575	543
11.6805610657	543
11.6883189678	-1420
11.6883318424	-1316
11.6904768944	543
11.6933999062	-1368
11.6998429298	-1420
11.6998980045	-1420
11.6999030113	-1264
11.7027618885	543
11.7035079002	1057
11.7112920284	-1368
11.7122519016	-1032
11.716714859	-1368
11.7218148708	543
11.730962038	-1420
11.7309699059	-1316
11.7310190201	-1368
11.7391040325	-1420
11.7391469479	-1316
11.739356041	543
11.7414648533	543
11.7470488548	-1368
11.7472429276	-1368
11.7475180626	543
11.7542929649	-1420
11.7543010712	-1316
11.7543349266	-1368
11.7614510059	-1420
11.7615029812	-1316
11.768748045	-1368
11.7865970135	-1368
11.796861887	-1420
11.7969150543	-1316
11.8053538799	-1420
11.8053958416	-1316
11.816988945	-1420
11.8170208931	-1316
11.8221838474	-1368
11.8302578926	-1368
11.8352239132	543
11.8373260498	-1420
11.8373420238	-1316
11.8373908997	-1368
11.8402700424	-847
11.8404219151	543
11.8445379734	-1420
11.8445448875	-1316
11.8539469242	543
11.854585886	543
11.8550229073	543
11.8847770691	543
11.9050860405	-1420
11.9051120281	-1316
11.9684209824	-1268
11.9938499928	543
11.9940948486	543
12.0708079338	-1420
12.0708248615	-1316
12.0729780197	-1368
12.0771479607	-1420
12.0771939754	-1420
12.0771980286	-1264
12.0966629982	-132
12.0990178585	-1420
12.0990688801	-1316
12.1056408882	543
12.1323289871	-1368
12.1621968746	-1420
12.1622469425	-1316
12.1640150547	-1420
12.1640529633	-1316
12.1796810627	-1420
12.1797440052	-1316
12.1884479523	-1368
12.1985988617	-1368
12.205067873	-1368
12.2115869522	543
12.2162730694	-1420
12.2162799835	-1316
12.2191550732	-1420
12.2191660404	-1420
12.2192130089	-1264
12.2206869125	-1420
12.22073102	-1316
12.2252569199	-541
12.2259118557	543
12.2361569405	-1420
12.236178875	-1316
12.2459218502	-1420
12.2459330559	-1316
12.258769989	-1420
12.2587819099	-1316
12.2589709759	543
12.2610440254	-1420
12.2610499859	-1316
12.2610919476	-1368
12.2714970112	1057
12.271846056	543
12.273786068	-1368
12.2811388969	-1420
12.2811908722	-1316
12.2841730118	-1368
12.2915170193	543
12.2957298756	-1420
12.2957470417	-1316
12.2963368893	-1368
12.2988820076	-1368
12.3091509342	-1420
12.3091599941	-1316
12.3147559166	-1420
12.3147630692	-1316
12.3254199028	-1420
12.3254289627	-1316
12.333245039	-1420
12.3332509995	-1316
12.3333199024	-1368
12.3336780071	-1420
12.3337230682	-1316
12.3446669579	-1368
12.3500750065	-1420
12.3500850201	-1316
12.3501899242	543
12.3537569046	-1232
12.3544900417	-1420
12.3545260429	-1316
12.3619389534	-1368
12.3694000244	-1420
12.3694188595	-1316
12.3715369701	-1420
12.3715419769	-1316
12.384939909	-1420
12.3849539757	-1420
12.3850069046	-1264
12.3870909214	-1368
12.3872690201	543
12.397012949	-1420
12.3970189095	-1316
12.4023039341	-1420
12.4023098946	-1316
12.4026958942	-1420
12.4026999474	-1316
12.4161539078	-1420
12.4161729813	-1316
12.416287899	543
12.418820858	-1368
12.4325320721	-1420
12.4325768948	-1316
12.4349689484	-1420
12.43501091	-1420
12.4350140095	-1264
12.4471838474	-1420
12.4471900463	-1316
12.451734066	-1420
12.4517390728	-1316
12.4652168751	-1420
12.4652240276	-1316
12.4687869549	-1420
12.468791008	-1420
12.4688370228	-1264
12.4754209518	-1420
12.4754650593	-1316
12.4816980362	-1368
12.4820818901	-821
12.4880049229	-1420
12.4880509377	-1316
12.4881858826	543
12.4921090603	-1420
12.4921140671	-1316
12.5020618439	-1368
12.5103349686	-1420
12.5103888512	-1316
12.5182650089	-1368
12.5308320522	-1368
12.5364010334	1057
12.5366158485	543
12.5371010303	543
12.5459468365	-1368
12.5461490154	1057
12.5511188507	-1368
12.5610170364	-1420
12.5610580444	-1316
12.5677280426	-1420
12.5677740574	-1316
12.5677778721	-1368
12.5707600117	543
12.5948040485	-1368
12.60374403	-1420
12.6038029194	-1316
12.6109600067	-715
12.6111319065	543
12.6345338821	543
12.7396519184	-543
12.7599198818	-1420
12.7599740028	-1316
12.7601649761	543
12.7616200447	-1420
12.7616250515	-1420
12.7616760731	-1264
12.7836880684	-1420
12.783728838	-1316
12.7838728428	543
12.7853088379	-1420
12.7853138447	-1420
12.7853629589	-1264
12.8551468849	-1368
12.867773056	-546
12.8836569786	1057
12.8858289719	1057
12.9072589874	-1420
12.9072759151	-1316
12.923017025	-1368
12.9329650402	-1420
12.9330370426	-1316
12.9401199818	-1420
12.9401738644	-1316
12.9537558556	-1420
12.9538178444	-1420
12.9538228512	-1264
12.9600849152	-1368
12.9715979099	-1420
12.9716689587	-1316
12.976624012	-1420
12.9766700268	-1316
12.9908978939	-1420
12.9909510612	-1420
12.990956068	-1264
12.9960839748	-309
12.9983069897	-1420
12.9983570576	-1316
12.9990768433	-1420
12.9991190434	-1316
12.9991939068	543
13.0143699646	-1420
13.0143868923	-1316
13.0145900249	543
13.022785902	-1420
13.0228118896	-1420
13.022865057	-1264
13.022867918	-1368
13.0401890278	-1420
13.0402040482	-1316
13.0537159443	-1368
13.0604050159	-1420
13.0604450703	-1316
13.0718400478	-1420
13.0718979836	-1420
13.0719020367	-1264
13.0802838802	-1368
13.1232709885	-1420
13.1232838631	-1316
13.1244108677	-889
13.1396269798	-1420
13.1396410465	-1316
13.1599650383	-1420
13.1599810123	-1316
13.1602818966	543
13.1657800674	-1420
13.1657960415	-1316
13.1759829521	-1420
13.1759970188	-1420
13.1760499477	-1264
13.1846530437	-1420
13.1847009659	-1316
13.1942989826	-1420
13.194355011	-1316
13.2017610073	-1420
13.2018299103	-1316
13.202892065	-1420
13.2029459476	-1316
13.2029490471	-1368
13.215998888	-1420
13.2160220146	-1316
13.2161729336	543
13.2234299183	-1420
13.2234370708	-1316
13.2235300541	543
13.2248270512	-1420
13.2248330116	-1316
13.2248899937	-1368
13.2450618744	-1420
13.2451319695	-1420
13.2451360226	-1264
13.2500369549	-1420
13.2500429153	-1316
13.2532429695	-486
13.2538709641	-1420
13.2538950443	-1316
13.2557580471	-1420
13.2558078766	-1316
13.2641220093	-1420
13.2641599178	-1316
13.2710120678	-1420
13.2710769176	-1316
13.2710809708	-1368
13.2743220329	-1420
13.2743430138	-1316
13.2744839191	543
13.286206007	-1368
13.286221981	-1368
13.290902853	-1420
13.2909100056	-1316
13.3006160259	-1420
13.3006289005	-1420
13.3006858826	-1264
13.3062958717	-1420
13.3063318729	-1316
13.3105249405	-1368
13.3267409801	-1420
13.3267569542	-1316
13.3426258564	-1368
13.3427119255	-1368
13.3429150581	543
13.3562610149	1057
13.3569018841	-1368
13.3652648926	-1420
13.3653180599	-1316
13.3654019833	543
13.3743338585	543
13.3745419979	1057
13.3777930737	-1420
13.3778078556	-1316
13.3778338432	-1368
13.3798520565	543
13.3814589977	-291
13.3831560612	-1368
13.3912260532	-1420
13.3912360668	-1316
13.3976759911	-1368
13.4005389214	-1368
13.4006779194	-1368
13.4043190479	543
13.4086918831	-1368
13.4140880108	-1368
13.4188718796	-1420
13.41887784	-1420
13.4189200401	-1264
13.4195098877	543
13.4250049591	-1420
13.4250118732	-1316
13.4301800728	-1420
13.4301869869	-1316
13.4367320538	-1368
13.4408829212	543
13.4411849976	543
13.4422018528	-1420
13.4422109127	-1316
13.4422409534	-1368
13.4426319599	-1368
13.4512350559	-1420
13.4512598515	-1316
13.4557039738	-1368
13.4575889111	-1420
13.4576430321	-1316
13.4644858837	543
13.4663798809	-1420
13.4664099216	-1316
13.4664130211	-1368
13.4761209488	-1420
13.476140976	-1316
13.478304863	-1420
13.4783129692	-1316
13.4896218777	-1420
13.4896359444	-1316
13.4897990227	1057
13.4957869053	-1420
13.4957919121	-1316
13.4960160255	-1368
13.4983839989	-1420
13.4984090328	-1316
13.5089149475	-1420
13.5089700222	-1316
13.5099539757	-1090
13.5169148445	-1368
13.5184729099	-1368
13.5296199322	-1420
13.5296280384	-1316
13.5357079506	-1420
13.5357189178	-1316
13.5361559391	-1420
13.5361700058	-1316
13.5362069607	-1368
13.5476789474	-1420
13.5477349758	-1316
13.5543479919	-1420
13.5544040203	-1316
13.5579068661	-1420
13.5579519272	-1316
13.5690090656	-1420
13.5690619946	-1316
13.5777139664	-1368
13.5843129158	-1368
13.5905778408	-1420
13.5906238556	-1316
13.5945808887	-1368
13.6014959812	543
13.6036510468	-1420
13.6036670208	-1316
13.6038470268	-1368
13.6133129597	-1420
13.6133570671	-1316
13.6386840343	-1021
13.685847044	-1368
13.730203867	-1420
13.7302558422	-1316
13.7304279804	543
13.7428059578	-1368
13.7457270622	543
13.7474398613	1057
13.7598118782	-1420
13.7598428726	-1316
13.7667598724	-646
13.814661026	-1368
13.8512148857	-1368
13.8566169739	-1368
13.8644599915	-1420
13.8644859791	-1316
13.8673610687	543
13.8676059246	-1420
13.867609024	-1316
13.8676860332	-1368
13.8817739487	1057
13.8856470585	-1420
13.8856549263	-1316
13.8911659718	1460
13.8912539482	111
13.8948059082	-430
13.897466898	543
13.9049239159	543
13.9615950584	-1368
14.0230610371	-717
14.024107933	543
14.141835928	-1420
14.1418540478	-1316
14.1500890255	-543
14.1510870457	-891
14.1581990719	-1368
14.1750998497	-1420
14.1751148701	-1316
14.1896100044	-1368
14.1910500526	-1368
14.1911599636	543
14.2091090679	-1420
14.2091338634	-1316
14.212692976	-1420
14.2127058506	-1420
14.2127590179	-1264
14.2223939896	-1368
14.2298140526	-1420
14.2298228741	-1316
14.23802495	-1420
14.238036871	-1316
14.2382180691	-1420
14.2382218838	-1316
14.2384319305	-1368
14.2519099712	-1420
14.2519779205	-1316
14.2520999908	543
14.2596850395	-1420
14.2596950531	-1316
14.2612638474	-1368
14.2754080296	-1420
14.2754728794	-1420
14.2754778862	-1264
14.2756240368	543
14.2781238556	-1368
14.2797908783	-507
14.2927908897	-1420
14.2928040028	-1316
14.2947359085	-1420
14.2947409153	-1316
14.305742979	-1420
14.305752039	-1316
14.3141028881	-1420
14.3141100407	-1316
14.3141329288	-1368
14.317512989	-1420
14.3175828457	-1316
14.3312220573	-1420
14.3312659264	-1316
14.3376309872	-1420
14.3377149105	-1316
14.3387000561	-1420
14.3387320042	-1420
14.3387348652	-1264
14.3397848606	543
14.3507418633	-1420
14.3507568836	-1316
14.3584208488	-1420
14.358438015	-1316
14.3604469299	-1420
14.3604528904	-1420
14.3604929447	-1264
14.3850688934	-1368
14.3892529011	-1420
14.3892588615	-1420
14.3893079758	-1264
14.3992860317	-1368
14.399438858	543
14.4067158699	-1420
14.4067339897	-1316
14.4078199863	-892
14.4153139591	-1420
14.4153580666	-1316
14.4155938625	-1420
14.4156339169	-1316
14.4157209396	543
14.4364960194	-1420
14.4365119934	-1316
14.4377338886	-1368
14.4378988743	543
14.4496870041	-1368
14.4633140564	543
14.4637448788	543
14.4659519196	1057
14.5060770512	-1368
14.5361189842	-770
14.5363619328	1057
14.6646399498	-543
14.6648330688	543
14.862983942	-543
14.874778986	-1420
14.8747899532	-1420
14.8748409748	-787
14.8767778873	543
14.8774778843	1057
15.0066108704	-543
15.0068309307	543
15.0130720139	-1420
15.0130798817	-1316
15.0238599777	-1368
15.0394380093	-543
15.1411409378	-580
15.1468729973	-1368
15.16147995	-1420
15.161534071	-1316
15.1618368626	543
15.1628170013	-1368
15.1850800514	-1368
15.1879818439	543
15.1918778419	543
15.2692918777	-986
15.2820298672	-1368
15.2980680466	-1368
15.3020679951	543
15.4101319313	-920
15.4104030132	-1368
15.462020874	543
15.538435936	-1260
15.5413990021	543
15.5449280739	543
15.5498600006	-1368
15.566642046	-1368
15.6664378643	-406
15.6809048653	-1420
15.6809568405	-1316
15.8090219498	-920
15.812525034	543
15.8128869534	1057
15.8171019554	-1368
15.9409909248	-203
16.0262079239	-543
16.0694658756	-543
16.1424958706	-1420
16.142510891	-1316
16.1484999657	-1420
16.1485059261	-1316
16.1543278694	-1420
16.1543340683	-1420
16.1543769836	-1264
16.1545059681	543
16.1645450592	-1420
16.1645588875	-1420
16.1646130085	-1264
16.1709718704	-1368
16.1713619232	-1420
16.1713678837	-1316
16.185849905	-1368
16.1868338585	-1368
16.1964108944	-1420
16.1964218616	-1316
16.1964728832	-1368
16.1998949051	-1420
16.1999208927	-1316
16.2027878761	543
16.2034568787	-1420
16.2034628391	-1316
16.2088768482	-1420
16.2088918686	-1316
16.2089259624	-1368
16.2128300667	-1420
16.2128808498	-1316
16.2180519104	-1368
16.2191998959	-1368
16.2283129692	-1420
16.2283718586	-1420
16.2283759117	-1264
16.2318120003	-1368
16.2355129719	-1368
16.2373218536	-328
16.2421889305	-1420
16.2422349453	-1316
16.2473819256	-1368
16.2475118637	543
16.2520270348	-1368
16.2522559166	-1420
16.2523128986	-1316
16.2523159981	-1368
16.2679059505	-1420
16.2679178715	-1316
16.2680718899	543
16.2688200474	-1420
16.2688250542	-1316
16.2782180309	-1420
16.2782459259	-1316
16.2821919918	-1420
16.2822079659	-1316
16.2822649479	-1368
16.2844209671	-1368
16.2901349068	-1368
16.294782877	-1368
16.2992498875	-1420
16.2992680073	-1316
16.3026480675	-1368
16.3027949333	543
16.3068158627	-1368
16.3089630604	-1420
16.3090138435	-1316
16.3095650673	-1368
16.313174963	-1420
16.3131799698	-1316
16.3158769608	-1368
16.3196249008	-1368
16.3245580196	-1420
16.3245620728	-1316
16.3246159554	-1368
16.3289220333	-1420
16.328963995	-1316
16.3319509029	-1368
16.3373298645	-1420
16.3373360634	-1316
16.3373949528	-1368
16.3374888897	-1420
16.3375270367	-1316
16.3452148438	-1420
16.3452670574	-1316
16.3453650475	543
16.3570768833	-1368
16.3653969765	-1243
16.3739769459	-1420
16.3739919662	-1316
16.4643778801	543
16.4838819504	-1420
16.4838979244	-1316
16.4840569496	543
16.4934329987	-240
16.5104088783	1057
16.9255869389	-1420
16.9256060123	-1420
16.925673008	-787
16.9416470528	-1420
16.9417109489	-1420
16.9417159557	-1264
16.9591748714	-1420
16.9591908455	-1316
17.0591449738	-1368
17.0605618954	-1368
17.0695488453	-306
17.0934278965	543
17.3987989426	-543
17.4157290459	-1368
17.5346899033	-1420
17.5347058773	-1316
17.5436859131	-580
17.6818540096	1057
17.8466060162	-543
18.6155869961	-543
19.0556678772	-543
19.4612178802	543
19.6834859848	1057
