0	543
0.306384086609	-543
0.306603193283	543
0.609853029251	-543
0.610007047653	-1420
0.610035181046	-1316
0.625225067139	-1420
0.625272989273	-1316
0.728614091873	-783
0.7305560112	543
0.731394052505	543
1.03937911987	-543
1.20615315437	-543
1.21921300888	543
1.52861499786	-543
1.52879905701	543
1.84405112267	-543
1.84428620338	-1420
1.84433603287	-1316
1.8601000309	-1420
1.86014699936	-1316
1.96623516083	-783
1.96820306778	543
1.96896409988	543
2.27522110939	-543
2.45353317261	-543
2.45365810394	-1420
2.45369911194	-1316
2.47992300987	-1368
2.57313609123	-1123
2.61021900177	543
2.61754798889	543
2.62413215637	543
2.63980317116	543
2.65519118309	543
2.66220498085	543
2.75620508194	-543
2.75638413429	543
2.87389802933	-1368
2.87412810326	543
2.87426018715	543
2.9644241333	-804
2.96463608742	543
2.96475601196	543
2.99095606804	-1420
2.99097108841	-1316
3.00475811958	-1368
3.00487399101	-1368
3.08447217941	-1355
3.08469414711	543
3.08652710915	543
3.21588015556	-1420
3.21589899063	-1316
3.2262980938	-920
3.22867202759	565
3.25002098083	-1420
3.25008106232	-1420
3.25008416176	-1264
3.25252604485	543
3.27987098694	-1368
3.29162812233	-1368
3.29166507721	-1420
3.29166817665	-1316
3.2936861515	543
3.29929900169	1460
3.29936718941	111
3.3005771637	-1368
3.30813217163	-1368
3.33621311188	-1420
3.33622217178	-1420
3.33627319336	-1420
3.33627605438	-1212
3.33641815186	543
3.34004116058	543
3.37051105499	-1126
3.39060616493	543
3.39127206802	565
3.44089913368	-1420
3.44091320038	-1420
3.44096517563	-1264
3.451431036	-565
3.45163702965	565
3.45199918747	-1420
3.4520201683	-1316
3.52733898163	-1368
3.5274310112	-1420
3.52748417854	-1420
3.52748703957	-1264
3.52754020691	-1420
3.52754211426	-1316
3.528632164	-1420
3.52863502502	-1316
3.52889204025	-40
3.5322201252	-1420
3.53224420547	-1420
3.5322470665	-1264
3.53292298317	-1368
3.53464508057	-1420
3.53470301628	-1420
3.53470611572	-1264
3.53623008728	-1368
3.53644800186	-1420
3.53648614883	-1316
3.53738117218	-1420
3.53740119934	-1316
3.53743314743	-1368
3.53848314285	-1368
3.54165220261	543
3.54430699348	543
3.54559612274	543
3.55957818031	-1420
3.55959105492	-1420
3.55964398384	-1420
3.55964708328	-1212
3.55968213081	-1420
3.55968403816	-1316
3.57060313225	-1420
3.57060813904	-1420
3.57065701485	-1420
3.57066011429	-1212
3.57876300812	543
3.60971808434	-565
3.61136198044	565
3.64769101143	-1420
3.64771103859	-1420
3.64776802063	-1420
3.64777112007	-1212
3.64780521393	-1420
3.64780807495	-1316
3.64786314964	-1420
3.64786601067	-1420
3.6479010582	-1264
3.64790415764	-1420
3.64794015884	-1420
3.64794301987	-1264
3.64817619324	-1420
3.64817905426	-1420
3.64822006226	-1264
3.6482231617	-1368
3.64854502678	543
3.65184307098	-1420
3.65185213089	-1316
3.65208101273	-1420
3.65208601952	-1316
3.65239500999	-1420
3.65240001678	-1420
3.65244102478	-1420
3.65244317055	-1212
3.65257120132	543
3.65417599678	-1420
3.65418219566	-1420
3.65420818329	-1420
3.65421104431	-1212
3.65427517891	-1420
3.65427803993	-1316
3.65580105782	-877
3.78498101234	-565
3.86614203453	-543
3.94815206528	-1130
3.94931101799	543
3.9692401886	-1420
3.96930599213	-1316
3.98383903503	-920
3.9853541851	-1420
3.98537898064	-1420
3.98539614677	-1264
4.0755610466	-565
4.07624912262	543
4.09938597679	-1368
4.09957814217	543
4.10535001755	-298
4.10565114021	1460
4.10569906235	625
4.11247801781	543
4.16585707664	543
4.17962312698	543
4.18991303444	543
4.20142197609	543
4.24558711052	1057
4.25891900063	-543
4.25912714005	-1420
4.25916600227	-1316
4.26110005379	-1420
4.26114606857	-1420
4.26115012169	-1264
4.26203799248	-1420
4.26204419136	-1420
4.2620871067	-1264
4.26416707039	-1420
4.26421499252	-1420
4.26421809196	-1264
4.26622104645	-1368
4.26637601852	-1420
4.26642012596	-1316
4.26771807671	-1420
4.26774406433	-1316
4.26784014702	-1368
4.26918411255	-1420
4.26919102669	-1316
4.26929998398	-1368
4.27122211456	-1420
4.27124214172	-1420
4.27124404907	-1264
4.27134418488	543
4.27287006378	-1368
4.27545499802	-1420
4.2754971981	-1316
4.27824115753	-1368
4.27852416039	-1420
4.2785282135	-1316
4.28215503693	-1368
4.28234314919	-1420
4.28236699104	-1316
4.2908949852	543
4.29208803177	-1368
4.29215312004	-1368
4.29224514961	-1368
4.29224920273	-1368
4.29229211807	543
4.29242014885	543
4.29580712318	-1420
4.29581212997	-1316
4.30123615265	-1420
4.30124521255	-1420
4.30127000809	-1264
4.30276703835	-1368
4.30292010307	-1420
4.30292510986	-1420
4.30296421051	-1264
4.30592703819	-1420
4.30595302582	-1316
4.30881810188	-1368
4.30902910233	-1420
4.30903315544	-1316
4.31127214432	-1368
4.31146597862	-1368
4.31316208839	-1420
4.31316709518	-1420
4.31321001053	-1264
4.31321310997	-1420
4.3132481575	-1316
4.31444215775	-1368
4.31788301468	-1420
4.31789207458	-1316
4.31863903999	543
4.31931304932	-1368
4.31945419312	-1420
4.31947803497	-1316
4.31953501701	543
4.32055020332	543
4.32122516632	-1368
4.32141900063	-1420
4.32145905495	-1316
4.32227611542	543
4.32242107391	-1368
4.32256007195	-1420
4.32258200645	-1316
4.32269001007	543
4.32406520844	-1368
4.32718515396	-1420
4.32724118233	-1420
4.32724404335	-1264
4.33010721207	-1420
4.33011198044	-1316
4.33013606071	-1368
4.33022713661	543
4.33035898209	-1420
4.3303630352	-1316
4.33039808273	543
4.33166003227	-1368
4.33181500435	-1420
4.33184099197	-1316
4.33447504044	-1368
4.3362300396	-1420
4.33623600006	-1420
4.33627915382	-1264
4.33801698685	-1420
4.33804321289	-1420
4.33804607391	-1264
4.33941698074	-1368
4.38175010681	-1420
4.38176417351	-1316
4.38361501694	-1420
4.38362002373	-1420
4.38366007805	-1420
4.38366317749	-1212
4.38385415077	543
4.38432812691	-1420
4.38433408737	-1316
4.38649606705	-1420
4.38650202751	-1420
4.38654208183	-1264
4.38654518127	-1368
4.38881611824	-1420
4.38882112503	-1316
4.38980412483	-1368
4.38989019394	-1368
4.39108705521	-1420
4.39109015465	-1420
4.39110708237	-1264
4.39114999771	-1368
4.39349102974	-1420
4.3934969902	-1316
4.39373898506	-1420
4.3937420845	-1316
4.39819502831	-1420
4.39820814133	-1316
4.40097808838	-1420
4.40098214149	-1420
4.40100216866	-1264
4.40103816986	-1368
4.40457010269	543
4.40470719337	543
4.40510106087	-1420
4.40510821342	-1316
4.4149081707	-1368
4.41608214378	-1368
4.4161491394	-1420
4.41615319252	-1316
4.41939401627	-1420
4.4194021225	-1316
4.42504310608	-1420
4.42505502701	-1420
4.42510509491	-1420
4.42510819435	-1212
4.42657208443	-1420
4.42657613754	-1420
4.42661619186	-1420
4.42661809921	-1212
4.42938303947	-1420
4.42938899994	-1316
4.43264603615	-1420
4.43265008926	-1316
4.43506598473	-1420
4.43507003784	-1316
4.4367210865	-1420
4.43672704697	-1420
4.43676805496	-1420
4.4367711544	-1212
4.43680620193	-1420
4.43680810928	-1316
4.43698120117	543
4.44177699089	-1420
4.44178819656	-1316
4.44344115257	-1420
4.44345402718	-1420
4.44350409508	-1420
4.44350600243	-1212
4.44707918167	-1420
4.44709420204	-1316
4.44713711739	-1420
4.44713997841	-1420
4.44716620445	-1264
4.44716906548	-1368
4.4474170208	543
4.45223402977	-1420
4.45224499702	-1420
4.45229816437	-1420
4.45230102539	-1212
4.45256209373	-1420
4.45256519318	-1316
4.45573115349	-1420
4.45573806763	-1316
4.45593905449	543
4.45720601082	-1420
4.45721316338	-1420
4.45723605156	-1264
4.457239151	-1368
4.46244907379	-1420
4.46246409416	-1420
4.46249818802	-1264
4.46250009537	-1368
4.46451115608	-1420
4.4645152092	-1316
4.47090315819	-1368
4.50492620468	-1368
4.50700712204	-1420
4.5070130825	-1316
4.50875616074	-1368
4.5088531971	-1420
4.50889801979	-1420
4.50890016556	-1264
4.50938105583	-1368
4.50949001312	-1420
4.50952911377	-1420
4.50953102112	-1264
4.51003599167	543
4.51017808914	543
4.51128005981	-1420
4.51128602028	-1316
4.51390004158	-1420
4.51390719414	-1420
4.51395320892	-1420
4.51395511627	-1212
4.51534199715	-1420
4.51534700394	-1316
4.51646709442	-1420
4.51647114754	-1420
4.51650619507	-1420
4.51650810242	-1212
4.51880908012	-1420
4.51881313324	-1420
4.5188331604	-1264
4.51893615723	-1420
4.51897311211	-1420
4.51897501945	-1264
4.5198571682	543
4.523042202	-1420
4.52305197716	-1316
4.52575111389	-1420
4.52575516701	-1420
4.52579116821	-1420
4.52579402924	-1212
4.52986502647	-1420
4.52987599373	-1420
4.52993106842	-1420
4.52993416786	-1212
4.54333615303	-1420
4.54335212708	-1420
4.54340815544	-1264
4.54341101646	-1420
4.54344511032	-1420
4.54344701767	-1264
4.54365611076	543
4.54624009132	-1420
4.54624605179	-1316
4.5515730381	-1420
4.55158400536	-1420
4.55163216591	-1420
4.55163407326	-1212
4.55180120468	543
4.55325818062	-1420
4.55326414108	-1420
4.55330514908	-1420
4.5533080101	-1212
4.55628013611	-1420
4.5562851429	-1420
4.55632710457	-1420
4.55633020401	-1212
4.55998706818	-1420
4.55999207497	-1316
4.56288814545	-1420
4.56289410591	-1316
4.5646750927	-1420
4.56467914581	-1420
4.56471800804	-1264
4.56489300728	-1420
4.56491208076	-1420
4.56491398811	-1420
4.56492805481	-1420
4.56493020058	-1160
4.5687930584	543
4.56893706322	543
4.56908202171	543
4.56922006607	543
4.56931710243	543
4.56955003738	-1420
4.56955313683	-1316
4.57131719589	-1420
4.57132315636	-1420
4.57134509087	-1264
4.57139515877	-1368
4.57351517677	-1420
4.57352113724	-1316
4.5747191906	-1420
4.57472300529	-1420
4.57477712631	-1264
4.57477998734	-1368
4.57980799675	-1420
4.57981514931	-1420
4.57985806465	-1420
4.57986116409	-1212
4.5799779892	543
4.58008313179	-1420
4.58008503914	-1420
4.58013916016	-1264
4.58014321327	-1368
4.58024501801	543
4.58189511299	543
4.58318209648	-1420
4.58319211006	-1316
4.584400177	-1420
4.58440613747	-1420
4.58444714546	-1264
4.58444905281	-1368
4.58460998535	543
4.58475017548	543
4.587277174	1086
4.58923816681	-1420
4.5892431736	-1420
4.58928203583	-1264
4.58930206299	-1368
4.5913131237	-1420
4.59131813049	-1420
4.591340065	-1420
4.59134221077	-1212
4.59971904755	-1368
4.62995219231	-1368
4.63225102425	-1420
4.6322581768	-1420
4.63230013847	-1420
4.6323029995	-1212
4.63387608528	-1420
4.6338801384	-1420
4.633934021	-1264
4.63393616676	-1368
4.63449215889	-1420
4.63449501991	-1420
4.63454818726	-1264
4.6345500946	-1368
4.63645219803	-1420
4.63645601273	-1316
4.63668608665	543
4.63872098923	-1420
4.63872718811	-1316
4.63874912262	-1368
4.63921999931	-1420
4.6392621994	-1420
4.63926506042	-1264
4.64171814919	-1420
4.6417222023	-1092
4.64203500748	-1420
4.64203810692	-1316
4.64211010933	-1368
4.6459300518	-1368
4.64602303505	543
4.64869308472	-1420
4.64869713783	-1316
4.64888310432	543
4.65600299835	-1368
4.65638709068	-1420
4.65641498566	-1316
4.6574640274	-1368
4.65754199028	-1420
4.65754508972	-1316
4.66316604614	-1368
4.66330003738	-1420
4.66334819794	-1316
4.66975498199	-1420
4.66980314255	-1420
4.66980719566	-1264
4.67402815819	-1420
4.67403411865	-1316
4.67413020134	-1368
4.67575502396	-1368
4.67972397804	-1368
4.68127417564	-1420
4.68129920959	-1316
4.68137121201	543
4.6837182045	-1368
4.68382406235	-1420
4.68384718895	-1316
4.68391299248	-1368
4.68673920631	-1420
4.6867442131	-1316
4.68684411049	-1368
4.69698405266	-1420
4.69702720642	-1316
4.70368003845	-1420
4.70372319221	-1420
4.70372605324	-1264
4.70415019989	-1420
4.70415520668	-1316
4.70425009727	543
4.70454716682	-1368
4.70509314537	-1420
4.70513510704	-1316
4.70536112785	-1420
4.70541405678	-1316
4.70547199249	-1368
4.7055311203	543
4.7055721283	-1368
4.70624303818	-1420
4.70626616478	-1316
4.70630908012	-1368
4.70747900009	-1420
4.70748400688	-1420
4.7075240612	-1264
4.70892810822	-1420
4.70895004272	-1316
4.70895218849	-1368
4.71035313606	-1420
4.71035814285	-1316
4.71039605141	-1368
4.7115521431	1057
4.71313619614	-1368
4.71334004402	-1420
4.71336507797	-1316
4.71454405785	-1420
4.71458816528	-1420
4.71459007263	-1264
4.71462917328	-1420
4.71463108063	-1316
4.71516704559	-1368
4.71543717384	-1420
4.7154610157	-1316
4.71546411514	-1368
4.71617698669	-1368
4.72992300987	-1368
4.73021912575	-1368
4.76699519157	-933
4.77953505516	-1420
4.77954220772	-1316
4.78601002693	-1368
4.7860891819	543
4.78819608688	-1420
4.78820109367	-1316
4.78998303413	543
4.79533100128	-1368
4.79549312592	-1420
4.79553604126	-1316
4.79655909538	-1420
4.79660201073	-1420
4.79660511017	-1264
4.79880905151	543
4.79943919182	543
4.8098859787	-1368
4.81015920639	-1420
4.81018400192	-1316
4.81288504601	-1420
4.81291007996	-1420
4.8129119873	-1264
4.81312608719	543
4.81539011002	543
4.81544113159	-1420
4.81544399261	-1316
4.81867814064	-1420
4.8186841011	-1316
4.82102298737	543
4.82218909264	-1368
4.82226014137	543
4.82246899605	-1420
4.82247400284	-1316
4.82258105278	543
4.82274413109	1057
4.82415318489	-1420
4.82415914536	-1420
4.82418012619	-1264
4.82879018784	-1368
4.82942414284	-1420
4.82942914963	-1316
4.82953810692	-1368
4.83222603798	-1420
4.83227205276	-1420
4.83227610588	-1264
4.83376002312	-1420
4.83376502991	-1420
4.8338060379	-1264
4.83688902855	-1368
4.83980607986	-1368
4.84046411514	-1420
4.84050917625	-1316
4.8405611515	543
4.84827017784	-1368
4.84841609001	543
4.84847903252	543
4.84897112846	-1420
4.84897613525	-1316
4.8498980999	-1420
4.84990310669	-1420
4.84994220734	-1264
4.85055804253	-1420
4.85058307648	-1316
4.85354399681	-1420
4.85358500481	-1316
4.85539603233	543
4.85610508919	543
4.85619807243	-1368
4.85668206215	-1420
4.85670614243	-1316
4.86356401443	-1368
4.86379313469	-1420
4.86379814148	-1316
4.86800098419	-1368
4.86836409569	-1420
4.86840415001	-1420
4.86840701103	-1264
4.86844301224	-1368
4.86857008934	543
4.86903715134	543
4.87334108353	-543
4.88959717751	-300
4.89141106606	543
4.8921380043	543
4.91271805763	-1420
4.9127240181	-1316
4.9472360611	-1368
4.95025205612	543
4.97504019737	-1368
4.98618006706	-1420
4.98623013496	-1316
4.99335598946	-1368
4.9936401844	-1368
4.99387907982	-1368
4.99757814407	-1368
4.9977350235	-1420
4.99775910378	-1420
4.99776220322	-1264
5.00121903419	-1420
5.00122499466	-1420
5.00126504898	-1264
5.00461912155	-1420
5.00465917587	-1420
5.0046620369	-1264
5.00733804703	543
5.01250100136	-1368
5.01345419884	-462
5.01812410355	543
5.01872205734	-1368
5.0190551281	-1420
5.01910805702	-1316
5.01924109459	-1420
5.01928210258	-1420
5.01928520203	-1264
5.05048012733	-1368
5.05123019218	-1420
5.05126905441	-1316
5.05273413658	-1420
5.05275607109	-1316
5.05425810814	-1368
5.05456209183	-1420
5.05456709862	-1316
5.05694913864	-1368
5.05745911598	-1420
5.05750203133	-1316
5.06407999992	-1368
5.06478118896	-1420
5.06478714943	-1316
5.06484007835	-1368
5.0648419857	-1368
5.0656042099	-1420
5.06560897827	-1420
5.06564807892	-1264
5.06697416306	-1420
5.06701517105	-1420
5.06701803207	-1264
5.06713008881	543
5.06764602661	-1368
5.06799411774	-1420
5.06803512573	-1316
5.06803798676	-1368
5.06882619858	-1368
5.06888508797	-1420
5.0689060688	-1316
5.06907510757	-1420
5.06911611557	-1316
5.0691781044	543
5.06940603256	-1368
5.06957697868	-1368
5.06962919235	-1368
5.07006001472	-1368
5.07019114494	-1368
5.07019615173	-1420
5.07021403313	-1316
5.070291996	543
5.07065606117	-1368
5.07082009315	-1420
5.07084202766	-1316
5.07209300995	-1420
5.07213401794	-1420
5.07213711739	-1264
5.07409000397	-1420
5.07409501076	-1420
5.07413506508	-1264
5.07420516014	543
5.07474899292	-1420
5.07475209236	-1316
5.07484602928	-1368
5.07799816132	-1368
5.08290600777	-1420
5.08291220665	-1316
5.08363699913	-1420
5.08364200592	-1420
5.08368015289	-1264
5.08518004417	-1420
5.08522319794	-1420
5.08522605896	-1264
5.08610010147	-1420
5.08610510826	-1420
5.08614420891	-1264
5.08651709557	-1368
5.08685517311	-1420
5.0868601799	-1316
5.0870680809	-1420
5.08707308769	-1316
5.08711218834	-1368
5.08717703819	543
5.08750700951	-1420
5.08751106262	-1420
5.08755016327	-1264
5.0879881382	-1420
5.08801007271	-1420
5.08801317215	-1264
5.08813619614	543
5.08836197853	-1368
5.08888220787	-1420
5.08890414238	-1316
5.08900809288	-1420
5.08904600143	-1420
5.08904910088	-1264
5.08914113045	543
5.08955717087	-1420
5.08956098557	-1316
5.08966302872	-1420
5.08966612816	-1316
5.09045410156	-1420
5.09045910835	-1316
5.09058713913	-1368
5.0927670002	-1420
5.09280705452	-1420
5.09281015396	-1264
5.0940489769	-1420
5.09405398369	-1316
5.09414410591	-1368
5.09526801109	-1420
5.09530806541	-1316
5.09531116486	-1368
5.09685015678	-1420
5.09685516357	-1420
5.09689307213	-1264
5.09695720673	543
5.09975814819	-1368
5.11489200592	-1368
5.11729598045	-1420
5.11730217934	-1316
5.12891101837	-1368
5.12903904915	-1368
5.1291270256	543
5.13738918304	-1190
5.14814519882	-543
5.24881911278	-1420
5.24883818626	-1316
5.25756311417	-1368
5.25956511497	-638
5.38342618942	-543
6.19136118889	543
6.19162511826	565
6.19185805321	543
6.19215512276	1057
6.19311714172	543
6.19350504875	565
6.19384598732	543
6.19412112236	1057
6.19450116158	565
6.22843599319	543
6.35050606728	-543
6.3506860733	1460
6.35073900223	111
6.35922312737	-1420
6.35923719406	-1316
6.36068701744	-1368
6.37330102921	-1368
6.3998670578	-1420
6.39988303185	-1316
6.40266704559	-1368
6.40304899216	-1420
6.40309000015	-1316
6.40508103371	-1368
6.40528798103	-1368
6.4054620266	-1368
6.40572118759	-1368
6.40667700768	-1420
6.40672206879	-1420
6.40672397614	-1264
6.41012406349	-1420
6.41013002396	-1316
6.41123914719	-1368
6.4118142128	-1420
6.41183614731	-1316
6.41191411018	543
6.41202616692	-1368
6.41298699379	-1420
6.41302800179	-1420
6.41303110123	-1264
6.41374111176	-1368
6.41388201714	-1420
6.4139020443	-1316
6.41743707657	-1420
6.41747617722	-1420
6.41747903824	-1264
6.45107197762	-565
6.47766017914	-1420
6.47767710686	-1316
6.48707008362	-1420
6.48708319664	-1420
6.48713898659	-1264
6.4871430397	-1368
6.48739099503	543
6.50224614143	-1420
6.50225806236	-1420
6.5023059845	-1420
6.50230908394	-1212
6.50687503815	543
6.52874302864	-1420
6.52876114845	-1420
6.52880120277	-1420
6.5288040638	-1212
6.53177499771	-1420
6.53178215027	-1420
6.53182411194	-1420
6.53182601929	-1212
6.53186011314	-1420
6.53186202049	-1316
6.53417420387	-1420
6.53417921066	-1420
6.5342400074	-1264
6.53424310684	-1420
6.53429818153	-1420
6.53430104256	-1264
6.53433299065	-1420
6.53433609009	-1316
6.53511810303	-1420
6.53512120247	-1420
6.53513813019	-1420
6.5351421833	-1212
6.53524398804	-1420
6.53524804115	-1316
6.53790402412	543
6.53855419159	-1420
6.53855919838	-1316
6.53862905502	-1420
6.53863215446	-1316
6.54028916359	-1420
6.54029417038	-1420
6.54035401344	-1264
6.54035711288	-1420
6.54039001465	-1420
6.54039216042	-1264
6.54115104675	-1368
6.54120111465	-1368
6.54124617577	-1420
6.54124808311	-1420
6.54126620293	-1264
6.5415251255	-1420
6.54156112671	-1420
6.54156303406	-1264
6.54199719429	-1420
6.54200005531	-1420
6.54203510284	-1264
6.54215908051	-1420
6.54219698906	-1420
6.5422000885	-1264
6.54353809357	543
6.54365921021	543
6.54519701004	543
6.54521608353	-1420
6.54522013664	-1316
6.54529118538	-1420
6.54529309273	-112
6.57582998276	-1130
6.58139204979	565
6.61142611504	1057
6.61165499687	1057
6.63539814949	-1420
6.63541197777	-1316
6.64903998375	-1368
6.65348005295	-1420
6.6535410881	-1316
6.6574420929	-1368
6.66984200478	543
6.67064809799	-733
6.67558312416	-1420
6.67563009262	-1316
6.68870306015	543
6.69942212105	-565
6.70881104469	565
6.75955104828	1460
6.7596449852	111
6.75970721245	565
6.79451918602	-920
6.79667019844	543
6.79853916168	565
6.8339869976	-565
6.8408370018	565
6.84106898308	543
6.87293720245	-1420
6.87295103073	-1316
6.87905216217	-1368
6.87928700447	-1420
6.87933301926	-1316
6.88085412979	-1368
6.88127112389	-1420
6.88127613068	-1316
6.88314914703	-1368
6.88358712196	-1420
6.88361215591	-1316
6.88536906242	543
6.88576316833	-1368
6.88843512535	-1420
6.88848018646	-1316
6.89100503922	-1368
6.89114308357	-1420
6.89114713669	-1316
6.89458107948	-1368
6.89464616776	-1420
6.89469313622	-1316
6.89516711235	543
6.896682024	-1368
6.89703607559	-1420
6.89705705643	-1420
6.89706015587	-1264
6.90407419205	-1368
6.90421700478	-1420
6.90424704552	-1316
6.90588402748	-1420
6.90590310097	-1420
6.90590500832	-1264
6.9075551033	-1420
6.90755820274	-1420
6.90759515762	-1264
6.90963602066	-1420
6.9096801281	-1420
6.90968298912	-1264
6.9154920578	-1420
6.91549706459	-1316
6.91926002502	-1420
6.91927409172	-1316
6.91932702065	-1368
6.92003798485	-1368
6.92017102242	-1420
6.92017412186	-1316
6.92026019096	-1368
6.92237615585	-1420
6.92241406441	-1316
6.9262471199	543
6.92630505562	-1368
6.92678499222	-1368
6.92712306976	-1368
6.92736005783	-1420
6.92736506462	-1316
6.92752313614	543
6.92865109444	1057
6.93021202087	-1368
6.93360805511	-1420
6.93365311623	-1316
6.93543314934	-1368
6.93546199799	-1368
6.93552207947	-1368
6.93716907501	-1420
6.93717503548	-1420
6.93722009659	-1264
6.93729615211	543
6.93921709061	-1420
6.9392220974	-1316
6.9413599968	-1368
6.94350910187	-1368
6.94751119614	-1368
6.94754910469	-1368
6.94864010811	-1368
6.950330019	-1420
6.95037913322	-1420
6.95038104057	-1264
6.95187401772	-1420
6.95187902451	-1420
6.95192098618	-1264
6.95384812355	-1420
6.95389199257	-1316
6.95575904846	-941
6.95876502991	-327
6.95924806595	-1420
6.95925211906	-1316
6.96115517616	-1420
6.96115899086	-1316
6.96298599243	-1368
6.96563410759	-1368
6.96593809128	-1420
6.96594405174	-1316
6.96607613564	-1420
6.96608018875	-1316
6.96613502502	-1368
6.9678850174	-1420
6.96793007851	-1420
6.96793317795	-1264
6.969217062	-1420
6.96922016144	-1420
6.96925711632	-1264
6.97127914429	543
6.97720599174	-1368
6.97737002373	-1420
6.97741699219	-1316
6.979845047	-1368
6.98875713348	543
6.99453902245	-1420
6.99454712868	-1316
7.00083708763	-1420
7.00084519386	-1316
7.00270009041	-1420
7.00270414352	-1316
7.00298309326	-1420
7.0029861927	-1316
7.00491499901	-1420
7.00491905212	-1316
7.00945615768	-1420
7.00946211815	-1420
7.00950312614	-1264
7.01221299171	-1368
7.01225304604	-1420
7.01225614548	-1316
7.01533913612	-1420
7.01534318924	-1420
7.01537799835	-1420
7.01538014412	-1212
7.01557517052	543
7.01786804199	-1420
7.01787400246	-1420
7.01791715622	-1264
7.01791906357	-1368
7.02542901039	-1420
7.0254380703	-1316
7.0268201828	-1420
7.02682614326	-1420
7.02687501907	-1420
7.02687811852	-1212
7.02832102776	-1420
7.02832508087	-1316
7.03085613251	-1420
7.03086209297	-1420
7.03088402748	-1420
7.03088712692	-1212
7.03332018852	543
7.03351998329	543
7.03693199158	-1420
7.03693914413	-1316
7.04050898552	-1420
7.04052305222	-1316
7.0410990715	-1420
7.04110217094	-1316
7.04127216339	-1420
7.04127502441	-1316
7.04349017143	-1420
7.04349303246	-1316
7.04837918282	-1368
7.05858206749	-1420
7.0586411953	-1316
7.06212902069	-1368
7.07924509048	-672
7.09168100357	-565
7.25148010254	1057
7.26743006706	-1130
7.26767706871	565
7.28051304817	543
7.29983305931	1057
7.41200208664	-543
7.41217112541	-1420
7.41221308708	-1316
7.41586899757	-1420
7.41591000557	-1420
7.41595315933	-1264
7.43138313293	-1368
7.44913220406	-1368
7.45345211029	543
7.46054601669	-1368
7.4615380764	543
7.47596716881	-565
7.53322720528	-82
7.53342914581	543
7.59264111519	-1368
7.60935711861	543
7.61169600487	1057
7.64082312584	-565
7.64162898064	1460
7.6416862011	111
7.65161514282	-261
7.80880618095	-1420
7.80882620811	-1316
7.81002998352	-920
7.81234908104	543
7.81256604195	1057
7.88384103775	-1368
7.88406801224	543
7.88419508934	543
7.89297413826	-1420
7.89298200607	-1316
7.89314818382	543
7.90548801422	-1368
7.90576815605	-1420
7.90579819679	-1316
7.92886018753	-219
7.92902612686	543
8.03302311897	-1368
8.05104804039	-261
8.10416316986	-1420
8.10417819023	-1316
8.1094250679	-1368
8.17203807831	-1420
8.17205715179	-818
8.17512607574	543
8.17604708672	1057
8.26850605011	-1420
8.26852416992	-1316
8.2890059948	-1420
8.28902101517	-1420
8.28908419609	-1264
8.28908705711	-472
8.29242300987	543
8.29869699478	543
8.30955815315	543
8.41052818298	-543
8.47695398331	-1420
8.47697114944	-1316
8.52709197998	-1368
8.52711319923	-1368
8.57017803192	-298
8.5889351368	1057
8.69115805626	-1086
8.78568506241	-1420
8.78570199013	-1316
8.79032206535	-1368
8.79056620598	-1420
8.79057002068	-1316
8.79455518723	-1368
8.79466700554	-1420
8.79466915131	-1316
8.7985970974	-1420
8.79861021042	-1316
8.80103516579	-1368
8.80114912987	-1420
8.80115103722	-1316
8.80681705475	-1420
8.80682206154	-1420
8.80686903	-1264
8.81077098846	-1420
8.81078100204	-1316
8.81081914902	-1368
8.81092810631	543
8.82550311089	-1368
8.85760498047	-346
8.89273309708	543
8.92022204399	-1420
8.92023801804	-1316
8.92038702965	543
8.92579507828	-1368
8.92587709427	-1420
8.92592406273	-1316
8.92738413811	-1368
8.92748403549	543
8.9275200367	-1420
8.92752218246	-1316
8.92941713333	-1368
8.92957806587	-1368
8.92978811264	-1368
8.93203997612	-1368
8.95117616653	-1368
8.98583006859	-11
9.0693500042	-1420
9.06938004494	-1316
9.07418107986	-1368
9.07423114777	-1420
9.07428717613	-1316
9.07604217529	-1368
9.07610702515	-1420
9.0761141777	-1316
9.07766699791	-1368
9.07783007622	-1420
9.07793712616	-1316
9.07865405083	-1368
9.07887816429	543
9.08359718323	-1420
9.08361315727	-1316
9.0866382122	-1368
9.08665299416	-1420
9.08675909042	-1316
9.08804917336	-1420
9.08811712265	-1316
9.10980510712	-1171
9.1100320816	543
9.13893604279	-1368
9.20804715157	-1420
9.20806217194	-1316
9.21073007584	-1368
9.21089506149	-1420
9.21099805832	-1316
9.21209311485	-1368
9.21215009689	-1420
9.21219706535	-1316
9.21227002144	543
9.2131280899	-1368
9.21317505836	-1420
9.21320009232	-1316
9.2142291069	-1368
9.21578717232	-1420
9.21579313278	-1420
9.21581816673	-1264
9.21702599525	-1420
9.21705508232	-1420
9.21705698967	-1264
9.21714520454	543
9.21753907204	-1368
9.25402498245	-1420
9.25408816338	-1316
9.26244401932	-1295
9.3558511734	-1368
9.35691618919	-1368
9.36182403564	-1420
9.36182999611	-1316
9.36186909676	-1368
9.36591315269	-1368
9.36605405807	-1420
9.36605715752	-1316
9.3677880764	-1420
9.36779308319	-1420
9.36783099174	-1264
9.38019800186	-1368
9.38040804863	543
9.43316602707	-293
11.1997480392	1057
11.2200059891	-543
11.3607590199	-543
13.2021460533	1057
