0	-543
0.0933339595795	-543
0.246402978897	543
0.246472835541	543
2.08612084389	1057
2.31784200668	-543
2.36318898201	-1368
2.36333584785	-1368
2.36336684227	-891
2.39802384377	-1057
2.41588377953	-1368
2.42339897156	-1231
2.43918681145	543
2.46466398239	543
2.67130589485	-543
2.84230899811	-1368
2.84246492386	-1368
2.84249687195	-891
2.84251499176	-1368
2.84252691269	-1368
2.84255480766	-1368
2.86770296097	-66
2.8688249588	-1368
2.8688788414	-1368
2.86889886856	-1368
2.89296078682	-66
2.92216897011	-1368
2.92221188545	-203
2.93981289864	1057
2.94002985954	-1368
2.94004797935	-1368
2.94010186195	-1368
2.94028186798	-1368
2.9402987957	-1368
2.94035482407	-1368
2.94736385345	-1368
2.94739580154	-1368
2.94741988182	-1368
2.94747281075	-1368
2.96502494812	1086
2.96525382996	-1368
2.9652929306	-1368
2.96532583237	-1368
2.96535992622	-1368
2.96538686752	-1368
2.96574687958	-1329
3.01379084587	-1368
3.01382398605	-1368
3.01384282112	-891
3.03845596313	-1368
3.0385248661	-1368
3.03853487968	-1368
3.03856086731	-1368
3.03859090805	-1368
3.03862595558	-1368
3.03884887695	-1368
3.03887796402	-1368
3.03889298439	-1368
3.03898096085	-1368
3.03902196884	-1368
3.03972792625	543
3.06367278099	-575
3.10436892509	543
3.1670320034	-543
3.27162981033	-1368
3.27174091339	-1368
3.27178788185	-891
3.29018998146	-1368
3.29728889465	-746
3.30608987808	543
3.30637478828	1368
3.33194184303	203
3.49802279472	-1057
3.57839393616	-1368
3.57843899727	-1368
3.57846498489	-891
3.59616589546	-1368
3.59622097015	-1368
3.5962498188	-1368
3.60373997688	-66
3.68317484856	-1368
3.68323779106	-1368
3.68327188492	-377
3.68385696411	-1368
3.68387794495	-1368
3.69415783882	-1368
3.69421601295	-1368
3.69460296631	543
3.70572686195	-1368
3.70578289032	-1368
3.7058069706	-1368
3.70581793785	-1368
3.70582985878	-1368
3.70584893227	-1368
3.7086019516	-1368
3.70866298676	-1368
3.70871186256	-1368
3.70872187614	-1368
3.7087328434	-1368
3.70873880386	-1368
3.70875096321	-1368
3.7196688652	-1368
3.71974897385	-1368
3.71976399422	-1368
3.71977996826	-686
3.71980690956	543
3.73058485985	-1368
3.73063492775	-1368
3.7306728363	-1368
3.73068881035	-1368
3.73110079765	-1368
3.73113393784	-1368
3.73118686676	-1368
3.74496388435	-277
3.78080892563	-1368
3.78084897995	-1368
3.78087496758	-891
3.78095793724	-1368
3.78100180626	-1368
3.78104782104	-1368
3.78109288216	-1368
3.78114581108	-1368
3.78121399879	-1368
3.78123998642	-1368
3.78176879883	543
3.78186988831	-1368
3.78190994263	-1368
3.78193187714	-1368
3.79248595238	-1368
3.79255485535	-1368
3.7925658226	-1368
3.80369281769	-1368
3.80378293991	-1368
3.80635094643	-1368
3.80640983582	-1368
3.80643677711	-1368
3.80644392967	-1368
3.8064558506	-1368
3.80646085739	-1368
3.80647182465	-1368
3.80647778511	-1368
3.80649185181	-1368
3.8065328598	-1368
3.80665278435	-1368
3.80668497086	-1368
3.80672597885	-1368
3.80679297447	-1368
3.80683398247	-1368
3.80688595772	-1368
3.80693793297	-1368
3.80699491501	-1368
3.80701780319	-1368
3.8070499897	-1368
3.80707478523	-1368
3.80713295937	-1368
3.8177959919	-1368
3.81783485413	1086
3.81785082817	-1368
3.81785798073	-1368
3.81787896156	-1368
3.8178999424	-1368
3.81793189049	-1368
3.82708382607	-1368
3.82713389397	-1368
3.82714986801	-1368
3.83194279671	-1368
3.83197593689	-1368
3.83200478554	-1368
3.83200979233	-1368
3.83201694489	-1368
3.8320479393	-1368
3.83217287064	-1368
3.83220291138	-1368
3.83223199844	-1368
3.83225893974	-1368
3.83229398727	-1368
3.8324098587	-1368
3.83243584633	-1368
3.83246898651	-1368
3.83253693581	-1368
3.8325688839	-1368
3.83257389069	-980
3.83397483826	1368
3.85922789574	261
3.86754488945	-543
3.87888479233	-1368
3.87899398804	-1368
3.87900590897	-1368
3.87903881073	-1368
3.87907385826	-1368
3.8790948391	-1368
3.87937688828	-1368
3.87939691544	-1368
3.87947678566	-1368
3.87955784798	-1368
3.87958478928	-1368
3.87959098816	-1368
3.87960100174	-1368
3.87967681885	-1368
3.87969994545	-1368
3.87977981567	-1368
3.87978792191	-1368
3.87983489037	-1368
3.88003396988	-1368
3.88009595871	-1368
3.88012385368	-1368
3.88014984131	-1368
3.88018083572	-1368
3.88024783134	-1368
3.88032078743	-1368
3.89043188095	-1368
3.89045977592	1086
3.89047384262	-1368
3.89047884941	-1368
3.9017739296	-1368
3.90186882019	-1368
3.90193581581	-1368
3.90194797516	-1368
3.9019639492	-1368
3.90445780754	-1368
3.90451097488	-1368
3.90452098846	-1368
3.90453386307	-1368
3.90453886986	-1368
3.90457487106	-1368
3.90461182594	-1368
3.90464997292	-1368
3.90467596054	-1368
3.90470385551	-1368
3.90474581718	-1368
3.90478491783	-1368
3.90481495857	-1368
3.9048500061	-1368
3.90488696098	-1368
3.90493893623	-1368
3.904971838	-1368
3.90518188477	-1368
3.90520596504	-1368
3.90523290634	-1368
3.90526390076	-1368
3.90528988838	-1368
3.90532398224	-1368
3.90535378456	-1368
3.90538096428	-1368
3.90540885925	-1368
3.90543580055	-1368
3.90547895432	-1368
3.90550780296	-1368
3.90553379059	-1368
3.9055929184	-1368
3.90562486649	-1368
3.90565180779	-1368
3.90567994118	-1368
3.9071149826	1368
3.91612482071	-1368
3.91618180275	261
3.91620087624	-1368
3.91621184349	-1368
3.9162299633	-1368
3.91623592377	-1368
3.91626501083	-1368
3.9162838459	-1368
3.91634488106	-1368
3.91635394096	-1368
3.91636681557	-1368
3.91644096375	-1368
3.91644978523	-1368
3.91649699211	-1368
3.92722988129	-1368
3.92730879784	-1368
3.92732596397	-1368
3.92734599113	-1368
3.92734885216	-1368
3.92735600471	-1368
3.92736196518	-596
3.94137191772	543
4.20161795616	543
4.21420884132	1368
4.22678089142	1260
4.23009085655	1368
4.24972081184	1368
4.25215482712	978
4.43602800369	-1057
4.48034286499	-1368
4.48064494133	-1368
4.48067879677	-1368
4.48069596291	-1368
4.48072695732	-1368
4.48076081276	-1368
4.48084688187	-1368
4.48101878166	-1368
4.48107481003	-1368
4.48119783401	-1368
4.48124098778	543
4.49390697479	-1368
4.49394083023	-1368
4.49396800995	-1368
4.49399900436	-1368
4.5017387867	-1368
4.50176286697	-1368
4.50601792336	-1368
4.50605392456	-1368
4.50607085228	-1368
4.50610089302	-1368
4.50612592697	-1368
4.5061647892	-1368
4.50619387627	-1368
4.50622081757	-1368
4.50624799728	-1368
4.50628685951	-1368
4.50631999969	-1368
4.50635290146	-1368
4.50638389587	-1368
4.50641393661	-1368
4.50644278526	-1368
4.50647377968	-1368
4.50664687157	543
4.51669096947	-1368
4.51671600342	-1368
4.51676988602	-1368
4.51679491997	-1368
4.52694988251	-1368
4.5269908905	-1368
4.52702093124	-1368
4.52704596519	-1368
4.52707290649	-1368
4.52709984779	-1368
4.52714180946	-1368
4.52716779709	-1368
4.52718496323	-1368
4.53154277802	-1368
4.53155779839	-1368
4.53156995773	-1368
4.53160881996	-1368
4.53164291382	-1368
4.53168582916	-1368
4.53170180321	-1368
4.53173685074	-1368
4.53175497055	-1368
4.53178191185	-1368
4.53181791306	-1368
4.53185296059	-1368
4.53187394142	-1368
4.53187799454	-429
4.53210377693	1368
4.55747580528	261
4.55920481682	-1368
4.55924081802	-1368
4.5592508316	-891
4.55937480927	-1368
4.55940198898	-1368
4.55943179131	-1368
4.57612895966	-1368
4.5761449337	-1368
4.57617282867	-1368
4.5766248703	-1368
4.5766518116	-1368
4.57667899132	-1368
4.57687997818	-1368
4.57691478729	-1368
4.57698583603	-1368
4.57757282257	-1368
4.57760381699	-1368
4.5776309967	-1368
4.57766079903	-1368
4.57768797874	-1368
4.57772183418	-1368
4.57828092575	-1368
4.57830882072	-1368
4.57836294174	-1368
4.57858681679	-1368
4.57863092422	-1368
4.57864880562	-1368
4.58268880844	-1368
4.58271479607	-1368
4.58274483681	-1368
4.58277177811	-1368
4.5827999115	-1368
4.58283686638	-1368
4.58286380768	-1368
4.5828909874	-1368
4.58292078972	-1368
4.58294796944	-1368
4.5830039978	-1368
4.58314800262	1368
4.58451199532	-1368
4.58452296257	261
4.58453989029	-1368
4.58456683159	-1368
4.59191989899	-1368
4.59194898605	-1368
4.59198498726	-1368
4.59201788902	-1368
4.59205389023	-1368
4.59209799767	-1368
4.59649896622	1368
4.60277700424	-1368
4.60279393196	-1368
4.60282278061	-1368
4.60284781456	-1368
4.6028778553	-1368
4.60290884972	-1368
4.60293579102	-1368
4.60296297073	-1368
4.60298895836	-1368
4.6030189991	-1368
4.60305094719	-1368
4.60307693481	-1368
4.60310482979	-1368
4.60313892365	-1368
4.60315799713	-1368
4.60318994522	-1368
4.60321879387	-1368
4.60325694084	-1368
4.6079659462	-1368
4.60798597336	-1368
4.60802078247	-1368
4.60803699493	-1368
4.60806584358	-1368
4.60809779167	-1368
4.60812592506	-1368
4.60815191269	-1368
4.60818099976	-1368
4.60820698738	-1368
4.60824298859	-1368
4.60826897621	-1368
4.60830688477	-1368
4.60832500458	-1368
4.60835289955	-1368
4.60838389397	-1368
4.60841083527	-1368
4.60843896866	-1368
4.60847091675	-1368
4.60852789879	-1368
4.60976290703	-1368
4.60977387428	1347
4.609790802	-1368
4.60982179642	-1368
4.6098818779	-1368
4.60989880562	-1368
4.60992980003	-1368
4.60995483398	-1368
4.60998392105	-1368
4.61001896858	-1368
4.61004495621	-1368
4.61007189751	-1368
4.61009883881	-1368
4.61487984657	-1368
4.61492991447	-1368
4.61496686935	-1368
4.62826681137	-1368
4.62828397751	-1368
4.62831091881	-1368
4.62833690643	-1368
4.62836480141	-1368
4.62841200829	-1368
4.62844491005	-1368
4.62847089767	-1368
4.62849879265	-1368
4.62852597237	-1368
4.62856197357	-1368
4.62858700752	-1368
4.62953281403	1368
4.63356280327	-1368
4.6335978508	-1368
4.63362884521	-1368
4.63364386559	-1368
4.63366293907	-1368
4.63369584084	-1368
4.63372087479	-1368
4.63375091553	-1368
4.63375687599	-460
4.63380289078	-1368
4.63825488091	-1368
4.63829088211	1318
4.63831186295	-1368
4.63832497597	-1368
4.63856577873	-1368
4.63897180557	-1368
4.63901400566	-1368
4.63902878761	-1368
4.65724897385	-1368
4.65736579895	-1368
4.65739297867	-1368
4.6575088501	-1368
4.65754795074	-1368
4.65756678581	-1368
4.65759778023	-1368
4.65761780739	-1368
4.65893983841	-475
4.67182278633	-1368
4.67183995247	1086
4.67185783386	-1368
4.67190384865	-1368
4.67194581032	-1368
4.67408680916	-1368
4.67411279678	-1368
4.6741399765	-1368
4.67416191101	-1368
4.67419695854	-1368
4.67462182045	-1368
4.67478990555	-1368
4.67481589317	-1368
4.67484498024	-1368
4.67487382889	-1368
4.67490386963	1368
4.6750099659	-1368
4.67503595352	-1368
4.67506885529	-1368
4.67509293556	-1368
4.67515182495	-1368
4.6752820015	-1368
4.67530679703	-1368
4.67533493042	-1368
4.67539381981	-1368
4.67542791367	-1368
4.6754629612	-1368
4.67556595802	-1368
4.67568492889	-1368
4.67578482628	-1368
4.67581391335	-1368
4.6758389473	-1368
4.67595386505	-1368
4.67606186867	-1368
4.67609596252	-1368
4.67614078522	-1368
4.67617082596	-1368
4.67966079712	-1368
4.68635988235	-1368
4.68638682365	-1368
4.6864118576	-1368
4.68645191193	-1368
4.68646788597	-1368
4.68677997589	-1368
4.68680500984	-1368
4.68699789047	-1368
4.6871278286	-1368
4.68715381622	-1368
4.69731688499	-1368
4.69733285904	804
4.69734096527	-1368
4.69738197327	-1368
4.69741177559	-1368
4.69744896889	-1368
4.69749093056	-1368
4.69749689102	-666
4.71715283394	1368
4.71976184845	-1368
4.71979689598	-1368
4.71984100342	-1368
4.72266983986	-66
4.72268199921	232
4.76676082611	-1368
4.76678800583	-1231
4.76697397232	543
4.76719880104	-1368
4.76743793488	-1368
4.76747298241	-1368
4.7675178051	-1368
4.76804494858	-1368
4.7680709362	-1368
4.76819086075	-1368
4.76821780205	-1368
4.76824378967	-1368
4.76827383041	-1368
4.76856184006	-1368
4.76859092712	-1368
4.76861786842	-1368
4.79205298424	-981
4.80808997154	1368
4.83222699165	1260
4.87589383125	-1368
4.87594485283	-203
4.90124392509	-543
4.91678786278	-1368
4.91683292389	-1368
4.9168407917	-1368
4.91686797142	-1368
4.91689801216	-1368
4.91970896721	-1368
4.919880867	-1368
4.92012381554	-1368
4.92264699936	-1368
4.92269992828	-1368
4.9227077961	-1368
4.94206500053	-90
4.94820594788	-1368
4.94825291634	-1368
4.94825983047	-1368
4.94838881493	-1368
4.94844079018	-1368
4.94846391678	-1368
4.94848680496	-1368
4.9485039711	-1368
4.94861388206	543
4.96318292618	1368
4.97352099419	-1023
4.98121380806	-1368
4.98134183884	232
4.98137187958	-1368
4.98138785362	-1368
5.0065279007	-66
5.01831579208	-1368
5.01835894585	-1368
5.02108192444	-1368
5.02112579346	-1368
5.04010486603	-1368
5.04014778137	-1368
5.04019188881	-1368
5.04028892517	-1368
5.0403277874	-1368
5.04035496712	-1368
5.04040288925	-1368
5.04058694839	-1368
5.04064297676	-1368
5.04066085815	-1368
5.04353690147	-98
5.07910680771	-1368
5.07915282249	-1368
5.09150695801	-1368
5.09154295921	-1368
5.10449194908	-1268
5.10528182983	543
5.17155385017	-1368
5.17161989212	-203
5.17313885689	543
5.18963980675	-1368
5.18971800804	-1368
5.18979692459	-1368
5.19651579857	-1368
5.19658994675	-1368
5.1966149807	-1368
5.19664597511	-1368
5.19679880142	-1368
5.19713282585	-53
5.19725990295	1368
5.19738793373	-1368
5.19761300087	-1368
5.19765782356	-1368
5.19770097733	-1368
5.19773077965	-1368
5.19775795937	-1368
5.1979868412	-1368
5.19801783562	-1368
5.19804000854	-1368
5.19850087166	-1368
5.19852995872	-1368
5.19855999947	-1368
5.19858694077	-1368
5.19861793518	-1368
5.19868898392	-1368
5.19869589806	-1368
5.19904494286	-1368
5.19905400276	746
5.19907879829	-1368
5.19910979271	-1368
5.19930291176	-1368
5.1993598938	-1368
5.1993868351	-1368
5.19960093498	-1368
5.19975090027	-1368
5.1997859478	-1368
5.19986701012	-1368
5.19992494583	-1368
5.19995284081	-1368
5.20013594627	-1368
5.20017194748	-1368
5.20020985603	-1368
5.20042181015	-1368
5.20045280457	-1368
5.20050597191	-1368
5.20056891441	-1368
5.20101094246	-1368
5.20103979111	-1368
5.20112299919	-1368
5.20121192932	-1368
5.20124197006	-1368
5.2013669014	1368
5.21503281593	-1368
5.21505689621	-1368
5.21508288383	-1368
5.2151157856	-1368
5.2151517868	-1368
5.21520185471	-1368
5.21523189545	-1368
5.2218708992	-1368
5.22189879417	-1368
5.22192883492	-1368
5.22253894806	-376
5.22662997246	232
5.23783183098	-1368
5.23790979385	-1368
5.23796081543	-1368
5.23803782463	-1368
5.23807191849	-1368
5.23811578751	-1368
5.23816490173	-1368
5.23822999001	-1368
5.25154685974	-1368
5.25156998634	-1368
5.25159287453	-1368
5.2519659996	-1089
5.25197887421	543
5.25210094452	1057
5.27475690842	-1368
5.27484083176	-1368
5.27494978905	-1368
5.27497196198	-1368
5.27502179146	-1368
5.27724480629	-414
5.27733182907	543
5.30259490013	-1057
5.33265185356	-1368
5.3331489563	-1368
5.33318781853	-1368
5.33321881294	-1368
5.3579249382	-783
5.38759493828	-1057
5.43777489662	-1368
5.43780183792	-1368
5.43784594536	-1368
5.4378888607	-1368
5.43793797493	-1368
5.43798494339	-1368
5.43801784515	-1368
5.43804478645	-1368
5.43807387352	-1368
5.43832278252	543
5.45052099228	-712
5.45223999023	-543
5.45890784264	-1368
5.45893096924	-1368
5.45914387703	-1368
5.45943498611	-1368
5.4616458416	-1368
5.46167087555	-1368
5.46170496941	-1368
5.4643368721	-1368
5.46435189247	543
5.46436190605	-1368
5.46436786652	-1368
5.46439480782	-1368
5.46442079544	-1368
5.48416686058	-235
5.48526287079	1368
5.48527288437	1368
5.48541998863	1368
5.48542690277	1368
5.48557400703	1368
5.48557782173	1368
5.49299478531	1368
5.49300694466	1368
5.49313592911	1368
5.51063299179	1368
5.51063799858	1368
5.51078486443	1368
5.51078987122	1368
5.5108628273	1368
5.51086878777	1368
5.51098585129	1368
5.51099085808	1368
5.5111079216	1368
5.51111078262	1368
5.51122784615	1368
5.51123094559	1368
5.51780486107	-1057
5.51784086227	1368
5.51784586906	6
5.54337096214	-1057
5.5831849575	543
5.59655785561	-1057
5.60858082771	543
5.63441681862	-543
5.72383093834	-1368
5.7238919735	-1368
5.72392988205	-891
5.7280228138	-1368
5.72808480263	-1368
5.72812080383	-1368
5.72842097282	543
5.73255300522	-1368
5.74715685844	-1368
5.74719595909	-1368
5.74720287323	-1368
5.74722099304	-1368
5.74748277664	-1368
5.74754285812	-1368
5.74756097794	-1368
5.74802899361	-1368
5.74805378914	-1368
5.74829792976	-1368
5.74832582474	-1368
5.74867987633	-1368
5.74870681763	-1368
5.74876999855	-1368
5.74899792671	-1368
5.7490298748	-1368
5.74909090996	-1368
5.74911594391	-1368
5.74914383888	-1368
5.74944186211	-1295
5.74955677986	-1368
5.74957895279	-1368
5.74964284897	-1368
5.74966979027	-1368
5.74969792366	-1368
5.74979686737	-1368
5.74982786179	-1368
5.74985194206	-1368
5.75	-1368
5.75003385544	-1368
5.7500808239	-1368
5.75029587746	-1368
5.75049781799	-1368
5.75052285194	-1368
5.75069379807	-1368
5.75071787834	-1368
5.75075888634	-1368
5.75154995918	-1368
5.75158381462	-1368
5.75162887573	-1368
5.75182795525	1368
5.75221896172	-1368
5.75223994255	-1368
5.75227093697	-1368
5.75263881683	-1368
5.75299191475	-1368
5.75304698944	-1368
5.75310182571	-1368
5.75344800949	-1368
5.75347685814	-1368
5.75383687019	-1368
5.75386786461	261
5.77042794228	-1368
5.77045679092	-1368
5.7704808712	-1368
5.77049088478	-1368
5.77052092552	-1368
5.77288794518	-1368
5.77291893959	-1368
5.77293801308	-1368
5.77296590805	-1368
5.77299189568	-1368
5.77302789688	-1368
5.77305483818	-1368
5.77308392525	-1368
5.77310991287	-1368
5.77313995361	-1368
5.77317094803	-1368
5.77319979668	-1368
5.77322888374	-1368
5.77325582504	-1368
5.77328395844	-1368
5.77331495285	-1368
5.77334189415	-1368
5.77336883545	-1368
5.77339696884	-1368
5.77342295647	-1368
5.77345585823	-1368
5.77348399162	-1368
5.77351093292	-1368
5.77356791496	-1368
5.77360892296	-1368
5.7736427784	-1368
5.77368497849	-1368
5.77516889572	-1368
5.77520895004	-1368
5.77523994446	-1368
5.7752699852	-1368
5.77530884743	-1368
5.7753508091	-1368
5.77539086342	-1368
5.77543282509	-1368
5.77546691895	-1368
5.77550578117	-1368
5.77555179596	-1368
5.7755818367	-1368
5.775608778	-1368
5.77563595772	-1368
5.77566194534	-1368
5.7757089138	-1368
5.77575397491	-1368
5.77580499649	-1368
5.7758409977	-1368
5.77588200569	-1368
5.7759180069	-1368
5.77594900131	-1368
5.77597594261	-1368
5.77600979805	-1368
5.77603793144	-1368
5.77604699135	-256
5.77800297737	1368
5.77891278267	804
5.80242800713	-1086
5.80406689644	543
5.81963086128	-1368
5.81969594955	-1368
5.81989383698	-1368
5.8199198246	-1368
5.8199608326	-1368
5.82058286667	-1368
5.82069396973	-1368
5.82070398331	-1368
5.82075786591	-1368
5.82078289986	-1368
5.82095384598	-1368
5.82100391388	-1368
5.82103586197	-1368
5.8210709095	-1368
5.82117581367	-1368
5.8213019371	-1368
5.82132697105	-1368
5.8213558197	-1368
5.82149481773	-1368
5.82152199745	-1368
5.82155394554	-1368
5.82161784172	-1368
5.82200193405	-1368
5.82202887535	-1368
5.8220808506	-1368
5.82208681107	-1368
5.82210493088	-1368
5.82219386101	-1368
5.82223987579	-1368
5.82228088379	-1368
5.82236790657	-1368
5.82250881195	-1368
5.82253098488	-1368
5.82255792618	-1368
5.82279777527	-1368
5.82283186913	-1368
5.82286286354	-1368
5.82294178009	-1368
5.82297301292	-1368
5.82298898697	-1368
5.82404088974	1368
5.82582497597	-1368
5.82586479187	-1368
5.82590293884	-1368
5.82933783531	-41
5.82935881615	261
5.8451859951	-1368
5.84521079063	-1368
5.84532284737	-1368
5.84535980225	-1368
5.84538793564	-1368
5.84548687935	-1368
5.84557390213	-1368
5.84559893608	-1368
5.84568691254	-1368
5.84595584869	-1368
5.84599399567	-1368
5.8460149765	-1368
5.84606480598	-1368
5.84609389305	-1368
5.84613180161	-1368
5.85448884964	-330
5.85454392433	1086
5.8845307827	-1368
5.88457393646	-1368
5.88459396362	-891
5.9089949131	-1368
5.90907692909	-1368
5.90909194946	-1368
5.90954399109	543
5.9346678257	-609
5.95342493057	-1368
5.95359492302	-1368
5.95361590385	-1368
5.95863080025	-1368
5.95872783661	-1368
5.95878791809	-1368
5.95879793167	-1368
5.95884490013	-1368
5.95886492729	-1368
5.9589278698	-1368
5.95902991295	-1368
5.95905184746	-1368
5.95920181274	-1368
5.95922589302	-1368
5.95925998688	-1368
5.95936584473	-1368
5.95939183235	-1368
5.95942378044	-1368
5.95948386192	-1368
5.95957398415	-1368
5.95960378647	-1368
5.959638834	-1368
5.96395492554	-1368
5.96397995949	-1368
5.96400690079	-1368
5.9643638134	-1368
5.96440792084	-1368
5.96445584297	-1368
5.96455979347	-1368
5.96460390091	-1368
5.96465396881	-1368
5.96483588219	543
5.96502995491	-1368
5.96506595612	-1368
5.96514582634	-1368
5.96517395973	-1368
5.96522092819	-1368
5.96528887749	-1368
5.96530580521	-1368
5.9653339386	-1368
5.9653699398	-1368
5.97867584229	-489
5.98343992233	-1368
5.98347377777	-1368
5.983481884	-1368
5.98350596428	-1368
5.98391485214	-1368
5.98398995399	-1368
5.9843018055	-1368
5.98432683945	-1368
5.98435783386	-1368
5.98442792892	-1368
5.98446083069	-1368
5.98451280594	-1368
5.98463892937	-1368
5.9847009182	-1368
5.98480796814	-1368
5.98483896255	-1368
5.98492693901	-1368
5.98495388031	-1368
6.00865793228	-910
6.00868391991	1086
6.00908589363	-1368
6.009100914	-1368
6.00929379463	-1368
6.00931882858	-1368
6.00956392288	-1368
6.00960683823	-1368
6.00965285301	-1368
6.00973987579	-1368
6.00979089737	-1368
6.00982785225	-1368
6.02939200401	1368
6.0341629982	-857
6.03420186043	232
6.04455685616	-1368
6.05642294884	-1368
6.05647277832	-1368
6.05942487717	-580
6.05945301056	543
6.06089091301	1368
6.08632278442	746
6.30364179611	-1057
6.33361577988	-1368
6.33367681503	-1368
6.35904288292	-891
6.39500379562	-1368
6.39506697655	-203
6.39706087112	-1368
6.39709687233	-1368
6.40826177597	-1368
6.4082968235	-1368
6.40832185745	-1368
6.42024588585	-986
6.44551491737	-1057
6.46144485474	543
6.65016794205	1368
6.65029001236	1231
6.69104480743	-543
6.87930393219	-1368
6.87939381599	-1368
6.87940478325	-891
6.96021986008	-1368
6.96030783653	-1368
6.96033096313	-377
6.96079778671	543
6.97718787193	-1368
6.98577594757	-1231
6.98767995834	1368
7.01300001144	717
7.24593687057	543
7.33932900429	-1368
7.33937978745	-1368
7.33941197395	-891
7.47665786743	-1368
7.47675585747	-1368
7.4767677784	-377
7.47855401039	1368
7.47867679596	1231
7.70761585236	-1368
7.70766878128	-1231
7.80728983879	-1368
7.8073527813	-1368
7.80737686157	-377
7.83347582817	-543
7.97407889366	1057
8.00019097328	1057
8.01174378395	1368
8.02546596527	1289
8.19345784187	-543
8.27363300323	-1368
8.27368593216	-203
8.28320384026	-1368
8.28324580193	-1368
8.29192280769	-1368
8.29195785522	-1368
8.29197692871	-1368
8.29763889313	543
8.2988858223	-1368
8.29889893532	-1189
8.29902696609	-1368
8.29905486107	-1368
8.29928779602	1057
8.30857300758	-1368
8.30873990059	-1368
8.30881500244	-1368
8.30882191658	-1368
8.31715297699	-1368
8.3172249794	-1368
8.31726789474	-1368
8.31727194786	-1368
8.3223388195	-1368
8.32236289978	-1368
8.3223798275	-1368
8.32238292694	-1368
8.32289981842	1086
8.32431578636	-1368
8.32433891296	-1368
8.32435584068	-1368
8.32437491417	-1368
8.32440090179	-1368
8.32444381714	-1368
8.34248495102	-1368
8.34251189232	-1368
8.34253382683	-1368
8.34257388115	-1368
8.34260797501	-1368
8.34264683723	-1368
8.342689991	-1368
8.34271883965	-1368
8.34275579453	-1368
8.34766483307	-1368
8.34769392014	-117
8.35852098465	-1368
8.35855484009	543
8.3585729599	-1368
8.35857892036	-1368
8.3720870018	-1368
8.37211489677	-1368
8.37217783928	-1368
8.37279391289	-675
8.38168787956	-1368
8.38178777695	-1368
8.38185691833	-1368
8.38186693192	-1368
8.38187885284	-1368
8.39056181908	-1368
8.39059591293	1086
8.39061284065	-1368
8.39061999321	-1368
8.39793896675	-1368
8.3979640007	-1368
8.3979818821	-1368
8.39805293083	-1089
8.3984618187	-1368
8.39848399162	-1368
8.39851284027	-1368
8.39854192734	-1368
8.39856696129	-1368
8.40267682076	-1368
8.40283679962	-1368
8.4028468132	-1368
8.40285396576	-1368
8.40285587311	-1368
8.4028608799	-1368
8.40286278725	-1368
8.40286493301	-1368
8.40723180771	-1368
8.40726780891	-1368
8.40728592873	-1368
8.41594600677	-1368
8.41598892212	543
8.41600799561	-1368
8.41601490974	-1368
8.416025877	-1368
8.41604685783	-1368
8.41607999802	-1368
8.42016887665	-1368
8.42021179199	-1368
8.42021799088	-1368
8.42386984825	-1368
8.42392086983	-1368
8.42394900322	-1368
8.42395281792	-1368
8.42395997047	-1368
8.42400479317	-1368
8.42402601242	-1368
8.42405390739	-1368
8.42408084869	-1368
8.42411088943	-1368
8.42414283752	-1368
8.4241669178	-1368
8.42818284035	-1368
8.42821383476	-1368
8.42823195457	-1368
8.42825293541	-1368
8.42827987671	-1368
8.42831397057	-1368
8.42834496498	-1368
8.42837190628	-1368
8.42839884758	-1368
8.42842888832	-1368
8.42845988274	-1368
8.42848777771	-1368
8.42851495743	-1368
8.42885279655	1368
8.44140791893	-1368
8.44144082069	261
8.44145584106	-1368
8.4414639473	-1368
8.44148278236	-1368
8.44151091576	-1368
8.44154500961	-1368
8.4437148571	1057
8.44552898407	-1368
8.44555783272	-1368
8.44558691978	-1368
8.44561100006	-1368
8.44562983513	-1368
8.44566178322	-1368
8.44568991661	-1368
8.44571590424	-1368
8.44574189186	-1368
8.44933891296	-1368
8.44936680794	-395
8.4564769268	-1368
8.45651578903	-1368
8.46993780136	-1368
8.4699678421	1086
8.4699819088	-1368
8.46998786926	-1368
8.47010684013	-1368
8.47014689445	-1368
8.47017788887	-1368
8.47041392326	-1368
8.47044181824	-1368
8.47049593925	-1368
8.47065782547	-1368
8.47442984581	-264
8.48269295692	-1368
8.48271679878	-1368
8.4828248024	-1368
8.48285579681	-1368
8.48287892342	-1368
8.48310279846	-1368
8.48313093185	-1368
8.48315882683	-1368
8.4834690094	-1368
8.48350000381	-1368
8.48352599144	-1368
8.48358392715	-1368
8.4862678051	1368
8.48847389221	-1368
8.48850488663	-1368
8.49155783653	-543
8.49522185326	-1368
8.49524784088	-1368
8.49526882172	-1368
8.49545097351	-1368
8.49546289444	746
8.49548888206	-1368
8.49552178383	-1368
8.49579691887	-1368
8.49582195282	-1368
8.49587392807	-1368
8.49590682983	-1368
8.49604082108	-1368
8.49620890617	-1368
8.49624180794	-1368
8.49626898766	-1368
8.49652385712	-1368
8.49654984474	-1368
8.49672079086	-1368
8.49675178528	-1368
8.496778965	-1368
8.50814986229	-1368
8.50819087029	-1368
8.50819897652	-1368
8.50823998451	-1368
8.50828099251	-1368
8.50833678246	-1368
8.50838899612	-1368
8.508425951	-1368
8.50846385956	-1368
8.50849890709	-1368
8.50853991508	-1368
8.50857186317	-1368
8.50860500336	-1368
8.50863599777	-1368
8.50866293907	-1368
8.5086979866	-1368
8.50873589516	-1368
8.50876998901	-1368
8.50878691673	-1368
8.50952482224	1368
8.51374983788	-1368
8.51378393173	-1368
8.51380085945	-1368
8.51382279396	-1368
8.51385092735	-1368
8.51388287544	-1368
8.51390981674	-1368
8.51393699646	-1368
8.51397585869	-1368
8.5139939785	-1368
8.51402688026	-1368
8.51405596733	-1368
8.51408195496	-1368
8.5141119957	-1368
8.51415896416	-1368
8.51416397095	-1054
8.51525092125	1368
8.52541899681	-1298
8.53481078148	522
8.59372282028	-543
8.62143397331	-1368
8.62147879601	-1368
8.62149381638	-1368
8.62152385712	-1368
8.62156391144	-1368
8.62187099457	-1368
8.62190580368	-1368
8.62193799019	-1368
8.62196493149	-1368
8.62201499939	-1368
8.62205195427	-1368
8.62219882011	-1368
8.62223386765	-1368
8.62225198746	-1368
8.62260484695	-1368
8.62266993523	-1368
8.62270998955	-1368
8.62279987335	-1368
8.62282991409	-1368
8.62300300598	-1368
8.62303090096	-1368
8.62305879593	-1368
8.62311291695	-1368
8.62314295769	-1368
8.62332987785	-1368
8.62335681915	-1368
8.62338280678	-1368
8.62346100807	543
8.62353491783	-1368
8.62358999252	-1368
8.62362480164	-1368
8.62365198135	-1368
8.62368392944	-1368
8.63301897049	-1368
8.63305187225	-1368
8.63307595253	-1368
8.63326883316	-1368
8.63330292702	-1368
8.63336396217	-1368
8.63339090347	-1368
8.63342380524	-1368
8.63402485847	-1368
8.63404798508	-1368
8.63594579697	-787
8.64666700363	-1368
8.64670395851	-1368
8.64672398567	-1368
8.64672780037	-1368
8.64675188065	-1368
8.64679193497	-1368
8.64680790901	-1368
8.64683890343	-1368
8.64686393738	-1368
8.64689278603	-1368
8.64692378044	-1368
8.64695882797	-1368
8.64697599411	-1368
8.64700579643	-1368
8.64703297615	-1368
8.64706778526	-1368
8.64709496498	-1368
8.64711689949	-1368
8.64714384079	-1368
8.64716887474	-1368
8.64719891548	-1368
8.64722490311	-1368
8.64725279808	-1368
8.64815378189	-1368
8.64817380905	-1368
8.648198843	-1368
8.64822983742	-1368
8.64823698997	-345
8.64834284782	1368
8.67178082466	-1368
8.67181491852	804
8.67182588577	-1368
8.67185282707	-1368
8.67353081703	-66
8.67987179756	-1298
8.68002986908	-1298
8.69086790085	-1368
8.69089698792	-1368
8.69096779823	-1368
8.69126391411	-1368
8.69160294533	-1368
8.69163393974	-1368
8.69218492508	-1368
8.69222092628	-1368
8.69224786758	-1368
8.69236183167	-1368
8.69240880013	-1368
8.69244098663	-1368
8.69260382652	-1368
8.69265699387	-1368
8.69268488884	-1368
8.69294500351	-1368
8.6929898262	-1368
8.69301795959	-1368
8.6930949688	-1368
8.69337582588	-1368
8.69340491295	-1368
8.69348096848	-1368
8.69351387024	-1368
8.69354391098	-1368
8.69366598129	-1368
8.69372081757	-1368
8.69374799728	-1368
8.69390392303	-1368
8.69394397736	-1368
8.69394779205	1368
8.69402980804	-1368
8.69410991669	-1368
8.69422698021	-1368
8.69425177574	-1368
8.69427990913	-1368
8.69434189796	-1368
8.69437599182	-1368
8.6945939064	-1368
8.69462180138	-1368
8.69465184212	-1368
8.69470596313	-1368
8.70357298851	-1368
8.70360088348	804
8.70361495018	-1368
8.70375394821	-1368
8.70394182205	-1368
8.70396900177	-1368
8.7039949894	-1368
8.71333599091	-1368
8.71336984634	-1368
8.71339797974	-1368
8.71343398094	-1368
8.71346092224	-1368
8.71613192558	-1368
8.71614599228	-239
8.72887992859	543
8.74504685402	-1368
8.74508190155	-203
8.74577593803	-1368
8.74580979347	-1368
8.74583983421	-1368
8.74586796761	-1368
8.74589395523	-1368
8.74593496323	-1368
8.74596095085	-1368
8.74597978592	-1368
8.74600982666	-1368
8.74603486061	-1368
8.74615192413	-1368
8.74618577957	-1368
8.74623799324	-1368
8.74640893936	-1368
8.74653291702	-1368
8.74658083916	-1368
8.74673485756	-1368
8.74677085876	-1368
8.74679994583	-1368
8.74683690071	-1368
8.74687194824	-1368
8.77036690712	-918
8.77039599419	543
8.77303290367	-1368
8.77311301231	-1368
8.77320289612	-1368
8.77336597443	-1368
8.77339792252	-1368
8.7734348774	-1368
8.7734849453	-1368
8.7737569809	-1368
8.77378296852	-1368
8.77412295341	-1368
8.77418780327	-1368
8.77421689034	-1368
8.77431297302	-1368
8.77433896065	-1368
8.77459979057	-1368
8.77478194237	-1368
8.77479982376	-1368
8.77495884895	-1368
8.77513599396	-1368
8.77515983582	-1368
8.77540779114	-1368
8.77585697174	-1368
8.77588200569	-1368
8.77590894699	-1368
8.77593588829	-1368
8.77596497536	-1368
8.77600598335	-1368
8.77609586716	-1368
8.77612686157	-1368
8.77615499496	-1368
8.77631282806	-1368
8.77635288239	-1368
8.77636885643	-1368
8.77667593956	-1368
8.77670884132	-1368
8.77673077583	-1368
8.77676582336	-1368
8.77678489685	-1368
8.7768239975	-1368
8.77827382088	1368
8.780148983	-32
8.79016590118	-1368
8.79018688202	-1368
8.79021191597	-1368
8.79535698891	1368
8.79537081718	1368
8.79549384117	1368
8.79549980164	1368
8.79561495781	1368
8.79565691948	-866
8.79566788673	190
8.87116980553	-1057
8.87128782272	-1368
8.87135481834	-1368
8.87149190903	-1368
8.87153291702	-1368
8.87156796455	-1368
8.87164998055	-1368
8.87167477608	-1368
8.87170886993	-1368
8.87179684639	-1368
8.87182784081	-1368
8.87185192108	-1368
8.87218093872	-1368
8.87222886086	-1368
8.87225580215	-1368
8.87226581573	543
8.88811397552	-1368
8.88815283775	-1368
8.88815784454	-1368
8.89683890343	-678
8.9027659893	-1368
8.90303492546	-1368
8.90308880806	-1368
8.90309500694	-1368
8.90325379372	-1368
8.90330386162	-1368
8.90368580818	543
8.9037399292	-1368
8.90427494049	-1368
8.90434789658	-1368
8.90440893173	-1368
8.90447688103	-1368
8.90449094772	-1368
8.90485191345	-1368
8.90489792824	-1368
8.90505290031	-1368
8.90528893471	-1368
8.90530180931	-1368
8.90562200546	-1368
8.90566778183	-1368
8.90570998192	-1368
8.90589499474	-1368
8.90654397011	-1368
8.90658092499	-1368
8.90658998489	-1368
8.90668177605	-1368
8.90670895576	-1368
8.9070558548	-1368
8.9071969986	-1368
8.90720486641	-1368
8.90720796585	-1368
8.90773200989	-1368
8.90774178505	-1368
8.90775179863	-1368
8.90794682503	-1368
8.90796685219	-1368
8.90801501274	-1368
8.9084649086	-1368
8.90848088264	-1368
8.9085059166	-1368
8.90876078606	-1368
8.90881490707	-1368
8.90882587433	-1368
8.90885281563	-1368
8.90888595581	-1368
8.90905094147	1368
8.91330599785	-1368
8.91336798668	-1368
8.91338300705	-1368
8.91342282295	-1368
8.91343593597	-1368
8.9134759903	-1368
8.91350483894	-1368
8.92825388908	-1368
8.92827582359	-1368
8.92829585075	-1368
8.92833185196	-1368
8.92834877968	-1368
8.92840886116	-1368
8.92841386795	-1167
8.93429279327	804
8.98268580437	-543
8.98289489746	-1368
8.98300981522	-1368
8.9830429554	-1368
8.98309993744	543
8.98401594162	-1368
8.98409199715	-1368
8.98414087296	-1368
8.98429489136	-1368
8.98434281349	-1368
8.98436379433	-1368
8.98450493813	-1368
8.98452997208	-1368
8.98455882072	-1368
8.98490190506	-1368
8.98492383957	-1368
8.98495197296	-1368
8.985049963	-1368
8.98507285118	-1368
8.98510599136	-1368
8.98524785042	-1368
8.98526978493	-1368
8.98538780212	-1368
8.98541498184	-1368
8.98555278778	-1368
8.98558282852	-1368
8.98560190201	-1368
8.98574781418	-1368
8.9857749939	-1368
8.98580980301	-1368
8.98584485054	-1368
8.98588991165	-1368
8.98602080345	-1368
8.9860458374	-1368
8.98607397079	-1368
8.98623895645	-1368
8.98626899719	-1368
8.98627591133	-1368
8.9863038063	-1368
9.00017285347	-1368
9.00019979477	-1368
9.00027298927	-1368
9.00029778481	-1368
9.00036382675	-1368
9.00039100647	-1368
9.00041985512	-1368
9.00055384636	-1368
9.00060987473	-1368
9.00063681602	1368
9.0006518364	-1368
9.00082683563	-1368
9.00085878372	-1368
9.00094795227	-1368
9.0009739399	-1368
9.00100278854	-1368
9.00823092461	-1368
9.00841498375	-1368
9.00856089592	-1368
9.00860691071	-1368
9.00866293907	-1368
9.00866794586	-1368
9.00867080688	-1368
9.00867486	-1368
9.00867891312	-1368
9.00868296623	-1368
9.00868582726	-1368
9.0086889267	-1368
9.00869178772	-1368
9.00869488716	-1368
9.00869894028	-1368
9.0087018013	-1368
9.00870490074	-1368
9.00870990753	-1368
9.00874185562	-1368
9.0087749958	-1368
9.00881695747	-1368
9.00884985924	-1368
9.00888299942	-1368
9.00891399384	-1368
9.00894284248	-1368
9.01084780693	-1368
9.01086997986	1347
9.01088094711	-1368
9.01089382172	-1368
9.01092481613	-1368
9.01095080376	-1368
9.01098680496	-1368
9.01102495193	-1368
9.011043787	-1368
9.01107287407	-1368
9.01109886169	-1368
9.01113700867	-1368
9.01116299629	-1368
9.01118993759	-1368
9.01122999191	-1368
9.01123189926	-1010
9.03633880615	1086
9.08014988899	-1368
9.08018088341	-1368
9.08020186424	-891
9.08430290222	-1368
9.1096098423	-1260
9.10984492302	543
9.14012289047	-1368
9.14014983177	-1231
9.14023685455	-1368
9.14026379585	-1368
9.14029097557	-1368
9.14031982422	-1368
9.14034891129	-1368
9.14055895805	-1368
9.14061689377	-1368
9.14064383507	-1368
9.14079499245	-1368
9.14084482193	-1368
9.14089179039	-1368
9.1411819458	-1368
9.14143395424	543
9.14172291756	-1368
9.14174985886	-1368
9.1418068409	-1368
9.14183282852	-1368
9.14186382294	-1368
9.14191198349	-1368
9.14194083214	-1368
9.14196801186	-1368
9.14232897758	-1368
9.14237380028	-1368
9.14241099358	-1368
9.14259600639	-1368
9.14272594452	-1368
9.14276194572	-1368
9.14277982712	-1368
9.14281082153	-1368
9.14285087585	-1368
9.14291095734	-1368
9.14761185646	-1368
9.1476418972	-1368
9.14766097069	-1368
9.14795184135	-1368
9.1479818821	-1368
9.14806699753	-1368
9.14843177795	-1368
9.1485350132	-1368
9.1485619545	-1368
9.14858984947	-1368
9.14861488342	-1368
9.14874100685	-1368
9.14878892899	-1368
9.14884400368	-1368
9.14902186394	-1368
9.14924478531	-1368
9.14926981926	-1368
9.14933180809	-1368
9.14958691597	1368
9.15007090569	-1368
9.15010094643	-1368
9.15011882782	-1368
9.15014982224	-1368
9.15017390251	-1368
9.15021181107	-1368
9.15716099739	-1368
9.15727186203	-1368
9.15733480453	-1368
9.15734100342	-1368
9.15738797188	-1368
9.15739893913	-1368
9.15741491318	-1368
9.15744781494	-1368
9.15745782852	-1368
9.1574678421	-1368
9.15747594833	-1368
9.15748500824	-1368
9.1574947834	-1368
9.15751481056	-1368
9.15752792358	-1368
9.15756988525	-1368
9.15759587288	-1368
9.15763497353	-1368
9.16543579102	-1368
9.16545701027	-216
9.17476582527	804
9.18227982521	-1368
9.19053077698	-203
9.20577287674	-1368
9.20580101013	543
9.20607280731	-1368
9.20613288879	-1368
9.2062048912	-1368
9.20621991158	-1368
9.20624899864	-1368
9.20635890961	-1368
9.20638489723	-1368
9.20641183853	-1368
9.20672082901	-1368
9.20673298836	-1368
9.20674991608	-1368
9.20677495003	-1368
9.20680499077	-1368
9.2158639431	-1155
9.21597981453	-1368
9.21601486206	-1368
9.21613788605	-1368
9.2163939476	-1368
9.21641087532	-1368
9.21648097038	-1368
9.21651887894	-1368
9.21672391891	-1368
9.21674489975	-1368
9.21694493294	-1368
9.21696400642	-1368
9.21699500084	-1368
9.21702194214	-1368
9.21707582474	-1368
9.21713995934	-1368
9.21724581718	-1368
9.21729898453	-1368
9.21744990349	-1368
9.21754598618	-1368
9.21758580208	-1368
9.21772193909	-1368
9.2181198597	-1368
9.21813392639	-1368
9.21816587448	-1368
9.2182469368	-1368
9.21827197075	-1368
9.2184009552	1368
9.21842098236	-1368
9.21848678589	-1368
9.21851682663	-1368
9.21859288216	-1368
9.21867585182	-1368
9.21870279312	-1368
9.2187898159	-1368
9.21906995773	-1368
9.2191028595	-1368
9.2191298008	-1368
9.22804784775	-1368
9.22809195518	-1368
9.2281229496	-1368
9.22818088531	-1368
9.22821784019	-1368
9.2282269001	-1368
9.22839593887	-1368
9.22856092453	-1368
9.2285900116	-1368
9.22861790657	-1368
9.23138093948	-1368
9.23140597343	1347
9.23141479492	-1368
9.23143196106	-1368
9.2314620018	-1368
9.2314889431	-1368
9.23152279854	-1368
9.23154997826	-1368
9.23158597946	-1368
9.23160386086	-1368
9.23163199425	-1368
9.23166298866	-1368
9.23169183731	-1368
9.24128985405	-342
9.24165797234	-1368
9.24176597595	-1368
9.2421298027	-1368
9.24216794968	-1368
9.24239778519	-1368
9.2424249649	-1368
9.24245500565	-1368
9.24251389503	-1368
9.24254488945	-1368
9.24284887314	-1368
9.24287581444	-1368
9.24290299416	-1368
9.24308896065	-1368
9.24312186241	-1368
9.24315094948	-1368
9.24319291115	-1368
9.2432320118	-1368
9.24576687813	543
9.25664186478	1086
9.26705789566	-1163
9.28940987587	-1368
9.2896168232	-1368
9.28964281082	-1368
9.295981884	-1368
9.29601192474	-1368
9.31469678879	-443
9.31498098373	543
9.36588978767	-543
9.36625385284	-1368
9.3663008213	-1368
9.36631298065	-1368
9.36652898788	-1368
9.36657786369	-1368
9.36662387848	-1368
9.36719179153	-1368
9.3672349453	-1368
9.3672440052	-1368
9.36745381355	-1368
9.36747694016	-1368
9.3675057888	-1368
9.36771798134	-1368
9.39158582687	-467
9.40555977821	-1368
9.405605793	-1368
9.43084979057	-891
9.43374896049	-1368
9.45597791672	-717
9.4574098587	543
9.84410786629	-1057
9.84468698502	-1368
9.84472084045	-1368
9.84489679337	-1368
9.84554600716	-1368
9.84556794167	-1368
9.84558677673	-1368
9.86942195892	-1368
9.86949086189	-1368
9.8694999218	-1368
9.86965799332	-1368
9.86981201172	-1368
9.86990094185	-1368
9.86994290352	-1368
9.86999392509	-1368
9.87004780769	-1368
9.87007188797	-786
9.87011790276	-1368
9.87015295029	-1368
9.87020683289	-1368
9.87023687363	-1368
9.87084698677	543
9.89490699768	-1368
9.89494991302	-1368
9.89509296417	-1368
9.895154953	-335
9.89533782005	-1368
9.89539194107	-1368
9.89569592476	-1368
9.89572381973	-1368
9.89584779739	-1368
9.89588284492	-1368
9.89591097832	-1368
9.89601683617	-1368
9.89604592323	-1368
9.89607095718	-1368
9.89614200592	-1368
9.89615297318	543
9.89627385139	-1368
9.89631700516	-1368
9.89639282227	-1368
9.89655685425	-1368
9.89659881592	-1368
9.89663600922	-1368
9.92022895813	-164
9.92069292068	-1368
9.92071700096	-1368
9.9207777977	-1368
9.92083477974	-1368
9.92104697227	-1368
9.92106389999	-1368
9.92129588127	-1368
9.92131686211	-1368
9.92134189606	-1368
9.92145895958	-1368
9.92147898674	-1368
9.92152690887	-1368
9.92177295685	-1368
9.9217839241	543
9.92183184624	-1368
9.9218378067	-1368
9.92217087746	-1368
9.92236399651	-1368
9.92237687111	-1368
9.92243695259	-1368
9.92244982719	-1368
9.92249488831	-1368
9.92250680923	-1368
9.92426991463	-1368
9.92433381081	-1368
9.92440295219	-1368
9.94236183167	-1368
9.94240784645	-1368
9.94244098663	-1368
9.94282698631	1368
9.94560098648	-797
9.94569993019	-1368
9.94572591782	-1368
9.94601678848	-1368
9.94605898857	-1368
9.94608783722	-1368
9.94618487358	-1368
9.94621682167	-1368
9.94624781609	-1368
9.94672679901	-1368
9.94676589966	-1368
9.94677591324	-1368
9.94719195366	-1368
9.94722390175	261
9.94746780396	-1368
9.94750785828	-1368
9.94772100449	-1368
9.94777083397	-1368
9.94780993462	-1368
9.94817185402	-1368
9.9482049942	-1368
9.94822978973	-1368
9.94895386696	-1368
9.94897699356	-1368
9.94900178909	-1368
9.94929289818	-1368
9.94965600967	-1368
9.94970178604	-1368
9.94974899292	-1368
9.94981479645	-1368
9.94984388351	-1368
9.94986987114	-1368
9.97035884857	-1368
9.97039580345	-1368
9.97073698044	-1368
9.97082185745	-1368
9.97084879875	-1368
9.97106480598	-1368
9.97107696533	-249
9.97135782242	-1368
9.97136592865	1368
9.97139883041	-1368
9.97142696381	-1368
9.97145581245	-1368
9.97152090073	-1368
9.97155189514	-1368
9.97157788277	-1368
9.97222280502	-1368
9.97225284576	-1368
9.9725959301	-1368
9.97269892693	-1368
9.97270798683	261
9.97272992134	-1368
9.9729077816	-1368
9.97306680679	-1368
9.97310090065	-1368
9.9731400013	-1368
9.97335886955	-1368
9.97340488434	-1368
9.97343587875	-1368
9.97357678413	-1368
9.97362279892	-1368
9.97366094589	-1368
9.9742629528	-1368
9.97428584099	-1368
9.97431182861	-1368
9.99294185638	-1368
9.99300479889	-1368
9.99302577972	-1368
9.99303078651	-1368
9.99303889275	-1368
9.99304389954	-1368
9.99323678017	-1368
9.99325180054	-1368
9.99330997467	-1368
9.99569797516	-1368
9.99578094482	-1368
9.99578881264	-1368
9.99579787254	-1368
9.99580287933	-1368
9.99581289291	-1368
9.99581694603	-1368
9.99582099915	-1368
9.99585580826	-1368
9.99589300156	-1368
9.9959127903	-1368
9.99593877792	-1368
9.99636793137	1368
9.996945858	-1368
9.99697589874	-1368
9.99699687958	-1368
9.99702501297	-1368
9.99705290794	-1368
9.9970870018	-1368
9.9971280098	-1368
9.99714279175	-1368
9.9971549511	-102
10.0216798782	261
10.0435059071	-1368
10.0436198711	-1368
10.0436840057	-891
10.0436918736	-1368
10.0689599514	-232
10.069067955	543
10.1343038082	543
10.2905290127	-543
10.5561029911	-1368
10.5561478138	-1368
10.5561769009	-891
10.5564739704	-1368
10.556499958	-1368
10.55666399	-1368
10.5566828251	1057
10.5567867756	-1368
10.5568277836	-1368
10.5570538044	-1368
10.557341814	-1368
10.5573818684	-1368
10.5577208996	-1368
10.5617809296	-1368
10.5619068146	-1368
10.5619289875	-1368
10.5619428158	-1368
10.561950922	-1368
10.5814139843	-1368
10.5814468861	-1368
10.5814738274	-1368
10.582159996	-1368
10.5822169781	-1368
10.5822479725	-1368
10.5822818279	-1368
10.5823068619	-1368
10.5823328495	-1368
10.5823688507	-1368
10.5823969841	-1368
10.5830039978	543
10.5872797966	-1368
10.587310791	-1368
10.5873367786	-1368
10.5873579979	-1368
10.5873959064	-1368
10.5874128342	-1368
10.5874438286	-1368
10.5874698162	-1368
10.5874998569	-1368
10.6067318916	-1368
10.6067647934	-1368
10.6067938805	-1368
10.6068139076	-1368
10.6068379879	-1368
10.6068799496	-1368
10.606897831	-1368
10.6069278717	-1368
10.606954813	-1368
10.6077539921	-1368
10.6077878475	-1368
10.6078138351	-1368
10.6078419685	-1368
10.6078698635	-1368
10.6079039574	-1368
10.6079318523	-1368
10.6079609394	-1368
10.6079938412	-1368
10.6080129147	-1368
10.6080439091	-1368
10.6080749035	-1368
10.6080999374	-1368
10.6127429008	-1368
10.6127729416	1086
10.6127889156	-1368
10.6127967834	-1368
10.6128089428	-1368
10.6128377914	-1368
10.6322119236	-1368
10.632245779	-1368
10.6322908401	-1368
10.6323268414	-1368
10.6323587894	-1368
10.6323678493	-395
10.6544489861	-1368
10.6545038223	543
10.6545369625	-1368
10.654542923	-1368
10.6546947956	-1368
10.6548697948	-1368
10.6548957825	-1368
10.6549239159	-1368
10.654955864	-1368
10.6549909115	-1368
10.655009985	-1368
10.655066967	-1368
10.6550929546	-1368
10.6551218033	-1368
10.6552548409	-1368
10.6553268433	-1368
10.6553587914	-1368
10.655397892	-1368
10.655495882	-1368
10.655520916	-1368
10.6556499004	-1368
10.6557028294	-1368
10.6576588154	-1368
10.657709837	-1368
10.6577458382	-1368
10.6577489376	-1368
10.6577539444	-1368
10.6577568054	-876
10.6929879189	1368
10.7184038162	261
10.7967889309	1057
10.822149992	1057
11.0339589119	-1368
11.0340058804	-1368
11.0340487957	-891
11.034307003	-1368
11.0343677998	-1368
11.0345759392	-1368
11.0346307755	-1368
11.0346620083	-1368
11.034788847	-1368
11.0348927975	543
11.034943819	-1368
11.0350039005	-1368
11.0350348949	-1368
11.035381794	-1368
11.0354149342	-1368
11.0354340076	-1368
11.059335947	-1368
11.0593788624	-1368
11.05940485	-1368
11.0594170094	-1368
11.0594468117	-1368
11.0594968796	-1368
11.0595328808	-1368
11.0595598221	-1368
11.0595879555	-1368
11.0600140095	-1368
11.060051918	-1368
11.0601267815	-1368
11.0601539612	-1368
11.0601878166	-1368
11.0602250099	-1368
11.0602529049	-1368
11.0602798462	-1368
11.0603098869	-1368
11.0604219437	1057
11.0607318878	-1368
11.0607998371	-1368
11.0608189106	-1368
11.0608468056	-1368
11.0609009266	-1368
11.060934782	-1368
11.0609719753	-1368
11.0610017776	-1368
11.061029911	-1368
11.0610668659	-1368
11.08522892	-1368
11.0852878094	-1368
11.0853009224	-1368
11.0853168964	-1368
11.0853528976	-1368
11.0853998661	-1368
11.0854108334	-165
11.1252419949	543
11.1323008537	-1368
11.1323359013	-1368
11.1323637962	-891
11.1323878765	-1368
11.1324088573	-1368
11.1324880123	-1368
11.132598877	-1368
11.1326818466	-1368
11.1327548027	-1368
11.132835865	-1368
11.1328728199	-1368
11.1329119205	-1368
11.1331179142	-1368
11.1331458092	-1368
11.1332008839	-1368
11.133232832	-1368
11.1332609653	-1368
11.1333599091	-1368
11.1333918571	-1368
11.1334209442	-1368
11.1335477829	-1368
11.1336188316	-1368
11.133646965	-1368
11.1364989281	-1368
11.1365208626	-1368
11.1365377903	-1368
11.1365787983	-1368
11.136608839	-1368
11.1366388798	-1368
11.1366779804	-1368
11.1367127895	-1368
11.136731863	-1368
11.1367609501	-1368
11.1377778053	1368
11.1506209373	261
11.1579070091	-1368
11.158010006	-1368
11.1580548286	-1368
11.1584119797	-1368
11.1584808826	-1368
11.1584990025	-1368
11.1585319042	-1368
11.1585659981	-1368
11.1585948467	-1368
11.1586339474	-1368
11.1586668491	-1368
11.1586937904	-1368
11.1587309837	-1368
11.1587510109	-1368
11.15878582	-1368
11.1588118076	-1368
11.158842802	-1368
11.1588737965	-1368
11.1589009762	-1368
11.1589348316	-1368
11.1589639187	-1368
11.1589899063	-1368
11.1619069576	-1368
11.1619608402	-1368
11.1619968414	-1368
11.1620049477	-1368
11.1620209217	-1368
11.1620237827	-1368
11.1620337963	-1368
11.1620509624	-1368
11.1620759964	-1368
11.1621038914	-1368
11.175880909	1057
11.1834058762	-1368
11.1835198402	-1368
11.1835889816	-1368
11.1835999489	-1368
11.1836137772	-1368
11.1836249828	-1368
11.1836378574	-1368
11.1836459637	-1368
11.1836528778	-1368
11.1836619377	-1368
11.1836688519	-1368
11.1836869717	-1368
11.1837279797	-1368
11.1837439537	-1368
11.1840589046	-1368
11.1843938828	-1368
11.1844208241	-1368
11.1844530106	-1368
11.1844828129	-1368
11.1845088005	-1368
11.1845448017	-1368
11.1845729351	-1368
11.1845989227	-1368
11.1846308708	-1368
11.1846678257	-1368
11.1847069263	-1368
11.1847348213	-1368
11.1847648621	-1368
11.1848099232	-1368
11.1848268509	-1368
11.1848678589	-1368
11.1848869324	-1368
11.1849148273	-1368
11.184940815	-1368
11.1849689484	-1368
11.1850008965	-1368
11.1863839626	1368
11.1871609688	-1368
11.1872079372	-1368
11.1872148514	-238
11.2118887901	261
11.2301108837	-1368
11.230162859	-1368
11.2301959991	-891
11.2304317951	-1368
11.230493784	-1368
11.2305159569	-1368
11.2305378914	-1368
11.2305719852	-1368
11.2305958271	-1368
11.23077178	-1368
11.2308139801	-1368
11.2308969498	-1368
11.2309629917	-1368
11.2309908867	-1368
11.2310187817	-1368
11.2312338352	-1368
11.2312729359	-1368
11.2313029766	-1368
11.231359005	-1368
11.2313909531	-1368
11.2314238548	-1368
11.2398049831	-1368
11.2399158478	543
11.2399618626	-1368
11.2399837971	-1368
11.2400119305	-1368
11.240021944	-1368
11.2400929928	-1368
11.240115881	-1368
11.2403199673	-1368
11.2403838634	-1368
11.2404088974	-1368
11.2404417992	-1368
11.240475893	-1368
11.2405409813	-1368
11.2405698299	-1368
11.240601778	-1368
11.2557299137	-1211
11.3056359291	1057
11.337528944	-1368
11.3375768661	-1368
11.3376088142	-891
11.3630199432	-1086
11.3637537956	543
11.4755549431	-1368
11.4756059647	-1368
11.4756419659	-891
11.4798579216	543
11.8034918308	-1057
11.8044250011	-1368
11.8044807911	-1368
11.804489851	-1368
11.8044989109	-1368
11.8045039177	-1368
11.8046979904	-1368
11.804776907	-1368
11.8048520088	-1368
11.8049709797	-1368
11.805000782	-1368
11.8050279617	-1368
11.8051469326	-1368
11.8053460121	-1368
11.8053739071	-1368
11.8054018021	-1368
11.8054308891	-1368
11.8054637909	-1368
11.8056437969	-1368
11.8057129383	-1368
11.8057498932	-1368
11.806032896	543
11.8298408985	-1368
11.8298768997	-1368
11.82990098	-1368
11.8299160004	-1368
11.8299489021	-1368
11.8299818039	-1368
11.8300099373	-1368
11.8300459385	-1368
11.8300738335	-1368
11.8301019669	-1368
11.8303728104	-1368
11.8304088116	-1368
11.8304347992	-1368
11.8304629326	-1368
11.8304948807	-1368
11.830534935	-1368
11.8305709362	-1368
11.8306019306	-1368
11.8306729794	-1368
11.8307259083	-1368
11.8307478428	-1368
11.8307859898	-1368
11.8308148384	-1368
11.8308498859	-1368
11.8314919472	1086
11.8552029133	-1368
11.8552639484	-1368
11.8552849293	-1368
11.8552927971	-1368
11.8553237915	-1368
11.8553478718	-1368
11.855383873	-1368
11.8554108143	-1368
11.8554389477	-1368
11.8554677963	-1368
11.8554968834	-1368
11.8555347919	-1368
11.8555598259	-1368
11.855588913	-1368
11.8559298515	-1368
11.8559718132	-1368
11.8560049534	-1368
11.856030941	-1368
11.8560578823	-1368
11.8560919762	-1368
11.8561229706	-1368
11.856128931	-163
11.8971779346	1086
11.9025089741	-1368
11.902618885	-1368
11.9026749134	-891
11.9028539658	-1368
11.902889967	-1368
11.9029200077	-1368
11.9034929276	-1368
11.9035179615	-1368
11.9035279751	-1368
11.903772831	-1368
11.903788805	-1368
11.9039077759	-1368
11.9039328098	-1368
11.9040157795	-1368
11.9040420055	-1368
11.9040679932	-1368
11.9047157764	-1368
11.9047498703	-1368
11.9047830105	-1368
11.9053947926	-1368
11.9054288864	-1368
11.9054508209	-1368
11.9058349133	-1368
11.9063098431	-1368
11.9063389301	-1368
11.9066739082	-1368
11.9067029953	-1368
11.9067518711	-1368
11.9121928215	-1368
11.9122819901	-1368
11.9122898579	-1368
11.9122958183	-1368
11.9122989178	-1368
11.9123048782	-1368
11.9123089314	-1368
11.9123117924	-1368
11.9123148918	-1368
11.9123439789	-1368
11.9123718739	-1368
11.9123978615	-1368
11.9124259949	-1368
11.9126198292	1368
11.9280138016	-1368
11.9280779362	261
11.9281079769	-1368
11.9281148911	-1368
11.9290978909	-1368
11.9291379452	-1368
11.9291689396	-1368
11.9291768074	-1368
11.9291977882	-1368
11.9292259216	-1368
11.9292550087	-1368
11.9292888641	-1368
11.929325819	-1368
11.929350853	-1368
11.92937994	-1368
11.9293968678	-1368
11.9294378757	-1368
11.9294569492	-1368
11.9294888973	-1368
11.9295239449	-1368
11.9303147793	-1368
11.9303469658	-1368
11.930382967	-1368
11.9303929806	-1368
11.9304099083	-1368
11.9304258823	-1368
11.9304339886	-1368
11.9304609299	-1368
11.9307608604	1368
11.9377498627	-1368
11.9378039837	-1368
11.9378368855	-1368
11.9378437996	-1368
11.9378550053	-1368
11.9378738403	-1368
11.9378960133	-1368
11.9379339218	-1368
11.9379589558	-1368
11.9379777908	-1368
11.9380319118	-1368
11.9380609989	-1368
11.9380879402	-1368
11.9381167889	-1368
11.9381468296	-1368
11.9381859303	-1368
11.9382128716	-1368
11.9382498264	-1368
11.9382688999	-1368
11.9382958412	-1368
11.9533858299	-1368
11.9534909725	775
11.9535257816	-1368
11.9535429478	-1368
11.953565836	-1368
11.9535858631	-1368
11.953597784	-1368
11.9536018372	-1368
11.9536249638	-1368
11.9536588192	-1368
11.9536809921	-1368
11.9537119865	-1368
11.9537408352	-1368
11.9537599087	-1258
11.9789369106	543
12.3655359745	-1368
12.3655707836	-1368
12.3655920029	-891
12.3658537865	-1368
12.3659179211	-1368
12.365942955	-1368
12.3659629822	1057
12.366147995	-1368
12.3661739826	-1368
12.3664069176	-1368
12.366424799	-1368
12.3664488792	-1368
12.3664770126	-1368
12.3668179512	-1368
12.366850853	-1368
12.3668677807	-1368
12.3669509888	-1368
12.3669848442	-1368
12.3671069145	-1368
12.3671548367	-1368
12.3672378063	-1368
12.3673148155	-1368
12.367402792	-1368
12.3674299717	-1368
12.3908779621	-1368
12.3909637928	-1368
12.391037941	-1368
12.3910498619	-1368
12.3910648823	-1368
12.3910708427	-1368
12.3910830021	-1368
12.3910868168	-1368
12.3910918236	-1368
12.3911209106	-1368
12.3911499977	-1368
12.3911848068	-1368
12.3917169571	543
12.3918168545	-1368
12.3918569088	-1368
12.3918859959	-1368
12.391958952	-1368
12.3920149803	-1368
12.3920359612	-1368
12.3920629025	-1368
12.3920919895	-1368
12.392125845	-1368
12.3921740055	-1368
12.392220974	-1368
12.392261982	-1368
12.3922839165	-1368
12.3923180103	-1368
12.3923838139	-1368
12.3927848339	-1368
12.3928129673	-1368
12.3928380013	-1368
12.3928668499	-1368
12.3929197788	-1368
12.39295578	-1368
12.3929917812	-1368
12.3930239677	-1368
12.39306283	-1368
12.3931109905	-1368
12.3931457996	-1368
12.3931818008	-1368
12.3932189941	-1368
12.3932528496	-1368
12.3933019638	-1368
12.3933320045	-1368
12.3946149349	1368
12.4168729782	-1368
12.4169049263	-18
12.4199488163	261
12.4638710022	-1368
12.4639048576	-1368
12.4639239311	-891
12.46408391	-1368
12.464140892	-1368
12.464165926	-1368
12.4643847942	-1368
12.4644088745	-1368
12.4644358158	-1368
12.4647228718	-1368
12.4647510052	-1368
12.4647769928	-1368
12.464840889	-1368
12.4648909569	-1368
12.4649758339	-1368
12.4650089741	-1368
12.4650437832	-1368
12.4652328491	-1368
12.4652597904	-1368
12.4653148651	-1368
12.4654037952	1057
12.4655659199	-1368
12.4656198025	-1368
12.4656498432	-1368
12.4658079147	-1368
12.4659328461	-1368
12.4659719467	-1368
12.4659848213	-1368
12.466023922	-1368
12.4660739899	-1368
12.4661178589	-1368
12.4661958218	-1368
12.4662439823	-1368
12.4664318562	-1368
12.4706227779	-1368
12.4707520008	-1368
12.4707698822	-1368
12.4707808495	-1368
12.4707899094	-1368
12.4707968235	-1368
12.4708018303	-1368
12.4708068371	-1368
12.4708118439	-1368
12.470815897	-1368
12.4708528519	-1368
12.4708678722	-1368
12.4709048271	-1368
12.4709239006	-1368
12.470954895	-1368
12.4709839821	-1368
12.4893648624	-1368
12.4894049168	-1368
12.4894099236	-1368
12.4896528721	1368
12.4905538559	-1368
12.4905669689	-1368
12.490585804	-1368
12.4906148911	-1368
12.4906408787	-1368
12.4906859398	-1368
12.4907109737	-1368
12.4907407761	-1368
12.4907679558	-1368
12.4907968044	-1368
12.4908289909	-1368
12.4908578396	-1368
12.490885973	-1368
12.4909129143	-1368
12.4909408092	-1368
12.4909729958	-1368
12.4909989834	-1368
12.4910268784	-1368
12.4910638332	-1368
12.4910829067	-1368
12.4911170006	-1368
12.4911708832	-1368
12.4960188866	-1368
12.4960458279	775
12.4960567951	-1368
12.4960739613	-1368
12.4961149693	-1368
12.4961578846	-1368
12.4962007999	-1368
12.4962358475	-1368
12.4962728024	-1368
12.4963068962	-1368
12.4963419437	-1368
12.4963779449	-1368
12.4964118004	-1368
12.496437788	-1368
12.4964678288	-1368
12.4965078831	-1368
12.4965457916	-1368
12.4965639114	-1368
12.4965980053	-1368
12.4966299534	-1368
12.496655941	-1368
12.4966897964	-1368
12.4967207909	-1368
12.5145688057	-1368
12.5145969391	-1368
12.5146148205	-1368
12.5146179199	-1368
12.5146398544	-1368
12.5146858692	-1368
12.5147268772	-1368
12.5147719383	-1368
12.5147898197	-955
12.5217418671	1086
12.5861198902	543
12.8914568424	-1368
12.8914899826	-1368
12.8915109634	-891
12.8918018341	543
12.8918859959	-1368
12.891908884	-1368
12.8920638561	-1368
12.8921298981	-1368
12.8921468258	-1368
12.8922100067	-1368
12.8922359943	-1368
12.8922607899	-1368
12.8923377991	-1368
12.892539978	-1368
12.892580986	-1368
12.8926098347	-1368
12.8926639557	-1368
12.892690897	-1368
12.8928539753	-1368
12.8928837776	-1368
12.8929359913	-1368
12.8929629326	-1368
12.8934009075	-1368
12.8934299946	-1368
12.8934738636	-1368
12.9168260098	-1368
12.9168868065	-1368
12.9169077873	-1368
12.9169118404	-1368
12.9169278145	-1368
12.9170119762	-1368
12.9170269966	-1368
12.9170298576	-1368
12.9170777798	-1368
12.917085886	-1368
12.9171338081	-1368
12.9171459675	-1368
12.9171760082	-1368
12.9172379971	-1368
12.917265892	1086
12.9175269604	-1368
12.9175379276	-1368
12.9175498486	-1368
12.9175767899	-1368
12.9176108837	-1368
12.9176409245	-1368
12.9176678658	-1368
12.9176969528	-1368
12.917760849	-1368
12.9177939892	-1368
12.91781497	-1368
12.9178388119	-1368
12.9178678989	-1368
12.9179029465	-1368
12.9186689854	-1368
12.9187259674	-1368
12.9187748432	-1368
12.9188139439	-1368
12.9188518524	-1368
12.9188888073	-1368
12.9189229012	-1368
12.9189407825	-1368
12.9189739227	-1368
12.9190058708	-1368
12.919041872	-1368
12.9190750122	-1368
12.9191009998	-1368
12.9191339016	-1368
12.919164896	-1368
12.9191949368	-1368
12.9195768833	1368
12.9422578812	-1368
12.942291975	-1368
12.9423120022	-84
12.9449698925	232
12.954916954	-543
12.989648819	-1368
12.9897170067	-1368
12.9897508621	-891
12.9898729324	-1368
12.989926815	-1368
12.9899559021	-1368
12.9902408123	-1368
12.990270853	-1368
12.9902977943	-1368
12.9903049469	-1368
12.9903349876	-1368
12.9903597832	-1368
12.9906198978	-1368
12.9906928539	-1368
12.9907329082	-1368
12.9909009933	-1368
12.9909369946	-1368
12.9909617901	-1368
12.9911139011	543
12.9911928177	-1368
12.9912438393	-1368
12.99127388	-1368
12.9913918972	-1368
12.9914188385	-1368
12.9914908409	-1368
12.9915258884	-1368
12.9915738106	-1368
12.9916088581	-1368
12.9916708469	-1368
12.991724968	-1368
12.9917550087	-1368
12.9918317795	-1368
12.9919948578	-1368
12.9920427799	-1368
12.9920868874	-1368
12.992128849	-1368
12.9921619892	-1368
13.0149829388	-1368
13.0150098801	-1368
13.0150289536	-1368
13.0150318146	-1368
13.0150518417	-1368
13.0150849819	-1368
13.0151138306	-1368
13.0151438713	-1368
13.0151689053	-1368
13.0151979923	-1368
13.0152289867	-1368
13.0152568817	-1368
13.0152859688	-1368
13.0153207779	-1368
13.0153458118	-1368
13.015378952	-1368
13.0154058933	-1368
13.0154328346	-1368
13.0154619217	-1368
13.0158939362	1368
13.0167357922	-1368
13.0167768002	261
13.01679492	-1368
13.0168049335	-1368
13.0168287754	-1368
13.0168459415	-52
13.0631639957	543
13.3861768246	-1368
13.3862287998	-1231
13.3876359463	-1368
13.3876669407	-1368
13.3876919746	-1368
13.3876979351	-1368
13.387709856	-1368
13.3879628181	-1368
13.3880097866	-1368
13.3880188465	-1368
13.3883268833	-1368
13.3883547783	543
13.3883628845	-1368
13.3883979321	-1368
13.3884398937	-1368
13.3886549473	-1368
13.3886749744	-1368
13.388808012	-1368
13.3888418674	-1368
13.3888587952	-1368
13.3890378475	-1368
13.3890728951	-1368
13.3890919685	-1368
13.4118149281	-1368
13.4118688107	-1368
13.4118928909	-1368
13.411896944	-1368
13.4119038582	-1368
13.411908865	-1368
13.4119799137	-1368
13.4119889736	-1368
13.4119927883	-1368
13.4120709896	-1368
13.4121038914	-1368
13.4135539532	-1368
13.4135768414	-1368
13.4136049747	-1368
13.4136359692	-1368
13.4136588573	-1368
13.4136958122	-1368
13.4137217999	-1368
13.4137499332	-1368
13.4137759209	-1368
13.4138028622	-1368
13.4138598442	-1368
13.4139008522	-1368
13.4139208794	1086
13.4144358635	-1368
13.4144639969	-1368
13.4144949913	-1368
13.4145298004	-1368
13.4145429134	-1368
13.4145798683	-1368
13.4146099091	-1368
13.4146368504	-1368
13.4146637917	-1368
13.414691925	-1368
13.4147238731	-1368
13.4147498608	-1368
13.4147818089	-1368
13.4371910095	-1368
13.4372918606	-711
13.4791707993	1057
13.484913826	-1368
13.4850177765	-1368
13.4850828648	-891
13.4860007763	-1368
13.4860568047	-1368
13.4860708714	-1368
13.4861979485	-1368
13.4862349033	-1368
13.4862699509	-1368
13.4867069721	-1368
13.4867370129	-1368
13.4867639542	-1368
13.486923933	-1368
13.4869508743	-1368
13.486976862	-1368
13.4873638153	-1368
13.4873878956	-1368
13.4874269962	-1368
13.4874589443	-1368
13.4875538349	-1368
13.4878659248	-1368
13.4878919125	-1368
13.4879248142	-1368
13.4879479408	-1368
13.4879817963	-1368
13.4880077839	-1368
13.4882369041	1368
13.4882769585	-1368
13.4883430004	-1368
13.4887268543	-1368
13.4891839027	-1368
13.4892117977	-1368
13.4937329292	-1368
13.4937729836	-1368
13.4937779903	-1368
13.4938077927	-1368
13.4938409328	-1368
13.4938778877	-1368
13.4938960075	-1368
13.4939219952	-1368
13.4939508438	-1368
13.4939768314	-1368
13.4940128326	-1368
13.4940459728	-1368
13.4940648079	-1368
13.5044569969	232
13.5105009079	-1368
13.5105628967	-1368
13.5105779171	-1368
13.5122919083	-1368
13.5123748779	-1368
13.5123968124	-1368
13.5124030113	-1368
13.5124099255	-1368
13.5124208927	-1368
13.5124239922	-1368
13.5124268532	-1368
13.5124559402	-1368
13.5124759674	-1368
13.5125248432	-1368
13.5125329494	-1368
13.5125789642	-1368
13.5125877857	-1368
13.5126299858	-1368
13.5126478672	-1368
13.5126619339	-1368
13.5126879215	-1368
13.5132739544	1368
13.5137798786	-1368
13.5138158798	-1368
13.5138428211	-1368
13.5138587952	-1368
13.5138819218	-1368
13.5139169693	-1368
13.5139420033	-1368
13.5139729977	-1368
13.5140058994	-1368
13.5140259266	-1368
13.5140578747	-1368
13.514084816	-1368
13.514113903	-1368
13.5141379833	-1368
13.5141658783	-1368
13.5142059326	-1368
13.5142259598	-1368
13.5142529011	-1368
13.5142838955	-1368
13.5143089294	-1368
13.5143427849	-1368
13.5190768242	-1368
13.519119978	-1368
13.5191469193	-1368
13.5191848278	-1368
13.5192198753	-1368
13.5299038887	-1368
13.5299749374	804
13.5300059319	-1368
13.5300219059	-1368
13.5300428867	-1368
13.5300488472	-1368
13.5300588608	-1368
13.5300648212	-1368
13.5300998688	-1368
13.5301268101	-1368
13.5301568508	-1368
13.5301837921	-1368
13.5302219391	-1368
13.5302488804	-1368
13.5302767754	-1368
13.5303068161	-1368
13.5303368568	-1368
13.5303738117	-1368
13.5304098129	-1368
13.5377278328	-1368
13.5377688408	-1368
13.5377988815	-1368
13.5378069878	-1368
13.5378279686	-1368
13.537858963	-1368
13.5393588543	-1368
13.5394229889	-1368
13.5394678116	-1368
13.5394887924	-1368
13.5395169258	-1343
13.5397908688	1368
13.5651769638	232
13.6916530132	-1368
13.6916968822	-1368
13.6917178631	-891
13.6919689178	-1368
13.6920258999	-1368
13.6920528412	-1368
13.6925008297	-1368
13.6925268173	-1368
13.6925578117	-1368
13.6926817894	-1368
13.6927089691	-1368
13.6927368641	-1368
13.6928548813	-1368
13.6928918362	-1368
13.6930890083	-1368
13.6931779385	-1368
13.6932168007	-1368
13.6933319569	-1368
13.6937119961	-1368
13.6937379837	-1368
13.693767786	-1368
13.6938869953	543
13.6946618557	-1368
13.6947069168	-1368
13.6948390007	-1368
13.6949207783	-1368
13.694950819	-1368
13.6950509548	-1368
13.6952598095	-1368
13.6952898502	-1368
13.6953189373	-1368
13.6953999996	-1368
13.6954278946	-1368
13.6954619884	-1368
13.7127919197	-1368
13.7128579617	-1368
13.7128808498	-1368
13.7128858566	-1368
13.7129268646	-1368
13.7131149769	-1368
13.7131359577	-1368
13.7131419182	-1368
13.7133898735	-1368
13.7135198116	-1368
13.7135338783	-1368
13.7136049271	-1368
13.7136189938	-1368
13.7136359215	-1368
13.7136888504	-1368
13.7137429714	-1368
13.7137758732	-1368
13.713793993	-1368
13.7171378136	-1368
13.7171998024	-1368
13.717222929	-1368
13.7172269821	-1368
13.717238903	-1368
13.7172470093	-1368
13.7172589302	-1368
13.7172749043	-1368
13.717291832	-1368
13.7173190117	-1368
13.7173810005	-1368
13.7173907757	-1368
13.7174048424	-1368
13.7174339294	-1368
13.7174608707	-1368
13.7174918652	-1368
13.7175209522	-1368
13.7175478935	-1368
13.7175779343	-1368
13.7175869942	-26
13.7179768085	1368
13.7191829681	775
13.7203779221	-543
13.7370359898	-1368
13.7370669842	-1368
13.7370898724	-1368
13.7373077869	-1368
13.7373838425	-1368
13.7374949455	-1368
13.7375178337	-1368
13.7375497818	-1368
13.7375919819	-1368
13.7381169796	-1368
13.7381398678	-1368
13.7381448746	-1368
13.7381799221	-1368
13.7382059097	-1368
13.7382659912	-1368
13.7383029461	-1368
13.7383348942	-1368
13.738506794	-1368
13.7386028767	-1368
13.7386579514	-1368
13.7386889458	-1368
13.7429919243	-1005
13.7446668148	543
13.7451210022	-1368
13.7451398373	-1368
13.7456338406	-1368
13.745800972	-1368
13.7458369732	-1368
13.7458758354	-1368
13.7459228039	-1368
13.7459659576	-1368
13.7460238934	-1368
13.7462849617	-1368
13.7463099957	-1368
13.7463388443	-1368
13.7466039658	-1368
13.7466259003	-1368
13.7467718124	-1368
13.7468039989	-1368
13.7468338013	-1368
13.7468619347	-1368
13.746888876	-1368
13.7469158173	-1368
13.7472398281	-1368
13.7472798824	-1368
13.7473158836	-1368
13.7473437786	-1368
13.7480750084	1368
13.7698400021	-441
13.7698688507	261
13.7718868256	-1368
13.7719140053	-1368
13.7894608974	-1368
13.7951579094	-1094
13.8268549442	543
13.9799759388	-543
14.2013998032	-1057
14.2022128105	-1368
14.2022678852	-1368
14.2022938728	-1368
14.2023148537	-1368
14.2023448944	-1368
14.2028598785	-1368
14.2028999329	-1368
14.20291996	-1368
14.2029809952	-1368
14.2030179501	-1368
14.2030367851	-1368
14.2037029266	-1368
14.203745842	-1368
14.2037658691	-1368
14.2037718296	-1368
14.2037789822	-1368
14.2043468952	1057
14.204657793	-1368
14.2046968937	-1368
14.2047169209	-1368
14.2047219276	-1368
14.2047297955	-1368
14.2047579288	-1368
14.2047948837	-1368
14.2048327923	-1368
14.2049129009	-1368
14.2049608231	-1368
14.224519968	-1368
14.2245769501	-1368
14.2246098518	-1368
14.2246308327	-1368
14.2246539593	-1368
14.2246999741	-1368
14.2247438431	-1368
14.2247858047	-1368
14.2248258591	-1368
14.224875927	-1368
14.2249188423	-1368
14.2283258438	-1368
14.2283828259	-1368
14.2284138203	-1368
14.2284529209	-1368
14.2284929752	-1368
14.228509903	-1368
14.2285478115	-1368
14.228582859	-1368
14.2286188602	-1368
14.2286379337	-1368
14.2286729813	-1368
14.228705883	-1368
14.2287528515	-1368
14.228787899	-1368
14.2288479805	-1368
14.2298669815	543
14.2301948071	-1368
14.230219841	-1368
14.2302730083	-1368
14.2303109169	-1368
14.2303459644	-1368
14.2303779125	-1368
14.2304039001	-1368
14.2304418087	-1368
14.2304739952	-1368
14.2305037975	-1368
14.2305397987	-1368
14.2305748463	-1368
14.2306199074	-1368
14.2306549549	-1368
14.2306888103	-1368
14.2307357788	-1368
14.2307729721	-1368
14.2307808399	-345
14.2941029072	1057
14.2994279861	-1368
14.2994718552	-1368
14.2994937897	-891
14.3001489639	-1368
14.3001909256	-1368
14.3001978397	-1368
14.300208807	-1368
14.3002269268	-1368
14.3002538681	-1368
14.3003678322	-1368
14.3003959656	-1368
14.3005809784	-1368
14.3006148338	-1368
14.3006567955	-1368
14.3006849289	-1368
14.3007268906	-1368
14.3007688522	-1368
14.3008539677	-1368
14.3008918762	-1368
14.3009278774	-1368
14.3010709286	-1368
14.3011097908	-1368
14.3011479378	-1368
14.3012759686	-1368
14.3013010025	-1368
14.3013269901	-1368
14.3013629913	-1368
14.3013808727	-1368
14.3014159203	-1368
14.3014760017	-1368
14.3016428947	-1368
14.3016679287	-1368
14.3016967773	-1368
14.3018658161	-1368
14.3018908501	-1368
14.3019139767	-1368
14.3019428253	-1368
14.301970005	-1368
14.3020308018	-1368
14.3030059338	1368
14.3195319176	-1368
14.3195939064	232
14.3196139336	-1368
14.3196208477	-1368
14.319633007	-1368
14.3196368217	-1368
14.3196439743	-1368
14.3196489811	-1368
14.3196678162	-1368
14.3196938038	-1368
14.3197309971	-1368
14.3197817802	-1368
14.3198080063	-1368
14.3198368549	-1368
14.3198719025	-1368
14.3199088573	-1368
14.3199629784	-1368
14.3263719082	-1368
14.3264307976	-1368
14.3264539242	-1368
14.326458931	-1368
14.3264658451	-1368
14.3264698982	-1368
14.3264768124	-1368
14.3264799118	-1368
14.3264918327	-1368
14.3265178204	-1368
14.3265609741	-1368
14.3265788555	-1368
14.3266069889	-1368
14.3266317844	-1368
14.3266599178	-1368
14.3266978264	-1368
14.326720953	-1368
14.3267560005	-1368
14.3267738819	-1368
14.3267998695	-1368
14.3268330097	-1368
14.3268609047	-1368
14.3269019127	-1368
14.3269279003	-1368
14.3269588947	-1368
14.3269639015	-427
14.3273220062	1368
14.3449068069	804
14.3701570034	543
14.6868169308	-1057
14.6890528202	-1368
14.6891179085	-1368
14.6892368793	-1368
14.6892879009	-1368
14.6893298626	-1368
14.6896178722	-1368
14.6896419525	-1368
14.6896598339	-1368
14.6897108555	-1368
14.6897389889	-1368
14.6897749901	-1368
14.6898958683	-1368
14.6901369095	-1368
14.6901738644	-1368
14.6902217865	-1368
14.6902489662	-1368
14.6902759075	-1368
14.6904718876	543
14.6907858849	-1368
14.6908237934	-1368
14.6908478737	-1368
14.6909439564	-1368
14.6909759045	-1368
14.691013813	-1368
14.7086977959	-1368
14.7087299824	-1368
14.7087528706	-1368
14.7087569237	-1368
14.7087888718	-1368
14.7088189125	-1368
14.7088479996	-1368
14.7088739872	-1368
14.7089018822	-1368
14.7149980068	-1368
14.7150278091	-1368
14.7150549889	-1368
14.7150599957	-1368
14.7150678635	-1368
14.7151179314	-1368
14.7151479721	-1368
14.7151749134	-1368
14.7152049541	-1368
14.715241909	-1368
14.7152769566	-1368
14.7152898312	-1368
14.7153208256	-1368
14.7153449059	-1368
14.7153728008	-1368
14.7157077789	543
14.7161958218	-1368
14.7162158489	-1368
14.7162439823	-1368
14.7162787914	-1368
14.7163000107	-1368
14.7163388729	-1368
14.7163698673	-1368
14.7164008617	-1368
14.7164239883	-1368
14.716452837	-1368
14.7164859772	-1368
14.7165119648	-1368
14.7165470123	-1368
14.7165808678	-1368
14.7166078091	-1368
14.7207739353	1368
14.7343378067	-1368
14.7343649864	-872
14.7460758686	232
14.7858839035	-1368
14.7859268188	-1368
14.7859518528	-891
14.7859978676	-1368
14.7860238552	-1368
14.7860548496	-1368
14.7865328789	-1368
14.7865629196	-1368
14.7866199017	-1368
14.7866489887	-1368
14.78667593	-1368
14.7868628502	-1368
14.7868897915	-1368
14.7869198322	-1368
14.7870569229	-1368
14.7870588303	543
14.7870869637	-1368
14.7871158123	-1368
14.7872908115	-1368
14.7875289917	-1368
14.7875669003	-1368
14.7876529694	-1368
14.7876780033	-1368
14.7877089977	-1368
14.7878389359	-1368
14.7878959179	-1368
14.7879219055	-1368
14.7880008221	-1368
14.7880330086	-1368
14.7880618572	-1368
14.788091898	-1368
14.7883338928	-1368
14.7884159088	-1368
14.7884538174	-1368
14.7917668819	-1368
14.7918059826	-1368
14.7918119431	-1368
14.7918438911	-1368
14.7918698788	-1368
14.7919259071	-1368
14.7919678688	-1368
14.7920079231	-1368
14.7920548916	-1368
14.7920949459	-1368
14.7921447754	-1368
14.792183876	-1368
14.7922379971	-1368
14.7922759056	-1368
14.7923099995	-1368
14.7923598289	-1368
14.7931478024	1368
14.8111670017	-1368
14.8111929893	-1368
14.8112089634	-1368
14.8123528957	-1368
14.812363863	261
14.8123788834	-1368
14.8124067783	-1368
14.8124339581	-1368
14.8124599457	-1368
14.8124949932	-1368
14.8125219345	-1368
14.8125488758	-1368
14.8125758171	-1368
14.8126058578	-1368
14.812638998	-1368
14.8126749992	-1368
14.8127069473	-1368
14.8127338886	-1368
14.8127639294	-1368
14.8128099442	-1368
14.8128418922	-1368
14.8129019737	-1368
14.8129308224	-1368
14.8129928112	-1368
14.8130228519	-1368
14.8136608601	-1368
14.8137049675	-1368
14.8137497902	-1368
14.8138020039	-1368
14.8138577938	-1368
14.8139009476	-1368
14.8139297962	-1368
14.8139569759	-1368
14.8139908314	-1368
14.8140108585	-1368
14.8140478134	-1368
14.8140668869	-1368
14.8141009808	-1368
14.8141188622	-1368
14.8141479492	-1368
14.81417799	-1368
14.8142049313	-1368
14.814234972	-1368
14.8142609596	-1368
14.8142898083	-1368
14.814319849	-1368
14.8143467903	-1368
14.8143768311	-1368
14.8144519329	1368
14.817332983	-1368
14.8173639774	-1368
14.8173890114	-1368
14.8173999786	-1368
14.8366379738	-1368
14.8367137909	-1368
14.836755991	-1368
14.8367598057	-1368
14.8367660046	-1368
14.8367710114	-1368
14.8367779255	-1368
14.8367829323	-1368
14.8367869854	-1368
14.8368167877	-1368
14.8368728161	-1368
14.8368809223	-1368
14.8369288445	-1368
14.8369369507	-1368
14.8369898796	-1368
14.8369989395	-1368
14.837045908	-1368
14.8370549679	-1368
14.8370709419	-1368
14.8370969296	-1368
14.8371298313	-1368
14.8381619453	-1368
14.838176012	1289
14.8382408619	-1368
14.8382499218	-468
14.8636488914	543
14.9935278893	-1368
14.9936249256	-1368
14.9936959743	-891
14.993863821	-1368
14.9939379692	-1368
14.9943058491	-1368
14.9943909645	-1368
14.9944038391	-1368
14.9944148064	-1368
14.9948339462	-1368
14.9948868752	-1368
14.9948928356	-1368
14.9950098991	-1368
14.9950199127	-1368
14.9950459003	-1368
14.995292902	-1368
14.9953179359	-1368
14.9953708649	-1368
14.9955317974	-1368
14.9955639839	-1368
14.995598793	-1368
14.9957327843	-1368
14.9958930016	-1368
14.9959189892	-1368
14.9959459305	-1368
14.9959738255	-1368
14.9960019588	-1368
14.9961128235	543
14.9962368011	-1368
14.9962739944	-1368
14.996295929	-1368
14.9964408875	-1368
14.996475935	-1368
14.9964988232	-1368
14.996532917	-1368
15.0178968906	-1368
15.0179510117	-1368
15.0180130005	-1368
15.018037796	-1368
15.0182228088	-1368
15.0182769299	-1368
15.0183048248	-1368
15.0185279846	-1368
15.0185849667	-1368
15.0186100006	-1368
15.0189168453	-1368
15.0189468861	-1368
15.0191249847	-1368
15.0191528797	-1368
15.0191819668	-1368
15.0192089081	-1368
15.0192408562	-1368
15.0192728043	-969
15.0195529461	-1368
15.0195817947	-1368
15.0196068287	-1368
15.0198438168	-1368
15.0198819637	-1368
15.0199007988	-1368
15.0202767849	-1368
15.020305872	-1368
15.0203318596	-1368
15.0204219818	-1368
15.0204658508	-1368
15.0204918385	-1368
15.0207619667	-1368
15.0207898617	-1368
15.0208129883	1368
15.020816803	-1368
15.0209197998	-1368
15.0209488869	-1368
15.0209798813	-1368
15.0211098194	-1368
15.0273778439	-1368
15.0274138451	775
15.0274269581	-1368
15.0274488926	-1368
15.0274908543	-1368
15.0275268555	-1368
15.0278530121	-1368
15.0278890133	-1368
15.0279269218	-1368
15.0279519558	-1368
15.0279688835	-1368
15.0280089378	-1368
15.0280458927	-1368
15.028126955	-1368
15.0281538963	-1368
15.0431289673	-1368
15.0432038307	-1368
15.043214798	-1368
15.0432229042	-1368
15.0432269573	-1368
15.0432338715	-1368
15.0436577797	-1368
15.0436959267	-1368
15.0437009335	-1368
15.0437088013	-1368
15.0439097881	-1368
15.0439269543	-1368
15.0439419746	-1368
15.0439958572	-1368
15.0440049171	-1368
15.0440797806	-1368
15.0442569256	1368
15.0444498062	-1368
15.0444788933	-1368
15.0445058346	-1368
15.045019865	-1368
15.0450658798	-1368
15.0450909138	-1368
15.0451159477	-334
15.0452959538	-1368
15.045375824	-1368
15.0454039574	-1368
15.0525829792	261
15.0682578087	-1368
15.0683348179	-1368
15.0684030056	-1368
15.068477869	-1368
15.0686500072	-1368
15.0686819553	-1368
15.0687358379	-1368
15.0687639713	-1368
15.0688118935	-1368
15.0690097809	-1368
15.0690369606	-1368
15.0690639019	-1368
15.0691668987	-1368
15.069190979	-1368
15.0692498684	-1368
15.0693058968	-1368
15.0693509579	-1368
15.0694367886	-1368
15.0695579052	-1368
15.0695929527	-1368
15.0696899891	-1368
15.0699048042	-1368
15.0699388981	-1368
15.0699579716	-1368
15.070089817	-1368
15.070114851	-1368
15.0701630116	-1368
15.0704808235	-602
15.0706179142	-1368
15.0706248283	1368
15.0706458092	-1368
15.0708658695	-1368
15.0709218979	-1368
15.0709519386	-1368
15.0710499287	-1368
15.0915699005	-1368
15.0916028023	232
15.091616869	-1368
15.0916218758	-1368
15.0917677879	-1368
15.0917918682	-1368
15.09202981	-1368
15.0920488834	-1368
15.0921139717	-1368
15.0921468735	-1368
15.0960609913	-330
15.1064748764	-1368
15.1065049171	-1368
15.1065108776	-1368
15.1069808006	-1368
15.107008934	-1368
15.107036829	-1368
15.1070640087	-1368
15.1070919037	-1368
15.1073479652	-1368
15.1074008942	-1368
15.1074149609	-1368
15.107517004	-1368
15.10769701	-1368
15.1077339649	-1368
15.1078529358	-1368
15.1092989445	-1368
15.1093258858	-1368
15.1093587875	-1368
15.1096098423	-1368
15.1096618176	-1368
15.1099188328	-1368
15.1099789143	-1368
15.1100049019	-1368
15.1101198196	1368
15.1102678776	-1368
15.110298872	-1368
15.11033988	-1368
15.1103739738	-1368
15.1106448174	-1368
15.1107068062	-1368
15.1107540131	-1368
15.1108028889	-1368
15.11084795	-1368
15.1108748913	-1368
15.1316068172	-697
15.1316378117	261
15.155107975	-1368
15.1552648544	-1368
15.155356884	-1368
15.1568717957	-66
15.1901049614	-1368
15.1901679039	-717
15.1907179356	543
15.2504279613	-1368
15.2504789829	-1231
15.2506508827	-1368
15.2506878376	-1368
15.2507138252	-1368
15.2507448196	-1368
15.2508049011	-1368
15.2508327961	-1368
15.2508599758	-1368
15.2509219646	-1368
15.2510409355	-1368
15.2510678768	-1368
15.251103878	-1368
15.2512438297	-1368
15.2512757778	-1368
15.2513058186	-1368
15.2758607864	-1155
15.288189888	-1368
15.288244009	-1368
15.2882549763	-1368
15.2888338566	1057
15.3135709763	-66
15.3858909607	-1368
15.3859739304	-1231
15.3968679905	543
15.7650678158	-1368
15.7651748657	-1368
15.7652440071	-891
15.766299963	-1368
15.7667667866	-1368
15.7667958736	-1368
15.7668249607	-1368
15.7668747902	-1368
15.7669029236	-1368
15.7670757771	-1368
15.7671289444	-1368
15.7671978474	-1368
15.7673039436	-1368
15.7675049305	-1368
15.7675318718	-1368
15.7675869465	-1368
15.7691328526	-1368
15.7691588402	-1368
15.7692079544	-1368
15.7692468166	-1368
15.7692928314	-1368
15.7693269253	-1368
15.7699379921	543
15.7732548714	-1368
15.7733139992	-1368
15.7733559608	-1368
15.7734298706	-1368
15.773460865	-1368
15.773485899	-1368
15.7768998146	-1368
15.7769358158	-1368
15.7769658566	-1368
15.7769827843	-1368
15.7770040035	-1368
15.7770349979	-1368
15.7770628929	-1368
15.7770929337	-1368
15.777119875	-1368
15.7771439552	-1368
15.7771828175	-1368
15.7772088051	-1368
15.7905199528	-1368
15.790555954	-1368
15.790583849	-1368
15.7929999828	-1368
15.7931668758	-1368
15.7931909561	-1368
15.793211937	-1368
15.7932188511	-1368
15.7932319641	-1368
15.7932369709	-1368
15.7932448387	-1368
15.7932498455	-1368
15.7932548523	-1368
15.7932658195	-1368
15.7932989597	-1368
15.7933399677	-1368
15.7933468819	-1368
15.7933638096	-1368
15.7934088707	-1368
15.7934238911	-1368
15.7934608459	-1368
15.7934908867	-1368
15.7935187817	-1368
15.7951338291	1368
15.7952678204	261
15.7986609936	-1368
15.7987430096	-1368
15.798801899	-1368
15.7988109589	-1368
15.7988288403	-1368
15.7988369465	-1368
15.7988498211	-1368
15.798858881	-1368
15.7988739014	-1368
15.7989058495	-1368
15.7989358902	-1368
15.7989678383	-1368
15.8023929596	-1368
15.8024280071	-1368
15.8024640083	-1368
15.8024978638	-1368
15.8025197983	-1368
15.8025579453	-1368
15.8025729656	-145
15.8205628395	1057
15.8631308079	-1368
15.8631699085	-203
15.8633179665	-1368
15.8633480072	-1368
15.8633749485	-1368
15.863409996	-1368
15.8646888733	-1368
15.8647179604	-1368
15.8647480011	-1368
15.8647749424	-1368
15.864812851	-1368
15.8649427891	-1368
15.8650138378	-1368
15.8650388718	-1368
15.8651878834	-1368
15.8655319214	-1368
15.8655657768	-1368
15.8655979633	543
15.8656690121	-1368
15.8656978607	-1368
15.8657319546	-1368
15.8658587933	-1368
15.8658838272	-1368
15.8659448624	-1368
15.8662948608	-1368
15.8663229942	-1368
15.8663477898	-1368
15.8666319847	-1368
15.8666558266	-1368
15.8666949272	-1368
15.8668029308	-1368
15.8670339584	-1368
15.8670599461	-1368
15.8670887947	-1368
15.8671178818	-1368
15.8671529293	-1368
15.8674778938	-1368
15.8675189018	-1368
15.8675508499	-1368
15.8677279949	-1368
15.8677709103	-1368
15.8678100109	-1368
15.8710999489	-1368
15.8712368011	-1368
15.8712568283	-1368
15.871270895	-1368
15.8712759018	-1368
15.871286869	-1368
15.8712909222	-1368
15.8712949753	-1368
15.87129879	-1368
15.8713028431	-1368
15.8713419437	-1368
15.8713657856	-1368
15.8713958263	-1368
15.8714308739	-1368
15.8714478016	-1368
15.8714909554	-1368
15.8715059757	-1368
15.8715388775	-1368
15.8725969791	1368
15.8886139393	-1368
15.8886458874	-1368
15.8886668682	-1368
15.8909399509	-1368
15.8909678459	232
15.8909800053	-1368
15.8909878731	-1368
15.8910269737	-1368
15.8910419941	-1368
15.8910748959	-1368
15.8911299706	-1368
15.8911337852	-1368
15.8911559582	-1368
15.8911838531	-1368
15.891217947	-1368
15.8912467957	-1368
15.8912718296	-1368
15.8913009167	-1368
15.891327858	-1368
15.8913598061	-1368
15.8913938999	-1368
15.8914129734	-1368
15.8914399147	-1368
15.891466856	-1368
15.8915269375	-1368
15.8915319443	-1368
15.8915529251	-1368
15.8925998211	-1368
15.8926229477	-1368
15.8926479816	-1368
15.8926799297	-1368
15.8927168846	-1368
15.8927588463	-1368
15.8927948475	-1368
15.8928179741	-1368
15.8928458691	-1368
15.8928749561	-1368
15.8929100037	-1368
15.892936945	-1368
15.8929638863	-1368
15.8929908276	-1368
15.893018961	-1368
15.8930559158	-1368
15.8930709362	1368
15.8930988312	-1368
15.893132925	-1368
15.8931698799	-1368
15.8932058811	-1368
15.8932638168	-1368
15.8966078758	-1368
15.8966379166	-1195
15.9166197777	1347
15.9755249023	-1368
15.9755659103	-1368
15.9755859375	-891
15.9757869244	-1368
15.9758160114	-1368
15.9758448601	-1368
15.9758718014	-1368
15.9759337902	-1368
15.9759597778	-1368
15.9760308266	-1368
15.9760608673	-1368
15.9760928154	-1368
15.9761898518	-1368
15.9762067795	-1368
15.9762589931	-1368
15.9898498058	-1368
15.989967823	-1368
15.9899828434	-1368
16.0014398098	-844
16.0568859577	-1368
16.0569198132	-1368
16.056937933	-1368
16.0570888519	-1368
16.0571079254	-1368
16.0571379662	-1368
16.0571649075	-1368
16.0572259426	-1368
16.0572528839	-1368
16.0572648048	543
16.0574469566	-1368
16.0574769974	-1368
16.05753088	-1368
16.0575489998	-1368
16.0575759411	-1368
16.0576219559	-1368
16.0663449764	-301
16.070953846	-1368
16.0710349083	-1368
16.0710418224	-1368
16.0713739395	-1368
16.0715630054	-1368
16.0715968609	-1368
16.0717468262	-1368
16.0717759132	-1368
16.0718038082	-1368
16.0718398094	-1368
16.0718619823	-1368
16.0719208717	-1368
16.0719499588	-1368
16.0719759464	-1368
16.0721299648	-1368
16.0722107887	-1368
16.0722439289	-1368
16.0722680092	-1368
16.0878708363	-1368
16.0879018307	1057
16.0879127979	-1368
16.0879240036	-1368
16.0959818363	-1368
16.0960187912	-1368
16.0961108208	-1368
16.0961380005	-1368
16.09618783	-1368
16.0962128639	-1368
16.0962669849	-1368
16.0963008404	-1368
16.0963048935	-399
16.0966417789	-1368
16.0968768597	-1368
16.0969069004	-1368
16.0969469547	-1368
16.0969707966	-1368
16.0970029831	-1368
16.0970609188	-1368
16.0971679688	-1368
16.0972278118	-1368
16.0973379612	-1368
16.0974788666	-1368
16.0975089073	-1368
16.0975339413	-1368
16.0981078148	-1368
16.0981369019	-1368
16.0981698036	-1368
16.0982339382	-1368
16.0982699394	-1368
16.0983128548	-1368
16.0983428955	1368
16.0985438824	-1368
16.0985789299	-1368
16.0986177921	-1368
16.0987248421	-1368
16.0987927914	-1368
16.0988259315	-1368
16.0994048119	-1368
16.0994348526	-1368
16.0994729996	-1368
16.0995049477	-1368
16.0995328426	-1368
16.0995709896	-1368
16.0999047756	-1368
16.1001119614	-1368
16.1001358032	-1368
16.1001639366	-1368
16.1001989841	-1368
16.1002249718	-1368
16.1003489494	-1368
16.1133868694	-1368
16.1134598255	804
16.1134779453	-1368
16.1134848595	-1368
16.1134939194	-1368
16.1134979725	-1368
16.1135079861	-1368
16.1135108471	-1368
16.1135139465	-1368
16.1135368347	-1368
16.1135649681	-1368
16.113604784	-1368
16.113642931	-1368
16.1136679649	-1368
16.1136868	-1368
16.1137218475	-1368
16.1137559414	-1368
16.1137859821	-1368
16.1138157845	-1368
16.1138517857	-1368
16.1138818264	-1368
16.113920927	-1368
16.1139497757	-1368
16.113986969	-1368
16.1140058041	-1368
16.1140339375	-1368
16.1213698387	-1368
16.121409893	-1368
16.1229507923	-1368
16.1230099201	-1368
16.1230478287	-1368
16.1230537891	-1368
16.1230618954	-1368
16.1230659485	-1368
16.1230728626	-1368
16.1230869293	-1368
16.1231060028	-1368
16.1231398582	-1368
16.1231758595	-1368
16.1232008934	-1368
16.123226881	-1368
16.1232528687	-1368
16.1232829094	-1368
16.1232869625	-435
16.1238799095	1368
16.1350069046	-1368
16.1350579262	-1368
16.1350829601	-1368
16.1486938	-66
16.148722887	261
16.1938078403	-1057
16.2005858421	543
16.5097279549	-1368
16.5097858906	-1368
16.5098278522	-891
16.5099987984	-1368
16.5100388527	-1368
16.5100529194	-1368
16.510065794	-1368
16.510163784	-1368
16.5102829933	-1368
16.5103869438	-1368
16.5104107857	-1368
16.5104248524	-1368
16.5105857849	-1368
16.5106019974	-1368
16.5106339455	-1368
16.5107059479	1057
16.5110569	-1368
16.5110809803	-1368
16.5110938549	-1368
16.5113928318	-1368
16.5114319324	-1368
16.5115478039	-1368
16.511649847	-1368
16.5116729736	-1368
16.5116868019	-1368
16.5120007992	-1368
16.5120429993	-1368
16.5120508671	-1368
16.51212883	-1368
16.5121347904	-1368
16.5121657848	-1368
16.5170369148	-1368
16.5170660019	-1368
16.5170888901	-1368
16.5171098709	-1368
16.5171430111	-1368
16.5171749592	-1368
16.51719594	-1368
16.5172247887	-1368
16.5172488689	-1368
16.5172798634	-1368
16.5173108578	-1368
16.5350158215	-1368
16.5350658894	-1368
16.5350887775	-1368
16.5360219479	-1368
16.5360689163	-1368
16.5360789299	-1368
16.5361008644	-1368
16.5361208916	-1368
16.5361588001	-1368
16.536192894	-1368
16.5362429619	-1368
16.536262989	-1368
16.5362999439	-1368
16.5363368988	-1368
16.5363738537	-1368
16.536400795	-1368
16.5364258289	-1368
16.536454916	-1368
16.5365028381	-1368
16.5365228653	-1368
16.536536932	1086
16.5373589993	-1368
16.5373978615	-1368
16.5374038219	-1368
16.5374457836	-1368
16.537473917	-1368
16.5375127792	-1368
16.5375418663	-1368
16.5375688076	-1368
16.537599802	-1368
16.5376238823	-1368
16.5376558304	-1368
16.5376858711	-1368
16.5377140045	-1368
16.5377428532	-1368
16.5377688408	-1368
16.537820816	-1368
16.537858963	-1368
16.5378918648	-1368
16.5379259586	-1368
16.5423648357	-1368
16.542416811	-1368
16.5424478054	-1368
16.5424590111	-1368
16.5424687862	-1368
16.5424759388	-1368
16.5424969196	-1368
16.5425219536	-1368
16.5431408882	1368
16.5603778362	-1368
16.5604457855	-1368
16.5604867935	-1368
16.5604929924	-1368
16.5605018139	-1368
16.5605478287	-1368
16.5605778694	-1368
16.5605969429	-1368
16.5606238842	-1368
16.5606517792	-1368
16.5607259274	-1368
16.5607349873	-1368
16.5607528687	-1368
16.5607860088	-1368
16.5619277954	-1368
16.5619468689	1318
16.5619769096	-1368
16.5620059967	-1368
16.5620348454	-1368
16.5620679855	-1368
16.5620858669	-1368
16.562130928	-1368
16.5621488094	-1368
16.5621798038	-1368
16.5622057915	-1368
16.5622308254	-1368
16.5622668266	-1368
16.5622940063	-1368
16.5623300076	-1368
16.5623478889	-1368
16.5623757839	-1368
16.5624148846	-1368
16.5624330044	-1368
16.5624718666	-1368
16.5624969006	-1368
16.5625169277	-1368
16.5625498295	-1368
16.5625770092	-1368
16.563284874	-1368
16.563325882	-1368
16.5633788109	-1368
16.5634148121	-1368
16.5634419918	-1368
16.5634768009	-1368
16.5635118484	-1368
16.5635309219	-1368
16.563560009	-1368
16.5635948181	-1368
16.5676028728	-1368
16.567636013	-1368
16.5676689148	-1368
16.5676980019	-1368
16.5677278042	-1368
16.5677587986	-1368
16.5677847862	-1368
16.5678138733	-1368
16.5678398609	-1368
16.5678730011	-1368
16.5678989887	-1368
16.567928791	-1368
16.5679547787	-1368
16.5679860115	-1368
16.5679969788	1368
16.5680129528	-1368
16.5680418015	-1368
16.585875988	-1368
16.5859098434	-983
16.5933778286	261
16.6080949306	-1368
16.6081550121	-1368
16.6083757877	-1368
16.6086819172	-1368
16.6087219715	-1368
16.6089677811	-1368
16.6094357967	-1368
16.6094658375	-1368
16.6094889641	-1368
16.6096007824	-1368
16.6096589565	-1368
16.6097249985	-1368
16.6098937988	-1368
16.6099197865	-1368
16.6100928783	-1368
16.6102409363	-1368
16.6102559566	-1368
16.6103019714	-1368
16.6103208065	-1368
16.6112928391	-1142
16.6151278019	1368
16.6405777931	232
16.9513299465	-1057
16.9526078701	-1368
16.9526379108	-1368
16.9528470039	-1368
16.9528717995	-1368
16.9528768063	-1368
16.953004837	-1368
16.9530348778	-1368
16.9531188011	-1368
16.9534659386	-1368
16.9534988403	-1368
16.9535038471	-1368
16.9536938667	543
16.9538199902	-1368
16.9538588524	-1368
16.9538908005	-1368
16.9539148808	-1368
16.9539690018	-1368
16.9539949894	-1368
16.9540858269	-1368
16.9541239738	-1368
16.9541838169	-1368
16.9543788433	-1368
16.9544107914	-1368
16.9544279575	-1368
16.9546909332	-1368
16.9593729973	-1368
16.9594709873	-1368
16.9594869614	-1368
16.9594988823	-1368
16.9595048428	-1368
16.9595308304	-1368
16.9595658779	-1368
16.9595839977	-1368
16.9596099854	-1368
16.959638834	-1368
16.9596729279	-1368
16.9778327942	-1368
16.9778699875	-1368
16.977894783	-1368
16.9788029194	-1368
16.9788370132	-1368
16.9788689613	-1368
16.9789040089	-1368
16.9789428711	-1368
16.9789869785	-1368
16.9790267944	-1368
16.979061842	-1368
16.9790899754	-1368
16.9791238308	-1368
16.9791698456	-1368
16.9791879654	-1368
16.9792239666	-1368
16.9792568684	-1368
16.9792749882	1057
16.9798488617	-1368
16.9798779488	-1368
16.9799058437	-1368
16.979932785	-1368
16.9799649715	-1368
16.9800138474	-1368
16.9800469875	-1368
16.9800817966	-1368
16.9801008701	-1368
16.9801340103	-1368
16.9801728725	-1368
16.9801998138	-1368
16.9802289009	-1368
16.9802649021	-1368
16.9802908897	-1368
16.9816029072	1368
16.9851548672	-1368
16.985188961	-1368
16.9852199554	-1368
16.9852628708	-1368
16.9852879047	-1368
16.985314846	-1368
16.9853467941	-1368
16.9853749275	-1368
16.9854018688	-1368
16.9854309559	-1368
16.9854569435	-1368
16.985490799	-1368
16.9855158329	-1368
16.9855577946	-1368
16.9855768681	-1239
17.0068459511	804
17.0510017872	-1368
17.0510559082	-1368
17.0510737896	-891
17.0512299538	-1368
17.0512588024	-1368
17.0513238907	-1368
17.0513420105	-1368
17.051347971	-1368
17.0513789654	-1368
17.0514509678	-1368
17.0515069962	-1368
17.0515179634	-1368
17.0516619682	-1368
17.0516839027	-1368
17.051710844	-1368
17.0519549847	-1368
17.0519878864	-1368
17.0520467758	-1368
17.052123785	-1368
17.0521569252	-1368
17.0522689819	-1368
17.0523087978	-1368
17.0523908138	-1368
17.0524349213	-1368
17.0524818897	-1368
17.0525419712	-1368
17.0525708199	-1368
17.0525999069	-1368
17.052631855	-1368
17.0527470112	-1368
17.0527718067	-1368
17.0527989864	-1368
17.0528337955	1057
17.0529048443	-1368
17.0530979633	-1368
17.0531389713	-1368
17.0531549454	-1368
17.0531849861	-1368
17.0532569885	-1368
17.0565619469	-1368
17.0565929413	-1368
17.056609869	-1368
17.056634903	-1368
17.0566709042	-1368
17.0567150116	-1368
17.0567398071	-1368
17.0567708015	-1368
17.0568249226	-1368
17.0568277836	-1368
17.0568408966	-1368
17.056871891	-1368
17.056899786	-1368
17.0569357872	-1368
17.056953907	-1368
17.0569858551	-1368
17.0765788555	-1368
17.0766379833	-1368
17.0766749382	-1368
17.0769469738	1368
17.0772879124	-1368
17.0773220062	-1368
17.0773499012	-1368
17.0773699284	-1368
17.0774078369	-1368
17.0774288177	-1368
17.0774538517	-1368
17.0775167942	-1368
17.0775258541	-1368
17.0775558949	-1368
17.0775859356	-1368
17.0776119232	-1368
17.0776410103	-1368
17.0776669979	-1368
17.0776998997	-1368
17.0777277946	-1368
17.077755928	-1368
17.0777819157	-1368
17.0778129101	-1368
17.0778448582	-1368
17.0778717995	-1368
17.0784859657	-1368
17.078496933	775
17.0785219669	-1368
17.0785508156	-1368
17.0785779953	-1368
17.0786049366	-1368
17.0786368847	-1368
17.078663826	-1368
17.0786948204	-1368
17.0786979198	-74
17.107462883	543
17.4095599651	-543
17.411110878	-1368
17.4111838341	-1368
17.4111959934	-1368
17.4112048149	-1368
17.4112098217	-1368
17.4112358093	-1368
17.4112939835	-1368
17.4114718437	-1368
17.4114949703	-1368
17.4115149975	-1368
17.4115309715	-1368
17.4116528034	-1368
17.4116768837	-1368
17.4116969109	-1368
17.4118168354	-1368
17.411842823	-1368
17.4119069576	-1368
17.4119298458	-1368
17.4119958878	-1368
17.4120929241	-1368
17.4121239185	-1368
17.4121499062	-1368
17.4124319553	543
17.4364697933	-1368
17.4365279675	-1368
17.4365568161	-1368
17.4365639687	-1368
17.4365799427	-1368
17.4366078377	-1368
17.4366388321	-1368
17.436663866	-1368
17.4366908073	-1368
17.436716795	-1368
17.4367649555	-1368
17.4367887974	-1368
17.436814785	-1368
17.4368469715	-1368
17.4369428158	-1368
17.4369659424	-1368
17.4370160103	-1368
17.4370567799	-1368
17.437073946	-1368
17.4371058941	-1368
17.4371449947	-1368
17.4371688366	-1368
17.437199831	-1368
17.4372358322	-1368
17.4372599125	-1368
17.4372777939	-1368
17.4373168945	-1368
17.437363863	-1368
17.4378960133	1086
17.4618527889	-1368
17.4619009495	-1368
17.461935997	-1368
17.4619410038	-1368
17.4619569778	-1368
17.4619958401	-1368
17.4620268345	-1368
17.4620549679	-1368
17.4620888233	-1368
17.4621257782	-1368
17.4621558189	-1368
17.4621839523	-1368
17.4622108936	-1368
17.4622378349	-1368
17.4622678757	-1368
17.4623007774	-1368
17.462458849	-1368
17.4624919891	-1368
17.4624969959	-772
17.4635469913	1368
17.4890627861	232
17.5081558228	-1368
17.5081927776	-1368
17.5082118511	-891
17.5093309879	-1368
17.5093588829	-1368
17.5093848705	-1368
17.509832859	-1368
17.5098588467	-1368
17.5098869801	-1368
17.5099279881	-1368
17.509955883	-1368
17.5099828243	-1368
17.5101799965	-1368
17.510270834	-1368
17.5103168488	-1368
17.5103628635	-1368
17.510409832	-1368
17.5104999542	-1368
17.5105469227	-1368
17.5105929375	-1368
17.5106229782	-1368
17.5106499195	-1368
17.5106868744	-1368
17.5107059479	-1368
17.5107657909	-1368
17.5108029842	-1368
17.510835886	-1368
17.5110960007	-1368
17.5111219883	-1368
17.5111508369	-1368
17.5112249851	-1368
17.5142319202	-1368
17.5143258572	-1368
17.514384985	-1368
17.5143909454	-1368
17.5144028664	-1368
17.5144209862	-1368
17.5144319534	-1368
17.5144379139	-1368
17.5144679546	-1368
17.5144917965	-1368
17.5145258904	-1368
17.5145549774	-1368
17.5145800114	-1368
17.5146188736	-1368
17.5146348476	-1368
17.5157468319	1368
17.5334279537	-1368
17.5334749222	261
17.5334877968	-1368
17.5334949493	-1368
17.5358819962	-1368
17.5359148979	-1368
17.535943985	-1368
17.5359640121	-1368
17.5359699726	-1368
17.536053896	-1368
17.5360758305	-1368
17.5360908508	-1368
17.5360939503	-1368
17.5361609459	-1368
17.5361819267	-1368
17.5361847878	-1368
17.5362389088	-1368
17.5362508297	-1368
17.5362668037	-1368
17.5363259315	-1368
17.5363388062	-1368
17.5363647938	-1368
17.5363779068	-1368
17.5364058018	-1368
17.5364339352	-1368
17.5396499634	-1368
17.5397019386	-1368
17.5397298336	-1368
17.5397598743	-1368
17.5397977829	-1368
17.5398159027	-1368
17.5398600101	-1368
17.5398788452	-1368
17.5399057865	-1368
17.5399358273	-1368
17.539963007	-1368
17.5399978161	-1368
17.5400249958	-1368
17.5400509834	-1368
17.5400829315	-1368
17.540104866	-1368
17.5401358604	-1368
17.5401628017	-1368
17.5401918888	-1368
17.5402188301	-1368
17.5402460098	-1368
17.5403048992	-1368
17.5403318405	-1368
17.5405728817	1368
17.5588829517	-1368
17.5590348244	1289
17.5590658188	-1368
17.5590817928	-1368
17.5591058731	-1368
17.5591127872	-1368
17.5591249466	-1368
17.5591309071	-1368
17.5591449738	-1368
17.5591528416	-1368
17.5591568947	-1368
17.5592010021	-1368
17.5592279434	-1368
17.5592558384	-1368
17.5592927933	-1368
17.5593099594	-1368
17.559360981	-1368
17.5594148636	-1368
17.5594208241	-1145
17.5846807957	543
17.7214899063	-1368
17.7215487957	-1368
17.7215788364	-891
17.7223699093	-1368
17.7224287987	-1368
17.7224359512	-1368
17.7225358486	-1368
17.7225809097	-1368
17.722607851	-1368
17.7227888107	-1368
17.7232909203	-1368
17.7233219147	-1368
17.7233538628	-1368
17.7236468792	-1368
17.7237029076	-1368
17.723708868	-1368
17.7239029408	-1368
17.7239429951	-1368
17.7239978313	-1368
17.7243659496	543
17.7244718075	-1368
17.7245059013	-1368
17.7245359421	-1368
17.7247879505	-1368
17.7248449326	-1368
17.7248528004	-1368
17.7248837948	-1368
17.7249159813	-1368
17.7249448299	-1368
17.7476689816	-702
17.7893149853	543
17.8017089367	-1368
17.8017528057	-1368
17.8017859459	-891
17.8022158146	-1368
17.8022539616	-1368
17.802259922	-1368
17.8275048733	-1152
17.8448119164	1057
17.8748979568	1368
17.900274992	232
18.1072878838	-543
18.145416975	-1368
18.1623268127	-1368
18.1623868942	-1368
18.1707298756	-1123
18.1751029491	-1368
18.1751778126	-1368
18.1874599457	-1368
18.1875088215	-1368
18.1875188351	-1368
18.1928529739	543
18.1934859753	1368
18.2004799843	-472
18.2180769444	203
18.2407269478	-1368
18.2433848381	-717
18.2518138885	543
18.2529978752	1057
18.4072268009	-543
18.4164698124	-543
18.4519767761	-543
18.4857017994	-1298
18.4857809544	-1298
18.5962238312	-517
18.5971307755	-1368
18.5971667767	-203
18.6024048328	543
18.6958529949	-543
18.8776578903	-543
18.8878629208	1057
18.9133629799	1057
19.0116930008	-543
19.2289819717	-543
19.3322529793	-1368
19.3322968483	-1368
19.3323338032	-891
19.345954895	-1368
19.357806921	-717
19.3683497906	543
19.3936150074	543
19.5910828114	-543
19.6189639568	1057
19.6909258366	-1368
19.6909618378	-1231
19.7713208199	-1368
19.7713778019	-1368
19.7714159489	-891
19.7714548111	-1368
19.7714939117	-1368
19.7720777988	543
19.7966759205	-949
19.9132909775	-1057
21.246006012	543
