0	1057
0.191864967346	-543
0.217333078384	-1368
0.217404127121	-1368
0.21743106842	-1368
0.23797917366	-1368
0.238018035889	-1368
0.319514989853	-501
0.328083992004	543
0.456354141235	543
0.515208959579	-543
0.783226966858	-543
0.785464048386	-1368
0.785495996475	-1368
0.785672187805	-1368
0.785695075989	-1368
0.786684036255	-1368
0.795068979263	-1368
0.79509806633	-1368
0.805996179581	-1368
0.806663036346	-1368
0.806713104248	-1368
0.847504138947	1057
0.871073961258	-1368
0.871997117996	-1368
0.910971164703	-1368
0.911000013351	-1368
0.913233995438	-1368
0.913320064545	-1368
0.91339302063	-1368
0.913417100906	-1368
0.913452148438	-1368
0.913479089737	-1368
0.913496017456	-1368
0.913557052612	-1368
0.914673089981	-1368
0.914685964584	-1368
0.922959089279	-1129
0.960123062134	-1368
0.960162162781	-1368
0.96016907692	-1368
0.961295127869	-1368
0.961328029633	-1368
0.974622964859	-1368
0.974651098251	-1368
0.975557088852	1086
0.999757051468	-1368
0.999786138535	-1368
1.03593015671	-1368
1.03879499435	-1368
1.03883600235	-1368
1.03885197639	-1368
1.04112100601	-1368
1.04114103317	-1368
1.05879211426	-1368
1.05911707878	-1368
1.05913496017	-1368
1.06935095787	-1368
1.08902096748	-715
1.14348912239	1086
1.25452303886	-543
1.25835514069	1368
1.31130409241	746
1.35112118721	-1368
1.36231803894	-1368
1.3624060154	-1368
1.3829100132	-1152
1.38901209831	-1368
1.38906407356	-1368
1.4945499897	-1368
1.49489808083	-1368
1.49492716789	-1368
1.49542212486	-1368
1.49549198151	-1368
1.49564909935	-1368
1.49567818642	-1368
1.5107190609	-828
1.51172113419	543
1.52374315262	-1368
1.52380204201	-1368
1.52393817902	-1368
1.52396607399	-1368
1.52423405647	-1368
1.5242600441	-1368
1.5242869854	-1368
1.52471518517	-1368
1.52476096153	-1368
1.52477002144	-1368
1.53614807129	-1368
1.53618597984	-1368
1.53621697426	-1368
1.55345606804	-1368
1.55351209641	-1368
1.55467104912	-1368
1.55527114868	-1368
1.55531215668	-1368
1.55570912361	-1368
1.5558681488	-1368
1.55589604378	-1368
1.62270617485	-1368
1.62274098396	-1368
1.62320804596	-1368
1.62323498726	-1368
1.62325596809	-1368
1.62328219414	-1368
1.62330007553	-1368
1.62333512306	-1368
1.62549996376	-1368
1.6399140358	-1368
1.63996005058	-1368
1.63996815681	-1368
1.65189218521	-1368
1.6519241333	1086
1.65194106102	-1368
1.65196108818	-1368
1.65198397636	-1368
1.6520190239	-1368
1.65203499794	-1368
1.65216112137	-1368
1.65222406387	-1368
1.65307497978	-1368
1.6531059742	-1368
1.6531150341	-1368
1.65313816071	-1368
1.65317201614	-1368
1.65321111679	-1368
1.6638469696	-1368
1.66402697563	-1368
1.66405200958	-1368
1.66407513618	-1368
1.68130397797	-1368
1.68137097359	-1368
1.68229413033	-1368
1.68237018585	-1368
1.68239998817	-1368
1.68242812157	-1368
1.6831240654	-1368
1.68318104744	-1368
1.6836540699	-1368
1.68371009827	-1368
1.68371915817	-1368
1.68373012543	-1368
1.72242903709	-1368
1.72249102592	-1368
1.72290110588	1368
1.75045919418	-1368
1.75049996376	-1368
1.75088000298	-1368
1.75091004372	-1368
1.75093102455	-1368
1.75098419189	-1368
1.75101518631	-1368
1.75104808807	-1368
1.75108909607	-1368
1.75110602379	-1368
1.75114512444	-1368
1.75116300583	-1368
1.76767611504	-1368
1.76772403717	-1368
1.76775598526	-1368
1.76776218414	-1368
1.7677731514	-1368
1.76780509949	-1368
1.77991914749	-1368
1.77997803688	804
1.77998709679	-1368
1.77999401093	-1368
1.78000497818	-1368
1.7800090313	-1368
1.78002214432	-1368
1.78004717827	-1368
1.7800860405	-1368
1.7801129818	-1368
1.78015208244	-1368
1.7807571888	-1368
1.78079009056	-1368
1.78080916405	-1368
1.78083395958	-1368
1.78086400032	-1368
1.78090405464	-1368
1.78092098236	-1368
1.78095602989	-1368
1.78097200394	-1368
1.78100013733	-1368
1.79176306725	-1368
1.79179906845	-1368
1.7918241024	-1368
1.79182910919	-1368
1.79187011719	-1368
1.79188418388	-1368
1.80958604813	-1368
1.8096280098	-1368
1.81086111069	-1368
1.81089496613	-1368
1.81091809273	-1368
1.81093215942	-1368
1.8113861084	-1368
1.81140613556	-1368
1.81170606613	1368
1.81175804138	-1368
1.8117890358	-1368
1.81185102463	-1368
1.81189417839	-1368
1.81192111969	-1368
1.81195807457	-1368
1.81197404861	-1368
1.81200909615	-1368
1.81204104424	-1368
1.81206798553	-1368
1.85033297539	-1368
1.85036301613	-1368
1.85078310966	-1368
1.85080599785	-1368
1.87846708298	-1368
1.87852406502	-1368
1.87855601311	-1368
1.87856197357	-1368
1.87881112099	-1368
1.87885499001	-1368
1.87887215614	-1368
1.87889909744	-1368
1.87892603874	-1368
1.87896704674	-1368
1.87904119492	-1368
1.87906718254	-1368
1.87909913063	-1368
1.87913107872	-1368
1.87914800644	-1368
1.87918305397	-1368
1.87920117378	-1368
1.87923502922	-1368
1.8955271244	-1368
1.89558506012	-1368
1.89559102058	-1368
1.89560103416	-1368
1.89560413361	-1368
1.89564013481	-1368
1.89567899704	-1368
1.89569616318	-1368
1.89573311806	-1368
1.8957400322	-638
1.89615416527	1368
1.94011116028	522
2.102394104	543
2.11546707153	1368
2.13898706436	1368
2.14861297607	1368
2.2435400486	1210
2.28867912292	-543
2.34189105034	-1368
2.34330201149	-1368
2.34534716606	-1368
2.34538006783	-1368
2.345443964	-1368
2.34630799294	-1368
2.34897899628	-1368
2.34952616692	-1368
2.34958100319	-1368
2.34960913658	-1368
2.35111808777	-1368
2.35114717484	-1368
2.35119915009	-1368
2.35899996758	-1368
2.35903215408	-1368
2.35936117172	-1368
2.35942006111	-1368
2.35943698883	-1368
2.35973095894	-1368
2.35978317261	-1368
2.36027216911	-1368
2.36033201218	-1368
2.36313605309	-1368
2.36316299438	-1368
2.3655860424	-1368
2.36561512947	-1368
2.36564016342	-1368
2.37706208229	-1368
2.37707400322	1086
2.37708115578	-1368
2.38449597359	-1368
2.38451910019	-1368
2.38454008102	-1368
2.3851480484	-1368
2.38517999649	-1368
2.38605904579	-1368
2.38701200485	-1368
2.38706016541	-1368
2.38786506653	-1368
2.38792514801	-1368
2.38811612129	-1368
2.38854002953	-1368
2.45481300354	-1368
2.45483016968	-1368
2.46975803375	-1368
2.4697740078	-1368
2.47111296654	-1368
2.47116208076	-1368
2.47328400612	-1368
2.47332000732	-1368
2.4733569622	-1368
2.47339296341	-1368
2.4734210968	-1368
2.47345519066	-1368
2.47421908379	-1368
2.47424507141	-1368
2.47728705406	-1368
2.47730302811	-1368
2.4774980545	-1368
2.4775531292	-1368
2.47765111923	-1368
2.47769904137	-1368
2.47779607773	-1368
2.47785496712	-1368
2.47800016403	1368
2.47906303406	-1368
2.47909116745	-1368
2.4791431427	-1368
2.47915911674	-1368
2.47919511795	-1368
2.47921299934	-1368
2.48827219009	-1368
2.48830318451	-1368
2.48838710785	-1368
2.4884519577	-1368
2.4885430336	-1368
2.4885699749	-1368
2.48860502243	-1368
2.48862218857	-1368
2.48865008354	-1368
2.48872518539	-1368
2.48933410645	-1368
2.4893591404	-1368
2.49067616463	-1368
2.49148201942	-1368
2.4915060997	-1368
2.49160218239	-1368
2.49373412132	-1368
2.49376416206	-1368
2.4937851429	-1368
2.49382019043	-1368
2.49383616447	-1368
2.49387001991	-1368
2.49856901169	1368
2.50497412682	-1368
2.50501918793	1036
2.50502514839	-1368
2.5099811554	1368
2.51266407967	-1368
2.51268815994	-1368
2.51270508766	-1368
2.51273012161	-1368
2.51276612282	-1368
2.5128030777	-1368
2.51298213005	-1368
2.51304101944	-1368
2.51479315758	-1368
2.51482105255	-1368
2.51484012604	-1368
2.51486706734	-1368
2.51577997208	-1368
2.51580500603	-1368
2.51600909233	-1368
2.51603412628	-1368
2.51606917381	-1368
2.51608705521	-1368
2.55443000793	-1368
2.55445599556	-1368
2.58271503448	-1368
2.58274817467	-1368
2.59273004532	-1368
2.59763407707	-1368
2.5977640152	-1368
2.59779000282	-1368
2.59899401665	-1368
2.59904408455	-1368
2.5993001461	1368
2.60109210014	-1368
2.60111808777	-1368
2.60114502907	-1368
2.60116410255	-1368
2.60126304626	-1368
2.60131001472	-1368
2.60132718086	-1368
2.60138010979	-1368
2.60140895844	-1368
2.60143899918	-1368
2.60198402405	-1368
2.60201907158	-1368
2.6051940918	-1368
2.60529112816	-1368
2.60536003113	-1368
2.60537004471	-1368
2.60548400879	-1368
2.60549902916	-1368
2.60560703278	-1368
2.60570907593	-1368
2.60572814941	-1368
2.60578107834	-1368
2.60580396652	-1368
2.60588097572	-1368
2.60684299469	-1368
2.60687398911	-1368
2.60690116882	-1368
2.60693311691	-1368
2.60696196556	-1368
2.60700297356	-1368
2.60702204704	-1368
2.60704803467	-1368
2.60708117485	-1368
2.60709905624	-1368
2.60722517967	1368
2.61604809761	-1368
2.61616015434	-1368
2.61624503136	-1368
2.61625504494	-1368
2.61627316475	-1368
2.61627912521	-1368
2.61629915237	-1368
2.61632800102	-1368
2.61636710167	-1368
2.61641407013	-1368
2.6164431572	-1368
2.61645007133	-1368
2.61650109291	-1368
2.61651515961	-1368
2.61729502678	-1368
2.61732006073	-1368
2.61732912064	-1368
2.61733698845	-1368
2.6192920208	-1368
2.61930918694	-1368
2.61933612823	-1368
2.61937499046	-1368
2.61939907074	-1368
2.61941814423	-1368
2.62157297134	-1368
2.62161803246	-1368
2.62165904045	-1368
2.62166714668	-1368
2.62168598175	-1368
2.62169218063	-1368
2.62170410156	-1368
2.6217110157	-1368
2.62251901627	1368
2.62626814842	1368
2.63250398636	1368
2.6327559948	-1368
2.63277411461	907
2.63278913498	-1368
2.63815402985	-1368
2.63823008537	-1368
2.64117598534	-1368
2.64121818542	-1368
2.64124917984	-1368
2.64127206802	-1368
2.64129805565	-1368
2.64131498337	-1368
2.64147210121	-1368
2.64149618149	-1368
2.64151906967	-1368
2.64154410362	-1368
2.64169406891	-1368
2.64171099663	-1368
2.64399719238	-1368
2.64403009415	-1368
2.6440551281	-1368
2.64408516884	-1368
2.64411211014	-1368
2.64416098595	-1368
2.64435505867	-1368
2.64438915253	-1368
2.64440703392	-1368
2.64446306229	-1368
2.64446806908	-10
2.66239213943	1368
2.74142503738	-1368
2.74156403542	-1368
2.74164104462	-1368
2.76191210747	261
2.77213215828	-609
2.78581213951	-1368
2.78585410118	-1368
2.78586006165	-1368
2.78717207909	-1368
2.78851604462	1057
2.78920412064	-1368
2.78981018066	-1368
2.78987002373	-1368
2.79099297523	-1368
2.79105806351	-1368
2.79108810425	-1368
2.79193210602	-1368
2.79198098183	-1368
2.79234600067	-1368
2.7926170826	1368
2.7928071022	-1368
2.79293107986	-1368
2.79323506355	-1368
2.7932510376	-1368
2.7934820652	-1368
2.79374098778	-1368
2.79385995865	-1368
2.79395914078	-1368
2.79401803017	-1368
2.79404616356	-1368
2.79407310486	-1368
2.79416918755	-1368
2.79420304298	-1368
2.79422307014	-1368
2.79424905777	-1368
2.79427814484	-1368
2.79436898232	-1368
2.79438900948	-1368
2.79441308975	-1368
2.79446697235	-1368
2.79449415207	-1368
2.79456496239	-1368
2.79459214211	-1368
2.79462313652	-1368
2.79469799995	-1368
2.79480004311	-1368
2.79482603073	-1368
2.79487609863	-1368
2.79490399361	-1368
2.79493713379	-1368
2.7952439785	-1368
2.79527211189	-1368
2.79529809952	-1368
2.79539203644	-1368
2.7954390049	-1368
2.79564213753	-1368
2.79618811607	-1368
2.79620599747	-1368
2.79663395882	-1368
2.79666209221	-1368
2.79670119286	-1368
2.79689908028	1368
2.79744195938	-1368
2.79746508598	-1368
2.79748415947	-1368
2.79776096344	-1368
2.80970096588	-1368
2.83692312241	-1368
2.83704614639	-1368
2.83774900436	-1368
2.8377840519	-1368
2.83780217171	-1368
2.83798718452	-1368
2.84888005257	-1368
2.84891414642	-1368
2.85812211037	-1368
2.85815000534	-1368
2.86021208763	-1368
2.86081409454	-1368
2.86085605621	-1368
2.86128997803	-1368
2.86138415337	-1368
2.86140799522	-1368
2.86207199097	-1368
2.86255502701	-1368
2.86422204971	-1368
2.86458706856	-1368
2.86463499069	-1368
2.8656899929	-1368
2.86571216583	-1368
2.86573219299	-1368
2.87285208702	-1368
2.8738861084	1368
2.87904000282	-1368
2.87967205048	-1368
2.87970018387	-1368
2.87971997261	-1368
2.91403412819	-836
2.91406202316	240
2.94722509384	-543
2.94924116135	-1368
2.94949913025	-1368
2.94957208633	-1368
2.94991803169	-1368
2.94995498657	-1368
2.94997215271	-1368
2.95053195953	-1368
2.95055603981	-1368
2.95057916641	-1368
2.96185398102	-1368
2.96484208107	-1368
2.96583104134	-1368
2.96585297585	-1368
2.97275018692	-1368
2.97279310226	-1368
2.9728000164	-1368
2.97435998917	-1368
2.97437405586	-1368
3.01463317871	-1368
3.01613497734	-1368
3.01615810394	-1368
3.01619815826	-1368
3.02630996704	-1368
3.02633905411	-1368
3.02636313438	-1368
3.03374910355	-1368
3.03378915787	-1368
3.03379917145	-1368
3.04180407524	-942
3.04183006287	543
3.08477902412	1368
3.08706212044	1368
3.08707618713	1368
3.08718705177	1368
3.08719110489	1368
3.08729910851	1368
3.08730316162	1368
3.0874171257	1368
3.08741998672	1368
3.08752918243	1368
3.08753204346	1368
3.08764219284	1368
3.08764600754	1368
3.0877661705	1368
3.0879740715	1368
3.08984708786	-1057
3.16959118843	-1086
3.16977000237	1329
3.29118108749	-1368
3.29765605927	-1368
3.29772210121	-1368
3.29775214195	-1368
3.29776000977	-327
3.29858398438	-1368
3.29882216454	-1368
3.29884910583	-1368
3.29888701439	543
3.29927897453	-1368
3.29933810234	-1368
3.29937911034	-1368
3.29962110519	-1368
3.2996430397	-1368
3.29969096184	-1368
3.29996204376	-1368
3.29998898506	-1368
3.30285716057	-1368
3.30290198326	-1368
3.31371903419	-1368
3.31390118599	-1368
3.31395697594	-1368
3.31397414207	-1368
3.31442308426	-1368
3.31445717812	-1368
3.31447315216	-1368
3.31489896774	-1368
3.314920187	-1368
3.31506109238	-1368
3.31512308121	-1368
3.31514906883	-1368
3.31586718559	-1368
3.31588602066	-1368
3.31590199471	-1368
3.31594204903	-1368
3.31595802307	-1368
3.31982707977	-1368
3.31985998154	-1368
3.31986808777	-1368
3.32090497017	-1368
3.32092809677	-1368
3.32222104073	-1368
3.32227301598	-1368
3.32230710983	-1368
3.32232618332	-1368
3.32314610481	-1368
3.32319307327	-1368
3.32321715355	-1368
3.32330918312	1368
3.3233590126	-1368
3.32377505302	-1368
3.32379508018	-1368
3.32383203506	-1368
3.32409310341	-1368
3.32413911819	-1368
3.32428717613	-1368
3.3243200779	-1368
3.32433700562	-1368
3.32562208176	-1368
3.32570505142	-1368
3.33630204201	-1368
3.3363301754	-1368
3.33633708954	-1368
3.33654117584	-1368
3.33663511276	-1368
3.33692216873	-1368
3.33699798584	-1368
3.33722710609	-1368
3.33725309372	-1368
3.33732509613	-1368
3.3378469944	-1368
3.33787512779	-1368
3.33794307709	-1368
3.33865308762	-1368
3.33869600296	-1368
3.33872914314	-1368
3.3390891552	-1368
3.33918714523	-1368
3.33933496475	-1368
3.33978319168	-1368
3.33982396126	-1368
3.34012198448	-1368
3.34041309357	-1368
3.34062004089	-1368
3.34073805809	-1368
3.34076905251	-1368
3.34078812599	-1368
3.34100008011	1368
3.34134101868	-1368
3.34177899361	-1368
3.34264802933	-1368
3.34271812439	-1368
3.34309911728	-1368
3.34311413765	-1368
3.34315419197	-1368
3.34358501434	-1368
3.34360408783	-1368
3.34361314774	-1368
3.34426903725	-1368
3.3442800045	-1368
3.34429216385	-1368
3.34845900536	-1368
3.34883618355	-1368
3.3489010334	-1368
3.34893202782	-1368
3.34946513176	-1368
3.34949016571	-1368
3.34963607788	-1368
3.34990811348	-1368
3.34992408752	-1368
3.35002017021	-1368
3.35020112991	-1368
3.35073113441	-1368
3.35076808929	-1368
3.35078597069	-1368
3.35127401352	-1368
3.3512980938	-1368
3.35131812096	-1368
3.35141301155	-1368
3.35144805908	-1368
3.35594415665	1368
3.35762214661	-1368
3.36016511917	-1368
3.36026906967	-1368
3.36028504372	-1368
3.3610701561	-1368
3.36114096642	-1368
3.36117315292	-1368
3.36133718491	-1368
3.36137104034	-1368
3.42546200752	-1368
3.42549300194	-1368
3.4255130291	-1368
3.42551803589	-1368
3.42553114891	-1368
3.42555904388	-1368
3.42597699165	1368
3.42630600929	-1368
3.42634105682	-1368
3.42650699615	-1368
3.42653918266	-1368
3.4265639782	-1368
3.42658305168	-1368
3.42709803581	-1368
3.42711305618	501
3.42712306976	-1368
3.42733407021	-1368
3.42735910416	-1368
3.42739009857	-1368
3.42741703987	-1368
3.42748117447	-1368
3.42750716209	-1368
3.42773103714	-1368
3.42775511742	-1368
3.42778611183	-1368
3.42784500122	-1368
3.4306871891	-1368
3.430727005	-1368
3.44168305397	-1368
3.44172215462	-1368
3.4417321682	-1368
3.44174003601	-1368
3.44178915024	-1368
3.44180607796	-1368
3.44215607643	-1368
3.44220399857	-1368
3.44223117828	-1368
3.4422621727	-1368
3.44256210327	-1368
3.4426240921	-1368
3.44271111488	-1368
3.44273018837	-1368
3.44277501106	-1368
3.44280099869	-1368
3.44292497635	-1368
3.44297719002	-1368
3.44373512268	-1368
3.44376707077	-1368
3.44380116463	-1368
3.44383001328	-1368
3.44385504723	-1368
3.44388604164	-1368
3.44421601295	1368
3.44775009155	-1368
3.44778013229	-1368
3.44780111313	-1368
3.44782018661	-1368
3.44782996178	-810
3.47971510887	-1368
3.4797539711	-1368
3.47979307175	-1368
3.48050713539	-1368
3.48052310944	-1368
3.48061513901	-1368
3.4816391468	-1368
3.48174309731	-1368
3.48180103302	-1368
3.48293995857	-1368
3.48296713829	-1368
3.48302412033	-1368
3.48451709747	1368
3.48452711105	1368
3.48463916779	1368
3.48464417458	1368
3.48475217819	1368
3.48475503922	1368
3.48486304283	1368
3.48486709595	1368
3.48497319221	1368
3.4939391613	1368
3.50281119347	-1368
3.55480599403	119
3.56610298157	-1368
3.5672981739	-1368
3.56732916832	-1368
3.56737208366	-1368
3.5674071312	-1368
3.56780815125	-1368
3.56783914566	-1368
3.56786417961	-1368
3.56814098358	-1368
3.568171978	-1368
3.56819009781	-1368
3.57772707939	-1368
3.57776117325	-1368
3.57776808739	-1368
3.6005320549	-1368
3.60751104355	-1340
3.6839389801	543
3.68715596199	-1368
3.68764805794	-1368
3.68767905235	-1368
3.68769812584	-1368
3.68825817108	-1368
3.68828415871	-1368
3.68838000298	-1368
3.68841505051	-1368
3.68843197823	-1368
3.69625401497	-1368
3.70076918602	543
3.70549416542	-1368
3.7056491375	-1368
3.70586419106	-1368
3.70588207245	-1368
3.70683097839	-1368
3.7068669796	-1368
3.70688414574	-1368
3.7071890831	-1368
3.70721507072	-1368
3.70724010468	-1368
3.70740699768	-1368
3.70785713196	-1368
3.70789003372	-1368
3.70790815353	-1368
3.72260499001	-1368
3.7241590023	-1368
3.72418808937	-1368
3.7242231369	-1368
3.72440099716	-1368
3.72443199158	-1368
3.72446203232	-1368
3.72495007515	-1368
3.72496604919	-1368
3.72524905205	-1368
3.72528409958	-1368
3.72530198097	-1368
3.72632813454	-1368
3.72635817528	-1368
3.72648596764	-1368
3.72662901878	1368
3.73183298111	-1368
3.73186516762	-1368
3.73190617561	-1368
3.73505711555	-1368
3.73521900177	-1368
3.73549413681	-874
3.74213600159	-1368
3.74254202843	-1368
3.74257111549	-1368
3.74301505089	-1368
3.74304008484	-1368
3.74305796623	-1368
3.74329710007	-1368
3.74333906174	-1368
3.74336600304	-1368
3.74362802505	-1368
3.74365210533	-1368
3.74368000031	-1368
3.74373197556	-1368
3.74436211586	-1368
3.74439311028	-1368
3.74441313744	-1368
3.74445796013	-1368
3.74447512627	-1368
3.74451899529	-1368
3.74509811401	-1368
3.74517917633	-1368
3.74519395828	-1368
3.74717617035	-1368
3.74724698067	-1368
3.74740004539	-1368
3.76086306572	-1368
3.76090908051	-1368
3.76091718674	-1368
3.76093697548	-1368
3.76095509529	-1368
3.7609910965	-1368
3.76164007187	-1368
3.76169800758	-1368
3.76218104362	-1368
3.7622179985	-1368
3.76224708557	-1368
3.76233196259	-1368
3.76234507561	-1368
3.7624900341	-1368
3.7626721859	-1368
3.76268315315	1368
3.76269602776	-1368
3.76272296906	-1368
3.76299214363	-1368
3.76311707497	-1368
3.76315999031	-1368
3.76318907738	-1368
3.76332402229	-1368
3.76348519325	-1368
3.76351118088	-1368
3.76353907585	-1368
3.76380205154	-1368
3.7641711235	-1368
3.76472306252	-1368
3.76474809647	-1368
3.77186703682	-1368
3.77189707756	-1368
3.77834296227	-1368
3.77852797508	-1368
3.77872204781	-1368
3.77874207497	-1368
3.77882313728	1368
3.77908205986	-1368
3.77911305428	-1368
3.77913308144	-1368
3.77962303162	-1368
3.77964496613	-1368
3.77967214584	-1368
3.77992296219	-1368
3.77994012833	-1368
3.77997207642	-1368
3.78002810478	-1368
3.78032898903	-1368
3.78035616875	-1368
3.78052616119	-1368
3.78056311607	-1368
3.78060507774	-1368
3.78325915337	-1368
3.78327918053	-1368
3.85126709938	783
3.86357998848	-1115
4.15526103973	1368
4.15540504456	1231
4.33153319359	-543
4.37408709526	-1368
4.37413215637	-1368
4.37414097786	-1368
4.37465310097	-1368
4.37470412254	-1368
4.37473416328	-1368
4.38700008392	-543
4.46062612534	-675
4.46146011353	1368
4.46159315109	717
4.67025899887	-543
4.69158315659	-1368
4.69163298607	-1368
4.69165301323	-1368
4.7077691555	-1368
4.81991696358	-1326
4.82069897652	1368
4.82083415985	1231
5.02853798866	-543
5.0795609951	-1368
5.07963013649	-1368
5.07967114449	-1368
5.19446015358	-1152
5.39604115486	1057
5.43077611923	1368
5.4378631115	1368
5.44314312935	1368
5.52570796013	124
5.61924409866	-543
5.6447660923	-1368
5.64480805397	-1368
5.64481711388	-1368
5.66289997101	-1368
5.66317415237	543
5.66349816322	-1368
5.6635119915	-1368
5.66352415085	-1368
5.66458010674	-1368
5.67826199532	-1368
5.67829203606	-1368
5.67914509773	-1368
5.67915797234	-1368
5.68360805511	-1368
5.68363809586	-1368
5.68367910385	-1368
5.68628001213	-1368
5.6863219738	-1368
5.69415307045	-1368
5.69427609444	-1368
5.69429707527	-1368
5.69430613518	-1368
5.69442200661	-1368
5.69479608536	-1368
5.69485712051	-1368
5.69490003586	-1368
5.69493913651	-1368
5.69565796852	1368
5.69645118713	-1368
5.69647717476	-1368
5.69651603699	-1368
5.70165205002	543
5.70966696739	-1368
5.70970797539	-1368
5.70999908447	-1368
5.7100250721	-1368
5.71006417274	-1368
5.71008205414	543
5.71011710167	-1368
5.71089601517	-1368
5.71092200279	-1368
5.71577715874	-1368
5.71594500542	-1368
5.71602106094	-1368
5.7474091053	-1368
5.74751400948	-1368
5.77257704735	-1368
5.77260613441	-1368
5.77262496948	-1368
5.7726290226	-1368
5.77263498306	-1368
5.77266907692	-1368
5.79110217094	-1368
5.79113197327	-1368
5.79155397415	-1368
5.79156899452	1347
5.79157614708	-1368
5.79237413406	-1368
5.79239201546	-1368
5.79241609573	-1368
5.79244804382	-1368
5.8059720993	-1368
5.80601215363	-1368
5.80689907074	-1368
5.80691814423	-1368
5.80692315102	-1368
5.80694508553	-1368
5.81193614006	-1368
5.81198000908	-1368
5.81503415108	-1368
5.81507205963	-1368
5.81508302689	-1368
5.81510305405	-1368
5.82207918167	-1368
5.82222318649	-1368
5.82224798203	-1368
5.82227611542	-1368
5.822286129	-1368
5.82229995728	-1368
5.82230997086	-1368
5.82232403755	-1368
5.82256913185	-1368
5.82262206078	-1368
5.82264018059	-1368
5.82267904282	-1368
5.82272315025	-1368
5.82275104523	-1368
5.82418704033	-1368
5.82426118851	-1368
5.82427310944	-1368
5.82428598404	-1368
5.82473897934	1368
5.83744716644	-1368
5.83748316765	-1368
5.83763504028	-1368
5.83766317368	-1368
5.83776211739	-1368
5.83778810501	-1368
5.83790397644	-1368
5.83793616295	-1368
5.83858919144	-1368
5.83865213394	-1368
5.83868813515	-1368
5.83870601654	-1368
5.84386301041	-1368
5.84393310547	-1368
5.84398508072	-1368
5.84399318695	-1368
5.84400200844	-1368
5.84400701523	-1368
5.87133216858	-543
5.8713619709	543
5.87561607361	-1368
5.87572407722	-1368
5.90042710304	-1368
5.9004740715	-1368
5.90050005913	-1368
5.90052318573	-1368
5.90055203438	-1368
5.90057206154	-1368
5.90062212944	-1368
5.90062713623	-1368
5.90066099167	-1368
5.90067911148	-1368
5.9210050106	-1368
5.92109513283	-1368
5.92125415802	-1368
5.92131114006	804
5.92132496834	-1368
5.92133712769	-1368
5.92134904861	-1368
5.9213950634	-1368
5.92141819	-1368
5.92149710655	-1368
5.92155718803	-1368
5.92706608772	-1368
5.93406796455	-1368
5.93410205841	-1368
5.9341211319	-1368
5.93485713005	-1368
5.93489718437	-1368
5.93490409851	-1368
5.9349360466	-1368
5.93495106697	-1368
5.93498516083	-1368
5.93970513344	-1368
5.93974900246	-1368
5.9400510788	1368
5.9427011013	-1368
5.9427280426	-1368
5.94275212288	-1368
5.9427781105	-1368
5.94280219078	-1368
5.94285011292	-1368
5.95024704933	-1368
5.95028018951	-1368
5.95030212402	-1368
5.95032596588	-1368
5.95034813881	-1368
5.95036697388	-1368
5.95043516159	-1368
5.95046305656	-1368
5.95048117638	-1368
5.95051598549	-1368
5.95053195953	-1368
5.95056605339	-1368
5.95074915886	-1368
5.95081305504	-1368
5.95083904266	-1368
5.95087218285	-1368
5.95090508461	-1368
5.950922966	-1368
5.95097613335	-1368
5.9510140419	-1368
5.95103001595	-1368
5.95105600357	-1368
5.95197200775	-1368
5.95205616951	-1368
5.95208907127	-1368
5.95210719109	-1368
5.95213508606	-1368
5.95216107368	-1368
5.95273399353	-1368
5.95282912254	-1368
5.96529316902	-1368
5.96532416344	-1368
5.96535396576	-1368
5.96538805962	-1368
5.96541404724	-1368
5.96544098854	-1368
5.96559000015	-1368
5.96561813354	-1368
5.96573901176	-1368
5.96577310562	-1368
5.9657959938	1368
5.9658100605	-1368
5.96589612961	-1368
5.96660804749	-1368
5.96663498878	-1368
5.96666812897	-1368
5.96670103073	-1368
5.9667160511	-1368
5.96674704552	-1368
5.97274112701	-1368
5.97277116776	-1368
5.97278904915	-1368
5.97280502319	-1368
5.97283911705	-1368
5.97287201881	-1368
5.9728910923	-1368
5.97292613983	-1368
5.97900915146	-1368
6.0039191246	-1368
6.00399208069	-1368
6.0040140152	-1368
6.01613807678	1368
6.02823495865	-1368
6.02826404572	-1368
6.02828907967	-1368
6.02829313278	-1368
6.02832603455	-1368
6.02836108208	-1368
6.02839016914	-1368
6.02842307091	-1368
6.02844715118	-1368
6.02846717834	-1368
6.02850103378	-1368
6.02851915359	-1368
6.02854704857	-1368
6.02857303619	-1368
6.02868509293	1368
6.03949809074	-1368
6.04887008667	-1368
6.04891514778	-1368
6.04892516136	-1368
6.04924798012	-1368
6.04925918579	501
6.04927206039	-1368
6.04930019379	-1368
6.04935097694	-1368
6.04938316345	-1368
6.04943919182	-1368
6.04946398735	-1368
6.04948210716	-1368
6.04952001572	-1368
6.04953718185	-1368
6.05056405067	-1368
6.0506401062	1057
6.05715608597	-1368
6.05718803406	-1368
6.05721402168	-1368
6.06538295746	-1368
6.06542897224	-1368
6.06647896767	-1368
6.06650614738	-1368
6.06652617455	-1368
6.06654214859	-1368
6.06657099724	-1368
6.06660103798	-1368
6.06663513184	-1368
6.0666821003	-1368
6.06668806076	-1368
6.06677913666	-1368
6.06715297699	1368
6.07212805748	-1368
6.07215619087	-1368
6.07279205322	-1368
6.07281804085	-1368
6.07385611534	-543
6.07678818703	-1368
6.07681417465	-1368
6.07683610916	-1368
6.07685709	-1368
6.07687306404	-1368
6.0769071579	-1368
6.07702112198	-1368
6.07705402374	-1368
6.07706403732	-1087
6.10205602646	-1368
6.10209012032	-717
6.10868406296	-1368
6.10904216766	-1368
6.10907506943	-1368
6.10951805115	-1368
6.1095430851	-1368
6.10957312584	-1368
6.10999298096	-1368
6.11004519463	-1368
6.11007714272	-1368
6.11017513275	-1368
6.11022996902	-1368
6.11025810242	-1368
6.11062002182	1368
6.11082196236	-1368
6.1108481884	-1368
6.1108751297	-1368
6.12901806831	-1368
6.12905097008	-1368
6.12905812263	-1368
6.13493418694	-1368
6.13511109352	-1368
6.13518404961	-1368
6.135212183	-1368
6.13568711281	-1368
6.13572216034	-1368
6.13573908806	-1368
6.13869404793	-1368
6.13874101639	-1368
6.13875699043	-1368
6.13927698135	-1368
6.13930106163	-1368
6.14083409309	-1368
6.14085698128	-1368
6.14088511467	-1368
6.15416812897	-1368
6.15433311462	-1368
6.15435314178	-1368
6.15445113182	-1368
6.15447998047	-1368
6.15450906754	-1368
6.15456700325	-1368
6.15459108353	-1368
6.15506410599	-1368
6.15511608124	-1368
6.15550899506	-1368
6.15554618835	-1368
6.15586996078	1368
6.15597105026	-1368
6.156001091	-1368
6.15609002113	-1368
6.15677499771	-1368
6.15681505203	-1368
6.1568210125	-1368
6.15803217888	-1368
6.15805912018	-1368
6.15809512138	-1368
6.15814995766	-1368
6.15838813782	-1368
6.158411026	-1368
6.15846705437	-1368
6.16571211815	-1368
6.16574907303	-1368
6.18027615547	-1368
6.18029808998	1326
6.18030810356	-1368
6.18031406403	-1368
6.20005011559	-1368
6.22150015831	-1368
6.23630905151	-503
6.24451899529	-1260
6.26090312004	1368
6.26091599464	1368
6.26102900505	1368
6.26103401184	1368
6.30804800987	1297
6.36416006088	-1086
6.45291399956	-1368
6.45324897766	-1368
6.45382118225	-1368
6.45384407043	-1368
6.45387005806	-1368
6.45415306091	-1368
6.45425200462	-1368
6.45428419113	-1368
6.46626019478	543
6.46933507919	-1368
6.46938109398	-1368
6.46940016747	-1368
6.47379016876	-1368
6.47383403778	-1368
6.47386312485	-1368
6.47604298592	-1368
6.47606611252	-1368
6.47632217407	-1368
6.47636413574	-1368
6.47665405273	-1368
6.47668910027	-1368
6.47670698166	-1368
6.47734618187	-1368
6.47737312317	-1368
6.47740006447	-1368
6.4777109623	-1368
6.47777414322	-1368
6.47782897949	-1368
6.47792005539	-1368
6.47841310501	-1368
6.47845602036	-1368
6.47847318649	-1368
6.4787170887	1368
6.4788351059	-1368
6.47886610031	-1368
6.47888302803	-1368
6.47999095917	-1368
6.4800131321	-1368
6.4800760746	-1368
6.48024106026	-1368
6.48026704788	-1368
6.48029708862	-1368
6.4805150032	-1368
6.48055911064	-1368
6.48058605194	-1368
6.48092699051	-1368
6.48095917702	-1368
6.48098611832	-1368
6.4972140789	-1368
6.49725818634	-1368
6.49726605415	-1368
6.4979531765	-1368
6.49798703194	-1368
6.49800395966	-1368
6.49810910225	-1368
6.49963307381	-1368
6.49967002869	-1368
6.49986600876	-1368
6.49989414215	-1368
6.49992012978	-1368
6.50042414665	-1368
6.50045514107	-1368
6.50047397614	-1368
6.50061011314	-1368
6.50062799454	-1368
6.50065517426	-1368
6.50123000145	-1368
6.50124597549	-1368
6.50149512291	1368
6.50161910057	-1368
6.50164318085	-1368
6.50168013573	-1368
6.50247812271	-1368
6.5025100708	-1368
6.50253009796	-1368
6.5034840107	-1368
6.50350809097	-1368
6.50353217125	-1368
6.50428318977	-1368
6.50437307358	-1368
6.50475716591	-1368
6.50520515442	-1368
6.50524306297	-1368
6.51125311852	-1368
6.5112850666	-1368
6.51131105423	-1368
6.51198506355	-1368
6.51202106476	-1368
6.51205301285	-1368
6.51228499413	-1368
6.51230311394	-1368
6.51626801491	-1368
6.51630401611	-1368
6.51636910439	-1368
6.51700806618	-1368
6.5170481205	-1368
6.51723098755	-1368
6.51787209511	-1368
6.51789808273	-1368
6.51828503609	-1368
6.51853108406	1368
6.51859712601	-1368
6.5186150074	-1368
6.51894807816	-1368
6.52019309998	-1368
6.52022409439	-1368
6.52024316788	-1368
6.52058506012	-1368
6.52106904984	-1368
6.52157211304	-1368
6.52159714699	-1368
6.52162408829	-1368
6.52183699608	-1368
6.52186608315	-1368
6.5219180584	-1368
6.52197909355	-1368
6.52205610275	-1368
6.52207303047	-1368
6.52210116386	-1368
6.5221619606	-1368
6.52219104767	-1368
6.52232909203	-1368
6.52239918709	-1368
6.52242517471	-1368
6.52248096466	-1368
6.52249908447	-1368
6.52255702019	-1368
6.52261519432	-1368
6.52263402939	-1368
6.52269101143	-1368
6.52280211449	-1368
6.52283596992	-1368
6.52285599709	-1368
6.52290797234	-1368
6.52294111252	-1368
6.53409218788	-1368
6.53412818909	-1368
6.53415203094	-1368
6.53415608406	-1368
6.53417611122	-1368
6.53420710564	-1368
6.53423309326	-1368
6.53453707695	-1368
6.53458619118	-1368
6.53468608856	1368
6.53525209427	-1368
6.53529119492	-1368
6.54654407501	-1368
6.54656815529	-1368
6.58118009567	-1368
6.58121299744	-1368
6.58175516129	-1368
6.58176803589	-1368
6.58179116249	-1368
6.58181905746	-1368
6.5819849968	-1368
6.58201313019	-1368
6.58211112022	-1368
6.58214712143	-1368
6.58218598366	-1368
6.58224201202	-1368
6.5824701786	1368
6.59723901749	-1368
6.59727907181	103
6.59730005264	-1368
6.60162115097	-1368
6.60186505318	-1368
6.60190701485	-1368
6.60195016861	-1368
6.60196518898	-1368
6.60198712349	-1368
6.60384511948	-1368
6.60389304161	-1368
6.60389900208	-1368
6.60390806198	-1368
6.60409903526	-1368
6.60415410995	-1368
6.60441613197	-1368
6.60443902016	-1368
6.60445809364	-1368
6.60451006889	-1368
6.60520911217	-1368
6.60523700714	-1368
6.60527014732	-1368
6.60528516769	-1368
6.60531210899	-1368
6.60534501076	-1368
6.60674405098	-1368
6.60679411888	-1368
6.60680103302	-1368
6.60680913925	-1368
6.60684204102	-1368
6.60686898232	-1368
6.60689902306	-1368
6.60693407059	-1368
6.6069521904	-1368
6.60698699951	-1368
6.6069920063	-850
6.60762119293	1368
6.70698213577	-1368
6.72500610352	232
6.73473405838	-232
6.74744296074	-1368
6.74749207497	-1368
6.74749708176	-1368
6.75112700462	-1368
6.87507009506	-298
6.87634897232	543
7.08421206474	-543
7.08677601814	-1368
7.08682107925	-1368
7.08683896065	-1368
7.0871860981	-1368
7.08724308014	-1368
7.08726215363	-1368
7.08786201477	-1368
7.0878880024	-1368
7.0886991024	-1368
7.08871412277	-1368
7.08875799179	-1368
7.08920502663	-1368
7.08923816681	-1368
7.0892560482	-1368
7.09024000168	-1368
7.09026503563	-1368
7.09029316902	-1368
7.0905520916	1057
7.09110116959	-1368
7.09117412567	-1368
7.09123015404	-1368
7.0912861824	-1368
7.09137415886	-1368
7.09161710739	-1368
7.09166312218	-1368
7.09168601036	-1368
7.09180998802	-1368
7.09184217453	-1368
7.09214711189	-1368
7.0921831131	-1368
7.09222316742	-1368
7.09231901169	-1368
7.09235405922	-1368
7.09258413315	-1368
7.092648983	-1368
7.09266519547	-1368
7.09269213676	-1368
7.09293317795	-1368
7.09298801422	-1368
7.09301900864	-1368
7.09311819077	-1368
7.09317016602	-1368
7.09333610535	-1368
7.09336304665	-1368
7.09341716766	-1368
7.09349298477	-1368
7.09351110458	-1368
7.10571408272	-1368
7.10575318336	-1368
7.10578203201	-1368
7.12300610542	-1368
7.12377309799	-1368
7.12427210808	-1368
7.12428116798	-1368
7.12517619133	-1368
7.12520313263	-1368
7.12565016747	1368
7.12582612038	-1368
7.12620806694	-1368
7.12624907494	-1368
7.12655210495	-1368
7.1266181469	-1368
7.12774014473	-1368
7.12777519226	-1368
7.12778306007	-1368
7.12829303741	-1368
7.12830901146	-1368
7.12959218025	-1368
7.1296441555	-1368
7.12968015671	-1368
7.13017106056	-1368
7.13152813911	-1368
7.13253617287	-1368
7.13257598877	-1368
7.13335108757	-1368
7.13337802887	-1368
7.1351890564	-1368
7.13523101807	-1368
7.1352391243	-1368
7.13611006737	-1368
7.13663506508	-1368
7.13734102249	-1368
7.13738417625	-1368
7.13743495941	-1368
7.13919997215	-1368
7.14011311531	-1368
7.14013910294	-1368
7.14090800285	-1368
7.14092516899	-1368
7.14094114304	-1368
7.14233207703	-1368
7.14237213135	-1368
7.14237904549	-1368
7.14399600029	-1368
7.14404702187	-1368
7.14423513412	1368
7.14503002167	-1368
7.14504313469	-1368
7.14505815506	-1368
7.14552307129	-1368
7.14605998993	-1368
7.14608597755	-1368
7.14647603035	-1368
7.14650797844	-1368
7.14812302589	-1368
7.14816117287	-1368
7.14819216728	-1368
7.14926099777	-1368
7.1492869854	-1368
7.15122103691	-1368
7.15125417709	-1368
7.15128612518	-1368
7.15215706825	-1368
7.15306901932	-1368
7.15385508537	-1368
7.15387701988	-1368
7.15494012833	-1368
7.1549551487	-1368
7.1577231884	-1368
7.15774607658	-1368
7.15776205063	-1368
7.15898609161	-1368
7.15900707245	-1368
7.16279697418	-1368
7.16283202171	-1368
7.16283607483	-1368
7.16332912445	-1368
7.16395616531	-1368
7.16534900665	-1368
7.16536617279	-1368
7.16785502434	-1368
7.16788101196	-1368
7.16789698601	-1368
7.16819810867	1368
7.16887903214	-1368
7.16889214516	-1368
7.16969203949	-1368
7.17102408409	-1368
7.17104697227	-1368
7.1729221344	-1368
7.17295098305	-1368
7.17295718193	-1368
7.17397403717	-1368
7.17486715317	-1368
7.17526698112	-1368
7.17538404465	-1368
7.17604804039	-1368
7.17605996132	-1368
7.1775290966	-1368
7.17755007744	-1368
7.17757701874	-1368
7.17877817154	-1368
7.18074011803	-1368
7.18160915375	-1368
7.18163204193	-1368
7.18163704872	-1368
7.18310308456	-1368
7.1864361763	-1368
7.18647408485	-1368
7.18648099899	-1368
7.18806099892	-1368
7.1880800724	-1368
7.19100117683	-1368
7.19102811813	-1368
7.19104814529	-1368
7.21470212936	-791
7.21896409988	1326
7.34749412537	543
7.55696702003	-543
7.56650710106	-1368
7.56654310226	-1368
7.56655097008	-1368
7.56687307358	-1368
7.5671479702	543
7.56792211533	-1368
7.56794500351	-1368
7.56799197197	-1368
7.56802201271	-1368
7.56824207306	-1368
7.56826806068	-1368
7.56830000877	-1368
7.56905198097	-1368
7.5690779686	-1368
7.56914710999	-1368
7.56997418404	-1368
7.5700070858	-1368
7.57002615929	-1368
7.57103013992	-1368
7.57105898857	-1368
7.57113718987	-1368
7.57117199898	-1368
7.57118797302	-1368
7.57140207291	-1368
7.57142806053	-1368
7.57148098946	-1368
7.57250213623	-1368
7.5725171566	-1368
7.57255101204	-1368
7.57356309891	-1368
7.57359004021	-1368
7.57372498512	-1368
7.57468914986	-1368
7.57471013069	-1368
7.5750541687	-1368
7.57507205009	-1368
7.57512307167	-1368
7.57584905624	-1368
7.57635211945	-1368
7.57638907433	-1368
7.57640719414	-1368
7.57960915565	-1368
7.57968616486	-1368
7.57971096039	-1368
7.60483598709	-1368
7.60497903824	-1368
7.60500597954	-1368
7.6059319973	1368
7.60842204094	-1368
7.60851597786	-1368
7.60860109329	-1368
7.61085009575	-1368
7.61088609695	-1368
7.61090707779	-1368
7.61194610596	-1368
7.61198306084	-1368
7.61201119423	-1368
7.61308407784	-1368
7.61312699318	-1368
7.61316013336	-1368
7.61456108093	-1368
7.61458802223	-1368
7.61460709572	-1368
7.61564803123	-1368
7.61611413956	-1368
7.61614012718	-1368
7.61645698547	-1368
7.61651015282	-1368
7.61655116081	-1368
7.61743998528	-1368
7.61747717857	-1368
7.61748099327	-1368
7.61786317825	-1368
7.61788201332	-1368
7.61790919304	-1368
7.61879515648	-1368
7.61908602715	-1368
7.61911201477	-1368
7.61942410469	-1368
7.61945700645	-1368
7.61948609352	-1368
7.62002015114	-1368
7.62003803253	-1368
7.62006616592	-1368
7.62024211884	1368
7.62028002739	-1368
7.62065601349	-1368
7.62069010735	-1368
7.62070512772	-1368
7.62083911896	-1368
7.62086606026	-1368
7.62090611458	-1368
7.6942820549	-1368
7.69430708885	-1368
7.69439005852	-1368
7.69443297386	-1368
7.69448018074	-1368
7.69451713562	-1368
7.69506001472	-1368
7.69506716728	1036
7.69508719444	-1368
7.6958360672	-1368
7.6958630085	-1368
7.69593000412	-1368
7.69597315788	-1368
7.69598817825	-1368
7.69601607323	-1368
7.69606804848	-1368
7.69609498978	-1368
7.69709801674	-1368
7.69712495804	-1368
7.69715118408	-1368
7.69717717171	-1368
7.69720411301	-1368
7.69724011421	-1368
7.69776296616	-1368
7.69779706001	-1368
7.69783496857	-1368
7.69785308838	-1368
7.69886898994	-1368
7.69891214371	-1368
7.69895100594	-1368
7.69897007942	-1368
7.69900298119	-1368
7.69903612137	-1368
7.69905400276	-1368
7.69908618927	-1368
7.69921517372	-1368
7.69924902916	-1368
7.69931101799	-1368
7.69934511185	-1368
7.70038414001	-1368
7.70046019554	-1368
7.70056700706	-1368
7.7006251812	-1368
7.70065808296	-1368
7.70067811012	-1368
7.7008960247	1368
7.70135211945	-1368
7.70136618614	-1368
7.70236515999	-1368
7.70239114761	-1368
7.70240712166	-1368
7.70242905617	-1368
7.70267105103	-1368
7.70274996758	-1368
7.70282816887	-1368
7.70285606384	-1368
7.70289707184	-1368
7.70317411423	-1368
7.70431017876	-1368
7.70434212685	-1368
7.70436406136	-1368
7.70439696312	-1368
7.70441317558	-1368
7.70444512367	-1368
7.70737814903	-1368
7.70742416382	-1368
7.73272418976	-1368
7.73274898529	-1368
7.73277115822	-1368
7.73285102844	-1368
7.73288607597	-1368
7.73293399811	-1368
7.73329019547	1368
7.73619413376	-1368
7.73623418808	-1368
7.73627209663	-1368
7.73629212379	-1368
7.73866796494	-1368
7.73868203163	-198
7.82286906242	1036
8.06223201752	-543
8.06577205658	-1368
8.06590819359	-1368
8.06593108177	-1368
8.06690812111	-1368
8.06695604324	-1368
8.06699895859	-1368
8.06810212135	-1368
8.06817603111	-1368
8.06818509102	-1368
8.06969499588	-1368
8.0697221756	-1368
8.06974601746	-1368
8.07001209259	543
8.07085609436	-1368
8.07088518143	-1368
8.07089996338	-1368
8.07097911835	-1368
8.07101297379	-1368
8.07138109207	-1368
8.07140398026	-1368
8.07142400742	-1368
8.07169508934	-1368
8.07172703743	-1368
8.07175898552	-1368
8.0727391243	-1368
8.07280802727	-1368
8.07281804085	-1368
8.0735809803	-1368
8.07360100746	-1368
8.0736451149	-1368
8.0743830204	-1368
8.07468795776	-1368
8.07470798492	-1368
8.07493710518	-1368
8.07497501373	-1368
8.07499313354	-1368
8.07518100739	-1368
8.07520508766	-1368
8.07522296906	-1368
8.08632802963	-1368
8.08635115623	-1368
8.08636498451	-1368
8.08658719063	-1368
8.0989420414	-1368
8.09895801544	-1368
8.09898400307	-1368
8.09902215004	-1368
8.09905815125	-1368
8.09929919243	-1368
8.10003900528	-1368
8.10005712509	-1368
8.1000931263	-1368
8.10014605522	-1368
8.10017514229	-1368
8.10203909874	-1368
8.10216498375	1368
8.10294508934	-1368
8.10301303864	-1368
8.10414409637	-1368
8.10417604446	-1368
8.10419511795	-1368
8.10619616508	-1368
8.10622310638	-1368
8.10632014275	-1368
8.10783815384	-1368
8.10784816742	-1368
8.10785603523	-1368
8.10830712318	-1368
8.10833406448	-1368
8.1088950634	-1368
8.10927414894	-1368
8.10930109024	-1368
8.10972118378	-1368
8.11055898666	-1368
8.11058807373	-1368
8.11121797562	-1368
8.11171412468	-1368
8.11174201965	-1368
8.11177015305	-1368
8.11213111877	-1368
8.11215615273	-1368
8.1124150753	-1368
8.11272096634	-1368
8.11276102066	-1368
8.1127781868	-1368
8.11327600479	-1368
8.11330604553	-1368
8.1133351326	-1368
8.11472415924	-1368
8.11491918564	1368
8.11564898491	-1368
8.11570096016	-1368
8.11572909355	-1368
8.11598014832	-1368
8.11599898338	-1368
8.11629700661	-1368
8.1166331768	-1368
8.11664915085	-1368
8.19347405434	-367
8.19792413712	522
8.32560515404	543
8.45450210571	1057
8.53723406792	-543
8.54009509087	-1368
8.54012703896	-1368
8.54014205933	-1368
8.54070997238	-1368
8.54072117805	-1368
8.54075098038	-1368
8.54184007645	-1368
8.54188299179	-1368
8.5419151783	-1368
8.54285502434	-1368
8.54288315773	-1368
8.54291200638	-1368
8.54372906685	-1368
8.54376506805	-1368
8.54377412796	-1368
8.54395914078	-1368
8.54398298264	-1368
8.54447698593	-1368
8.54449701309	-1368
8.54455304146	-1368
8.54490399361	-1368
8.54492998123	-1368
8.54495716095	-1368
8.54510617256	-1368
8.54512405396	-1368
8.54515099525	-1368
8.55698013306	-1368
8.55709314346	-1368
8.55711102486	-1368
8.55712413788	-1368
8.55712819099	-1368
8.55713415146	-1368
8.55793118477	-1368
8.55799412727	-1368
8.55800199509	-1368
8.55821204185	1368
8.57233715057	-1368
8.57237815857	-1368
8.57240414619	-1368
8.57306098938	-1368
8.5737349987	-1368
8.57463097572	-1368
8.57469296455	-1368
8.57514214516	-1368
8.57517504692	-1368
8.57520198822	-1368
8.57617807388	-1368
8.57622599602	-1368
8.57626414299	-1368
8.57710719109	-1368
8.57713317871	-1368
8.57714796066	-1368
8.57783699036	-1368
8.57821106911	-1368
8.57823610306	-1368
8.5785369873	-1368
8.57856702805	-1368
8.57863402367	-1368
8.57894515991	-1368
8.57896399498	-1368
8.57937717438	-1368
8.57944512367	-1368
8.57946896553	-1368
8.57950997353	-1368
8.57953715324	-1368
8.57966804504	-1368
8.57979202271	-1368
8.58243703842	1347
8.66779208183	-1368
8.66787314415	-1368
8.66791915894	-1368
8.66792607307	-1368
8.66793608665	-1368
8.66794013977	-1368
8.66846203804	-1368
8.66850209236	-1368
8.6695690155	-1368
8.66960501671	-1368
8.66962909698	-1368
8.66963601112	-1368
8.66966605186	-1368
8.66969418526	-1368
8.67074799538	-1368
8.67079901695	-1368
8.67082595825	-1368
8.67083311081	-1368
8.67138600349	-1368
8.67145204544	-1368
8.67149710655	-1368
8.67151904106	-1368
8.67154312134	-1368
8.67156410217	-1368
8.67188215256	-1368
8.67190718651	1368
8.67195701599	-1368
8.67215108871	-1368
8.6721701622	-1368
8.67224001884	-1368
8.67226696014	-1368
8.67261695862	-1368
8.67266702652	-1368
8.67272305489	-1368
8.6727540493	-1368
8.67277216911	-1368
8.67280316353	-1368
8.6728310585	-1368
8.67286396027	-1368
8.68474507332	-1368
8.68477702141	-1368
8.68478703499	-1368
8.6848089695	-1368
8.68483304977	-1368
8.68486213684	-1368
8.68489718437	-1368
8.68491911888	-1368
8.68493819237	-1368
8.68497014046	-1368
8.68576097488	-1368
8.68578696251	-1368
8.68581318855	-1368
8.68584799767	-1368
8.6858651638	-1368
8.68589806557	-1368
8.70023298264	-1368
8.70026612282	-1368
8.70073509216	-1368
8.70077300072	-1368
8.70078897476	-1368
8.70081710815	-1368
8.70230412483	-1368
8.70232915878	-1368
8.70251917839	1368
8.70274996758	-1368
8.70278906822	-1368
8.70282816887	-1368
8.70286798477	-1368
8.70291399956	-1368
8.70295715332	-1368
8.70395112038	-1368
8.70397615433	-1368
8.70401310921	-1368
8.70403218269	-1368
8.70481300354	-1368
8.70483398438	-1368
8.70490717888	-1368
8.70493412018	-1368
8.70497107506	-1368
8.70498919487	-1368
8.70591115952	-1368
8.70593714714	-1368
8.70638799667	-1368
8.70641517639	-1368
8.70644116402	-1368
8.70646715164	-1368
8.70651102066	-1368
8.70652914047	-1368
8.70670413971	-1368
8.7067220211	-1368
8.70674800873	-1368
8.70677518845	-1368
8.70716619492	-1368
8.70719003677	-1368
8.70720815659	-1368
8.70724010468	-1368
8.70727705956	-1368
8.70730304718	-1368
8.70733714104	-1368
8.70736813545	-1368
8.70820307732	1368
8.71026396751	-1368
8.71028518677	240
8.71028804779	-1368
8.7472820282	-1368
8.79574418068	-1368
8.79588413239	-1368
8.7959420681	-1368
8.79595208168	-1368
8.79596710205	-1368
8.79597496986	-1368
8.79598212242	-1368
8.79598808289	-1368
8.79599714279	-1368
8.79632115364	-1368
8.79637098312	-1368
8.79738616943	-1368
8.79741597176	-1368
8.7974691391	-1368
8.79749417305	-1368
8.79753613472	-1368
8.79755306244	-1368
8.79761099815	-1368
8.79764699936	-1368
8.79768610001	-1368
8.79772496223	-1368
8.79848909378	-1368
8.79855799675	-1368
8.79863214493	-1368
8.79868006706	-1368
8.79868602753	-1368
8.79871201515	-1368
8.79932713509	-916
8.83905816078	1086
9.00933408737	543
9.21198105812	-543
9.21275305748	-1368
9.21277117729	-1368
9.21296215057	-1368
9.21298003197	-1368
9.21298718452	-1368
9.21329808235	-1368
9.21331810951	-1368
9.21332502365	-1368
9.21345996857	-1368
9.21347808838	-1368
9.21353697777	543
9.21368098259	-1368
9.21374106407	-1368
9.21386909485	-1368
9.2138800621	-1368
9.21390604973	-1368
9.21399998665	-1368
9.21403098106	-1368
9.21406316757	-1368
9.21409702301	-1368
9.21419811249	-1368
9.21424198151	-1368
9.21428799629	-1368
9.21443200111	-1368
9.2145690918	-1368
9.21461200714	-1368
9.21467018127	-1368
9.21468806267	-1368
9.21474218369	-1368
9.2155649662	-1368
9.21557998657	-1368
9.21565413475	-1368
9.21590995789	-1368
9.21596097946	-1368
9.2168610096	-1368
9.21688318253	-1368
9.21690297127	-1368
9.21800208092	-1368
9.21801805496	-1368
9.2180390358	-1368
9.23367905617	-1368
9.23371601105	-1368
9.23372197151	-1368
9.24552702904	-1368
9.24565601349	-1368
9.24574804306	-1368
9.24576711655	-1368
9.24579310417	-1368
9.24580407143	-1368
9.24606800079	-1368
9.24609804153	-1368
9.24614596367	-1368
9.24713015556	-1368
9.24723410606	-1368
9.24725103378	-1368
9.24770212173	-1368
9.24773097038	-1368
9.24776601791	-1368
9.24781513214	1368
9.24899506569	-1368
9.24904298782	-1368
9.2490530014	-1368
9.24987101555	-1368
9.34000611305	-1368
9.34006404877	-1368
9.34051012993	-1368
9.34054613113	-1368
9.3405880928	-1368
9.34063100815	-1368
9.34092402458	-1368
9.340955019	-1368
9.34104299545	-1368
9.34108400345	-1368
9.34112811089	-1368
9.34118509293	-1368
9.3412539959	-1368
9.34128713608	-1368
9.34139800072	-1368
9.34143304825	-1368
9.34150910378	-1368
9.34158301353	-1368
9.34167814255	-1368
9.34175801277	-1368
9.34179806709	-1368
9.34188318253	-1368
9.3419251442	-1368
9.3419470787	1347
9.34195899963	-1368
9.34202003479	-1368
9.34205913544	-1368
9.34207606316	-1368
9.34210395813	-1368
9.34213805199	-1368
9.34218001366	-1368
9.342233181	-1368
9.34225916862	-1368
9.34228610992	-1368
9.3423230648	-1368
9.34236216545	-1368
9.34238219261	-1368
9.34243297577	-1368
9.34246897697	-1368
9.34250712395	-1368
9.34253311157	-1368
9.34255099297	-1368
9.34258413315	-1368
9.34268307686	-1368
9.34270811081	-1368
9.3427400589	-1368
9.34278106689	-1368
9.34283709526	-1368
9.34286308289	-1368
9.3433380127	-1368
9.34336805344	-1368
9.34345507622	-1368
9.34347915649	-1368
9.3436601162	-1368
9.3436961174	-1368
9.344424963	1368
9.34474515915	-1368
9.34476900101	-1368
9.34481310844	-1368
9.34482312202	-1368
9.34484910965	-1368
9.34488105774	-1368
9.3458480835	-1368
9.34588098526	-1368
9.34591698647	-1368
9.3459341526	-1368
9.36137413979	-1368
9.36141419411	-1368
9.36152005196	-1368
9.36156105995	-1368
9.36158299446	-1368
9.36160302162	-1368
9.37350916862	-1368
9.37354302406	-1368
9.37356305122	-1368
9.37357902527	-1368
9.37361216545	-1368
9.3736281395	-1368
9.37366008759	-1368
9.37368607521	-1368
9.37400507927	-1368
9.37405204773	-1368
9.37408518791	-1368
9.3741350174	-1368
9.37421512604	1368
9.37494206429	-1368
9.37497401237	-1368
9.3750140667	-1368
9.37504005432	-1368
9.37507510185	-1368
9.37509298325	-1368
9.3754491806	-1368
9.37548804283	-1368
9.37572407722	-1368
9.37574410439	-1368
9.37682700157	-1368
9.37686300278	-1368
9.37688708305	-1368
9.37689113617	-1368
9.41456818581	-1368
9.41460204124	-1368
9.46780610085	-1368
9.4678440094	-1368
9.46787214279	-1368
9.46787595749	-1368
9.46830606461	1368
9.46844816208	-1368
9.46849513054	-1368
9.46854305267	-1368
9.46854996681	-1176
9.47212505341	240
9.59984898567	543
9.65672111511	-543
9.70113301277	543
9.82437610626	-543
9.82531499863	-1368
9.8253569603	-1368
9.82594013214	-1368
9.82597899437	-1368
9.82598519325	-1368
9.82614517212	-1368
9.82616996765	-1368
9.8262591362	-1368
9.82632112503	-1368
9.82651114464	-1368
9.82656812668	-1368
9.82658696175	-1368
9.82675099373	543
9.82748103142	-1368
9.82750201225	-1368
9.82751917839	-1368
9.82760715485	-1368
9.82765316963	-1368
9.82768106461	-1368
9.84854197502	-1368
9.86127400398	-1368
9.86143302917	-1368
9.86229014397	-1368
9.86236405373	-1368
9.86237812042	-1368
9.86264014244	-1368
9.86273503304	-1368
9.86276602745	-1368
9.86309313774	-1368
9.86313009262	-1368
9.86313915253	-1368
9.86318707466	-1368
9.86391997337	-1368
9.86394000053	-1368
9.86411213875	-1368
9.86416816711	-1368
9.86419606209	-1368
9.86450099945	-1368
9.86452817917	-1368
9.8645529747	-1368
9.86460900307	-1368
9.86490106583	-1368
9.86496114731	-1368
9.8649790287	-1368
9.86527895927	-1368
9.86531114578	-1368
9.86533403397	-1368
9.86609196663	-1368
9.86613297462	-1368
9.86616301537	-1368
9.86684012413	1368
9.87319803238	-1368
9.87328004837	-1368
9.87332510948	-1368
9.87333106995	-1368
9.87334299088	-1368
9.87415218353	-1368
9.95302700996	-1368
9.9530620575	-1368
9.95364308357	-1368
9.95366406441	-1368
9.95369911194	-1368
9.95372700691	-1368
9.95374011993	-1368
9.95377397537	-1368
9.95381999016	-1368
9.9538359642	-1368
9.95386505127	-1368
9.95389604568	-1368
9.9539141655	-1368
9.95395112038	-1368
9.95428514481	-1368
9.95431613922	-1368
9.95435214043	-1368
9.9544069767	-1368
9.95457410812	-1368
9.95458912849	804
9.95459413528	-1368
9.95526909828	-1368
9.95533514023	-1368
9.95535206795	-1368
9.95536899567	-1368
9.9553771019	-1368
9.95540118217	-1368
9.9554040432	-1368
9.95542407036	-1368
9.98944401741	-1368
9.98952817917	-1368
9.98955011368	-1368
9.98956918716	-1368
9.99006700516	-1368
9.99010801315	-1368
9.99022912979	-1368
9.99026417732	-1368
9.99027514458	-1368
9.99033904076	-1368
9.9906680584	-1368
9.99071002007	-1368
9.99088096619	-1368
9.99091911316	-1368
9.99094605446	-1368
9.9909760952	-1368
9.99101018906	-1368
9.99106311798	-1368
9.99168300629	-1368
9.99174714088	-1368
9.9917550087	-1368
9.99176502228	-1368
9.99214315414	1368
9.9921681881	-1368
9.99218201637	-1368
9.99221611023	-1368
9.99223899841	-1368
9.99236416817	-1368
9.99239206314	-1368
9.99246096611	-1368
9.99248218536	-1368
9.99250006676	-1368
9.99253702164	-1368
9.99255418777	-1368
9.99258708954	-1368
9.99272704124	-1368
9.99274516106	-1368
9.99306416512	-1368
9.99308609962	-1368
9.99313497543	-1368
9.99316596985	-1368
9.99321317673	-1368
9.993227005	-1368
9.99389219284	-1368
9.99393010139	-1368
9.99396204948	-1368
9.99396705627	-1368
9.99489712715	-1368
9.99495315552	-1368
10.0011820793	-1368
10.0012931824	-1368
10.0013380051	-1368
10.0013420582	-1368
10.0013489723	-1368
10.0013520718	-1368
10.0019249916	-1368
10.0019609928	-1368
10.0809080601	-1368
10.0809459686	-1368
10.0809631348	-1368
10.0809671879	-1368
10.0814461708	1368
10.0815479755	-1368
10.0815839767	-1368
10.0816121101	-1368
10.0816440582	-1368
10.0816631317	-1368
10.081703186	-1368
10.0817279816	-1368
10.0817480087	-1368
10.0817811489	-1368
10.0817990303	-1368
10.0818431377	-1368
10.0818660259	-1368
10.0818910599	-1368
10.0819120407	-1368
10.0819380283	-1368
10.0819711685	-1368
10.0820040703	-1368
10.082020998	-1368
10.08239007	-1368
10.0823991299	-1368
10.0824251175	-1368
10.0824511051	-1368
10.0824780464	-1368
10.0825099945	-1368
10.0826239586	-1368
10.0826330185	1065
10.0826730728	-1368
10.0836160183	-1368
10.0836570263	-1368
10.0836629868	-1250
10.2104580402	1086
10.4513189793	-543
10.4524931908	-1368
10.4525141716	-1368
10.4525740147	-1368
10.4530930519	-1368
10.4531040192	-1368
10.4531149864	-1368
10.4534850121	-1368
10.4535031319	-1368
10.45353508	-1368
10.45414114	-1368
10.4541599751	-1368
10.4541900158	-1368
10.4543640614	543
10.4730520248	-1368
10.4730830193	-1368
10.4731011391	-1368
10.4740390778	-1368
10.4740610123	-1368
10.4740781784	-1368
10.4820950031	-1368
10.4821660519	-1368
10.4822070599	-1368
10.4822800159	-1368
10.4827151299	-1368
10.4827661514	-1368
10.4832689762	-1368
10.4833199978	-1368
10.4833540916	-1368
10.4834401608	-1368
10.4834601879	-1368
10.4834840298	-1368
10.4836339951	-1368
10.4836649895	-1368
10.4836871624	-1368
10.4837119579	-1368
10.4837501049	-1368
10.4838411808	-1368
10.4842340946	-1368
10.4842550755	-1368
10.4848849773	-1368
10.4849159718	-1368
10.4849381447	-1368
10.485615015	-1368
10.4856460094	-1368
10.4856879711	-1368
10.4968011379	-1368
10.4968521595	-1368
10.4968850613	-1368
10.4968960285	-1368
10.4973471165	1368
10.5047039986	-1368
10.5047521591	-1368
10.5047819614	-1368
10.5058071613	-1368
10.5058510303	-1368
10.5801990032	-1368
10.5802340508	-1368
10.580258131	-1368
10.5803079605	-1368
10.5803830624	-1368
10.5804011822	-1368
10.5812921524	-1368
10.5813291073	-1368
10.5816531181	-1368
10.5816650391	-1368
10.5816850662	-1368
10.5817041397	-1368
10.5817701817	-1368
10.5818061829	-1368
10.5827121735	-1368
10.5827419758	-1368
10.5827670097	-1368
10.5827860832	-1368
10.5828561783	-1368
10.5828690529	1318
10.5828821659	-1368
10.6009981632	-1368
10.6010630131	-1368
10.6018230915	-1368
10.6018459797	-1368
10.6018741131	-1368
10.6019389629	-1368
10.6019749641	-1368
10.6019890308	-1368
10.610599041	-1368
10.6106381416	-1368
10.6106469631	-1368
10.6106700897	-1368
10.6106870174	-1368
10.6107211113	-1368
10.6108829975	-1368
10.6109111309	-1368
10.6109440327	-1368
10.6109609604	-1368
10.611274004	-1368
10.6113090515	-1368
10.6113271713	-1368
10.6113550663	-1368
10.6113901138	-1368
10.6114351749	-1368
10.6114711761	-1368
10.6114881039	-1368
10.611520052	-1368
10.6115550995	-1368
10.6115801334	-1368
10.6116051674	-1368
10.6116240025	-1368
10.611656189	-1368
10.6117100716	-1368
10.6117620468	-1368
10.6117901802	-1368
10.6118431091	-1368
10.6120090485	-1368
10.6120760441	-1368
10.6125891209	1368
10.6126291752	-1368
10.61267519	-1368
10.6127090454	-1368
10.6127700806	-1368
10.6135730743	-1368
10.6136250496	-1368
10.6136860847	-1368
10.6137111187	-1368
10.6137390137	-1368
10.6137650013	-1368
10.6247270107	-1368
10.6247491837	-1368
10.6248071194	-1368
10.6248471737	-1368
10.6248881817	-1368
10.6249060631	-1368
10.6325361729	-1368
10.6325790882	-1368
10.6325950623	-326
10.6515610218	1368
10.7406871319	493
10.9483780861	-543
10.9490180016	-1368
10.9490389824	-1368
10.9495670795	-1368
10.9503660202	-1368
10.9503831863	-1368
10.9503991604	-1368
10.9504721165	-1368
10.950507164	-1368
10.9514451027	-1368
10.9514780045	-1368
10.9514830112	-1368
10.9520571232	-1368
10.9520721436	-1368
10.9520850182	-1368
10.9523820877	543
10.9531760216	-1368
10.9532020092	-1368
10.9532179832	-1368
10.9536709785	-1368
10.9536950588	-1368
10.9537220001	-1368
10.9544610977	-1368
10.9545030594	-1368
10.9545311928	-1368
10.9548990726	-1368
10.9549190998	-1368
10.9748280048	-1368
10.9748761654	-1368
10.9748849869	-1368
10.9756391048	-1368
10.9756700993	-1368
10.975687027	-1368
10.9757471085	-1368
10.9758031368	-1368
10.9758300781	-1368
10.9766299725	-1368
10.9766800404	-1368
10.9767150879	-1368
10.9767460823	-1368
10.9871640205	-1368
10.9872090816	-1368
10.9878730774	-1368
10.9878971577	-1368
10.9879231453	-1368
10.9883031845	-1368
10.9883961678	-1368
10.9884221554	-1368
10.9884560108	-1368
10.9884841442	-1368
10.9892401695	-1368
10.9892561436	-1368
10.9892730713	-1368
10.9899451733	-1368
10.9899690151	-1368
10.9900901318	-1368
10.9902479649	1368
10.9905221462	-1368
10.9905481339	-1368
10.9905810356	-1368
10.9905979633	-1368
10.9912190437	-1368
10.9912359715	-1368
10.9920911789	-1368
10.9921040535	-1368
10.9921150208	-1368
10.9930660725	-1368
10.993085146	-1368
10.9930889606	-1368
10.9931411743	-1368
10.9943761826	-1368
10.9943990707	-1368
10.9944031239	-1368
10.9951360226	-1368
10.9951510429	-1368
10.9951610565	-1368
10.9994239807	-1368
10.9994599819	-1368
10.9994680882	-1368
10.9994821548	-1368
10.9997739792	-1368
10.9997911453	-1368
10.9998431206	-1368
11.0011341572	-1368
11.0011570454	-1368
11.0011730194	-1368
11.0019581318	-1368
11.0019819736	-1368
11.0021080971	-1368
11.0034780502	-1368
11.0035150051	-1368
11.0035471916	-1368
11.0037081242	-1368
11.003909111	1368
11.0767691135	-1368
11.0768330097	-1368
11.077504158	-1368
11.0775260925	-1368
11.077548027	-1368
11.0775721073	-1368
11.0786991119	-1368
11.0787270069	-56
11.0802571774	493
11.2082891464	543
11.4361140728	-543
11.4485189915	-1368
11.448592186	-1368
11.4509301186	-1368
11.4530341625	-1368
11.4530701637	-1368
11.4594261646	-1368
11.4595210552	-1368
11.4695050716	-1368
11.4695441723	-1368
11.4695711136	-1368
11.4745211601	-1368
11.474599123	-1368
11.4750959873	543
11.4770050049	-1368
11.4791491032	-1368
11.4791820049	-1368
11.479195118	-1368
11.4849760532	-1368
11.4864549637	-1368
11.4865009785	-1368
11.4875011444	-1368
11.4875349998	-1368
11.4875531197	-1368
11.489289999	-1368
11.4893100262	-1368
11.4893431664	-1368
11.4905459881	-1368
11.4906411171	-1368
11.490666151	-1368
11.4912991524	-1368
11.4916610718	-1368
11.4916861057	-1368
11.4920539856	-1368
11.492151022	-1368
11.4921810627	-1368
11.4927401543	-1368
11.4936749935	-1368
11.4937031269	-1368
11.493719101	-1368
11.4941301346	-1368
11.4941430092	-1368
11.494451046	-1368
11.4949240685	-1368
11.4949500561	-1368
11.4955670834	-1368
11.4955899715	-1368
11.4956421852	-1368
11.4962050915	-1368
11.4962329865	-1368
11.4975819588	-1368
11.4976291656	-1368
11.497644186	-1368
11.4978001118	1368
11.4981880188	-1368
11.5763440132	-1368
11.5763831139	-1368
11.5786771774	-1368
11.5787100792	-1368
11.5787320137	-1368
11.5787410736	-1368
11.5809731483	-1368
11.5810010433	-1368
11.5875911713	-1368
11.5876190662	-1368
11.5876371861	-1368
11.5876469612	-1368
11.5973181725	-1368
11.5973479748	-1368
11.6035780907	-1368
11.603605032	-1368
11.6036231518	-1368
11.6036260128	-1368
11.6040670872	-1368
11.6040821075	1347
11.6040899754	-1368
11.606949091	-1368
11.6069831848	-1368
11.6069891453	-1368
11.6069970131	-1368
11.6070101261	-1368
11.6070520878	-1368
11.6142201424	-1368
11.614303112	-1368
11.6153521538	-1368
11.6154329777	-1368
11.615445137	-1368
11.6154580116	-1368
11.6154639721	-1368
11.6154739857	-1368
11.6171631813	-1368
11.6172280312	-1368
11.6172571182	-1368
11.6172850132	-1368
11.6182360649	-1368
11.6182971001	-1368
11.6183810234	-1368
11.6184120178	-1368
11.618432045	-1368
11.6184620857	-1368
11.6194989681	-1368
11.6195590496	-1368
11.6198620796	-1368
11.6199171543	-1368
11.6199271679	-1368
11.6199550629	-1368
11.6199860573	-1368
11.6200120449	-1368
11.6214389801	-1368
11.6214950085	-1368
11.621505022	-1368
11.6215221882	-1368
11.6215879917	-1368
11.6216650009	-1368
11.6218681335	-1368
11.6218919754	-1368
11.6219441891	-1368
11.6219701767	-1368
11.6222319603	1368
11.6226141453	-1368
11.6226320267	-1368
11.6231939793	-1368
11.6232149601	-1368
11.6232380867	-1368
11.6233050823	-1368
11.623347044	-1368
11.6233751774	-1368
11.6239421368	-1368
11.6240081787	-1368
11.624037981	-1368
11.6240861416	-1368
11.6257770061	-1368
11.6258311272	-1368
11.6261720657	-1368
11.6261951923	-1368
11.6624360085	-1368
11.6624720097	-1368
11.6650640965	-1368
11.704200983	-1368
11.7042541504	-1368
11.7042651176	-1368
11.7065420151	-1368
11.7065761089	-1368
11.7065970898	-1368
11.706619978	-1368
11.706633091	-1368
11.7066380978	-1368
11.7088570595	-1368
11.7088899612	-1368
11.7093641758	1368
11.7162330151	-1368
11.7162630558	-1368
11.7162871361	-1368
11.7162899971	-1368
11.7162981033	-1368
11.7163009644	-1368
11.7251620293	-1368
11.7251901627	-1368
11.7252161503	-1368
11.7252211571	-1368
11.7315289974	-1368
11.7315599918	-1368
11.7315840721	-1368
11.7315881252	-1368
11.7315950394	-1368
11.731621027	-1368
11.7320640087	-1368
11.7320830822	493
11.732131958	-1368
11.7347521782	-1368
11.7347860336	-1368
11.7347950935	-1368
11.7348241806	-1368
11.7348620892	-1368
11.7349121571	-1368
11.734951973	-1368
11.7349669933	-1368
11.7424330711	-1368
11.742470026	-1368
11.7424771786	-1368
11.7424840927	-1368
11.74370718	-1368
11.7437281609	-1368
11.7437360287	-1368
11.7437691689	-1368
11.7437860966	-1368
11.7438490391	-1368
11.7438840866	-1368
11.7439010143	-1368
11.7442641258	1368
11.7453250885	-1368
11.7453479767	-1368
11.7453680038	-1368
11.745401144	-1368
11.7454659939	-1368
11.7455310822	-1368
11.7464511395	-1368
11.7464921474	-1368
11.7465171814	-1368
11.74654603	-1368
11.7466011047	-1368
11.7466061115	-1368
11.7466390133	-1368
11.7466590405	-1368
11.7466909885	-1368
11.7467110157	-1368
11.7475361824	-1368
11.7475659847	-1368
11.7475800514	-20
11.7877349854	-1368
11.7877640724	-1368
11.7877910137	-1368
11.7886531353	-1368
11.7886719704	-1368
11.7892010212	-1368
11.7896361351	-1368
11.7896530628	-1368
11.7899250984	-1368
11.7909240723	-1368
11.7909450531	-1368
11.7910621166	-1368
11.8068940639	-1368
11.8069219589	-1368
11.8069441319	-1368
11.8177170753	-1368
11.817813158	-1368
11.8178310394	-1368
11.8178789616	-1368
11.8194260597	-1368
11.8195281029	-1368
11.8195421696	-1368
11.8195550442	-1368
11.8195631504	-1368
11.8198189735	1368
11.8201191425	-1368
11.8201501369	-1368
11.8201761246	-1368
11.82173419	-1368
11.8217749596	-1368
11.8217830658	-1368
11.8229520321	-1368
11.8229811192	-1368
11.8230061531	-1368
11.8240740299	-1368
11.8423531055	-1368
11.8423910141	-1368
11.842769146	-1368
11.8427820206	-1368
11.8434929848	-1368
11.8435051441	-1368
11.8435189724	-1368
11.8438391685	-1368
11.8438711166	-1368
11.8440179825	1368
11.8443701267	-1368
11.8449721336	-1368
11.8449909687	-1368
11.845649004	-1368
11.845662117	-1368
11.8456990719	-1368
11.8465180397	-1368
11.8465411663	-1368
11.8469541073	-1368
11.8572890759	-1368
11.8573260307	-1368
11.8573920727	-1368
11.8629419804	-1368
11.8630511761	240
11.8630890846	-1368
11.8636431694	-1368
11.8640921116	-1368
11.8641290665	-1368
11.8641550541	-1368
11.864511013	-1368
11.8645710945	-1368
11.8645870686	-1368
11.8662540913	-1368
11.8662769794	-1368
11.8663270473	-1368
11.8667881489	-1368
11.8668169975	-1368
11.8668551445	-1368
11.8868670464	-1368
11.8868980408	-1368
11.8869121075	-1368
11.8897900581	-1368
11.8898301125	-1368
11.8898570538	-1368
11.896294117	-1368
11.8963081837	-1368
11.896335125	-1368
11.8963611126	-1368
11.896392107	-1368
11.8964221478	-1368
11.896739006	1368
11.8967540264	-1368
11.8972620964	-1368
11.8973259926	-1368
11.897755146	-1368
11.8977901936	-1368
11.897808075	-1368
11.9149689674	-1002
11.9187400341	-1368
11.9187850952	-1368
11.9187960625	-1368
11.9191410542	-1368
11.9191579819	-1368
11.9192140102	-1368
11.9242069721	-1368
11.9242491722	-1368
11.9242560863	-1368
11.9361851215	-1368
11.9362339973	-1368
11.9362750053	-1368
11.9503250122	-1368
11.9908130169	804
12.046475172	-1010
12.1742579937	543
12.3795640469	-543
12.3809010983	-1368
12.3809230328	-1368
12.3820669651	-1368
12.3820950985	-1368
12.3821380138	-1368
12.3850970268	-1368
12.3851540089	-1368
12.3851830959	-1368
12.3887760639	-1368
12.3888840675	-1368
12.3889591694	-1368
12.3912761211	-1368
12.3916320801	543
12.3928730488	-1368
12.3929080963	-1368
12.3967211246	-1368
12.3968341351	-1368
12.3969101906	-1368
12.3988571167	-1368
12.398925066	-1368
12.4008569717	-1368
12.4040060043	-1368
12.4040601254	-1368
12.4055020809	-1368
12.4056251049	-1368
12.4056470394	-1368
12.4060931206	-1368
12.4075331688	-1368
12.4088001251	-1368
12.4102060795	-1368
12.4102191925	-1368
12.41142416	-1368
12.4114730358	-1368
12.4114890099	-1368
12.4144580364	-1368
12.4144880772	-1368
12.4144940376	-1368
12.4163861275	-1368
12.4164049625	-1368
12.4164221287	-1368
12.4173371792	-1368
12.4190781116	-1368
12.4191050529	-1368
12.4191231728	-1368
12.4201259613	-1368
12.4201509953	-1368
12.4211680889	-1368
12.4220941067	-1368
12.4221069813	-1368
12.4226191044	-1368
12.4235329628	-1368
12.4235541821	-1368
12.4245071411	-1368
12.4247100353	1368
12.4262051582	-1368
12.426222086	-1368
12.4262671471	-1368
12.4272229671	-1368
12.4272711277	-1368
12.4284641743	-1368
12.4295380116	-1368
12.4295501709	-1368
12.4304549694	-1368
12.4304740429	-1368
12.4305121899	-1368
12.4313709736	-1368
12.4317011833	-1368
12.4317259789	-1368
12.4317781925	-1368
12.4322321415	-1368
12.4322531223	-1368
12.4330849648	-1368
12.4337251186	-1368
12.4337441921	-1368
12.4338130951	-1368
12.4341411591	-1368
12.4341650009	-1368
12.4341840744	-1368
12.4342830181	-1368
12.4343001842	-1368
12.4343271255	-1368
12.4348831177	-1368
12.4349069595	-1368
12.4349241257	-1368
12.4354510307	-1368
12.435500145	-1368
12.4355261326	-1368
12.4359240532	-1368
12.4363200665	-1368
12.4363479614	-1368
12.4364900589	-1368
12.4365141392	-1368
12.4365320206	-1368
12.4366831779	1368
12.4367640018	-1368
12.4367890358	-1368
12.4368059635	-1368
12.4371340275	-1368
12.4371681213	-1368
12.4372429848	-1368
12.4377670288	-1368
12.4381110668	-1368
12.4381330013	-1368
12.4383749962	-1368
12.4384419918	-1368
12.4384591579	-1368
12.4387171268	-1368
12.4388389587	-1368
12.4389710426	-1368
12.4391829967	-1368
12.4392089844	-1368
12.4392361641	-1368
12.4393830299	-1368
12.4395861626	-1368
12.4395930767	1368
12.4396109581	-1368
12.4396829605	-1368
12.4398200512	-1368
12.4398500919	-1368
12.4458551407	-1368
12.4458971024	-1368
12.4459030628	-1368
12.4464240074	-1368
12.4465110302	-1368
12.4467930794	-1368
12.4468209743	-1368
12.4472210407	-1368
12.447247982	-1368
12.4472770691	-1368
12.4486601353	-1368
12.4487831593	-1368
12.4487981796	-1368
12.4503831863	-1368
12.450453043	-1368
12.4504950047	-1368
12.4519121647	-1368
12.4522941113	-1368
12.4523181915	-1368
12.4525980949	-1368
12.4526181221	-1368
12.4526641369	-1368
12.4532079697	-1368
12.4532320499	-1368
12.4542500973	-1368
12.5075001717	-1368
12.5075349808	-1368
12.5086371899	-1368
12.5086491108	-1368
12.5097601414	-1368
12.5097951889	-1368
12.5098290443	-1368
12.5098559856	-1368
12.5103490353	1368
12.5127260685	-867
12.5524411201	1015
12.7954230309	-543
12.7961931229	-1368
12.7964081764	-1368
12.7964270115	-1368
12.796462059	-1368
12.7964961529	-1368
12.7965300083	-1368
12.7969090939	-1368
12.7969260216	-1368
12.7969791889	-1368
12.7976770401	-1368
12.7977511883	-1368
12.7977871895	-1368
12.7980079651	-1368
12.7980351448	-1368
12.7980601788	-1368
12.7981760502	-1368
12.7982850075	543
12.7992241383	-1368
12.7993030548	-1368
12.7997231483	-1368
12.7997550964	-1368
12.7997741699	-1368
12.8009800911	-1368
12.8010079861	-1368
12.8010351658	-1368
12.8018770218	-1368
12.8019001484	-1368
12.8019680977	-1368
12.8037199974	-1368
12.804885149	-1368
12.8058810234	-1368
12.8059091568	-1368
12.8062860966	-1368
12.8063380718	-1368
12.8072321415	-1368
12.8072609901	-1368
12.8072741032	-1368
12.8077130318	-1368
12.8082699776	-1368
12.820330143	-1368
12.8203530312	-1368
12.827696085	-1368
12.827725172	-1368
12.8280441761	-1368
12.8298511505	-1368
12.8310611248	-1368
12.8310770988	-1368
12.8324620724	-1368
12.8324770927	-1368
12.8324980736	-1368
12.8350400925	-1368
12.8350660801	-1368
12.8350720406	-1368
12.8374609947	-1368
12.837485075	-1368
12.8375031948	-1368
12.8394789696	-1368
12.8397321701	1368
12.8400251865	-1368
12.8400380611	-1368
12.8408100605	-1368
12.8408210278	-1368
12.840831995	-1368
12.8422930241	-1368
12.8423149586	-1368
12.8423199654	-1368
12.843307972	-1368
12.8449831009	-1368
12.8450040817	-1368
12.8450090885	-1368
12.8455541134	-1368
12.8455791473	-1368
12.8464531898	-1368
12.8474471569	-1368
12.847465992	-1368
12.8480579853	-1368
12.8485660553	-1368
12.8485820293	-1368
12.8486230373	-1368
12.8497669697	-1368
12.8497991562	-1368
12.8498251438	-1368
12.850425005	-1368
12.8504421711	-1368
12.8521850109	-1368
12.8522040844	-1368
12.8522219658	-1368
12.8528959751	-1368
12.8529350758	-1368
12.8529551029	-1368
12.8551421165	-1368
12.8551671505	-1368
12.8551940918	-1368
12.8564960957	-1368
12.8565790653	-1368
12.8566529751	-1368
12.8567171097	1368
12.8583810329	-1368
12.8583950996	-1368
12.859899044	-1368
12.8599221706	-1368
12.8599491119	-1368
12.8607530594	-1368
12.8607721329	-1368
12.8612940311	-1368
12.8617281914	-1368
12.8626639843	-1368
12.8626849651	-1368
12.8626921177	-1368
12.8631160259	-1368
12.8640179634	-1368
12.8650081158	-1368
12.8650381565	-1368
12.8659551144	-1368
12.8659830093	-1368
12.8660171032	-1368
12.8661711216	1368
12.8679120541	-1368
12.8679320812	-1368
12.8679511547	-1368
12.8702840805	-1368
12.8703131676	-1368
12.8703200817	-1368
12.8714141846	-1368
12.8714280128	-1368
12.8723530769	-1368
12.8739480972	-1368
12.8739709854	-1368
12.8749940395	-1368
12.8750550747	-1368
12.8762061596	-1368
12.8762340546	-1368
12.8762571812	-1368
12.8790230751	-1368
12.8790471554	-1368
12.8790650368	-1368
12.8817629814	-1368
12.8833091259	-1368
12.8833651543	-1368
12.8844051361	-1368
12.884442091	-1368
12.8865411282	-1368
12.8865840435	-1368
12.886631012	-1368
12.8871440887	-1368
12.8871760368	-1368
12.8881039619	-1368
12.8881690502	-1368
12.8890240192	-1368
12.8891050816	-1368
12.8891170025	-1368
12.8902010918	-1368
12.8909101486	-1368
12.8909580708	-1368
12.8911950588	1368
12.8914520741	-1368
12.8915350437	-1368
12.8929109573	-1368
12.8929431438	-1368
12.8930311203	-1368
12.8952891827	-1368
12.8953521252	-1368
12.8953990936	-1368
12.8964490891	-1368
12.898168087	-1368
12.9234731197	-1368
12.9234969616	-1368
12.9241900444	-1368
12.92425704	-1368
12.9242811203	-1368
12.9243001938	-1368
12.924336195	-1368
12.9243531227	-1368
12.924405098	-1368
12.9244220257	-1368
12.9247500896	-1368
12.9247851372	-1368
12.9248480797	-1368
12.9248659611	-1368
12.9249331951	1368
12.9254581928	-1368
12.9254841805	-1368
12.9255590439	-1368
12.9255840778	-1368
12.9256181717	-1368
12.9256350994	-1368
12.9257290363	-1368
12.9257860184	-1368
12.9258041382	-1368
12.9258410931	-1368
12.9258580208	-1368
12.9258899689	-1368
12.9262490273	190
12.9268460274	-523
12.9866881371	-1368
12.9867391586	-1368
12.9867610931	-1368
12.988188982	-1368
12.9882371426	-1368
12.9882640839	-1368
12.9893519878	-1368
12.9893841743	-1368
12.9894630909	-1368
12.9911410809	-1368
12.9912221432	-1368
12.9912350178	-1368
13.0091831684	-1368
13.0092179775	-1368
13.009237051	-1368
13.0092411041	-1368
13.0218360424	-1368
13.0218641758	-1368
13.0219709873	-1368
13.0528190136	-1368
13.0528509617	-1368
13.0528609753	-1368
13.0533571243	-1368
13.0534071922	-1368
13.0536220074	1368
13.0541410446	-1368
13.0541961193	261
13.0549471378	-1368
13.0549840927	-1368
13.055765152	-1368
13.0562901497	-1368
13.0563471317	-1368
13.0569701195	-1368
13.0569901466	-1368
13.0570070744	-1368
13.0583231449	-1368
13.0583500862	-1368
13.0584430695	-1368
13.0710160732	-1368
13.0711460114	-1368
13.0714731216	-1368
13.0715310574	-1368
13.0734601021	-1368
13.0734829903	-1368
13.0735039711	-1368
13.0738360882	-1368
13.0738871098	-1368
13.074119091	-1368
13.074545145	-1368
13.0745630264	-1368
13.0748310089	-1368
13.0750501156	-1368
13.0750761032	-1368
13.0753591061	-1368
13.0763731003	-1368
13.0764241219	-1368
13.0764980316	-1368
13.0827209949	-1368
13.0827460289	-1368
13.0845830441	-1368
13.0846171379	-1368
13.0846610069	-1368
13.0856971741	-1368
13.0857210159	-1368
13.0859160423	1368
13.0866801739	-1368
13.0872490406	-1368
13.0876910686	-1368
13.0877189636	-1368
13.0877699852	-1368
13.0879461765	-1368
13.0879631042	-1368
13.0880131721	-1368
13.0891849995	-1368
13.0892181396	-1368
13.0892369747	-1368
13.0904150009	-1368
13.0904400349	-1368
13.0904901028	-1368
13.0924551487	-1368
13.0924861431	-1368
13.0925040245	-1368
13.0929291248	-1368
13.0930130482	-1368
13.0930550098	-1368
13.0937271118	-1368
13.0937550068	-1368
13.0937831402	-1368
13.0944900513	-965
13.0947010517	-1368
13.0947370529	-1368
13.0948691368	-1368
13.0951941013	-1368
13.0952231884	-1368
13.0952570438	-1368
13.095304966	-1368
13.0954151154	-1368
13.0955519676	-1368
13.0957450867	-1368
13.0957791805	-1368
13.0958399773	-1368
13.0958590508	-1368
13.0958900452	-1368
13.0959169865	-1368
13.0959839821	1368
13.0960180759	-1368
13.0961101055	-1368
13.0961489677	-1368
13.0961849689	-1368
13.0962669849	-1368
13.096323967	-1368
13.0963740349	-1368
13.0964009762	-1368
13.0965361595	-1368
13.096642971	-1368
13.0966610909	-1368
13.0967140198	-1368
13.096804142	-1368
13.0968539715	-1368
13.0968790054	-1368
13.0968980789	-1368
13.0969250202	-1368
13.0969569683	-1368
13.0971231461	-1368
13.0972180367	-1368
13.0972821712	-1368
13.0973529816	-1368
13.0973889828	-1368
13.0974431038	-1368
13.0974621773	-1368
13.0974981785	-1368
13.0975170135	-1368
13.1074020863	-1368
13.1074361801	-1368
13.1074430943	-1368
13.1208240986	-1368
13.1208519936	-1368
13.1210181713	-1368
13.1212179661	-1368
13.1212441921	-1368
13.1213471889	1368
13.1213970184	-1368
13.1214220524	-1368
13.1215181351	-1368
13.1215569973	-1368
13.1215741634	-1368
13.1216289997	-1368
13.1216650009	-1368
13.1219670773	-1368
13.1220180988	-1368
13.1220459938	-1368
13.1372191906	-1368
13.1372451782	-1368
13.1372849941	-1368
13.1397440434	-1368
13.145359993	-1368
13.1454200745	-1368
13.1457691193	-1368
13.1461510658	-1368
13.1462011337	-1368
13.1467061043	-1368
13.1467540264	-1368
13.1467649937	-1368
13.1476531029	-1368
13.1476831436	-1368
13.1477100849	-1368
13.1487951279	-1368
13.1490051746	-1368
13.1490311623	-1368
13.149105072	-1368
13.1635069847	-1368
13.1635801792	-1368
13.1640281677	-1368
13.164301157	-1368
13.1643900871	-1368
13.164960146	-1368
13.181992054	1326
13.2222130299	-994
13.2420871258	-1368
13.2421419621	-1368
13.2421469688	-1368
13.2425169945	-1368
13.2425301075	-1368
13.2426991463	-1368
13.2427260876	-1368
13.242784977	-1368
13.2432639599	-1368
13.2432851791	-1368
13.2433240414	-1368
13.2437491417	-1368
13.2437620163	-1368
13.2437779903	-1368
13.2438600063	-1368
13.2693781853	-1368
13.2694280148	-1368
13.2815320492	-1368
13.281594038	-1368
13.2840411663	-1368
13.2840781212	-1368
13.2841200829	-1368
13.2843689919	1368
13.2867400646	-1368
13.2868270874	-1368
13.2880699635	-1368
13.2894730568	-1368
13.2895181179	-1368
13.2908871174	-1368
13.2909281254	-1368
13.2909371853	-1368
13.2920951843	-1368
13.2921659946	-1368
13.2939171791	-1368
13.2947261333	-1368
13.2947750092	-1368
13.2960431576	-1368
13.2973279953	-1368
13.2973430157	-1368
13.2993280888	-1368
13.300383091	-1368
13.3004190922	-1368
13.3004341125	-1368
13.3156421185	-1368
13.3156681061	1347
13.3156809807	-1368
13.3168230057	-1368
13.3698840141	-961
13.4433810711	543
13.6584601402	-543
13.6659920216	-1368
13.6660289764	-1368
13.6660549641	-1368
13.6686060429	-1368
13.6686501503	-1368
13.6686711311	-1368
13.6745591164	-1368
13.6745941639	-1368
13.6746141911	-1368
13.6787400246	-1368
13.6787850857	-1368
13.6787919998	-1368
13.6865611076	-1368
13.6866071224	-1368
13.6866271496	-1368
13.6869430542	543
13.6891770363	-1368
13.6892340183	-1368
13.6892681122	-1368
13.6943151951	-1368
13.6966021061	-1368
13.6982321739	-1368
13.6983470917	-1368
13.7006931305	-1368
13.7007520199	-1368
13.7007710934	-1368
13.7049071789	-1368
13.7049820423	-1368
13.7050349712	-1368
13.7096931934	-1368
13.70977211	-1368
13.7097830772	-1368
13.7148401737	-1368
13.7194421291	-1368
13.7194721699	-1368
13.7194781303	-1368
13.7213380337	-1368
13.7213830948	-1368
13.7233600616	-1368
13.7251820564	-1368
13.7252261639	-1368
13.7266659737	-1368
13.7280790806	-1368
13.7281689644	-1368
13.7298550606	-1368
13.7328271866	-1368
13.7328891754	-1368
13.7329101562	-1368
13.7341890335	-1368
13.7342131138	-1368
13.7351081371	-1368
13.7353479862	1368
13.736782074	-1368
13.7368080616	-1368
13.7381680012	-1368
13.7398569584	-1368
13.7398920059	-1368
13.7399101257	-1368
13.7454810143	-1368
13.7455401421	-1368
13.7455811501	-1368
13.7469651699	-1368
13.7470359802	-1368
13.7470481396	-1368
13.7495529652	-1368
13.7495939732	-1368
13.7496249676	-1368
13.7518069744	-1368
13.7519180775	-1368
13.7519330978	-1368
13.7527401447	-1368
13.7527930737	-1368
13.7535569668	-1368
13.7541100979	-1368
13.7541601658	-1368
13.7547090054	-1368
13.7555141449	-1368
13.7555570602	-1368
13.7558879852	-1368
13.7568101883	-1368
13.7568850517	-1368
13.756911993	-1368
13.7570531368	-1368
13.7570881844	-1368
13.7571220398	-1368
13.7579820156	-1368
13.7580251694	-1368
13.7580301762	-1368
13.759704113	-1368
13.7597420216	-1368
13.7613961697	-1368
13.7614750862	-1368
13.7615361214	-1368
13.7617139816	-1368
13.7617490292	-1368
13.7620811462	1368
13.7622771263	-1368
13.7627179623	-1368
13.7627441883	-1368
13.7635500431	-1368
13.7642550468	-1368
13.7643210888	-1368
13.7648570538	-1368
13.7660381794	-1368
13.7660660744	-1368
13.7660741806	-1368
13.7666831017	-1368
13.7667331696	-1368
13.766972065	-1368
13.7673461437	-1368
13.7673690319	-1368
13.7676000595	-1368
13.7678229809	1368
13.7679231167	-1368
13.7679591179	-1368
13.7684350014	-1368
13.7684500217	-1368
13.7684710026	-1368
13.7686691284	-1368
13.7687351704	-1368
13.7691521645	-1368
13.769600153	-1368
13.7696290016	-1368
13.7696490288	-1368
13.7702951431	-1368
13.7703361511	-1368
13.7703750134	-1368
13.7718930244	-1368
13.7720031738	-1368
13.7720170021	-1368
13.7726609707	-1368
13.7726910114	-1368
13.7726960182	-1368
13.7744910717	-1368
13.7745051384	-1368
13.7745170593	-1368
13.7758500576	-1368
13.777187109	-1368
13.7772459984	-1368
13.7772841454	-1368
13.7779490948	-1368
13.7779669762	-1368
13.7780151367	-1368
13.7789170742	-1368
13.7789311409	-1368
13.7789411545	-1368
13.7800881863	-1368
13.780107975	-1368
13.7801120281	-1368
13.7818481922	-1368
13.7818601131	-1368
13.7818841934	-1368
13.7821290493	1368
13.7827370167	-1368
13.7827501297	-1368
13.7828061581	-1368
13.7837400436	-1368
13.7837719917	-1368
13.7838051319	-1368
13.786272049	-970
13.7874131203	-1368
13.7874369621	-1368
13.7901489735	-1368
13.800453186	-1368
13.802740097	-1368
13.8028771877	-1368
13.8038311005	-1368
13.8038880825	-1368
13.8039150238	-1368
13.8077170849	-1368
13.8077909946	-1368
13.8078131676	-1368
13.811122179	-1368
13.8112380505	-1368
13.8112580776	-1368
13.8122940063	-1368
13.8138439655	-1368
13.813929081	-1368
13.815541029	-1368
13.8155810833	1015
13.8155961037	-1368
13.815611124	-1368
13.81935215	-1368
13.819411993	-1368
13.8216609955	-1368
13.8243060112	-1368
13.8243579865	-1368
13.8268470764	-1368
13.8760399818	-1368
13.8780841827	-1368
13.8781161308	-1368
13.8785259724	-1368
13.8785471916	-1368
13.8785510063	-1368
13.879114151	-1368
13.8791370392	-1368
13.8796629906	-1368
13.8796751499	-1368
13.8796861172	-1368
13.8799409866	-1368
13.879956007	-1368
13.8800489902	-1368
13.9035351276	-1368
13.9036421776	-1368
13.9036860466	-1368
13.9135000706	-1368
13.913547039	-1368
13.9151711464	-1164
13.9153540134	1368
13.9374470711	-1368
13.9377520084	-1368
13.9377801418	-1368
13.9381229877	-1368
13.9381501675	-1368
13.9381999969	-1368
13.9384350777	-1368
13.9385061264	-1368
13.9385709763	-1368
13.9387640953	-1368
13.9387931824	-1368
13.93881917	-1368
13.938847065	-1368
13.9613311291	-1368
13.9613661766	261
13.9613771439	-1368
13.9613831043	-1368
13.9617700577	-1368
13.9617810249	-1368
13.962293148	-1368
13.9638409615	-1368
13.9638650417	-1368
13.9638710022	-1368
13.9646790028	-1368
13.9647409916	-1368
13.9656510353	-1368
13.9669141769	-1368
13.9669420719	-1368
13.9669470787	-1368
13.9671490192	-1368
13.9671599865	-1368
13.9677159786	-1368
13.9681401253	-1368
13.9681611061	-1368
13.9686260223	-1368
13.96916008	-1368
13.9691751003	-1368
13.9695529938	-1368
13.9708189964	-1368
13.9708390236	-1368
13.9708561897	-1368
13.9716670513	-1368
13.9717199802	-1368
13.9717531204	-1368
13.9718501568	1368
13.9739210606	-1368
13.9739429951	-1368
13.9739751816	-1368
13.9756581783	-1368
13.9756820202	-1368
13.9756929874	-1368
13.9779210091	-1368
13.9779551029	-1368
13.9779720306	-1368
13.9785959721	-1368
13.9786140919	-1368
13.9786629677	-1368
13.9814560413	-1368
13.9814720154	-1368
13.9837441444	-1368
13.9837670326	-1368
13.9838039875	-1368
13.9848561287	-1368
13.9848780632	-1368
13.9855661392	-1368
13.9855899811	-1368
13.9860191345	-1368
13.9860861301	-1368
13.9861021042	-1368
13.9871041775	-1368
13.9871211052	-1368
13.9871461391	-1368
13.9879629612	-1368
13.988006115	-1368
13.9880440235	-1368
13.9883871078	-1368
13.9885690212	-1368
13.9885971546	-1368
13.9891531467	-1368
13.9891860485	-1368
13.9892041683	-1368
13.9896421432	1368
13.9897391796	-1368
13.9897689819	-1368
13.9900271893	-1368
13.9902570248	-1368
13.9903140068	-1368
13.9905951023	-1368
13.991300106	-1368
13.9919571877	-1368
13.9919781685	-1368
13.9919819832	-1368
13.992454052	-1368
13.9924771786	-1368
13.9930050373	-1368
13.9933891296	-1368
13.9934051037	-1368
13.9939830303	-1368
13.9948780537	-1368
13.9949421883	-1368
13.9958760738	-1368
13.9963300228	1368
13.9987261295	-1368
13.9988319874	-1368
13.9988970757	-1368
13.9994900227	-1368
13.9995410442	-1368
13.9995470047	-1368
14.0008590221	-1368
14.0008840561	-1368
14.0009419918	-1368
14.0026409626	-1368
14.0026831627	-1368
14.0026931763	-1368
14.0048041344	-1368
14.0049049854	-1368
14.0049741268	-1368
14.0054559708	-1368
14.0065710545	-1368
14.0065960884	-1368
14.0066101551	-1368
14.0069191456	-1368
14.0069441795	-1368
14.0069720745	-1368
14.0079841614	-1368
14.0080111027	-1368
14.008035183	-1368
14.0086331367	-1368
14.0086829662	-1368
14.0090501308	-1368
14.009095192	-1368
14.0091049671	-1368
14.0102131367	-1368
14.0102860928	-1368
14.0103039742	-1368
14.0334401131	-1368
14.0334820747	-1368
14.042771101	-450
14.0890631676	1326
14.1705081463	-1086
14.2174639702	543
14.4245710373	-543
14.425632	-1368
14.4256541729	-1368
14.4256789684	-1368
14.4257130623	-1368
14.4257311821	-1368
14.425812006	-1368
14.4258620739	-1368
14.4258961678	-1368
14.4259531498	543
14.4259719849	-1368
14.4262020588	-1368
14.4262211323	-1368
14.4262499809	-1368
14.4263341427	-1368
14.4264130592	-1368
14.4265470505	-1368
14.426568985	-1368
14.4266011715	-1368
14.4266560078	-1368
14.4268140793	-1368
14.4268481731	-1368
14.4268651009	-1368
14.4272069931	-1368
14.4272770882	-1368
14.4275009632	-1368
14.4275200367	-1368
14.4275259972	-1368
14.4275541306	-1368
14.4275841713	-1368
14.4278681278	-1368
14.4278969765	-1368
14.4279429913	-1368
14.4343459606	-1368
14.4344229698	-1368
14.4344480038	-1368
14.4368591309	-1368
14.436882019	-1368
14.4369010925	-1368
14.4388561249	-1368
14.4388811588	-1368
14.4389309883	-1368
14.4399299622	-1368
14.4401140213	1368
14.4403421879	-1368
14.4403550625	-1368
14.4404790401	-1368
14.4405031204	-1368
14.4405181408	-1368
14.45839715	-1368
14.4584369659	-1368
14.4584450722	-1368
14.459239006	-1368
14.4592530727	-1368
14.4592859745	-1368
14.4602060318	-1368
14.4605791569	-1368
14.4606289864	-1368
14.4609851837	-1368
14.461055994	-1368
14.4610931873	-1368
14.461122036	-1368
14.4611551762	-1368
14.4611840248	-1368
14.4612140656	-1368
14.4612400532	-1368
14.4612691402	-1368
14.4613041878	-1368
14.4613211155	-1368
14.4613571167	-1368
14.4613871574	-1368
14.4614181519	-1368
14.4614500999	-1368
14.4617030621	-1368
14.4619860649	-1368
14.4620041847	-1368
14.4623219967	-1368
14.4625411034	-1368
14.4627289772	-1368
14.4629659653	-1368
14.4629840851	-1368
14.4630100727	-1368
14.4630711079	-1368
14.4630990028	-1368
14.4632861614	-1368
14.4633281231	-1368
14.4633760452	-1368
14.4636089802	-1368
14.4636349678	-1368
14.4636600018	-1368
14.4638211727	-1368
14.4639229774	-1368
14.4639511108	-1368
14.4640021324	-1368
14.4640650749	-1368
14.4640831947	-1368
14.4642021656	-1368
14.4643471241	-1368
14.4643740654	-1368
14.4644479752	-1368
14.4645090103	-1368
14.4646360874	-1368
14.4647459984	-1368
14.4648170471	-1368
14.4648420811	-1368
14.4648690224	-1368
14.46489501	1368
14.4649021626	-1368
14.4650511742	-1368
14.4651679993	-1368
14.4652440548	-1368
14.4655590057	-1368
14.4658651352	-1368
14.4658880234	-1368
14.4662129879	-1368
14.4676241875	-1368
14.4676570892	-1368
14.467705965	-1368
14.4682819843	-1368
14.4683141708	-1368
14.468528986	1368
14.4688770771	-1368
14.4694340229	-1368
14.469465971	-1368
14.4698991776	-1368
14.4722151756	-1368
14.4732670784	-1368
14.4733870029	-1368
14.4733991623	-1368
14.4743180275	-1368
14.4743740559	-1368
14.4746170044	-1368
14.4909050465	-1368
14.4909420013	-1368
14.4916591644	-1368
14.4922571182	-1368
14.4922690392	-1368
14.4929380417	-1368
14.4948949814	-1368
14.4949150085	-1368
14.4949400425	-1368
14.4957530499	-1368
14.4958159924	-1368
14.4972081184	-1368
14.498524189	-1368
14.4985611439	-1368
14.4985790253	-1368
14.4999461174	-1368
14.4999680519	-1368
14.5015370846	-1368
14.5015561581	-1368
14.5015711784	-1368
14.5022101402	-1368
14.5022280216	-1368
14.5022330284	-1368
14.5040080547	-1368
14.504076004	-1368
14.5041000843	-1368
14.5072290897	-1368
14.5072631836	-1368
14.5072691441	-1368
14.5075571537	1368
14.5120141506	-1368
14.5120391846	-1368
14.5120561123	-1368
14.5126771927	-1368
14.5127031803	-1368
14.5128440857	-1368
14.5140981674	-1368
14.5141170025	-1368
14.5141310692	-1368
14.5150551796	-1368
14.5160200596	-1368
14.5160729885	-1368
14.5160980225	-1368
14.516422987	-1368
14.5164430141	-1368
14.5164949894	-1368
14.51734519	-1368
14.5173630714	-1368
14.5176019669	1368
14.5527210236	-85
14.5679061413	733
14.796090126	-543
14.7981650829	-1368
14.7982079983	-1368
14.7982161045	-1368
14.7989251614	-1368
14.7996091843	-1368
14.799654007	-1368
14.8001539707	-1368
14.8001770973	-1368
14.8006219864	-1368
14.8006460667	-1368
14.8007061481	-1368
14.8010320663	-1368
14.801071167	-1368
14.8017380238	-1368
14.8021249771	-1368
14.8021531105	-1368
14.8024179935	-1368
14.802642107	1057
14.8035881519	-1368
14.8041369915	-1368
14.8041579723	-1368
14.8042161465	-1368
14.8042340279	-1368
14.804238081	-1368
14.8043150902	-1368
14.8043241501	-1368
14.8044121265	-1368
14.8045060635	-1368
14.8046569824	-1368
14.8047120571	-1368
14.8048021793	-1368
14.804942131	-1368
14.805024147	-1368
14.805036068	-1368
14.8050541878	-1368
14.8050920963	-1368
14.8051481247	-1368
14.8051581383	-1368
14.8052661419	-1368
14.8052790165	-1368
14.8053331375	-1368
14.8053381443	-1368
14.8053860664	-1368
14.8054170609	-1368
14.8402671814	-1368
14.8402950764	-1368
14.8403141499	-1368
14.8407709599	-1368
14.8407900333	-1368
14.8407959938	-1368
14.8415691853	-1368
14.8415830135	-1368
14.8415930271	-1368
14.8417100906	-1368
14.841725111	-1368
14.8417780399	-1368
14.8425409794	-1368
14.8425719738	-1368
14.8425900936	-1368
14.842826128	1368
14.843252182	-1368
14.8432650566	-1368
14.8442790508	-1368
14.8442871571	-1368
14.8443200588	-1368
14.8451011181	-1368
14.8451201916	-1368
14.84516716	-1368
14.8465480804	-1368
14.8465940952	-1368
14.8466041088	-1368
14.8485360146	-1368
14.8485581875	-1368
14.8485770226	-1368
14.8496789932	-1368
14.8505401611	-1368
14.8505680561	-1368
14.8512430191	-1368
14.8512871265	-1368
14.8513150215	-1368
14.852353096	-1368
14.8524091244	-1368
14.8524310589	-1368
14.8532171249	-1368
14.8532350063	-1368
14.8538429737	-1368
14.8543400764	-1368
14.8543531895	-1368
14.8547379971	-1368
14.8547651768	-1368
14.854788065	-1368
14.855602026	-1368
14.8556251526	-1368
14.8556530476	-1368
14.856454134	-1368
14.8564679623	-1368
14.8564941883	-1368
14.8567249775	1368
14.8570270538	-1368
14.8576591015	-1368
14.8576841354	-1368
14.8577229977	-1368
14.8579721451	-1368
14.8580060005	-1368
14.8583641052	-1368
14.8610110283	-1368
14.8611531258	-1368
14.8611791134	-1368
14.8616969585	-1368
14.8617281914	-1368
14.8617560863	-1368
14.8631410599	-1368
14.8631939888	-1368
14.8632051945	-1368
14.8645420074	-1368
14.864565134	-1368
14.8645811081	-1368
14.8653981686	-1368
14.8657720089	-1368
14.8657991886	-1368
14.8660190105	-1368
14.8660550117	-1368
14.8660750389	-1368
14.8668670654	-1368
14.8668971062	-1368
14.8669559956	-1368
14.8676681519	-1368
14.8864459991	-1368
14.8864841461	-1368
14.8864901066	-1368
14.8871719837	-1368
14.8871860504	-1368
14.8880841732	-1368
14.8882660866	1368
14.8888301849	-1368
14.8888421059	-1368
14.8896200657	-1368
14.8902411461	-1368
14.8902611732	-1368
14.89026618	-1368
14.8921401501	-1368
14.8921589851	-1368
14.8921821117	-1368
14.8928420544	-1368
14.8934690952	-1368
14.8939621449	-1368
14.8940060139	-1368
14.8943731785	-1368
14.8944070339	-1368
14.8944251537	-1368
14.8951981068	-1368
14.8952159882	-1368
14.8952441216	-1368
14.8955900669	-1368
14.8956251144	-1368
14.8956589699	-1368
14.8960289955	-1368
14.8962609768	-1368
14.8962790966	-1368
14.8967471123	-1368
14.8967649937	-1368
14.8968300819	-1368
14.8972480297	-1368
14.897258997	-1368
14.8972690105	-1368
14.8984501362	-1368
14.8984720707	-1368
14.8984761238	-1368
14.8996121883	-1368
14.8996520042	-1368
14.8996901512	-1368
14.9013471603	-1368
14.9016561508	1368
14.9025371075	-1368
14.9259359837	-1358
14.9313430786	986
15.059087038	543
15.2960469723	-543
15.2979280949	-1368
15.2979559898	-1368
15.2986011505	-1368
15.2986199856	-1368
15.2986240387	-1368
15.2998430729	-1368
15.2998931408	-1368
15.2999091148	-1368
15.3010799885	-1368
15.3011140823	-1368
15.301128149	-1368
15.3021841049	-1368
15.302683115	-1368
15.3027040958	-1368
15.30321908	-1368
15.3032369614	-1368
15.3033061028	-1368
15.3041901588	-1368
15.3042020798	-1368
15.304213047	-1368
15.3044440746	543
15.3048491478	-1368
15.3049089909	-1368
15.3049211502	-1368
15.3053510189	-1368
15.3058211803	-1368
15.3058671951	-1368
15.3058810234	-1368
15.3061749935	-1368
15.3067810535	-1368
15.3067901134	-1368
15.3072941303	-1368
15.3073630333	-1368
15.3073790073	-1368
15.3083770275	-1368
15.3084211349	-1368
15.3084690571	-1368
15.309262991	-1368
15.3092691898	-1368
15.3093030453	-1368
15.3097701073	-1368
15.3176100254	-1368
15.3176400661	-1368
15.3176720142	-1368
15.3354971409	-1368
15.3355371952	-1368
15.3357009888	-1368
15.3360099792	-1368
15.3360340595	-1368
15.3363010883	-1368
15.3380110264	-1368
15.3381481171	-1368
15.3382461071	-1368
15.3392910957	-1368
15.3393239975	-1368
15.3393530846	-1368
15.3397290707	-1368
15.3397541046	-1368
15.3401641846	-1368
15.3402860165	-1368
15.3403279781	-1368
15.3410921097	-1368
15.3411521912	1368
15.341561079	-1368
15.3416149616	-1368
15.3421151638	-1368
15.3429670334	-1368
15.3430430889	-1368
15.3430690765	-1368
15.3431241512	-1368
15.3431520462	-1368
15.3431811333	-1368
15.3438341618	-1368
15.3438711166	-1368
15.3439061642	-1368
15.3440430164	-1368
15.3440611362	-1368
15.3443210125	-1368
15.3443350792	-1368
15.344369173	-1368
15.3443861008	-1368
15.3444709778	-1368
15.344520092	-1368
15.3445501328	-1368
15.3445680141	-1368
15.3445980549	-1368
15.3446171284	-1368
15.3446559906	-1368
15.3446881771	-1368
15.344946146	-1368
15.3450050354	-1368
15.3450260162	-1368
15.3452100754	-1368
15.3452341557	-1368
15.34552598	-1368
15.345949173	-1368
15.3459730148	-1368
15.3464491367	-1368
15.3468430042	1368
15.3472380638	-1368
15.3473041058	-1368
15.3473269939	-1368
15.3490450382	-1368
15.3490819931	-1368
15.4259200096	-1368
15.4259440899	-1368
15.426527977	-1368
15.4265451431	-1368
15.426582098	-1368
15.4265999794	-1368
15.4266290665	-1368
15.4266750813	-1368
15.4275791645	-1368
15.4275941849	-1368
15.4276220798	-1368
15.4276480675	-1368
15.429017067	-1368
15.4290699959	-1368
15.4290971756	-1368
15.429131031	-1368
15.4291541576	-1368
15.4291729927	-1368
15.4293091297	1368
15.430327177	-1368
15.4303519726	-1368
15.4309220314	-1368
15.4309470654	-1368
15.4309761524	-1368
15.43100214	-1368
15.431030035	-1368
15.4310631752	-1368
15.4319059849	-1368
15.4319469929	-1368
15.4319741726	-1368
15.4320020676	-1368
15.432213068	-1368
15.4322190285	211
15.4322311878	-1368
15.4326171875	-1368
15.4326481819	-1368
15.4332120419	-1368
15.4332370758	-1368
15.4333100319	-1368
15.4333350658	-1368
15.4336099625	-1368
15.4336481094	-1368
15.4340100288	-1368
15.4340400696	-1368
15.4340591431	-1368
15.4340860844	-1368
15.4346730709	-1368
15.4347090721	-1368
15.4351990223	-1368
15.4352250099	-1368
15.4352521896	-1368
15.435270071	-1368
15.4359760284	1368
15.4362521172	-1368
15.4362790585	-1368
15.4364981651	-1368
15.436519146	-1368
15.4365451336	-1368
15.4365701675	-1368
15.4371051788	-1368
15.4371230602	-1368
15.4375531673	-1368
15.4376130104	-1368
15.4376380444	-1368
15.4376580715	-1368
15.4453661442	-1368
15.4453849792	-1368
15.4638841152	-1368
15.4639101028	-1368
15.4639260769	-1368
15.4639291763	-1368
15.4639351368	-1368
15.4639639854	-1368
15.4640259743	-1368
15.4640610218	-1368
15.4640791416	-1368
15.4641129971	-1368
15.4659349918	-1368
15.4660131931	-1368
15.4661371708	-1368
15.4661910534	-1368
15.4662241936	-1368
15.4662611485	-1368
15.4672281742	-1368
15.467274189	-1368
15.4675881863	-1368
15.4676191807	-1368
15.4676530361	-1368
15.4676821232	-1368
15.467869997	-610
15.503041029	-1368
15.5030829906	-1368
15.5037431717	-1368
15.5037710667	-1368
15.5038921833	-1368
15.5039191246	-1368
15.5039470196	-1368
15.5040130615	1368
15.504199028	-1368
15.5042631626	-1368
15.5043129921	-1368
15.5043799877	-1368
15.5045700073	-1368
15.5046710968	-1368
15.5046989918	-1368
15.5230951309	-1368
15.5231490135	-1368
15.523154974	-1368
15.529389143	-1368
15.5294220448	-1368
15.530436039	-1368
15.5304579735	-1368
15.5305011272	-1368
15.5307340622	-1368
15.5307600498	-1368
15.5309000015	-1368
15.5315010548	-1368
15.5597541332	1065
15.5806791782	-1368
15.6308500767	-1108
15.642603159	1368
15.6875710487	1289
15.7013320923	543
15.8748960495	-543
15.9181110859	-1368
15.918159008	-1368
15.9181990623	-1368
15.9291360378	-1368
15.929762125	-1368
15.9298660755	-1368
15.9308271408	-1368
15.9308681488	-1368
15.9327101707	-1368
15.9382941723	543
15.9383909702	1368
15.9482371807	-1368
16.006152153	-1368
16.0199160576	1057
16.0427491665	-749
16.0666100979	746
16.1706361771	-543
16.1832580566	-543
16.1943590641	-1368
16.1944420338	-1368
16.3366160393	-377
16.3411591053	543
16.3784191608	-543
16.4494001865	-1368
16.469299078	543
16.5425920486	-232
16.7006561756	543
16.8104631901	-543
16.8238751888	543
17.038323164	-543
17.0393481255	-1368
17.0413870811	-1368
17.0414481163	-1368
17.0414750576	-1368
17.0554389954	-1368
17.0555140972	-1368
17.1677250862	-1247
17.2337920666	-543
17.5685529709	1057
17.778234005	-543
17.8001320362	-1368
17.800191164	-1368
17.8002090454	-1368
17.8488740921	-1368
17.8489229679	-1368
17.9059920311	-501
17.9155170918	543
18.1222171783	-543
18.1222791672	1057
18.4684360027	-543
18.634469986	-543
19.2200551033	-543
19.3437011242	-543
19.6872441769	-543
19.7007989883	543
19.7008700371	543
19.7914981842	-543
