0	543
0.255251169205	-543
0.255477190018	543
0.49064207077	-543
0.511103153229	-1420
0.511170148849	-1176
0.529851198196	-1420
0.529901027679	-1176
0.63533616066	-35
0.638243198395	543
0.639090061188	543
0.861176967621	-543
0.985911130905	-1420
0.986010074615	-1420
0.986069202423	-1054
1.01085710526	-1420
1.01093196869	-1420
1.0109910965	-1054
1.02154302597	-1420
1.02158999443	-1176
1.02558398247	-1420
1.02562999725	-163
1.02633213997	-1298
1.11031508446	-1420
1.11039710045	-1420
1.11044597626	-1420
1.11050009727	-932
1.13522815704	-1420
1.1352391243	-1176
1.14376807213	543
1.1498811245	-311
1.1537630558	543
1.17506504059	1460
1.17518520355	111
1.4254720211	-543
1.51005315781	-1298
1.57011413574	1460
1.57022809982	111
1.57683515549	-1298
1.5895550251	-90
1.59059309959	-1420
1.59062099457	-1176
1.59084606171	-1298
1.61991000175	-1420
1.61999297142	-1420
1.62005019188	-1054
1.62545204163	-1420
1.62549519539	-1176
1.62552309036	-1298
1.62569713593	543
1.62772202492	-1298
1.64999318123	-1298
1.67356014252	-1420
1.67357707024	-1176
1.71439599991	-1420
1.71441507339	-1176
1.71487402916	-1420
1.71489620209	-1420
1.71496605873	-1054
1.71497416496	-1298
1.71520113945	543
1.74429512024	-1420
1.74431419373	-1420
1.7443561554	-59
2.01034808159	-543
2.02250099182	-1420
2.02255916595	-1176
2.03626799583	-1420
2.03634309769	-1420
2.03639101982	-1054
2.04859399796	-1298
2.06049704552	-1420
2.06054806709	-1176
2.08339619637	-1420
2.08347916603	-1420
2.0835340023	-1054
2.1500890255	-259
2.16611409187	543
2.46525907516	-543
2.54941916466	-1298
2.63270306587	-845
