0	543
0.0373368263245	543
0.278229951859	-543
0.417104959488	-543
0.430110931396	543
0.445048809052	543
1.05110883713	-543
1.14787793159	-1420
1.14794588089	-1316
1.15587902069	-1420
1.15592479706	-1420
1.15596199036	-1264
1.17179989815	-1420
1.17186689377	-1420
1.17191195488	-1264
1.1824388504	-1023
1.18754601479	-1368
1.2405128479	1057
1.24674487114	-1368
1.25031399727	1057
1.27804088593	-1420
1.27806091309	-1420
1.27811789513	-1420
1.27811980247	-1212
1.28528285027	-1420
1.28529787064	-1420
1.28535699844	-1264
1.28535985947	-1368
1.28977799416	-1420
1.28979182243	-1316
1.28993201256	543
1.29604887962	543
1.31165981293	-235
1.34421682358	543
1.34489679337	543
1.34513688087	543
1.34538602829	543
1.34562587738	543
1.34587001801	543
1.34605979919	543
1.38430786133	543
1.38459181786	543
1.39267301559	-1368
1.47475194931	-1231
1.50433588028	543
1.50491189957	543
1.5051908493	543
1.50546598434	543
1.50567579269	543
1.62560200691	-543
1.62750983238	-543
1.74556684494	-543
1.84504795074	-1420
1.84510588646	-1316
1.88989591599	-1368
1.89398097992	543
1.91506791115	-580
1.91755580902	543
1.96755599976	-1420
1.96757292747	-1316
1.96762800217	-1368
1.97563481331	1460
1.97571396828	111
1.99604582787	-1368
2.07557296753	-1368
2.08111596107	543
2.08157587051	1460
2.08162379265	111
2.08344984055	-1420
2.08345484734	-1316
2.08917188644	-393
2.09344387054	-1420
2.093490839	-1316
2.10188293457	-1420
2.10193181038	-1420
2.10193490982	-1264
2.16277384758	-1420
2.16278886795	-1420
2.16285085678	-1264
2.18006491661	-1420
2.180123806	-1420
2.18012785912	-1264
2.18866896629	-1420
2.18867492676	-1316
2.19651198387	-1420
2.19652199745	-1420
2.19656586647	-1264
2.20476794243	543
2.20544195175	543
2.21357083321	-1420
2.21357679367	-1420
2.21364092827	-1264
2.2229309082	-1055
2.22994184494	-1420
2.22995185852	-1316
2.24745583534	-1368
2.25486898422	-1368
2.26241588593	-1368
2.27041196823	-1368
2.27072882652	543
2.27866196632	-1368
2.28725099564	-1368
2.29476284981	-1420
2.29476881027	-1420
2.29481887817	-1264
2.31081295013	-1420
2.31086802483	-1420
2.31087183952	-1264
2.31382799149	543
2.32590079308	-1368
2.33384990692	543
2.33424091339	-1420
2.33424687386	-1316
2.34226584435	-1420
2.34227085114	-1420
2.34231281281	-1264
2.35249400139	-1368
2.35917496681	-6
2.36076998711	-1420
2.36081886292	-1316
2.37762999535	-1420
2.3776910305	-1316
2.38423585892	-1368
2.40163183212	-1420
2.40164399147	-1316
2.40832281113	-1368
2.42758202553	-1420
2.42763996124	-1316
2.43435788155	-1368
2.44305586815	-1420
2.44307184219	-1420
2.44311690331	-1264
2.45420789719	-1420
2.45425391197	-1420
2.45425701141	-1264
2.46351385117	-1368
2.48850989342	-939
2.57169699669	-1420
2.57171392441	-1316
2.58853793144	-1420
2.58855295181	-1420
2.58860397339	-1264
2.59385681152	543
2.60307598114	-1368
2.61383581161	-1368
2.6180357933	-1363
2.62498879433	-1420
2.6250629425	-1420
2.62506580353	-1264
2.64994502068	-1420
2.64995479584	-1316
2.65002799034	-1368
2.6737818718	-1420
2.67382597923	-1316
2.68386602402	543
2.68401694298	-1368
2.68577098846	543
2.68637394905	543
2.69374895096	-1368
2.70391583443	-1420
2.70395493507	-1316
2.72545599937	-1368
2.73447990417	-1420
2.73448491096	-1316
2.7543618679	-359
2.7561879158	-1368
2.77271986008	-1420
2.7727329731	-1316
2.77935791016	-1368
2.77942800522	-1420
2.77946090698	-1316
2.78739380836	-1420
2.78744482994	-1420
2.78744792938	-1264
2.80442881584	-1420
2.80444192886	-1316
2.8122959137	-1420
2.81230187416	-1420
2.81234288216	-1264
2.82044792175	-1420
2.8204908371	-1316
2.82844591141	-1368
2.83649396896	-1420
2.83650898933	-1316
2.83655285835	-1368
2.83662891388	543
2.85588002205	-1420
2.85588693619	-1420
2.85593390465	-1420
2.855935812	-1212
2.87074780464	-1420
2.87075400352	-1316
2.87818384171	-1368
2.88540697098	-109
2.88594102859	-1368
2.89342880249	-1368
2.89360880852	543
2.90094995499	-1368
2.91087889671	-1368
2.91893696785	-1368
2.925978899	-1368
2.93373179436	-1368
2.94070792198	-1368
2.95328092575	-1420
2.95328879356	-1316
2.95333981514	-1368
2.96181702614	-1420
2.96187090874	-1420
2.96187400818	-1264
2.97033691406	-1368
2.97593402863	543
2.97680497169	1460
2.9768538475	111
2.98159098625	-1420
2.98159599304	-1316
2.99247288704	-1420
2.99247980118	-1420
2.99252295494	-1420
2.99252486229	-1212
2.99271392822	543
3.00625896454	-1368
3.0064740181	-1420
3.006513834	-1316
3.01435494423	-1368
3.01484584808	-789
3.02255892754	-1368
3.02996993065	-1420
3.02997493744	-1316
3.0306828022	543
3.03128790855	543
3.03940296173	-1368
3.04164481163	543
3.0418639183	1460
3.04190993309	1460
3.04194498062	1161
3.04206299782	603
3.0598859787	-1420
3.05989480019	-1316
3.07068800926	-1368
3.07632780075	-1368
3.08404493332	-1368
3.09242296219	-1368
3.10164999962	-1420
3.10166597366	-1316
3.11051702499	-1420
3.11052298546	-1316
3.11067295074	-1368
3.12021589279	-1420
3.12027192116	-1316
3.12042999268	543
3.12765598297	-1368
3.14414596558	-968
3.1492869854	-1420
3.14930200577	-1316
3.16043186188	-1420
3.16044688225	-1420
3.16050100327	-1264
3.17681288719	-1420
3.17685985565	-1420
3.17686390877	-1264
3.19388389587	-1420
3.19389200211	-1420
3.1939458847	-1264
3.2029838562	-1420
3.20304393768	-1420
3.20304679871	-1264
3.21217989922	-1420
3.21218490601	-1316
3.22248387337	-1368
3.22270393372	543
3.23166584969	-1420
3.23168087006	-1316
3.24015688896	-1368
3.25181484222	-1420
3.25186085701	-1316
3.26282191277	543
3.27173995972	-1368
3.27898287773	-781
3.28220391273	-1368
3.29148197174	-1368
3.29882192612	-1368
3.30653882027	-1368
3.31445002556	-1368
3.32264780998	-1368
3.33021688461	-1368
3.3380818367	-1368
3.34899902344	-1420
3.34905099869	-1420
3.34905481339	-1264
3.35379981995	543
3.35810780525	-1420
3.35811281204	-1420
3.35815286636	-1264
3.36753988266	-1368
3.37629580498	-1420
3.37630200386	-1316
3.38577389717	-1420
3.38578796387	-1420
3.38583683968	-1420
3.38583993912	-1212
3.39386296272	543
3.40322995186	-1420
3.40323591232	-1420
3.40327692032	-1264
3.41181302071	-72
3.41198182106	543
3.41242289543	-1420
3.4124288559	-1316
3.41599082947	-543
3.42972683907	-1420
3.42973589897	-1420
3.42978787422	-1264
3.45487785339	-1420
3.45496797562	-1420
3.45497298241	-1264
3.54176187515	-1052
3.54934287071	-1368
3.56811499596	-1420
3.56812882423	-1316
3.59313297272	-1368
3.6013469696	-1420
3.60138893127	-1316
3.62068986893	-1368
3.6359128952	-1420
3.63592195511	-1316
3.64304900169	-1420
3.64305996895	-1420
3.64310288429	-1264
3.65353393555	-1420
3.65358996391	-1316
3.65376186371	-1368
3.66156482697	-1368
3.66994094849	-1420
3.66999983788	-1316
3.67015886307	543
3.67117595673	-396
3.67756199837	-1420
3.67761087418	-1316
3.68734002113	-1420
3.68738985062	-1316
3.69537401199	-1368
3.69564294815	543
3.70431184769	-1420
3.70432686806	-1420
3.70438480377	-1264
3.71325182915	-1368
3.72220897675	-1420
3.72221589088	-1316
3.73024582863	-1368
3.73919796944	-1420
3.73924589157	-1316
3.75283288956	-1368
3.76282286644	-1420
3.7628288269	-1316
3.78140091896	-1368
3.78958702087	-1420
3.78963494301	-1316
3.80089592934	-1345
3.81305980682	-1420
3.81307888031	-1316
3.82107591629	-1368
3.82121896744	543
3.82837486267	-1420
3.82838082314	-1316
3.83731102943	-1420
3.83731889725	-1420
3.83736681938	-1264
3.84793496132	-1420
3.84798192978	-1316
3.85675787926	-1368
3.86480784416	-1420
3.86481499672	-1420
3.86486792564	-1264
3.87291002274	-1420
3.87295985222	-1316
3.873265028	1057
3.88172793388	-1368
3.89042282104	-1420
3.89049291611	-1420
3.89049696922	-1264
3.90716600418	-1420
3.90718793869	-1420
3.9072329998	-1420
3.90723586082	-1212
3.92026090622	-1420
3.92026591301	-1316
3.92597198486	-1368
3.93041300774	-80
3.93230891228	-1368
3.93964600563	-1368
3.9507830143	-1368
3.95817089081	-1368
3.96515393257	-1368
3.98078584671	-1420
3.98082494736	-1316
3.9815158844	543
3.98773479462	-1368
3.99425792694	-1420
3.99431800842	-1420
3.99432301521	-1264
4.00180888176	-1420
4.00182294846	-1420
4.00187397003	-1264
4.00903701782	-1368
4.01617693901	-1420
4.0161819458	-1316
4.02283287048	-1420
4.02284193039	-1316
4.0229678154	-1368
4.03015398979	-1420
4.03019785881	-1316
4.03738498688	-1420
4.03743481636	-1316
4.0472779274	-1420
4.04734396935	-1316
4.05388998985	1057
4.05461287498	-1368
4.06007599831	-109
4.06247496605	-1420
4.06247997284	-1316
4.06983590126	-1368
4.07718396187	-1420
4.07722783089	-1316
4.10372591019	-1368
4.11516880989	-1368
4.12473988533	-1420
4.12479901314	-1316
4.1339700222	-1420
4.13401985168	-1420
4.13402295113	-1264
4.15418887138	-1420
4.15420389175	-1420
4.15426898003	-1264
4.15443396568	543
4.17020583153	-1420
4.1702299118	-1420
4.17026686668	-1264
4.17725396156	-1420
4.17730879784	-1420
4.17731380463	-1264
4.18555402756	-1420
4.1855700016	-1316
4.18944692612	-1295
4.20196986198	-1420
4.2020277977	-1420
4.20203185081	-1264
4.21754598618	-1420
4.21755599976	-1420
4.21760201454	-1264
4.24208593369	-1420
4.24213695526	-1316
4.24240684509	543
4.25109386444	-1420
4.25109982491	-1316
4.25901794434	-1420
4.25903081894	-1420
4.25908780098	-1264
4.27740097046	-1420
4.27746891975	-1420
4.27747392654	-1264
4.27764987946	543
4.29309988022	-1420
4.29310679436	-1420
4.29314994812	-1264
4.30974292755	-1368
4.31801700592	-1420
4.31802296638	-1316
4.31892585754	-694
4.33259487152	-1420
4.33265089989	-1420
4.332654953	-1264
4.33511090279	543
4.36104798317	-1368
4.3615899086	543
4.36818385124	-1420
4.36819291115	-1420
4.36824083328	-1264
4.37686300278	-1420
4.37691187859	-1316
4.38448596001	-1368
4.39187192917	-1368
4.39877080917	-1420
4.39882493019	-1420
4.39882802963	-1264
4.40637779236	-1420
4.40638399124	-1420
4.40643501282	-1264
4.40652799606	543
4.42384696007	-1420
4.42385292053	-1316
4.4315829277	-1368
4.44851493835	-802
4.4501888752	-1368
4.45802688599	-1368
4.46651601791	-1368
4.46664786339	1057
4.50421380997	543
4.50448894501	543
4.55372285843	-1368
4.56874990463	-1368
4.57774186134	-1015
4.59464693069	-1420
4.59471988678	-1420
4.59472489357	-1264
4.59489393234	543
4.60476183891	-1420
4.60476779938	-1420
4.60481882095	-1264
4.61437487602	-1420
4.61444592476	-1316
4.61460590363	543
4.62350201607	-1368
4.63238883018	-1368
4.64174699783	-1368
4.65430498123	-1420
4.65434885025	-1316
4.66344690323	-1420
4.66350698471	-1420
4.66351079941	-1264
4.68137001991	-1420
4.68138194084	-1420
4.68143892288	-1264
4.69863200188	-1368
4.69884490967	543
4.70737195015	-1420
4.70738387108	-1264
4.72344398499	1057
4.72457790375	-1420
4.72458481789	-1316
4.73286700249	-1368
4.74880099297	543
4.74918484688	543
4.74953579903	543
4.7498459816	543
4.75013899803	543
4.75035595894	543
4.75508880615	-1420
4.75509500504	-1316
4.76351594925	-1368
4.77181100845	-1420
4.77188897133	-1316
4.77189302444	-1368
4.78114795685	-1420
4.78115391731	-1420
4.78119587898	-1264
4.790817976	-1368
4.80010795593	-1420
4.80011487007	-1316
4.80895996094	-1420
4.8089659214	-1420
4.80901002884	-1264
4.81711888313	-1368
4.82161784172	543
4.82475781441	-1420
4.82476687431	-1316
4.83265280724	-1420
4.83265995979	-1420
4.83271694183	-1264
4.83282089233	543
4.83666801453	-731
4.85117888451	-1420
4.85122585297	-1420
4.85122895241	-1264
4.86641597748	-1420
4.86642289162	-1316
4.87452888489	-1368
4.89032793045	-1420
4.89038085938	-1316
4.89730787277	-1368
4.91311693192	-1420
4.91313099861	-1316
4.92133283615	-1368
4.9290728569	-1420
4.92911791801	-1420
4.92912101746	-1264
4.93566083908	-1420
4.93568301201	-1316
4.9357149601	-1368
4.94326782227	-1368
4.95234799385	-1420
4.95235180855	-1316
4.95988297462	-1420
4.95989584923	-1420
4.95994782448	-1264
4.96122097969	543
4.9662938118	-43
4.97542595863	-1368
4.98401498795	-1420
4.98402094841	-1316
4.98408293724	-1368
5.0009059906	-1420
5.00094890594	-1316
5.00969386101	-1368
5.00999403	1057
5.01870203018	-1368
5.02714395523	-1368
5.03613495827	-1368
5.04557394981	-1368
5.0576570034	-1420
5.05766391754	-1316
5.07431697845	-1368
5.08312487602	-1420
5.08318781853	-1316
5.09180688858	-1420
5.09186291695	-1420
5.09186697006	-1264
5.09593892097	-657
5.10892391205	-1420
5.1089849472	-1420
5.10898900032	-1264
5.12580490112	-1420
5.12581396103	-1420
5.12586283684	-1264
5.15462899208	-1420
5.1546959877	-1316
5.15486001968	543
5.1621940136	-1368
5.17136383057	-1368
5.17915987968	-1368
5.18789386749	-1368
5.19585180283	-1368
5.20443987846	-1368
5.21346688271	-1368
5.22232890129	-1368
5.22555184364	-1163
5.22975301743	-1420
5.22980690002	-1316
5.22981095314	-1368
5.24879479408	-1368
5.25577282906	543
5.25584197044	543
5.25589990616	543
5.25604701042	543
5.25742602348	-1368
5.25758695602	-1420
5.25759196281	-1316
5.26757693291	-1420
5.26758289337	-1316
5.27723693848	-1368
5.28387188911	1057
5.28760194778	-1420
5.28760790825	-1316
5.30593490601	-1420
5.30595898628	-1316
5.31242799759	-1368
5.31655693054	-543
5.33560085297	-1420
5.33565187454	-1316
5.3431289196	-1420
5.34317183495	-1316
5.35482597351	-56
5.3638188839	-1368
5.37222886086	-1420
5.37223601341	-1316
5.38094496727	-1420
5.38095188141	-1420
5.38099598885	-1264
5.38923001289	-1420
5.38927602768	-1420
5.3892788887	-1264
5.40818500519	-1420
5.40819883347	-1420
5.40825390816	-1264
5.40837979317	543
5.41860580444	-1420
5.418612957	-1420
5.41866779327	-1264
5.43700480461	-1420
5.43705701828	-1420
5.4370598793	-1264
5.45822381973	-1368
5.46805882454	-1368
5.48424696922	-831
5.55851387978	-1368
5.59149289131	-1420
5.59156489372	-1316
5.60402488708	-1368
5.61380290985	-298
5.61642384529	-1420
5.6164689064	-1420
5.61647200584	-1264
5.62386202812	1057
5.62786388397	-1420
5.62786984444	-1420
5.6279129982	-1264
5.65421485901	-1420
5.65429401398	-1420
5.65429902077	-1264
5.66605901718	-1420
5.66608190536	-1420
5.66611790657	-1264
5.68850493431	-1420
5.68856692314	-1420
5.68857002258	-1264
5.6987798214	-1368
5.70929980278	-1420
5.70935297012	-1316
5.72005081177	-1368
5.73017692566	-1368
5.73879384995	-1368
5.74345588684	-1005
5.74944400787	-1368
5.74955487251	543
5.75412583351	-543
5.75854301453	-1368
5.7673728466	-1368
5.77548980713	-1368
5.78395581245	-1368
5.79328393936	-1368
5.80232000351	-1368
5.81133079529	-1368
5.81958794594	-1420
5.81966590881	-1420
5.81966996193	-1264
5.82834601402	-1420
5.82835197449	-1420
5.82839894295	-1264
5.83726286888	-1420
5.83730983734	-1316
5.84822392464	-1368
5.85811281204	-1420
5.85813498497	-1420
5.85819196701	-1264
5.86984086037	-1420
5.86989402771	-1316
5.87285900116	-1237
5.88092899323	1057
5.8887989521	-1420
5.88880491257	-1420
5.88884592056	-1264
5.8975789547	-1368
5.90572500229	-1420
5.90573501587	-1316
5.91407680511	-1368
5.92235684395	-1420
5.92241382599	-1316
5.93018484116	-1368
5.93916296959	-1368
5.95088982582	-1368
5.95979094505	-1368
5.97052979469	-1368
5.98161292076	-1368
5.99064898491	-1368
5.99069690704	-543
5.99088597298	543
5.99848198891	-1368
6.00707292557	-1368
6.01559400558	-1420
6.01560783386	-1420
6.015666008	-1264
6.01858091354	-1063
6.02574586868	-1420
6.02575683594	-1420
6.02580785751	-1264
6.04103302956	-1420
6.04108500481	-1316
6.05245685577	-1420
6.05250191689	-1420
6.05250501633	-1264
6.06245088577	-1368
6.07234692574	-1420
6.07241392136	-1316
6.0813229084	-1420
6.08136987686	-1316
6.08963298798	-1368
6.0898308754	1057
6.09782385826	-1420
6.09783101082	-1316
6.10522294044	-1368
6.12091898918	-1420
6.12098097801	-1316
6.12921190262	-1368
6.13759183884	-1368
6.14823698997	-1420
6.14828681946	-157
6.15753293037	-1368
6.16679596901	-1420
6.16680288315	-1420
6.1668548584	-1264
6.17587780952	-1420
6.17592287064	-1420
6.17592597008	-1264
6.18479585648	-1368
6.19321298599	-1368
6.20186090469	-1368
6.20203495026	-1368
6.20213699341	543
6.20956492424	-1368
6.21820092201	-1420
6.21825194359	-1420
6.2182559967	-1264
6.22898983955	-1420
6.22900295258	-1420
6.22904086113	-1264
6.24767279625	-1420
6.24774003029	-1420
6.24774384499	-1264
6.25950884819	543
6.2634139061	-1368
6.27185487747	-1420
6.271889925	-1316
6.27751684189	-14
6.29046297073	-1368
6.29909491539	-1420
6.29914784431	-1316
6.31808996201	-1368
6.32630085945	-1420
6.32630681992	-1316
6.33392500877	543
6.35573887825	-1420
6.35574889183	-1420
6.35579681396	-1264
6.36494684219	-1420
6.36501383781	-1316
6.37353086472	-1420
6.3735768795	-1316
6.3884139061	-1368
6.38863492012	543
6.40319895744	-1368
6.40693497658	-989
6.41174983978	-1420
6.41176700592	-1316
6.42578697205	-1420
6.42580294609	-1420
6.42585802078	-1264
6.43400001526	543
6.43422198296	543
6.44257879257	-1420
6.4425868988	-1316
6.44296097755	543
6.45304489136	-1368
6.46120285988	-1368
6.53671979904	-1226
6.54849982262	-1368
6.57889890671	-1420
6.57891583443	-1316
6.58970379829	-1368
6.60783791542	-1420
6.60791182518	-1316
6.6287279129	-1368
6.63759279251	-1420
6.63760900497	-1420
6.63766479492	-1264
6.64508581161	-1420
6.64514183998	-1316
6.64515399933	-1368
6.64529395103	543
6.65647602081	-1420
6.65648579597	-1316
6.66464686394	-1368
6.6660528183	-1047
6.67357802391	-1420
6.67359280586	-1316
6.67363882065	-1368
6.67378592491	543
6.68392491341	-1368
6.69173789024	-1420
6.69179296494	-1316
6.69179701805	-1368
6.70793390274	-1368
6.70855498314	543
6.70899200439	1057
6.71498584747	-1420
6.71500182152	-1316
6.72310400009	-1420
6.72311401367	-1316
6.72413802147	543
6.73861289024	-1420
6.73862600327	-1316
6.74060797691	543
6.7498819828	-1420
6.74989199638	-1420
6.74994087219	-1264
6.75823187828	-1420
6.75829792023	-1420
6.75830197334	-1264
6.77683782578	543
6.77765083313	-1420
6.77765679359	-1420
6.77770280838	-1264
6.77907896042	543
6.77933096886	543
6.7802708149	543
6.78046989441	543
6.78468394279	543
6.78489780426	543
6.79566693306	-839
6.79693198204	-1420
6.79697680473	-1316
6.80490899086	-1420
6.80496692657	-1420
6.80497002602	-1264
6.81383299828	-1420
6.81383800507	-1316
6.83041501045	-1420
6.83042192459	-1316
6.83856391907	-1420
6.83856987953	-1316
6.8574719429	-543
6.85927796364	-1368
6.87067198753	-1420
6.8707318306	-1316
6.89111590385	-1368
6.9007999897	-1420
6.90080690384	-1316
6.91041183472	-1420
6.91042494774	-1420
6.9104809761	-1264
6.9106400013	543
6.91076993942	543
6.91883397102	-1420
6.91883897781	-1420
6.91888785362	-1264
6.92508792877	-296
6.93905496597	-1420
6.93906593323	-1420
6.93912482262	-1264
6.95150780678	-1420
6.95156002045	-1420
6.95156383514	-1264
6.96127581596	-1368
6.9716219902	-1368
6.98223590851	-1420
6.98224186897	-1316
6.98237299919	-1368
7.00217199326	-1368
7.01221084595	-1420
7.01222395897	-1420
7.01227593422	-1264
7.01238679886	543
7.02178382874	-1420
7.02178883553	-1316
7.03045392036	-1420
7.03046488762	-1316
7.03926682472	-1368
7.05456089973	-802
7.05947089195	-1368
7.06993484497	-1368
7.07962393761	-1368
7.0885720253	-1420
7.08862185478	-1316
7.09775400162	-1420
7.09783291817	-1420
7.09783792496	-1264
7.10622596741	-1420
7.10623502731	-1420
7.10628795624	-1264
7.12583184242	-1420
7.1259098053	-1420
7.12591385841	-1264
7.1260869503	543
7.13520789146	-1420
7.1352148056	-1316
7.14377093315	-1420
7.14378285408	-1316
7.14394688606	543
7.15460801125	-1368
7.16482686996	-1420
7.16487288475	-1420
7.16487598419	-1264
7.17365002632	-1420
7.1736638546	-1420
7.17372989655	-1264
7.18373584747	-702
7.19235992432	-1420
7.19236898422	-1316
7.20163798332	-1368
7.21110391617	-1420
7.21118092537	-1316
7.22841382027	-1368
7.24785494804	-1420
7.2478659153	-1420
7.24791884422	-1264
7.25368690491	-1420
7.25376701355	-1420
7.25376987457	-1264
7.25454998016	-1420
7.25455379486	-1316
7.25607299805	543
7.27792000771	-1368
7.28509402275	-1420
7.28515601158	-1316
7.3119738102	-1368
7.31334400177	-939
7.32278800011	-1368
7.3324508667	-1368
7.34076285362	-1420
7.3408229351	-1420
7.34082698822	-1264
7.36004495621	-1420
7.36005687714	-1420
7.36010479927	-1264
7.36385083199	543
7.37955999374	-1368
7.38780999184	-1420
7.38786101341	-1420
7.38786387444	-1264
7.39383602142	543
7.39559793472	-1420
7.39560484886	-1316
7.40338802338	-1368
7.41144990921	-1368
7.41997289658	-1368
7.42919588089	-1420
7.42923784256	-1316
7.43391895294	543
7.4428229332	-628
7.46699285507	-1368
7.55699086189	-1368
7.57228779793	-978
7.59056591988	543
7.60287690163	-1420
7.60289287567	-1420
7.60295796394	-1264
7.60463690758	543
7.61200594902	543
7.61300492287	1057
7.61416196823	-1368
7.62481188774	-1368
7.62682390213	543
7.62770080566	1460
7.62776994705	625
7.65322685242	-543
7.7017660141	-1015
7.70322299004	543
8.16711997986	-1057
8.17393994331	543
8.2123568058	-1420
8.21237397194	-1316
8.2124350071	-1368
8.21610379219	543
8.30369091034	-580
8.3038828373	543
8.30798697472	-1420
8.30799484253	-1316
8.31517386436	-1368
8.36469388008	-1420
8.36476588249	-1316
8.37225198746	-1420
8.37229990959	-1420
8.3723359108	-1264
8.37642097473	543
8.39329195023	-1420
8.3933069706	-1316
8.39336299896	-1368
8.41224598885	-1420
8.4123108387	-1420
8.41231489182	-1264
8.43095302582	-1368
8.4311299324	543
8.43312382698	-330
8.43577289581	543
8.46500182152	-1420
8.46502780914	-1316
8.55224490166	-1368
8.55235385895	-1420
8.55241799355	-1316
8.56274700165	-414
8.56290483475	543
8.5887567997	-1420
8.58877182007	-1420
8.58882594109	-1264
8.61539292336	-1420
8.61544585228	-1316
8.6155128479	-1368
8.65578699112	-1420
8.65580201149	-1420
8.65586495399	-1264
8.67999482155	-1368
8.6918900013	-1420
8.69190597534	-1316
8.6919708252	-322
8.71077680588	-1368
8.71965289116	-1420
8.71966791153	-1316
8.73959493637	-1368
8.75165390968	-1420
8.75171279907	-1316
8.76131796837	-1420
8.7613658905	-1420
8.76136898994	-1264
8.76149487495	543
8.7828669548	-1420
8.78288388252	-1420
8.78294682503	-1264
8.80460381508	-1420
8.80467200279	-1420
8.80467581749	-1264
8.82147884369	-902
8.83646583557	-1420
8.83653402328	-1316
8.84583902359	-1368
8.84597587585	543
8.8575398922	-1368
8.86565494537	-1368
8.87471699715	-1368
8.88414788246	-1368
8.89560198784	-1368
8.90482282639	-1368
8.91711783409	-1368
8.91727590561	543
8.92792201042	-1420
8.92794489861	-1316
8.93717885017	-1420
8.93719601631	-1420
8.9372549057	-1264
8.95038485527	-1420
8.95042800903	-1316
8.9507689476	-280
8.96416902542	543
8.96985793114	-1368
9.00373601913	543
9.03323292732	543
9.03380799294	543
9.03401994705	543
9.08060503006	-232
9.21047902107	-543
9.21094202995	1057
9.30790781975	-543
9.75702500343	-1420
9.75704193115	-665
9.88717699051	-543
9.96801495552	-1368
9.97567486763	-1420
9.97573494911	-1316
9.98358392715	-1420
9.98363685608	-1420
9.98368287086	-1264
9.99998092651	-1420
10.0000498295	-1420
10.0000989437	-1264
10.0571968555	-1255
10.069051981	-1420
10.0691139698	-1316
10.0764169693	-543
10.0770168304	-1420
10.0770599842	-1420
10.0770959854	-1264
10.0861349106	-1420
10.0861430168	-1316
10.0944309235	-1368
10.0946040154	543
10.1033759117	-1420
10.1033818722	-1420
10.1034250259	-1264
10.1233978271	-1420
10.1234629154	-1316
10.123595953	543
10.1318898201	-1368
10.1509809494	-1420
10.1510369778	-1316
10.1619699001	-1368
10.171309948	-1420
10.1713240147	-1420
10.1713838577	-1264
10.1866168976	-773
10.188699007	-1420
10.1887040138	-1316
10.1974239349	-1368
10.2051959038	-1420
10.2052538395	-1316
10.2142219543	-1368
10.2144420147	543
10.2333068848	-1420
10.2333228588	-1420
10.2333619595	-1264
10.2414088249	-1420
10.2414608002	-1316
10.2547748089	543
10.2679448128	-1420
10.268009901	-1316
10.2751948833	-1368
10.2831199169	-1368
10.2918980122	-1368
10.3000648022	-1368
10.3076720238	-1368
10.3161358833	-1368
10.3180139065	-1142
10.3236479759	-1368
10.3428239822	-1420
10.3428988457	-1420
10.3429028988	-1264
10.352837801	-1420
10.3528540134	-1420
10.352891922	-1264
10.3530578613	543
10.36946702	-1420
10.3694829941	-1420
10.3695399761	-1264
10.3859260082	-1368
10.3861088753	543
10.3935649395	-1420
10.3935718536	-1316
10.4012699127	-1420
10.4012758732	-1420
10.4013199806	-1264
10.4192810059	-1420
10.4193468094	-1316
10.4193508625	-1368
10.4418678284	-1420
10.4418849945	-1316
10.4523029327	-1368
10.4531369209	-665
10.4532499313	543
10.4689428806	-1368
10.5559408665	-1420
10.5559608936	-1316
10.5826029778	-638
10.5900378227	-1368
10.6013479233	-1368
10.6239697933	-1420
10.6240398884	-1420
10.6240439415	-1264
10.6318078041	-1420
10.6318178177	-1420
10.6318478584	-1264
10.6408720016	-1420
10.6408920288	-1316
10.640930891	-1368
10.6615948677	-1420
10.6616098881	-1420
10.6616718769	-1264
10.6711478233	-1420
10.6711540222	-1420
10.6712059975	-1264
10.6892848015	-1420
10.6893019676	-1420
10.689357996	-1264
10.6895508766	543
10.6990818977	-1368
10.6992378235	543
10.7091670036	-1420
10.7091829777	-1420
10.7092378139	-1264
10.7118170261	-499
10.719288826	-1368
10.7283258438	-1368
10.7393829823	-1368
10.7527389526	-1368
10.7634398937	-1368
10.7733328342	-1368
10.7940769196	-1420
10.7941038609	-1316
10.8037588596	-1420
10.80377388	-1420
10.803830862	-1264
10.8139250278	-1420
10.8140108585	-1420
10.8140158653	-1264
10.8142127991	543
10.8239278793	-1368
10.8345189095	-1420
10.8345999718	-1316
10.8448328972	-1420
10.8449058533	-1420
10.8449099064	-1420
10.8449568748	-1212
10.8486669064	-6
10.8700478077	-1420
10.8700578213	-1420
10.8701179028	-1264
10.8812799454	-1368
10.8924520016	-1368
10.9060299397	-1420
10.9060838223	-1316
10.9187448025	-1368
10.9323790073	-1368
10.9432039261	-1420
10.9432640076	-1316
10.9435260296	543
10.9734349251	-1368
10.9885590076	-1368
10.9991128445	-11
10.9992659092	543
11.0809428692	543
11.2545208931	543
11.8596329689	-1420
11.8596618176	-1420
11.8597400188	-787
11.9600198269	-1368
11.9892148972	-1231
12.4554769993	-1057
12.6348128319	-1057
13.2548909187	543
13.2609169483	-543
13.5709629059	-543
13.85658288	-543
13.9021809101	-543
13.9857668877	-543
14.6644678116	-543
14.9581727982	-543
15.256030798	-543
16.0282218456	-543
