0	543
6.91413879395e-05	543
0.000104188919067	543
0.000135183334351	543
0.000166177749634	543
0.000198125839233	543
0.999889135361	543
0.999959230423	543
3.18198204041	543
3.47163820267	-543
3.47195911407	543
3.66617703438	-543
3.69891214371	543
3.93802905083	-543
3.9387011528	543
3.999117136	543
3.99916005135	543
4.24443507195	-1368
4.24448919296	-1368
4.24451303482	-891
4.26751899719	-1368
4.26755619049	-1368
4.26756119728	-1368
4.303358078	-1368
4.3034081459	-1368
4.30351305008	-1368
4.3036441803	543
4.30367708206	-1368
4.38588118553	-1368
4.3859231472	-1368
4.3859372139	-1368
4.38594222069	-1368
4.4090681076	-1368
4.4091989994	-1368
4.40922522545	-1368
4.40923714638	-1368
4.40924715996	-1368
4.40925717354	-1368
4.40928602219	-1368
4.40929317474	-1368
4.41487622261	1368
4.44132304192	1368
4.44482111931	-1368
4.44484114647	-288
4.4450211525	522
4.49114918709	1368
4.58639502525	1347
4.64307403564	-543
4.74962306023	-1368
4.74973416328	543
4.75136899948	-1368
4.75141716003	-1368
4.75145101547	-1368
4.75187706947	1368
4.77466320992	-1368
4.77468705177	-1368
4.82918310165	-733
4.89340615273	1347
4.99901819229	543
4.99989700317	-1368
4.99995207787	-1368
4.99998307228	-1368
5.00921702385	-609
5.05827617645	-1368
5.0583050251	1086
5.05831718445	-1368
5.06405806541	1368
5.08192205429	-1368
5.08194804192	-1368
5.08196902275	-1368
5.08299517632	1368
5.09036421776	-1368
5.09038615227	-1368
5.09040212631	-1368
5.09934902191	-1368
5.09947013855	-1368
5.09950113297	-1368
5.1048681736	-1368
5.10488510132	-1368
5.10490822792	-1368
5.13003802299	-1368
5.1300702095	-1368
5.14377713203	-1368
5.14381122589	-1368
5.14381814003	-1368
5.14390921593	-1368
5.14393210411	-1368
5.14402413368	-1368
5.15071606636	-1121
5.15174221992	-1368
5.15177106857	-1368
5.15339016914	-1368
5.15342211723	-1368
5.15344619751	-1368
5.16052603722	-1368
5.16056013107	-1368
5.1605861187	-1368
5.16793823242	-1368
5.16795110703	-1368
5.16802310944	-1368
5.17632508278	-1368
5.17637014389	-1368
5.17671513557	1368
5.19987916946	-1368
5.19990706444	182
5.19991612434	-1368
5.20588111877	-1368
5.2059071064	-1368
5.22336912155	-1368
5.22340321541	-1368
5.22341799736	-1368
5.22343301773	-1368
5.22464203835	-1368
5.22469520569	-1368
5.23179221153	-1368
5.23181605339	-1368
5.23184609413	-1368
5.23187112808	-1368
5.24081516266	-1368
5.24083900452	-1368
5.24086904526	-1368
5.24089407921	-1368
5.2409222126	-1368
5.24095702171	-1368
5.24099111557	-1368
5.24100899696	-1368
5.24627423286	-1368
5.24629807472	-1368
5.24632620811	-1368
5.24635505676	-1368
5.27149605751	-1368
5.27153110504	-1368
5.27153801918	-1368
5.27157711983	-1368
5.28525209427	-1368
5.28530406952	-1368
5.28532910347	-1368
5.28536605835	-1368
5.28538322449	-1368
5.28541302681	-1368
5.28544211388	-1368
5.28546905518	-1368
5.2854950428	-1368
5.28552412987	-1368
5.28555011749	-1368
5.28558301926	-1368
5.28973317146	1368
5.29076814651	1368
5.29077911377	1368
5.29227399826	-1368
5.2923002243	-1368
5.29232907295	-1368
5.29235911369	-1368
5.29324007034	-1368
5.29326510429	-1368
5.2933011055	-1368
5.29333019257	-1368
5.29475307465	-1368
5.29478216171	-1368
5.2948820591	-1368
5.29490613937	-1368
5.30193018913	-1368
5.30199813843	-1368
5.30204105377	-1368
5.30204606056	-1368
5.30205821991	-1368
5.3020632267	-1368
5.30207300186	-1368
5.30207800865	-1368
5.30937719345	-1368
5.30939602852	-1368
5.30941414833	-1368
5.3094420433	-1368
5.31779408455	-1368
5.31781220436	-1368
5.31783819199	-1368
5.31786417961	-1368
5.31843018532	-1368
5.31846117973	-1368
5.31870412827	1368
5.34136819839	-1368
5.3414041996	385
5.34141421318	-1368
5.34726500511	-1368
5.34740114212	-1368
5.34742307663	-1368
5.34744620323	-1368
5.36477708817	-1368
5.36481022835	-1368
5.36483311653	-1368
5.36485719681	-1368
5.36488509178	-1368
5.36492609978	-1368
5.36495614052	-1368
5.36497306824	-1258
5.3683681488	-1368
5.36839008331	-1368
5.36928701401	1368
5.36963701248	1368
5.36964416504	1368
5.37024116516	1368
5.3747382164	-1368
5.37476110458	-1368
5.37911701202	1368
5.3907392025	-1368
5.39076113701	-1368
5.39078807831	-1368
5.39939308167	-1368
5.39941620827	-1368
5.39945220947	-1368
5.39953017235	-1368
5.39955711365	-1368
5.3995950222	-1368
5.41372704506	-1368
5.41385507584	-1368
5.4325761795	1368
5.43683600426	-1368
5.43734502792	-1368
5.43739509583	-1368
5.44533920288	-1368
5.44535517693	-1368
5.44538521767	-1368
5.44541716576	-1368
5.44548916817	-1368
5.44562101364	-1368
5.44571304321	-1368
5.44574904442	-1368
5.44577908516	-1368
5.45213603973	-1368
5.45226621628	-1368
5.45231318474	-1368
5.45234322548	-1368
5.4598171711	-1368
5.45986104012	-1368
5.46015310287	-1368
5.46032714844	-1368
5.46035408974	-1368
5.46062421799	-1368
5.46098613739	-1368
5.48213601112	-1368
5.48216509819	-1368
5.48217201233	-1368
5.48373603821	-1368
5.48374700546	1334
5.48382401466	-1368
5.48384904861	-1368
5.48985505104	-1368
5.48987317085	-1368
5.4899020195	-1368
5.4899790287	-1368
5.49002504349	-1368
5.49007821083	-1368
5.49010705948	-1368
5.49658918381	-1368
5.49663615227	-1368
5.49666309357	-1368
5.49669218063	-1368
5.49671721458	-1368
5.49684119225	-1368
5.49693322182	-1368
5.49698901176	-1368
5.50443911552	-1368
5.50456619263	-1368
5.50458717346	-1368
5.50460314751	-1368
5.50500011444	-1368
5.50504803658	-1368
5.50535607338	1368
5.5071310997	-1368
5.50716805458	-1368
5.507199049	-1368
5.50978422165	-1228
5.5134241581	-1368
5.51345205307	-1368
5.51350021362	-1368
5.5356361866	-1368
5.53570604324	-1368
5.53573203087	-1368
5.54435515404	-1368
5.54438710213	-1368
5.54440712929	-1368
5.54449510574	-1368
5.54453015327	-1368
5.54455518723	-1368
5.54458403587	-1368
5.54461216927	-1368
5.5525841713	-1368
5.5534992218	-1368
5.55354714394	-1368
5.55355405807	-1368
5.55755805969	-1368
5.55759000778	-1368
5.55760812759	-1368
5.56344008446	-1368
5.5634560585	-1368
5.56374311447	-1368
5.5642721653	-1368
5.56433415413	-1368
5.5644030571	-1368
5.5691921711	-1368
5.56923818588	-1368
5.56926321983	-1368
5.56959009171	1368
5.57170200348	-1368
5.57173109055	-1368
5.57176113129	-1368
5.57198810577	-1368
5.57203912735	-1368
5.5720641613	-1368
5.57765722275	-1368
5.57767820358	-1368
5.57770109177	-1368
5.57777714729	-1368
5.58171200752	-1368
5.58176803589	-1368
5.58180713654	-1368
5.58183813095	-1368
5.58185601234	-1368
5.58200502396	-1368
5.58280515671	-1368
5.58283400536	-1368
5.61450219154	-1368
5.61457800865	-1368
5.61462521553	-1368
5.61724305153	-1368
5.61728310585	-1368
5.61730504036	-1368
5.6173350811	-1368
5.61737203598	-1368
5.6173992157	-1368
5.61776304245	1368
5.62420511246	-1368
5.62423706055	-1368
5.62426519394	-1368
5.63126516342	-1368
5.63129806519	240
5.63131213188	-1368
5.63131809235	-1368
5.63183307648	-1368
5.6318590641	-1368
5.63188910484	-1368
5.63754415512	-1368
5.65114617348	-1083
5.6625161171	-1368
5.66254115105	-1368
5.66531014442	-1368
5.66533708572	-1368
5.66536521912	-1368
5.67266201973	-1368
5.67268300056	-1368
5.67270803452	-1368
5.67273712158	-1368
5.67279410362	-1368
5.67284417152	-1368
5.67288422585	-1368
5.68135309219	-1368
5.68138313293	-1368
5.6814520359	-1368
5.68648910522	-1368
5.68652510643	-1368
5.6865541935	-1368
5.68821406364	-1368
5.68829607964	-1368
5.68830513954	-1368
5.68940520287	-1368
5.68952202797	-1368
5.68954110146	-1368
5.68975400925	1368
5.69594311714	-1368
5.70375418663	-1368
5.70382118225	-1368
5.70837306976	-1368
5.70841312408	-1368
5.70842123032	-1368
5.71218109131	-1368
5.71221518517	-1368
5.71223402023	-1368
5.71275305748	-1368
5.71278214455	-1368
5.71285820007	-1368
5.71510219574	-1368
5.71963715553	-1368
5.72738313675	-1368
5.72741603851	-1368
5.7274491787	-1368
5.72750520706	-1368
5.72752022743	-1368
5.72763705254	-1368
5.72857904434	-1368
5.72865700722	-1368
5.72867202759	-1368
5.73432707787	-1368
5.73436522484	-1368
5.73437309265	-1368
5.73562121391	-1368
5.73563909531	-1368
5.73565006256	-1368
5.73826408386	-1368
5.73829507828	-1368
5.73830103874	-1368
5.74275302887	-1368
5.74276804924	-1368
5.74278116226	-1368
5.74316501617	-1368
5.74318408966	-1368
5.74318909645	-1368
5.74935817719	-1368
5.74940609932	-1368
5.75691008568	-1368
5.75693416595	-1368
5.75699520111	-1368
5.75789904594	-1368
5.75792121887	-1368
5.75796818733	-1368
5.75798416138	-1368
5.75799822807	-1368
5.75806522369	-1368
5.76531815529	-1368
5.76535105705	-1368
5.76536512375	-1368
5.76562809944	-1368
5.76567721367	-1368
5.76570320129	-1368
5.76576805115	-1368
5.76578617096	-1368
5.76601099968	1368
5.77296710014	-1368
5.77299523354	522
5.77300620079	-1368
5.77806901932	-1368
5.77809309959	-1368
5.77809810638	-1368
5.77978301048	-1368
5.77981114388	-1368
5.77986907959	-1368
5.77994012833	-1368
5.77996706963	-1368
5.78002119064	-1368
5.78003716469	-1368
5.78542613983	-1368
5.7872672081	-1368
5.78728103638	-1368
5.78729200363	-1368
5.78843307495	-1368
5.78845310211	-1368
5.78845906258	-1368
5.78888702393	1368
5.79356622696	-1368
5.793582201	-1368
5.79359602928	-1368
5.79484915733	-1368
5.79486823082	-1368
5.79498004913	-1368
5.80134820938	-1368
5.80143022537	-1368
5.80144810677	-1368
5.80380702019	-1368
5.80382609367	-1368
5.80384206772	-1368
5.8038520813	-560
5.81013703346	-1368
5.81015610695	-1368
5.81016111374	-1368
5.81049919128	-1368
5.81051111221	-1368
5.81053709984	-1368
5.81175518036	-1368
5.81177306175	-1368
5.81177711487	-1368
5.82018208504	-1368
5.82020115852	-1368
5.82022714615	-1368
5.82059717178	-1368
5.82061505318	-1368
5.82062911987	-1368
5.83736920357	-1368
5.83740520477	-1368
5.83742213249	-1368
5.84070706367	-1368
5.84079003334	-1368
5.84082317352	-1368
5.84083604813	-1368
5.84084010124	-1368
5.84092712402	-1368
5.84109306335	-1368
5.84110808372	-1368
5.841173172	-1368
5.84124016762	-1368
5.84125113487	-1368
5.84126520157	-1368
5.84147405624	1368
5.84879517555	-1368
5.84886717796	-1368
5.84888315201	-1368
5.85790205002	-1368
5.85798501968	-1368
5.85800004005	-1368
5.86382007599	-1368
5.86384510994	-1368
5.86387109756	-1368
5.87813806534	-1368
5.87816309929	-1368
5.87834119797	-1368
5.87835907936	-1368
5.88785219193	-1368
5.88787817955	-1368
5.88807320595	-1368
5.88809013367	-1368
5.88812708855	-1368
5.88830709457	-1368
5.88833713531	-1368
5.88836503029	-1368
5.88841819763	-1368
5.88847017288	-1368
5.88849020004	-1368
5.88854217529	-1368
5.89643120766	-1368
5.89646220207	-1368
5.89656019211	-1368
5.8965780735	-1368
5.89668321609	-1368
5.9018611908	-1368
5.90192008018	-1368
5.9019370079	-1368
5.90205407143	-1368
5.90237808228	1368
5.90680813789	-1368
5.90682220459	-1368
5.90721702576	-1368
5.91407108307	-1368
5.91411805153	-1368
5.91414117813	-1368
5.9152071476	-1368
5.91523313522	240
5.91524004936	-1368
5.91527915001	-1368
5.92365503311	-1368
5.92376804352	-1368
5.92386603355	-1368
5.92508506775	-1368
5.92515420914	-1368
5.92516207695	-1368
5.92850017548	-1368
5.92852401733	-1368
5.92857003212	-1368
5.9341840744	-1368
5.9342110157	-1368
5.93422603607	-1368
5.93450403214	1368
5.94128322601	-1368
5.94130516052	-1368
5.94131803513	-1368
5.95148015022	-546
5.95564222336	-1368
5.95566606522	-1368
5.95569515228	-1368
5.96080207825	-1368
5.96083402634	-1368
5.96084618568	-1368
5.96087002754	-1368
5.96093606949	-1368
5.96095919609	-1368
5.96707010269	1368
5.97477602959	-1368
5.97480106354	-1368
5.97545003891	-1368
5.97595000267	-1368
5.9759850502	-1368
5.97633814812	-1368
5.97860217094	-1368
5.97864818573	-1368
5.97870111465	-1368
5.98008918762	-1368
5.98012304306	-1368
5.98014211655	-1368
5.98184108734	1368
5.98918008804	-1368
5.98921322823	-1368
5.98923110962	-1368
5.98950719833	-1368
5.98958301544	-1368
5.98961400986	-1368
5.99791407585	-1368
5.99797105789	-1368
5.99799609184	-1368
6.00270199776	-1368
6.00273108482	-1368
6.00274419785	-1368
6.00696706772	-1368
6.00698900223	-1368
6.00701713562	-1368
6.00723004341	-1368
6.00725007057	-1368
6.00728011131	-1368
6.01566004753	-1368
6.01777005196	-1368
6.01779317856	-1368
6.02491617203	-1368
6.02494215965	-1368
6.02496004105	-1368
6.0284011364	-1368
6.02851009369	-1368
6.02853703499	-1368
6.03022909164	-1368
6.03030109406	-1368
6.03033804893	-1368
6.0305981636	-1368
6.03081202507	1368
6.03913521767	-1368
6.03915405273	-1368
6.04188799858	-1368
6.04191207886	-1368
6.04194116592	-1368
6.04514122009	-1368
6.04516506195	-1368
6.04519605637	-1368
6.0452940464	-1368
6.04535222054	-1368
6.04538106918	-1368
6.05173707008	-1368
6.05764222145	-1368
6.05765914917	1015
6.05768322945	-1368
6.05772900581	-1368
6.0596601963	-1368
6.05971121788	-1368
6.05975008011	-1368
6.06594514847	-1368
6.06597614288	-1368
6.06600618362	-1368
6.06610512733	-1368
6.06614422798	-1368
6.06616210938	-1368
6.07602000237	-1368
6.07604503632	-1368
6.07608699799	-1368
6.07628321648	-1368
6.0763361454	-1368
6.07649302483	-1368
6.08083510399	-1368
6.08087515831	-1368
6.08088111877	-1368
6.08467006683	-1368
6.08469700813	-1368
6.08471608162	-1368
6.08643102646	-1368
6.08645915985	-1368
6.0864841938	-1368
6.09291100502	-612
6.09473109245	-1368
6.0948240757	-1368
6.09484910965	-1368
6.10753703117	-1368
6.10756421089	-1368
6.10765123367	-1368
6.11755418777	-1368
6.11759114265	-1368
6.11759710312	-1368
6.11784720421	-1368
6.11790013313	-1368
6.11795115471	-1368
6.11796307564	1368
6.12132501602	-1368
6.12134122849	-1368
6.12141609192	-1368
6.12785720825	-1368
6.12790513039	-1368
6.12803721428	-1368
6.13000416756	-1368
6.13002514839	-1368
6.13022422791	-1368
6.13061118126	-1368
6.1306450367	-1368
6.13067221642	-1368
6.1322760582	1368
6.13734316826	-1368
6.13738918304	-1368
6.13741707802	-1368
6.14436912537	-1368
6.1444041729	-1368
6.14444303513	-1368
6.144780159	1368
6.14663004875	-1368
6.14665603638	-1368
6.14667916298	-1368
6.15396404266	-1368
6.15400004387	-1368
6.15401911736	-1368
6.15405511856	-1368
6.15408205986	-1368
6.15412712097	-1368
6.15643501282	1368
6.16261601448	-1368
6.16263914108	-1368
6.16265916824	-1368
6.16301703453	-1368
6.16301822662	1368
6.16311621666	-1368
6.16316604614	-1368
6.16368103027	-1368
6.16953611374	-1368
6.16955900192	-1368
6.17152500153	-1368
6.17154812813	-1368
6.17157721519	-1368
6.17620301247	-1368
6.17624115944	-1368
6.1762471199	-1368
6.17876219749	-1368
6.17878723145	-1368
6.17881321907	-1368
6.17911505699	-1368
6.17916512489	-1368
6.17923402786	-1368
6.18404817581	-1368
6.18407201767	-1368
6.18408703804	-1368
6.18412303925	-1368
6.19121003151	-1368
6.19130110741	-1368
6.19135808945	-1368
6.19158220291	-1368
6.19163608551	-1368
6.19164514542	-1368
6.1992020607	-1368
6.19923305511	733
6.19924211502	-1368
6.19924712181	-1368
6.19927215576	-1368
6.19930720329	-1368
6.1993432045	-1368
6.20180416107	-1368
6.20184016228	-1368
6.20192217827	-1368
6.20406413078	-1368
6.20408701897	-1368
6.20411300659	-1368
6.20979404449	-1368
6.209826231	-1368
6.20983219147	-1368
6.21451616287	-1368
6.21453499794	-1368
6.21455717087	-1368
6.21725320816	-1368
6.21728515625	-1368
6.21731805801	-1368
6.21734499931	-1368
6.21737217903	-1368
6.21740722656	-1368
6.21768212318	1368
6.22473907471	-1368
6.22475910187	-1368
6.22478103638	-1368
6.22932505608	-1368
6.22936415672	-1368
6.22937202454	-1368
6.22986006737	-1368
6.22995901108	-1368
6.22998714447	-1368
6.23277401924	-1368
6.23282718658	-1368
6.23284101486	-1368
6.23620414734	-942
6.24148607254	-1368
6.24151706696	-1368
6.24152302742	-1368
6.24664402008	-1368
6.24666213989	-1368
6.24669218063	-1368
6.24728322029	-1368
6.24734306335	-1368
6.24737215042	-1368
6.25145721436	-1368
6.25148701668	-1368
6.2515771389	-1368
6.25583314896	-1368
6.25587010384	-1368
6.25590610504	-1368
6.25602912903	-1368
6.25614905357	-1368
6.25616717339	-1368
6.25619721413	-1368
6.25625014305	-1368
6.25627613068	-1368
6.26006221771	-1368
6.26009702682	-1368
6.26012706757	-1368
6.26415801048	-1368
6.26419115067	-1368
6.26421117783	-1368
6.27231121063	-1368
6.27236413956	-1368
6.27239918709	-1368
6.27274608612	-1368
6.27277207375	-1368
6.27280211449	-1368
6.27298021317	-1368
6.27299904823	1368
6.27310299873	-1368
6.27314519882	-1368
6.28201723099	-1368
6.28217816353	-1368
6.28225207329	-1368
6.28226423264	-1368
6.2822830677	-1368
6.28229117393	-1368
6.28230500221	-1368
6.28231215477	-1368
6.28234815598	-1368
6.28314518929	-1368
6.28321003914	-1368
6.28322815895	-1368
6.29079222679	-1368
6.29090809822	-1368
6.29093813896	-1368
6.29096603394	-1368
6.29099416733	-1368
6.2910220623	-1368
6.29117822647	1368
6.29942703247	-1368
6.29952502251	-1368
6.30088806152	-1368
6.30092120171	-1368
6.30097413063	-1368
6.30107903481	-1368
6.30111122131	-1368
6.30114102364	-1368
6.3062441349	-1368
6.30628013611	-1368
6.30630016327	-1368
6.30972719193	-1368
6.30976700783	-1368
6.30994105339	-1368
6.30997419357	-1368
6.31000900269	-1368
6.31766605377	-1368
6.31778216362	-1368
6.31785702705	-1368
6.31787109375	-1368
6.31788420677	-1368
6.31789302826	-1368
6.31793308258	-1368
6.31795716286	-1368
6.31798219681	-1368
6.32573604584	-1368
6.3257791996	-1368
6.32579421997	-1368
6.32594418526	-1368
6.32599020004	-1368
6.32603406906	-1368
6.32933306694	-1368
6.32941007614	-1368
6.32943511009	-1368
6.3295340538	-1368
6.3295841217	-1368
6.32961821556	-1368
6.33357405663	-1368
6.33369207382	-1368
6.33379507065	-1368
6.33383512497	-1368
6.33387303352	-1368
6.33391213417	-1368
6.3341422081	1368
6.34088611603	-1368
6.34091901779	501
6.34093213081	-1368
6.34094500542	-1368
6.34125804901	-1368
6.34148406982	-1368
6.34152817726	-1368
6.34376907349	-1368
6.34382820129	-1368
6.34383416176	-1368
6.34384512901	-1368
6.35673213005	-1368
6.35676813126	-1368
6.38280105591	-407
6.45336914062	-1368
6.45341610909	-1368
6.45372819901	-1368
6.45376110077	-1368
6.45378804207	-1368
6.46245121956	-1368
6.46252202988	-1368
6.46253919601	-1368
6.47652006149	-1368
6.47655320168	-1368
6.48877620697	-1368
6.48887419701	1086
6.4889061451	-1368
6.4889190197	-1368
6.48897004128	-1368
6.48897719383	-1368
6.48899316788	-1368
6.49775314331	-1368
6.49779009819	-1368
6.49787306786	-1368
6.498016119	-1368
6.4980711937	-1368
6.49810004234	-1368
6.49931001663	-1368
6.49933505058	-1368
6.4993622303	-1368
6.50603508949	-1368
6.5060942173	-1368
6.50612521172	-1368
6.508685112	-1368
6.50871109962	-1368
6.50873613358	-1368
6.50930809975	-1368
6.50933909416	-1368
6.50937008858	-1368
6.50948214531	1368
6.51034903526	-1368
6.51089000702	-1368
6.51091623306	-1368
6.51744008064	-1368
6.51748919487	-1368
6.51751804352	-1368
6.51867318153	-1368
6.51869320869	-1368
6.51872515678	-1368
6.5227200985	-1368
6.52278208733	-1368
6.52278804779	-1368
6.52279400826	-1368
6.52442216873	-310
6.52640008926	-1368
6.52648019791	-1368
6.52820205688	-1368
6.52822804451	-1368
6.52826309204	-1368
6.52855610847	1368
6.52993321419	-1368
6.52996921539	-1368
6.53000020981	-1368
6.53232717514	-1368
6.53239512444	-1368
6.53241014481	-1368
6.53510522842	-1368
6.5415790081	-1368
6.54160904884	-1368
6.55008220673	1368
6.55054712296	-1368
6.55063915253	-1368
6.55067420006	-1368
6.55070304871	-1368
6.5507349968	-1368
6.55075001717	-1368
6.55078315735	-1368
6.55239415169	-1368
6.55242419243	-1368
6.55244612694	-1368
6.57550120354	-1368
6.65120601654	1268
6.66590309143	-1216
6.79424619675	-1368
6.79430413246	543
6.79433321953	-1368
6.8062980175	-1368
6.80632901192	-1368
6.80749201775	-1297
6.81213212013	1368
6.84901714325	-1368
6.94171023369	-1368
6.94174408913	1347
6.94174909592	-1368
6.94885206223	-1123
6.95497918129	1368
6.97311902046	-1368
6.9731490612	-1368
7.05603909492	-1368
7.09021520615	-1094
7.09030222893	1347
7.20622014999	-1368
7.20632314682	-1368
7.23130607605	-1368
7.23172616959	-153
7.23174214363	543
7.25443005562	-1368
7.25445103645	-1368
7.2544670105	-1368
7.2550330162	1368
7.25651812553	1368
7.25728917122	1368
7.37325501442	-1123
7.37329411507	240
7.42637205124	-1368
7.42640900612	-1368
7.49303412437	-1368
7.49311900139	-1368
7.50060105324	1368
7.51469111443	-269
7.5147330761	261
7.5156121254	1368
7.59810304642	-1368
7.65635418892	-261
7.65641522408	1318
7.71095919609	-1368
7.73389601707	-1368
7.73393416405	-1368
7.75891804695	-1368
7.76113915443	1368
7.78209018707	-1368
7.78215122223	-1368
7.78219413757	-1368
7.78219819069	-1368
7.78220319748	-1368
7.7822060585	-1368
7.79193615913	1368
7.79797410965	-401
7.79800820351	522
7.80516219139	-1368
7.88367915154	-1368
7.88373422623	-1368
7.88423514366	-1368
7.88425922394	-1368
7.88428711891	-1368
7.89073801041	1368
7.89201116562	-1368
7.89208316803	-1368
7.89214015007	-1368
7.9066491127	-1368
7.90669703484	-1368
7.90670204163	-1368
7.93456506729	-1368
7.93471813202	-1368
7.93478417397	-1368
7.93480110168	-1368
7.93482613564	-1368
7.93483519554	-1368
7.93944406509	-338
7.93947815895	261
7.94421100616	-1368
7.94423103333	-1368
7.94426202774	-1368
7.94428920746	-1368
7.94431614876	-1368
7.94440221786	-1368
7.94462800026	-1368
7.94465613365	-1368
7.94470906258	-1368
7.94473409653	-1368
7.94476699829	-1368
7.94479608536	-1368
7.94483017921	-1368
7.94484901428	-1368
7.94550514221	-1368
7.95692801476	-1368
7.95697307587	-1368
7.95699620247	-1368
7.95701313019	-1368
7.98098802567	-1368
7.98183202744	-1368
7.98187017441	-1368
7.98244309425	-1368
7.98247003555	-1368
7.98249912262	-1368
7.98638820648	1368
7.98878622055	-1368
7.98881816864	-1368
7.98883605003	-1368
7.98923802376	-1368
7.98926305771	-1368
7.98929214478	-1368
7.98954820633	-1368
7.98977303505	-1368
7.98979616165	-1368
7.98982310295	-1368
7.99627614021	-1368
7.99672818184	-1368
8.00173521042	-1368
8.0017580986	-1368
8.00241708755	-1368
8.00244307518	-1368
8.00247001648	-1368
8.00737905502	1368
8.02519416809	-1368
8.02601909637	1368
8.03688812256	1368
8.05323815346	-1368
8.05328607559	-1368
8.05817818642	1368
8.08012223244	1368
8.08085417747	-990
8.08087205887	422
8.10321521759	-1368
8.2223341465	-1260
8.22234916687	1086
8.22301506996	-1368
8.22304916382	-1368
8.24613118172	-1368
8.28627920151	-1368
8.2868142128	-1368
8.28683900833	-1368
8.28687000275	-1368
8.28738021851	-1368
8.28740501404	-1368
8.28743314743	-1368
8.29435300827	-1368
8.29438209534	-1368
8.29440021515	-1368
8.29441618919	-1368
8.29447507858	-1368
8.29450702667	-1368
8.2945330143	-1368
8.29466915131	-1368
8.29469609261	-1368
8.29519510269	-1368
8.29524922371	-1368
8.29527521133	-1368
8.30210208893	-1368
8.30213713646	-1368
8.30215620995	-1368
8.30221509933	-1368
8.30224108696	-1368
8.30226802826	-1368
8.30236411095	-1368
8.30241107941	-1368
8.30247616768	-1368
8.30251121521	-1368
8.30621600151	-1368
8.32984304428	-1368
8.32988810539	-1368
8.3299100399	-1368
8.33016610146	1368
8.34451913834	-1368
8.3446161747	-1368
8.3446969986	-1368
8.34477710724	-1368
8.34480905533	-1368
8.34481716156	-1368
8.35300207138	-1368
8.35303616524	-1368
8.35311508179	-1368
8.35316514969	-1368
8.35318112373	-1368
8.35326004028	-1368
8.35371112823	-1368
8.35372400284	-1368
8.35376620293	-1368
8.35399317741	-1368
8.35401201248	-1368
8.35404801369	-1368
8.35431408882	-1368
8.35433912277	-1368
8.35437512398	-1368
8.35482215881	-1368
8.35485601425	-1368
8.35488915443	-1368
8.355022192	1368
8.35979413986	-1368
8.3598151207	-1368
8.35982918739	-1368
8.35983514786	-1368
8.35986208916	-1368
8.35989117622	-1368
8.36062407494	-1368
8.36063718796	-1368
8.36065602303	-1368
8.36391806602	-975
8.36393904686	493
8.36705517769	-1368
8.36707115173	-1368
8.36708307266	-1368
8.36716413498	-1368
8.36718821526	-1368
8.3672170639	-1368
8.3672451973	-1368
8.3672721386	-1368
8.36730408669	-1368
8.36811709404	-1368
8.36813116074	-1368
8.36823105812	-1368
8.36825013161	-1368
8.36828303337	-1368
8.36833906174	-1368
8.37536001205	-1368
8.37539815903	-1368
8.37540411949	-1368
8.37542510033	-1368
8.3754491806	-1368
8.37557911873	-1368
8.37605714798	1368
8.37654614449	-1368
8.37657999992	-1368
8.37661409378	-1368
8.37664103508	-1368
8.37667322159	-1368
8.37670516968	-1368
8.38520622253	-1368
8.38530421257	-1368
8.39113116264	-1368
8.39125204086	-1368
8.39130115509	-1368
8.39130616188	-1368
8.39131903648	-1368
8.39133119583	-1368
8.39136505127	-1368
8.39142513275	-1368
8.39145207405	-1368
8.39151310921	-1368
8.39153909683	-1368
8.39156723022	-1368
8.39383912086	-1368
8.39386320114	-1368
8.39389610291	-1368
8.39817810059	-1368
8.39821910858	-1368
8.39822506905	-1368
8.3982322216	-1368
8.39836621284	-1368
8.39839315414	-1368
8.39842009544	-1368
8.39850902557	1368
8.39851403236	-1368
8.3985490799	-1368
8.39857506752	-1368
8.40004920959	-1368
8.40008115768	-1368
8.40008616447	-1368
8.40090107918	-1368
8.40091609955	-1368
8.40093302727	-1368
8.40567302704	-1368
8.40569901466	-1368
8.40570521355	-1368
8.42442417145	-1368
8.46886205673	-1368
8.46889019012	-1368
8.49531817436	-1368
8.49653100967	1368
8.50531005859	-55
8.50534915924	240
8.55422902107	-1368
8.55428814888	-1368
8.58473801613	-1368
8.58478307724	-1368
8.58481812477	-1368
8.64642906189	-1368
8.64668822289	-103
8.64755702019	543
8.78798604012	-543
8.90808105469	-1368
8.90903306007	543
8.96906614304	-232
9.13036823273	-1368
9.14934206009	-203
9.17241501808	543
9.41291809082	-1368
9.4129781723	-1368
9.41302323341	-377
9.43599009514	-1368
9.43605804443	-1368
9.57729101181	-377
9.57776713371	543
10.7003190517	543
10.8418571949	1057
13.6326730251	-543
