0	-543
0.339449167252	543
0.339627981186	543
0.649676084518	-543
1.02726006508	-543
1.33959197998	543
1.5017580986	-543
1.71029806137	543
2.06165599823	-543
2.06457018852	543
2.27515006065	-543
2.34528803825	-543
2.40755915642	-543
2.42117118835	543
2.74216103554	-543
2.74648714066	543
3.04531502724	-543
3.04790902138	-1420
3.04795908928	-1420
3.0479631424	-1264
3.05775213242	-1420
3.05776619911	-1420
3.05781817436	-1420
3.05782103539	-1212
3.06424713135	-1420
3.06426501274	-1316
3.13031220436	543
3.13341403008	543
3.18088507652	-1420
3.18090415001	-1420
3.18097019196	-1420
3.18097305298	-1420
3.18101406097	-1160
3.18101811409	-1420
3.18105316162	-1316
3.18105602264	-1368
3.19723820686	-1420
3.19725799561	-1420
3.19729614258	-1420
3.19729804993	-1420
3.19731402397	-1420
3.19731616974	-434
3.19753909111	543
3.19767212868	543
3.19896411896	543
3.21288013458	543
3.25037407875	543
3.25077915192	543
3.3840110302	543
3.38446712494	543
3.40837597847	-543
3.41987609863	543
3.54487919807	-1420
3.54489612579	-1316
3.54494905472	-1368
3.55252218246	543
3.55760598183	-1368
3.57994914055	-1326
3.72626304626	-1368
3.72649812698	543
3.72664308548	543
3.72788906097	1460
3.72794818878	625
3.7644970417	-261
3.76468300819	543
3.86128902435	-1368
3.86149716377	543
3.8616399765	543
3.87684106827	-1420
3.87685799599	-1420
3.87691497803	-1264
3.95290517807	-327
3.95791220665	543
4.00944399834	-1420
4.00945711136	-1316
4.02317118645	-1368
4.08237099648	-638
4.08488512039	543
4.08509302139	1460
4.08513712883	111
4.11751413345	-1420
4.1175301075	-1316
4.13468313217	-1420
4.13470005989	-1420
4.13473510742	-1264
4.13895797729	-1420
4.13900208473	-1316
4.13916802406	-1368
4.14839601517	-1420
4.1484131813	-1420
4.14846801758	-1264
4.15623807907	-1420
4.15629506111	-1420
4.15629911423	-1264
4.15981006622	-1420
4.15981602669	-1316
4.1641960144	-1368
4.16750502586	-1420
4.16753101349	-1316
4.1781899929	-1368
4.1868159771	-1420
4.18682408333	-1316
4.19016504288	-1368
4.1904001236	-1420
4.19042301178	-1316
4.19650197029	-1420
4.1965379715	-1316
4.19844818115	543
4.19902205467	1460
4.19909310341	625
4.20146918297	-1420
4.20147609711	-1316
4.20150518417	-1368
4.20158600807	543
4.21557307243	-1087
4.21686410904	-1368
4.22441911697	-1420
4.22442913055	-1316
4.24698114395	-1420
4.24699807167	-1420
4.24705314636	-1420
4.24705600739	-1212
4.27170205116	-1420
4.27171897888	-1420
4.27177405357	-1420
4.27177619934	-1420
4.27181720734	-1420
4.27182006836	-1108
4.2720220089	543
4.27813100815	-1368
4.29107499123	-1420
4.29112911224	-1420
4.29113316536	-1264
4.29496407509	-1368
4.29839420319	-1368
4.29980397224	-1420
4.29980897903	-1420
4.29984998703	-1264
4.30020999908	543
4.30422019958	-1420
4.30422401428	-1420
4.3042640686	-1264
4.3064391613	1057
4.31477212906	-1420
4.31477808952	-1420
4.31482505798	-1264
4.32119512558	-1420
4.32124209404	-1420
4.32124614716	-1264
4.33877897263	-1368
4.33896017075	-1420
4.33899497986	-1316
4.34323906898	-1420
4.34326314926	-1316
4.34697008133	-1420
4.34702706337	-1420
4.34703016281	-1264
4.34765100479	-257
4.35069799423	543
4.35296297073	-1420
4.35297298431	-1316
4.35577201843	-1368
4.35919618607	-1420
4.35923910141	-1316
4.3611330986	-1368
4.36384797096	-1420
4.36385703087	-1316
4.37504911423	-1420
4.3750641346	-1316
4.37520909309	-1420
4.37521314621	-1316
4.37847304344	-1420
4.37848210335	-1316
4.37850809097	-1368
4.37921500206	543
4.38086819649	-1368
4.38285017014	-1368
4.38391900063	543
4.38567709923	543
4.38639616966	-1420
4.38639998436	-1420
4.38644099236	-1264
4.38650012016	1460
4.38654112816	1460
4.38659214973	1161
4.38667297363	603
4.3899371624	-1420
4.38994598389	-1316
4.39025807381	543
4.39085102081	543
4.39212203026	-1368
4.39530515671	-1420
4.39532899857	-1316
4.39704012871	-1368
4.39947009087	-1420
4.39947509766	-1316
4.40070009232	-1368
4.40410804749	-1420
4.40412998199	-1316
4.4055981636	-1368
4.40582418442	-1420
4.40582919121	-1316
4.41007113457	-1368
4.41027116776	-1420
4.4103000164	-1316
4.41100215912	-1420
4.41104102135	-1420
4.41104507446	-1420
4.41109514236	-1212
4.41109919548	-1420
4.41114020348	-1420
4.41114211082	-1264
4.41117715836	-1368
4.41127610207	1057
4.41139006615	-1420
4.41139411926	-1420
4.41143107414	-1264
4.41582918167	-1420
4.41585707664	-1316
4.42064118385	-1420
4.4206840992	-1420
4.42068719864	-1420
4.42072319984	-1212
4.42363214493	-1368
4.42377018929	543
4.4274160862	-1420
4.42742204666	-1316
4.43009114265	-1420
4.43009614944	-1316
4.43016719818	-1368
4.4369301796	-1420
4.43697309494	-1420
4.43697500229	-1264
4.44016098976	-1368
4.44233417511	-1420
4.44237112999	-1316
4.44371199608	-1368
4.44509410858	-1368
4.44885516167	-1420
4.44887804985	-1316
4.45005297661	-1420
4.45007419586	-1316
4.45126509666	-1420
4.45132803917	-1316
4.45133113861	-1368
4.45429611206	-1368
4.45449304581	-1420
4.4545211792	-1316
4.45517802238	1057
4.45956301689	-1368
4.46219706535	-1420
4.46223020554	-1316
4.46293210983	-1368
4.46322011948	-1420
4.46322512627	-1420
4.46326398849	-1264
4.46343612671	-1420
4.46345806122	-1316
4.4684240818	-1420
4.46844601631	-1316
4.46853709221	-1420
4.46857404709	-1420
4.46857714653	-1264
4.4686191082	-1368
4.47245311737	543
4.47287917137	-1420
4.47288417816	-1420
4.47293019295	-1420
4.47293305397	-1212
4.47687005997	-1420
4.47687506676	-1316
4.47708010674	-1368
4.47723817825	-1420
4.4772670269	-1316
4.48277020454	-1420
4.482817173	-1420
4.48282003403	-1420
4.48286104202	-952
4.48437809944	-1420
4.48440313339	-1316
4.48867797852	-1420
4.48871898651	-1420
4.48872208595	-1264
4.49185013771	-1368
4.49195313454	543
4.49206209183	543
4.49266815186	-1420
4.49267315865	-1316
4.4936401844	-1420
4.49364519119	-1420
4.4936850071	-1264
4.49448800087	-1420
4.4945371151	-1420
4.49453902245	-1264
4.50345206261	-1368
4.5045800209	-1420
4.50462818146	-1420
4.50463104248	-1420
4.50466609001	-1212
4.50489902496	-1420
4.50493812561	-1420
4.50494098663	-1420
4.50497603416	-1212
4.50808405876	-1420
4.50813102722	-1420
4.50813412666	-1264
4.50816917419	-1368
4.51033210754	-1420
4.51035618782	-1316
4.51045298576	-1420
4.51047301292	-1316
4.51252412796	543
4.51378512383	-1420
4.51379013062	-1316
4.51616215706	-1420
4.5161690712	-1420
4.51621699333	-1420
4.51622009277	-1212
4.51625418663	-1420
4.51625704765	-1316
4.52165007591	-1420
4.52166509628	-1420
4.52171516418	-1264
4.52171707153	-1368
4.52529907227	543
4.52591609955	-1420
4.52592206001	-1420
4.52597904205	-1264
4.52598309517	-1420
4.5260181427	-1420
4.52602005005	-1264
4.55910420418	-1420
4.55911517143	-1420
4.55916714668	-1420
4.55916905403	-1420
4.55920314789	-1160
4.55920600891	-1368
4.55959820747	-1368
4.5795071125	-1420
4.57957220078	-1420
4.5795750618	-1264
4.58881306648	-1368
4.5912899971	-1368
4.59449315071	-1420
4.59449720383	-1420
4.59453511238	-1264
4.59782409668	-1420
4.597864151	-1420
4.59786605835	-1264
4.60015010834	-1420
4.60015511513	-1420
4.60019612312	-1264
4.60113501549	543
4.60283207893	-1420
4.60284018517	-1420
4.60289716721	-1264
4.60432314873	-1368
4.60444498062	-1368
4.60444808006	-1368
4.60466718674	-1420
4.60467219353	-1316
4.61015605927	-1420
4.61016106606	-1420
4.6102001667	-1264
4.61254906654	-1420
4.61257100105	-1316
4.61436414719	-1420
4.6144080162	-1316
4.61441111565	-1368
4.61724615097	-1081
4.61981701851	543
4.61998414993	543
4.62192606926	-1368
4.62593603134	-1368
4.63515806198	-1420
4.63516402245	-1420
4.63520503044	-1264
4.64364409447	-1368
4.72832608223	-1420
4.72834706306	-1420
4.72838497162	-1264
4.73629403114	-1420
4.73631906509	-1316
4.75262713432	-1118
4.76218509674	-1420
4.76219320297	-1316
4.76840019226	-1420
4.76840519905	-1420
4.76844501495	-1264
4.76855802536	543
4.77283120155	-1368
4.77298116684	-1368
4.79367113113	-1368
4.79640507698	-1420
4.79644918442	-1420
4.79645204544	-1264
4.80708503723	-1368
4.83353304863	-1420
4.83360505104	-1420
4.83361005783	-1264
4.83363604546	-1420
4.8336391449	-1316
4.83366298676	-1368
4.83366703987	-1420
4.83369112015	-1316
4.83369398117	-1368
4.83371305466	-1420
4.8337161541	-1420
4.83375310898	-1264
4.83375716209	-1368
4.83378911018	-1420
4.8337931633	-1316
4.83381509781	-1420
4.8338470459	-1316
4.83386611938	-1420
4.83386898041	-1316
4.83388614655	-1420
4.83388805389	-1316
4.83390307426	-1420
4.83390498161	-1316
4.83392119408	-1368
4.83392310143	-1420
4.83393907547	-1420
4.83394098282	-1420
4.83395600319	-1420
4.83395814896	-1420
4.833974123	-1420
4.83397603035	-1420
4.83399820328	-1420
4.83400917053	-1420
4.83402514458	-1420
4.83402705193	-1420
4.83405303955	-1420
4.83405709267	-1420
4.83405804634	-1420
4.83406019211	-1420
4.83406114578	-1420
4.83406209946	-1420
4.83406305313	-1420
4.8340651989	-1420
4.83406615257	-1420
4.83406710625	-1420
4.83406805992	-1420
4.8340690136	-1420
4.83407115936	-172
4.83417105675	-1420
4.83417320251	-1316
4.83432507515	-1368
4.83453798294	-1368
4.83463716507	543
4.83475708961	543
4.83499217033	-1420
4.83499598503	-1316
4.8352060318	-1420
4.83520913124	-1316
4.83533501625	-1420
4.83533716202	-1420
4.83534502983	-1264
4.83547711372	-1368
4.83571505547	-1420
4.83573913574	-1316
4.83574199677	-1368
4.83581018448	543
4.83633112907	1086
4.83637404442	-1420
4.83640313148	-1420
4.8364610672	-1264
4.83816099167	-1420
4.83819198608	-1316
4.83992314339	-1420
4.83997011185	-1420
4.83997297287	-1264
4.84199714661	-1420
4.84200501442	-1420
4.84204912186	-1264
4.85748815536	-1368
4.90348100662	-227
4.92067408562	-1420
4.92071413994	-1316
4.92845797539	-1420
4.92848420143	-1316
4.93883919716	-1420
4.93890309334	-1420
4.93890714645	-1264
4.93905115128	543
4.9445950985	-1420
4.94459915161	-1316
4.96272397041	-1368
4.96812415123	-1420
4.96816205978	-1316
4.96830701828	543
4.99044299126	-1368
5.00339007378	-1368
5.0110411644	-1368
5.01544499397	-1420
5.01549601555	-1420
5.01549911499	-1264
5.01796507835	-1420
5.01797103882	-1316
5.01838612556	-1420
5.01839113235	-1316
5.01841211319	-1368
5.01849317551	543
5.02532315254	-1420
5.02533006668	-1420
5.02537417412	-1264
5.03381800652	-1420
5.03385210037	-1420
5.03385615349	-1264
5.03435111046	-1368
5.04404211044	-1420
5.04411411285	-1420
5.04411816597	-1264
5.04415202141	-1420
5.04415416718	-1316
5.04421114922	-1368
5.04483604431	-1420
5.04486012459	-1316
5.05259013176	-1368
5.05265808105	-1420
5.05266404152	-1316
5.0528550148	543
5.05634117126	-1368
5.06269907951	-866
5.06411600113	-1420
5.06412220001	-1316
5.06983304024	-1420
5.06983804703	-1420
5.06987810135	-1264
5.09383201599	-1420
5.09388804436	-1316
5.09389209747	-1368
5.09404110909	543
5.10384917259	-1420
5.10385608673	-1316
5.10420107841	-1368
5.11012220383	-1368
5.11339902878	-1420
5.11340618134	-1316
5.11700510979	-1420
5.11701011658	-1316
5.1172451973	-1368
5.12008213997	-1420
5.12010502815	-1316
5.12275505066	-1368
5.12493014336	-1420
5.12494111061	-1316
5.12798500061	-1368
5.12947010994	-1420
5.12950611115	-1316
5.13106012344	-1368
5.13330507278	-1420
5.13331699371	-1420
5.13336801529	-1264
5.1351749897	-1420
5.13520598412	-1316
5.1354470253	-1368
5.13591504097	-1420
5.13591909409	-1420
5.13595819473	-1264
5.13982820511	-1420
5.13989520073	-1420
5.13989901543	-1264
5.1404299736	543
5.14530205727	-1420
5.14532113075	-1420
5.14535903931	-1264
5.14627218246	-1420
5.14631414413	-1420
5.14631700516	-1264
5.14775300026	-1420
5.14775800705	-1316
5.14785313606	543
5.1479370594	-1368
5.15184903145	-1420
5.15188217163	-1316
5.15218400955	-1368
5.15445899963	-1420
5.15446615219	-1420
5.15450716019	-1264
5.15860509872	-1420
5.15863204002	-1316
5.15873718262	-1368
5.1619811058	-1420
5.16198706627	-1420
5.16202807426	-1264
5.16212105751	543
5.16435313225	-1368
5.16770720482	-1368
5.17024707794	-1420
5.17025208473	-1316
5.17117118835	-1420
5.17117619514	-1316
5.17332911491	-1420
5.17333316803	-1420
5.1733751297	-1264
5.17522001266	-1368
5.17536306381	-1368
5.17536902428	-1368
5.18163609505	-1420
5.18164300919	-1316
5.18175411224	543
5.18183302879	-1368
5.19835209846	-1420
5.19840717316	-1420
5.19841217995	-1264
5.19993209839	-1368
5.19999217987	-116
5.20194220543	-1420
5.20194911957	-1316
5.20257401466	-1420
5.20257902145	-1316
5.20269107819	543
5.20668411255	-1420
5.20668911934	-1420
5.20672917366	-1264
5.20681118965	543
5.20854115486	-1420
5.20854711533	-1420
5.20858812332	-1264
5.20974397659	-1368
5.21084499359	-1420
5.21084904671	-1316
5.21191000938	-1420
5.21191501617	-1316
5.21312713623	-1420
5.21313405037	-1316
5.21464300156	-1368
5.21478915215	-1420
5.21484398842	-1420
5.21484708786	-1264
5.21497607231	543
5.21558904648	-1420
5.21559405327	-1316
5.21867108345	-1420
5.21867799759	-1420
5.21872210503	-1264
5.21879601479	-1420
5.21883511543	-1420
5.21883797646	-1264
5.21969199181	-1420
5.2196969986	-1316
5.2213010788	-1420
5.22130703926	-1316
5.22171211243	-1368
5.22501111031	-1368
5.22517800331	-1420
5.2251830101	-1316
5.2288851738	-1420
5.22889113426	-1420
5.22893500328	-1264
5.22921514511	-1368
5.22960615158	543
5.23019313812	-1420
5.23019814491	-1316
5.2328710556	-1420
5.23287606239	-1316
5.23398303986	-1420
5.2339861393	-1316
5.23411202431	-1368
5.23588705063	-1420
5.23590803146	-1316
5.23600006104	543
5.23646497726	-1368
5.2379181385	-1420
5.23797106743	-1420
5.23797416687	-1264
5.23817014694	-1420
5.23817420006	-1316
5.23915314674	-1368
5.24011611938	543
5.24088215828	-1420
5.2408850193	-1316
5.24097108841	-1368
5.24136710167	-1420
5.24138998985	-1316
5.24544000626	-1420
5.24548411369	-1420
5.24548697472	-1264
5.2486641407	-1420
5.24866914749	-1316
5.25008296967	-1368
5.25245809555	-1420
5.25251102448	-1420
5.25251412392	-1264
5.25305604935	-1368
5.25312399864	-1368
5.25371718407	-1420
5.25372219086	-1420
5.25376319885	-1264
5.25422120094	-1368
5.25443696976	-1420
5.2544400692	-1316
5.25849914551	-1420
5.25851202011	-1420
5.25854706764	-1264
5.25866603851	1057
5.26199102402	-1420
5.26200699806	-1420
5.26204204559	-1264
5.26293611526	-1420
5.26298213005	-1420
5.2629840374	-1264
5.26334810257	-1420
5.26335120201	-1316
5.26598906517	-1368
5.26874804497	-1420
5.26879906654	-1420
5.26880216599	-1264
5.2700381279	-1368
5.27012705803	-1368
5.27037119865	-1368
5.2704770565	-1368
5.27073407173	-1420
5.27073717117	-1316
5.2709300518	-1420
5.27093315125	-1420
5.2709710598	-1264
5.27097415924	-1368
5.27102518082	-1420
5.27102804184	-1316
5.2712790966	-1420
5.27128314972	-1420
5.27132105827	-1264
5.27140498161	-1420
5.27142500877	-1316
5.27177214622	-1368
5.27181100845	-1420
5.27181410789	-1420
5.27184915543	-1264
5.27185201645	-1420
5.27193212509	-1420
5.27193498611	-1264
5.27327013016	-1420
5.2732770443	-1420
5.27331709862	-1264
5.27385807037	-1420
5.27389717102	-1420
5.27389907837	-1264
5.2739481926	-1368
5.27491998672	-1368
5.27525115013	-1420
5.27525615692	-1420
5.27525806427	-1264
5.27525997162	-1420
5.27529406548	-1420
5.27529716492	-1420
5.27529811859	-1212
5.27529907227	-1420
5.27530002594	-1316
5.27543616295	-1420
5.27543997765	-1316
5.27544116974	-1368
5.27560305595	-1420
5.2756061554	-1420
5.27560806274	-1264
5.27573919296	-1420
5.27574300766	-1420
5.27574515343	-1264
5.27582097054	-1420
5.27582502365	-1316
5.27601909637	-1420
5.27602314949	-1420
5.27602410316	-1264
5.27617907524	-1420
5.27618312836	-1420
5.27618503571	-1264
5.27902007103	-1420
5.27902698517	-1420
5.27902817726	-1420
5.27903008461	-1420
5.27903103828	-1420
5.27903199196	-1420
5.27903318405	-1420
5.27903413773	-1420
5.2790350914	-1420
5.27903604507	-1420
5.27903699875	-1420
5.27903819084	-1420
5.27903914452	-1420
5.27904009819	-1420
5.27904105186	-1420
5.27904200554	-1420
5.27907705307	-1420
5.27908110619	-1420
5.27908301353	-1420
5.27908420563	-1420
5.27908611298	-1420
5.27908802032	-1420
5.279088974	-1420
5.27909111977	-1420
5.27909302711	-1420
5.27909398079	-1420
5.27909517288	-1420
5.27909708023	-1420
5.27909803391	-1420
5.27909898758	-1420
5.27910113335	-1420
5.2791030407	-1420
5.27911710739	-1420
5.27912020683	-1420
5.27912211418	-1420
5.27912402153	-1420
5.2791249752	-1420
5.27912712097	-1420
5.27912807465	-1420
5.27912902832	-1420
5.27913117409	-1420
5.27913308144	-1420
5.27913403511	-1420
5.27913618088	-1420
5.27913713455	-1420
5.27913808823	-396
5.27996110916	-1420
5.27996611595	-1420
5.2799680233	-1420
5.27996897697	-1420
5.27997016907	-1420
5.27997112274	-1420
5.27997398376	-1420
5.27997612953	-1004
5.28014802933	543
5.28042912483	543
5.2813680172	1460
5.28143000603	683
5.28169202805	543
5.28199720383	1057
5.28561520576	-1420
5.28563117981	-1316
5.30165505409	-1368
5.33995199203	543
5.34015917778	586
5.35144805908	-1188
5.35163903236	543
5.37355899811	543
5.39111709595	1057
5.43274712563	-1420
5.43276405334	-1420
5.43280410767	-1264
5.43280720711	-1420
5.43282818794	-1316
5.43471217155	-1368
5.43485999107	-1420
5.43486618996	-1316
5.43623900414	-1420
5.43624615669	-1316
5.43626999855	-1368
5.43731999397	-1420
5.43734717369	-1316
5.43865919113	-1368
5.45268917084	-1420
5.45270419121	-1420
5.45275807381	-1264
5.45360517502	-1420
5.45363211632	-1316
5.45450806618	-1368
5.45461606979	543
5.45591020584	-1420
5.45591616631	-1420
5.4559571743	-1264
5.45603609085	543
5.46558713913	-1420
5.46559309959	-1420
5.46563601494	-1264
5.48174905777	-876
5.48237919807	-1420
5.48238515854	-1316
5.52282619476	543
5.61151218414	-891
5.64007997513	543
5.64061903954	543
5.67064118385	-1420
5.67065906525	-1420
5.67072200775	-1420
5.67072510719	-1420
5.67076706886	-1160
5.67593502998	-1420
5.67597818375	-1420
5.67598104477	-1264
5.68631410599	-1420
5.68632817268	-1316
5.68658399582	543
5.74285411835	-1368
5.74357509613	-1420
5.74362611771	-1420
5.7436311245	-1264
5.74397015572	-1368
5.74415206909	-1368
5.7442920208	-1420
5.74429702759	-1420
5.74434113503	-1264
5.7586710453	-543
5.75945115089	1057
5.77631020546	-1368
5.78020715714	543
5.78080105782	-317
5.78096413612	543
5.78156208992	543
5.78173398972	-1368
5.82516717911	-1368
5.83173108101	-1420
5.83181500435	-1316
5.83181905746	-1420
5.83185505867	-1420
5.83185720444	-1264
5.83345413208	-1368
5.83984708786	543
5.91481399536	-567
5.91501903534	543
5.91515898705	543
5.94392108917	-1420
5.94393801689	-1316
5.9606180191	-1420
5.96063399315	-1420
5.96069002151	-1264
5.98519515991	-1420
5.98526716232	-1420
5.98527216911	-1264
5.99729609489	-1420
5.9973051548	-1316
5.99746513367	543
6.0059261322	-1368
6.0060801506	543
6.01034498215	-1420
6.01035118103	-1316
6.01412320137	-1420
6.01412916183	-1316
6.01469898224	-1368
6.02027916908	-1368
6.02364015579	-1420
6.02364611626	-1420
6.02368712425	-1264
6.02774810791	-1420
6.02778410912	-1316
6.03196501732	-1368
6.03394699097	-1368
6.054033041	-1071
6.12008500099	-1368
6.1202981472	543
6.12044715881	543
6.14897298813	-586
6.16114997864	-1420
6.16117310524	-1420
6.16121411324	-1420
6.16121697426	-1212
6.16142702103	543
6.16352510452	-1420
6.16353106499	-1316
6.16620111465	-1368
6.16834211349	-1420
6.16837215424	-1316
6.17062616348	-1368
6.18899011612	-1368
6.22955918312	-894
6.23605203629	-1420
6.23606514931	-1420
6.23611807823	-1420
6.23612117767	-1212
6.23615598679	-1368
6.2363049984	543
6.24014115334	-1420
6.24014616013	-1420
6.2401881218	-1264
6.24027514458	543
6.24965620041	-1420
6.24967098236	-1316
6.24972605705	-1368
6.26747512817	-1368
6.26947712898	-1420
6.26948404312	-1316
6.27255511284	543
6.2879421711	-1420
6.28795814514	-1420
6.28801202774	-1420
6.28801512718	-1420
6.28805017471	-1160
6.29082512856	-1420
6.29088711739	-1316
6.29088997841	-1368
6.3015639782	-1368
6.30284619331	-1368
6.33987617493	543
6.33998012543	543
6.3401529789	543
6.36587405205	-72
6.37266516685	543
6.39600014687	-1420
6.39601707458	-1316
6.41583919525	-1420
6.41585612297	-1316
6.42189097404	543
6.45778417587	-1420
6.45780110359	-1316
6.4707570076	543
6.4782640934	543
6.49611210823	-1218
6.51057314873	543
6.51392316818	543
6.51600313187	-1420
6.51600813866	-1316
6.56606602669	-543
6.62580299377	-406
6.63032317162	543
6.65583300591	-1368
6.65598201752	543
6.75592899323	-1289
6.76005601883	543
6.76056218147	-1368
6.8861811161	-1289
6.90529799461	543
7.0168170929	-1086
7.01704907417	543
7.05720305443	-543
7.07266402245	-543
7.07645106316	-1420
7.07646417618	-1316
7.10997200012	1057
7.11025905609	1057
7.11048412323	1057
7.14795017242	-978
7.15990900993	543
7.16189908981	543
7.30123400688	-543
7.30251002312	-1420
7.30255198479	-1316
7.31202602386	-1368
7.31219696999	1057
7.34243798256	-1368
7.4443590641	-1420
7.44437503815	-1420
7.44443106651	-1420
7.44443416595	-1212
7.44446706772	-1368
7.44514703751	-1368
7.44580197334	-1420
7.44582819939	-1316
7.44614100456	-1368
7.45992016792	543
7.4618871212	1057
7.46298503876	-1368
7.4632871151	-1242
7.50089097023	-1420
7.50091099739	-1316
7.5125951767	-1420
7.51261210442	-1316
7.5343940258	-1420
7.53441214561	-1420
7.53446912766	-1264
7.54806399345	-1368
7.54811620712	-1420
7.54812002182	-1316
7.54826712608	543
7.55676698685	-1368
7.56444501877	-1368
7.57216501236	-1368
7.58079218864	-1420
7.58082699776	-1316
7.58787918091	-1420
7.58792209625	-1420
7.58792614937	-1264
7.60298705101	-881
7.60814714432	-1420
7.60818004608	-1316
7.6260972023	-1368
7.6381611824	-1420
7.63817811012	-1316
7.63884115219	-1368
7.64020109177	543
7.64927911758	-1420
7.64929914474	-1316
7.65717697144	-1368
7.65732312202	543
7.66514515877	-1368
7.66995716095	-1368
7.67236709595	-1368
7.67731118202	-1420
7.67734503746	-1316
7.67907309532	543
7.69679617882	-1420
7.69680905342	-1420
7.69686198235	-1264
7.70552897453	-1420
7.70556497574	-1316
7.71793317795	-1420
7.71801018715	-1420
7.71801400185	-1264
7.73023605347	-1420
7.73025298119	-1316
7.73803019524	-1013
7.7422451973	-1420
7.7422940731	-1420
7.74229812622	-1264
7.75453019142	-1420
7.75454711914	-1420
7.75461101532	-1264
7.76986312866	543
7.77165603638	-1420
7.77166414261	-1420
7.77170801163	-1264
7.77751517296	-1368
7.79005599022	543
7.79065108299	-1368
7.80433416367	-1368
7.81995511055	-1368
7.82178902626	543
7.82581996918	-1420
7.82582402229	-1316
7.86489701271	-1420
7.86491703987	-1420
7.86497306824	-1264
7.88537812233	-425
7.96064114571	543
7.96655702591	543
7.99507403374	-1420
7.99509000778	-1420
7.99514508247	-1264
8.01548814774	-66
8.01567006111	543
8.04382109642	-1420
8.04383802414	-1420
8.04389119148	-1264
8.15457320213	-1152
8.15474915504	543
8.15526199341	543
8.2847931385	543
8.28486919403	-543
8.28503108025	543
8.37687206268	-1368
8.38990211487	543
8.4150261879	-261
8.59182715416	-543
8.67927002907	-1368
8.67994308472	543
8.73422002792	-1368
8.78486609459	-493
8.93029999733	-543
8.93252801895	-1420
8.93253302574	-1420
8.93257498741	-1420
8.93257808685	-1212
8.93497419357	-1368
8.93805003166	-1420
8.93806099892	-1316
8.95098805428	-1368
8.98083901405	-1420
8.98085713387	-1420
8.98092103004	-1264
8.99917602539	-1420
8.99919009209	-1316
8.99924015999	-1420
8.99924206734	-1316
9.00348711014	-1420
9.00349402428	-1420
9.00353503227	-1264
9.01943612099	-1420
9.01945114136	-1420
9.01950716972	-1264
9.01964902878	543
9.02539110184	-1420
9.02539801598	-1316
9.02866005898	-1368
9.06029009819	-1013
9.06249904633	-1420
9.06250500679	-1420
9.06255698204	-1420
9.06256008148	-1212
9.06259608269	-1368
9.06587719917	-1420
9.06591916084	-1420
9.06592202187	-1264
9.06604003906	543
9.07288599014	-1420
9.07289218903	-1420
9.07294011116	-1264
9.07958197594	-1368
9.07973599434	543
9.08028697968	-1420
9.08029198647	-1316
9.08274006844	-1420
9.08274507523	-1316
9.0840651989	-1368
9.11494898796	-1368
9.12705612183	-1420
9.12707304955	-1316
9.13813614845	-1420
9.13815402985	-1316
9.14243817329	-1420
9.14245510101	-1420
9.14249110222	-1264
9.14603114128	-1420
9.14607810974	-1420
9.14608216286	-1264
9.15065407753	-1368
9.15465807915	-1420
9.15469002724	-1316
9.15870118141	-1368
9.15873217583	-1420
9.15873503685	-1316
9.15886902809	543
9.1630821228	-1368
9.16551208496	-1368
9.16977715492	-1420
9.16978216171	-1316
9.17152500153	-1368
9.17385697365	-1420
9.17389798164	-1420
9.17390012741	-1264
9.17750597	-1420
9.17751216888	-1316
9.1776201725	543
9.18105816841	-1368
9.1846280098	-1420
9.18465209007	-1316
9.19039702415	-824
9.19530916214	-1420
9.19531607628	-1420
9.19536113739	-1420
9.19536399841	-1420
9.19539809227	-1160
9.19549798965	543
9.20114016533	-1420
9.20114612579	-1420
9.20118713379	-1264
9.20780301094	-1420
9.20783400536	-1316
9.20783805847	-1368
9.21278500557	-1368
9.21506810188	-1420
9.21509814262	-1316
9.21643900871	-1420
9.21646499634	-1316
9.21646809578	-1368
9.22215199471	-1420
9.22216820717	-1316
9.22257518768	-1368
9.22831702232	-1420
9.2283680439	-1420
9.22837209702	-1264
9.23068618774	-1368
9.23078513145	543
9.24096798897	-1420
9.24098515511	-1316
9.24102306366	-1368
9.24395108223	-1420
9.2439789772	-1316
9.25048303604	-1368
9.2553319931	-1420
9.25533819199	-1316
9.25838112831	-1368
9.25847101212	543
9.26973414421	-1420
9.26974201202	-1420
9.26977419853	-1264
9.27041816711	-1368
9.27086305618	-1420
9.27086806297	-1316
9.27281308174	-1420
9.27281808853	-1316
9.27299809456	-1368
9.27712607384	-1420
9.27716708183	-1420
9.27717018127	-1264
9.2775990963	543
9.28249597549	-1420
9.28250098228	-1420
9.28254103661	-1264
9.28847718239	-1368
9.29134202003	-1420
9.2913479805	-1316
9.29369711876	-1368
9.31693220139	-543
9.33948898315	543
9.34287619591	-811
9.39987015724	543
9.42314815521	1057
9.78861117363	-543
9.8005001545	-1420
9.80057120323	-1420
9.80061411858	-1264
9.80065107346	-1368
9.92611908913	-240
10.2532839775	-543
10.3401110172	543
10.7609591484	-543
10.8144960403	-543
11.0898141861	-543
11.4304001331	1057
12.9427301884	-543
12.9569070339	-543
13.7372660637	-543
