0	543
1.82177495956	543
1.83395695686	543
2.0965950489	-543
2.20851588249	-543
2.20941090584	-1420
2.20943689346	-1316
2.21984291077	-1368
2.22398495674	543
2.25186395645	543
2.29152798653	543
2.32048392296	-66
2.34770202637	543
2.34798789024	543
2.55673694611	-543
2.56179904938	1057
2.60338306427	-1420
2.60341405869	-1420
2.60345292091	-1264
2.6626329422	-1368
2.67422389984	-841
2.67485594749	543
2.6750459671	543
2.67537403107	543
2.67554497719	543
2.7283449173	-543
2.90268111229	-543
3.00141406059	543
3.01740908623	-1420
3.0174601078	-1420
3.01749801636	-1264
3.0270960331	-1368
3.03857398033	543
3.05107188225	543
3.05457997322	-1355
3.05652999878	543
3.05701398849	543
3.05719709396	543
3.07445907593	543
3.07471990585	543
3.17248606682	-543
3.24314808846	-1368
3.31672310829	-1368
3.32174706459	-1420
3.32181191444	-1420
3.32181596756	-1264
3.32810997963	543
3.33219909668	-45
3.36949300766	543
3.37637591362	543
3.40091395378	-1420
3.40093302727	-1420
3.40097093582	-1264
3.46701097488	-1420
3.46704506874	-1420
3.46711397171	-1264
3.46826291084	-1420
3.4682700634	-1420
3.46830606461	-1264
3.46874809265	-1420
3.46878790855	-1316
3.47186088562	-1420
3.47190690041	-1316
3.47256207466	543
3.50261592865	-1420
3.50263190269	-1316
3.51291394234	-1420
3.51292991638	-1420
3.5129840374	-1264
3.51298689842	-1420
3.51302099228	-1420
3.51302289963	-1264
3.51324009895	543
3.57920193672	-1420
3.57922005653	-1420
3.57927799225	-1420
3.57928109169	-1212
3.57932400703	-1420
3.57932710648	-1316
3.58042788506	-1420
3.58043289185	-1420
3.58048605919	-1420
3.58048892021	-1212
3.58053302765	-1420
3.580534935	-1316
3.58150601387	-1420
3.58150911331	-1420
3.59151101112	1057
3.67378091812	-1368
3.69338488579	-261
3.69392704964	543
3.92809510231	-543
4.00147795677	543
4.03001499176	-1368
4.08030200005	-261
4.08986496925	543
4.10152006149	543
4.10178089142	543
4.12148094177	543
4.12197899818	543
4.12217187881	543
4.13645291328	543
4.14142107964	543
4.22829699516	543
4.22863793373	543
4.22889995575	543
4.22911095619	543
4.257791996	-1420
4.25780701637	-1420
4.25786209106	-787
4.26752209663	-1368
4.27048587799	543
4.29322910309	-1420
4.29324388504	-1420
4.2933011055	-1264
4.29688310623	-1420
4.29694604874	-1420
4.29694890976	-1264
4.29951190948	-1420
4.2995159626	-1316
4.29963588715	-1368
4.30139398575	543
4.30410599709	-1420
4.30411100388	-1420
4.30415010452	-1264
4.31021404266	-1420
4.31027007103	-1420
4.31027603149	-1264
4.31403303146	-1420
4.31403803825	-1420
4.31407809258	-1264
4.31436800957	-1420
4.31441307068	-1420
4.31441497803	-1264
4.31506705284	-543
4.31949210167	-1420
4.31950807571	-1420
4.31956195831	-1264
4.32449698448	-1420
4.32454109192	-1420
4.32454395294	-1264
4.3245780468	-1420
4.32458090782	-1316
4.32478690147	543
4.32887887955	-543
4.37098288536	-1420
4.3710000515	-1316
4.37107610703	-1420
4.37107992172	-1316
4.37121796608	-1420
4.3712220192	-1316
4.40538787842	-1420
4.40540289879	-1420
4.40546393394	-1420
4.40546607971	-1420
4.40550208092	-1420
4.40550398827	-1420
4.40554404259	-1056
4.4055480957	-1368
4.40894389153	-1420
4.40895009041	-1420
4.40898990631	-1420
4.40899300575	-1212
4.40922808647	-1420
4.40923190117	-1316
4.4094479084	543
4.41164207458	-1420
4.41164803505	-1420
4.41168999672	-1420
4.41169309616	-1212
4.4165558815	-1420
4.41657090187	-1316
4.41659593582	-1420
4.41659903526	-1316
4.41677808762	543
4.41689896584	-1420
4.41690301895	-1316
4.41708898544	-1420
4.41709208488	-1316
4.42246294022	-1420
4.42247891426	-1316
4.42253899574	-1420
4.42254209518	-1316
4.42267203331	-1420
4.42267489433	-1316
4.43090009689	-1420
4.43091106415	-1420
4.43096709251	-1264
4.43096995354	-1420
4.43100810051	-1420
4.43101096153	-1420
4.43104696274	-1420
4.43105196953	-1160
4.43108892441	-1420
4.43109202385	-1420
4.43112802505	-1264
4.43113088608	-1368
4.43758392334	-1368
4.43772602081	-1420
4.43772888184	-1420
4.4377310276	-1264
4.43790197372	-1420
4.43790602684	-1316
4.44108891487	543
4.44139695168	543
4.44570493698	-1420
4.44572591782	-1316
4.44590210915	-1420
4.44590497017	-1316
4.44609594345	-1420
4.44609808922	-1316
4.44621610641	543
4.4462890625	-1420
4.44629096985	-1316
4.44651603699	-1420
4.44652104378	-1316
4.48307800293	-1420
4.4830930233	-1420
4.4831829071	-1264
4.48318600655	-1420
4.48329210281	-1316
4.48329496384	-1368
4.48341488838	-1420
4.48341798782	-1316
4.48345398903	-1420
4.48345589638	-1316
4.48349690437	-1420
4.48350000381	-1316
4.48641300201	543
4.51891803741	-1368
4.51919102669	-1420
4.51926088333	-1420
4.5192630291	-1264
4.51930904388	-1420
4.51931095123	-1316
4.51998400688	-1420
4.51998710632	-1316
4.52014899254	-1420
4.52015209198	-1316
4.52028799057	-1420
4.52029109001	-1316
4.5205309391	-1420
4.52053403854	-1316
4.52462601662	-1420
4.52463102341	-1316
4.52473402023	-1420
4.52473688126	-1316
4.52500510216	-1420
4.52500891685	-1316
4.5252571106	-1420
4.52526092529	-1316
4.52545309067	-1420
4.52545595169	-1316
4.52555608749	-1420
4.52555894852	-659
4.52573490143	543
4.56949901581	543
4.57975411415	543
4.58619189262	543
4.58749508858	543
4.58810901642	543
4.58835506439	543
4.59636998177	543
4.5965950489	543
4.63758397102	-1086
4.72956204414	-1368
4.73474001884	-1368
4.78153800964	-1368
4.78925395012	543
4.78941297531	-240
4.79956102371	543
4.90137696266	-1086
5.00193095207	-1420
5.00194787979	-1420
5.00200104713	-1264
5.00200390816	-1420
5.00203800201	-1420
5.00204110146	-1264
5.00400400162	543
5.00615596771	-1420
5.00616502762	-1420
5.00622200966	-1264
5.00663495064	-1420
5.0066819191	-1316
5.0067820549	-1420
5.00682401657	-1316
5.01332211494	-1368
5.0133690834	-670
5.02343606949	-1368
5.02366805077	-1420
5.02367305756	-1420
5.0237390995	-1420
5.02374196053	-1212
5.02378296852	-1368
5.02853989601	-1420
5.02861595154	-1420
5.02862095833	-1264
5.02866697311	-1420
5.02866888046	-1420
5.02870392799	-1264
5.02870702744	-1368
5.02874302864	-1368
5.03505897522	-1420
5.03510689735	-1420
5.03511095047	-1264
5.03535604477	543
5.08006691933	1057
5.08821797371	1057
5.09314703941	1057
5.09461688995	1057
5.12529993057	-707
5.12545704842	543
5.12596607208	543
5.12640190125	1057
5.13681006432	-1420
5.13682198524	-1420
5.13687491417	-1264
5.13815808296	-1420
5.13820195198	-1316
5.13829708099	-1368
5.1414039135	-1420
5.14140892029	-1420
5.14145207405	-1264
5.14251089096	-1420
5.14253592491	-1316
5.14777493477	-1420
5.14782691002	-1316
5.23745989799	-1010
5.24142789841	-1420
5.24143505096	-1420
5.24148797989	-1264
5.24754095078	-1368
5.25649809837	-1420
5.25650691986	-1420
5.25655508041	-1264
5.25678396225	-1420
5.25678610802	-1420
5.25678706169	-1264
5.25936102867	-1420
5.25936794281	-1316
5.26431202888	-1420
5.2643198967	-1316
5.26686000824	-1420
5.26686692238	-1420
5.26691198349	-1264
5.26744389534	-1420
5.26745009422	-1420
5.26749300957	-1264
5.26757502556	543
5.26798200607	-1420
5.26799607277	-1420
5.26804804802	-1264
5.27155208588	-1420
5.27158093452	-1420
5.27158308029	-1264
5.27221703529	-1420
5.27222204208	-1316
5.27227306366	-1420
5.27227592468	-1316
5.2735209465	-1420
5.27353596687	-1316
5.27958703041	-1420
5.27959489822	-1316
5.28369998932	1057
5.29147696495	543
5.29194307327	543
5.292126894	543
5.30741000175	543
5.31449794769	543
5.32215309143	1057
5.32249188423	543
5.32306790352	543
5.34948301315	-473
5.38256001472	-1420
5.38264703751	-1420
5.3826520443	-1264
5.43020105362	-1368
5.43929290771	543
5.45011305809	-1368
5.46166205406	-1131
5.46510410309	-1368
5.50022006035	543
5.50055909157	543
5.51070189476	-1368
5.51163601875	543
5.5169479847	-1368
5.5547170639	-1420
5.5547850132	-1420
5.55478906631	-1264
5.55592298508	543
5.57424807549	-791
5.58667492867	543
5.59280490875	543
5.66229391098	-1368
5.67972993851	-1420
5.67978191376	-1316
5.68646407127	-1152
5.70952701569	543
5.71481609344	-1420
5.71481990814	-1420
5.71486210823	-1264
5.71541595459	543
5.7156291008	543
5.72122788429	-1420
5.72123289108	-1420
5.72127389908	-1264
5.72622108459	543
5.78991007805	-1420
5.78992700577	-1420
5.78998088837	-1264
5.80150604248	-1255
5.87683701515	-1368
5.91361308098	-804
5.98034191132	1057
5.99403595924	1057
6.00044393539	1057
6.02558398247	-1086
6.02663993835	543
6.16588687897	-1420
6.16590595245	-1420
6.16596198082	-1264
6.17259693146	-1368
6.17717504501	-1420
6.1771800518	-1316
6.19559502602	-1218
6.20914506912	543
6.21830105782	543
6.22637295723	543
6.22687292099	543
6.22707104683	543
6.2903470993	-1420
6.29036593437	-1420
6.29042696953	-1420
6.29043006897	-1212
6.29047393799	-1420
6.29047703743	-1316
6.2930688858	-1368
6.29802203178	-1420
6.2980659008	-1316
6.30757904053	-770
6.34938287735	543
6.35634589195	543
6.40989494324	-1368
6.41209387779	-1368
6.42062997818	-1368
6.42247700691	1057
6.4593091011	-1268
6.46077394485	543
6.57126903534	-1086
6.66590690613	-1368
6.66658210754	543
6.68319702148	-261
6.73891305923	1057
6.79534602165	-1086
6.81134796143	543
6.90748000145	-543
6.98813605309	-1420
6.98815202713	-1420
6.98821496964	-1264
7.01956892014	-609
7.02817797661	543
7.02976799011	543
7.08115410805	-1368
7.14034891129	-232
7.18374300003	543
7.18596291542	1057
7.19492101669	1057
7.25248408318	-543
7.35640501976	-1368
7.35775589943	543
7.36453390121	-261
7.45320010185	-1368
7.47664308548	-804
7.52513790131	-1368
7.58861494064	-804
7.5925590992	1057
7.7242898941	-543
7.74294090271	-1420
7.74300789833	-1420
7.74301409721	-1264
7.85520005226	-609
7.85536789894	543
7.85825896263	543
7.86522603035	543
8.21950387955	-543
8.37292289734	-1086
8.39131188393	1057
8.40160799026	1057
8.54831004143	-543
8.57486701012	-1420
8.57492494583	-1420
8.57492899895	-1264
8.58393406868	-1368
8.68688011169	-841
8.69449996948	543
8.70124387741	543
8.79908108711	-543
8.87621903419	-1368
8.95159006119	-1289
9.06557297707	-1086
9.06691908836	543
9.21880698204	-543
9.22241401672	1057
9.3722589016	-543
9.39822101593	-1420
9.39829707146	-1420
9.39830589294	-1264
9.40791296959	-1368
9.51050806046	-841
9.51526498795	543
9.51674008369	543
9.66445302963	-543
9.83429002762	-543
9.84120893478	543
9.84144592285	543
9.9903678894	-543
10.1389920712	-543
10.1407570839	-1420
10.1408259869	-1316
10.1439568996	-1368
10.1473670006	1057
10.148870945	-1368
10.252751112	-298
10.2582859993	543
10.2586739063	543
10.4935660362	-543
10.6057779789	-1086
10.6137030125	1057
10.758300066	-543
10.7834980488	-1420
10.7835729122	-1316
10.8955380917	-406
10.8978409767	543
10.9009120464	543
10.9045159817	543
11.0446438789	-543
11.1734199524	-543
11.2007699013	-1368
11.3127191067	-746
11.3145430088	1057
11.4596040249	-543
11.6202430725	-1057
11.6262230873	1057
11.6269519329	543
11.6273078918	543
11.7719249725	-543
11.8841190338	-543
11.8918910027	1057
11.8922259808	543
11.9618411064	-1420
11.9618570805	-1316
12.0042669773	-949
12.0608420372	-1420
12.0608689785	-1316
12.1164150238	-949
12.1185629368	543
12.120718956	543
12.2582690716	-543
12.3898150921	-543
12.54114604	-543
12.5417659283	1057
