0	543
0.000175952911377	543
0.999545097351	543
3.00018215179	543
3.45413398743	543
3.48038601875	543
5.24619293213	-543
5.47498393059	-543
6.00027608871	543
6.2535340786	-543
6.29131412506	-1420
6.29138207436	-1420
6.29142808914	-1300
6.29375600815	-1420
6.29378294945	-1340
6.29854512215	-1380
6.33095097542	543
6.3703660965	543
6.37088108063	543
6.38627815247	-1420
6.38628602028	-1239
6.70716094971	-543
6.73189115524	-1420
6.7319560051	-1340
6.75144410133	-1380
6.80644512177	-1380
6.85401296616	-1380
6.86408209801	-470
6.89748096466	-1380
6.94536209106	-1380
6.98434615135	-1380
6.99638915062	-660
7.73888993263	-543
7.76006507874	-1420
7.76011610031	-1340
7.76168394089	-1420
7.76172399521	-1420
7.76175713539	-1300
7.76638507843	-1380
7.76653695107	1057
7.87104201317	-574
11.3803949356	543
12.0096621513	543
15.0086479187	543
15.6480000019	-543
16.0095140934	543
16.1509370804	248
16.2926249504	-747
16.3007099628	126
16.4424679279	-51
16.4427120686	38
16.5838530064	-1420
16.5838711262	-79
16.5901510715	1057
16.7321610451	-543
16.7325460911	543
17.0524790287	-543
17.0605139732	543
17.6543250084	-543
17.6571669579	1057
18.8361561298	-543
18.8379881382	1057
18.8490409851	-1420
18.849050045	-1420
18.8490951061	-1300
18.876940012	-1420
18.8770151138	-1420
18.8770201206	-1300
18.9791851044	-89
19.0142199993	-1420
19.0142700672	-1340
19.0344181061	-1380
19.0347790718	-1420
19.0347831249	-1420
19.0348229408	-1300
19.1546990871	-603
19.1914260387	-1380
19.332159996	-1219
19.8633871078	-543
19.8640649319	-1420
19.8640909195	-1340
19.8644080162	-1420
19.8644509315	-1420
19.8644881248	-1300
20.0040299892	-926
20.0041921139	543
20.0411319733	-1420
20.0411479473	-1420
20.0412049294	-1300
20.0412080288	-1380
20.1391780376	-1420
20.139195919	-1420
20.1392591	-1300
20.1443331242	-251
20.2185370922	-1420
20.2185559273	-1340
20.2850930691	-867
20.3354759216	-1420
20.3355250359	-1420
20.335570097	-1300
20.4257781506	-573
20.4354381561	-1420
20.4354500771	-1340
20.4871449471	-1380
20.5662751198	-30
20.6130011082	-1420
20.6130180359	-1340
20.6390180588	-1380
20.6390349865	-1420
20.6390781403	-1420
20.6390810013	-1300
20.6392679214	1057
20.7069530487	-60
20.7911639214	-1420
20.7911801338	-1340
20.8401830196	-1380
20.8403100967	-1420
20.8403711319	-1340
20.8405230045	-1380
20.8902919292	-60
20.9684519768	-1420
20.9684700966	-1340
21.0307619572	-353
21.0404109955	-1420
21.0404191017	-1420
21.040473938	-1300
21.1460459232	-1420
21.1460649967	-1340
21.1461210251	-1380
21.1712961197	-60
21.1714890003	543
21.240252018	-1420
21.2402701378	-1420
21.2403149605	-1300
21.3122320175	-573
21.3236119747	-1420
21.3236219883	-1340
21.3919270039	-1380
21.4643850327	-30
21.4936659336	-543
21.5436339378	-1420
21.5436561108	-1420
21.5437190533	-1300
21.5438611507	-1420
21.5438990593	-1420
21.5439419746	-1300
21.569642067	-1420
21.5696921349	-1340
21.6054530144	-927
21.7460079193	-543
21.7470531464	-1420
21.7470979691	-1340
21.8472900391	-1380
21.8475739956	-1420
21.8475959301	-1340
21.8476810455	1057
21.8866610527	-926
21.9246969223	-1420
21.924751997	-1340
22.000287056	543
22.0373880863	-1380
22.0377249718	-1420
22.0377480984	-1340
22.0378191471	-1380
22.0651550293	-60
22.1022810936	-1420
22.102339983	-1340
22.1902270317	-1420
22.190294981	-1420
22.1903319359	-1300
22.1903669834	-1380
22.2054419518	-60
22.2798120975	-1420
22.2798631191	-1340
22.3468091488	-1380
22.385133028	-30
22.4608740807	-1420
22.4609339237	-1340
22.5256810188	-867
22.5258419514	543
22.634745121	-1420
22.6347620487	-1340
22.6662559509	-896
22.66685009	1460
22.6669061184	1139
22.6694669724	1460
22.6695151329	625
22.6697189808	543
22.6699030399	543
22.6700530052	543
22.6702229977	543
22.6713931561	543
22.6719419956	543
22.672410965	543
22.672688961	543
22.6732339859	543
22.6782860756	543
22.6829061508	543
22.6830971241	543
23.0006549358	543
23.0009019375	543
23.2632899284	-543
23.2639451027	-1420
23.2640039921	-1340
23.404624939	-896
23.43653512	-1420
23.4365911484	-1420
23.4366350174	-1300
23.4369900227	-1420
23.4370250702	-1340
23.4384660721	-1380
23.4414250851	-1420
23.4414720535	-1340
23.4431331158	543
23.5771999359	-927
23.6190500259	-1420
23.6191151142	-1420
23.619120121	-1300
23.7431869507	-1420
23.7432041168	-1340
23.7432389259	-1380
23.7434511185	1057
23.7435770035	-1420
23.7436759472	-1340
23.7436981201	-1380
23.7448351383	543
23.7451939583	1460
23.7452530861	1139
23.7594730854	-633
23.7697160244	1057
23.7966301441	-1420
23.796651125	-1340
23.9111819267	-867
23.9722321033	-1420
23.9722940922	-1420
23.9723391533	-1300
23.9729681015	1460
23.9730191231	1139
24.0114209652	-1420
24.011439085	-1340
24.0916800499	-926
24.1504759789	-1420
24.150537014	-1420
24.1505770683	-1300
24.188988924	-1420
24.1890830994	-1340
24.1891210079	-1380
24.290459156	-60
24.3002791405	543
24.3417239189	-1420
24.3417401314	-1340
24.3417749405	-1380
24.3665020466	-1420
24.3665640354	-1420
24.3665680885	-1300
24.3823890686	543
24.4309151173	-60
24.5405490398	-1420
24.540612936	-1420
24.5406551361	-1300
24.5439100266	-1420
24.543941021	-1420
24.543956995	-1300
24.581414938	-60
24.6610889435	-543
24.7382440567	-1380
24.7382979393	-1420
24.7383160591	-1340
24.7822849751	-573
24.8932421207	-1420
24.8932600021	-1340
24.8934381008	-1420
24.8934431076	-1340
24.8934810162	-1380
24.8935799599	543
24.9150321484	-1420
24.9150469303	-1420
24.915102005	-1300
24.9230380058	-413
25.0002861023	543
25.0925531387	-1420
25.0925719738	-1420
25.0926089287	-1300
25.1041600704	-30
25.1975719929	-1420
25.1975901127	-1420
25.1976439953	-1300
25.2446370125	-573
25.2702450752	-1420
25.2702600956	-1340
25.3501420021	-1380
25.3603539467	543
25.3851311207	-30
25.4477210045	-1420
25.4477391243	-1340
25.5017340183	-1380
25.5019090176	-1420
25.501912117	-1340
25.5020029545	-1380
25.5832381248	-60
25.6252150536	-1420
25.6252291203	-1340
25.7239460945	-896
25.7241649628	543
25.8027341366	-1420
25.8027510643	-1340
25.8053600788	-1420
25.8053641319	-1340
25.8054199219	-1420
25.8054230213	-1340
25.8644239902	-60
25.9624750614	-1420
25.9624919891	-1420
25.9625270367	-1300
25.9805030823	-1420
25.9805130959	-1340
26.0634310246	-897
26.1157341003	-1420
26.1157500744	-1420
26.1158111095	-1300
26.1159131527	-1420
26.1159510612	-1340
26.1159539223	-1380
26.1161310673	543
26.1580400467	-1420
26.1580560207	-1420
26.1581101418	-1300
26.1592121124	543
26.1594219208	543
26.203774929	-90
26.2690451145	-1420
26.2690601349	-1420
26.2691149712	-1300
26.2828669548	543
26.3354589939	-1420
26.335474968	-1340
26.3845889568	-926
26.4406049252	-1420
26.4406211376	-1420
26.4406890869	-1300
26.4432420731	543
26.513105154	-1420
26.5131230354	-1420
26.5131771564	-1300
26.5236179829	1460
26.5237021446	625
26.5243139267	1460
26.5243699551	1139
26.5252759457	-60
26.5253920555	543
26.6434760094	-1420
26.6434941292	-1420
26.6435499191	-1300
26.6663911343	-573
26.6906769276	-1420
26.6906869411	-1340
26.7962961197	-1380
26.796323061	-1420
26.79636693	-1420
26.7963700294	-1300
26.797960043	1460
26.7980251312	1139
26.8092360497	543
26.8310270309	-60
26.8970201015	-1420
26.8970351219	-1340
26.9721181393	-1380
27.0263531208	-30
27.074532032	-1420
27.0745489597	-1340
27.1240129471	-1380
27.1240689754	-1420
27.1240999699	-1340
27.1245760918	-1420
27.1246330738	-1420
27.1246359348	-1300
27.1270799637	543
27.1670670509	-956
27.1800510883	543
27.1850600243	543
27.2518429756	-1420
27.2518601418	-1340
27.2769100666	-1380
27.2770719528	543
27.3471660614	-30
27.4289269447	-1420
27.4289400578	-1420
27.4290039539	-1300
27.4292600155	-1420
27.4292650223	-1340
27.4294710159	-1380
27.4294760227	-1420
27.4295151234	-1340
27.4310541153	543
27.4754369259	543
27.5273821354	-927
27.5286641121	543
27.5306401253	543
27.5429329872	543
27.5564610958	-543
27.6068680286	-1420
27.6068811417	-1420
27.6069419384	-1300
27.6697640419	-30
27.7327051163	-1420
27.7327210903	-1420
27.7327671051	-1300
27.8316969872	-1420
27.8317141533	-1420
27.8317680359	-1300
27.8496091366	-60
27.9902229309	-543
28.0083920956	543
28.0363669395	-1420
28.0363910198	-1340
28.0368800163	-1420
28.0368840694	-1420
28.0369291306	-1300
28.0474851131	-1420
28.0474951267	-1420
28.0475721359	-1300
28.050768137	543
28.0509560108	543
28.1305720806	-413
28.2250101566	-1420
28.2250249386	-1420
28.2250919342	-1300
28.3102490902	-30
28.3203630447	543
28.3404090405	-1420
28.3404221535	-1420
28.3404619694	-1300
28.3586399555	-543
28.4509279728	-573
28.4620199203	-1420
28.4620261192	-1340
28.492151022	-1380
28.5004680157	543
28.5014481544	1460
28.5015060902	625
28.5024399757	1460
28.5024881363	625
28.5028231144	1057
28.6024880409	-30
28.6329889297	-1420
28.633067131	-1340
28.6438419819	-1380
28.6439890862	-1420
28.6439931393	-1340
28.6441121101	-1380
28.7733609676	-60
28.7961080074	-1420
28.7961220741	-1340
28.8106341362	-1420
28.810655117	-1340
28.8107149601	-1380
28.9139540195	-383
28.9543731213	-1420
28.9543881416	-1420
28.9544439316	-1300
28.9882850647	-1420
28.9883060455	-1420
28.9883420467	-1300
28.9994671345	-543
29.0087389946	543
29.0221340656	-1420
29.0221800804	-1340
29.054420948	-60
29.1316320896	-353
29.1507430077	543
29.1509599686	543
29.1658239365	-1420
29.16583395	-1420
29.1658799648	-1300
29.1948580742	-30
29.1955289841	543
29.1957080364	543
29.2536981106	-1420
29.2537140846	-1420
29.253798008	-1300
29.2538011074	-1420
29.2538380623	-1340
29.2538409233	-1380
29.2634050846	543
29.2636799812	543
29.3366091251	-603
29.3795530796	-1420
29.3795809746	-1340
29.4060649872	-1380
29.4213280678	543
29.4770791531	-30
29.5574700832	-1420
29.5574851036	-1420
29.557541132	-1300
29.5576500893	-1420
29.5576879978	-1340
29.5818939209	543
29.5831561089	-1420
29.5831620693	-1420
29.5832109451	-1300
29.6176710129	-413
29.6178510189	543
29.6194851398	543
29.7581861019	-543
29.7605800629	-1420
29.7606260777	-1340
29.8624720573	-1380
29.8626489639	-1380
29.8627440929	-1420
29.8627481461	-1340
29.8633570671	-1420
29.8633611202	-1340
29.8636870384	-1380
29.8760221004	543
29.899075985	-90
29.9381530285	-1420
29.9382209778	-1340
30.03977108	-867
30.0404191017	-1420
30.0404241085	-1340
30.0404570103	-1380
30.1554551125	-1420
30.1554729939	-1420
30.1555359364	-1300
30.180948019	-60
30.2402839661	-1420
30.2403020859	-1420
30.2403550148	-1300
30.3216280937	-573
30.3328120708	-1420
30.3328211308	-1340
30.4447660446	-1420
30.4447860718	-1340
30.4448480606	-1380
30.4623589516	-926
30.4625680447	543
30.5104651451	-1420
30.5104830265	-1340
30.6029429436	-867
30.6426200867	-1420
30.642688036	-1420
30.6426939964	-1300
30.6881260872	-1420
30.6881420612	-1420
30.6882040501	-1300
30.782982111	-60
30.8374090195	-1420
30.8374240398	-1420
30.8374810219	-1300
30.8657269478	-1420
30.8657450676	-1420
30.8658020496	-1300
30.865967989	543
30.866079092	543
30.9778380394	-60
31.0439479351	-1420
31.0439670086	-1420
31.0440261364	-1300
31.147454977	-573
31.2213060856	-1420
31.2213230133	-1340
31.2385830879	-1420
31.2385959625	-1420
31.2386491299	-1300
31.3485150337	-926
31.3605189323	543
31.3989930153	-1420
31.3990120888	-1340
31.4411699772	-1380
31.4413919449	-1420
31.4414620399	-1340
31.4414651394	-1380
31.4891250134	-60
31.576488018	-1420
31.5765049458	-1340
31.629830122	-867
31.64686203	-1420
31.6468729973	-1420
31.6469240189	-1300
31.6470620632	543
31.7704679966	-573
31.824352026	-1420
31.8243660927	-1340
31.8415160179	-1380
31.8416731358	-1420
31.8416750431	-1340
31.8418040276	-1380
31.950273037	-60
32.0193939209	-1420
32.019411087	-1340
32.0452730656	-1380
32.0454051495	-1420
32.0454580784	-1340
32.0455341339	543
32.0908789635	-926
32.098304987	543
32.2227890491	-1420
32.2228040695	-1340
32.2400860786	-1380
32.2403149605	-1420
32.2403650284	-1340
32.2403681278	-1380
32.2713971138	-60
32.4177570343	-1420
32.417773962	-1420
32.4178330898	-787
32.4378349781	-1420
32.4378449917	-1420
32.4378931522	-1300
32.5581579208	-573
32.5911829472	-1420
32.5911979675	-1420
32.591244936	-1300
32.5955209732	-1420
32.59552598	-1340
32.731716156	-897
32.7553019524	-1420
32.7553091049	-1340
32.7553579807	-1380
32.7558989525	-1420
32.7559039593	-1420
32.7559449673	-1300
32.7561180592	543
32.7735130787	-1380
32.7737181187	-1380
32.8957891464	-956
32.9405031204	-1420
32.940513134	-1420
32.9405620098	-1300
32.9509680271	-1380
32.9510359764	-1420
32.9510760307	-1340
33.0011310577	543
33.0763981342	-60
33.1384410858	-1420
33.1384580135	-1420
33.1384980679	-1300
33.2169640064	-573
33.2172391415	543
33.3151590824	-1420
33.3151769638	-1340
33.3475580215	-1380
33.3478591442	-1420
33.3479189873	-1420
33.347921133	-1300
33.3529260159	543
33.357156992	-60
33.4926941395	-1420
33.4927110672	-1340
33.4985859394	-867
33.5029270649	543
33.554762125	-1420
33.5547831059	-1420
33.5548391342	-1300
33.6438560486	-573
33.7074170113	-1420
33.7074351311	-1340
33.7505879402	-1420
33.7506041527	-1420
33.7506680489	-1300
33.8246450424	-926
33.9234111309	-1420
33.9234261513	-1340
33.9389200211	-1380
33.9401350021	-1420
33.9401991367	-1420
33.9402010441	-1300
33.9651269913	-60
34.1166391373	-1420
34.116656065	-1420
34.1167111397	-787
34.1515910625	-1420
34.1516060829	-1420
34.1516590118	-1300
34.2573959827	-573
34.3031439781	-1420
34.3031599522	-1340
34.3033699989	-1380
34.3288140297	-1420
34.3288309574	-1340
34.3981919289	-897
34.401307106	543
34.4117929935	543
34.4305140972	543
34.6327669621	-543
34.6328859329	-1420
34.632928133	-1340
34.632930994	-1380
34.6329550743	-1380
34.6402080059	-1380
34.7602090836	-1420
34.760226965	-1420
34.7602651119	-1300
34.7697229385	543
34.7736999989	-956
34.7849781513	-1420
34.7850451469	-1420
34.7850501537	-1300
34.7852621078	-1420
34.7852671146	-1340
34.8007569313	543
34.8009951115	1057
34.8103640079	-1380
34.8107089996	-1420
34.8107521534	-1340
34.8406291008	543
34.8408670425	543
34.8832521439	543
34.8834900856	543
34.9255340099	-927
34.9406380653	-1420
34.940707922	-1420
34.9407119751	-1300
34.9882500172	-1380
34.988409996	-1420
34.9884619713	-1340
35.066421032	-60
35.141067028	-1420
35.1410861015	-1420
35.1411409378	-1300
35.1657469273	-1420
35.1657619476	-1340
35.1659340858	543
35.2466361523	-926
35.3454260826	-1420
35.345441103	-1420
35.3454959393	-1300
35.3902280331	-1420
35.3902449608	-1420
35.3902990818	-1300
35.4303920269	-60
35.540571928	-1420
35.5405881405	-1420
35.5406520367	-1300
35.564991951	-1420
35.5650060177	-1420
35.5650680065	-1300
35.5707941055	-60
35.7468080521	-543
35.7474370003	-1380
35.7475869656	-1420
35.7475910187	-1340
35.7477071285	543
35.8873131275	-30
35.9245359898	-1420
35.9245829582	-1340
35.9713299274	-1380
35.9715211391	-1420
35.9715240002	-1340
35.9715521336	-1380
35.9717190266	543
36.0088570118	543
36.0649659634	-60
36.1021521091	-1420
36.1022069454	-1340
36.145676136	-1380
36.1462111473	-1420
36.1462550163	-1340
36.2426300049	-926
36.2795290947	-1420
36.279542923	-1340
36.340184927	-1380
36.3402020931	-1420
36.3402450085	-1340
36.3402481079	-1380
36.4198451042	-60
36.4609200954	-1420
36.4609351158	-1340
36.4661779404	543
36.4667029381	543
36.4927539825	-1380
36.4927690029	-1420
36.4928610325	-1340
36.4928641319	-1380
36.5603420734	-60
36.6380319595	-1420
36.6380460262	-1340
36.6509070396	-1380
36.6512429714	-1420
36.6512770653	-1420
36.6512799263	-1300
36.7008070946	-60
36.8156349659	-1420
36.8156509399	-1340
36.8438880444	-1380
36.8442211151	-1420
36.8442261219	-1340
36.8815340996	-926
36.9931669235	-1420
36.9931840897	-1340
37.0223801136	-867
37.0290830135	543
37.0467860699	-1420
37.0467989445	-1420
37.0468490124	-1300
37.1630029678	-573
37.1707191467	-1420
37.1707260609	-1340
37.2411630154	-1380
37.2412340641	-1420
37.2412850857	-1420
37.2412891388	-1300
37.2503581047	543
37.3110370636	-60
37.3482680321	-1420
37.348320961	-1340
37.4392149448	-1420
37.439232111	-1340
37.4392750263	-1420
37.4392781258	-1340
37.4887869358	-60
37.5258700848	-1420
37.5258829594	-1340
37.6436960697	-1380
37.643912077	-1420
37.6439700127	-1420
37.6439731121	-1300
37.6503469944	543
37.6661880016	-60
37.6914579868	-543
37.7034370899	-1420
37.7035150528	-1340
37.8359401226	-1420
37.8359560966	-1420
37.8360190392	-1300
37.8438739777	-926
37.8503730297	543
37.8810610771	-1420
37.8810760975	-1340
37.9878511429	-1380
37.9909529686	-30
38.0087649822	543
38.0585949421	-1420
38.0586130619	-1340
38.1315691471	-867
38.1393589973	-1420
38.1394109726	-1420
38.1394150257	-1300
38.2755551338	-1420
38.2755720615	-1340
38.2756249905	-1380
38.2758100033	543
38.2797830105	-60
38.2851560116	543
38.4444570541	-1420
38.4444739819	-1420
38.4445381165	-1300
38.4447650909	-1420
38.4448180199	-1420
38.4448211193	-1300
38.4450919628	-1380
38.4452929497	-1420
38.4453160763	-1340
38.4527211189	-1420
38.4527740479	-1340
38.4616661072	-986
38.5978751183	-1420
38.5978901386	-1420
38.5979449749	-1300
38.6305799484	-1420
38.6306519508	-1420
38.6306569576	-1300
38.6413960457	-60
38.6502950191	543
38.7818830013	-543
38.8082771301	-1420
38.8083429337	-1340
38.901553154	-1380
38.901695013	-1420
38.9017541409	-1340
38.9103410244	-1380
38.9489400387	-60
38.9860761166	-1420
38.9860920906	-1340
39.0534980297	-1380
39.053702116	543
39.0894761086	-30
39.1635539532	-1420
39.1635711193	-1340
39.2057750225	-1380
39.2143249512	-1420
39.2143399715	-1420
39.2144010067	-1420
39.2144041061	-1420
39.2144379616	-1220
39.2936329842	-956
39.3004601002	543
39.3409121037	-1420
39.340929985	-1340
39.3691620827	-1380
39.369353056	-1420
39.3693931103	-1420
39.3693959713	-1300
39.3694400787	543
39.4205360413	-543
39.4341170788	-60
39.544244051	-1420
39.5442590714	-1420
39.544326067	-1420
39.544328928	-1260
39.5443711281	-1420
39.5443739891	-1340
39.5506010056	-1380
39.5506780148	-1380
39.6183681488	-927
39.7656121254	-1420
39.7656280994	-1420
39.7656900883	-1300
39.7719330788	-1420
39.7719421387	-1420
39.7719900608	-1300
39.7930929661	1057
39.8008980751	-60
39.8053231239	1057
39.82477808	543
39.8250210285	543
39.8506789207	543
39.8509190083	543
39.8881900311	543
39.9785680771	-543
39.9788870811	-1420
39.9789190292	-1340
40.0088040829	543
40.1195440292	-896
40.1475260258	-1420
40.1475400925	-1420
40.147619009	-1300
40.1476230621	-1420
40.1476581097	-1340
40.1476609707	-1380
40.1564459801	-1380
40.1564610004	-1380
40.2220211029	543
40.2222850323	543
40.2503960133	1057
40.2881259918	-927
40.3494811058	-1420
40.349501133	-1420
40.3495399952	-1300
40.428704977	-573
40.5238530636	-1420
40.523870945	-1340
40.5361180305	-1380
40.5365009308	-1420
40.5365071297	-1420
40.5365390778	-1300
40.5366230011	543
40.5690159798	-60
40.6885859966	-1420
40.6886029243	-1420
40.6886651516	-1300
40.6887490749	-1420
40.6887969971	-1340
40.6888010502	-1380
40.7101919651	-1420
40.7102079391	-1340
40.762417078	-413
40.846987009	-1420
40.8470020294	-1420
40.8470580578	-1300
40.8884029388	-1420
40.888422966	-1420
40.8884880543	-1300
40.9030590057	-60
41.0409319401	-1420
41.0409491062	-1420
41.0410120487	-1300
41.0435171127	-573
41.0657320023	-1420
41.0657429695	-1340
41.1841859818	-867
41.1874239445	543
41.236438036	-1420
41.23645401	-1420
41.2365150452	-1300
41.2430150509	-1420
41.2430670261	-1420
41.2430701256	-1300
41.324516058	-60
41.4356710911	-1420
41.4356880188	-1420
41.435749054	-1300
41.5045900345	-573
41.6125130653	-1420
41.6125280857	-1340
41.6346669197	-1380
41.6349220276	-1420
41.6349830627	-1340
41.6451539993	-926
41.6453459263	1057
41.7867779732	-1420
41.786798954	-1420
41.7868521214	-787
41.811989069	-1420
41.8120551109	-1340
41.8121190071	-1380
41.9273760319	-30
41.9324390888	543
41.9622819424	-1420
41.9623141289	-1340
41.9623689651	-1420
41.9623720646	-1420
41.9624140263	-1300
41.9624159336	-1380
42.0005290508	543
42.000631094	543
42.0317051411	-1380
42.0319190025	-1420
42.031981945	-1340
42.0677759647	-90
42.1468770504	-1420
42.1468939781	-1420
42.1469480991	-1300
42.2083671093	-573
42.2090940475	-1420
42.2090990543	-1340
42.3444991112	-1380
42.3449299335	-1420
42.3449890614	-1340
42.348897934	-926
42.3867080212	-1420
42.386726141	-1340
42.4893651009	-867
42.5370759964	-1420
42.5370919704	-1420
42.5371289253	-1300
42.5641100407	-1420
42.5641419888	-1340
42.5641970634	-1380
42.6298470497	-60
42.6304619312	543
42.6372101307	543
42.6902451515	543
42.6939690113	543
42.7350170612	-1420
42.7350320816	-1420
42.7350871563	-1300
42.7414839268	-1420
42.7415149212	-1340
42.7416069508	-1380
42.7702980042	-60
42.7820389271	543
42.8880650997	-1420
42.8880839348	-1340
42.8881499767	-1380
42.9003300667	1057
42.9108541012	-573
42.9191350937	-1420
42.9191911221	-1340
43.0508639812	-1380
43.0510880947	-1420
43.0510921478	-1420
43.0511319637	-1300
43.0512750149	-60
43.0577139854	-543
43.0965030193	-1420
43.0965189934	-1340
43.2315189838	-353
43.2360911369	-1420
43.2360961437	-1340
43.2361359596	-1380
43.2740149498	-1420
43.2740321159	-1420
43.2740869522	-1300
43.3718941212	-60
43.4514830112	-1420
43.451499939	-1420
43.4515669346	-1300
43.5125160217	-30
43.5402691364	-1420
43.5402829647	-1420
43.5403280258	-1300
43.5504159927	543
43.6291100979	-1420
43.629128933	-1420
43.6291861534	-1300
43.6530930996	-60
43.806540966	-1420
43.8065581322	-1420
43.8066120148	-1300
43.8373250961	-30
43.8499939442	-1420
43.8500039577	-1420
43.8500621319	-1300
43.8500649929	-1420
43.8501060009	-1340
43.8501651287	-1380
43.9778199196	-89
44.0003340244	543
44.0271141529	-1420
44.0271320343	-1340
44.0458040237	-1380
44.0459859371	-1420
44.0460190773	-1340
44.0460219383	-1380
44.0502970219	543
44.1183640957	-60
44.1222519875	543
44.1224651337	543
44.2234890461	-1420
44.2235069275	-1340
44.2439630032	-1380
44.2441251278	-1420
44.2441549301	-1340
44.2447440624	-1380
44.2502939701	543
44.2622261047	543
44.2983341217	-60
44.4214379787	-1420
44.4214539528	-1340
44.4389390945	-867
44.4401099682	-1420
44.4401159286	-1420
44.4401490688	-1300
44.5796480179	-573
44.6176660061	-1420
44.6176791191	-1340
44.6473240852	-1380
44.6474909782	-1420
44.6475410461	-1340
44.6482310295	-1380
44.7200069427	-60
44.7868459225	-543
44.8248419762	-1420
44.8248569965	-1340
44.849323988	-1420
44.849337101	-1340
44.8493909836	-1380
44.852930069	543
44.8604929447	-926
45.0268371105	-1420
45.0268540382	-1340
45.0415420532	-867
45.0454790592	-1420
45.045484066	-1420
45.045527935	-1300
45.1822469234	-573
45.2229130268	-1420
45.2229249477	-1340
45.246931076	-1380
45.247177124	-1420
45.2472300529	-1420
45.2472319603	-1300
45.2486150265	543
45.3226730824	-60
45.4244661331	-1420
45.4244811535	-1340
45.4539711475	-1380
45.4541549683	-1420
45.4541890621	-1340
45.4603841305	-1380
45.5042541027	-60
45.6314001083	-1420
45.6314129829	-1340
45.6447279453	-353
45.6449170113	543
45.6861331463	-1420
45.6861510277	-1340
45.6861860752	-1380
45.728621006	-543
45.7853770256	-573
45.8475091457	-1420
45.8475279808	-1340
45.8534080982	-1380
45.8537671566	-1420
45.8538169861	-1420
45.8538200855	-1300
45.925951004	-60
46.000344038	543
46.0250761509	-1420
46.0250930786	-1340
46.0667431355	-867
46.0765631199	-1420
46.0765690804	-1420
46.0766201019	-1300
46.18247509	543
46.1829741001	543
46.202655077	-1420
46.2026691437	-1420
46.2027220726	-1300
46.2072660923	-60
46.2134170532	543
46.2495131493	-1420
46.2495310307	-1420
46.249587059	-1300
46.3477480412	-573
46.3803379536	-1420
46.3803529739	-1340
46.4341890812	-1380
46.434472084	-1420
46.4344761372	-1340
46.4883270264	-926
46.5879869461	-1420
46.5880019665	-1420
46.5880651474	-1300
46.5880680084	-1420
46.5881230831	-1340
46.5881259441	-1380
46.5883049965	543
46.6116981506	-1420
46.6117100716	-1340
46.6288700104	-927
46.8104040623	-543
46.8313519955	-1420
46.8313579559	-1340
46.899987936	-1380
46.9001059532	-1420
46.9001860619	-1420
46.9001889229	-1300
46.9007520676	-1420
46.9007549286	-1420
46.9008009434	-1300
46.9018959999	543
46.9509439468	-90
47.0090119839	-1420
47.0090301037	-1340
47.0528969765	-1380
47.0529930592	-1420
47.053055048	-1340
47.0530991554	-1380
47.1312959194	-60
47.1863670349	-1420
47.186383009	-1340
47.2720730305	-896
47.3582379818	-1420
47.3582539558	-1420
47.35831213	-1300
47.3583159447	-1420
47.3583600521	-1340
47.3584120274	-1380
47.3585600853	543
47.358727932	-1380
47.3587810993	-1380
47.359005928	-1380
47.3639421463	-1420
47.3639850616	-1340
47.4127700329	-957
47.4450099468	543
47.463009119	543
47.5411250591	-1420
47.5411410332	-1340
47.594399929	-382
47.5945789814	543
47.8538720608	543
48.1853971481	-543
48.3634419441	-543
48.5639791489	-543
48.7416000366	-1420
48.7416491508	-665
48.7443840504	543
49.2182240486	-543
49.2190210819	-1420
49.2190821171	-1340
49.3597359657	-896
49.3706691265	-1420
49.3707380295	-1420
49.3707771301	-1300
49.3957841396	-1420
49.3958420753	-1340
49.5110919476	-897
49.5194511414	543
49.5309929848	543
50.4607260227	-543
50.8430371284	-543
51.0205519199	-1057
51.0307459831	543
51.0615410805	543
51.9113500118	-543
52.2993979454	-543
52.4769589901	-1420
52.4770181179	-665
52.4797019958	543
52.9717741013	-543
52.9725401402	-1420
52.9725990295	-1340
53.0003080368	543
53.1130981445	-896
53.113284111	543
53.1242930889	-1420
53.1243081093	-1420
53.1243641376	-1300
53.1493830681	-1420
53.1494290829	-1340
53.2541959286	-897
53.2632939816	543
53.2787139416	543
53.8549370766	543
53.8557100296	543
53.8559601307	543
54.1757049561	-543
54.5067520142	-543
54.6586561203	-1420
54.6587100029	-1179
54.6843590736	-1380
54.799186945	-1248
54.8120880127	543
54.8464951515	543
54.8467209339	543
54.8617291451	-1380
54.9070129395	543
54.9233341217	543
54.9236011505	543
54.9238469601	543
54.924020052	543
54.9390320778	-1420
54.9390881062	-1420
54.939125061	-1300
54.9395940304	-764
55.0391969681	-1420
55.0392150879	-1340
55.0805900097	-867
55.2432041168	-1420
55.2432229519	-1420
55.2432780266	-1300
55.2437541485	-1380
55.2438211441	-1380
55.2605221272	-441
55.420894146	-1420
55.420912981	-1420
55.4209780693	-1330
55.4211800098	1057
55.4221069813	543
55.6351051331	-543
55.8153879642	-543
55.8303360939	543
55.8308529854	543
55.9775090218	-543
56.0003180504	543
56.053524971	-543
56.1616389751	-543
56.2335751057	-543
56.3852939606	-1380
56.385436058	-1420
56.3854780197	-313
56.4109649658	-1380
56.5260140896	-249
56.5329229832	543
56.6666090488	-1086
56.7659330368	-1380
56.8525800705	-1248
56.857888937	543
56.8789191246	543
56.9274330139	-543
56.9932489395	-1057
57.1395461559	-1086
57.1427490711	543
57.2979280949	-543
57.3062829971	543
57.3111691475	543
57.3113529682	1057
57.4751291275	-543
57.6869330406	-543
57.6912350655	-1420
57.6912820339	-1340
57.7111809254	-543
57.8274080753	-353
57.8387169838	-1420
57.8387610912	-1420
57.8388080597	-1300
57.8864741325	-1420
57.8865220547	-1340
57.9683089256	-926
58.1089971066	-1086
58.1229870319	543
58.160695076	543
58.1609649658	1057
58.2414770126	-1380
58.2494001389	-734
58.4185700417	-543
58.6579420567	-543
58.8386409283	-543
58.8523440361	543
58.9936919212	-1086
59.213488102	-543
59.4606990814	-543
59.6409151554	-1086
59.6714150906	-1380
59.7240419388	543
59.731400013	543
59.8119750023	-705
59.8649699688	543
59.8652310371	543
60.2653069496	-543
60.7699329853	-543
60.9218411446	-1057
60.943021059	543
61.0102779865	543
61.0625071526	-543
61.2424371243	-543
61.3766109943	-1380
61.3830120564	-705
61.4175450802	-1420
61.4176199436	-1420
61.4176659584	-1300
61.417853117	543
61.523496151	-59
61.5541551113	-1420
61.5542049408	-1340
61.5692379475	-1380
61.6944880486	-30
61.7316401005	-1420
61.7317149639	-1340
61.8350031376	-867
61.8560910225	543
61.8959491253	543
61.896198988	1057
62.3670351505	-543
62.3679289818	-1420
62.3679900169	-1340
62.5085611343	-896
62.5104789734	543
62.5391480923	-1420
62.53916502	-1420
62.5392279625	-1300
62.544328928	-1420
62.5443611145	-1340
62.6513390541	-897
62.6885340214	543
62.6887481213	543
63.5690159798	-543
63.8622951508	-543
64.008810997	543
64.0139539242	-543
64.1546399593	-1057
64.1740970612	543
64.1743340492	543
64.2172551155	-1380
64.2953500748	-1248
64.3205471039	543
64.3211290836	543
64.3213839531	543
64.3216209412	543
64.3217859268	543
64.3773429394	543
64.4358029366	-543
64.5960409641	-543
64.8418049812	-543
65.0193319321	-1420
65.0193910599	-1420
65.0194129944	-273
65.1597030163	-543
65.1662659645	-1380
65.1670229435	-1380
65.1949930191	543
65.197026968	-1420
65.1970319748	-1340
65.1973030567	543
65.3006150723	-764
65.3569209576	-1420
65.3569800854	-1340
65.3570480347	-1380
65.3753111362	-1420
65.3753731251	-1420
65.3754091263	-1300
65.3755400181	543
65.4905540943	-603
65.5527460575	-1380
65.6705019474	-191
65.7651600838	1057
65.8111870289	-543
65.8592751026	-1420
65.859292984	-1420
65.8593540192	-1300
65.9077029228	-1420
65.9077150822	-1420
65.9077749252	-1300
65.9518530369	-89
66.0121200085	543
66.0925469398	-543
66.1503441334	228
66.1505241394	240
66.1707489491	-1420
66.1707661152	-1420
66.1708381176	-1420
66.1708409786	-1260
66.1708800793	-1420
66.1708829403	-1340
66.171309948	-1420
66.1713140011	-1340
66.1713790894	-1420
66.1713819504	-1340
66.1715190411	-1380
66.1801331043	543
66.2803139687	-757
66.2858710289	-752
66.2900049686	126
66.2905130386	126
66.3113651276	-957
66.3488769531	-1380
66.3624920845	543
66.4195780754	-51
66.4198081493	38
66.4243791103	-51
66.4244890213	38
66.4895300865	-763
66.5483989716	-1420
66.5484161377	-97
66.5531821251	1057
66.5581309795	-1420
66.55813694	-84
66.5630669594	1057
66.5674760342	-1380
66.6826970577	-543
66.6832580566	543
66.6897270679	-705
66.697286129	-543
66.6977651119	543
66.7086191177	543
66.8303761482	-1086
66.8371529579	-543
66.8453791142	543
66.9570190907	-543
66.9631719589	543
67.0789859295	-543
67.090790987	1460
67.0908849239	1139
67.2100119591	-543
67.210971117	-1420
67.2110140324	-1340
67.3307850361	-543
67.350769043	-896
67.3621311188	-1420
67.362183094	-1420
67.3622260094	-1300
67.3877930641	-1420
67.3878450394	-1340
67.4912941456	-897
67.5003130436	543
67.510653019	543
67.5108850002	543
67.7791421413	-543
68.0700700283	-1057
68.0853979588	543
68.0859129429	543
68.0861999989	543
68.0863699913	543
68.6039421558	-1057
68.6109931469	543
68.6112029552	543
68.7794771194	-543
68.980807066	-543
69.4904410839	-543
69.7941291332	-543
70.0790250301	-1057
70.4895820618	-543
70.6737129688	-543
70.771780014	-543
70.879858017	-543
71.1809229851	-543
72.2092440128	-543
72.679723978	-1420
72.6797771454	-151
72.7007710934	543
72.7174589634	543
73.1587181091	-543
73.2231581211	543
73.6082730293	-543
74.0005290508	543
74.3040890694	-543
74.7912011147	-543
75.1073110104	-543
75.43840909	-1420
75.4384579659	-1179
75.4423429966	543
75.916121006	-543
75.9715631008	-1380
75.9718780518	-1420
75.9719281197	-1340
76.0566930771	-1087
76.0936229229	-1420
76.0936901569	-1340
76.1235010624	-1380
76.1236670017	543
76.1794130802	-543
76.196969986	-30
76.2713620663	-1380
76.3954501152	-705
76.4116389751	543
76.42988801	543
76.9225080013	-543
77.2844591141	-1420
77.2845139503	-151
77.2977230549	543
77.3098170757	-565
77.3238279819	543
78.514496088	-543
78.9321320057	-543
79.3559510708	-1420
79.3560271263	-1179
79.3596630096	543
79.8506789207	-543
79.8515760899	-1420
79.8516030312	-1340
79.9912030697	-896
80.0281760693	-1420
80.0282371044	-1340
80.1040761471	-1380
80.1315851212	-30
80.2059600353	-1420
80.2060120106	-1340
80.272133112	-867
80.2807490826	543
80.30042696	543
80.4125919342	-543
81.5234560966	-543
81.7983739376	-543
82.1199600697	-1420
82.1200180054	-151
82.1306810379	543
82.1637229919	543
82.6598210335	-543
83.6912879944	-1420
83.6913471222	-1179
83.7004539967	543
84.175109148	-543
84.1758761406	-1420
84.175909996	-1340
84.3157470226	-896
84.3275721073	-1420
84.3276391029	-1420
84.3276779652	-1300
84.3278479576	543
84.3526000977	-1420
84.352615118	-1340
84.4562740326	-897
84.4623029232	543
84.484210968	543
84.6597030163	-543
85.007791996	543
85.0216670036	-543
85.2334280014	-543
85.3856229782	-1420
85.3856711388	-151
85.5137000084	-1057
85.5225861073	543
85.5472249985	1057
85.5475370884	543
85.5907509327	543
85.5909790993	543
85.8122980595	-543
86.031386137	-543
86.0314640999	-1380
86.1617200375	-220
86.1731009483	-1420
86.1731390953	-1340
86.1987681389	-1380
86.2047131062	-543
86.3022041321	-59
86.3407230377	543
86.4426510334	-543
86.4903349876	-543
86.5472109318	-1420
86.5472691059	-1176
86.6216599941	-3
86.6247999668	543
86.9010651112	-543
86.9036819935	543
86.9204850197	1057
87.0295259953	-543
87.1000320911	-543
87.1007630825	-1420
87.1008069515	-1340
87.2406570911	-896
87.2529449463	-1420
87.253000021	-1340
87.2530460358	-1380
87.2773690224	-1420
87.2774131298	-1340
87.3813259602	-897
87.3815059662	543
87.3907079697	543
87.3909480572	543
87.4602520466	-1380
87.5217950344	-734
87.6323549747	-1420
87.6324150562	-1340
87.6623239517	-896
87.8097720146	-543
87.947314024	-543
87.9501519203	-543
88.0908739567	-543
88.2110221386	-1420
88.2110390663	-1340
88.2313489914	-896
88.2998321056	-1057
88.3047809601	543
88.3052220345	543
88.3101320267	543
88.4284100533	-543
88.5933890343	-543
88.94678092	-1057
89.955851078	-543
90.0003380775	565
90.2888059616	-1420
90.2888669968	-1179
90.3006350994	543
90.775053978	-543
90.7757999897	-1420
90.7758481503	-1340
90.9156720638	-896
90.9305329323	-1420
90.93060112	-1420
90.9306380749	-1300
90.9307971001	543
90.9523069859	-1420
90.9523220062	-1340
91.0564510822	-897
91.0711791515	543
91.0906691551	543
91.6801791191	-543
91.9810681343	-1420
91.9811179638	-151
91.9891960621	543
92.0172419548	543
92.6808691025	-543
93.0003559589	543
93.0004639626	543
93.000551939	543
93.0795021057	-1420
93.0795600414	-1176
93.0796461105	-3
93.0920789242	543
93.5666160583	-543
93.5672781467	-1420
93.5673019886	-1340
93.707226038	-896
93.7188050747	-1420
93.7188670635	-1420
93.7189049721	-1300
93.7190971375	543
93.7438089848	-1420
93.7438280582	-1340
93.8477180004	-897
93.8608059883	543
93.8806459904	543
94.1227140427	-543
94.4217619896	-543
94.7873170376	-1420
94.7873661518	-1179
94.7912380695	543
94.8289649487	1057
94.8292250633	543
94.8293850422	543
94.8495590687	543
94.8497750759	543
95.0088610649	543
95.3029339314	-543
95.3036561012	-1380
95.379994154	-543
95.4434080124	-220
95.4608149529	-1420
95.4608719349	-1340
95.4802830219	-1380
95.58365798	-59
95.68957901	-1057
95.6935830116	543
95.697052002	543
96.176017046	-543
96.1766240597	-1420
96.1766870022	-1340
96.3164401054	-896
96.316630125	543
96.3172860146	-543
96.3282530308	-1380
96.3283491135	-1420
96.3283851147	-1340
96.3533260822	-1420
96.3533909321	-1340
96.4570569992	-897
96.4804821014	-1420
96.4805490971	-1420
96.4805870056	-1300
96.4850161076	-543
96.5311961174	-1420
96.5312581062	-1420
96.5312950611	-1300
96.6211900711	-60
96.7083590031	-1380
96.7852680683	-1420
96.7853331566	-1420
96.7853710651	-787
96.7858359814	543
96.788574934	543
96.8065240383	-220
96.9133479595	-543
97.2621531487	-543
97.2627620697	-1420
97.2628030777	-1340
97.4026620388	-896
97.4151711464	-1420
97.4152369499	-1420
97.4152741432	-1300
97.5430960655	-30
97.8010120392	-1420
97.8010909557	-1420
97.8011310101	-787
97.8106911182	543
97.8357880116	543
98.3782420158	-543
98.7281460762	-1420
98.728192091	-151
98.8563361168	-1057
98.8592729568	543
98.8783209324	1057
98.8785729408	543
98.8787491322	543
98.9234230518	543
98.9236660004	543
99.3573009968	-543
99.5092029572	-1420
99.5092680454	-1420
99.5093071461	-816
99.5348751545	-1380
99.6284790039	-543
99.6495540142	-705
100.079637051	-1420
100.079693079	-1179
100.100456953	543
100.479385138	-543
100.577325106	-543
100.577484131	1057
100.577997923	-1420
100.578004122	-1340
100.718152046	-896
100.745090008	-1420
100.745157003	-1420
100.745164156	-1300
100.755114079	-1420
100.755133152	-1340
100.879712105	-1057
100.883044958	1057
100.885795116	-897
100.925617933	543
100.925809145	543
100.932341099	-1420
100.932384968	-1340
101.07051897	-896
101.211148977	-543
101.326611042	-1420
101.32665801	-1340
101.333244085	-1380
101.333429098	543
101.351563931	-59
101.504110098	-1420
101.504127026	-1340
101.529823065	-543
101.531561136	-867
101.672188044	-543
101.681400061	-1420
101.681406021	-1340
101.812531948	-353
101.858936071	-1380
101.953117132	-1248
101.979488134	-1057
102.093897104	-543
102.237493038	-1420
102.237507105	-665
102.580547094	-543
102.880044937	-1420
102.880104065	-151
102.890691996	543
102.913614988	543
103.582983971	-543
104.879783154	-1420
104.87983799	-1179
104.886053085	543
105.369171143	-543
105.369791031	-1420
105.369813919	-1340
105.509896994	-896
105.537358999	-1420
105.537429094	-1420
105.537465096	-1300
105.546746016	-1420
105.546780109	-1340
105.650429964	-897
105.650619984	543
105.660747051	543
105.683331013	543
106.232977152	-543
106.610273123	-1420
106.610342026	-1179
106.621084929	543
106.653069019	1057
106.653367043	543
106.653537035	543
106.65398407	543
106.654149055	543
107.16475296	-543
107.191632986	-543
107.333914995	-1420
107.333980083	-1340
107.342103004	-1420
107.342144966	-1340
107.353568077	-221
107.39388895	-543
107.580382109	-1057
107.583050966	1057
107.803653002	-1420
107.803671122	-1179
107.814590931	543
108.179291964	-543
108.288540125	-543
108.289186001	-1420
108.289231062	-1340
108.429016113	-896
108.429255962	543
108.440557957	-1420
108.440572023	-1420
108.440631151	-1300
108.463349104	-543
108.465747118	-1420
108.465790987	-1340
108.498759985	-1057
108.569489956	-897
108.580702066	543
108.594565153	543
109.195819139	-543
109.679037094	-1420
109.67908597	-151
109.690498114	543
109.705341101	543
109.779575109	-543
110.380332947	-543
110.782204151	-1420
110.782271147	-1179
110.790282011	543
111.26365304	-543
111.264727116	-1380
111.265069962	-1420
111.265094995	-1340
111.404298067	-1116
111.416881084	-1380
111.416934967	-1420
111.416960955	-1340
111.417122126	543
111.441087961	-1380
111.544883966	-735
111.555169106	543
111.593157053	543
112.000371933	543
112.109833002	-543
112.137732983	-543
112.479617119	-1420
112.479674101	-1179
112.490911961	543
112.51850605	1057
112.521175146	543
112.521644115	543
112.521811008	543
112.994706154	-543
112.995617151	-1380
113.08029294	-543
113.135390043	-220
113.147108078	-1420
113.147156954	-1340
113.188861132	-1380
113.248284101	-543
113.27582407	-59
113.427168131	-543
113.427679062	543
113.440424919	1057
113.555220127	-543
113.714118004	-543
114.008870125	543
114.181833029	-1420
114.181910992	-1420
114.181949139	-273
114.185616016	543
114.660233974	-543
114.661041021	-1420
114.661085129	-1340
114.800760984	-896
114.813044071	-1380
114.81308794	-1420
114.813107014	-1340
114.837587118	-1420
114.837636948	-1340
114.941246986	-897
114.949032068	543
114.962789059	543
115.008858919	543
115.424633026	-1057
115.424926043	543
115.525996923	-543
115.55360198	-543
115.784044027	-1420
115.784117937	-1179
115.787894011	543
115.82647109	1057
115.828259945	543
115.828431129	543
115.828875065	543
115.829055071	543
116.008892059	543
116.009009123	543
116.285638094	-543
116.302518129	-543
116.406409979	-543
116.454350948	-1420
116.454396009	-1420
116.45441699	-273
116.479798079	-1380
116.595023155	-1248
116.595191956	543
116.881875992	-1057
116.894288063	543
116.894505978	543
117.478744984	-543
117.649667025	-543
117.883422136	-1420
117.88348794	-1420
117.883526087	-787
117.884009123	543
117.893561125	543
118.032056093	-543
118.373070955	-543
118.525471926	-1420
118.525538921	-1340
118.525578022	-1380
118.550776005	-1420
118.550845146	-1340
118.560434103	-955
118.560606956	543
118.701031923	-543
118.728186131	-1420
118.728244066	-1340
118.868942022	-867
