0	543
0.447973966599	-543
0.999773025513	543
0.999938011169	543
1.05089902878	-543
2.00022411346	543
3.91821098328	543
3.94164800644	543
4.56637907028	-543
6.01145792007	-543
6.01434397697	-1368
6.01490306854	-1420
6.01494693756	-1420
6.01498508453	-1264
6.04319500923	-1368
6.0517809391	-1420
6.05184602737	-1420
6.05189108849	-1264
6.06231403351	543
6.0745871067	-1368
6.09244394302	543
6.11191892624	543
6.13995099068	-1420
6.13996696472	-1316
6.14291906357	-1420
6.14292502403	-1316
6.14313197136	-554
6.16937708855	-1368
6.2008600235	-1368
6.26757693291	-1368
6.27169394493	-696
6.31621408463	-1368
6.38457298279	-1368
6.39521312714	1057
6.40011310577	-1007
6.41157197952	543
6.42768406868	-1368
6.43068695068	-1368
6.43223404884	-1420
6.43224000931	-1420
6.4322810173	-1264
6.43472099304	-1420
6.43474793434	-1316
6.43762302399	543
6.4403591156	-1420
6.44036602974	-1316
6.44476914406	-1420
6.4447851181	-1316
6.44800400734	-1420
6.44801497459	-1316
6.459389925	-1368
6.52399206161	-1420
6.52400612831	-1316
6.55611109734	-1420
6.55612397194	-1420
6.55618309975	-1420
6.5561850071	-1212
6.56052303314	-1368
6.56058096886	-1420
6.56061005592	-932
6.59028291702	543
6.5941259861	543
6.63939714432	-1420
6.63941407204	-1420
6.63947510719	-1264
6.66363096237	-1420
6.66366791725	-1316
6.68894696236	-986
6.68911314011	543
6.86574792862	-1086
7.29281592369	-543
7.29360508919	-1420
7.29364705086	-1420
7.29368209839	-1264
7.2952029705	-1368
7.32281899452	-1420
7.32289195061	-1420
7.32293009758	-1264
7.32297110558	-1368
7.32486510277	-1420
7.32489013672	-1316
7.42125105858	-1420
7.42129898071	-1316
7.42198514938	-1420
7.42202305794	-1316
7.42204213142	-1420
7.42206001282	-1316
7.4220700264	-1420
7.42209100723	-1316
7.42361593246	-1420
7.42364192009	-1316
7.42582511902	1057
7.45123100281	-1420
7.45125102997	-1420
7.45131611824	-1420
7.45131802559	-1420
7.45135998726	-1420
7.45136213303	-1420
7.45141196251	-1056
7.45141410828	-1368
7.45332193375	-1420
7.45332694054	-1420
7.45336508751	-1420
7.45336699486	-1212
7.54985713959	-1420
7.54987692833	-1420
7.54993796349	-1420
7.54994106293	-1212
7.55018901825	543
7.55036091805	-1420
7.55036401749	-1420
7.55038499832	-1264
7.55055999756	-1420
7.55059909821	-1420
7.55060195923	-1264
7.55080413818	-1420
7.55080914497	-1420
7.55089211464	-1264
7.55089497566	-1420
7.55093097687	-1420
7.55093407631	-1264
7.55198907852	-1420
7.55199408531	-1420
7.55203294754	-1264
7.55203509331	-1368
7.57958507538	-1420
7.57960414886	-1420
7.57964396477	-1420
7.57964611053	-1420
7.57966208458	-1420
7.5796649456	-1420
7.57968306541	-1056
7.57968592644	-1420
7.57970714569	-1420
7.57970905304	-1264
7.57972502708	-1420
7.57972812653	-1420
7.57974791527	-1264
7.57975196838	-1368
7.58105611801	543
7.58121109009	543
7.581854105	-1420
7.58186411858	-1420
7.58190107346	-1420
7.58190512657	-1212
7.5819299221	-1420
7.58193302155	-1316
7.58195710182	-1368
7.5820081234	-1368
7.59038901329	543
7.62133097649	-1420
7.62134504318	-1316
7.6782810688	-1420
7.67829608917	-1420
7.67835092545	-1420
7.67835402489	-1420
7.67838692665	-952
7.69172096252	543
7.69198298454	1460
7.69202494621	1460
7.69206404686	707
7.69220995903	543
7.69239807129	1460
7.69244003296	1460
7.69247412682	1161
7.69253706932	89
7.6929500103	543
7.69316792488	543
7.69342112541	543
7.69358992577	543
7.69389009476	543
7.6940600872	543
7.69838404655	543
7.69855213165	543
7.86207294464	543
7.86247014999	543
7.9214861393	-543
7.93175411224	-1368
7.94608807564	-1420
7.94609904289	-1316
7.94774794579	-1420
7.94775414467	-1316
7.95325803757	-1420
7.95326399803	-1316
7.96157407761	-1368
7.96179008484	-1420
7.96182799339	-1316
7.96220803261	543
7.96239805222	543
7.97173309326	-1420
7.97173905373	-1316
7.97187304497	543
7.97472214699	-1420
7.97472691536	-1316
7.98378515244	-1420
7.98379206657	-1316
7.98465800285	-1420
7.98466396332	-1316
7.99044013023	543
7.99069404602	543
8.03888010979	-1368
8.03906702995	543
8.03937196732	1460
8.0394179821	1460
8.03946113586	1161
8.03952407837	-1420
8.03952503204	-1316
8.03958892822	89
8.03977513313	1460
8.03981804848	1460
8.03985095024	1161
8.03991699219	603
8.04008698463	1460
8.04012703896	1460
8.04015994072	1161
8.04024600983	603
8.0404651165	-1368
8.04191398621	-1420
8.04193711281	-1316
8.04407906532	-1420
8.04412198067	-1316
8.0532720089	-1420
8.0532989502	-1316
8.05410408974	-1368
8.06008696556	-262
8.0705010891	-1368
8.18854498863	-1260
8.19422602654	1460
8.19429111481	1460
8.19434905052	1161
8.19442009926	603
8.22504997253	-1420
8.225055933	-1316
8.26263213158	-1420
8.26264810562	-1316
8.26437997818	-1368
8.26459693909	1057
8.26707291603	-1420
8.26707792282	-1420
8.26711702347	-1264
8.28053307533	-1420
8.28058695793	-1420
8.28059005737	-1264
8.29220604897	-1420
8.29221606255	-1316
8.30447793007	-1420
8.30449104309	-1316
8.30473613739	-1420
8.30473995209	-1420
8.30477809906	-1264
8.3094420433	-1368
8.31616711617	-1368
8.31660199165	-1420
8.31662392616	-1316
8.3168990612	-1324
8.32158112526	543
8.32720398903	-1420
8.32721805573	-1420
8.32727003098	-1264
8.33710813522	-1420
8.33713412285	-1316
8.33713698387	-1420
8.33716201782	-1316
8.33743810654	-1420
8.33746004105	-1316
8.34108805656	-1368
8.34331798553	-1420
8.34332513809	-1420
8.34336900711	-1264
8.34361195564	-1420
8.34363412857	-1316
8.34993696213	-1368
8.36025595665	-1368
8.3700940609	-1420
8.37016105652	-1420
8.37016510963	-1264
8.37487602234	-1368
8.40638899803	-1368
8.4330470562	-1420
8.4330561161	-1316
8.43384814262	-1420
8.43385410309	-1316
8.43398499489	-1368
8.43782901764	-1368
8.44804096222	-1368
8.44825911522	-1420
8.44828605652	-1316
8.44844603539	-1368
8.45523810387	-212
8.45777106285	-1368
8.45889496803	-1420
8.4589009285	-1316
8.46877098083	-1368
8.46921014786	-1368
8.46931815147	543
8.47555208206	-1420
8.47556614876	-1420
8.47561907768	-1264
8.47608804703	-1420
8.47613191605	-1420
8.47613501549	-1420
8.47617006302	-1212
8.48302698135	-1368
8.50038814545	543
8.50070095062	543
8.50105595589	-1368
8.5109500885	-1420
8.51099395752	-1420
8.51099705696	-1264
8.51103305817	-1368
8.51113510132	543
8.51984500885	-1368
8.53243994713	-1420
8.53248405457	-1316
8.54065108299	-1368
8.54928708076	-1420
8.54929208755	-1420
8.54934000969	-1264
8.54946708679	543
8.55911302567	-1420
8.55912995338	-1316
8.56632709503	-1420
8.56633400917	-1316
8.56918311119	-1420
8.56919503212	-1316
8.56958603859	-1368
8.5722630024	-1368
8.5836250782	-1045
8.58444094658	-1368
8.61334705353	-1368
8.63478207588	-1368
8.63699698448	-1420
8.63700294495	-1316
8.6475789547	-1368
8.65605401993	-1368
8.65681004524	-1368
8.65748095512	-1368
8.65836811066	-1368
8.66178512573	-1420
8.66184306145	-1316
8.66258692741	543
8.6661901474	-1420
8.66619992256	-1420
8.66624999046	-1264
8.6662530899	-1420
8.66628694534	-1316
8.67118096352	-1420
8.67120313644	-1316
8.67722702026	-1368
8.67756414413	-1420
8.67756795883	-1316
8.6776881218	-1368
8.67906403542	-1368
8.68082594872	-1368
8.68142414093	-1368
8.68207597733	-1420
8.68208003044	-1316
8.68231201172	543
8.68446207047	-1420
8.68447113037	-1316
8.68485593796	-1420
8.68486094475	-1316
8.69120001793	-1368
8.69229602814	-1420
8.69231796265	-1316
8.69247913361	-1368
8.69830012321	-1420
8.69830513	-1316
8.70028996468	-1420
8.70029592514	-1316
8.70645093918	-1420
8.70645713806	-1420
8.70650005341	-1264
8.70737504959	-1368
8.70748209953	543
8.7125980854	-1420
8.71260404587	-1316
8.71321105957	-658
8.71509313583	-1420
8.71511602402	-1316
8.7201359272	-1420
8.72017908096	-1316
8.72024607658	-1368
8.72417211533	543
8.76322698593	-1420
8.76323795319	-1420
8.76328897476	-1420
8.7632920742	-1212
8.76530504227	-1420
8.76530909538	-1316
8.76537513733	-1420
8.76537895203	-1316
8.78457713127	-1420
8.78459000587	-1420
8.78462314606	-1420
8.78462505341	-1212
8.78590703011	-1420
8.7859120369	-1420
8.78595304489	-1420
8.78595495224	-1212
8.78979206085	543
8.79019594193	-1420
8.79020094872	-1420
8.79024195671	-1264
8.79024505615	-1420
8.7902879715	-1420
8.79029107094	-1264
8.79463791847	-1420
8.79465103149	-1420
8.79468297958	-1264
8.79468512535	-1368
8.79482603073	-1420
8.79483103752	-1316
8.7948551178	-1420
8.79485797882	-1420
8.79487800598	-1264
8.7948820591	-1368
8.79975605011	-1420
8.79977107048	-1420
8.79982805252	-1264
8.79982995987	-1368
8.79997205734	1057
8.80606198311	-1420
8.80608201027	-1420
8.80615210533	-1264
8.80615496635	-1420
8.80618906021	-1420
8.80619096756	-1264
8.80734610558	-1420
8.80735206604	-1316
8.80740714073	-1420
8.80741095543	-1316
8.80999612808	-1420
8.81000113487	-1420
8.81004309654	-1420
8.81004500389	-1212
8.8101849556	543
8.81059503555	-1420
8.81059908867	-1420
8.81063914299	-1420
8.81064200401	-1212
8.81292414665	-1420
8.81293010712	-1420
8.81297111511	-1420
8.81297397614	-1212
8.81318593025	-1420
8.81318902969	-1316
8.81325793266	-1420
8.81326198578	-1316
8.82083702087	-1420
8.82084703445	-1420
8.82089710236	-1264
8.8230650425	-1420
8.82310700417	-1420
8.82310914993	-1264
8.82702302933	-1420
8.82702708244	-1316
8.83588910103	-1368
8.84325695038	-1368
8.84340500832	-493
8.85350608826	-1368
8.85509109497	-1368
8.85517692566	543
8.85692811012	-1368
8.85820412636	-1368
8.85823893547	-1368
8.85931110382	-1420
8.85935711861	-1420
8.85935997963	-1264
8.86073803902	-1368
8.86081814766	543
8.86169695854	-1368
8.86370491982	-1368
8.86570596695	-1368
8.86664915085	-1420
8.86667299271	-1316
8.86746406555	543
8.88224506378	543
8.8824660778	543
8.88822293282	-1420
8.88822793961	-1316
8.89155507088	-1420
8.89156198502	-1420
8.89166212082	-1420
8.89166498184	-1212
8.89170312881	-1420
8.89170598984	-1420
8.89174008369	-1264
8.89174199104	-1368
8.89397001266	-1420
8.89397501945	-1420
8.8940141201	-1420
8.89401698112	-1420
8.89408612251	-1160
8.89408898354	-1368
8.89413809776	-1420
8.89414095879	-1316
8.89427900314	543
8.89438796043	543
8.91314506531	-1420
8.91316008568	-1316
8.91319513321	-1420
8.91320014	-1420
8.91321611404	-1264
8.91321802139	-1420
8.91324210167	-1420
8.91324400902	-1264
8.91347312927	543
8.91434907913	-1420
8.91435408592	-1420
8.9144411087	-1420
8.91444396973	-1420
8.91448092461	-1160
8.91448402405	-1420
8.91451692581	-1420
8.91451907158	-1264
8.91464114189	543
8.91870212555	-1368
8.91907691956	-1368
8.92462301254	-1368
8.92587304115	-1368
8.93101501465	-1368
8.93654894829	-1368
8.93834495544	-1420
8.938352108	-1420
8.93839406967	-1264
8.94804000854	-1420
8.94811010361	-1420
8.9481139183	-1264
8.94858407974	-1420
8.94858813286	-1420
8.94862604141	-1264
8.95006012917	-1368
8.95029902458	-1368
8.95057797432	543
8.98183894157	-316
8.99255204201	543
8.9927740097	543
9.0261991024	-1368
9.07153010368	-1368
9.07355594635	543
9.07378196716	543
9.07558012009	-1368
9.07730197906	-1420
9.0773460865	-1420
9.07735013962	-1264
9.07923102379	-1368
9.08012008667	-1368
9.08123803139	-1368
9.08300304413	-1368
9.08401894569	-1420
9.08402514458	-1316
9.08567905426	-1368
9.08576107025	543
9.08686709404	-1368
9.08693814278	543
9.08772993088	-1420
9.08773612976	-1316
9.08853006363	-1368
9.08971405029	-1368
9.09071111679	-1368
9.09131407738	-1368
9.09149599075	543
9.09252810478	-1368
9.09269595146	-1368
9.09362912178	-1368
9.0945110321	-1420
9.09455513954	-1420
9.09455800056	-1264
9.10046696663	-1420
9.10047197342	-1316
9.10520911217	-1368
9.1109931469	-1087
9.13717913628	-1420
9.13719010353	-1316
9.13745808601	-1368
9.14245414734	-1368
9.2055580616	-1368
9.23962211609	-588
9.26518392563	543
9.27276492119	-1420
9.27277112007	-1316
9.28121399879	-1420
9.28122496605	-1316
9.30478692055	-1420
9.3047990799	-1316
9.3148651123	-1420
9.31487298012	-1316
9.34628891945	-1368
9.36257410049	-1368
9.36811304092	-3
9.39472913742	-1368
9.42682600021	-1368
9.47467708588	-1420
9.47468900681	-1420
9.4747300148	-1264
9.48161292076	543
9.48225712776	543
9.48733997345	-1420
9.48734498024	-1420
9.48738598824	-1264
9.48790812492	-1420
9.48794698715	-1420
9.48795008659	-1264
9.49153208733	1057
9.49462914467	-1420
9.49463510513	-1316
9.49518203735	-1420
9.49518799782	-1420
9.49522805214	-1264
9.49606204033	-1368
9.52305793762	-794
9.5278339386	-1368
9.65155792236	-1260
9.72725701332	-543
9.72827792168	-1368
9.74564194679	543
9.74589014053	543
9.75998711586	-1368
9.76599907875	1057
9.78001499176	-978
9.78529405594	543
9.78552699089	543
9.81428909302	-1368
9.88445901871	-1368
9.89041996002	543
9.89435100555	543
9.91415095329	-435
9.98375296593	-1368
9.98423814774	-1368
10.0016040802	543
10.0016961098	543
10.0112190247	-1368
10.0123450756	-1368
10.0129070282	-1368
10.0144290924	-1420
10.0144710541	-1420
10.0144739151	-1264
10.0146429539	-1368
10.0152819157	-1420
10.0153031349	-1316
10.0427050591	-720
10.0694150925	-1368
10.1010191441	-1368
10.1375820637	-1420
10.1376371384	-1316
10.1977510452	-356
10.2215321064	543
10.2218880653	543
10.240060091	-1368
10.2407410145	-1420
10.240819931	-1316
10.2424170971	-1368
10.2426860332	-1368
10.242841959	-1420
10.2428660393	-1316
10.2436299324	-1420
10.2436740398	-1420
10.2436771393	-1264
10.243792057	543
10.2444109917	-1420
10.2444169521	-1316
10.2445499897	-1368
10.2650430202	-1420
10.2650949955	-1316
10.2715990543	543
10.2752261162	-1420
10.2752380371	-1316
10.3423080444	-1368
10.3510570526	-1420
10.3511149883	-1420
10.3511190414	-1264
10.3511559963	-1420
10.3511590958	-1316
10.3522701263	-984
10.3616409302	543
10.3672881126	-1368
10.3738520145	-1368
10.3965330124	-543
10.4808049202	-978
10.4898240566	-1368
10.4927139282	-1420
10.4927210808	-1316
10.4938919544	-1368
10.4964079857	-1420
10.496432066	-1316
10.4973289967	-1368
10.4989390373	-1420
10.4989449978	-1316
10.5095970631	-1368
10.5098090172	-1368
10.5159311295	-1420
10.5159399509	-1316
10.5181970596	543
10.5493500233	-543
10.6093039513	-40
10.6419229507	543
10.6421749592	543
10.7377691269	-543
10.7560441494	-1368
10.7563400269	-1420
10.756346941	-1316
10.7569310665	-1368
10.7571489811	-1368
10.7576401234	-1368
10.7578611374	-1368
10.7579801083	543
10.7581419945	-1368
10.7583789825	-1368
10.7634150982	-1420
10.7634310722	-1316
10.763682127	-543
10.7638509274	-1420
10.7638540268	-1316
10.7638721466	-1368
10.7642059326	-1368
10.7646000385	-1368
10.7647979259	-1368
10.7651970387	-1420
10.7652010918	-1316
10.7659790516	-1368
10.766356945	-1368
10.7665741444	543
10.7670879364	-1368
10.7673311234	-1368
10.7681920528	-1368
10.7682890892	-1368
10.7683079243	-1420
10.7683110237	-1316
10.7694630623	-1368
10.7912120819	-1368
10.7913501263	-1420
10.7913551331	-1420
10.7914021015	-1264
10.7936041355	-1368
10.793653965	-1368
10.7944381237	-1420
10.794481039	-1420
10.7944841385	-1264
10.7946219444	-1368
10.7949979305	543
10.7955539227	-1368
10.8010969162	-1368
10.8180890083	-1368
10.8665759563	-1069
10.9709849358	-1368
10.9949879646	-261
11.0016601086	543
11.0028939247	-1420
11.0029001236	-1420
11.0029430389	-1264
11.0030300617	543
11.0182600021	-1368
11.0196249485	-1420
11.0196621418	-1316
11.0199811459	-1420
11.0200190544	-1420
11.0200219154	-1264
11.0203530788	-1420
11.0203559399	-1316
11.0208220482	-1368
11.021476984	-1368
11.0219619274	-1368
11.0224950314	-1368
11.0228099823	-1368
11.0235650539	-1368
11.023786068	-1368
11.0240750313	-1368
11.0244240761	-1420
11.0244281292	-1316
11.0249340534	-1368
11.0252590179	-1368
11.0255470276	-1368
11.0256941319	543
11.0265729427	-1368
11.0266430378	543
11.027187109	-1368
11.0279610157	-1420
11.0279870033	-1316
11.0343599319	-1368
11.065983057	-1420
11.0659990311	-1316
11.1233730316	-1095
11.1680779457	-1420
11.1680891514	-1420
11.1681320667	-1264
11.1708400249	-1368
11.1714000702	-1420
11.1714060307	-1316
11.1719300747	-1420
11.1719360352	-1316
11.1776549816	-1420
11.1776640415	-1420
11.1777091026	-1264
11.18196702	543
11.1836061478	-1420
11.1836109161	-1316
11.1840951443	-1420
11.184098959	-1420
11.1841371059	-1264
11.1863241196	543
11.1994540691	-1368
11.232845068	-1368
11.2820699215	-1368
11.2837200165	-1368
11.2953109741	-1420
11.295320034	-1316
11.2966210842	-839
11.3156890869	1057
11.3268561363	-1420
11.3268709183	-1316
11.3626110554	543
11.4025480747	543
11.4028029442	543
11.4253230095	-949
11.5279939175	-1368
11.5281209946	-1420
11.5281789303	-1420
11.5281820297	-1420
11.5282180309	-1212
11.5328729153	-1420
11.5328800678	-1316
11.5338330269	-1420
11.5338461399	-1420
11.5338840485	-1264
11.5344860554	-1368
11.5346009731	-1420
11.5346050262	-1316
11.5362370014	-1420
11.5362420082	-1420
11.5362839699	-1264
11.5382120609	-1420
11.5382170677	-1420
11.5382559299	-1264
11.5383520126	543
11.5397410393	-1420
11.5397460461	-1420
11.5397870541	-1264
11.539880991	-1420
11.5399370193	-1316
11.5399699211	-1368
11.5400829315	543
11.5461781025	-1420
11.546184063	-1420
11.5462260246	-1264
11.5468361378	-1420
11.5468800068	-1420
11.5468831062	-1420
11.5469191074	-1212
11.5499799252	-1420
11.5500221252	-1420
11.5500249863	-1264
11.5500690937	-1420
11.5500719547	-1316
11.5504341125	-1420
11.5504369736	-1420
11.5504739285	-1264
11.5514731407	-1420
11.5515100956	-1316
11.5522990227	-1368
11.5531949997	-1420
11.5531980991	-1420
11.5532331467	-1264
11.5536561012	-107
11.5543289185	-1368
11.5544929504	543
11.5551300049	-1420
11.5551359653	-1316
11.5559089184	-1420
11.5559139252	-1316
11.5560159683	-1420
11.5560190678	-1316
11.5568990707	-1368
11.5570800304	-1420
11.5571069717	-1420
11.5571091175	-1264
11.5573401451	-1368
11.5573940277	-1368
11.5646181107	543
11.5882740021	-1420
11.5882899761	-1316
11.5915350914	543
11.6681571007	-1368
11.6823771	-1105
11.699819088	-1368
11.7275359631	543
11.7277829647	543
11.8115079403	-1260
11.8155019283	543
11.8339531422	-1420
11.8339679241	-1316
11.8424260616	-1420
11.8424379826	-1316
11.9000089169	-1368
11.9040400982	-1420
11.9041259289	-1420
11.9041309357	-1420
11.9041650295	-1420
11.904168129	-1160
11.9044489861	543
11.9046120644	-1420
11.9046161175	-1420
11.904654026	-1264
11.9122340679	-1368
11.9137649536	-1368
11.91437006	-1420
11.9144179821	-1420
11.9144210815	-1264
11.9153850079	-1420
11.9153881073	-1316
11.9160830975	-1420
11.9160871506	-1420
11.9161260128	-1420
11.9161279202	-1212
11.9174771309	-1420
11.9174809456	-1420
11.9175169468	-1264
11.9193799496	543
11.9236750603	-1368
11.9240379333	-1420
11.9240961075	-1316
11.936923027	-1420
11.9369771481	-1420
11.9369809628	-1264
11.9371430874	543
11.9399189949	-270
11.9439520836	-1368
12.0121691227	-1368
12.0686979294	-949
12.0811309814	-1368
12.0819201469	-1420
12.0819749832	-1316
12.0855209827	-1368
12.1176660061	-1368
12.1259729862	543
12.1266610622	543
12.1568789482	-1368
12.1971321106	-219
12.260764122	-1368
12.2621021271	-1420
12.2621660233	-1316
12.2626280785	-1368
12.2629070282	-1368
12.2637629509	-1368
12.2640690804	-1368
12.2645590305	-1368
12.264934063	-1420
12.2649381161	-1316
12.2660501003	-1420
12.2660529613	-1316
12.2663369179	-1368
12.2665300369	-1368
12.2667720318	543
12.2668190002	-1368
12.267619133	-1368
12.2678620815	-1420
12.2678661346	-1316
12.2687690258	-1368
12.2696371078	-1368
12.2699151039	-1368
12.271394968	-1368
12.2724990845	-1368
12.2739050388	-1368
12.2753391266	-1420
12.2753429413	-1316
12.2757239342	-1368
12.2769501209	-1368
12.2823839188	-1368
12.2886679173	-1420
12.2887129784	-1316
12.2888081074	1057
12.2909469604	-1420
12.2909519672	-1316
12.2931690216	-1420
12.2931730747	-1316
12.2946591377	543
12.3207421303	-1420
12.320759058	-1316
12.3255689144	-344
12.3304591179	-1420
12.3305239677	-1420
12.3305289745	-1420
12.3305649757	-1212
12.3322429657	-1368
12.3771791458	-1368
12.4270880222	-1368
12.4272329807	543
12.4589679241	-1420
12.4589829445	-1087
12.4837291241	543
12.5873510838	-543
12.5993659496	-1420
12.5994141102	-1316
12.5996820927	-1368
12.600135088	-1368
12.6007580757	-1420
12.6008110046	-1316
12.6011419296	-1368
12.6017811298	-1368
12.6021509171	-1368
12.6030619144	-1420
12.6030669212	-1316
12.6294550896	-1420
12.6294701099	-1316
12.6493151188	-1368
12.6516139507	-1420
12.6516640186	-1316
12.6518740654	-1420
12.6519160271	-1316
12.6521711349	-1368
12.6528010368	-1368
12.653110981	-1368
12.6532030106	-1368
12.6537699699	-1368
12.6538569927	543
12.6544981003	-1368
12.6546421051	-1420
12.6546831131	-1316
12.6552650928	-1368
12.6561801434	-1368
12.6572630405	-1368
12.6582860947	-1420
12.6582901478	-1316
12.6593799591	-1420
12.6593859196	-1316
12.6597590446	-1420
12.6597630978	-1316
12.6600689888	-1368
12.6603090763	-1368
12.6605730057	543
12.6608741283	-1420
12.6608879566	-1316
12.6611499786	-1368
12.6614220142	-1368
12.6618130207	-1368
12.6621849537	-1368
12.6625051498	-1368
12.6628339291	-1368
12.6648240089	-1420
12.6648290157	-1316
12.6688671112	-1368
12.698431015	-1368
12.7160170078	-637
12.8873980045	-543
12.8883020878	-1420
12.8883559704	-1316
12.919850111	-1420
12.9198660851	-1420
12.9199199677	-1264
12.9671690464	-1420
12.9671831131	-1420
12.9672369957	-1264
13.0166051388	-480
13.0244700909	-1420
13.0244760513	-1316
13.0269389153	-1368
13.0271070004	1057
13.0300369263	-1420
13.0300481319	-1316
13.0423109531	543
13.0425701141	543
13.044093132	-1368
13.0669779778	-1420
13.0670540333	-1316
13.0675780773	-1368
13.0685110092	-1368
13.0694479942	-1420
13.0694890022	-1316
13.0696430206	-1368
13.0704100132	-1420
13.0704140663	-1420
13.070472002	-1264
13.0704751015	-1420
13.0705089569	-1420
13.0705120564	-1264
13.0707769394	-1420
13.0707910061	-1420
13.0708210468	-1264
13.0714550018	-1420
13.0715000629	-1420
13.071502924	-1264
13.0724971294	-1420
13.072507143	-1420
13.0725541115	-1420
13.0725560188	-1420
13.0725910664	-1160
13.0725929737	-1368
13.0726919174	-1368
13.0727751255	543
13.0730960369	-1420
13.0731019974	-1316
13.0732750893	-1420
13.0732791424	-1316
13.0737249851	-1368
13.0743291378	-1368
13.074463129	-1420
13.0744669437	-1316
13.0746319294	-1420
13.0746350288	-1316
13.0747449398	-1420
13.0747480392	-1316
13.0757861137	-1368
13.0782489777	543
13.1073510647	-1420
13.1073660851	-1316
13.1528010368	-173
13.1939339638	-1420
13.1939461231	-1316
13.2224481106	-1368
13.222589016	543
13.2228829861	-1420
13.2228879929	-1316
13.2735469341	-1420
13.2735729218	-1420
13.2736170292	-1264
13.2737290859	-1420
13.2737829685	-1316
13.273786068	-1368
13.2739059925	-1368
13.2746589184	-1420
13.274698019	-1316
13.2767059803	-1368
13.2771260738	-1420
13.277130127	-1316
13.2776911259	-1368
13.2784061432	-1368
13.2801940441	-1420
13.2801980972	-1316
13.2805581093	-1368
13.2815160751	-1368
13.2829580307	-1368
13.283203125	543
13.2836999893	-1368
13.2841200829	-1368
13.2846000195	-1368
13.2855670452	-1420
13.2855911255	-1316
13.2859361172	-1368
13.2867701054	-1368
13.286837101	543
13.2876930237	-1420
13.2876989841	-1316
13.2882630825	-1368
13.2883241177	543
13.2918901443	-1368
13.3229999542	-1335
13.3236041069	-1368
13.4513571262	-203
13.5058691502	-1420
13.5058851242	-1316
13.5063860416	-1420
13.5063900948	-1316
13.5338990688	-1368
13.5364420414	-1368
13.5379481316	-1420
13.5380010605	-1316
13.5380051136	-1368
13.5680470467	-1368
13.5799379349	-546
13.70835495	-543
13.7404239178	-1368
13.755934	-1420
13.7559940815	-1316
13.7713811398	-1368
13.7774219513	-1368
13.7775449753	-1368
13.7780430317	-1420
13.7780890465	-1316
13.7786669731	-1420
13.7787051201	-1316
13.7793369293	-1368
13.7800619602	-1368
13.7814381123	-1420
13.7814679146	-1316
13.7824411392	543
13.785118103	-1368
13.7876479626	-1420
13.7876911163	-1420
13.7876939774	-1264
13.802986145	-1420
13.8029911518	-1420
13.8030350208	-1264
13.8347890377	-1420
13.8348469734	-1316
13.8367109299	-1042
13.8368239403	543
13.8665831089	-1368
13.9949290752	-232
14.0120489597	543
14.0122859478	543
14.471724987	-543
14.4996850491	-1368
14.4997470379	-1420
14.4997520447	-1316
14.500344038	-1368
14.5006759167	-1368
14.5013940334	-1420
14.5013971329	-1316
14.5014541149	-1420
14.5014569759	-1420
14.5014960766	-1264
14.5030629635	-1368
14.5033149719	543
14.5348169804	-1420
14.5348310471	-1316
14.6000859737	-525
14.7091441154	-1368
14.7797470093	-1260
14.7916021347	543
14.9615409374	-543
14.9788939953	-543
14.9804909229	-1420
14.9805679321	-1316
14.9805710316	-1368
14.9806909561	-1368
14.9807670116	543
14.9817790985	-1368
14.9822220802	-1420
14.9822471142	-1316
15.0004410744	543
15.0105171204	-1368
15.0169479847	-543
15.1088631153	-1081
15.1617691517	543
15.1725559235	543
15.2419779301	-543
15.4823970795	-543
15.5140860081	-1420
15.5141420364	-1316
15.6106719971	-377
15.7390050888	-543
15.952147007	-543
16.0505080223	-1368
16.0678720474	543
16.0681431293	543
16.0805740356	-232
16.4710550308	-543
16.6956441402	-543
16.7274339199	-1368
16.8240580559	-1289
16.8380789757	543
17.0235280991	-543
17.0278401375	-1420
17.0279369354	-1420
17.0279400349	-1264
17.0279810429	-1420
17.0279829502	-1316
17.0442180634	-1368
17.0552711487	-1420
17.0553240776	-1316
17.0554289818	543
17.1517469883	543
17.1562280655	-1052
17.1718690395	543
17.1721169949	543
17.3012120724	-1086
17.5073959827	-543
17.5090339184	543
17.5095620155	543
17.5098741055	1057
17.6357491016	-543
17.818048954	-543
18.0115101337	543
18.046653986	-543
18.2154531479	-543
18.3365180492	-1368
18.3412671089	543
18.3535490036	543
18.4233329296	-775
18.7923159599	-543
19.0692961216	-543
19.1976420879	-543
19.224173069	-1368
19.3259861469	-717
19.3416800499	543
19.5375509262	-543
19.5382449627	-1368
19.5402140617	-1420
19.5402190685	-1316
19.5403299332	543
19.5409200191	-1420
19.5409259796	-1316
19.5429091454	-1368
19.5555491447	-1420
19.5555961132	-1316
19.6667180061	-1139
19.6831140518	543
19.7045030594	543
20.0001289845	543
20.0002291203	543
20.1799459457	-543
20.4859521389	-543
20.6144061089	-1057
20.6262540817	543
20.6464109421	543
21.1392300129	-543
21.4832010269	-543
21.515130043	-1368
21.5978281498	-543
21.6114580631	-717
21.6216571331	543
21.8296430111	-543
21.8302309513	-1420
21.8302619457	-1316
21.8345370293	-1420
21.8346040249	-1420
21.8346071243	-1420
21.8346419334	-1212
21.8346440792	-1368
21.861205101	-1368
21.9587290287	-1023
21.9716260433	543
21.9952890873	543
22.4711079597	-543
22.7530040741	-543
22.7856669426	-543
22.9141700268	-1057
22.9230830669	543
22.9540741444	543
23.0114850998	543
23.3754980564	-543
23.6707191467	-543
24.0082190037	543
24.0083210468	543
24.4327440262	-543
24.7390010357	-543
24.770761013	-1368
24.8672070503	-717
24.8699281216	543
25.000467062	-543
25.113615036	-543
25.1158361435	-1420
25.1158900261	-1420
25.1158931255	-1264
25.1215250492	543
25.1231300831	-1420
25.123139143	-1316
25.1243929863	-1420
25.1243979931	-1316
25.145170927	-1368
25.2452120781	-1081
25.2559120655	543
25.2624931335	543
25.7528290749	-543
26.0535941124	-543
26.1820390224	-1057
26.1918480396	543
26.2140419483	543
26.7656419277	-543
27.1076440811	-543
27.1078410149	543
27.1393871307	-1368
27.23605299	-717
27.2394120693	543
27.4299840927	-543
27.4324860573	-1368
27.4346821308	-1420
27.4346990585	-1316
27.4354739189	-1368
27.4364840984	-1420
27.4365100861	-1316
27.4490880966	-1420
27.4491569996	-1316
27.5612080097	-1110
27.5818741322	543
27.6044080257	543
27.8741569519	-543
28.0168700218	543
28.0169830322	543
28.0672709942	-543
29.010242939	-543
29.0420539379	-1368
29.1386890411	-717
29.1757290363	543
29.1870520115	543
29.1957409382	543
29.2107379436	543
29.2112820148	543
29.211493969	543
29.2384710312	543
29.2387750149	543
29.4417910576	-543
29.4428839684	-1368
29.460901022	-1420
29.4609119892	-1316
29.4736161232	-1368
29.481523037	543
29.5716490746	-327
29.7282049656	-1420
29.7282791138	-1316
29.7402451038	-435
29.7437441349	543
29.7442030907	543
29.8153691292	543
29.8156270981	543
29.8895130157	-543
29.9213249683	-1368
29.9531729221	-1420
29.9531891346	-1316
29.9776511192	543
30.0496070385	-95
30.2260489464	-1420
30.2261071205	-1316
30.2277719975	-1368
30.2282030582	-1420
30.2282171249	-1316
30.2282750607	-1368
30.2282779217	-1368
30.2351739407	-393
30.243942976	-1368
30.2552011013	-1368
30.2565021515	-1368
30.2765181065	543
30.2768080235	543
30.3544669151	-1420
30.3544831276	-1420
30.3545360565	-1420
30.3545389175	-1212
30.3565850258	-1420
30.3565890789	-1316
30.3566260338	-1368
30.3635289669	-488
30.4919860363	-1086
30.5057399273	543
30.5059919357	1057
30.7830319405	-543
31.0014851093	543
31.0354869366	-543
31.203359127	-543
31.3910861015	-1368
31.3913879395	543
31.4111709595	-804
31.4116880894	543
31.4315481186	543
31.4419009686	543
31.4421930313	543
31.7600979805	-543
31.8529279232	-1368
31.8668191433	543
31.8670780659	543
31.9812979698	-1318
32.0016820431	543
32.001937151	543
32.0778939724	-543
32.3805670738	-543
32.6631269455	-543
32.7277541161	-1368
32.7592740059	-1368
32.7631311417	543
32.7917511463	-435
33.0021979809	-543
33.0039610863	-1420
33.0040061474	-1420
33.0040431023	-1264
33.0062811375	-1368
33.0065569878	-1420
33.0065889359	-1316
33.0336790085	-1420
33.0337350368	-1316
33.0651750565	-1368
33.0692939758	543
33.1304879189	-828
33.1483359337	543
33.151829958	543
33.4037749767	-543
33.677366972	-543
33.9484570026	-543
34.1561729908	-1057
34.1662421227	543
34.1814899445	543
34.4168839455	-543
34.5908970833	-543
34.8397059441	-1368
34.8613409996	-1260
34.8715610504	543
35.0014810562	543
35.0938091278	-543
35.1024200916	-1420
35.1024649143	-1316
35.1252920628	-1420
35.1253631115	-1420
35.1253681183	-1264
35.1570749283	-1420
35.1570999622	-1420
35.1571359634	-1264
35.2025640011	543
35.2307610512	-509
35.2413959503	543
35.2719221115	543
35.8453090191	-543
35.8575370312	-543
36.1685540676	-543
36.2002160549	-1368
36.2968361378	-717
36.2999539375	543
36.3271310329	1057
36.3295581341	543
36.3300800323	543
36.3313310146	543
36.345001936	543
36.3452589512	543
36.5790641308	-543
36.5828089714	-1420
36.5828609467	-1420
36.5828649998	-1264
36.6108579636	-1368
36.6196041107	-1368
36.6260840893	-1420
36.6260910034	-1316
36.6269609928	-1420
36.6269659996	-1316
36.711274147	-1420
36.7112910748	-1420
36.7113349438	-1420
36.7113370895	-1212
36.7113540173	-1420
36.7113559246	-1316
36.711482048	-1420
36.7114949226	-1316
36.7214751244	543
36.748085022	-1420
36.748098135	-1420
36.7481501102	-1420
36.7481529713	-733
36.7939729691	-543
36.9242489338	-1086
37.0525970459	-543
37.0871751308	-1368
37.1521229744	-1368
37.1548831463	543
37.1812031269	-493
37.1817409992	543
37.1838231087	1057
37.2114470005	543
37.312484026	-543
37.404184103	-1420
37.4042100906	-1316
37.4052081108	-1368
37.4246299267	-1420
37.4246530533	-1316
37.4311170578	-1368
37.4405200481	543
37.4648249149	-1420
37.4648470879	-1316
37.5292730331	-1052
37.5635349751	543
37.5640230179	543
37.743117094	-543
37.8716571331	-543
38.0139501095	543
38.0140531063	543
38.1095030308	-543
38.1236820221	543
38.2528381348	-1086
38.4624481201	-543
38.4940330982	-1368
38.5310630798	-543
38.5909030437	-1260
38.601637125	543
38.6338250637	1057
38.6341109276	543
38.6343181133	543
38.6640839577	543
38.6643369198	543
38.9043140411	-543
38.9116630554	-1368
38.9362099171	-1420
38.9362211227	-1316
38.9680769444	-1368
39.0129160881	543
39.040143013	-841
39.1688220501	-543
39.2193930149	-1420
39.2194590569	-1420
39.2195060253	-1264
39.2380681038	-1368
39.2504370213	-1420
39.2505040169	-1420
39.2505409718	-1264
39.2507839203	543
39.2589941025	-1420
39.2589991093	-1420
39.2590410709	-1264
39.281897068	-1420
39.2819650173	-1316
39.2821290493	543
39.2970430851	-322
39.4661691189	-543
39.4666900635	543
39.4747231007	1057
39.5401580334	-1420
39.5401759148	-1316
39.5946741104	-978
39.601498127	543
39.6122970581	-1420
39.6123161316	-1316
39.740666151	-891
39.938683033	-543
39.951873064	-1420
39.9518990517	-1316
39.9705319405	-1420
39.970541954	-1420
39.9705939293	-1264
40.0136499405	-1420
40.0136759281	-1420
40.0137290955	-1264
40.0671751499	-509
40.0860490799	543
40.0863080025	543
40.1955740452	-543
40.3435029984	-543
40.3524270058	543
40.4811019897	-543
40.4936249256	-543
40.6491129398	-543
40.8804171085	-543
41.0883901119	-1057
41.1017799377	543
41.1186671257	543
41.6129109859	-543
41.8811421394	-543
41.9542880058	-1368
42.0096700191	-1260
42.0148510933	543
42.1379330158	-543
42.2258660793	-1368
42.2259480953	-1368
42.2265160084	-1420
42.2265400887	-1316
42.2266409397	543
42.2269301414	-1420
42.2269351482	-1420
42.2269749641	-1264
42.2486150265	-1368
42.2573969364	-1368
42.3063530922	-828
42.3140740395	543
42.3344099522	543
42.4741449356	-543
42.602410078	-543
42.8695020676	-543
43.198513031	-543
43.2301111221	-1368
43.358494997	-717
43.3725209236	543
43.4038031101	1057
43.404073	543
43.4042670727	543
43.4047341347	543
43.4049270153	543
43.6527490616	-543
43.6557199955	-1368
43.6558640003	-1368
43.66695714	-1420
43.6669900417	-1316
43.6675541401	-1420
43.6675961018	-1316
43.6839981079	-1420
43.6840419769	-1316
43.6842970848	-1420
43.684374094	-1316
43.684376955	-1368
43.6914460659	543
43.6916151047	543
43.7160189152	-1368
43.7840931416	-1408
43.9123330116	-543
44.0113921165	543
44.0114870071	543
44.0116961002	543
44.0407309532	-543
44.208163023	-543
44.2085571289	543
44.2103331089	1057
44.3101489544	-543
44.3360090256	-1420
44.3360249996	-1316
44.3372371197	-435
44.3954470158	543
44.5250380039	-543
44.7456409931	-543
44.7483050823	-543
44.7492830753	-1368
44.7494180202	-1420
44.7494590282	-1316
44.7554299831	-1368
44.7559220791	-1420
44.7559671402	-1316
44.780944109	-1368
44.7866299152	-1368
44.791394949	543
44.8626189232	-1368
44.877612114	-314
44.87987113	543
44.8914220333	543
44.9188461304	-543
45.1851110458	-543
45.1932809353	543
45.3220229149	-543
45.4911201	-543
45.6592810154	-543
45.7665979862	-1368
45.8670780659	-232
45.8812830448	543
45.9039280415	543
45.9997551441	543
46.1684451103	-543
46.3925139904	-543
46.7198450565	-543
46.7513799667	-1368
46.8481619358	-717
46.8509609699	543
47.0009601116	543
47.068062067	-543
47.0689129829	-1368
47.0693149567	-1420
47.0693199635	-1316
47.0778510571	-1368
47.0782589912	-1420
47.078289032	-1316
47.0968470573	-1420
47.0968930721	-1316
47.1972970963	-1110
47.2117490768	543
47.2354440689	543
47.2543039322	-543
47.7186539173	-543
48.0457191467	-543
48.0774791241	-1368
48.1740159988	-717
48.1858379841	543
48.2114419937	1057
48.2117040157	543
48.2118899822	543
48.2476210594	543
48.2478640079	543
48.4314920902	-543
48.4343061447	-1368
48.4345641136	-1368
48.4356110096	-1420
48.4356560707	-1316
48.4502680302	-1420
48.4503209591	-1420
48.4503250122	-1264
48.4632320404	-1420
48.4632561207	-1316
48.5627441406	-1420
48.5627601147	-1420
48.5628139973	-1264
48.5628170967	-1368
48.5630190372	543
48.5638079643	-467
48.7319941521	-543
48.8623530865	-543
48.894520998	-1368
49.0227460861	-717
49.0638711452	543
49.0641081333	543
49.069494009	543
49.1408560276	234
49.141037941	247
49.1768829823	-543
49.2538299561	-750
49.257422924	-543
49.2579929829	126
49.2642450333	-743
49.2666139603	126
49.2670450211	-1420
49.2671000957	-1316
49.2671051025	-1368
49.2673280239	-1368
49.2687101364	543
49.2710289955	-1420
49.2710361481	-1316
49.28332901	-1420
49.2833380699	-1316
49.2891130447	-1420
49.2891581059	-1179
49.2894089222	-1368
49.3705871105	-51
49.3814611435	38
49.3896949291	-51
49.3898160458	38
49.3953261375	-799
49.4025859833	-543
49.4524569511	543
49.4527730942	543
49.4939050674	-1420
49.4939310551	-80
49.4943490028	1057
49.5122900009	-1420
49.5123090744	-71
49.5126559734	1057
49.6075680256	-543
49.6116840839	1057
49.63824296	-543
49.6439390182	1057
49.6708090305	-543
49.7241289616	-543
49.7665309906	-543
49.7670040131	-1420
49.7670459747	-1316
49.8757829666	-1086
49.8892929554	-920
49.9890310764	-543
50.0314531326	543
50.0357201099	543
50.0360441208	543
50.1571130753	-543
50.6758050919	-543
50.9891910553	-543
51.1175830364	-1086
51.311882019	-543
51.3440260887	-1368
51.4402461052	-717
51.4514369965	543
51.4837329388	1057
51.483989954	543
51.4841849804	543
51.5146801472	543
51.5149230957	543
51.6986830235	-543
51.6993839741	-1368
51.7186729908	-1420
51.7186920643	-1316
51.7305390835	-1368
51.8276751041	-298
51.9560070038	-543
52.0842380524	-543
52.1173400879	-1420
52.1173861027	-1316
52.1178410053	-1420
52.117882967	-1420
52.1179180145	-1264
52.1183190346	-1368
52.1232669353	-1368
52.1235079765	543
52.1398210526	-1368
52.1402819157	-1368
52.2126951218	-1420
52.2127139568	-1316
52.2457261086	-1420
52.2457511425	-1414
52.2459349632	543
52.2614550591	1057
52.323346138	-1420
52.3233630657	-1420
52.3234159946	-1264
52.3281800747	-1368
52.329002142	-1368
52.3290641308	-1368
52.3505661488	-1420
52.3505909443	-1316
52.3507790565	543
52.3544669151	-1368
52.3614919186	543
52.3738379478	-285
52.4017441273	543
52.4020011425	543
52.5233991146	-543
52.5253269672	-1420
52.5253779888	-1316
52.5271260738	-1420
52.5271699429	-1316
52.5280549526	-1420
52.5280959606	-1316
52.530766964	-1420
52.5308120251	-1420
52.5308151245	-1264
52.5317521095	-1420
52.5317571163	-1316
52.5377290249	-1420
52.537735939	-1316
52.5556130409	-1420
52.5556230545	-1316
52.6538069248	-1420
52.6538250446	-1420
52.653881073	-1420
52.653883934	-1420
52.6539189816	-934
52.6614909172	543
52.8740839958	-543
53.0420770645	-543
53.228274107	-543
53.2286720276	543
53.2917969227	-1420
53.2918119431	-1316
53.3576900959	-435
53.3608050346	543
53.401473999	1057
53.4017469883	543
53.4019539356	543
53.4024341106	543
53.4026219845	543
53.584831953	-543
53.5857241154	-1368
53.6043920517	-1420
53.6044080257	-1316
53.6097960472	-1368
53.6113541126	-1420
53.6114039421	-1420
53.6114070415	-1264
53.6121439934	-1368
53.616756916	-1420
53.6168060303	-1420
53.6168100834	-1264
53.6169300079	543
53.6483941078	-1420
53.6484191418	-1316
53.7142100334	-554
53.7213559151	543
53.8930671215	-543
54.0215160847	-543
54.0591800213	-1368
54.1710729599	-1368
54.1738889217	543
54.1875929832	-435
54.1881189346	543
54.1977930069	1057
54.3265631199	-543
54.3696980476	-1420
54.36977005	-1420
54.3697769642	-1264
54.371753931	-1368
54.3723120689	-1420
54.3723590374	-1316
54.3862500191	-1420
54.3863060474	-1316
54.4064481258	-1368
54.4982631207	-285
54.5279691219	543
54.528222084	543
54.7556531429	-543
55.016865015	-543
55.1851780415	-1086
55.3511240482	-1368
55.3933110237	-1260
55.3963029385	543
55.4171209335	1057
55.4379191399	543
55.4381799698	543
55.4624791145	543
55.4627170563	543
55.6647109985	-543
55.6740031242	-1420
55.6740620136	-1420
55.6740660667	-1264
55.6741211414	-1420
55.6741240025	-1316
55.6877560616	-1420
55.6877651215	-1420
55.6878120899	-1264
55.6879069805	543
55.6967689991	-1420
55.6967830658	-1420
55.6968369484	-1264
55.6968400478	-1420
55.6968741417	-1420
55.6968770027	-1264
55.7056090832	-1420
55.7056200504	-1420
55.7056629658	-1264
55.7056651115	-1420
55.7056820393	-1420
55.7056839466	-1264
55.7079761028	543
55.8024060726	-1420
55.802423954	-1420
55.8024790287	-1420
55.8024821281	-1212
55.8025281429	-1420
55.8025300503	-1420
55.8025789261	-1264
55.8026840687	-1420
55.8027560711	-1420
55.8027579784	-1264
55.8028099537	-1420
55.8028130531	-1316
55.8029971123	543
55.8163280487	-1420
55.8163330555	-1420
55.8163740635	-1264
55.8163769245	-1420
55.8164110184	-1420
55.8164129257	-1264
55.816601038	543
55.8252711296	-1420
55.8253030777	-1420
55.8253591061	-1420
55.8253610134	-1212
55.8253960609	-1420
55.825398922	-1046
55.9538419247	-1086
56.1220281124	-543
56.122590065	543
56.1414160728	1057
56.2505841255	-1086
56.25477314	-1368
56.3834631443	-717
56.3943350315	543
56.5922210217	-543
56.5933461189	-1420
56.5934050083	-1420
56.5934090614	-1264
56.5936350822	-1368
56.5937290192	-1368
56.5940151215	-1368
56.6165721416	-1420
56.6166169643	-1316
56.721804142	-1110
56.7267460823	543
56.7270059586	543
56.8557810783	-543
57.0516240597	-543
57.0632381439	543
57.1919951439	-543
57.36206007	-543
57.6916871071	-543
57.7238509655	-1368
57.852355957	-717
57.8563020229	543
57.8815250397	1057
57.8913660049	543
57.8915951252	543
57.9158360958	543
57.9160759449	543
58.1166670322	-543
58.1172759533	-1420
58.1173229218	-1420
58.1173260212	-1264
58.1482820511	-1368
58.2457890511	-269
58.3741660118	-543
58.5026409626	-543
58.5119640827	-1420
58.5120151043	-1420
58.5120520592	-1264
58.51218009	543
58.5234680176	-1420
58.5234789848	-1420
58.5235409737	-1264
58.5378949642	-1420
58.537979126	-1316
58.6403410435	-538
58.7458190918	-1368
58.757199049	1057
58.7775840759	-1368
58.8081560135	-978
58.8263700008	543
59.0871069431	-543
59.0878610611	-1420
59.0879149437	-1420
59.0879180431	-1264
59.0879621506	-1368
59.088105917	-1368
59.0885279179	-1420
59.088531971	-1316
59.0913529396	543
59.1188590527	-1368
59.2080640793	-1368
59.216135025	-256
59.232847929	543
59.2330980301	543
59.4864809513	-543
59.4947991371	543
59.6149020195	-543
59.8122191429	-543
60.1779911518	-543
60.3860459328	-1057
60.3902289867	543
60.4139170647	543
60.7781879902	-543
61.0013070107	543
61.0177071095	-1368
61.063188076	-1318
61.0658209324	543
61.2667570114	-543
61.2681219578	-1368
61.2725350857	-1420
61.2725429535	-1316
61.2727179527	-1420
61.2727229595	-1316
61.2730340958	-1368
61.2857811451	-1420
61.2858409882	-1316
61.2983529568	-1368
61.3964960575	-285
61.4043200016	543
61.4293079376	543
61.7996511459	-543
61.9450130463	-543
62.2957041264	-543
62.3273689747	-1368
62.4242789745	-717
62.4282810688	543
62.4721729755	1057
62.4779560566	543
62.4782500267	543
62.4787371159	543
62.478965044	543
62.6020469666	-543
62.6879451275	-543
62.6967859268	-1368
62.7196531296	-1420
62.719671011	-1316
62.7197439671	-1368
62.8251719475	-327
62.9535019398	-543
63.0818929672	-543
63.0926530361	-1420
63.0927331448	-1420
63.0927929878	-1264
63.0928609371	-1420
63.0929141045	-1316
63.0930769444	543
63.1092710495	-1420
63.1092851162	-1420
63.1093599796	-1420
63.1093649864	-1212
63.1096241474	543
63.2102639675	-1420
63.2102820873	-1316
63.2210381031	-1420
63.2210559845	-1420
63.2211370468	-1264
63.2211430073	-1420
63.2212309837	-1420
63.2212359905	-1264
63.2212879658	-794
63.2239439487	1057
63.3496091366	-543
63.3522429466	-1368
63.4808330536	-717
63.4961900711	543
63.6933500767	-543
63.6935031414	543
63.6951179504	-1368
63.6952340603	-1368
63.7009749413	-1420
63.7009820938	-1316
63.7012789249	-1420
63.7012839317	-1316
63.7169480324	-1420
63.7169649601	-1316
63.7316169739	-543
63.7963759899	-1368
63.8116691113	543
63.8119361401	543
63.8223159313	-343
64.0039150715	543
64.0435259342	-543
64.0507199764	543
64.1796600819	-543
64.3823599815	-543
64.7395300865	-543
64.8679940701	-1086
64.8750901222	543
64.8938810825	543
65.3733789921	-543
65.6622490883	-543
65.6938760281	-1368
65.7907059193	-717
65.7934229374	543
65.9755599499	-543
65.9762711525	-1368
65.9770281315	-1420
65.9770359993	-1316
65.977118969	-1368
65.9778940678	-1368
65.9786510468	-1368
65.9960510731	-1420
65.9961090088	-1316
66.1046891212	-1110
66.1048829556	543
66.1159780025	543
66.1337809563	543
66.7040240765	-543
66.983492136	-543
67.1119420528	-1057
67.1217300892	543
67.1556200981	543
67.6290900707	-543
67.9385211468	-543
67.9703299999	-1368
68.066972971	-717
68.0695679188	543
68.2558619976	-543
68.2569749355	-1368
68.2577490807	-1420
68.2577531338	-1316
68.2579090595	543
68.2580649853	-1368
68.2583720684	-1368
68.2586629391	-1368
68.2749509811	-1420
68.2750000954	-1316
68.3854551315	-1110
68.4014821053	543
68.4255640507	543
68.9120891094	-543
69.2329950333	-543
69.3599410057	-1057
69.3841309547	543
69.4128451347	543
69.7822041512	-543
70.0012879372	543
70.001404047	543
70.4704210758	-543
70.7230269909	-543
70.7545909882	-1368
70.8513069153	-717
70.8539509773	543
71.0013101101	543
71.0437800884	-543
71.0445251465	-1368
71.0447499752	-1420
71.044754982	-1316
71.0464389324	-1368
71.0469639301	-1420
71.0469970703	-1316
71.0695569515	-1420
71.0696160793	-1316
71.1729369164	-1110
71.1843900681	543
71.2120440006	543
71.8347151279	-543
72.0051109791	-543
72.3111400604	-543
72.4396541119	-1057
72.4523489475	543
72.4772880077	543
72.9700500965	-543
73.3221831322	-543
73.3537669182	-1368
73.4506001472	-717
73.455037117	543
73.6540529728	-543
73.6572310925	-1420
73.6572799683	-1316
73.6750071049	-1420
73.6750869751	-1420
73.6750941277	-1264
73.6753070354	543
73.6857831478	-1420
73.6858010292	-1420
73.6858670712	-1264
73.785474062	-509
73.802448988	543
73.8275301456	543
74.3676590919	-543
74.4919829369	-543
74.6313221455	-543
74.7365710735	-543
74.8649709225	-1057
74.8714289665	543
74.9018359184	543
75.567868948	-543
76.0480210781	-543
76.0797579288	-1368
76.176363945	-717
76.1913890839	543
76.3752660751	-543
76.3760769367	-1368
76.3764369488	-1420
76.3764441013	-1316
76.3765969276	543
76.3769040108	-1368
76.3773620129	-1420
76.3773949146	-1316
76.4042899609	-1368
76.404350996	-1368
76.5046610832	-1110
76.5116529465	543
76.5262000561	543
77.0169670582	-543
77.3868811131	-543
77.422096014	-1368
77.515141964	-717
77.5181241035	543
77.5366859436	1057
77.5369961262	543
77.5372109413	543
77.584624052	543
77.5849070549	543
77.7737970352	-543
77.7962069511	-1420
77.796257019	-1316
77.8034801483	-1420
77.8035039902	-1316
77.8053331375	-1420
77.8053920269	-1420
77.8053951263	-1264
77.8076510429	-1368
77.8078091145	543
77.8086049557	-1368
77.9247131348	-1420
77.924806118	-1420
77.9248590469	-1420
77.9249241352	-1212
77.9249749184	-1420
77.9250290394	-1316
77.9318170547	-1420
77.931882143	-1420
77.9319360256	-1264
77.9319889545	-1368
77.9336960316	-1420
77.9337010384	-1420
77.933740139	-1264
77.9337451458	-1420
77.9337689877	-389
77.9358110428	543
78.0003709793	543
78.0620970726	-543
78.1968770027	-543
78.3653190136	-1086
78.3813230991	1057
78.5800490379	-543
78.6119401455	-1368
78.7403719425	-717
78.7537140846	543
78.8826560974	-543
78.9405450821	-1420
78.9405920506	-1316
78.9407119751	-1368
78.9410791397	-1368
78.9411849976	543
78.9416069984	-1420
78.941614151	-1316
78.956608057	-1420
78.9566221237	-1316
78.9715180397	-1368
79.0688650608	-285
79.08131814	543
79.1170070171	543
79.1973390579	-1086
79.6290719509	-543
80.5982251167	-543
80.6299510002	-1368
80.7200031281	-543
80.7266080379	-775
80.7416110039	543
80.7692070007	1057
80.7695240974	543
80.7697489262	543
80.7702679634	543
80.7704730034	543
80.7828190327	-543
80.9556469917	-543
80.9562730789	-1368
80.9770450592	-1420
80.9770641327	-1316
80.9873981476	-1368
81.0846531391	-298
81.2129299641	-543
81.3761501312	-543
81.3779909611	-1420
81.3780620098	-1420
81.3781290054	-1264
81.378180027	-1420
81.3782351017	-1316
81.4080619812	-1368
81.4081361294	-1420
81.408203125	-1420
81.4082541466	-1264
81.5045421124	-1420
81.5045950413	-892
81.5048761368	543
81.6329190731	-543
81.6334180832	543
81.6513230801	1057
81.9188420773	-543
81.9505529404	-1368
82.0790450573	-717
82.083837986	543
82.2720530033	-543
82.2743849754	-1420
82.2744269371	-1316
82.2961249352	-1420
82.2962019444	-1420
82.2962081432	-1264
82.3040339947	-1420
82.304049015	-1420
82.3040909767	-1264
82.3113059998	543
82.4028689861	-1052
82.4095220566	543
82.4098200798	543
82.6391060352	-543
82.6459629536	543
82.7676589489	-543
82.9364700317	-543
83.0012221336	543
83.1575090885	-543
83.3651919365	-1057
83.3693940639	543
83.4022860527	543
83.907004118	-543
84.0011980534	543
84.0013139248	543
84.2454340458	-543
84.2768270969	-1368
84.3738150597	-717
84.3764820099	543
84.5586271286	-543
84.5598270893	-1420
84.5599050522	-1420
84.5599091053	-1264
84.5600659847	543
84.5601301193	-1368
84.5605690479	-1368
84.5777740479	-1420
84.5777919292	-1420
84.5778479576	-1264
84.6883289814	-1081
84.7015590668	543
84.724118948	543
85.0111820698	543
85.1378531456	-543
85.2518880367	-543
85.8319859505	-543
86.3810310364	-543
86.5094690323	-1057
86.513600111	1057
86.6946799755	-543
86.726473093	-1420
86.726526022	-1316
86.7580051422	-1368
86.7784569263	-543
86.8548460007	-1152
86.8569021225	543
86.8577950001	543
87.0720729828	-543
87.2006869316	-1368
87.2403719425	-746
87.255810976	1057
87.2688031197	543
87.2937030792	543
87.4506540298	-543
87.4913239479	-1420
87.4913699627	-1420
87.4914069176	-1264
87.6196651459	-1123
87.6226501465	543
87.6229419708	1057
87.7513279915	-543
87.8800289631	-1086
87.8829979897	543
87.9034800529	543
88.0064909458	543
88.0066010952	543
88.0117819309	-543
88.0978829861	-543
88.1403241158	-1086
88.3082549572	-543
88.3247251511	543
88.3508989811	543
88.8259329796	-543
89.1483709812	-543
89.1499979496	-1420
89.1500761509	-1420
89.1501259804	-1264
89.1501629353	-1420
89.1501979828	-1316
89.1681859493	-1420
89.1682469845	-1420
89.168266058	-1264
89.1802151203	-1368
89.247852087	-543
89.2769031525	-1420
89.2769501209	-1316
89.2785279751	-1420
89.2785699368	-1420
89.2785880566	-1420
89.2786319256	-601
89.278717041	-1368
89.3100700378	-1368
89.3416290283	-1368
89.3731219769	-1368
89.3732020855	543
89.3964481354	-1368
89.3965170383	543
89.4069359303	-1160
89.4364199638	-1368
89.4679019451	-1368
89.4846489429	-1368
89.4932250977	-1420
89.4932410717	-1316
89.5352630615	-1160
89.5360169411	543
89.5424630642	543
90.0011639595	543
90.2107880116	-543
90.2230849266	-1368
90.227200985	-1420
90.2272059917	-1316
90.230150938	-1368
90.2423300743	-1420
90.2423801422	-1316
90.2429149151	-1420
90.2429571152	-1316
90.2506361008	-1368
90.3392601013	-1420
90.3392801285	-1316
90.3515870571	-1420
90.3515970707	-1316
90.3558950424	-1420
90.355907917	-1420
90.3559601307	-1420
90.3559639454	-1212
90.3561770916	543
90.3583810329	-1420
90.3583869934	-1316
90.3707680702	-1420
90.370775938	-1420
90.3708219528	-1420
90.3708250523	-1212
90.3712780476	-1420
90.3712830544	-1420
90.3713240623	-1420
90.3713259697	-359
91.0011460781	543
91.2335829735	-543
