0	543
0.0230021476746	543
0.492901086807	-543
0.738903999329	-543
0.739710092545	-1420
0.739766120911	-1176
0.73980307579	-1298
0.740047931671	-1298
0.75426197052	-1420
0.754321098328	-1176
0.781516075134	543
0.82933306694	543
0.829898118973	543
0.846797943115	-1298
0.848346948624	-1420
0.848351955414	-1176
0.869621038437	-1420
0.869640111923	-1176
0.871670007706	-1420
0.871674060822	-1420
0.871675014496	-1420
0.871678113937	-932
0.871765136719	-1420
0.871767997742	-503
0.900968074799	-1298
0.920897006989	-1298
0.930927991867	-1298
0.9563601017	-1298
0.965949058533	543
0.979443073273	-1420
0.979458093643	-1176
1.00302505493	-755
1.00907611847	-1298
1.02308702469	-1298
1.04159903526	-1298
1.07462716103	-1298
1.14002013206	-1179
1.16999912262	543
1.1702580452	543
1.3448381424	-543
1.34613609314	1057
1.38714194298	-1420
1.38715696335	-1176
1.38750195503	-1420
1.38750600815	-1420
1.3875541687	-1054
1.38755607605	-1298
1.38808393478	-1420
1.38808703423	-1176
1.38822007179	543
1.39836812019	-1420
1.39837408066	-1176
1.40192103386	-1420
1.40192604065	-1420
1.4019639492	-1054
1.40202498436	-1298
1.47733211517	-21
1.52891898155	-1298
1.60625815392	-302
1.79252815247	-543
2.01657509804	-543
2.01938009262	-1420
2.01943016052	-1176
2.01969408989	-1420
2.01973199844	-1176
2.01989507675	-1298
2.02058196068	-1420
2.02062511444	-1420
2.02066111565	-1054
2.02232503891	-1420
2.02236700058	-1176
2.02616810799	543
2.03210115433	-1420
2.03211903572	-1176
2.03286504745	-1298
2.03312301636	-1420
2.0331659317	-1420
2.03316903114	-1054
2.03341293335	-1420
2.03341698647	-1176
2.03363108635	-1298
2.15027999878	-1420
2.15029597282	-1420
2.15029811859	-1420
2.15029907227	-932
2.15036606789	-1298
2.15066003799	-1298
2.15169000626	-1420
2.15169405937	-1176
2.15215206146	-1420
2.15216493607	-1420
2.15217494965	-1420
2.15217709541	-932
2.15308713913	-1420
2.15309095383	-1176
2.15935897827	543
2.15953302383	543
2.16277599335	-1420
2.16279101372	-1420
2.16283106804	-1420
2.16283297539	-932
2.16379499435	-1420
2.1638071537	-1420
2.16380906105	-1420
2.16381001472	-932
2.16409897804	-1420
2.16410303116	-1420
2.16410398483	-1420
2.16410493851	-932
2.20502114296	-1420
2.20503616333	-1176
2.2051961422	543
2.28140902519	-1298
2.28276610374	-1420
2.28277993202	-1420
2.28278303146	-1420
2.28278493881	-1420
2.28278613091	-1420
2.28278708458	-1420
2.28278803825	-1420
2.28278899193	-444
2.28322100639	-1420
2.28322601318	-1420
2.28327703476	-1420
2.28327894211	-1420
2.28328108788	-1420
2.28328204155	-1420
2.28328299522	-566
2.28399705887	-1420
2.28400111198	-1176
2.28474998474	543
2.29389500618	-1420
2.2939209938	-1420
2.29392313957	-1420
2.29392504692	-932
2.2939260006	-1420
2.29392695427	-1176
2.29420399666	543
2.2945420742	-1420
2.29454708099	-1420
2.29454898834	-1420
2.29454994202	-932
2.29479503632	-1420
2.29480814934	-1176
2.29919409752	-1420
2.29919695854	-1420
2.29919815063	-1054
2.29919910431	-1298
2.337059021	-1420
2.33707094193	-1176
2.38218593597	543
2.38242816925	1460
2.38247299194	625
2.38264608383	1460
2.38268995285	1460
2.38273406029	193
2.38935208321	543
2.38958311081	543
2.38976812363	543
2.38994407654	543
2.39032506943	543
2.39050197601	543
2.39086604118	543
2.39103198051	543
2.3929400444	543
2.39312195778	543
2.39345598221	543
2.39362215996	543
2.40575504303	-1298
2.41386795044	-1420
2.41387605667	-1420
2.41387796402	-1420
2.41387915611	-932
2.41388010979	-1420
2.41393113136	-1420
2.41393208504	-1054
2.41393303871	-1298
2.41407394409	-1420
2.41407895088	-1064
2.4192969799	543
2.5186920166	543
2.54503893852	-1057
2.68824195862	-543
2.68981695175	1460
2.68987703323	1460
2.68991208076	193
2.71672511101	-1298
2.71708011627	1460
2.7171421051	1460
2.71718597412	193
2.71734595299	1460
2.71739006042	1460
2.71743297577	193
2.72294616699	-1420
2.72295093536	-1420
2.72295308113	-1054
2.73105597496	-1420
2.73106408119	-1420
2.73111009598	-1054
2.73154997826	1460
2.73159909248	1460
2.73163294792	193
2.73211598396	-1420
2.73212003708	-1176
2.73239994049	-1298
2.73725509644	-1420
2.73730516434	-1176
2.73730802536	-1298
2.73773908615	-1420
2.73774194717	-1420
2.73774313927	-1054
2.73792004585	-1420
2.73793196678	-1420
2.73793315887	-1054
2.7386200428	-1420
2.73863196373	-1420
2.7386341095	-1054
2.73900794983	-1420
2.73901104927	-1420
2.73901295662	-1054
2.7394721508	-1420
2.73947501183	-1420
2.7394759655	-1054
2.74940609932	543
2.751278162	-1298
2.7545030117	1460
2.75457596779	1460
2.75461506844	193
2.76788306236	-1298
2.76805901527	-1298
2.76820611954	543
2.76826095581	-1420
2.76826405525	-1176
2.76938009262	-1298
2.78543615341	-1420
2.78548002243	-1176
2.78672099113	-1298
2.80271100998	-1420
2.80272316933	-1176
2.82115697861	-591
2.83941197395	543
2.83966803551	543
2.87547016144	543
2.87570595741	543
2.89757108688	-1420
2.89758014679	-1420
2.89759206772	-1054
2.89775204659	-1298
2.8979549408	543
2.91169905663	-1420
2.91170597076	-1420
2.91170811653	-1054
2.93852114677	-1420
2.93852901459	-1420
2.93858504295	-1054
2.93890595436	-1420
2.93894696236	-1176
2.93902897835	1460
2.9390809536	625
2.9393119812	543
2.93947815895	543
2.93966507912	543
2.93979406357	-1420
2.93979907036	-1420
2.93980097771	-1054
2.93999695778	-1420
2.94000005722	-1420
2.94004106522	-1054
2.94006299973	543
2.94038105011	-1420
2.9403860569	-1420
2.94042515755	-1054
2.94045805931	-1298
2.94056916237	543
2.94147109985	-1420
2.94147610664	-1420
2.94151616096	-1054
2.94208216667	-1420
2.94212412834	-1176
2.94218802452	543
2.94283294678	-1420
2.94283795357	-1420
2.94283914566	-1054
2.94422197342	-1420
2.94422602654	-1420
2.94426512718	-1054
2.9469370842	-1420
2.94698214531	-1420
2.94698405266	-1054
2.95199608803	-655
3.01438903809	-1298
3.01588797569	-1298
3.01613497734	-1420
3.01613998413	-1176
3.01648497581	-1298
3.01772713661	543
3.0260310173	-1420
3.02603697777	-1176
3.02637195587	-1298
3.03011798859	-1420
3.0301630497	-1420
3.03016614914	-1054
3.0320751667	-1298
3.03462815285	-1420
3.03466510773	-1176
3.03466796875	-1420
3.03467011452	-1176
3.03489995003	543
3.03693604469	-1298
3.04348802567	-1420
3.04349398613	-1420
3.0434961319	-1420
3.04349708557	-932
3.04367804527	543
3.06978416443	-1420
3.06979107857	-1176
3.06992912292	543
3.07034015656	-1420
3.07034611702	-1420
3.07034802437	-1420
3.07034897804	-932
3.07051205635	-1420
3.0705139637	-1176
3.07076501846	-1420
3.07077097893	-1176
3.07141113281	-1420
3.07142615318	-1420
3.07146716118	-1054
3.0714700222	-1420
3.07148003578	-1420
3.07148194313	-1054
3.0716381073	-1420
3.07164216042	-1176
3.07226896286	-1420
3.07227516174	-1176
3.07229709625	-1420
3.07229995728	-1176
3.07242393494	-1420
3.07242798805	-1176
3.07252311707	543
3.07277107239	-1420
3.0727751255	-1176
3.08343315125	-1030
3.08361506462	543
3.12667107582	-1420
3.12667798996	-1176
3.14197015762	-1420
3.14198899269	-1420
3.14204001427	-1420
3.14204311371	-932
3.1502301693	-1298
3.1599111557	-1298
3.16127610207	-1298
3.1626200676	-1298
3.16963815689	-1298
3.17435407639	-1298
3.18222093582	-1298
3.18314504623	-1420
3.18319606781	-1420
3.18320012093	-1054
3.18333601952	543
3.18354701996	-1298
3.18389105797	-1420
3.18389701843	-1176
3.18419003487	-1420
3.18419504166	-1420
3.18423509598	-1054
3.18459010124	-1298
3.1847281456	-1298
3.18490099907	-1298
3.1892080307	-1420
3.18921303749	-1420
3.18921494484	-1054
3.19021511078	-1298
3.19789099693	-1420
3.19793605804	-1176
3.19803500175	543
3.20450901985	-1298
3.20518803596	-1298
3.21463513374	-814
3.21664905548	-1298
3.22630405426	-1298
3.28961706161	543
3.28987812996	543
3.33169603348	-1298
3.34440612793	-1298
3.34536600113	-1208
3.36165904999	-1420
3.36167311668	-1176
3.36285805702	-1298
3.36296010017	-1298
3.36296200752	-1420
3.3629629612	-1176
3.3634660244	-1420
3.36347198486	-1420
3.36352205276	-1054
3.36386108398	-1420
3.36386704445	-1420
3.36386799812	-1054
3.36481499672	-1420
3.36482000351	-1176
3.36491703987	-1298
3.365473032	-1420
3.36547803879	-1420
3.36547994614	-1054
3.36624002457	-1298
3.36901807785	1057
3.37408709526	-1298
3.40550494194	-1298
3.42074513435	-1298
3.42253112793	-1298
3.43872714043	-1298
3.47797393799	-181
3.50551199913	-543
3.52219414711	543
3.55029606819	-1420
3.55031299591	-1420
3.55031514168	-1420
3.55031704903	-932
3.5509750843	-1420
3.55098509789	-1420
3.5510289669	-1420
3.55103206635	-932
3.55147004128	-1298
3.55268096924	-1420
3.55268716812	-1176
3.5528011322	543
3.55335211754	-1298
3.55352115631	-1420
3.55352497101	-1176
3.55396413803	-1298
3.56517910957	-1420
3.56523799896	-1420
3.56524205208	-1054
3.58615207672	-1298
3.58622193336	-1298
3.6071331501	-175
3.64903497696	-1298
3.64943194389	-1298
3.66193509102	-1420
3.66194915771	-1420
3.66195416451	-1420
3.66195511818	-932
3.66333508492	-1298
3.67462015152	-1298
3.67569208145	-1420
3.67569804192	-1420
3.67569994926	-1054
3.67585301399	543
3.69013094902	-1298
3.69208502769	543
3.72219896317	543
3.7227499485	543
3.7229681015	543
3.73797106743	-706
3.79797911644	-1420
3.79799604416	-1176
3.79822397232	-1298
3.8152551651	-1420
3.81526398659	-1176
3.81582713127	-1420
3.81582999229	-1420
3.81583094597	-1054
3.81633114815	-1420
3.81633400917	-1176
3.81643509865	-1420
3.81643795967	-1176
3.81658411026	543
3.81735110283	-1420
3.81735706329	-1176
3.81758904457	-1420
3.81759309769	-1176
3.81850814819	-1420
3.81851315498	-1176
3.81928014755	-1420
3.81928515434	-1176
3.81955814362	-1420
3.81956195831	-1420
3.81956315041	-1054
3.81980800629	-1298
3.81992506981	-1420
3.81992816925	-1176
3.82027816772	-1420
3.82028198242	-1176
3.82091212273	-1420
3.82091593742	-1176
3.82186198235	-1420
3.82186508179	-1176
3.82438397408	543
3.82981705666	-1298
3.84973907471	543
3.86879706383	-1420
3.86881709099	-1420
3.86881995201	-710
3.87675309181	-1298
3.87706303596	543
3.87721705437	-1298
3.87770795822	-1420
3.87774205208	-1176
3.8782081604	-1298
3.87855601311	-1298
3.87862014771	543
3.87872099876	-1420
3.87872409821	-1176
3.884070158	-1420
3.88409399986	-1176
3.88458108902	-1298
3.88491296768	543
3.88510894775	543
3.88711500168	-1298
3.89865612984	-1420
3.8986620903	-1176
3.93413615227	-1298
3.93437409401	-1298
3.93484711647	-1420
3.93485212326	-1176
3.93556499481	-1420
3.93557095528	-1420
3.93562507629	-1054
3.93600106239	-1420
3.93603396416	-1176
3.93611097336	543
3.93637609482	-1298
3.93638110161	-1420
3.93638300896	-1176
3.94901299477	-1420
3.94902896881	-1176
3.94920611382	-1298
3.99315309525	-1420
3.99316716194	-1420
3.99316906929	-1054
3.99355912209	-1420
3.99356198311	-1420
3.99356412888	-1054
3.99683499336	-1420
3.99683904648	-1176
3.99857616425	-1298
3.99929094315	-231
3.99950098991	-1298
3.99966597557	-1298
4.01518106461	-1420
4.01519608498	-1176
4.01551604271	-1298
4.08331298828	-1420
4.08333015442	-1420
4.0833940506	-1054
4.08417415619	-1298
4.08464312553	-1420
4.08464694023	-1420
4.08464813232	-1054
4.08933901787	543
4.08994603157	543
4.09040093422	543
4.09689116478	-1420
4.09689712524	-1176
4.11225008965	-1298
4.12218403816	-1420
4.12224793434	-1420
4.12225198746	-1054
4.12225294113	-1420
4.1222550869	-1176
4.12939810753	543
4.1301150322	-689
4.13876008987	-1420
4.13876414299	-1176
4.13898897171	-1298
4.19301915169	-1420
4.19303512573	-1420
4.1930911541	-1054
4.1930949688	-1420
4.19309616089	-1420
4.19309711456	-1420
4.19309902191	-932
4.19338798523	-1420
4.19339299202	-1176
4.19398093224	-1298
4.19420003891	-1420
4.19425415993	-1420
4.19425702095	-1054
4.19476509094	-1420
4.19477009773	-1420
4.19481110573	-1054
4.19486498833	-1420
4.19497299194	-1420
4.19497513771	-1054
4.19506406784	543
4.19526815414	-1420
4.19527196884	-1176
4.19530105591	-1298
4.19584608078	-1420
4.19587802887	-1176
4.1960670948	-1298
4.19614601135	543
4.19655799866	-1298
4.19660615921	-1420
4.19660902023	-1176
4.19699597359	-1420
4.19700098038	-1176
4.20262098312	-1420
4.20262813568	-1420
4.20266914368	-1054
4.20267105103	-1298
4.20281910896	543
4.20937514305	-1298
4.26102495193	-1230
4.26880407333	-1420
4.26883006096	-1420
4.26883196831	-1054
4.26906394958	-1420
4.2690680027	-1420
4.26907014847	-1420
4.26907110214	-932
4.26907205582	-1420
4.27120804787	-1176
4.27149510384	543
4.27180695534	-1298
4.2726559639	-1420
4.27270102501	-1176
4.2731180191	-1298
4.2733809948	-1298
4.27357316017	-1420
4.27357602119	-1176
4.27409005165	-1298
4.27738809586	-1420
4.27739810944	-1420
4.27744913101	-1054
4.30861711502	-1420
4.30867600441	-1176
4.30868005753	-1298
4.30890703201	543
4.33340907097	-1298
4.33371710777	-1420
4.33372211456	-1420
4.33372402191	-1054
4.3355050087	-1420
4.33551001549	-1176
4.33583712578	-1420
4.3358399868	-1420
4.33584213257	-1054
4.33697199821	-1420
4.33697509766	-1176
4.33747696877	-1298
4.33948111534	1057
4.35131502151	-1298
4.35165095329	-1420
4.35171103477	-1420
4.35171508789	-1054
4.35272598267	-1298
4.35361409187	-1420
4.3536670208	-1420
4.35367012024	-1054
4.35491895676	-1420
4.35492396355	-1176
4.35556197166	543
4.355905056	-1420
4.35591006279	-1176
4.35599398613	-1298
4.35607099533	-1298
4.35641908646	-1420
4.35642409325	-1420
4.35647201538	-1420
4.35647511482	-1420
4.3564760685	-810
4.35655903816	-1420
4.35656094551	-1420
4.35656309128	-1054
4.35661697388	-1420
4.35661911964	-1420
4.35662007332	-1054
4.35669803619	-1420
4.35670113564	-1176
4.36221504211	543
4.36699914932	-1420
4.36700510979	-1420
4.36704516411	-1054
4.39177894592	-261
4.46811413765	-1420
4.46813106537	-1176
4.48029613495	543
4.48053002357	-1420
4.48053503036	-1420
4.48053812981	-1054
4.48091316223	-1420
4.48091816902	-1420
4.4809589386	-1054
4.48103404045	543
4.48129916191	-1420
4.48130297661	-1176
4.48178911209	-1298
4.48221993446	-1420
4.48226308823	-1420
4.48226594925	-1054
4.48255705833	-1420
4.48256206512	-1420
4.48260211945	-1054
4.48278903961	-1298
4.48414301872	-1420
4.48414802551	-1420
4.48415899277	-1054
4.48423194885	-1420
4.48423504829	-1176
4.48423600197	-1298
4.48478913307	-1420
4.48479413986	-1420
4.48490595818	-1054
4.48490905762	-1298
4.48504209518	543
4.48544001579	-1298
4.48558115959	-1420
4.48562407494	-1420
4.48562693596	-1054
4.48758602142	-1420
4.48759198189	-1176
4.52277612686	-1253
4.53450703621	-1420
4.53454995155	-1176
4.62359404564	-1298
4.63439297676	543
4.63465213776	543
4.63919997215	-1298
4.65369510651	-1092
4.67161202431	543
4.67187714577	543
4.72436714172	-1420
4.72438812256	-1176
4.74672794342	-1298
4.75122904778	-1420
4.75129008293	-1420
4.75129294395	-1054
4.7514500618	-1420
4.75145196915	-1420
4.75145316124	-1054
4.75165200233	543
4.767152071	-1420
4.7671661377	-1176
4.76881313324	-1298
4.78254699707	-1298
4.78495502472	-892
4.85318398476	-1420
4.85320997238	-1420
4.85321307182	-1054
4.87052702904	1057
4.87109494209	543
4.87133097649	543
4.9160721302	-819
4.99651002884	-1298
5.00380897522	543
5.00435304642	543
5.00457215309	1057
5.02679896355	-1420
5.02680897713	-1420
5.02681207657	-1054
5.02701115608	543
5.02917098999	-1298
5.02926516533	-1298
5.04653406143	-1298
5.04667901993	-456
5.05505895615	-1298
5.0557320118	-1298
5.05623316765	-1420
5.05623912811	-1176
5.05665898323	-1420
5.05666399002	-1420
5.05670714378	-1054
5.05751109123	-1420
5.05753707886	-1176
5.05844807625	-1420
5.05849099159	-1420
5.05849409103	-1054
5.05861496925	543
5.06222009659	-1420
5.06222510338	-1420
5.06222701073	-1054
5.11455798149	-1298
5.11572909355	-1420
5.11578416824	-1420
5.11578702927	-1054
5.13062906265	-1420
5.13065505028	-1420
5.1306951046	-1054
5.17771697044	-1420
5.17772912979	-843
5.18211102486	543
5.25735998154	-1298
5.27259111404	-1298
5.30708909035	-1298
5.30765604973	-1298
5.30822515488	-1420
5.30822896957	-1176
5.30844402313	-1182
5.31656813622	-1420
5.31657409668	-1176
5.31674695015	-1420
5.31675100327	-1176
5.31748604774	-1298
5.31749010086	-1298
5.32397413254	-1298
5.32575297356	-1420
5.32579803467	-1420
5.32580113411	-1054
5.32636499405	-1298
5.34412693977	-1298
5.3444340229	-1420
5.34448814392	-1176
5.34524798393	-1298
5.3453309536	-1298
5.36003899574	-1420
5.36005115509	-1420
5.36011195183	-1054
5.36114406586	-1420
5.36115002632	-1420
5.36115098	-1054
5.36144208908	-1298
5.36166000366	-1420
5.36167216301	-1420
5.36167407036	-1420
5.36167502403	-1420
5.36167693138	-810
5.36225700378	-1420
5.36226201057	-1420
5.36226415634	-1054
5.37540197372	-1298
5.37973999977	543
5.38224816322	543
5.40606093407	-1420
5.40607714653	-1420
5.40608000755	-1054
5.40629410744	543
5.42083096504	-1420
5.42084693909	-1420
5.42085003853	-1054
5.43918013573	-231
5.45937395096	543
5.45994210243	543
5.46016311646	543
5.52224898338	-1298
5.56987309456	-845
5.57140016556	543
5.59093999863	-1420
5.59095716476	-1420
5.59096002579	-1054
5.63423800468	-1298
5.64964199066	-1420
5.64969706535	-1176
5.69560694695	-1420
5.69563508034	-1176
5.70049214363	-99
5.78543114662	-1298
5.79632616043	-1420
5.79633712769	-1176
5.83139610291	-877
5.91888213158	-1298
5.92014694214	543
5.93372106552	-1298
5.93835806847	-1420
5.93836307526	-1176
5.93860411644	543
5.93965101242	-1298
5.99551606178	1057
5.99578094482	543
6.01204609871	-1298
6.01675200462	-697
6.03476810455	543
6.03502702713	543
6.09821796417	-1298
6.09835100174	-1420
6.09835600853	-1420
6.0983581543	-1054
6.10061597824	-1420
6.10062098503	-1176
6.1138920784	-1298
6.14981102943	-369
6.21466708183	-1298
6.21512103081	-1420
6.21518516541	-1420
6.2151889801	-1054
6.22976303101	-1298
6.28033494949	-880
6.32651209831	-1298
6.41109013557	-845
6.43303513527	-1298
6.44295501709	-1298
6.4448621273	-1420
6.44486808777	-1176
6.44520998001	-1420
6.44521403313	-1420
6.4452149868	-1054
6.44820809364	-1298
6.4484000206	543
6.45781302452	543
6.47344303131	543
6.47372198105	543
6.53937196732	-1298
6.54191708565	-973
6.58732008934	-1298
6.60071110725	-1420
6.6007630825	-1420
6.60076808929	-1054
6.64371013641	-1420
6.64373612404	-1176
6.67326402664	-1124
6.7287311554	-543
6.78428506851	-1420
6.78429913521	-1176
6.84876894951	-1420
6.84878611565	-1420
6.84884405136	-1054
6.85035014153	-1298
6.85370516777	-96
6.86546015739	543
6.86764907837	543
6.88986706734	-1420
6.8898870945	-1420
6.88988900185	-1054
6.98456001282	-819
7.077450037	-1298
7.10161614418	-1420
7.10163402557	-1176
7.11772704124	-1298
7.11942410469	-1420
7.11948513985	-1176
7.12040901184	-1420
7.1204161644	-1420
7.12041902542	-1420
7.1204199791	-932
7.12046909332	-1420
7.12047100067	-1420
7.12047195435	-1054
7.12174701691	-1420
7.12175703049	-1420
7.12175798416	-1054
7.12236905098	-1420
7.122382164	-1176
7.12241101265	-1298
7.12583494186	-1298
7.12590312958	-1420
7.1259059906	-1176
7.12741804123	-692
7.12765312195	-1420
7.12765598297	-1176
7.12811899185	-1420
7.12812304497	-1420
7.12812399864	-1054
7.12867808342	-1298
7.12910699844	1057
7.12955212593	-1420
7.1295580864	-1176
7.12993097305	-1298
7.13414812088	-1420
7.13419413567	-1420
7.13419795036	-1054
7.16849803925	-1420
7.16851496696	-1176
7.20054101944	543
7.23781013489	-1420
7.23782706261	-1176
7.25856804848	-625
7.26994800568	-1298
7.32458901405	-1298
7.324903965	-1298
7.32572698593	-1420
7.32573199272	-1420
7.32573509216	-1054
7.32587194443	-1298
7.32599496841	-1298
7.32648205757	543
7.32662916183	-1420
7.32663297653	-1420
7.32667398453	-1054
7.32707095146	-1420
7.32711601257	-1420
7.32711911201	-1054
7.34054708481	543
7.3413901329	-1298
7.40066599846	-895
7.41914105415	-1298
7.43301796913	-1298
7.43725609779	-1420
7.43728208542	-1176
7.43938207626	543
7.44007205963	-1298
7.44014906883	543
7.44438099861	-1298
7.44606995583	-1420
7.44607496262	-1420
7.44607710838	-1054
7.44718694687	-1420
7.44719195366	-1420
7.44722294807	-1054
7.45011305809	-1420
7.45014810562	-1176
7.45015096664	-1298
7.45283007622	-1420
7.45283508301	-1420
7.45287394524	-1054
7.45576906204	-1298
7.45729804039	-1420
7.45730304718	-1420
7.45730495453	-1054
7.45883107185	-1420
7.45883607864	-1420
7.45886993408	-1054
7.45895314217	543
7.46035313606	-1420
7.46035814285	-1420
7.46039795876	-1054
7.46050310135	-1420
7.46052503586	-1176
7.46052694321	-1298
7.46196103096	-1298
7.46299910545	-1420
7.46304106712	-1176
7.46367716789	-1298
7.46528506279	-1298
7.46579504013	-1420
7.46583604813	-1420
7.46583795547	-1054
7.4677670002	-1420
7.46778011322	-1420
7.46781802177	-1420
7.46782112122	-932
7.46796107292	543
7.46861314774	-1420
7.46861696243	-1176
7.46934604645	-1420
7.46935009956	-1176
7.4694480896	543
7.46990203857	-1420
7.4699151516	-1420
7.46991705894	-1054
7.4703810215	-1420
7.47038507462	-1420
7.47042393684	-1054
7.47355008125	-1420
7.47359108925	-1176
7.47406697273	-1420
7.47411108017	-1176
7.47433710098	-1420
7.47433996201	-1420
7.47434210777	-1054
7.47485613823	-1298
7.47530913353	-1420
7.47531294823	-1176
7.47787499428	-1298
7.47789216042	-1420
7.47792696953	-1420
7.47793006897	-1054
7.47793197632	-1298
7.47793316841	-1420
7.47793412209	-1420
7.47793507576	-1054
7.47799515724	-1420
7.47799897194	-1176
7.47843003273	-1298
7.47924399376	-1420
7.4792470932	-1176
7.47947716713	-1298
7.47957015038	543
7.48003697395	-1420
7.48004198074	-1176
7.48061203957	-1298
7.48105597496	-1298
7.48154807091	-1420
7.48155212402	-1420
7.4815530777	-1054
7.48200798035	-1298
7.48659610748	1057
7.51192593575	-1420
7.51194310188	-1176
7.53150296211	-1420
7.53152799606	-1176
7.56456804276	-1420
7.56458497047	-1176
7.56814312935	-1420
7.56815814972	-1420
7.56821393967	-1420
7.56821608543	-932
7.57137513161	-1420
7.57138299942	-1176
7.57928609848	-1420
7.57930994034	-1420
7.5793671608	-1420
7.57937002182	-1420
7.57937097549	-1420
7.57937312126	-1420
7.57937407494	-566
7.57937502861	-1298
7.58118700981	543
7.58153605461	-1420
7.5815410614	-1176
7.58210015297	-1420
7.58210611343	-1176
7.58366107941	-1420
7.58366799355	-1420
7.58371114731	-1114
7.690721035	-1420
7.6907491684	-1176
7.71500611305	-546
7.71522402763	543
7.75011110306	-1420
7.75012898445	-1420
7.75013208389	-1054
7.75013303757	-1298
7.75083613396	-1420
7.75084209442	-1176
7.75202703476	-1420
7.75203204155	-1176
7.76451706886	-1420
7.76453304291	-1420
7.76458501816	-1054
7.78207802773	-1298
7.7822599411	543
7.79735612869	-1420
7.79737496376	-1176
7.818983078	-1420
7.81904697418	-1420
7.81910896301	-1054
7.81911206245	-1420
7.81911301613	-1176
7.81911611557	-1420
7.81911706924	-1176
7.81929516792	543
7.8195130825	-1298
7.820333004	-1420
7.82035803795	-1176
7.82963705063	543
7.83379912376	-1420
7.83380413055	-1420
7.8338060379	-1420
7.83380699158	-932
7.84932303429	543
7.86213493347	-158
7.90145897865	-1298
7.99303293228	-816
8.06164002419	-1420
8.06165599823	-1420
8.06165909767	-1420
8.06166005135	-932
8.06217002869	-1420
8.0621740818	-1420
8.06217598915	-1054
8.06278896332	-1420
8.06279206276	-1176
8.06296515465	-1298
8.06336903572	-1298
8.06352901459	-1298
8.06401014328	-1420
8.06401395798	-1420
8.06401515007	-1054
8.06401610374	-1298
8.06424403191	-1420
8.06424808502	-1420
8.0642490387	-1054
8.06447696686	543
8.0646340847	-1420
8.06463813782	-1420
8.06464004517	-1054
8.06586694717	-1420
8.06587314606	-1420
8.06591510773	-1054
8.07203006744	543
8.07620716095	-1420
8.07621216774	-1420
8.07625198364	-1054
8.07632899284	543
8.09518408775	-1298
8.0962331295	-1420
8.09623813629	-1420
8.09624004364	-1054
8.09653997421	-1420
8.096544981	-1420
8.09658503532	-1054
8.09669804573	-1420
8.09670209885	-1176
8.11052513123	-1298
8.12366509438	-658
8.25433301926	-543
8.30995893478	-1420
8.30997800827	-1420
8.30999398232	-1054
8.30999612808	-1420
8.30999708176	-1420
8.30999803543	-1054
8.31019997597	-1298
8.31034398079	543
8.31056404114	-1420
8.31056809425	-1420
8.3105700016	-1054
8.31085300446	-1420
8.31085705757	-1176
8.31104898453	-1298
8.3112449646	-1420
8.31128811836	-1420
8.31129097939	-1054
8.31153512001	-1420
8.31153798103	-1420
8.31153798103	-1054
8.31163406372	-1298
8.32158493996	-1420
8.32162094116	-1176
8.41201496124	-1298
8.41224002838	543
8.42476201057	-364
8.42605495453	-1420
8.42606115341	-1176
8.51570510864	-1298
8.51925301552	543
8.55309605598	-1420
8.55312299728	-1176
8.55320501328	-1420
8.55320811272	-1420
8.55320906639	-1054
8.55338406563	-1420
8.55338811874	-1176
8.55539107323	-558
8.56867313385	-1420
8.56872010231	-1176
8.62113595009	-1298
8.63758397102	-1298
8.69932293892	-1063
8.78139710426	-1298
8.80089306831	-1420
8.80092000961	-1420
8.80092406273	-1054
8.80092597008	-1420
8.80092716217	-1420
8.80092811584	-1054
8.80305814743	-1298
8.80329608917	-1420
8.80330014229	-1420
8.80330204964	-1054
8.80349111557	-1420
8.80349302292	-1420
8.80349516869	-1420
8.80349516869	-932
8.80349612236	-1420
8.80349707603	-1420
8.80349802971	-1420
8.80349898338	-932
8.80365109444	543
8.81179714203	543
8.81534409523	-1298
8.82146406174	543
8.86986708641	-660
9.04460811615	-543
9.04564094543	-1420
9.04564595222	-1176
9.0460050106	-1420
9.04600811005	-1420
9.0460100174	-1054
9.04838395119	-1420
9.0483880043	-1420
9.04838895798	-1054
9.048609972	543
9.04873895645	-1420
9.04874205589	-1420
9.04877114296	-1054
9.04919409752	543
9.06072998047	-1298
9.17544913292	-1104
9.28974699974	-1420
9.28977513313	-1176
9.29063916206	-1298
9.29101109505	-1298
9.29267597198	-1420
9.29268193245	-1176
9.29296112061	-1420
9.2929649353	-1176
9.29331994057	-1420
9.29333209991	-1420
9.29333305359	-1054
9.2936270237	-1420
9.29363012314	-1420
9.29363203049	-1054
9.29411506653	-1420
9.29411816597	-1176
9.29480004311	-1298
9.29480409622	-1420
9.2948050499	-1176
9.29502797127	-1420
9.29503107071	-1420
9.29503297806	-1054
9.29642105103	543
9.30550909042	-1420
9.30551695824	-1176
9.30609416962	-608
9.43679308891	-543
9.53750300407	-1420
9.53751993179	-1420
9.53752303123	-1054
9.53768706322	-1420
9.53769898415	-1420
9.53769993782	-1054
9.53789496422	-1298
9.5380589962	543
9.53900194168	-1420
9.53900814056	-1420
9.53901004791	-1054
9.54247808456	-1420
9.54248809814	-1420
9.54253602028	-1054
9.54253911972	-1298
9.54929995537	543
9.55276703835	-1420
9.55277299881	-1176
9.56754493713	-596
9.69585108757	-1420
9.69587016106	-1176
9.69819402695	-32
9.70061016083	543
9.83181595802	-543
10.0030169487	-1057
10.0309550762	-1420
10.0309720039	-1420
10.0309760571	-1420
10.0309779644	-932
10.045582056	-1420
10.0455951691	-1420
10.0456471443	-1054
10.1338300705	-796
10.1514101028	-1420
10.1514279842	-1176
10.1893010139	543
10.2646369934	-546
10.280023098	543
10.3061881065	543
10.7413339615	-543
10.913891077	-543
11.1448810101	-543
11.2757730484	-1057
11.2831010818	543
11.301623106	543
11.7432949543	-543
11.9508111477	-543
11.9664490223	-1298
12.0819101334	-787
12.0848190784	543
12.1843500137	543
12.1844980717	543
12.3725731373	-543
12.3743779659	-1420
12.3743841648	-1176
12.3754501343	-1420
12.3754551411	-1420
12.3754980564	-1054
12.3883080482	-1420
12.3883769512	-1176
12.4780640602	-1298
12.4922740459	-1420
12.492328167	-1176
12.5050580502	-15
12.5052320957	543
12.5144369602	543
12.5320761204	543
12.8612880707	543
12.9154839516	-543
12.9172320366	-1298
12.9310760498	-1298
13.0233161449	-1298
13.038820982	-1420
13.0388610363	-1176
13.0480771065	-880
13.0482990742	543
13.0515151024	543
13.1888599396	543
13.2032120228	-543
13.2051849365	-543
13.5120720863	-543
13.6830720901	-1057
13.6896059513	543
13.7198791504	543
13.7390301228	-1298
13.7395470142	-1420
13.7395529747	-1176
13.7403509617	-1420
13.7403550148	-1420
13.7403571606	-1054
13.7407050133	-1420
13.7407109737	-1176
13.7546191216	-1420
13.7546310425	-1420
13.7546780109	-1054
13.8138971329	-860
13.850413084	-1420
13.8504829407	-1176
13.8506150246	543
13.8705191612	-1420
13.8705320358	-1420
13.8705351353	-1420
13.8705360889	-932
13.8718700409	-1298
13.9514081478	-311
13.9609279633	543
14.1737470627	-543
14.3485569954	-543
14.3775820732	-543
14.4151129723	-1420
14.4151899815	-1176
14.4297599792	-1420
14.4298181534	-1176
14.4326381683	543
14.4535450935	-1298
14.4690420628	-1298
14.5188210011	-96
14.7122409344	-543
14.7137680054	-1298
14.7141029835	-1420
14.7141480446	-1420
14.7141859531	-1054
14.7278659344	-1420
14.7279250622	-1176
14.8173129559	-1298
14.8335680962	-1420
14.8335840702	-1176
14.843091011	-828
14.8597829342	543
14.8828120232	543
15.027764082	-543
15.1804120541	-543
15.356192112	-543
15.6015181541	-543
15.8124499321	-1057
15.8225009441	543
15.8413801193	543
16.1730251312	-543
16.198210001	543
16.2833580971	-543
16.5090241432	-1420
16.5090839863	-1176
16.5627441406	-32
16.5629980564	543
16.5658140182	543
16.9741079807	-543
16.9746930599	-1420
16.9746999741	-1176
16.975041151	-1298
16.9887740612	-1420
16.9888451099	-1420
16.9888501167	-1054
17.0940020084	-1420
17.0940189362	-1176
17.1056461334	-1420
17.105659008	-706
17.1058659554	543
17.1138019562	543
17.1354420185	543
17.7491531372	-543
17.9963109493	-543
18.1270480156	-1057
18.1396660805	543
18.161698103	543
18.5979039669	-543
18.8004801273	-543
18.9073979855	-1298
18.9312000275	-845
18.9392030239	543
19.2196700573	-543
19.2220039368	-1420
19.2220101357	-1176
19.2227089405	-1420
19.2227129936	-1420
19.2227520943	-1054
19.2352070808	-1298
19.2353770733	-1420
19.23539114	-1176
19.3401560783	-1298
19.3528170586	-1342
19.3624961376	543
19.3825671673	543
19.9442391396	-543
20.264138937	-543
20.395950079	-1057
20.4019019604	543
20.4295170307	543
20.8682670593	-543
21.0778579712	-543
21.0931639671	-1298
21.2086551189	-787
21.2193870544	543
21.4993231297	-543
21.5010509491	-1420
21.5010881424	-1176
21.5011889935	-1420
21.5011920929	-1420
21.5011930466	-1054
21.5152630806	-1420
21.5152800083	-1420
21.5153419971	-1054
21.6206560135	-1298
21.6208720207	543
21.6318571568	-828
21.6417810917	543
21.6650619507	543
22.2574961185	-543
22.4817180634	-543
22.506485939	-543
22.5209779739	-1298
22.6372020245	-787
22.6403391361	543
22.6894960403	543
22.6943421364	543
22.7193460464	543
22.7199549675	543
22.7202041149	543
22.7204639912	543
22.7206580639	543
22.9198880196	-543
22.9219300747	-1420
22.9219369888	-1420
22.9219379425	-1420
22.9219479561	-932
22.9295270443	543
22.9351489544	-1420
22.9351561069	-1420
22.9351580143	-1054
23.0402131081	-1420
23.0402290821	-1176
23.0527350903	-1420
23.0527451038	-407
23.2166039944	-543
23.2284619808	-1298
23.3345029354	-1298
23.3526329994	543
23.3531589508	543
23.3590209484	-61
23.421683073	543
23.4219551086	543
23.4962861538	-1420
23.4963450432	-1176
23.5348761082	-32
23.5421881676	543
23.6656351089	-543
23.7343821526	-1298
23.7964019775	-816
23.851006031	-1420
23.8510210514	-1420
23.8510260582	-1054
23.8545460701	543
23.8612470627	543
23.8615140915	1057
23.8654720783	-1420
23.8654820919	-1420
23.8654839993	-1054
23.9270739555	-9
23.972066164	-1420
23.9720749855	-1420
23.9720780849	-1054
23.9827899933	-1420
23.9827971458	-1420
23.9828410149	-1054
23.9829640388	-1420
23.9829671383	-1176
23.9870860577	-1298
23.9961979389	-1420
23.9962029457	-1420
23.9962050915	-1054
24.1024329662	-1298
24.1028101444	-1377
24.1084170341	543
24.1429600716	543
24.1431930065	543
24.2609050274	-543
24.4327981472	-543
24.4422330856	543
24.4433550835	543
24.4437689781	543
24.4440071583	543
24.5734219551	-543
24.8650910854	-543
24.8706891537	543
24.9200329781	-1298
25.0017089844	-331
25.0099871159	543
25.0193040371	543
25.1314661503	-1298
25.1325690746	-331
25.2678339481	-543
25.2833731174	-1298
25.4148199558	-273
25.4296929836	543
25.4299430847	543
25.5608341694	-543
25.6916160583	-543
25.8816530704	-543
26.0819540024	-543
26.0975799561	-1298
26.2283630371	-787
26.2312369347	543
26.5114581585	-543
26.5129730701	-1420
26.5130391121	-1176
26.5130431652	-1420
26.5130441189	-1420
26.5130460262	-1054
26.5270869732	-1420
26.5271129608	-1420
26.527148962	-1054
26.5272829533	543
26.6333119869	-1298
26.6437270641	-799
26.6546471119	543
26.6705241203	543
27.2327480316	-543
27.5441310406	-543
27.6749889851	-1057
27.6807370186	543
27.7019240856	543
28.1312191486	-543
28.3295240402	-543
28.3447339535	-1298
28.3895120621	543
28.460351944	-787
28.4644520283	543
28.8001179695	-543
28.8011600971	-1420
28.801169157	-1420
28.8011720181	-1054
28.8011729717	-1298
28.8016240597	-1420
28.8016300201	-1420
28.8016710281	-1054
28.815415144	-1298
28.9205181599	-1298
28.9206659794	543
28.9308309555	-1342
28.9425711632	543
28.9614541531	543
29.5466151237	-543
29.7801101208	-543
29.7954850197	-1298
29.895316124	-1298
29.8984749317	543
29.9106390476	-32
29.9257900715	543
29.9296300411	543
29.9298291206	543
29.9810140133	543
29.981274128	543
30.2205059528	-543
30.268679142	-1420
30.2687320709	-1420
30.268777132	-1054
30.2689270973	-1420
30.2689721584	-1420
30.2690110207	-1054
30.2831521034	-1420
30.2832119465	-1176
30.3255240917	-1298
30.3910329342	-1420
30.3911001682	-1176
30.3995449543	-1420
30.3996319771	-1420
30.3996789455	-1420
30.3997139931	-1420
30.3997490406	-810
30.39975214	-1420
30.3997530937	-204
30.4010870457	543
30.5303919315	-543
30.7012419701	-1086
30.7052180767	-1298
30.7309520245	-1298
30.7337739468	543
30.8319809437	-32
31.0090479851	-1086
31.0140681267	1460
31.0141601562	111
31.0154621601	-1420
31.0154690742	-1420
31.0154709816	-1420
31.0154719353	-932
31.0155200958	-1298
31.015666008	543
31.0313849449	-1298
31.1362550259	-1420
31.1362740993	-1420
31.1362760067	-1420
31.1362781525	-932
31.139685154	-73
31.163462162	543
31.1637380123	543
31.7402901649	-543
31.915719986	-543
32.0765869617	-543
32.0770189762	543
32.1980659962	-1420
32.1980810165	-1176
32.2071480751	-575
32.2193570137	543
32.2246670723	543
32.2414860725	1057
32.2664711475	543
32.2667181492	543
32.2716391087	-543
32.7149839401	-543
32.7163009644	-1420
32.7163071632	-1176
32.716340065	-1420
32.7163419724	-1176
32.7321100235	-1420
32.7321209908	-1420
32.7321820259	-1054
32.82228899	-1420
32.8223500252	-1176
32.8235399723	543
32.8471429348	-1420
32.8471579552	-1420
32.8472139835	-1420
32.8472161293	-1223
32.9777910709	-543
33.0553629398	-1298
33.0554289818	-1298
33.0713529587	-1420
33.0714120865	-1176
33.1542429924	-64
33.1630930901	543
33.2850410938	-1086
33.3085839748	1057
33.4451501369	-1420
33.4451670647	-1420
33.4451701641	-1420
33.4451711178	-1420
33.4451720715	-810
33.4451730251	-1298
33.4558730125	-9
33.4603300095	-1420
33.4603850842	-1420
33.4603879452	-1054
33.4605641365	543
33.5867021084	-819
33.796890974	-543
33.8299939632	543
33.8302559853	543
33.9277760983	-543
34.0988850594	-543
34.1181459427	543
34.189412117	543
34.2699439526	-1086
34.3751981258	-543
34.4007320404	-543
34.6807420254	-543
34.8509180546	-543
34.8513050079	543
34.8599791527	543
34.8819329739	543
34.9825570583	-543
35.2303380966	-543
35.4618310928	-543
35.529531002	-543
35.6888251305	-543
35.6890320778	543
35.7950029373	-1298
35.8201720715	-845
35.8232331276	543
36.1040971279	-543
36.1051280499	-1420
36.1051340103	-1176
36.1054410934	-1420
36.1054461002	-1420
36.1054871082	-1054
36.1203849316	-1420
36.1204550266	-1420
36.1204600334	-1054
36.2105360031	-1298
36.2359149456	-285
36.3667271137	-1086
36.3797121048	543
36.4021580219	543
36.5107600689	-543
36.7867341042	-543
36.9640679359	-543
37.1351189613	-543
37.3461010456	-543
37.3661830425	-1298
37.3668010235	-1298
37.5020370483	-32
37.5094490051	543
37.5196430683	543
37.568721056	1057
37.5696499348	543
37.5698480606	543
37.824764967	-543
37.8272271156	-1420
37.8272321224	-1176
37.8287320137	-1420
37.8287360668	-1420
37.8287379742	-1054
37.8289489746	543
37.8995380402	-1298
37.9164040089	-1420
37.9164140224	-1176
37.9579620361	-12
38.1678550243	-543
38.298566103	-543
38.3180389404	-1420
38.3180971146	-1176
38.4487550259	-575
38.4494321346	543
38.4728291035	1057
38.4915771484	543
38.579515934	-543
38.9409201145	-543
38.942471981	-1420
38.9425139427	-1176
38.9566459656	-1298
38.9567091465	-1420
38.9567530155	-1420
38.956788063	-1054
39.0611701012	-1420
39.0612180233	-1176
39.0735421181	-1298
39.0744161606	-828
39.0789101124	543
39.0898809433	543
39.0901720524	543
39.1844191551	543
39.2052519321	-543
39.4261629581	-543
39.427875042	543
39.5589661598	-543
39.7299671173	-543
39.9589669704	-543
39.96865201	-543
40.1790809631	-1057
40.199352026	543
40.1999599934	543
40.2222549915	543
40.6507339478	-543
40.6904850006	-543
40.8709080219	-1420
40.8709671497	-1176
40.9318580627	-32
40.9347701073	543
41.2165930271	-543
41.2174401283	-1420
41.2174460888	-1420
41.2174489498	-1420
41.2174501419	-1420
41.2174510956	-810
41.2314381599	-1420
41.2314529419	-1420
41.2315151691	-1054
41.231637001	543
41.3364350796	-1298
41.3483300209	-828
41.3603031635	543
41.3828020096	543
41.9315071106	-543
42.2317609787	-543
42.247426033	-1298
42.3625071049	-787
42.3651030064	543
42.3725090027	543
42.3832221031	1057
42.3996069431	543
42.3998711109	543
42.6456141472	-543
42.6466319561	-1420
42.6466369629	-1176
42.6467111111	-1420
42.6467130184	-1420
42.6467151642	-1054
42.6612520218	-1420
42.661262989	-1176
42.7509961128	-1298
42.7780470848	-1420
42.7780971527	-163
42.9087841511	-543
43.0860159397	-1086
43.0898489952	543
43.092869997	543
43.093075037	543
43.1976599693	-1420
43.1976749897	-1176
43.2166390419	-575
43.2249491215	543
43.624874115	-543
43.6260271072	-1420
43.626032114	-1176
43.626281023	-1420
43.6262860298	-1176
43.6263251305	-1298
43.6409399509	-1420
43.6410019398	-1420
43.641010046	-1054
43.7569870949	-1420
43.7570080757	-192
43.7572059631	543
43.8584330082	-1298
43.8697350025	543
43.8699760437	543
43.8876719475	-331
44.1409130096	-543
44.1477069855	543
44.2788479328	-543
44.4589021206	-543
44.5895280838	-543
44.7600171566	-543
44.7729780674	-1298
44.8907320499	-787
44.8993649483	543
44.9021241665	543
44.9293711185	1057
44.929901123	543
44.9301030636	543
45.1183750629	-543
45.1872620583	-543
45.1893720627	543
45.4052000046	-543
45.4062380791	-1420
45.4062809944	-1176
45.4072151184	-1420
45.407253027	-1420
45.4072871208	-1054
45.4212601185	-1420
45.4213070869	-1176
45.5102770329	-1298
45.5371210575	-1069
45.6409060955	-1420
45.6409540176	-1176
45.6411139965	-1420
45.6411540508	-1420
45.6411881447	-1054
45.6413040161	543
45.6414699554	543
45.641505003	-1420
45.641518116	-1176
45.6417219639	-1298
45.6423909664	-1298
45.6552619934	-1420
45.6552779675	-1176
45.6679129601	-1420
45.6679310799	-1420
45.6679799557	-76
45.7716240883	-1420
45.7716529369	-1176
45.7719919682	-1420
45.771998167	-1176
45.7989079952	-578
45.8022060394	543
45.8388061523	-543
45.8772630692	-1298
45.8774609566	-1420
45.8774671555	-1420
45.8774681091	-1054
45.8777141571	-1420
45.8777191639	-1176
45.8893461227	1057
45.891669035	-1420
45.8916840553	-1176
45.976940155	-613
45.9793310165	543
46.1478631496	-543
46.1825890541	-1420
46.1826491356	-1420
46.1826529503	-1054
46.1826550961	-1420
46.1826560497	-1420
46.1826570034	-1420
46.1826579571	-932
46.1926269531	543
46.1926989555	543
46.1928069592	543
46.1972110271	-1420
46.1972160339	-1420
46.1972570419	-1054
46.278676033	-15
46.3299560547	543
46.3302149773	543
46.5004911423	-543
46.7419509888	-543
46.7452890873	543
46.8764491081	-543
47.0499329567	-543
47.2047760487	-1420
47.2048370838	-1176
47.22082901	-32
47.2237370014	543
47.2295570374	543
47.2637381554	1057
47.2648839951	543
47.2651090622	543
47.2875230312	-543
47.5040950775	-543
47.5048010349	-1420
47.5048060417	-1420
47.5048069954	-1054
47.5093369484	543
47.5188829899	-1420
47.5188889503	-1420
47.5188910961	-1054
47.6245269775	-1420
47.6245450974	-1176
47.6247460842	543
47.6356959343	-1069
47.7877559662	-543
47.9598670006	-543
48.0478811264	-1420
48.0479390621	-1176
48.0750100613	-543
48.1308350563	-32
48.1335830688	543
48.2618019581	-1086
48.2793910503	1057
48.4192171097	-1420
48.4192430973	-1176
48.4192459583	-1420
48.4192481041	-1420
48.4192690849	-1054
48.419271946	-1298
48.4337420464	-1420
48.4337489605	-1420
48.4337921143	-1054
48.4360589981	-799
48.4393680096	543
48.5704009533	-543
48.7431681156	-543
48.7594740391	543
48.7597341537	543
48.8905451298	-543
49.0213179588	-543
49.0320000648	543
49.1630971432	-543
49.1845431328	543
49.3339271545	-543
49.623262167	-543
49.6389009953	-1298
49.7700481415	-787
49.7725231647	543
49.7795729637	543
49.8118641376	1057
49.812431097	543
49.8126311302	543
50.0527460575	-543
50.0537559986	-1420
50.0537619591	-1420
50.0537650585	-1054
50.0541980267	-1420
50.0542030334	-1420
50.0542459488	-1054
50.0682570934	-1420
50.068295002	-1176
50.0688829422	-1298
50.166121006	-1420
50.1661379337	-1420
50.1661989689	-1054
50.1682929993	-1420
50.1683371067	-1420
50.1683399677	-1054
50.1773841381	-1298
50.1845059395	-625
50.1845760345	-1420
50.1845800877	-1176
50.1847319603	543
50.18861413	-1420
50.1886200905	-1420
50.1886630058	-1054
50.1887309551	543
50.1927399635	-1298
50.1964149475	-1420
50.1964211464	-1176
50.2011480331	-1420
50.2011530399	-1176
50.2013430595	-1298
50.2059240341	-1298
50.2410681248	-1420
50.241081953	-1176
50.2968840599	-1420
50.2969009876	-1176
50.2970900536	-1420
50.2970941067	-1176
50.2990031242	-1420
50.2990131378	-1420
50.2990570068	-1420
50.2990591526	-932
50.2991890907	543
50.3154201508	-1420
50.3154349327	-1420
50.3154890537	-1392
50.446087122	-543
50.6178791523	-543
50.6889150143	-1420
50.6889300346	-1176
50.788408041	-32
50.8005950451	543
50.9192061424	-1086
50.9222271442	1057
51.0812089443	-543
51.082570076	-1298
51.0831780434	-1420
51.0831840038	-1176
51.0975410938	-1420
51.0975511074	-1420
51.0975971222	-1054
51.1862690449	-1298
51.2020671368	-1420
51.202078104	-1176
51.2134051323	-857
51.2374529839	543
51.2377121449	543
51.3958859444	-543
51.6053700447	-543
51.6170020103	543
51.7482161522	-1086
51.9766020775	-543
51.992262125	-1298
52.1073131561	-787
52.1105921268	543
52.1164381504	543
52.1305730343	1057
52.1539080143	543
52.1541650295	543
52.6131370068	-543
52.61413908	-1420
52.6141560078	-1176
52.6146111488	-1298
52.6147050858	543
52.6148641109	-1298
52.6283359528	-1420
52.6283521652	-1176
52.6729650497	-1298
52.6880130768	-1298
52.7178871632	-1298
52.7448940277	-314
52.8820531368	-543
52.8991930485	-1298
52.9885799885	-1298
52.9916160107	543
53.0300040245	-575
53.0495960712	1057
53.272176981	-543
53.2731561661	-1420
53.2731621265	-1176
53.2734160423	-1420
53.2734191418	-1420
53.2734210491	-1054
53.2877750397	-1420
53.2878029346	-1420
53.2878451347	-1054
53.3779790401	-1298
53.3893201351	543
53.4027531147	-828
53.4182939529	543
53.4185490608	543
53.7008831501	-543
53.7763831615	-565
54.0132050514	-543
54.0226681232	543
54.1537289619	-543
54.3238420486	-543
54.4780509472	-1298
54.4952311516	-302
54.5095500946	543
54.5297091007	543
54.9838070869	-543
55.1863260269	543
55.2057590485	-543
55.2208609581	-1298
55.336468935	-787
55.339274168	543
55.6291949749	-543
55.630300045	-1420
55.6303451061	-1176
55.6306591034	-1420
55.6307020187	-1420
55.6307041645	-1054
55.6460499763	-1420
55.6460659504	-1420
55.6461210251	-1054
55.7364201546	-1298
55.7613241673	-1400
55.7679400444	543
55.7829620838	543
56.3189890385	-543
56.6216189861	-543
56.6362321377	-1298
56.7523040771	-787
56.7547740936	543
56.7595729828	543
56.7846381664	1057
56.7852039337	543
56.7854061127	543
57.1893310547	543
57.2474191189	-543
57.2607331276	-1420
57.2607419491	-1176
57.2613430023	-1420
57.2613480091	-1420
57.2614099979	-1054
57.2614209652	-1298
57.263076067	-1420
57.2630810738	-1176
57.3653521538	-1298
57.3692581654	543
57.3915431499	-1420
57.3915550709	-1420
57.3915569782	-1420
57.391559124	-932
57.392236948	-863
57.399335146	543
57.4979140759	-1298
57.5022499561	1057
57.5154659748	-1420
57.5154831409	-1176
57.5659980774	-334
57.5853610039	-1420
57.5853960514	-1176
57.5913300514	-1420
57.5913660526	-1176
57.7162189484	-1150
57.7249341011	543
58.162279129	-543
58.1626629829	-1420
58.1626679897	-1420
58.1626689434	-1054
58.1627349854	-1298
58.1777839661	-1420
58.1777999401	-1420
58.1778581142	-1054
58.2832131386	-1420
58.2832839489	-1176
58.2893569469	543
58.2930109501	-1313
58.3096730709	543
58.3098759651	543
58.5375151634	-543
58.5493619442	543
58.6819820404	-543
58.9221470356	-543
59.1047649384	-543
59.1561541557	-543
59.1892831326	543
59.2869851589	-1057
59.2998170853	543
59.3218851089	543
59.7521691322	-543
59.9585289955	-543
59.9684159756	-1298
60.0893161297	-787
60.0993659496	543
60.3853411674	-543
60.3871910572	-1420
60.387196064	-1176
60.388559103	-1420
60.3885641098	-1176
60.4018321037	-1420
60.4018480778	-1420
60.4019031525	-1054
60.5030860901	-1420
60.5031609535	-1176
60.5179619789	-799
60.5301830769	543
60.5529811382	543
61.0865941048	-543
61.3851649761	-543
61.5158450603	-543
61.5162370205	543
61.5296931267	543
61.5532250404	543
61.6328439713	-543
61.6464271545	-543
62.1267490387	-543
62.338353157	-543
62.350962162	-1298
62.4690539837	-787
62.4716789722	543
62.7531709671	-543
62.7543959618	-1420
62.7544469833	-1176
62.7545721531	-1420
62.7546410561	-1420
62.7546441555	-1054
62.75476408	543
62.7687370777	-1420
62.7687530518	-1420
62.7687561512	-1054
62.8744089603	-1298
62.8745679855	543
62.8852920532	-828
62.9023749828	543
62.9243841171	543
63.0164489746	-543
63.5680069923	-543
63.8714821339	-543
64.0022161007	-1057
64.009622097	543
64.0418241024	543
64.0528841019	-543
64.4687640667	-543
64.6741840839	-543
64.6902530193	-1298
64.8050501347	-787
64.8078091145	543
65.0879180431	-543
65.0899500847	-1420
65.0899560452	-1176
65.0903329849	-1420
65.0903389454	-1420
65.0903820992	-1054
65.1036479473	-1420
65.1037220955	-1420
65.1037261486	-1054
65.2093820572	-1298
65.2207560539	-857
65.2296390533	543
65.2575659752	543
65.7881569862	-543
66.0981049538	-543
66.1850149632	543
66.1851170063	543
66.1851670742	543
66.2300410271	-1057
66.2396850586	543
66.2718491554	543
66.3627591133	-543
66.6941649914	-543
66.8936469555	-543
66.9088430405	-1298
66.9986310005	-1298
67.0013649464	543
67.0243029594	-32
67.1847350597	543
67.1848340034	543
67.2836720943	-543
67.2850241661	-1420
67.2850670815	-1176
67.2862751484	-1420
67.2863161564	-1420
67.2863531113	-1054
67.2994310856	-1420
67.2995049953	-1420
67.2995491028	-1054
67.4058461189	-1298
67.4060671329	543
67.4145269394	-857
67.4231841564	543
67.44333601	543
67.7708859444	-543
67.8992271423	-543
68.110065937	-543
68.4122800827	-543
68.5429069996	-1057
68.5507719517	543
68.5716371536	543
69.0023720264	-543
69.1858849525	543
69.2009849548	-543
69.2168610096	-1298
69.3323600292	-787
69.3350429535	543
69.6219911575	-543
69.6227140427	-1420
69.6227190495	-1176
69.6229050159	-1420
69.6229100227	-1176
69.634802103	-1420
69.6348221302	-1420
69.6348600388	-1054
69.6349930763	543
69.7388651371	-1420
69.7388811111	-1176
69.7535190582	-799
69.7625150681	543
69.789937973	543
70.3265731335	-543
70.6341230869	-543
70.6463210583	-1298
70.7648661137	-787
70.7673590183	543
70.7800331116	543
70.8065440655	1057
70.8071250916	543
70.8073210716	543
71.050606966	-543
71.051815033	-1420
71.0518200397	-1176
71.0518751144	-1420
71.0518770218	-1420
71.0518801212	-1054
71.0664169788	-1420
71.0664250851	-1420
71.0664701462	-1054
71.1576399803	-1298
71.1826810837	-1420
71.182790041	-1420
71.1828401089	-1420
71.1828939915	-932
71.1829299927	-1298
71.1829650402	-1298
71.183079958	-1420
71.1831190586	-1176
71.183339119	543
71.197165966	-1420
71.1971750259	-991
71.354665041	-543
71.5256061554	-543
71.5975079536	-1420
71.5975241661	-1176
71.6959731579	-575
71.6966061592	543
71.7093851566	1057
71.7128851414	543
71.8267560005	-543
72.1195671558	-543
72.1210370064	-1420
72.1210770607	-1176
72.1211309433	-1420
72.1211750507	-1420
72.1212100983	-1054
72.1350979805	-1420
72.1351511478	-1176
72.1695411205	-543
72.2250471115	-1298
72.2252230644	543
72.2411749363	-1420
72.2411870956	-1176
72.251609087	-15
72.2741580009	543
72.2771630287	543
72.4269809723	-543
72.6925120354	-543
72.7002050877	543
72.8313860893	-543
73.0023379326	-543
73.2236089706	-543
73.2390711308	-1298
73.3699860573	-787
73.3702340126	543
73.372672081	543
73.3797030449	543
73.4110951424	1057
73.4120080471	543
73.419257164	543
73.5938091278	-543
73.8948090076	-543
73.9214570522	-1420
73.9215071201	-1176
73.9220719337	-1420
73.9220969677	-1420
73.9220991135	-1054
73.9350700378	-1420
73.9350781441	-1420
73.9351229668	-1054
74.0157949924	-1298
74.0523819923	-1420
74.0524470806	-1420
74.0524921417	-616
74.0527300835	543
74.1830201149	-543
74.3163449764	-1298
74.3210799694	-1298
74.3293950558	1057
74.3721210957	-1118
74.3749921322	543
74.4377889633	-543
74.7518179417	-543
74.7530100346	-1420
74.7530300617	-1176
74.7534770966	-1420
74.7534811497	-1420
74.753483057	-1054
74.7673749924	-1298
74.7898261547	-1298
74.8054411411	-1420
74.8054480553	-1176
74.8827030659	-1420
74.8827300072	-436
74.9070060253	543
74.9237539768	543
75.0134830475	-1086
75.4663989544	-543
75.7762031555	-543
75.9070000648	-1057
75.9114060402	543
75.9397280216	543
76.3889400959	-543
76.3910930157	-543
76.6189529896	-543
76.6346540451	-1298
76.7497439384	-787
76.7526161671	543
77.0075149536	-543
77.0322871208	-543
77.034044981	-1420
77.0340509415	-1176
77.0341601372	-1298
77.0485920906	-1420
77.0486431122	-1420
77.048648119	-1054
77.1628420353	-1420
77.1628601551	-1176
77.1630380154	543
77.1649179459	-1420
77.1649229527	-706
77.1733350754	543
77.1922290325	543
77.23416996	-543
77.8006820679	-543
78.0368010998	-543
78.1675879955	-1057
78.1800000668	1057
78.1993179321	543
78.4860720634	-543
78.6103079319	-1298
78.6564979553	-302
78.7151341438	-1420
78.7151911259	-1176
78.7872419357	-1060
78.7874290943	543
78.7897341251	543
78.7906060219	543
79.1893310547	543
79.1894299984	543
79.2293560505	-543
79.3481171131	-1298
79.3999099731	-302
79.5306589603	-1086
79.5504851341	1057
79.5540931225	543
79.5794789791	543
79.8443241119	-543
79.9649131298	-1298
80.0124061108	-543
80.0153100491	-302
80.0725300312	-1420
80.0725769997	-1176
80.1462180614	-1060
80.1521070004	543
80.1524310112	1057
80.277009964	-1086
80.3043429852	543
80.3046910763	543
80.4461090565	-543
80.6734781265	-543
80.8041670322	-543
80.9750421047	-1086
81.0009269714	543
81.0264129639	-543
81.0275740623	543
81.1882181168	-543
81.1885349751	543
81.307281971	-543
82.038836956	-543
82.0436770916	-543
82.1851501465	543
82.1853270531	543
82.1854381561	543
82.1856119633	565
82.2775120735	-543
82.2782890797	-1298
82.2788310051	-1420
82.2789320946	-1176
82.2790169716	-1298
82.2791121006	-1420
82.2791991234	-1420
82.2792861462	-1054
82.2932159901	-1298
82.322988987	-543
82.3853890896	-1298
82.4083240032	-1420
82.408395052	-1176
82.4090750217	-1420
82.4091451168	-1176
82.4096190929	-1420
82.409717083	-1420
82.40980196	-1054
82.4098091125	-1420
82.4098119736	-1176
82.409815073	-1420
82.4098169804	-1420
82.4098200798	-1054
82.4103040695	543
82.42395401	-1420
82.4239699841	-541
82.5127389431	-1298
82.5161819458	-1420
82.5162580013	-1176
82.5391170979	-1298
82.554705143	-549
82.5569660664	543
82.5607221127	543
83.0477609634	-543
83.0482490063	-1420
83.0482540131	-1420
83.0482571125	-1054
83.0483980179	543
83.0487270355	-1420
83.048732996	-1420
83.0487351418	-1054
83.0647270679	-1420
83.0647320747	-1176
83.0653951168	-1298
83.1791789532	-1420
83.1792299747	-1420
83.1792731285	-1420
83.1793179512	-932
83.1794309616	-1420
83.1794800758	-1420
83.1795220375	-1054
83.1795580387	-1298
83.1796960831	543
83.1892449856	543
83.1955139637	-1420
83.1955180168	-1020
83.2823121548	-1420
83.2823281288	-1420
83.2823901176	-1054
83.2974030972	-1298
83.3100550175	-1420
83.3100700378	-1176
83.3261671066	-581
83.3785719872	-1420
83.3785910606	-1176
83.4968950748	-32
83.7301211357	-543
84.1849420071	543
84.6494550705	-543
85.1846549511	543
85.184828043	543
85.1851110458	543
85.4564111233	-543
85.5873479843	-543
