0	543
0.857100963593	-543
0.861285924911	543
1.36410689354	-1420
1.36412596703	-1316
1.3641808033	-1420
1.36418390274	-1420
1.36420893669	-787
1.36428689957	-1368
1.36468887329	-1420
1.36469388008	-1420
1.36473178864	-1264
1.41584277153	543
1.46811580658	543
1.48099589348	-1368
1.48110699654	-849
1.48129987717	543
1.51824784279	543
1.72067379951	-543
1.72085785866	543
1.72195291519	1460
1.72200894356	111
1.85315489769	-543
1.85333681107	543
2.009775877	-543
2.00999593735	543
2.04748678207	-1420
2.04750299454	-1316
2.0477449894	-1420
2.04774999619	-1316
2.04780578613	-1368
2.06618785858	-1368
2.06624984741	-1420
2.06625390053	-1316
2.08829784393	-1420
2.08831381798	-1420
2.08836889267	-1264
2.08906888962	-1368
2.08940291405	-1420
2.08941578865	-1316
2.08954596519	-1420
2.0895588398	-1316
2.08971190453	-1368
2.09019494057	-1368
2.12664294243	-1420
2.12666296959	-1316
2.16438698769	-1420
2.16440296173	-1420
2.16446495056	-1420
2.16446781158	-1212
2.16451883316	-1420
2.16452097893	-1420
2.16455888748	-1264
2.1645720005	-1420
2.1646130085	-1420
2.16461586952	-1264
2.16480183601	543
2.18317079544	-1420
2.1831870079	-1420
2.18325090408	-1264
2.18325281143	-1420
2.1832947731	-1316
2.18329691887	-1368
2.20520377159	-1420
2.2052218914	-1420
2.20527791977	-1420
2.20528078079	-1420
2.20531392097	-1420
2.20531582832	-1108
2.20553588867	1057
2.20621991158	-1420
2.20623397827	-1420
2.20632696152	-1420
2.20632982254	-1212
2.20637488365	-1420
2.206376791	-1420
2.20642900467	-1264
2.20643091202	-1368
2.20650792122	-1420
2.20651078224	-1316
2.20706677437	-1420
2.20707178116	-1420
2.20711398125	-1420
2.20711684227	-1212
2.24331998825	-1420
2.2433359623	-1420
2.24338889122	-1420
2.24339199066	-1212
2.24355483055	543
2.28143286705	-1420
2.28146886826	-1420
2.28153300285	-1420
2.28153586388	-1420
2.28157091141	-1420
2.28157281876	-1420
2.28161597252	-1056
2.28161787987	-1420
2.28165388107	-1316
2.28165698051	-1420
2.28169894218	-1420
2.28170084953	-1264
2.2817029953	-1368
2.2818198204	-1420
2.28182291985	-1420
2.28182387352	-1264
2.281924963	-1420
2.28194093704	-1420
2.28194189072	-1264
2.28194379807	-1368
2.28230881691	1057
2.30005884171	-1420
2.30007600784	-1420
2.3001408577	-1420
2.30014395714	-1420
2.30018997192	-1420
2.30019187927	-1420
2.3002269268	-1056
2.30022883415	-1368
2.30026388168	-1368
2.30026578903	-1368
2.32195687294	-1420
2.32196593285	-1420
2.32201981544	-1420
2.32202196121	-1212
2.32211899757	-1420
2.3221218586	-1420
2.32221794128	-1264
2.32221984863	-1420
2.32226395607	-1420
2.32226586342	-1264
2.32231593132	-1420
2.32232093811	-1420
2.32232189178	-1264
2.32232284546	-1368
2.32260298729	543
2.32318997383	-1420
2.32319498062	-1420
2.32327890396	-1420
2.32328081131	-1212
2.32332491875	-1420
2.3233268261	-1420
2.32336783409	-1264
2.32336997986	-1368
2.32343888283	-1420
2.32344198227	-1420
2.32348585129	-1264
2.32360696793	-1420
2.32360982895	-1420
2.32361078262	-1264
2.32361197472	-1368
2.32369279861	-1420
2.32369589806	-1420
2.32369685173	-1264
2.3236978054	-1368
2.32375192642	-1368
2.32397985458	-1420
2.3239839077	-1420
2.32398486137	-1264
2.32398700714	-1368
2.32406878471	-1420
2.32407188416	-1316
2.32411289215	-1368
2.32419800758	-1368
2.32423996925	1057
2.36030483246	-1420
2.36032986641	-1420
2.36040186882	-1420
2.36040377617	-1420
2.36044692993	-1420
2.36044883728	-1108
2.3607878685	543
2.39831900597	-1420
2.39838480949	-1420
2.39844989777	-1264
2.39845299721	-1420
2.39850592613	-1420
2.39850783348	-1264
2.3986158371	-1420
2.39861893654	-1316
2.39866280556	-1420
2.39866495132	-1316
2.39874386787	-1420
2.39874696732	-1420
2.39874792099	-1264
2.39874887466	-1420
2.39874982834	-1420
2.39875078201	-1264
2.39883899689	-1420
2.39884090424	-1316
2.39891791344	-1420
2.39891982079	-1420
2.39891982079	-1264
2.39905285835	-1420
2.39905595779	-1316
2.39905691147	-1368
2.39915299416	-1420
2.39915394783	-1316
2.39920186996	-1420
2.39920377731	-1316
2.39935183525	-1420
2.39935588837	-1420
2.39935684204	-1264
2.39952778816	-1420
2.3995308876	-1420
2.39953184128	-1264
2.3996989727	1057
2.3997399807	-1420
2.39974188805	-1316
2.39986896515	-1420
2.3998708725	-808
2.40358400345	-1420
2.40358996391	-1316
2.40398693085	-1368
2.40448188782	543
2.40472078323	543
2.41155982018	543
2.42014694214	-1368
2.48453593254	-1420
2.48455500603	-1316
2.51694893837	-1189
2.52487492561	543
2.53449392319	543
2.8138449192	-543
2.93058395386	-543
2.94127178192	543
3.05831193924	-1086
3.06138181686	543
3.33101177216	-1420
3.33102989197	-665
3.33226299286	1460
3.33234000206	1460
3.33237886429	193
3.41353082657	-1368
3.44756889343	-717
3.44968485832	1460
3.44974184036	625
3.81663489342	-1420
3.81665277481	-1420
3.81670880318	-787
3.81712198257	-1420
3.8171608448	-1316
3.81722092628	-1368
3.82130479813	543
3.8342487812	-1420
3.83427500725	-1316
3.83432292938	-1368
3.86209893227	-1420
3.86215591431	-1316
3.86288499832	-1368
3.86520195007	-1420
3.86520791054	-1316
3.86527180672	-1368
3.87936687469	-1420
3.87942290306	-1316
3.89385581017	-1420
3.89392399788	-1420
3.89392781258	-1264
3.8940680027	-1368
3.89443588257	-1420
3.89447593689	-1316
3.89641094208	-1420
3.8964869976	-1420
3.8964908123	-1264
3.90131282806	543
3.90316200256	-1420
3.90317797661	-1316
3.9036989212	-1368
3.91318082809	-1420
3.91324687004	-1420
3.91325187683	-1264
3.91427993774	-1420
3.91428589821	-1316
3.91515183449	-1368
3.91550183296	-1420
3.91555380821	-1316
3.91561293602	-1368
3.91569900513	543
3.9332318306	-560
3.98448991776	-1420
3.98450779915	-1316
3.9884557724	-1368
3.99292397499	-1420
3.9929459095	-1420
3.9929997921	-1264
3.99450182915	-1420
3.99450683594	-1316
3.99462080002	543
3.99605298042	-1368
3.99748277664	-1420
3.99752879143	-1316
3.99908781052	-1368
4.0007019043	-1420
4.00070881844	-1316
4.00196790695	-1368
4.00415587425	-1420
4.00420093536	-1420
4.00420498848	-1264
4.0072259903	-1420
4.00723195076	-1316
4.00805878639	-1368
4.00862693787	-1420
4.0086607933	-1316
4.00901293755	-1368
4.00949382782	-1420
4.00949978828	-1420
4.00953984261	-1264
4.01021885872	-1420
4.01025295258	-1316
4.01032185555	-1368
4.01066684723	-1420
4.01067280769	-1316
4.01069188118	-1368
4.01097989082	-1420
4.01102089882	-1316
4.01102399826	-1368
4.01178097725	-1420
4.01178383827	-1316
4.01188898087	-1368
4.01241278648	-1368
4.01252794266	543
4.01267290115	543
4.01310896873	-1420
4.01311397552	-1316
4.01340579987	-1420
4.01341080666	-1420
4.01345086098	-1264
4.01351594925	543
4.02353692055	-1420
4.02354598045	-1420
4.02360081673	-1264
4.02575278282	-1368
4.02579784393	-1368
4.02596282959	-1368
4.02604699135	-1368
4.02629494667	-1368
4.02637887001	-1368
4.02677083015	-1420
4.02681994438	-1316
4.02685284615	-1368
4.02840685844	-1420
4.02841091156	-1420
4.02844786644	-1264
4.02855682373	543
4.04463791847	-1420
4.04465293884	-1420
4.04470682144	-1264
4.04481482506	-1368
4.04569792747	-1420
4.0457007885	-1316
4.04573893547	-1368
4.04582500458	-1420
4.04586100578	-1316
4.04604387283	-1368
4.04968285561	-150
4.06588387489	-1420
4.06589794159	-1316
4.06648778915	-1368
4.06888580322	-1420
4.06891083717	-1316
4.06921386719	-1368
4.07032799721	-1420
4.07033395767	-1420
4.07037496567	-1264
4.07073283195	-1420
4.0707719326	-1316
4.07125377655	-1368
4.07492685318	543
4.08821177483	-1420
4.08822584152	-1316
4.08912587166	-1368
4.09088683128	-1368
4.09093499184	-1368
4.09299182892	-1368
4.09610795975	543
4.09659385681	-1420
4.09659981728	-1316
4.097894907	-1368
4.09790897369	-1420
4.09793400764	-1316
4.09868383408	-1368
4.10673999786	-1420
4.106746912	-1420
4.10679078102	-1264
4.11893892288	-1420
4.11899089813	-1420
4.11899399757	-1264
4.12124085426	-1420
4.12124490738	-1420
4.12128281593	-1264
4.12129378319	-1420
4.12132787704	-1420
4.12132978439	-1264
4.12786078453	543
4.13062000275	-1420
4.13063883781	-1420
4.13066983223	-1264
4.13629388809	-1420
4.13634777069	-1420
4.13635182381	-1264
4.13646793365	-1368
4.14166688919	-1420
4.14171886444	-1316
4.14194083214	-1420
4.14196491241	-1316
4.1420249939	-1368
4.15590286255	-1420
4.15591788292	-1420
4.15598082542	-1264
4.15612983704	543
4.15995788574	-1420
4.15996384621	-1420
4.1600189209	-1264
4.16061687469	-1368
4.16094279289	-1420
4.16094899178	-1316
4.1613137722	-1420
4.16131997108	-1420
4.16136097908	-1264
4.16142988205	543
4.16654086113	-1320
4.17123389244	543
4.17814087868	-1420
4.17814588547	-1316
4.17831778526	-1368
4.18243288994	-1420
4.1824657917	-1316
4.18274784088	-1368
4.18542790413	-1420
4.18543386459	-1420
4.18547582626	-1264
4.18555188179	-1420
4.18558096886	-1316
4.18576478958	-1368
4.20010185242	-1420
4.2001209259	-1420
4.20015978813	-1264
4.20854592323	-1420
4.20860886574	-1316
4.20961499214	-1368
4.20965695381	-1420
4.20965886116	-1420
4.20969486237	-1264
4.21006584167	543
4.2104279995	-1420
4.21043300629	-1420
4.21047496796	-1264
4.22349882126	-1420
4.22356200218	-1420
4.22356581688	-1264
4.22551989555	-1420
4.22552490234	-1316
4.22564792633	-1368
4.22571182251	543
4.23448181152	543
4.23513579369	-1420
4.23514199257	-1420
4.23518490791	-1264
4.23529291153	543
4.23542284966	-1420
4.23543477058	-1316
4.23549389839	-1368
4.25463294983	-1420
4.2547018528	-1420
4.25470590591	-1264
4.26131296158	-1420
4.26133298874	-1420
4.26136994362	-1264
4.2616288662	543
4.2621049881	543
4.26449894905	-1368
4.26661777496	-1420
4.26665377617	-1316
4.267775774	-1420
4.267816782	-1420
4.26781988144	-1264
4.27459979057	-1420
4.27461600304	-1420
4.27465987206	-1264
4.27551984787	-1420
4.27556300163	-1420
4.27556586266	-1264
4.28184199333	-1368
4.28229999542	-1420
4.28232693672	-1316
4.2825729847	-1420
4.28260493279	-1316
4.28269600868	-1368
4.29310083389	-1420
4.29311299324	-1316
4.29322981834	-1420
4.29323387146	-1316
4.2933909893	1057
4.29464292526	-18
4.30313491821	-1420
4.30318689346	-1316
4.3040728569	-1368
4.30711078644	-1420
4.30713200569	-1316
4.30715990067	-1368
4.30724596977	-1420
4.30728793144	-1316
4.30756282806	-1368
4.31985592842	-1420
4.31987094879	-1316
4.32010889053	-1368
4.32381296158	-1420
4.3238658905	-1316
4.32405400276	-1368
4.32543492317	-1420
4.32543992996	-1420
4.3254609108	-1264
4.32612800598	-1420
4.3261578083	-1316
4.32711696625	-1368
4.32722091675	543
4.32801580429	-1420
4.32802081108	-1316
4.32849192619	-1368
4.34009194374	-1420
4.34015488625	-1420
4.34015893936	-1264
4.34409284592	-1420
4.34409880638	-1420
4.3441388607	-1264
4.344383955	-1420
4.34442591667	-1420
4.34442877769	-1264
4.34454298019	543
4.36094689369	-1420
4.36095690727	-1420
4.36100697517	-1264
4.36502194405	-1420
4.3650739193	-1420
4.36507797241	-1264
4.36792492867	-1368
4.36844396591	-1420
4.3684899807	-1316
4.36918497086	-1368
4.36939787865	-1420
4.36940193176	-1316
4.37129282951	543
4.37752795219	-1420
4.37755084038	-1420
4.37759184837	-1264
4.3926589489	-1420
4.3927218914	-1420
4.39272594452	-1264
4.39295196533	-1368
4.3933467865	-1420
4.39338779449	-1316
4.39348983765	-1420
4.39352798462	-1316
4.39358186722	-1368
4.40828180313	-1368
4.40829181671	-1420
4.40834188461	-1316
4.4099149704	-1420
4.40995979309	-1316
4.41001486778	-1368
4.41018199921	-1368
4.41409397125	543
4.417979002	-1420
4.41798591614	-1420
4.41802978516	-1264
4.41820597649	-1420
4.4182498455	-1420
4.41825199127	-1264
4.41953277588	-150
4.42734789848	-1420
4.42739987373	-1420
4.42740392685	-1264
4.43405389786	543
4.45010685921	-1420
4.45011997223	-1420
4.45017886162	-1264
4.45033097267	543
4.45078778267	-1420
4.45079278946	-1316
4.4508497715	-1368
4.45103478432	-1420
4.45107579231	-1316
4.45131397247	-1368
4.46362996101	-1420
4.46364188194	-1420
4.46370077133	-1264
4.47783493996	-1420
4.47788190842	-1316
4.47802090645	-1368
4.47825980186	1460
4.47830581665	111
4.47901988029	-1420
4.47902584076	-1420
4.47907781601	-1264
4.47928190231	-1420
4.47931480408	-1316
4.47944688797	-1368
4.47953295708	543
4.49188399315	-1420
4.49189281464	-1316
4.49195194244	-1368
4.49527788162	-1420
4.49530482292	-1420
4.49530792236	-1264
4.50147199631	1460
4.5015308857	111
4.50335979462	-1420
4.50336480141	-1420
4.50340795517	-1264
4.50471878052	-1420
4.50476193428	-1420
4.5047659874	-1264
4.51318287849	-1420
4.51319098473	-1420
4.51323580742	-1264
4.52146077156	543
4.5274939537	-1420
4.52750396729	-1420
4.52755379677	-1264
4.52795290947	-1368
4.52861189842	-1420
4.52861690521	-1316
4.5286989212	-1420
4.52870297432	-1316
4.52873182297	-1368
4.52881097794	543
4.53228282928	-1420
4.53230190277	-1420
4.5323369503	-1264
4.54398679733	-1122
4.5454018116	-1420
4.54540681839	-1316
4.54554486275	-1368
4.55256891251	-1420
4.55260777473	-1316
4.55261087418	-1368
4.55305695534	-1420
4.55306100845	-1316
4.55310893059	-1368
4.57005095482	-1420
4.57009792328	-1420
4.57010197639	-1264
4.57512497902	-1420
4.57514190674	-1316
4.57519698143	-1368
4.57616996765	-1368
4.57622981071	-1420
4.57623291016	-1316
4.57707691193	-1420
4.57708382607	-1316
4.57806992531	-1368
4.57853388786	-1368
4.57858300209	-1368
4.5787358284	-1368
4.5802989006	543
4.5917699337	-1420
4.59179592133	-1316
4.59185385704	-1368
4.59220600128	-1420
4.59222888947	-1316
4.59228277206	-1368
4.59238791466	543
4.59268689156	-1420
4.59269285202	-1420
4.59271478653	-1264
4.59279084206	543
4.6099088192	-1420
4.60992097855	-1420
4.60998082161	-1264
4.61795377731	-1420
4.6179997921	-1420
4.61800289154	-1264
4.61836385727	-1368
4.61875987053	-1420
4.6188018322	-1316
4.6190829277	-1420
4.61913490295	-1316
4.62055182457	-1368
4.63083791733	-1420
4.63084483147	-1420
4.63089489937	-1264
4.63352489471	-1420
4.63356494904	-1420
4.63356781006	-1264
4.64240098	-1368
4.64291977882	-1420
4.64296889305	-1316
4.6434469223	-1420
4.64347100258	-1316
4.64347290993	-1368
4.6451728344	-1420
4.64517879486	-1420
4.64522099495	-1264
4.64530682564	543
4.6623249054	-1320
4.66246294975	543
4.66454100609	-1420
4.66454696655	-1316
4.66469597816	-1368
4.66547179222	-1420
4.66552400589	-1316
4.66553592682	-1368
4.66589188576	-1420
4.66589593887	-1420
4.6659219265	-1264
4.67498087883	-1420
4.67502593994	-1316
4.67513585091	-1368
4.67546892166	-1420
4.67547178268	-1316
4.67551779747	-1368
4.67625594139	543
4.6886408329	-1420
4.68865394592	-1420
4.6887049675	-1420
4.68870687485	-1212
4.68874192238	-1420
4.68874382973	-1316
4.70070791245	-1420
4.70072293282	-1420
4.70077896118	-1264
4.70740485191	-1420
4.70745992661	-1420
4.70746278763	-1264
4.70808887482	-1420
4.70809388161	-1420
4.70813584328	-1264
4.70844078064	-1420
4.70847797394	-1420
4.70848083496	-1264
4.71048283577	543
4.71584677696	-1420
4.71586084366	-1420
4.71591591835	-1264
4.71626996994	543
4.72427678108	-1420
4.72430086136	-1420
4.72436189651	-1264
4.72436499596	-1368
4.7245759964	543
4.72808885574	-1420
4.72810292244	-1420
4.72813391685	-1420
4.7281358242	-1420
4.72815084457	-1160
4.74430680275	-1420
4.74437189102	-1420
4.74437594414	-1264
4.74463677406	543
4.74777984619	-1420
4.74778580666	-1420
4.74782896042	-1264
4.74811077118	-1368
4.74847984314	-1420
4.7484858036	-1316
4.74886584282	-1420
4.74887084961	-1420
4.74891281128	-1264
4.76280593872	-1420
4.7628698349	-1420
4.76287388802	-1264
4.76644396782	-1420
4.76644778252	-1420
4.7664937973	-1264
4.76649689674	-1368
4.76680898666	543
4.76945781708	-1420
4.76946377754	-1316
4.76960492134	-1368
4.770652771	-1420
4.77068591118	-1316
4.77096986771	-1368
4.78091788292	-1420
4.78092694283	-1316
4.78097677231	-1420
4.78097987175	-164
4.78968882561	-1420
4.78969597816	-1316
4.78981089592	-1368
4.79030990601	-1420
4.79036688805	-1316
4.79049491882	-1420
4.7905228138	-1316
4.79052495956	-1368
4.79067277908	-1368
4.79865980148	-1420
4.79873180389	-1420
4.79873490334	-1264
4.79892277718	543
4.79917287827	543
4.80782294273	-1368
4.80802178383	-1420
4.80806899071	-1316
4.80856490135	-1420
4.80860900879	-1420
4.80861186981	-1264
4.808770895	-1420
4.80877590179	-1316
4.80894589424	543
4.80904197693	-1368
4.809278965	-1420
4.8093187809	-1420
4.80932092667	-1264
4.81413578987	543
4.82507491112	-1420
4.82508778572	-1420
4.82513785362	-1264
4.82705879211	-1420
4.82708978653	-1316
4.82709288597	-1368
4.8278028965	-1420
4.8278157711	-1420
4.82785892487	-1264
4.83130383492	543
4.84594392776	-1420
4.84595489502	-1420
4.84600496292	-1264
4.84714698792	-1420
4.84718585014	-1420
4.84719085693	-1264
4.84818983078	-1368
4.84867882729	-1420
4.84870886803	-1316
4.84880185127	-1368
4.84889698029	-1368
4.84904384613	-1368
4.85151791573	543
4.85215091705	-1420
4.85215592384	-1420
4.85219478607	-1264
4.86306881905	-1368
4.86321377754	-1420
4.86321878433	-1316
4.86377692223	-1368
4.86559081078	-1420
4.86562299728	-1316
4.8661878109	-1420
4.86622595787	-1420
4.86622786522	-1264
4.86688899994	543
4.88432979584	-1420
4.8843460083	-1420
4.88440299034	-1264
4.88683891296	-1420
4.88687586784	-1420
4.88687777519	-1264
4.88707494736	543
4.88721895218	-1368
4.88911294937	-1420
4.88915896416	-1420
4.88916182518	-1264
4.88976478577	-1420
4.88976979256	-1316
4.88994598389	-1368
4.89206695557	-1420
4.89215278625	-1420
4.89215779305	-1264
4.89914679527	-216
4.90055894852	-1420
4.90062594414	-1316
4.90063786507	-1368
4.90564584732	543
4.90928483009	-1420
4.90929794312	-1420
4.90935087204	-1264
4.90984582901	-1368
4.90996289253	543
4.91000699997	-1368
4.91031289101	-1368
4.92756295204	1057
4.94817090034	1057
4.95219492912	543
4.96676087379	-1420
4.96677088737	-1316
4.96854186058	543
4.96973800659	-1368
4.97202181816	-1420
4.97206783295	-1316
4.97443199158	-1368
4.9745388031	543
4.9773209095	-1420
4.97732591629	-1420
4.97736597061	-1264
4.97880792618	-1420
4.97884583473	-1316
4.98190784454	-1368
4.98335886002	-1420
4.98336386681	-1316
4.98441386223	-1368
4.98449277878	543
4.98519182205	-1420
4.98519778252	-1316
4.985257864	-1368
4.98812484741	-1420
4.98816680908	-1420
4.9881708622	-1264
4.98897194862	-1420
4.98897790909	-1316
4.98982191086	-1368
4.99016594887	-1420
4.99019193649	-1316
4.99081397057	-1368
4.99124097824	-1420
4.99124693871	-1316
4.99172282219	-1368
4.99222588539	-1368
4.9929227829	-1420
4.99293494225	-1316
4.99342179298	-1420
4.99342679977	-1316
4.99440383911	-1368
4.99539089203	-1420
4.99541783333	-1316
4.99709486961	-1368
4.9981098175	-1420
4.99811577797	-1316
4.99820590019	-1368
4.99934196472	-1368
5.00023388863	-1420
5.00023984909	-1316
5.00039792061	-1368
5.00048494339	-1420
5.00050783157	-1316
5.00055098534	543
5.00113487244	-1420
5.00113987923	-1420
5.00116300583	-1264
5.01572299004	-1420
5.01579189301	-1420
5.01579499245	-1420
5.01583981514	-1212
5.01596188545	543
5.01688480377	-18
5.01890993118	-1420
5.01895999908	-1316
5.01896286011	-1368
5.01931595802	-1420
5.01932096481	-1316
5.01972985268	-1368
5.01980686188	543
5.02567386627	-1420
5.02568292618	-1316
5.02571988106	-1368
5.03725385666	-1420
5.03730583191	-1316
5.03730893135	-1368
5.03795790672	-1420
5.03796386719	-1420
5.03800487518	-1264
5.03821396828	-1420
5.03824687004	-1316
5.03874278069	-1368
5.04370188713	-1420
5.0437078476	-1316
5.04398083687	-1368
5.05612778664	-1420
5.05621194839	-1316
5.05621600151	-1368
5.05825781822	-1368
5.05849981308	-1368
5.05872392654	-1368
5.05873799324	-1368
5.05886793137	1057
5.05890679359	-1420
5.05890893936	-1316
5.06340479851	-1420
5.0634098053	-1420
5.06345391273	-1264
5.07880997658	-1420
5.07886195183	-1420
5.07886481285	-1264
5.07945680618	-1420
5.07946300507	-1420
5.07948493958	-1264
5.07973885536	-1420
5.07978987694	-1316
5.07979297638	-1368
5.08182883263	-1420
5.08183598518	-1420
5.08186888695	-1264
5.09648990631	-1420
5.09654378891	-1420
5.09654784203	-1264
5.09670090675	543
5.09974098206	-1368
5.10023093224	-1420
5.10027384758	-1316
5.10038280487	-1420
5.10042285919	-1420
5.10042500496	-1264
5.10081386566	-1420
5.10081887245	-1316
5.12126684189	-1368
5.12127399445	-1420
5.12132096291	-1420
5.12132287025	-1264
5.12301492691	-1368
5.12311077118	543
5.12398195267	-1420
5.12398600578	-1420
5.12400889397	-1264
5.12469983101	-1420
5.12474584579	-1316
5.12595582008	-1368
5.13215780258	543
5.13340377808	-84
5.13810491562	-1420
5.13814091682	-1316
5.13907599449	-1368
5.13960695267	-1420
5.13961291313	-1316
5.13989400864	-1368
5.14187788963	-1420
5.14191389084	-1316
5.14199900627	-1368
5.14217400551	-1420
5.14217782021	-1316
5.14239096642	-1368
5.15131783485	543
5.15629696846	-1420
5.15630292892	-1316
5.15660691261	-1368
5.166492939	-1420
5.16653680801	-1420
5.16654086113	-1264
5.16730880737	-1420
5.16731500626	-1420
5.16739296913	-1264
5.16740489006	-1420
5.1674478054	-1316
5.16752290726	-1368
5.17887187004	-1420
5.17887997627	-1420
5.17892694473	-1264
5.18464994431	-1420
5.18469381332	-1420
5.18469691277	-1264
5.1928768158	-1420
5.19288396835	-1316
5.19293785095	-1368
5.19326281548	-1420
5.1933028698	-1316
5.19347000122	-1368
5.20227384567	-1420
5.20228099823	-1420
5.20232582092	-1264
5.20240497589	543
5.21573281288	-1420
5.21574378014	-1420
5.21579885483	-1264
5.21680593491	-1368
5.21699380875	543
5.21753096581	-1420
5.21753692627	-1316
5.21804285049	-1420
5.21804881096	-1316
5.21809697151	-1368
5.21935391426	-1420
5.21938991547	-1420
5.21939182281	-1264
5.2194788456	543
5.22033381462	-1420
5.22033977509	-1316
5.22107887268	-1368
5.22108197212	-1368
5.23931789398	-1420
5.23933386803	-1316
5.23952078819	-1420
5.23952484131	-1420
5.23957180977	-1264
5.25485897064	-1320
5.25752091408	-1420
5.25752592087	-1316
5.25766992569	-1368
5.25925898552	-1420
5.25929880142	-1316
5.25948786736	-1368
5.26633000374	-1420
5.26634693146	-1420
5.26640081406	-1264
5.2664039135	-1420
5.2664399147	-1316
5.26657986641	-1368
5.27667379379	543
5.27702283859	-1420
5.27702999115	-1316
5.2770819664	-1368
5.27716588974	543
5.28909897804	-1420
5.28911399841	-1316
5.29053688049	-1368
5.29082894325	-1420
5.29095578194	-1420
5.29095983505	-1420
5.29101896286	-1212
5.29102182388	-1368
5.29107499123	-1368
5.29522490501	-1420
5.29528880119	-1420
5.29529380798	-1264
5.30166578293	-1420
5.30167078972	-1420
5.30171298981	-1264
5.31105279922	-1420
5.31110882759	-1420
5.31111288071	-1264
5.31126785278	-1420
5.3112719059	-1420
5.31130981445	-1264
5.31367182732	543
5.3139128685	543
5.3190369606	-1420
5.3190407753	-1420
5.31908082962	-1264
5.33488178253	-1420
5.3349378109	-1420
5.33494186401	-1264
5.33505797386	543
5.33546090126	-1368
5.33607792854	-1420
5.33612298965	-1316
5.33644890785	-1420
5.33649086952	-1316
5.33886480331	-1368
5.34168386459	-1420
5.34168982506	-1420
5.3417339325	-1264
5.3520758152	-1420
5.35212898254	-1420
5.35213279724	-1264
5.35228681564	543
5.35234189034	-1368
5.35803580284	-1420
5.35807681084	-1316
5.35817980766	-1368
5.35829281807	-1420
5.35829591751	-1316
5.37428879738	-1320
5.37442684174	543
5.37736487389	-1420
5.37738180161	-1316
5.37772893906	-1368
5.3830678463	-1420
5.38310599327	-1316
5.38352799416	-1368
5.3852930069	-1420
5.38529777527	-1316
5.38556790352	-1368
5.38557195663	-1420
5.38560986519	-1316
5.38568782806	-1368
5.39285778999	-1420
5.39286398888	-1316
5.3929669857	-1368
5.40026092529	-1368
5.40030193329	-1368
5.40040278435	-1368
5.40050888062	543
5.40788578987	-1420
5.40789198875	-1420
5.40793585777	-1264
5.40808987617	-1420
5.40811181068	-1316
5.40816998482	-1368
5.42205381393	543
5.42583394051	-1420
5.4258389473	-1420
5.42588090897	-1264
5.43501377106	-1420
5.43507099152	-1420
5.43507480621	-1264
5.44271993637	-1368
5.4427819252	-1420
5.44283795357	-1316
5.44284081459	-1420
5.44287490845	-1420
5.4428768158	-1264
5.4434068203	-1420
5.44340991974	-1316
5.44347286224	-1368
5.45126485825	543
5.4514939785	543
5.46943283081	-1420
5.46944093704	-1316
5.46966600418	-1368
5.46994996071	-1420
5.46998882294	-1420
5.47000098228	-1264
5.47004199028	-1420
5.47004389763	-1316
5.47008800507	-1368
5.47520685196	-1420
5.47524785995	-1420
5.4752509594	-1264
5.47615194321	-1420
5.47615480423	-1420
5.47615599632	-1264
5.48320889473	543
5.48397183418	543
5.48611497879	-1368
5.49156785011	-363
5.49450683594	-1420
5.49451184273	-1316
5.49456477165	-1420
5.49456787109	-1316
5.49466085434	-1368
5.51039481163	-1420
5.51045584679	-1420
5.51046085358	-1264
5.5106408596	543
5.51598787308	543
5.51635980606	-1420
5.5163629055	-1420
5.51639389992	-1264
5.51645588875	543
5.51897597313	-1368
5.51947498322	-1420
5.51952385902	-1316
5.51967978477	-1420
5.51971793175	-1316
5.51985383034	-1368
5.52120399475	543
5.5286989212	-1420
5.52870392799	-1420
5.52874398232	-1264
5.54520487785	-1420
5.54526495934	-1420
5.54526877403	-1264
5.54540491104	-1368
5.54554486275	543
5.54565191269	543
5.54602384567	-1420
5.54602789879	-1316
5.54610681534	-1368
5.54619383812	1057
5.54634690285	-1420
5.54635000229	-1316
5.54646492004	-1368
5.55773496628	-1420
5.55779695511	-1316
5.55779981613	-1368
5.55794978142	543
5.56414699554	-1420
5.56415295601	-1316
5.56477689743	-1368
5.57044291496	-1420
5.57051491737	-1420
5.5705177784	-1420
5.57056379318	-1212
5.57056689262	-1368
5.57060885429	-1368
5.57411980629	543
5.58468079567	543
5.58646893501	543
5.58765697479	-1420
5.58766293526	-1420
5.5877058506	-1264
5.59668397903	-1420
5.5967259407	-1420
5.59672999382	-1264
5.60354995728	-1420
5.60356593132	-1316
5.60360884666	-1368
5.60687685013	-1420
5.60690188408	-1316
5.60701680183	543
5.60817599297	-956
5.60824394226	543
5.62000393867	-1420
5.62000799179	-1316
5.64045095444	-1420
5.6404747963	-1420
5.64052987099	-1264
5.64053297043	-1420
5.64056897163	-1420
5.64057087898	-1264
5.64883995056	-1420
5.64885592461	-1420
5.64890789986	-1264
5.64890980721	-1420
5.64894795418	-1420
5.6489508152	-1264
5.65743279457	-1368
5.68181490898	-1420
5.68187785149	-1316
5.6936788559	-1368
5.69372177124	-1368
5.69884395599	-1420
5.69888782501	-1316
5.70195698738	-543
5.71128988266	543
5.71920895576	-1368
5.71957993507	-1420
5.71963000298	-1420
5.719632864	-1264
5.71986985207	-1420
5.71987485886	-1420
5.71991300583	-1264
5.7208468914	-1420
5.72089099884	-1420
5.72089385986	-1264
5.72148180008	-1420
5.7214858532	-1420
5.7215218544	-1264
5.73681783676	-871
5.73887991905	543
5.76361894608	-1420
5.76363682747	-1420
5.76370000839	-1264
5.76474499702	-1368
5.76503491402	543
5.76554489136	543
5.82805800438	-1420
5.82807183266	-1316
5.82812285423	-1368
5.82825183868	543
5.82936191559	-1420
5.82936692238	-1420
5.82940888405	-1264
5.83821177483	-543
5.84532785416	-1420
5.84537100792	-1316
5.85287284851	-1420
5.85291981697	-1420
5.85292387009	-1264
5.85306692123	-1420
5.85306978226	-1316
5.8532037735	-1368
5.86347579956	-1420
5.8635289669	-1420
5.86353182793	-1264
5.88022279739	-404
5.88744783401	-1420
5.88750290871	-1316
5.96664977074	-1368
5.97133684158	543
5.97683095932	-1420
5.97683882713	-1420
5.97688388824	-1264
5.97856998444	-1420
5.97861194611	-1316
5.9803519249	-1368
5.99092292786	-1420
5.99093389511	-1316
5.99132394791	-1368
5.99168395996	-1420
5.99173092842	-1316
5.99187088013	-1368
5.99740481377	-1420
5.99741077423	-1420
5.9974489212	-1264
5.997579813	-1420
5.99760985374	-1316
5.99768185616	-1368
5.99785900116	543
6.00417089462	-433
6.01118588448	543
6.0143558979	-1420
6.01435995102	-1316
6.01442480087	-1368
6.02093696594	-1420
6.02097797394	-1316
6.02149677277	-1368
6.02278995514	-1420
6.02280187607	-1420
6.02283787727	-1264
6.02411699295	-1420
6.02415585518	-1420
6.02415895462	-1264
6.03873682022	-1420
6.03875684738	-1316
6.04005694389	-1368
6.08796596527	-1420
6.0879919529	-1316
6.08804798126	-1368
6.088752985	-1420
6.08880877495	-1420
6.08881187439	-1264
6.08922982216	-1420
6.08923387527	-1316
6.08977890015	-1368
6.0900118351	-1420
6.09007883072	-1316
6.09009099007	-1368
6.09080886841	-1420
6.0908138752	-1420
6.09081578255	-1264
6.09141993523	-1368
6.09160089493	-1420
6.09160590172	-1316
6.09304189682	543
6.09567594528	-1420
6.09568285942	-1420
6.09571695328	-1264
6.09843397141	-1420
6.098487854	-1316
6.09849190712	-1368
6.09892678261	543
6.11400485039	-1420
6.11401796341	-1420
6.11405277252	-1264
6.12224698067	-381
6.12248778343	543
6.12266778946	1057
6.12324786186	-1420
6.12325382233	-1316
6.12396788597	-1420
6.12397193909	-1316
6.12401485443	-1368
6.12407493591	-1420
6.12410283089	-1316
6.12854599953	-1420
6.12859177589	-1420
6.12859487534	-1264
6.12873077393	-1368
6.13138985634	-1420
6.13142895699	-1316
6.13150787354	-1368
6.18699288368	-1420
6.18701100349	-1316
6.24039793015	-504
6.24735784531	543
6.25523495674	-1420
6.25524282455	-1316
6.25538778305	-1420
6.25539183617	-1420
6.25542998314	-1264
6.25675487518	-1420
6.25680184364	-1316
6.25680494308	-1368
6.25757098198	-1420
6.25757694244	-1420
6.25761699677	-1264
6.27256178856	-1368
6.29831695557	-1420
6.2983288765	-1316
6.29955482483	-1420
6.29956078529	-1420
6.29960298538	-1264
6.30161690712	543
6.30748295784	-1420
6.30748987198	-1316
6.30787086487	-1420
6.30787491798	-1316
6.30793380737	-1368
6.31421899796	543
6.32589483261	-1420
6.32590985298	-1420
6.32596492767	-1264
6.33650898933	-1420
6.33656191826	-1420
6.33656477928	-1264
6.33720684052	-1368
6.33773589134	-1420
6.33777785301	-1316
6.33956480026	-1420
6.33960390091	-1420
6.33960580826	-1264
6.33992099762	-1368
6.35488891602	-1368
6.35731577873	-734
6.37310099602	543
6.37366485596	543
6.41938591003	-1420
6.41940498352	-1316
6.47220683098	-1368
6.47388482094	-66
6.50343394279	543
6.51732087135	-1420
6.51732778549	-1316
6.51775979996	-1420
6.51776480675	-1420
6.51781392097	-1264
6.51857686043	-1420
6.51861596107	-1420
6.5186188221	-1264
6.51913881302	-1420
6.51914286613	-1420
6.51918196678	-1264
6.5336728096	-1368
6.53385996819	543
6.54640197754	-1420
6.5464258194	-1316
6.54663181305	-1420
6.54663491249	-1420
6.54667282104	-1264
6.5610640049	-1420
6.56111884117	-1316
6.56112384796	-1368
6.56212687492	-1420
6.56212997437	-1420
6.56216788292	-1264
6.56286382675	-1368
6.57135891914	543
6.57172179222	-1420
6.5717279911	-1420
6.57180380821	-1264
6.57237386703	-1420
6.57239794731	-1316
6.57251977921	-1368
6.57263183594	543
6.59119296074	-117
6.59382677078	-1420
6.59388494492	-1316
6.59497785568	-1368
6.60115480423	-1420
6.60115981102	-1316
6.60120797157	-1368
6.6017138958	-1420
6.601749897	-1316
6.6018037796	-1368
6.60213494301	-1420
6.60213780403	-1316
6.60241699219	-1368
6.6025698185	-1420
6.6026198864	-1316
6.60268092155	-1368
6.61434292793	-1420
6.61435484886	-1316
6.61440682411	-1368
6.62856793404	-1420
6.6286649704	-1420
6.62866997719	-1264
6.62870788574	-1420
6.62870979309	-1316
6.62875080109	-1368
6.62896800041	1057
6.63183999062	-1420
6.63185381889	-1420
6.63189482689	-1264
6.65526199341	-1420
6.65531778336	-1420
6.65532183647	-1264
6.65615987778	-1420
6.65616393089	-1420
6.65620088577	-1264
6.65643382072	-1420
6.6564719677	-1420
6.65647387505	-1264
6.66132879257	543
6.67282581329	-1420
6.67283177376	-1420
6.67287397385	-1264
6.68338298798	-1420
6.68344593048	-1316
6.68345785141	-1368
6.68389391899	-1368
6.68414497375	-1420
6.68416881561	-1316
6.69720196724	-1368
6.69735479355	-1420
6.69736790657	-1316
6.70302796364	-1420
6.70304489136	-1420
6.70307278633	-1264
6.70797491074	-579
6.71165800095	-1420
6.71166181564	-1316
6.71235990524	1057
6.71862483025	-1420
6.71863079071	-1420
6.7186729908	-1264
6.75016999245	-1420
6.75023889542	-1420
6.75024294853	-1264
6.7633869648	543
6.76840686798	-1368
6.76920795441	543
6.80133390427	1460
6.80141377449	111
6.80161786079	543
6.8018758297	543
6.8023378849	543
6.82479000092	-712
6.84412097931	543
7.05599689484	-543
7.05619692802	543
7.0871219635	-1420
7.08714580536	-1316
7.08721590042	-1420
7.08721899986	-1316
7.08733177185	-1368
7.08748483658	1460
7.08752799034	111
7.10097384453	-1420
7.10098290443	-1420
7.10103082657	-1264
7.12742900848	-1420
7.1274960041	-1420
7.1274998188	-1264
7.12765479088	-1368
7.12805581093	-1420
7.1280939579	-1316
7.12826991081	-1420
7.12829780579	-1420
7.12829995155	-1264
7.12874484062	-1420
7.12874794006	-1316
7.12879180908	-1368
7.13422989845	543
7.14497089386	-1420
7.14498400688	-1316
7.20395684242	-1150
7.22897100449	-1420
7.22901988029	-1316
7.29179477692	543
7.30825686455	-1368
7.32069897652	-66
7.32092881203	543
7.33573079109	543
7.35757899284	-1420
7.35759496689	-1420
7.35765099525	-1420
7.35765385628	-1420
7.35768890381	-1160
7.35822486877	-1420
7.35826396942	-1420
7.35826587677	-1264
7.35891890526	-1420
7.3589220047	-1420
7.35896086693	-1264
7.36058092117	543
7.3746509552	-1368
7.38122582436	543
7.38498687744	-1420
7.38500189781	-1420
7.38504600525	-1264
7.38504886627	-1420
7.3850839138	-1316
7.40282583237	-1420
7.40288186073	-1420
7.40288496017	-1264
7.40761399269	-1420
7.40761780739	-1420
7.4076628685	-1264
7.40838193893	-1368
7.40848994255	543
7.40909290314	-1420
7.40909695625	-1420
7.40913581848	-1264
7.40953397751	-1420
7.40959000587	-1316
7.40980100632	-1368
7.42482590675	-1420
7.42483377457	-1420
7.42487597466	-1264
7.42574691772	-1420
7.42579078674	-1316
7.42634391785	-1368
7.43724179268	-249
7.43981981277	-1420
7.43987298012	-1316
7.4400908947	-1420
7.44013381004	-1420
7.44013690948	-1264
7.4406747818	-1368
7.44081687927	-1420
7.44085884094	-1316
7.44311189651	-1420
7.44315385818	-1420
7.44315600395	-1264
7.46609783173	-1368
7.46723198891	-1420
7.46730279922	-1420
7.46730589867	-1264
7.46735191345	-1420
7.4673538208	-1316
7.46771597862	-1368
7.468323946	-1420
7.46835279465	-1316
7.468572855	543
7.48345685005	-1368
7.48767185211	543
7.49361300468	-1420
7.49363780022	-1316
7.49368286133	-1368
7.49482989311	-1420
7.49487781525	-1420
7.49488091469	-1264
7.4951210022	-1420
7.49512386322	-1420
7.4951608181	-1264
7.49599480629	-1420
7.49605298042	-1420
7.49605584145	-1264
7.4977388382	543
7.51019287109	-1420
7.51020383835	-1420
7.5102558136	-1264
7.5191078186	-1420
7.51918888092	-1420
7.51919198036	-1420
7.51926183701	-1212
7.51927399635	-1368
7.51930880547	-1368
7.52840185165	-1420
7.52845191956	-1420
7.52845692635	-1264
7.5434679985	-1368
7.54364180565	-1420
7.54368782043	-1316
7.54475688934	-1368
7.54581594467	-1368
7.54595184326	-1368
7.54637289047	-1420
7.54637598991	-1316
7.54642391205	-1368
7.55080890656	-1420
7.55082988739	-1420
7.55083298683	-1264
7.55099487305	1057
7.55436897278	-1254
7.56020092964	-1420
7.56024694443	-1316
7.56037092209	-1368
7.57070279121	-1420
7.57071089745	-1420
7.57075977325	-1264
7.57084488869	-1420
7.57089090347	-1316
7.57114577293	-1368
7.57563996315	543
7.5894138813	-1420
7.589427948	-1420
7.58947992325	-1264
7.59030580521	-1420
7.59035992622	-1316
7.59036278725	-1368
7.59605693817	543
7.6007437706	-1420
7.60074877739	-1420
7.60079884529	-1264
7.60080099106	-1420
7.60083580017	-1316
7.600897789	-1368
7.60675883293	-1420
7.6067647934	-1316
7.60683488846	-1368
7.61424684525	543
7.614538908	543
7.6226708889	-1420
7.62267684937	-1420
7.62272000313	-1264
7.62338685989	-1420
7.62342596054	-1420
7.62342786789	-1264
7.62371683121	-1420
7.62371993065	-1420
7.62376284599	-1264
7.63378691673	-1420
7.63383388519	-1420
7.63383889198	-1264
7.63415980339	543
7.63448691368	-1420
7.63449287415	-1316
7.63461089134	543
7.6346487999	-1368
7.64600491524	-1368
7.64645385742	-1420
7.64645981789	-1316
7.64655089378	-1420
7.64655280113	-1316
7.64660000801	-1368
7.65125489235	-1420
7.65131378174	-1420
7.65131878853	-1264
7.66827988625	-1420
7.66829395294	-1420
7.66834688187	-1264
7.66856598854	-1368
7.66911387444	-1420
7.66911792755	-1316
7.66928696632	-1420
7.66928982735	-1316
7.66936588287	-1368
7.67139577866	-1254
7.67221188545	543
7.67455291748	-1420
7.67455792427	-1420
7.67459988594	-1264
7.68507885933	-1420
7.68511795998	-1316
7.6865978241	-1368
7.69100689888	-1420
7.69102096558	-1316
7.69107985497	-1368
7.69142699242	-1420
7.69146585464	-1316
7.69181799889	-1368
7.69860386848	543
7.70289087296	-1420
7.70289587975	-1420
7.70293879509	-1264
7.71303486824	-1420
7.71308088303	-1316
7.71308493614	-1368
7.71344399452	-1420
7.71344685555	-1420
7.71348500252	-1264
7.71368694305	-1420
7.71372294426	-1316
7.71378087997	-1368
7.71502494812	-1420
7.71502900124	-1316
7.72129178047	-1368
7.72142481804	543
7.73055887222	-1420
7.73057699203	-1420
7.7306368351	-1264
7.73863387108	-1420
7.73873281479	-1420
7.73873591423	-1264
7.73877692223	-1420
7.73877978325	-1420
7.73881483078	-1264
7.75073099136	-1420
7.75078082085	-1420
7.75078582764	-1264
7.75623893738	-1420
7.75624299049	-1316
7.7562918663	-1368
7.75712895393	-1368
7.7572658062	-1420
7.75726890564	-1316
7.75828099251	-1420
7.75828385353	-1420
7.7582859993	-1264
7.76130199432	543
7.76809382439	-1420
7.76810288429	-1420
7.76815080643	-1264
7.77617478371	543
7.77684497833	543
7.77965378761	-1420
7.7796599865	-1420
7.77970194817	-1264
7.78017282486	-1368
7.78055787086	-1420
7.78056979179	-1316
7.78082299232	-1420
7.78082585335	-1420
7.78086185455	-1264
7.78451490402	543
7.78470778465	543
7.78810191154	-1320
7.78877091408	-1420
7.7888147831	-1316
7.78943681717	-1368
7.81001996994	-1368
7.90496277809	-783
7.91403985023	543
7.9143538475	543
7.96916079521	-1368
8.03120279312	-203
8.05208683014	-1420
8.05210280418	-1420
8.05215787888	-1264
8.05262589455	-1420
8.05263185501	-1316
8.05275392532	-1368
8.06979680061	-1420
8.06980800629	-1420
8.06985592842	-1264
8.07202386856	-1420
8.07202982903	-1420
8.07206892967	-1264
8.07220697403	543
8.07759594917	-1420
8.07760095596	-1316
8.07764983177	-1368
8.07794690132	-1420
8.07798480988	-1420
8.07798790932	-1264
8.08725190163	-1368
8.08738589287	-1420
8.08743095398	-1316
8.08919692039	543
8.11378979683	-1420
8.11380577087	-1316
8.14795184135	-839
8.17146086693	543
8.20048499107	-1420
8.20049881935	-1420
8.20055294037	-1264
8.21836280823	-1420
8.21841883659	-1420
8.21842288971	-1264
8.24185180664	-1368
8.24207496643	-1368
8.26069998741	-1368
8.2648499012	-1255
8.30960798264	-1368
8.38251399994	-1231
8.43137598038	543
8.49935698509	-1086
8.51709890366	-1420
8.51711583138	-1316
8.51715898514	-1420
8.51716089249	-1316
8.51726698875	-1368
8.53363800049	-1420
8.53365278244	-1316
8.53370594978	-1368
8.54288887978	-1420
8.54290890694	-1420
8.54296994209	-1264
8.54297280312	-1368
8.55241894722	-1420
8.55242800713	-1316
8.55758094788	-1420
8.55758881569	-1420
8.55764293671	-1264
8.57474994659	-1368
8.61604785919	-396
8.61660599709	543
8.63130784035	543
8.68160581589	-1420
8.6816239357	-1316
8.68245482445	-1420
8.68245792389	-1316
8.68259000778	-1368
8.6836078167	-1420
8.68364477158	-1420
8.68364787102	-1264
8.68435788155	-1368
8.68458294868	-1420
8.68463182449	-1316
8.68469786644	543
8.69773793221	-1368
8.69856882095	-1420
8.6986219883	-1316
8.73285293579	-1155
8.7385327816	-1420
8.73854494095	-1316
8.75821685791	-1368
8.75823378563	-1368
8.7712829113	543
8.77590799332	-1420
8.77591490746	-1420
8.77596783638	-1264
8.83156991005	-1368
8.85558795929	-1023
8.97249293327	-1057
8.98178482056	-1368
9.06468081474	-1368
9.07000684738	543
9.09848499298	-406
9.18233084679	543
9.21457886696	543
9.77535390854	-543
9.78132081032	543
9.89224791527	-543
9.89244890213	1057
10.0563468933	543
10.2752079964	-1420
10.2752268314	-1420
10.2752838135	-787
10.3909549713	-1420
10.3910238743	-1420
10.3910667896	-1264
10.3915379047	-1420
10.3915607929	-1316
10.3916809559	-1420
10.3917078972	-80
10.3923358917	543
10.3935790062	543
10.4086728096	-1420
10.4086887836	-1420
10.4087429047	-1264
10.4321939945	-1420
10.432243824	-1316
10.4324729443	-1368
10.4325947762	543
10.4335198402	-1420
10.4335258007	-1420
10.4335680008	-1264
10.4335699081	-1420
10.4336149693	-1316
10.4337120056	543
10.507652998	-1420
10.5076808929	-1420
10.5077438354	-1264
10.5077469349	-1420
10.5077888966	-1420
10.507791996	-1264
10.5082929134	-1420
10.5082979202	-1420
10.5083458424	-1264
10.5083479881	-1368
10.508466959	-1420
10.50846982	-1316
10.5084989071	-1368
10.5086438656	543
10.5087378025	-1368
10.5256438255	-1420
10.5256998539	-1420
10.5257048607	-1420
10.5257217884	-1212
10.5257239342	-1420
10.5257468224	-1316
10.5492157936	-1420
10.5492818356	-1420
10.5492868423	-1420
10.549328804	-1212
10.5502538681	-1420
10.550306797	-1316
10.5503468513	-1420
10.550372839	-1316
10.5504739285	-1420
10.5505108833	-1316
10.5505747795	-1420
10.5506207943	-1415
10.5507628918	543
10.5573818684	-1420
10.5573899746	-1316
10.624450922	-1368
10.6271789074	543
10.6671009064	-66
10.7566728592	-1368
10.7839899063	-1231
10.7941908836	543
10.9006388187	-543
10.9014558792	1057
11.1660478115	-543
11.1662428379	1057
11.42293787	-1420
11.4229660034	-151
11.4474899769	-543
11.6574349403	-543
11.6606669426	543
11.7180478573	-543
12.1150557995	-543
12.1212878227	543
12.6503298283	-1057
12.6636278629	543
12.992153883	-543
12.9926679134	543
13.3405358791	-1420
13.3405528069	-151
13.3430519104	543
13.5943098068	543
13.6969368458	-1420
13.6969578266	-151
13.6993498802	543
14.2148308754	-543
14.237831831	543
14.3174388409	543
14.3634729385	-543
14.4114089012	543
14.4119877815	543
14.4621388912	543
14.4712438583	543
14.4715988636	543
14.4720048904	543
14.5325160027	-543
14.5327057838	543
14.5962507725	543
14.682446003	-1420
14.6824629307	-1316
14.6887438297	-891
14.6994569302	-1368
14.8057308197	-203
14.9224770069	-1086
14.9227337837	543
14.9228758812	543
15.034665823	-1368
15.034870863	543
15.0350289345	1057
15.0391049385	-261
15.0423998833	543
15.2460858822	-1420
15.246104002	-1420
15.2461669445	-787
15.2520399094	543
15.2917017937	543
15.3626708984	-543
15.3684709072	-1368
15.3778879642	543
15.4687278271	-1420
15.4687438011	-1316
15.4741389751	543
15.4851579666	-1094
15.514346838	543
15.5313308239	543
15.5675230026	-1368
15.5725297928	543
15.6217107773	543
15.6419119835	-775
15.6421079636	543
15.6422448158	543
15.7592229843	-543
15.7611548901	1057
15.8758587837	-543
15.8806228638	543
15.9927349091	-543
15.9929778576	543
16.0303468704	-1368
16.0413148403	543
16.105992794	-1368
16.1098527908	-978
16.1589338779	1057
16.2515208721	-1420
16.2515368462	-665
16.2690939903	-543
16.3682918549	-543
16.371147871	543
16.4015779495	543
16.4712779522	543
16.488216877	-1057
16.4976849556	-1368
16.4977529049	-1368
16.5158469677	-1368
16.5221478939	543
16.5831508636	-1420
16.5831699371	-1420
16.5832309723	-1264
16.5835878849	-1420
16.5836389065	-1316
16.5842139721	-1368
16.5896849632	543
16.6052019596	-1420
16.6052269936	-1316
16.6083638668	543
16.6145999432	-1420
16.6146178246	-1420
16.6146748066	-334
16.6548819542	543
16.6660578251	-1368
16.706745863	-1420
16.7067739964	-1420
16.7068369389	-1264
16.7068397999	-1420
16.7068748474	-1316
16.7070169449	-1368
16.7071969509	543
16.7240757942	-1420
16.7241008282	-1316
16.7243659496	-1368
16.7269690037	-1420
16.7270078659	-1316
16.7273237705	-1368
16.7313289642	-1010
16.742525816	-1420
16.7425899506	-1316
16.7477898598	-1420
16.747841835	-1420
16.7478449345	-1264
16.7494909763	-1420
16.7494959831	-1420
16.749535799	-1264
16.7507469654	-1420
16.7507808208	-1316
16.7509949207	-1368
16.7541658878	543
16.8230018616	-1420
16.8230288029	-1316
16.8233189583	-1420
16.823322773	-1420
16.8233909607	-1420
16.8234019279	-1212
16.8234438896	-1420
16.823445797	-1420
16.8235337734	-1264
16.8235359192	-1420
16.8235697746	-1420
16.8235719204	-1264
16.8243198395	-1420
16.8243257999	-1316
16.8410208225	-1420
16.8410358429	-1420
16.8410899639	-1420
16.8410928249	-1212
16.8412590027	1057
16.8435678482	-1420
16.843572855	-1420
16.843695879	-1264
16.8436989784	-1368
16.8439970016	-1420
16.8440020084	-1316
16.848279953	-1420
16.8482937813	-1420
16.8483538628	-1420
16.8483560085	-1212
16.8593149185	-1420
16.8593299389	-1420
16.8593869209	-1420
16.859389782	-1212
16.8645107746	-1420
16.8645157814	-1420
16.8646218777	-1264
16.864623785	-1420
16.8646669388	-1420
16.8646688461	-1264
16.8647978306	543
16.8664138317	-1420
16.8664197922	-1316
16.8665599823	-1420
16.866563797	-1420
16.8666028976	-1264
16.866604805	-645
16.8692438602	-1420
16.8692498207	-1316
16.8703489304	-1368
16.870661974	-1368
16.9082419872	-1420
16.9082608223	-1316
16.9398818016	-1420
16.9398977757	-1420
16.9399647713	-1264
16.9399678707	-1368
16.9401137829	-1368
16.9402329922	-1368
16.9403598309	-1420
16.9403719902	-1420
16.9404079914	-1264
16.9404098988	-1420
16.9404449463	-1420
16.9404478073	-1264
16.9405128956	-1420
16.940515995	-1420
16.9405169487	-1264
16.940568924	-1420
16.9405708313	-1316
16.9406409264	-1420
16.9407668114	-1316
16.9407708645	-1420
16.9407718182	-1420
16.9407727718	-1264
16.9408149719	1057
16.9409179688	-1420
16.9409208298	-1316
16.9409899712	-1420
16.9409918785	-1316
16.9411058426	-1420
16.941108942	-1316
16.9413948059	543
16.9416058064	543
16.9578998089	-1420
16.9579248428	-1316
16.9740920067	-1420
16.9741098881	-1420
16.9741637707	-1264
16.9849398136	-1420
16.9849948883	-1420
16.9849989414	-1264
16.9858298302	-381
16.9944210052	-1420
16.9944767952	-1420
16.9944808483	-1264
17.0601978302	-1420
17.0602149963	-1316
17.0617408752	1460
17.0617909431	111
17.0827248096	-1420
17.0827419758	-1420
17.0827989578	-1264
17.1110367775	-53
17.1112499237	543
17.1229817867	-1368
17.239636898	-717
17.2500708103	543
17.4194259644	-1420
17.4194378853	-1420
17.419495821	-787
17.4369199276	-1420
17.4369869232	-1316
17.4369909763	-1368
17.4600319862	-1420
17.4600458145	-1316
17.4602298737	-1368
17.4606509209	-1368
17.4713180065	543
17.4728238583	-1420
17.472840786	-1316
17.4728929996	-1368
17.4732937813	1057
17.4733428955	-1368
17.4928748608	543
17.5359499454	-575
17.5422959328	543
17.5542140007	543
17.676183939	543
17.692691803	-543
17.6928679943	543
17.8204538822	-1057
17.8415768147	543
17.8969318867	-1420
17.8969528675	-1316
17.8970088959	-1420
17.897012949	-1316
17.8993418217	-1368
17.8993577957	-1420
17.89939785	-1316
17.8994009495	-1368
17.8994269371	-1420
17.8994319439	-1316
17.8994469643	-1368
17.904129982	543
17.9135289192	-1368
17.93708992	-264
17.9720540047	-1420
17.9720699787	-1316
17.9775648117	-1420
17.9775698185	-1316
17.9776358604	-1368
17.9841828346	-1420
17.9842288494	-1420
17.9842319489	-1264
17.9896478653	-1420
17.9896559715	-1420
17.9896988869	-1264
17.9921867847	-1368
17.9923238754	543
17.9925069809	543
17.9936618805	-1420
17.9936659336	-1316
17.9942548275	-1420
17.9942588806	-1316
17.9943358898	-1368
17.9958088398	-1420
17.9958508015	-1420
17.9958529472	-1264
17.997497797	-1420
17.9975039959	-1316
17.9976518154	-1368
17.9993178844	-1368
18.0002779961	-1420
18.0002918243	-1420
18.0003328323	-1264
18.0007410049	-1420
18.0007817745	-1316
18.0017948151	-1368
18.0028939247	-1420
18.0028998852	-1316
18.0039179325	-1368
18.0043017864	543
18.0063858032	-1420
18.0063970089	-1316
18.0077309608	-1368
18.0151648521	-1420
18.015226841	-1420
18.0152308941	-1264
18.0260519981	-1420
18.0260667801	-1316
18.0262548923	-1368
18.0337297916	-1420
18.0337638855	-1316
18.0344948769	-1368
18.0474119186	-1420
18.0474188328	-1316
18.0474879742	-1368
18.0476119518	543
18.0538728237	-513
18.0655248165	-1420
18.065584898	-1316
18.1105058193	-1420
18.1105258465	-1420
18.1105799675	-1264
18.110916853	-1420
18.1109578609	-1316
18.1122009754	543
18.1123387814	-1368
18.1128678322	-1420
18.1129028797	-1316
18.1130018234	-1368
18.1214997768	-1368
18.121516943	-1420
18.1215629578	-1316
18.1351897717	-1420
18.1352388859	-1420
18.1352419853	-1264
18.1412849426	543
18.142318964	543
18.14306283	543
18.1481688023	-1420
18.1481738091	-1420
18.148214817	-1264
18.1509289742	-1420
18.1509799957	-1316
18.1509828568	-1368
18.1655638218	-1368
18.1705029011	-14
18.219285965	-543
18.2348949909	-1420
18.2349088192	-1316
18.2873728275	-891
18.3212909698	543
18.3216660023	543
18.4385838509	-1086
18.4387907982	543
18.438931942	543
18.5687248707	-543
18.5689167976	543
18.5877490044	-1420
18.5877637863	-1316
18.5879538059	-1368
18.5880367756	-1368
18.5881969929	-1368
18.6066379547	-1420
18.6067008972	-1420
18.606705904	-1264
18.6070439816	-1420
18.6070477962	-1420
18.6070950031	-1264
18.6080629826	-1368
18.6081719398	543
18.6086788177	-1420
18.6086838245	-1316
18.6240739822	-1420
18.6240918636	-1420
18.6241509914	-1264
18.6275558472	-1368
18.627699852	-1420
18.6277029514	-1316
18.6284329891	-1420
18.6284379959	-1316
18.628510952	-1368
18.6286768913	543
18.6292908192	-1368
18.6454138756	-1420
18.6454777718	-1420
18.6454818249	-1264
18.6466629505	-1420
18.6466679573	-1420
18.6467089653	-1264
18.6472439766	-1420
18.6472949982	-1316
18.6475198269	-1368
18.6476938725	-1420
18.6476988792	-1316
18.6479418278	-1368
18.6693918705	-1420
18.6694569588	-1420
18.6694607735	-1264
18.6695678234	-1420
18.6695709229	-1316
18.6697618961	543
18.6698918343	-1368
18.6701319218	-1420
18.6701738834	-1316
18.6703169346	-1368
18.6850488186	-1420
18.6850709915	-1316
18.6851038933	-1368
18.6852529049	543
18.6854448318	-1056
18.6881549358	-1420
18.6881787777	-1316
18.6882557869	-1420
18.6882948875	-1316
18.6885328293	-1368
18.7066979408	-1420
18.7067148685	-1316
18.7069289684	-1368
18.70707798	543
18.7105619907	-1420
18.7105720043	-1420
18.7106277943	-1264
18.7112448215	-1368
18.7231709957	-1420
18.723184824	-1316
18.8024468422	-1184
18.8683888912	543
18.9044399261	543
19.0095849037	-1420
19.0096559525	-1420
19.0096960068	-787
19.0170178413	-1368
19.0215098858	-1420
19.021573782	-1420
19.0216097832	-1264
19.02775383	543
19.0325729847	1057
19.1264088154	-1297
19.1283798218	543
19.1289849281	1057
19.2463347912	-543
19.2465288639	471
