0	543
0.67737197876	-543
1.50880002975	-543
3.39649510384	1057
3.86130404472	-543
4.10733318329	-1368
4.10737204552	-717
4.11052703857	-1368
4.11060905457	-1368
4.11064219475	-1368
4.11066913605	-1368
4.20356798172	1057
4.22224712372	-1368
4.22232413292	-1368
4.22235012054	-1368
4.24986100197	1368
4.25871419907	-306
4.33993315697	-1368
4.35524106026	746
4.46555709839	-1231
4.65927910805	-543
4.65971708298	1368
4.65982508659	203
4.78076815605	-1368
4.78081917763	-1368
4.81074213982	-377
4.81294798851	-1368
4.96431708336	-717
5.0004940033	543
5.00062298775	543
5.11696505547	-1368
5.11700701714	-1368
5.11731600761	-1368
5.11734318733	-1368
5.11736416817	-1368
5.15823101997	-957
5.2321741581	-1368
5.23222112656	-1368
5.23225617409	-1368
5.24133205414	-1368
5.24137711525	-1368
5.24138307571	-1368
5.24167299271	-1368
5.24169898033	-1368
5.24172520638	-1368
5.24207210541	-1368
5.24209904671	-1368
5.24231219292	543
5.24286699295	-1368
5.26848220825	-1368
5.26852416992	-1368
5.26857709885	-1368
5.26860404015	-1368
5.26868319511	-1368
5.3097820282	-1221
5.34766817093	-1368
5.34771108627	-1368
5.3477461338	-1368
5.35486698151	-1368
5.35494112968	-1368
5.36170697212	-1368
5.38357114792	-1368
5.38361620903	-1368
5.383644104	-1368
5.38364911079	-1368
5.3928630352	-1368
5.39291715622	-1368
5.39295315742	-1368
5.39296007156	-1368
5.39297103882	-1368
5.39297699928	-1368
5.39299798012	-1368
5.393004179	-1368
5.3930170536	-1368
5.39308214188	-1368
5.39310312271	-1368
5.39313197136	-1368
5.39337301254	-1368
5.39339709282	-1368
5.39342498779	-1368
5.3934841156	-1368
5.39366006851	-1368
5.39368200302	543
5.39371109009	-1368
5.41983819008	-1368
5.41988015175	-1368
5.41988801956	-1368
5.41989612579	-1368
5.42022109032	1368
5.46329498291	-1368
5.46333217621	-1368
5.46335220337	-1368
5.46349310875	-1368
5.46352410316	-1368
5.46355104446	-1368
5.46930718422	-1368
5.46933817863	-1368
5.49761819839	-1368
5.49764704704	-1368
5.49913597107	-1368
5.49915313721	-1368
5.49917316437	-1368
5.49918913841	-1368
5.50625109673	-1368
5.50628304482	-1368
5.50629997253	-1368
5.50630402565	-1368
5.51314210892	-1368
5.51316905022	-1368
5.51318717003	-1368
5.51319098473	-1368
5.53502511978	-1368
5.53511118889	-1368
5.53516101837	-1368
5.53517007828	-1368
5.53519320488	-1368
5.53520417213	-1368
5.53522515297	-1368
5.53525900841	-1368
5.54431200027	-1368
5.54435515404	-1368
5.54438304901	-1368
5.54438900948	-1368
5.54439806938	-1368
5.54443097115	-1368
5.544465065	-1368
5.54448318481	-1368
5.5445561409	-1368
5.54459214211	-1368
5.54461312294	-1368
5.54464101791	-1368
5.54466915131	-1368
5.54470300674	-1368
5.5447280407	-1368
5.54478406906	-1368
5.54481005669	-1368
5.54486918449	-1368
5.54489517212	-1368
5.54492402077	-1368
5.54498100281	-1368
5.54500508308	-1368
5.54503202438	-1368
5.54506206512	-1368
5.54512310028	-1368
5.54514503479	-1368
5.545181036	-1368
5.54520106316	-1368
5.5452311039	-1368
5.54526805878	-1368
5.54528617859	-1368
5.54533720016	-1368
5.54546904564	-1368
5.54549598694	775
5.54554915428	-1368
5.54777908325	1368
5.57125806808	-1368
5.57136011124	-1368
5.57142806053	-1368
5.5714430809	-1368
5.57145905495	-1368
5.57146501541	-1368
5.57147598267	-673
5.57863712311	-1368
5.57876300812	-1368
5.57894515991	-1368
5.6146941185	-1368
5.61473798752	-1368
5.6147711277	-1368
5.61477804184	-1368
5.61481809616	-1368
5.61483216286	-1368
5.6148622036	-1368
5.61491703987	-1368
5.61495304108	-1368
5.61498308182	-1368
5.61501812935	-1368
5.61504817009	-1368
5.6207280159	-1368
5.62076306343	-1368
5.62078619003	-1368
5.62079119682	-1368
5.64900708199	-1368
5.64903306961	-1368
5.64904999733	-1368
5.64905309677	-1368
5.65072107315	-1368
5.65073919296	-1368
5.65076112747	-1368
5.65078902245	-1368
5.65082216263	-1368
5.6508409977	-1368
5.65105104446	1368
5.6566901207	1368
5.6991891861	696
5.72998118401	-399
5.73764920235	1368
5.88897013664	232
6.11372303963	-543
6.30159807205	-1086
6.37992119789	-1368
6.45296311378	-1260
6.45531511307	1368
6.455327034	1368
6.45545220375	377
6.49533009529	-1368
6.60436105728	-717
6.60882115364	1368
6.60893917084	717
6.81390404701	-543
6.91386413574	-1368
6.91391420364	-1368
6.91455817223	-1368
6.91458702087	-1368
6.91461515427	-1368
6.9148080349	-1368
6.91485714912	-1368
6.91487407684	-1368
6.91536808014	-1368
6.91543006897	-1368
6.91545915604	-1368
6.91548204422	-1368
6.91596508026	543
6.93014001846	-1368
6.93018507957	-1368
6.93020510674	-1368
6.9302110672	-1368
6.93022203445	-1368
6.97161507607	-1368
6.97194218636	-1368
6.97196912766	-1368
6.97206997871	-1368
6.97209906578	-1368
6.97212505341	-1368
6.97244215012	-1368
6.97247219086	-1368
6.97250914574	-1368
6.97253799438	-1368
6.97267699242	-1368
6.97270512581	-1368
6.97273302078	-1368
6.97313404083	-1368
6.97316098213	-1368
6.97318911552	-1368
6.9735929966	-1368
6.97362208366	-1368
6.97367620468	-1368
7.00163817406	-249
7.03676605225	-1368
7.03685998917	-1368
7.03688716888	-1368
7.03704500198	-1368
7.03707718849	-1368
7.03728199005	-1368
7.03816103935	-1368
7.03817915916	-1368
7.03820705414	-1368
7.03851413727	-1368
7.03854298592	-1368
7.03858804703	-1368
7.03887200356	1368
7.03931903839	-1368
7.03935313225	-1368
7.03937005997	-1368
7.0397131443	-1368
7.03972911835	-1368
7.03990602493	-1368
7.03993797302	-1368
7.03997612	-1368
7.04031419754	-1368
7.04033899307	-1368
7.04036712646	-1368
7.04101705551	-1368
7.04105305672	-1368
7.04108715057	-1368
7.04142618179	-1368
7.04146003723	-1368
7.04147815704	-1368
7.04151320457	-1368
7.0467300415	-1368
7.04675006866	-1368
7.04743003845	-1368
7.04745697975	-1368
7.0474832058	-1368
7.0672981739	804
7.09308218956	-1368
7.09311103821	-1368
7.09313106537	-1368
7.09335112572	-1368
7.09337997437	-1368
7.09340906143	-1368
7.09347701073	-1368
7.09375715256	-1368
7.09378409386	-1368
7.09411716461	-1368
7.09414601326	-1368
7.09417200089	-1368
7.09456110001	-1368
7.09458804131	-1368
7.0946199894	-1368
7.0946559906	-1368
7.09510302544	-1368
7.09513306618	-1368
7.09516811371	-1368
7.09518814087	-1368
7.09521508217	-1368
7.09524798393	-1368
7.09563803673	-1368
7.09566617012	-1368
7.09585309029	1368
7.09589219093	-1368
7.09682011604	-1368
7.09684610367	-1368
7.09688401222	-1368
7.09728503227	-1368
7.09731197357	-1368
7.0973470211	-1368
7.09736609459	-1368
7.09739303589	-1368
7.09742999077	-1368
7.09784197807	-1368
7.09787201881	-1368
7.09789919853	-1368
7.09835004807	-1368
7.09837603569	-1368
7.09840917587	-1368
7.09842705727	-1368
7.09850120544	-1368
7.09853601456	-1368
7.15336704254	-1173
7.16347813606	-1368
7.16353416443	-1368
7.16386318207	-1368
7.16389012337	-1368
7.16394710541	-1368
7.16497206688	-1368
7.16500210762	-1368
7.16503000259	-1368
7.16555213928	-1368
7.16557908058	-1368
7.16560697556	-1368
7.16620612144	-1368
7.16622805595	-1368
7.16661119461	-1368
7.1670191288	-1368
7.16707515717	-1368
7.16709113121	-1368
7.16741800308	-1368
7.16746711731	-1368
7.16747713089	-1368
7.16769909859	-1368
7.16772699356	-1368
7.16799020767	-1368
7.16801905632	-1368
7.16807103157	-1368
7.16829609871	-1368
7.16834902763	-1368
7.16837501526	-1368
7.16840910912	1368
7.16851305962	-1368
7.16854500771	-1368
7.1685731411	-1368
7.16903400421	-1368
7.16906118393	-1368
7.16908717155	-1368
7.16954112053	-1368
7.16957998276	-1368
7.1695971489	-1368
7.16972708702	-1368
7.16975712776	-1368
7.16978406906	-1368
7.16987919807	-1368
7.16991901398	-1368
7.16993713379	-1368
7.17049503326	-1368
7.18838620186	-1368
7.18845009804	-1368
7.18848609924	-1368
7.18849301338	-1368
7.18851113319	-1368
7.18851304054	-1368
7.18851900101	-1368
7.18852210045	-1368
7.18857216835	-1368
7.18859815598	-1368
7.18863415718	-1368
7.18865299225	-1368
7.1887691021	1368
7.18959116936	-1368
7.18962311745	-1368
7.18964910507	-1368
7.18966507912	-1368
7.18989419937	-1368
7.18990302086	-1368
7.18994617462	-1368
7.1899960041	-1368
7.19001197815	-1368
7.19009399414	-1368
7.19010901451	-1368
7.19011211395	-1368
7.19075107574	-1368
7.19079899788	-1368
7.1908261776	-1368
7.19083309174	-1368
7.19108700752	-1368
7.1910970211	-1368
7.20826601982	-1368
7.20829701424	-1368
7.20831298828	-1368
7.2203271389	-1368
7.22036004066	1326
7.22037315369	-1368
7.22038006783	-1368
7.22154712677	-1368
7.22157502174	-1368
7.22160100937	-1368
7.22217512131	-1368
7.22220206261	-1368
7.22226119041	-1368
7.22274017334	-1368
7.22276616096	-1368
7.22279214859	-1368
7.22337007523	-1368
7.22341799736	-1368
7.2234621048	-1368
7.2247672081	-1368
7.22479319572	-1368
7.2248980999	-1368
7.22530603409	-1368
7.22533202171	-1368
7.22536015511	-1368
7.22561097145	-1368
7.22564005852	-1368
7.22567605972	-1368
7.22576618195	-1368
7.22579908371	-1368
7.22582912445	-1368
7.22640800476	-1368
7.22644400597	-1368
7.22646212578	-1368
7.2266190052	-1368
7.22665405273	-1368
7.22667217255	-1368
7.22691607475	1368
7.22856497765	-1368
7.22860407829	-1368
7.22863101959	-1368
7.22885203362	-1368
7.24456715584	-1368
7.24463701248	-1368
7.24466609955	-1368
7.24467110634	-1368
7.24467611313	-1368
7.24467802048	-1368
7.24471306801	-1368
7.24473118782	-1368
7.24475908279	-1368
7.24479007721	-1368
7.24483919144	-1368
7.24487018585	-1368
7.24504899979	-1368
7.24508213997	-1368
7.24513220787	-1368
7.24514698982	-1368
7.24545502663	-1368
7.24547600746	-1368
7.24549913406	-1368
7.24554920197	-1368
7.24558210373	-1368
7.24560213089	-1368
7.24562597275	-1368
7.24565505981	-1368
7.24589014053	-1368
7.24591112137	-1368
7.24594712257	-1368
7.24596214294	-1368
7.24599814415	-1368
7.24602508545	-1368
7.24608016014	-1368
7.246104002	-1368
7.24644899368	-1368
7.24647402763	-1368
7.24655508995	-1368
7.24659514427	-1368
7.24662899971	-1368
7.24665808678	-1368
7.24668312073	-1368
7.24672698975	-1368
7.24674415588	-1368
7.24677109718	-1368
7.24679899216	-1368
7.24682617188	-1368
7.24697804451	-1368
7.24702119827	-1368
7.24706220627	-1368
7.24784517288	1368
7.29041600227	-1368
7.29043602943	-1368
7.29046106339	-1368
7.29079198837	-1368
7.29082918167	-1368
7.29084515572	-1368
7.29103899002	1368
7.2915661335	-1368
7.2915930748	-1368
7.29189515114	-1368
7.29192304611	-1368
7.29196000099	-1368
7.29203701019	-1368
7.29208803177	-1368
7.29255604744	-1368
7.29258108139	-1368
7.29260897636	-1368
7.29263520241	-1368
7.29266405106	-1368
7.29269719124	-1368
7.29324817657	-1368
7.2932741642	-1368
7.29330015182	-1368
7.29363703728	-1368
7.29366397858	-1368
7.29369020462	-1368
7.29387903214	-1368
7.29390716553	-1368
7.2939350605	-1368
7.29427504539	-1368
7.29430198669	-1368
7.29432797432	-1368
7.29461812973	-1368
7.29464912415	-1368
7.2946741581	-1368
7.29957413673	-1368
7.29959011078	-1368
7.29961800575	-1368
7.29967904091	-1368
7.29984617233	-1368
7.30523705482	-1368
7.30525517464	-1368
7.31486320496	-1368
7.31489920616	-1368
7.31493020058	-1368
7.31495714188	-1368
7.31517410278	1368
7.31525111198	-1368
7.31527709961	-1368
7.31531310081	-1368
7.31533098221	-1368
7.31631302834	-1368
7.31634020805	-1368
7.31636619568	-1368
7.3163921833	-1368
7.31642103195	-1368
7.3164601326	-1368
7.31647706032	-1368
7.31650710106	-1368
7.31693601608	-1368
7.31696200371	-1368
7.3169901371	-1368
7.3170170784	-1368
7.31753516197	-1368
7.31757116318	-1368
7.3175971508	-1368
7.31762504578	-1368
7.317923069	-1368
7.31798219681	-1368
7.31799817085	-1368
7.31802916527	-1368
7.31845211983	-1368
7.31848812103	-1368
7.31850504875	-1368
7.31853508949	-1368
7.31873416901	-1368
7.31878805161	-1368
7.31881308556	-1368
7.3188431263	-1368
7.31887507439	-1368
7.3189330101	-1368
7.31895112991	-1368
7.31898117065	-1368
7.31907916069	-1368
7.31910610199	-1368
7.31913614273	-1368
7.31919598579	-1368
7.31921100616	1368
7.31934404373	-1368
7.31937098503	-1368
7.31942415237	-1368
7.31945204735	-1368
7.31960701942	-1368
7.31963205338	-1368
7.31969809532	-1368
7.31970500946	-860
7.37911200523	762
7.41424918175	-1368
7.41427898407	-1368
7.41435718536	-1368
7.41841411591	1368
7.41968512535	-1368
7.41971111298	-1368
7.41974020004	-1368
7.43240308762	-1368
7.43248414993	-1368
7.43250012398	-1368
7.432543993	-1368
7.43260812759	-1368
7.43262505531	-1368
7.43263101578	-1368
7.43269109726	-1368
7.43270301819	-1368
7.45390510559	1368
7.47102212906	-330
7.47777199745	1368
7.48076105118	1368
7.49805116653	1368
7.54235816002	-1368
7.54241919518	45
7.54242515564	-1368
7.5424311161	-1368
7.54827404022	-1368
7.54830408096	-1368
7.54833197594	-1368
7.54977202415	-1368
7.54980015755	-1368
7.54982709885	-1368
7.55007600784	-1368
7.55013012886	-1368
7.55015707016	-1368
7.55018520355	-1368
7.55022311211	-1368
7.55024409294	-1368
7.55073404312	-1368
7.55076599121	-1368
7.55079317093	-1368
7.55134510994	-1368
7.55138611794	-1368
7.55142211914	-1368
7.55146002769	-1368
7.55148220062	-1368
7.55150103569	-1368
7.55218219757	-1368
7.55221605301	-1368
7.55223417282	-1368
7.55709218979	-1368
7.55710911751	-1368
7.55784201622	-1368
7.55789208412	-1368
7.55791902542	-1368
7.55794715881	-1368
7.55801105499	-1368
7.55809402466	1368
7.55813407898	-1368
7.55816102028	-1368
7.55822110176	-1368
7.55824303627	-1368
7.55827713013	-1368
7.55892205238	-1368
7.55894804001	-1368
7.5589761734	-1368
7.55900120735	-1368
7.55903315544	-1368
7.559071064	-1368
7.55908918381	-1368
7.55953216553	-1368
7.55956101418	-1368
7.5595870018	-1368
7.5597140789	-1368
7.55974197388	-1368
7.56027817726	-1368
7.56030607224	-1368
7.56033301353	-1368
7.56062412262	-1368
7.5606610775	-1368
7.56069016457	-1368
7.56071615219	-1368
7.56100106239	-1368
7.56102919579	-1368
7.61497616768	-1368
7.61500000954	-1368
7.61501598358	-1368
7.61660718918	-1368
7.61663007736	-1368
7.61666107178	-1368
7.61668515205	-1368
7.61705899239	-1368
7.61708712578	-1368
7.61712312698	-1368
7.61713910103	-1368
7.61718797684	-1368
7.61721515656	-1368
7.61727619171	1368
7.61754918098	-1368
7.61757707596	-1368
7.61760497093	-1368
7.61794519424	-1368
7.61798906326	-1368
7.61802697182	-1368
7.61807799339	-1368
7.61811900139	-1368
7.61816906929	-1368
7.61850404739	-1368
7.61853003502	-1368
7.61855912209	-1368
7.61881804466	-1368
7.61883401871	-1368
7.61888813972	-1368
7.619120121	-1368
7.61915802956	-1368
7.61918497086	-1368
7.61945819855	1368
7.61974215508	-1368
7.61977005005	-1368
7.61979603767	-1368
7.61985516548	-1368
7.6198861599	-1368
7.61991214752	-1368
7.62031507492	-1368
7.62034010887	-1368
7.62038803101	-1368
7.62050414085	-1368
7.62053012848	-1368
7.62055706978	-1368
7.62084412575	-1368
7.62087202072	-1368
7.62089920044	-1368
7.62093400955	-1368
7.62095212936	-1368
7.6209871769	-1368
7.62167310715	-1368
7.6216981411	-1368
7.62172603607	-1368
7.62228298187	-1368
7.62231206894	-1368
7.62237811089	-1368
7.62241911888	-1368
7.62245702744	-1368
7.62248206139	-1368
7.6225001812	-1368
7.62298107147	-1368
7.6230070591	-1368
7.62303519249	-1368
7.62306118011	-1368
7.62308907509	-1368
7.62369608879	-1368
7.6237411499	-1368
7.62383818626	-1368
7.62386608124	-1368
7.6238951683	-1368
7.6239221096	-1368
7.62401604652	1368
7.62417197227	-1368
7.62433218956	-1368
7.6243891716	-1368
7.62441515923	-1368
7.62668204308	-1368
7.62670516968	-1368
7.62672305107	-1368
7.62675213814	-1368
7.62677907944	-1368
7.62681102753	-1368
7.62690711021	-1368
7.62693405151	-1368
7.62696003914	-1368
7.62699103355	-1368
7.62704706192	-1368
7.62707400322	-1368
7.62709999084	-1368
7.62715315819	-1368
7.62718510628	-1368
7.62721419334	-1368
7.62726712227	-1368
7.62729406357	-1368
7.62732315063	-1368
7.62735819817	-1368
7.62737607956	-1368
7.65726113319	-1057
7.66928315163	-1368
7.66932702065	-1368
7.67019820213	-1368
7.67025709152	-1368
7.67030215263	-1368
7.67030620575	-1368
7.67032909393	-1368
7.67033314705	-1368
7.67034316063	-1368
7.67112708092	1368
7.67124414444	-1368
7.67125320435	-1368
7.67127609253	-1368
7.6713039875	-1368
7.67133307457	-1368
7.67136311531	-1368
7.67167210579	-1368
7.67170405388	-1368
7.6717300415	-1368
7.67182016373	-1368
7.67185306549	-1368
7.67188000679	-1368
7.6724691391	-1368
7.67250299454	-1368
7.6725230217	-1368
7.67315006256	-1368
7.67318201065	-1368
7.67318701744	-1368
7.67349815369	-1368
7.67351007462	-1368
7.67352604866	-1368
7.67356204987	-1368
7.67380714417	-1368
7.67386102676	-1368
7.67389512062	-1368
7.67391300201	-1368
7.67395114899	-1368
7.67453217506	-1368
7.67456316948	-1368
7.6745800972	-1368
7.67854905128	-1368
7.67876720428	-1368
7.67880415916	-1368
7.67882204056	-1368
7.67890119553	1368
7.70942401886	480
7.77210402489	-1368
7.77212119102	-1368
7.78875303268	1368
7.80855417252	-418
7.85784912109	1368
7.8870639801	-1368
7.88709712029	435
7.96236801147	-1368
7.96264719963	-1368
7.96267104149	-1368
7.96324801445	-1368
7.96327400208	-1368
7.96333003044	-1368
7.96335911751	-1368
7.96338415146	-1368
7.9634141922	-1368
7.96391201019	-1368
7.9643599987	-1368
7.9643881321	-1368
7.96441602707	-1368
7.96444201469	-1368
7.96447110176	-1368
7.96450209618	-1368
7.96504616737	-1368
7.965072155	-1368
7.96510100365	-1368
7.99117517471	-1368
7.99120616913	-1368
7.99130916595	-1368
8.00229501724	-1368
8.00818610191	-1368
8.00822615623	-1368
8.00827097893	-1368
8.0092420578	-80
8.01305198669	1368
8.02385401726	-1368
8.02387619019	-1368
8.02389597893	-1368
8.02392506599	-1368
8.02395200729	-1368
8.02398514748	-1368
8.02401304245	-1368
8.02404999733	-1368
8.02406811714	-1368
8.02409815788	-1368
8.02413010597	-1368
8.02415919304	-1368
8.02421498299	-1368
8.0242421627	-1368
8.02427601814	-1368
8.02433204651	-1368
8.02435517311	-1368
8.02438402176	-1368
8.02444505692	-1368
8.02447199821	-1368
8.02450013161	-1368
8.02452707291	-1368
8.02458620071	-1368
8.02461314201	-1368
8.02464103699	-1368
8.0246989727	-1368
8.02475309372	-1368
8.02478098869	-1368
8.02483797073	-1368
8.02486610413	-1368
8.0248939991	-1368
8.02492117882	-1368
8.02497816086	-1368
8.02500510216	-1368
8.02503204346	-1368
8.02508497238	-1368
8.02512001991	-1368
8.02515220642	-1368
8.02516913414	-1368
8.02520513535	-1368
8.02522420883	-1368
8.02529001236	-1368
8.02530813217	-1368
8.02533602715	-1368
8.02536320686	-1368
8.02538919449	1368
8.02539420128	-1368
8.02545619011	-1368
8.0254740715	-1368
8.02550005913	-1368
8.02553105354	-1368
8.02555799484	-1368
8.02558612823	-1368
8.02561998367	-1368
8.02563810349	-1368
8.02569699287	-1368
8.0257229805	-1368
8.02575016022	-1368
8.02577805519	-1368
8.02581906319	-1368
8.025837183	-1368
8.02587103844	-1368
8.0258910656	-1368
8.02595615387	-1368
8.02597618103	-1368
8.02600908279	-1368
8.02602815628	-1368
8.02605700493	-1368
8.02614617348	-1368
8.02617907524	-1368
8.02619719505	-1368
8.02626013756	-1368
8.02629899979	-1368
8.02635407448	-1368
8.02638602257	-1368
8.02648997307	-1368
8.02652311325	-1368
8.02662205696	-1368
8.02665400505	-1368
8.02668213844	-1368
8.0269510746	-1368
8.0270421505	-1368
8.0270781517	-1368
8.0270960331	-1368
8.0271320343	-1368
8.02715110779	-1368
8.02718901634	-1368
8.02720618248	1368
8.02770113945	-1368
8.02781319618	-1368
8.02784514427	-1368
8.02808904648	-1368
8.02815198898	-1368
8.0281791687	-1368
8.0298230648	1368
8.03708600998	-1368
8.0371131897	-1368
8.03713417053	-1368
8.0372171402	-1368
8.03724002838	-1368
8.03791308403	1368
8.03833508492	-1368
8.03835916519	-1368
8.03838610649	-1368
8.04060697556	-1368
8.04062604904	762
8.04063510895	-1368
8.04082012177	-1368
8.04084515572	-1368
8.04087305069	-1368
8.0410630703	-1368
8.04107499123	-1368
8.04110002518	-1368
8.04115319252	-1368
8.04118108749	-1368
8.04158520699	-1368
8.04162311554	-1368
8.04163813591	-1368
8.04203605652	-1368
8.04206609726	-1368
8.04209518433	-1368
8.04212212563	-1368
8.04215407372	-1368
8.04219698906	-1368
8.04222512245	-1368
8.04226112366	-1368
8.04227805138	-1368
8.04299211502	-1368
8.04302716255	-1368
8.04304504395	-1368
8.06757616997	-1368
8.06761217117	-1368
8.06766915321	-1368
8.0676920414	-1368
8.07212615013	-1368
8.07239818573	-1368
8.07244205475	-1368
8.07245016098	-1368
8.07273602486	-1368
8.07276511192	-1368
8.07279419899	-1368
8.07282304764	-1368
8.07284903526	-1368
8.07288098335	-1368
8.07340407372	-1368
8.07343411446	-1368
8.07345199585	-1368
8.07369399071	-1368
8.0737349987	-1368
8.07380700111	-1368
8.07383418083	-1368
8.07387018204	-1368
8.07388806343	-1368
8.07436203957	-1368
8.07438707352	-1368
8.07441711426	-1368
8.07444405556	-1368
8.07446908951	-1368
8.07450199127	-1368
8.07495903969	-1368
8.07497906685	1368
8.07500100136	-1368
8.07502913475	-1368
8.07556509972	-1368
8.07559609413	-1368
8.07562613487	-1368
8.07565116882	-1368
8.07568717003	-1368
8.07570505142	-1368
8.07636713982	-1368
8.07639598846	-1368
8.0764400959	-1368
8.07646298409	-1368
8.0968401432	-1368
8.09686613083	-1368
8.09688806534	-1368
8.09700608253	-1368
8.09703302383	-1368
8.09706115723	-1368
8.09724712372	-1368
8.0972840786	-1368
8.09732103348	-1368
8.09737110138	-1368
8.09741401672	-1368
8.09744119644	-1368
8.09776997566	-1368
8.09781312943	-1368
8.09847307205	-1368
8.0984890461	-1368
8.09850311279	-1368
8.09852313995	-1368
8.09854316711	-1368
8.09857702255	-1368
8.09860420227	-1368
8.09890604019	1368
8.09910106659	-1368
8.09911417961	-1368
8.09912800789	-1368
8.09918308258	-1368
8.09920597076	-1368
8.09923505783	-1368
8.09962797165	-1368
8.09965515137	-1368
8.09969210625	-1368
8.09970903397	-1368
8.09973812103	-1368
8.09977006912	-1368
8.11790919304	-1368
8.11793017387	-1368
8.11794900894	-1368
8.16450405121	-998
8.22647118568	1065
8.23267817497	-1368
8.23277211189	-1368
8.31599116325	-377
8.37787699699	543
8.41927504539	-1368
8.41938614845	-1368
8.41945314407	-1368
8.42149806023	-1368
8.42152714729	-1368
8.42155504227	-1368
8.42157101631	-1368
8.4215991497	-1368
8.4219660759	-1368
8.4220020771	-1368
8.42203998566	-1368
8.42207813263	-1368
8.42209219933	-1368
8.422134161	-1368
8.42215013504	-1368
8.42460918427	-1368
8.42463612556	-1368
8.42467904091	-1368
8.42470812798	-1368
8.42473506927	-1368
8.42476415634	-1368
8.42478919029	-1368
8.42488503456	-1368
8.42492604256	-1368
8.42495512962	-1368
8.42498111725	-1368
8.42504906654	-1368
8.42506599426	-1368
8.42510104179	-1368
8.42512011528	-1368
8.4251871109	-1368
8.42520403862	-1368
8.42523217201	-1368
8.42525815964	-1368
8.42531704903	-1368
8.42534399033	-1368
8.42537212372	-1368
8.43462920189	-1368
8.43466806412	-1368
8.43495297432	-1368
8.43497920036	-1368
8.43525004387	-1368
8.43527603149	-1368
8.43541312218	1368
8.43561911583	-1368
8.43564605713	-1368
8.43567705154	-1368
8.43624019623	-1368
8.43626403809	-1368
8.43629097939	-1368
8.43634200096	-1368
8.43636012077	-1368
8.4363951683	-1368
8.43641400337	-1368
8.43644118309	-1368
8.43647098541	-1368
8.43754506111	-1368
8.4375910759	-1368
8.43762302399	-1368
8.43800711632	-1368
8.4380800724	-1368
8.43817615509	-1368
8.43820500374	-1368
8.43823003769	-1368
8.43825912476	-1368
8.43900418282	-1368
8.43902897835	-1368
8.43905711174	-1368
8.43908405304	-1368
8.43911218643	-1368
8.43915319443	-1368
8.43917107582	-1368
8.43919897079	-1368
8.43922615051	-1368
8.44069504738	-1368
8.44072008133	-1368
8.4407479763	-1368
8.44129300117	-1368
8.44132113457	-1368
8.4413690567	-1368
8.44191908836	-1368
8.44194507599	-1368
8.44197106361	-1368
8.44199919701	-1368
8.44202613831	-1368
8.44205904007	-1368
8.44208598137	-1368
8.44291400909	1368
8.44295406342	-1368
8.44297814369	-1368
8.44301509857	-1368
8.44303202629	-1368
8.44306015968	-1368
8.44365406036	-1368
8.44368910789	-1368
8.44370818138	-1368
8.44373512268	-1368
8.44376111031	-1368
8.44379615784	-1368
8.46249604225	1368
8.4625082016	1368
8.46617102623	-1368
8.46653413773	-1368
8.46655797958	-1368
8.46665215492	1368
8.46697402	-1368
8.46703100204	-1368
8.46705818176	-1368
8.46708512306	-1368
8.46711802483	-1368
8.46714615822	-1368
8.46776008606	-1368
8.46778416634	-1368
8.46781301498	-1368
8.46783900261	-1368
8.46796917915	-581
8.48371911049	-1368
8.48375201225	-1368
8.49064397812	-1368
8.49067497253	-1368
8.49067997932	-1368
8.52919602394	646
8.52944517136	-1368
8.53009605408	-1368
8.53044319153	-1368
8.53045701981	-1368
8.53047800064	-1368
8.53050708771	-1368
8.53052997589	-1368
8.5305659771	-1368
8.53356719017	-1368
8.5335919857	-1368
8.53361320496	-1368
8.53375220299	-1368
8.53378009796	-1368
8.53390312195	-1368
8.54681706429	-1368
8.54684114456	-1368
8.54685497284	-1368
8.5833261013	-1368
8.58335208893	-1368
8.58434414864	-1368
8.5845181942	-1368
8.5845451355	-1368
8.58774018288	-1368
8.58785414696	-1368
8.58787202835	-1368
8.58825302124	-1368
8.58829402924	-1368
8.58832001686	-1368
8.58865118027	-1368
8.58866214752	-1368
8.58911299706	-1368
8.58912420273	-1368
8.58914208412	-1368
8.5892560482	-1368
8.58931612968	-1368
8.58935117722	-1368
8.58936905861	-1368
8.58942008018	1368
8.58944416046	-1368
8.58949112892	-1368
8.58951711655	-1368
8.59799313545	-1368
8.59802818298	-1368
8.63500618935	-1309
8.70589208603	-1368
8.70593118668	804
8.70625901222	-1368
8.7062921524	-1368
8.7063190937	-1368
8.70674514771	-1368
8.70683717728	-1368
8.70717310905	-1368
8.70719909668	-1368
8.7072250843	-1368
8.70726108551	-1368
8.70727920532	-1368
8.70731306076	-1368
8.70734214783	-1368
8.70736813545	-1368
8.70799708366	-1368
8.70802307129	-1368
8.70805001259	-1368
8.70898413658	1368
8.71287202835	-1368
8.71290206909	-1368
8.71291804314	-1368
8.78667998314	-744
8.82568407059	-1368
8.82571601868	-1368
8.83077907562	-1368
8.83080506325	-1368
8.83082413673	-1368
8.83103704453	-1368
8.83129119873	1368
8.83350300789	-1368
8.83353018761	-1368
8.83355212212	-1368
8.83373308182	-1368
8.83375501633	-1368
8.83378314972	-1368
8.83425498009	-1368
8.83428001404	-1368
8.83430504799	-1368
8.83463120461	-1368
8.83465409279	-1368
8.83473205566	-1368
8.83477497101	-1368
8.83481812477	-1368
8.83484601974	-1368
8.83515501022	-1368
8.8351790905	-1368
8.83520913124	-1368
8.83523607254	-1368
8.83526301384	-1368
8.8352971077	-1368
8.83564400673	1368
8.83591508865	-1368
8.83602499962	-1368
8.83605909348	-1368
8.83607602119	-1368
8.83610701561	-1368
8.83613300323	-1368
8.83688902855	-1368
8.83691906929	-1368
8.83694601059	-1368
8.83698320389	-1368
8.83701300621	-1368
8.83704710007	-1368
8.83734297752	-1368
8.83740711212	-1368
8.8374350071	-1368
8.83746099472	-1368
8.83748912811	-1368
8.83751416206	-1368
8.83822107315	-1368
8.83825302124	-1368
8.83828997612	-1368
8.83831620216	-1368
8.83833312988	-1368
8.83836102486	-1368
8.83886313438	-1368
8.83889603615	-1368
8.83891320229	-1368
8.83894300461	-1368
8.83976101875	-1368
8.83978414536	-1368
8.84002804756	-1368
8.84005498886	-1368
8.84010601044	-1368
8.84013319016	-1368
8.84017419815	-1368
8.84019804001	-1368
8.84021711349	-1368
8.84024715424	-1368
8.84101200104	-1368
8.84103798866	-1368
8.84106612206	-1368
8.84110212326	-1368
8.84111905098	-1368
8.84132099152	1368
8.84180903435	-1368
8.8418340683	-1368
8.84185910225	-1368
8.85734701157	472
8.86027312279	-1368
8.86029601097	-1368
8.86035013199	-1368
8.86055517197	-1368
8.86061406136	-1368
8.86063098907	-1368
8.86099219322	-1368
8.86102604866	-1368
8.86104416847	-1368
8.86107301712	-1368
8.86110115051	-1368
8.86112999916	-1368
8.86170601845	-1368
8.86173200607	-1368
8.86181020737	-1368
8.86202907562	-1368
8.86209416389	-1368
8.86212110519	-1368
8.86215806007	-1368
8.8621931076	-1368
8.86222600937	-1368
8.8622610569	-1368
8.86229419708	-1368
8.86232709885	-1368
8.86278915405	-1368
8.86281704903	-1368
8.86284399033	-1368
8.86336112022	-1368
8.86340498924	-1368
8.86342310905	-1368
8.86357402802	-1368
8.86359906197	1368
8.86361503601	-1368
8.86366701126	-1368
8.86428308487	-1368
8.86430001259	-1368
8.86432814598	-1368
8.86440300941	-1368
8.86443114281	-1368
8.86445617676	-1368
8.93827319145	-929
8.94600200653	-1368
8.94604110718	-1368
8.94607615471	-1368
8.94994115829	-1368
8.9500939846	-1368
8.95019316673	-1368
8.95087099075	-1368
8.9509100914	-1368
8.95092201233	-1368
8.95094513893	-1368
8.95096898079	-1368
8.95100402832	-1368
8.95162415504	-1368
8.95164299011	-1368
8.95166707039	-1368
8.95201206207	-1368
8.9520380497	-1368
8.952064991	-1368
8.97991418839	-1368
8.97995114326	-1368
8.97996211052	-1368
9.0086209774	1347
9.0448281765	-1368
9.04486107826	-1368
9.04492211342	-1368
9.0449590683	-1368
9.04497599602	-1368
9.04544019699	-1368
9.04546618462	-1368
9.04552316666	-1368
9.04573702812	-1368
9.04577207565	-1368
9.04579019547	-1368
9.04581904411	-1368
9.04645299911	-1368
9.04647707939	-1368
9.04650497437	-1368
9.06101918221	-1368
9.06109213829	-1368
9.06110215187	-1368
9.07149100304	-1368
9.07151603699	-1368
9.07260608673	-1368
9.07263112068	-1368
9.07307004929	-1368
9.07309508324	-1368
9.07330203056	1368
9.07344818115	-1368
9.0735039711	-1368
9.07353210449	-1368
9.07355809212	-1368
9.07358598709	-1368
9.07361197472	-1368
9.07364606857	-1368
9.07368206978	-1368
9.07369804382	-1368
9.07654213905	-1368
9.07656908035	-1368
9.07659220695	-1368
9.09732508659	-624
9.10795998573	-1368
9.10810017586	-1368
9.10816717148	-1368
9.10820508003	-1368
9.10821604729	-1368
9.10879206657	-1368
9.10884809494	-1368
9.10888004303	-1368
9.10907006264	-1368
9.10910105705	-1368
9.10913109779	-1368
9.10943007469	-1368
9.10945820808	-1368
9.10953307152	-1368
9.11152815819	-1368
9.1115591526	-1368
9.111577034	-1368
9.11164402962	-1368
9.1118710041	-1368
9.11188817024	-1368
9.1121931076	-1368
9.11222219467	-1368
9.11225414276	-1368
9.11227202415	-1368
9.11230015755	-1368
9.11234402657	-1368
9.11237597466	-1368
9.11337804794	1368
9.11585903168	-1368
9.11587810516	-1368
9.11593103409	-1368
9.11602902412	-1368
9.11606097221	-1368
9.11608600616	-1368
9.16645407677	-1368
9.16649198532	522
9.16650819778	-1368
9.16651511192	-1368
9.16784620285	-1368
9.16786909103	-1368
9.16859698296	-1368
9.1686360836	-1368
9.16867017746	-1368
9.16899204254	-1368
9.16902709007	-1368
9.16905999184	-1368
9.16979312897	-1368
9.16988706589	-1368
9.16991519928	-1368
9.1699411869	-1368
9.16996908188	-1368
9.16999411583	-1368
9.1702439785	-1368
9.17053508759	-1368
9.17056202888	-1368
9.1705892086	-1368
9.17062306404	-1368
9.17064213753	-1368
9.17195415497	-1368
9.17202115059	-1368
9.17204809189	-1368
9.17207407951	-1368
9.17211103439	-1368
9.17212915421	-1368
9.17216420174	-1368
9.17266201973	1368
9.17327809334	-1368
9.17330813408	-1368
9.17332816124	-1368
9.17335510254	-1368
9.17338013649	-1368
9.1738011837	-1368
9.17382907867	-1368
9.17394208908	-1368
9.17396807671	-1368
9.17400407791	-1368
9.1740231514	-1368
9.17405104637	-1368
9.17507505417	-1368
9.17509198189	-1368
9.17510509491	-1368
9.17533612251	-1368
9.17535305023	-1368
9.17536902428	-1368
9.17591905594	-1368
9.17595100403	-1368
9.17596912384	-1368
9.17599797249	-1368
9.17602419853	-1368
9.1760571003	-1368
9.17658400536	-1368
9.17661213875	-1368
9.17663598061	-1368
9.17666697502	-1368
9.17671203613	-1368
9.17673897743	-1368
9.17676615715	-1368
9.17679309845	-1368
9.17682099342	-1368
9.17750716209	-1368
9.17753314972	-1368
9.1775560379	-1368
9.17760109901	-1368
9.17762708664	-1368
9.17765498161	-1368
9.17892217636	-1368
9.17899608612	-1368
9.17902708054	-1368
9.18028402328	1368
9.18949818611	-1368
9.18953704834	-1368
9.18958306313	-1368
9.18961715698	-1368
9.18964409828	-1368
9.1896841526	-1368
9.18970108032	-1368
9.18973207474	-1368
9.18975901604	-1368
9.18978619576	-1368
9.18981909752	-1368
9.18984508514	-1368
9.18988013268	-1368
9.18989920616	-1368
9.18992614746	-1368
9.19022417068	-1368
9.19024705887	-1368
9.19027519226	-1368
9.19179320335	-1368
9.19186615944	-1368
9.19188499451	-1368
9.22849798203	-1368
9.22864413261	-1368
9.22866010666	-1368
9.22867512703	-1368
9.22871017456	-1368
9.22872519493	-1368
9.22895598412	-1368
9.22899603844	-1368
9.22904801369	-1368
9.22953510284	-1368
9.22956299782	-1368
9.22958517075	-1368
9.22961306572	-1368
9.2299861908	1368
9.24642300606	-1368
9.24646997452	-1368
9.24723601341	-1368
9.24726104736	-1368
9.24752402306	-1368
9.2475810051	-1368
9.24760508537	-1368
9.25187897682	-1368
9.25191617012	-1368
9.25192213058	-1368
9.25195097923	-1368
9.25197601318	-1368
9.25200915337	-1368
9.25203704834	-1368
9.25206208229	-1368
9.25208902359	-1368
9.25211715698	-1368
9.25214910507	-1368
9.25217700005	-1368
9.25646901131	-1368
9.25650715828	-1368
9.25651597977	-1368
9.256524086	-1368
9.25684213638	-1368
9.25686001778	-1368
9.25686502457	-1368
9.2571079731	-1368
9.25713515282	-1368
9.25719213486	-1368
9.25757408142	-1368
9.25759315491	-1368
9.25760912895	-1368
9.25763201714	-1368
9.25765419006	-1368
9.25768518448	-1368
9.25852298737	-1368
9.25854802132	-1368
9.25857615471	-1368
9.25936818123	-694
9.25952506065	1368
9.2614710331	-1368
9.26148819923	-1368
9.26150512695	-1368
9.26182103157	-1368
9.26185011864	-1368
9.26187610626	-1368
9.26218008995	-1368
9.26218819618	-1368
9.26221513748	-1368
9.26223397255	-1368
9.26227498055	-1368
9.26229214668	-1368
9.29382109642	-1368
9.29386115074	-1368
9.30254507065	-1368
9.30257105827	-1368
9.30259203911	-1368
9.302973032	-1368
9.30299115181	-1368
9.30299711227	-1368
9.30566000938	-1368
9.30568003654	-1368
9.30570101738	-1368
9.30576705933	-1368
9.30585217476	-1368
9.30587720871	-1368
9.30602812767	-1368
9.3060760498	-1368
9.3061029911	-1368
9.30711197853	-1368
9.3074131012	-1368
9.30743813515	-1368
9.3075401783	-1368
9.30758213997	-1368
9.30761003494	-1368
9.31423711777	-1368
9.31427311897	-1368
9.31427907944	-1368
9.32417416573	1015
9.35379910469	-1368
9.35394215584	-1368
9.35402107239	-1368
9.35403609276	-1368
9.3540520668	-1368
9.35432600975	-1368
9.35437011719	-1368
9.354377985	-1368
9.35440397263	-1368
9.35443615913	-1368
9.35446715355	-1368
9.35448718071	-1368
9.35451507568	-1368
9.35516309738	-1368
9.35520911217	-1368
9.35521507263	-1368
9.35850405693	-1368
9.35873603821	-1368
9.35876202583	-1368
9.35901498795	-1368
9.35908198357	-1368
9.35910701752	-1368
9.35913419724	-1368
9.35916614532	-1368
9.35919308662	-1368
9.35967302322	-1368
9.3597099781	-1368
9.35972714424	-1368
9.3603310585	-1368
9.36035704613	-1368
9.36039304733	-1368
9.36041116714	-1368
9.36044120789	-1368
9.36047315598	-1368
9.36057114601	-1368
9.36061310768	-1368
9.3606300354	-1368
9.36065816879	-1368
9.36072015762	-1368
9.36074614525	-1368
9.36126208305	1368
9.3615591526	-1368
9.3615860939	-1368
9.36166501045	-1368
9.36169219017	-1368
9.36238217354	1368
9.40868711472	-1368
9.40870809555	-1368
9.41103410721	-1218
9.51438713074	493
9.52622318268	-1368
9.52625203133	-1368
9.52630615234	-1368
9.60143303871	-66
9.7174050808	1057
9.82340312004	-543
9.98070311546	-1368
9.98081707954	-203
9.99010205269	-1368
9.99040699005	-1368
9.99048519135	-1368
9.9904961586	-1368
9.99059104919	-1368
9.99063897133	-1368
9.99065613747	-1368
9.99069213867	-1368
9.99072217941	-1368
9.99141001701	-1368
9.99143600464	-1368
9.99146199226	-1368
9.99155402184	-1368
9.99158000946	-1368
9.99160814285	-1368
9.99163508415	-1368
9.99166512489	-1368
9.99169707298	-1368
9.99172711372	-1368
9.99248409271	543
10.0024871826	1368
10.0954020023	-1368
10.0955250263	-1368
10.0955941677	-1368
10.1053462029	-1368
10.1053831577	-1368
10.1054019928	-1368
10.1321251392	-159
10.1438121796	775
10.2951920033	-543
10.2959361076	543
10.5492930412	-543
10.670935154	-1368
10.745549202	-1231
10.7474710941	543
10.8571431637	-1368
10.8571732044	-1368
10.8571960926	-1368
10.8575291634	-1368
10.8575680256	-1368
10.8575851917	-1368
10.8578300476	-1368
10.8578691483	-1368
10.857886076	-1368
10.8582191467	-1368
10.8582680225	-1368
10.8582940102	-1368
10.8969151974	-1350
10.9071290493	-1368
10.9071900845	-1368
10.9145610332	-1368
10.9146142006	-1368
10.9146251678	-1368
10.952903986	-1368
10.9529321194	-1368
10.9529540539	-1368
10.9532210827	543
11.0229291916	-1368
11.0229589939	-1368
11.0229752064	-1368
11.0583870411	-546
11.0745711327	-1368
11.0746011734	-1368
11.1378901005	-1368
11.2097580433	-580
11.2168960571	543
11.3653330803	-1368
11.3653790951	-203
11.405354023	543
11.8010671139	-543
11.9524960518	-1368
11.9896771908	-1231
11.9923241138	543
12.5775771141	-1057
12.6147232056	1368
12.6148660183	203
12.7676620483	1057
12.9335401058	543
13.3896410465	-1368
13.3896651268	-1368
13.3896842003	-891
13.3900420666	-1368
13.3900790215	-1368
13.3901391029	-1368
13.3903810978	543
13.5048031807	-1368
13.5048360825	-1368
13.5048530102	-1368
13.5122020245	-1368
13.5122339725	-1368
13.5122401714	-1368
13.512583971	-1368
13.5126130581	-1368
13.5126411915	-1368
13.5130121708	-1368
13.5130400658	-1368
13.5130660534	-1368
13.5134830475	-1368
13.5135090351	-1368
13.5135390759	-1368
13.5136721134	-1368
13.5136990547	-1368
13.5137310028	-1368
13.5413691998	-1005
13.5417530537	543
13.6270520687	-1368
13.6271011829	-1368
13.6271541119	-1368
13.6272270679	-1368
13.627256155	-1368
13.6362361908	-1368
13.6363971233	-1368
13.6364290714	-1368
13.636785984	-1368
13.6368551254	-1368
13.6369071007	-1368
13.6369180679	-1368
13.6372361183	-1368
13.6372601986	-1368
13.6374230385	-1368
13.6562349796	-1368
13.656275034	-1368
13.6562809944	-1368
13.6563081741	-1368
13.6635630131	-1368
13.6636080742	-1368
13.6636161804	-1368
13.6636250019	-1368
13.663779974	-1368
13.6638140678	-1368
13.663834095	-1368
13.6638600826	-1368
13.6639461517	-1368
13.6639800072	-1368
13.6639959812	-1368
13.6640241146	-1368
13.6931660175	-776
13.6932749748	1086
13.7359001637	-1368
13.7359721661	-1368
13.7360301018	-1368
13.7360751629	-1368
13.7361011505	-1368
13.736123085	-1368
13.7421441078	-1368
13.7422740459	-1368
13.7423450947	-1368
13.7423560619	-1368
13.7423710823	-1368
13.7423770428	-1368
13.7426230907	-1368
13.7426691055	-1368
13.7427110672	-1368
13.7633039951	-1368
13.763351202	-1368
13.7633581161	-1368
13.7641050816	-1368
13.7641291618	-1368
13.7647221088	-1368
13.7784872055	-1368
13.7785251141	-1368
13.7785329819	-1368
13.778550148	-1368
13.7786140442	-1368
13.7786390781	-1368
13.7786669731	-1368
13.7786931992	-1368
13.7790501118	1368
13.7876520157	-1368
13.7876751423	-1368
13.7877020836	-1368
13.7877321243	-1368
13.7878270149	-1368
13.7878530025	-1368
13.7878901958	-1368
13.7879080772	-1368
13.7882101536	-1368
13.788241148	-1368
13.7882761955	-1368
13.7883110046	-1368
13.7883570194	-1368
13.7883751392	-1368
13.7884089947	-1368
13.7884271145	-1368
13.7886071205	-1368
13.7886381149	-1368
13.7886710167	-1368
13.7886991501	-1368
13.8076000214	-1368
13.8076250553	-1368
13.807641983	-1368
13.8076450825	-1368
13.8077380657	-1368
13.80777812	-1368
13.807806015	-1368
13.8078320026	-1368
13.8149461746	-1368
13.8149740696	-1368
13.8149909973	-1368
13.8150370121	-1368
13.8150620461	-1368
13.8150970936	-1368
13.8151230812	-1368
13.8151462078	-1368
13.8151841164	-1368
13.8152141571	-1368
13.8152270317	-1368
13.8152570724	-1368
13.8152821064	-1368
13.8155369759	1368
13.8446760178	-150
13.84476614	522
13.850782156	-1368
13.8508629799	-1368
13.850880146	-1368
13.850883007	-1368
13.850921154	-1368
13.8509380817	-1368
13.8514811993	-1368
13.8515110016	-1368
13.8515291214	-1368
13.8570539951	-1368
13.8570921421	-1368
13.8571050167	-1368
13.8576421738	-1368
13.8576540947	-1368
13.8818030357	-543
13.8886470795	-1368
13.8886921406	-1368
13.8887181282	-1368
13.8887381554	-1368
13.888764143	-1368
13.8887910843	-1368
13.8888320923	-1368
13.8888499737	-1368
13.8888771534	-1368
13.888903141	-1368
13.8889350891	-1368
13.8889660835	-1368
13.8945291042	-1368
13.8945550919	-1368
13.8945720196	-1368
13.8945860863	-1368
13.8946251869	-1368
13.8946671486	-1368
13.8946950436	-1368
13.8947281837	-1368
13.8947560787	-1368
13.8947761059	-1368
13.8948171139	-1368
13.8948340416	-1368
13.8948700428	-1368
13.8948891163	-1368
13.8949170113	-1368
13.894947052	-1368
13.8953630924	1368
13.9147109985	-1368
13.9147381783	-1368
13.914755106	-1368
13.9147582054	-1368
13.9148490429	-1368
13.9148759842	-1368
13.9149031639	-1368
13.9149291515	-1368
13.9156041145	-1368
13.9156150818	-1368
13.9156370163	-1368
13.9156570435	-1368
13.9315760136	-1368
13.9316821098	-1368
13.9317131042	-1368
13.9317400455	-1368
13.9317669868	-1368
13.931841135	-1368
13.9332010746	-1368
13.9333131313	-1368
13.9333600998	-1368
13.933368206	-1368
13.9333779812	-1368
13.9334480762	-1368
13.9336850643	-1368
13.9337091446	-1368
13.9337711334	-1368
13.933797121	-1368
13.933822155	-1368
13.9344820976	1368
13.9962460995	-1323
13.9962761402	522
13.9997282028	543
14.0009109974	-1368
14.0009551048	-1368
14.0010020733	-1368
14.0074059963	-1368
14.1221871376	-1368
14.1475880146	-472
14.2371020317	-1368
14.2371330261	-1368
14.2371501923	-1368
14.2988870144	-66
14.3000869751	543
14.5493052006	543
14.8915281296	-543
15.0538430214	-1368
15.0815870762	-1231
15.0840241909	1057
15.6733851433	-1368
15.673418045	-203
15.8261361122	-543
16.0174891949	-1057
16.0233252048	1368
16.0234332085	203
17.353085041	-543
17.5323321819	-543
17.5488631725	-543
17.5558609962	1057
17.8911721706	-543
17.9997181892	543
17.9997501373	543
17.9997751713	543
18.1445159912	1368
18.1446361542	717
18.4823701382	-543
18.4895219803	-543
18.5295290947	-543
18.5349450111	-543
18.7255301476	-543
18.7562680244	543
18.8768591881	-1057
19.0755431652	-543
19.2107410431	-1368
19.210777998	-1368
19.2112259865	-1368
19.2112531662	-1368
19.2112641335	-1368
19.2118480206	543
19.2268950939	-957
19.3257570267	-1368
19.325838089	-1368
19.325854063	-1368
19.3329610825	-1368
19.3329970837	-1368
19.3620831966	-1368
19.3621530533	-1368
19.3622591496	-1368
19.3622860909	-1368
19.3625249863	-1368
19.3625791073	-1368
19.3626060486	-1368
19.3626320362	-1368
19.36267519	-1368
19.3626921177	-1368
19.417702198	-1368
19.4177570343	-1368
19.4772222042	-1368
19.4773540497	-1368
19.4773960114	-1368
19.4774010181	-1368
19.4774141312	-1368
19.4774181843	-1368
19.4780981541	1057
19.4842071533	-1368
19.4843161106	-1368
19.513449192	-1368
19.5134761333	-1368
19.5134971142	-1368
19.5135099888	-1368
19.5135860443	-1368
19.5136179924	-1368
19.5136430264	-1368
19.5136630535	-1368
19.5137910843	-1368
19.5138230324	-1368
19.5138430595	-1368
19.5139009953	-1368
19.5139520168	-1368
19.5139801502	-1368
19.514013052	-1368
19.5140399933	-1368
19.5140659809	-1368
19.5140960217	-1368
19.5141501427	-1368
19.5141789913	-1368
19.5535981655	-1368
19.5536241531	-1368
19.5691461563	-1368
19.5691761971	-1368
19.5691940784	-1368
19.5692071915	-1368
19.6287441254	-1368
19.6287691593	-1368
19.6287941933	-1368
19.6288051605	-1368
19.6288340092	-1368
19.6288661957	-1368
19.6289010048	-1368
19.6289191246	-1368
19.6289551258	-1368
19.6289730072	-1368
19.6290051937	-1368
19.629032135	-1368
19.6293141842	1368
19.6357460022	-1368
19.6358790398	232
19.6359221935	-1368
19.6359400749	-1368
19.6359632015	-1368
19.6648612022	-1368
19.6648960114	-1368
19.6649019718	-1368
19.664921999	-1368
19.6649491787	-1368
19.6649830341	-1368
19.6650111675	-1368
19.6650381088	-1368
19.6650650501	-1368
19.6650910378	-1368
19.6651241779	-1368
19.6651511192	-1368
19.6651790142	-1368
19.6652061939	-1368
19.6652350426	-1368
19.6652641296	-1368
19.6653192043	-1368
19.6653721333	-1368
19.6654059887	-1368
19.6654341221	-1368
19.665487051	-1368
19.6655161381	-1368
19.6655499935	-1368
19.6655790806	-1368
19.6656310558	-1368
19.6656591892	-1368
19.6656930447	-1368
19.6657440662	-1368
19.6658320427	-1368
19.6658492088	-1368
19.6658771038	-1368
19.6659071445	-1368
19.6659331322	-1368
19.6659991741	-1368
19.6660242081	-1368
19.6660420895	-1368
19.6660721302	-1368
19.6661031246	-1368
19.6661310196	-1368
19.6661851406	-1368
19.6662039757	1368
19.7050080299	-1368
19.7050340176	-1368
19.7050540447	-1368
19.7050731182	-1368
19.7206351757	-1368
19.7206590176	-1368
19.7206790447	-1368
19.7206990719	-1368
19.7207291126	-1368
19.7207570076	-1368
19.720785141	-1368
19.7208120823	-1368
19.7801980972	-1368
19.7802321911	-1368
19.7802610397	-1368
19.7802650928	-1368
19.7802810669	-1368
19.7803092003	-1368
19.7803161144	-513
19.7868380547	1368
19.7870922089	493
20.3076310158	-543
20.4679121971	-1368
20.497546196	-203
20.5027010441	543
20.9600081444	-1368
20.9601311684	-203
20.9709281921	1057
21.1114799976	-543
21.3589060307	-543
21.5764141083	-543
21.7956831455	-1057
21.8344922066	1057
21.9097011089	1368
21.9134881496	1368
21.9152030945	1368
21.923677206	1368
21.9238841534	-543
21.985833168	356
22.000300169	543
22.0003380775	543
22.3527581692	-543
22.4677610397	-1368
22.4677979946	-1368
22.4678111076	-1368
22.4682490826	543
22.504019022	-66
22.5108001232	1368
22.5568990707	-1368
22.5829501152	-1368
22.6154279709	1368
22.6197609901	464
22.6622431278	-464
22.6976811886	-1368
22.6977171898	-1368
22.6977272034	-1368
22.7098381519	1368
22.771032095	232
22.8489160538	-66
23.0424141884	-543
23.0499830246	1057
23.1431770325	-1368
23.193721056	-261
23.3143451214	-1368
23.3143742085	-1368
23.3143930435	-1368
23.3159561157	543
23.3296561241	-1368
23.3451399803	-841
23.4672532082	1086
23.4965322018	-1057
23.6572511196	543
23.6855871677	-543
23.712280035	-1368
23.7442350388	-1368
23.7444620132	-1368
23.7444901466	-1368
23.7742030621	-1368
23.774241209	-1368
23.7742681503	-1368
23.8085851669	543
23.8265151978	-543
23.8271641731	-1368
23.8274149895	-1368
23.8274431229	-1368
23.8376049995	-1368
23.8376421928	-1118
23.8734121323	1368
23.9973530769	232
24.0005521774	543
24.0006341934	543
24.0006701946	543
24.0249090195	-543
24.2137000561	-1057
24.2153689861	1057
24.3149490356	-1368
24.3149909973	-1368
24.3651189804	-891
24.5502650738	-1368
24.5535421371	-1260
24.5652961731	1057
24.7025401592	-543
24.7043290138	-1368
24.7048151493	-717
24.7331421375	-543
24.7532570362	1057
24.7610180378	-1368
24.7610390186	-1368
24.761603117	-1368
24.8192250729	-1368
24.8192579746	-1368
24.8192820549	-1368
24.8561050892	-1189
24.8574941158	1368
24.9340250492	-1368
24.9340651035	1289
24.9340770245	-1368
24.9341440201	-1368
24.9999279976	543
25.0073771477	-580
25.0117721558	1368
25.0855791569	775
25.1631879807	-543
25.1894850731	-543
25.2830321789	-1368
25.2831361294	-1368
25.2832109928	-1368
25.2832200527	-1368
25.2832319736	-1368
25.2832369804	-1368
25.2832450867	-1368
25.2832500935	-1368
25.2832660675	-1368
25.2832911015	-1368
25.2833139896	-1368
25.2837951183	-1368
25.2838430405	-1368
25.2838480473	-1368
25.2838690281	-1368
25.2910630703	543
25.3407950401	-1368
25.3408951759	-1368
25.3521401882	-1368
25.3522121906	-1368
25.3522651196	-1368
25.3576459885	-1287
25.3687400818	-1368
25.3687779903	-1368
25.397397995	-1368
25.3974301815	-1368
25.434513092	-1368
25.4345390797	-1368
25.4345571995	-1368
25.4345781803	-1368
25.4346051216	-1368
25.4346380234	-1368
25.4346690178	-1368
25.4346940517	-1368
25.4347300529	-1368
25.4347481728	-1368
25.4347910881	-1368
25.4348080158	-1368
25.4348371029	-1368
25.4348621368	-1368
25.4348900318	-1368
25.4349219799	-1368
25.4349482059	-1368
25.4349792004	-1368
25.435005188	-1368
25.4350321293	-1368
25.4352359772	-1368
25.4352719784	-1368
25.4352900982	-1368
25.4353690147	-1368
25.4354071617	-1368
25.4354250431	-1368
25.435459137	-1368
25.4355111122	-1368
25.4355931282	1368
25.442497015	-1368
25.4425270557	804
25.4425370693	-1368
25.4923341274	-1368
25.4923541546	-1368
25.4923770428	-1368
25.492401123	-1368
25.5036971569	-1368
25.5037181377	-1368
25.5037381649	-1368
25.5037641525	-1368
25.5089991093	-1368
25.5090260506	-1368
25.5090620518	-1368
25.5090870857	-1368
25.5201780796	-1368
25.5201981068	-1368
25.5202240944	-1368
25.5202441216	-1368
25.5487241745	-1368
25.5487990379	-1368
25.5488259792	-1368
25.5488541126	-1368
25.5861430168	-1368
25.5861580372	-1368
25.5861840248	-1368
25.5862140656	-1368
25.5863301754	-1368
25.586356163	-1368
25.5863850117	-1368
25.5864121914	-1368
25.5864400864	-1368
25.5864751339	-1368
25.5865030289	-1368
25.5865571499	-1368
25.5865850449	-1368
25.5866150856	-1368
25.5866441727	-1368
25.586659193	1368
25.5866971016	-1368
25.5867230892	-1368
25.5867590904	-1368
25.5867841244	-1368
25.5868120193	-1368
25.5868401527	-1368
25.5868680477	-1368
25.5868999958	-1368
25.5869281292	-1368
25.5869560242	-1368
25.5869832039	-1368
25.5870411396	-1368
25.5870771408	-1368
25.5870940685	-1368
25.5871241093	-1368
25.5871779919	-1368
25.5872151852	-1368
25.5872330666	-1368
25.5872612	-1368
25.5872859955	-1368
25.5873441696	-1368
25.5873692036	-1368
25.5874052048	-1368
25.5874230862	-1368
25.5874660015	-1368
25.5874819756	-1368
25.5875430107	-1368
25.5875601768	-1368
25.5875921249	-1368
25.5876190662	-1368
25.5876471996	-1368
25.5876991749	-1368
25.5877330303	-1368
25.5877580643	-1368
25.5877921581	-1368
25.5878100395	-1368
25.5878381729	-1368
25.5878791809	-1368
25.587895155	-1368
25.5879240036	-1368
25.588009119	-1368
25.5882229805	1368
25.5938870907	-1368
25.5939021111	522
25.5939130783	-1368
25.6336381435	-1368
25.6337251663	-1368
25.643748045	-1368
25.6437900066	-1368
25.6438400745	-1368
25.6438770294	-1368
25.6439101696	-1368
25.643944025	-1368
25.6439700127	-1368
25.6439981461	-1368
25.6550791264	-1368
25.6551110744	-1368
25.6551311016	-1368
25.6551589966	-1368
25.6552941799	-1368
25.6553230286	-1368
25.6553502083	-1368
25.6553790569	-1368
25.6608910561	-1368
25.6609201431	-1368
25.6609470844	-1368
25.6609840393	-1368
25.6610000134	-1368
25.6610441208	-1368
25.6610682011	-1368
25.6610870361	-1368
25.6612281799	1368
25.6715300083	-1368
25.6715531349	-1368
25.6715672016	-1368
25.6715950966	-1368
25.6716341972	-1368
25.6716601849	-1368
25.6716890335	-1368
25.6717150211	-1368
25.7001590729	-1368
25.7001800537	-1368
25.7002000809	-1368
25.7002279758	-1368
25.7002542019	-1368
25.70028615	-1368
25.7003211975	-1368
25.7003390789	-1368
25.7376229763	-1368
25.7376639843	-1368
25.7376899719	-1368
25.737719059	-1368
25.7379631996	-1368
25.7379910946	-1368
25.7380521297	-1368
25.7380700111	-1368
25.738451004	-1368
25.738476038	-1368
25.7385060787	-1368
25.7385630608	-1368
25.7388880253	-1368
25.7389171124	-1368
25.7389461994	-1368
25.7389831543	-1368
25.7390081882	-1368
25.7390379906	-1368
25.7390589714	-1368
25.7390980721	-1368
25.7391140461	-1368
25.7391459942	-1368
25.7391750813	-1368
25.7392120361	-1368
25.7392270565	-1368
25.7392981052	-1368
25.7393209934	-1368
25.7393321991	-1368
25.7393419743	-1368
25.7393760681	-1368
25.7394001484	-1368
25.739428997	-1368
25.739467144	-1368
25.7394959927	-1368
25.7395191193	-1368
25.7395720482	-1368
25.7396011353	-1368
25.7396349907	-1368
25.7396540642	-1368
25.7396810055	-1368
25.7397091389	-1368
25.7397801876	-1368
25.7398409843	-1368
25.7398531437	-1368
25.7398591042	-1368
25.7399070263	1368
25.7399241924	-1368
25.7399539948	-1368
25.7399790287	-1368
25.7400021553	-1368
25.7400391102	-1368
25.7400569916	-1368
25.7401170731	-1368
25.7401351929	-1368
25.7401661873	-1368
25.7402291298	-1368
25.7402551174	-1368
25.7402729988	-1368
25.7403290272	-1368
25.7403821945	-1368
25.74041605	-1368
25.7404341698	-1368
25.7404770851	-1368
25.740511179	-1368
25.7405440807	-1368
25.7405610085	-1368
25.7406179905	-1368
25.7406461239	-1368
25.7406971455	-1368
25.740735054	-1368
25.7407422066	-424
25.7416520119	1368
25.7451059818	1326
25.8548669815	-1368
25.8920590878	-1231
25.892676115	1368
25.8964300156	1318
26.0433499813	-543
26.0478770733	543
26.1992440224	-543
26.4062240124	-543
26.4234859943	-1368
26.4687922001	-1368
26.4688110352	-1368
26.4699380398	-1368
26.4699640274	-1368
26.4699912071	-1368
26.4790802002	-1368
26.4791049957	-1368
26.4791200161	-1368
26.5040991306	-1368
26.5041451454	-1368
26.5041720867	-1368
26.5049769878	-1368
26.5055510998	-1368
26.5055761337	-1368
26.5057561398	-1368
26.5057861805	-1368
26.5058159828	-1368
26.5059840679	-1368
26.506013155	-1368
26.5062019825	543
26.5074951649	-1368
26.5075221062	-1368
26.5075449944	-1368
26.5091450214	-1368
26.5091741085	-1368
26.5111579895	-1368
26.5111870766	-1368
26.5148561001	-1368
26.5148911476	-1368
26.5188581944	1368
26.52008605	-1368
26.5201439857	-1368
26.5401380062	-1368
26.54018116	-1368
26.5402061939	-1368
26.5441219807	-1368
26.5441482067	-1368
26.5451200008	-1368
26.5451481342	-1368
26.5464560986	-1368
26.5464811325	-1368
26.5465111732	-1368
26.5478341579	-1368
26.5478610992	-1368
26.5489141941	-1368
26.5489411354	-1368
26.5505890846	-1368
26.5506150723	-1368
26.5516691208	-1368
26.5517091751	-1368
26.5517251492	-1368
26.5526480675	-1368
26.5527360439	-1368
26.556622982	-1368
26.5566520691	-1368
26.5566790104	-1368
26.5567071438	-1368
26.557639122	-1368
26.5576660633	-1368
26.5576910973	-1368
26.5578591824	1368
26.5592741966	-1368
26.5593011379	-1368
26.5595881939	-1368
26.5596151352	-1368
26.5748331547	-1096
26.6575241089	-1368
26.6575419903	-1368
26.6706311703	464
26.6748220921	-1368
26.674875021	-1368
26.6756060123	-1368
26.6756331921	-1368
26.6756711006	-1368
26.6756880283	-1368
26.6757190228	-1368
26.6761231422	-1368
26.6762111187	-1368
26.6762270927	-1368
26.6764731407	-1368
26.6765401363	-1368
26.6765890121	-1368
26.6767530441	-1368
26.6768481731	-1368
26.6768641472	-1368
26.6768951416	-1368
26.6771090031	-1368
26.6771700382	-1368
26.6771860123	-1368
26.7442100048	55
