0	-543
0.0518469810486	543
0.051910161972	543
1.05321598053	543
1.05334496498	565
1.41698098183	1057
1.73752403259	-543
1.82717895508	-1298
1.8273460865	-1298
1.82736897469	-1298
1.82738804817	-1298
1.83985209465	-1298
1.83997702599	-1298
1.84001207352	-1298
1.84003210068	-1298
1.88891816139	1057
1.90127205849	-70
1.92442107201	-1298
1.92446804047	-1298
1.94984316826	1298
1.95249509811	-1298
2.01414418221	816
2.02653717995	-276
2.21983718872	-543
2.22026109695	1298
2.22039413452	273
2.22736096382	-1298
2.227394104	-1298
2.2274210453	-1298
2.22754406929	-1298
2.22757315636	-1298
2.22759914398	-1298
2.22763609886	-1298
2.22765302658	-1298
2.22770404816	-1298
2.22774100304	-1298
2.22777605057	-1298
2.22780108452	-1298
2.23909807205	-1298
2.34521198273	-1298
2.34533405304	-1298
2.34560012817	543
2.35278701782	-1298
2.3528470993	-1298
2.35288310051	-1298
2.35292196274	-1298
2.35295796394	-1298
2.35299396515	-1298
2.35303902626	-1298
2.35307312012	-1298
2.35310697556	-1298
2.35314702988	-1298
2.3531639576	-1298
2.35320615768	-1298
2.3532409668	-1298
2.35327410698	-1298
2.35330700874	-1298
2.35335898399	-1298
2.35342097282	-1298
2.3534321785	-1298
2.40190505981	-1298
2.40212702751	-1298
2.47082805634	-1298
2.4709379673	-1298
2.47845411301	-1298
2.47851014137	543
2.47853302956	-1298
2.47854113579	-1298
2.47855401039	-1298
2.47855901718	-1298
2.47857117653	-1298
2.47857904434	-1298
2.47861814499	-1298
2.47865414619	-1298
2.4786939621	-1298
2.4787311554	-1298
2.47875809669	-1298
2.47894001007	-1298
2.47910809517	-1298
2.479129076	-1298
2.47915506363	-1298
2.47918796539	-1298
2.47921299934	-1298
2.47924017906	-1298
2.47939300537	-1298
2.47941613197	-1298
2.47947311401	-1298
2.47952508926	-1298
2.47958517075	-1298
2.47961616516	-1298
2.47965312004	-1298
2.48140716553	1298
2.52671217918	-1298
2.52784013748	-1298
2.52795910835	-1298
2.52803611755	-1298
2.59676814079	-1298
2.5968310833	-1298
2.60465812683	-1298
2.60481500626	331
2.60483503342	-1298
2.60485005379	-1298
2.60488915443	-1298
2.60490012169	-1298
2.60491704941	-1298
2.60492396355	-1298
2.60493612289	-1298
2.6049451828	-1298
2.60495710373	-1298
2.60496401787	-1298
2.60497808456	-1298
2.60498595238	-1298
2.60500502586	-1298
2.60501217842	-1298
2.60501718521	-1298
2.60505199432	-1298
2.60508203506	-1298
2.60510206223	-1298
2.60512804985	-1298
2.60514497757	-1298
2.60519099236	-1298
2.60520911217	-1298
2.60523700714	-1298
2.605271101	-1298
2.60528898239	-1298
2.60533905029	-1298
2.60537600517	-1298
2.60539317131	-1298
2.60543298721	-1298
2.60544896126	-1298
2.60548996925	-1298
2.60551714897	-1298
2.60554409027	-1298
2.60559010506	-1298
2.6056330204	-1298
2.60714411736	-1298
2.60718297958	-1298
2.60987210274	1298
2.65371012688	-1298
2.6537771225	-1298
2.65389418602	-1298
2.65401101112	-1298
2.65408015251	-1298
2.65413498878	-1298
2.72255110741	-1298
2.72270512581	-1298
2.73071908951	-1298
2.73079705238	331
2.73080706596	-1298
2.73081612587	-1298
2.73082995415	-1298
2.7308371067	-1298
2.73084712029	-1298
2.73085212708	-1298
2.73086309433	-1298
2.73086905479	-1298
2.73089003563	-1298
2.73092913628	-1298
2.7309691906	-1298
2.73100399971	-1298
2.73103713989	-1298
2.73107099533	-1298
2.731112957	-1298
2.73115897179	-1298
2.73116612434	-1298
2.73118400574	-1298
2.73121118546	-1298
2.73123908043	-1298
2.7312669754	-1298
2.73131012917	-1298
2.7313170433	-1298
2.7313451767	-1298
2.73138213158	-1298
2.73140001297	-1298
2.73143410683	-1298
2.73145198822	-1298
2.73148608208	-1298
2.7315261364	-1298
2.7315530777	-1298
2.73159503937	-1298
2.73161196709	-1298
2.7318341732	-1298
2.73185896873	-1298
2.73188400269	-1298
2.73191404343	-1298
2.73195004463	-1298
2.73197698593	-1298
2.73200011253	-1298
2.73202109337	-1298
2.73206210136	-1298
2.73213410378	-1298
2.73216295242	-1298
2.73219704628	-1298
2.73248100281	-1298
2.73255896568	-1298
2.73540997505	1298
2.73549318314	-1298
2.77902913094	-1298
2.77921319008	-1298
2.779266119	-1298
2.7793700695	-74
2.77966403961	1298
2.8263220787	-1298
2.82645702362	-1298
2.86129307747	1176
2.90469408035	-517
2.91043996811	1298
2.9869530201	845
3.29356718063	-543
3.36994314194	-1298
3.4572019577	-1298
3.45723414421	-604
3.45982408524	1298
3.45983695984	1298
3.45996117592	3
3.56763696671	-1298
3.56766414642	-1298
3.586632967	-61
3.6066031456	1298
3.60672211647	787
3.72473096848	-1298
3.72479200363	-1298
3.72491502762	-1298
3.7251970768	-1298
3.72524905205	-1298
3.72539806366	-1298
3.7254691124	-1298
3.72549510002	-1298
3.7255320549	-1298
3.72554898262	-1298
3.72558617592	-1298
3.72564506531	-1298
3.72572016716	-1298
3.72994208336	-1298
3.73001718521	-1298
3.73003697395	-1298
3.73242902756	-82
3.74579501152	-1298
3.7458729744	-1298
3.74588108063	-1298
3.7462451458	543
3.82878398895	-1298
3.8288371563	-1298
3.82886600494	-1298
3.8294839859	-1298
3.82952618599	-1298
3.83006095886	-1298
3.83061718941	-1298
3.83071208	-1298
3.83077597618	-1298
3.83136510849	-1298
3.83139801025	-1298
3.83143615723	-1298
3.87115311623	-837
3.9812810421	-1298
3.98134303093	-1298
3.98138213158	-1298
3.98931312561	-1298
3.98939418793	-1298
3.9894080162	-1298
3.98980402946	543
3.99865698814	-1298
3.99869799614	-1298
3.99890303612	-1298
4.00438117981	-1298
4.00453495979	-1298
4.00455999374	-1298
4.0080871582	-1298
4.00967812538	-1298
4.00973701477	-1298
4.0113401413	-1298
4.01139807701	-1298
4.01158213615	-1298
4.0144879818	-1298
4.01455116272	-1298
4.01458215714	-1298
4.01635313034	-1298
4.01775407791	-1298
4.01779103279	-1298
4.01939201355	-1298
4.02069497108	-1298
4.02076601982	-1298
4.02081799507	-1298
4.02191615105	-1298
4.02207708359	-1298
4.02319812775	-1298
4.02425408363	-1298
4.02432203293	-1298
4.02433514595	-1298
4.02624702454	-1298
4.02627897263	-1298
4.0335111618	-1298
4.03367710114	-1298
4.106798172	-1298
4.10686397552	-1298
4.114757061	-1298
4.11481499672	-1298
4.11486005783	-1298
4.11493611336	-1298
4.1149790287	-1298
4.11503601074	-1298
4.11546397209	1298
4.1212439537	-1298
4.12138009071	874
4.12433218956	-1298
4.12441301346	-1298
4.12447214127	-1298
4.13003206253	-1298
4.1301150322	-1298
4.13013100624	-1298
4.13017201424	-1298
4.13028812408	-1298
4.13031601906	-1298
4.13536310196	-1298
4.1354329586	-1298
4.13682603836	-1298
4.13687515259	-1298
4.13700008392	-1298
4.13702511787	-1298
4.1370370388	-1298
4.13711595535	-1298
4.13983607292	-1298
4.13990402222	-1298
4.13991498947	-1298
4.139950037	-1298
4.14197897911	-1298
4.14203214645	-1298
4.14321208	-1298
4.14324212074	-1298
4.14336705208	-1298
4.1434211731	-1298
4.14627218246	-1298
4.14631199837	-1298
4.1463201046	-1298
4.14633703232	-1298
4.14637207985	-1298
4.14639210701	-1298
4.14831495285	-1298
4.14839100838	-1298
4.14964699745	-1298
4.14967513084	-1298
4.1497220993	-1298
4.14983797073	-1298
4.15000200272	-1298
4.15007996559	-1298
4.15043115616	1298
4.15196800232	-1298
4.15202713013	-1298
4.15206408501	-1298
4.15207099915	-1298
4.15889406204	-1298
4.15893006325	-1298
4.22027611732	-1298
4.23267698288	-1298
4.23284196854	-1298
4.23289012909	-1298
4.24027299881	-1298
4.24030518532	-1298
4.24033117294	-1298
4.24036598206	-1298
4.24040317535	-1298
4.24045300484	-1298
4.24046897888	-1298
4.24062013626	-1298
4.24517011642	-1298
4.24694013596	-1298
4.24696612358	874
4.24993300438	-1298
4.24996495247	-1298
4.25000309944	-1298
4.25003600121	-1298
4.2552690506	-1298
4.25537896156	-1298
4.25540304184	-1298
4.25542402267	-1298
4.25548696518	-1298
4.25551700592	-1298
4.25566601753	-1298
4.25569009781	-1298
4.26073598862	-1298
4.2607691288	-1298
4.26078915596	-1298
4.26081705093	-1298
4.26241016388	-1298
4.26243901253	-1298
4.26246500015	-1298
4.26249313354	-1298
4.26252198219	-1298
4.26256513596	-1298
4.26261806488	-1298
4.26265311241	-1298
4.26533007622	-1298
4.26536202431	-1298
4.26538395882	-1298
4.26538801193	-1298
4.2653939724	-1298
4.26542806625	-1298
4.26774215698	-1298
4.26782512665	-1298
4.26789116859	-1298
4.26790308952	-1298
4.26883006096	-1298
4.26889705658	-1298
4.26896905899	-1298
4.26897501945	-1298
4.26898908615	-1298
4.26900696754	-1298
4.2694029808	1298
4.27198314667	-1298
4.27207016945	-1298
4.272149086	-1298
4.27216100693	-1298
4.27217411995	-1298
4.27218604088	-1298
4.27220106125	-1298
4.27220797539	-1298
4.27435016632	-1298
4.27438902855	-1298
4.27441716194	-1298
4.27442502975	-1298
4.27488803864	-1298
4.27511906624	-1298
4.27518296242	-1298
4.27525806427	-1298
4.27529406548	-1298
4.27533507347	-1298
4.27537417412	-1298
4.2754650116	-1298
4.27571415901	1298
4.27619600296	-1298
4.27634501457	-1298
4.27761006355	-1298
4.27766895294	-1298
4.27770209312	-1298
4.27773308754	-1298
4.27775001526	-1298
4.27777814865	-1298
4.28427410126	-1298
4.28431010246	-1298
4.28437495232	-1298
4.28449702263	-1298
4.35828518867	-1298
4.35838413239	-1298
4.3584690094	-1298
4.35848212242	-1298
4.35852313042	-1298
4.35872817039	-1298
4.36581611633	-1298
4.36587500572	-1298
4.36591911316	-1298
4.36592316628	-1298
4.36592912674	-1298
4.36593198776	-1298
4.36594009399	-1298
4.36599111557	-1298
4.36615610123	-1298
4.36619305611	-1298
4.36636710167	-1298
4.36642217636	-1298
4.37250709534	-1298
4.37254595757	662
4.37272310257	-1298
4.37531518936	-1298
4.37540411949	-1298
4.37549996376	-1298
4.3755800724	-1298
4.37559914589	-1298
4.37566518784	-1298
4.38066315651	-1298
4.38073301315	-1298
4.38076400757	-1298
4.38094115257	-1298
4.38104701042	-1298
4.38118505478	-1298
4.38125896454	-1298
4.38128209114	-1298
4.38129997253	-1298
4.38132214546	-1298
4.38135695457	-1298
4.38145399094	-1298
4.38643598557	-1298
4.38657903671	-1298
4.38660216331	-1298
4.38662004471	-1298
4.38662815094	-1298
4.38676214218	-1298
4.38745212555	1298
4.38780713081	-1298
4.38784718513	-1298
4.38787508011	-1298
4.38788318634	-1298
4.38789701462	-1298
4.38795518875	-1298
4.38797497749	-1298
4.38803195953	-1298
4.38809609413	-1298
4.38815712929	-1298
4.38819408417	-1298
4.38831305504	-1298
4.39084196091	-1298
4.39087605476	-1298
4.39090299606	-1298
4.3909201622	-1298
4.39094209671	-1298
4.39099502563	-1298
4.39102315903	-1298
4.39105701447	-1298
4.391092062	-1298
4.39116597176	-1298
4.39146208763	1298
4.39337396622	-1298
4.39341711998	-1298
4.39344596863	-1298
4.39346313477	-1298
4.39350509644	-1298
4.39352703094	-1298
4.3941860199	-1298
4.39436602592	-1298
4.39441013336	-1298
4.39441895485	-1298
4.39443707466	-827
4.41931414604	-1298
4.41938900948	-1298
4.41940402985	-1298
4.41941618919	-1298
4.41942214966	-1298
4.41955208778	-1298
4.41957211494	-1298
4.41962599754	-1298
4.41963601112	-1298
4.41970896721	-1298
4.41971802711	-1298
4.41973304749	-1298
4.41980409622	-1298
4.41982007027	-1298
4.41983819008	-1298
4.41990303993	-1298
4.41998910904	-1298
4.41999912262	-1298
4.4200501442	-1298
4.42007613182	-1298
4.42017912865	-1298
4.4202401638	-1298
4.42027401924	-1298
4.42030215263	-1298
4.42032909393	-1298
4.42036604881	-1298
4.42045617104	-1298
4.42050695419	-1298
4.43097710609	-1298
4.43108606339	-1298
4.43115401268	-1298
4.43180704117	-1298
4.43184518814	-1298
4.43185806274	-1298
4.43189907074	1298
4.43191719055	-1298
4.43215918541	-1298
4.4322271347	-1298
4.43227815628	-1298
4.43231296539	-1298
4.43243002892	-1298
4.4324631691	-1298
4.43269109726	-1298
4.43272209167	-1298
4.43277406693	-1298
4.43297696114	-1298
4.43299508095	-1298
4.43302202225	-1298
4.44376015663	-1298
4.513215065	906
4.51808810234	-1298
4.5181081295	-1298
4.5181210041	-1298
4.51843214035	-1298
4.51845002174	-1298
4.51847696304	-1298
4.51851201057	-1298
4.51853704453	-1298
4.51863217354	-1298
4.51873707771	-1298
4.51880502701	-1298
4.51886105537	-1298
4.51889514923	-1298
4.51910018921	-1298
4.5191321373	-1298
4.51916599274	-1298
4.51923298836	-1298
4.51927018166	-1298
4.51930117607	-1298
4.5193669796	-1298
4.51938509941	-1298
4.51941800117	-1298
4.51947999001	-1298
4.51953411102	-1298
4.51958298683	-1298
4.51982116699	-1298
4.51994299889	-1298
4.51997113228	-1298
4.52003908157	-1298
4.52013611794	-1298
4.52018213272	-1298
4.53163909912	-1298
4.53165411949	-1298
4.53170609474	-1298
4.53179216385	-1298
4.53216695786	-1298
4.5321791172	-1298
4.53222107887	-1298
4.532351017	-1298
4.5323870182	-1298
4.53246617317	1298
4.53256297112	-1298
4.5325820446	-1298
4.53266310692	-1298
4.53271007538	-1298
4.54454016685	-1298
4.54455518723	-1298
4.54490208626	-1298
4.54491496086	-733
4.59689307213	1298
4.61711215973	-1298
4.61713814735	-1298
4.61715912819	-1298
4.61716198921	-1298
4.61716914177	-1298
4.61721897125	-1298
4.61723518372	-1298
4.61731314659	-1298
4.6173491478	-1298
4.6174120903	-1298
4.6175391674	-1298
4.61761617661	-1298
4.61766600609	-1298
4.61793017387	-1298
4.61800718307	-1298
4.61804413795	-1298
4.61808896065	-1298
4.61811995506	1298
4.61814713478	-1298
4.61824703217	-1298
4.61827611923	-1298
4.61830806732	-1298
4.61839318275	-1298
4.61846017838	-1298
4.61849212646	-1298
4.61853313446	-1298
4.61858010292	-1298
4.61861801147	-1298
4.61865615845	-1298
4.61868596077	-1298
4.6188211441	-1298
4.61890816689	-1298
4.62891507149	-1298
4.62895917892	-1298
4.62912201881	-1298
4.62917900085	-1298
4.62918400764	1298
4.62930297852	-1298
4.62965512276	-1298
4.62966704369	-1298
4.62973308563	-1298
4.6297621727	-1298
4.62981104851	-1298
4.63893699646	723
4.64004397392	1298
4.64156198502	-1298
4.64157915115	-1298
4.64159607887	-1298
4.6569750309	1298
4.67032408714	-783
4.67903113365	1298
4.71767115593	-1298
4.71774315834	-1298
4.71781301498	-1298
4.71790599823	-1298
4.71794199944	-1298
4.71797704697	-1298
4.71811699867	-1298
4.71815299988	-1298
4.71819400787	-1298
4.71823215485	-1298
4.71831202507	-1298
4.71835517883	-1298
4.71839308739	-1298
4.71842813492	-1298
4.71852707863	-1298
4.71857118607	-1298
4.71862006187	-1298
4.71865916252	1298
4.7186729908	-1298
4.71870303154	-1298
4.71896600723	-1298
4.71902704239	-1298
4.7190580368	-1298
4.71908211708	-1298
4.71922898293	-1298
4.71926307678	-1298
4.71928310394	-1298
4.71931409836	-1298
4.71935009956	-1298
4.71936798096	-1298
4.71939396858	-1298
4.71942806244	-1298
4.71946597099	-1298
4.72984600067	-1298
4.72991609573	-1298
4.72995901108	-1298
4.72997498512	-1298
4.73000097275	-1298
4.73003411293	-1298
4.73005104065	-1298
4.73007917404	-1298
4.73011112213	-1298
4.73014307022	-1298
4.73016810417	-1298
4.73028516769	-1298
4.73037409782	-1298
4.73040509224	-1298
4.73053503036	-1298
4.75617218018	-1298
4.75619697571	-1298
4.75640416145	1298
4.76549601555	395
4.80431604385	-34
4.81674003601	-1298
4.81681895256	-1298
4.81700015068	-1298
4.81717205048	-1298
4.81721806526	-1298
4.81733012199	-1298
4.81734108925	-1298
4.81737112999	-1298
4.81743407249	-1298
4.81760311127	-1298
4.81768798828	-1298
4.81773400307	-1298
4.81829404831	-1298
4.81831908226	-1298
4.8184440136	-1298
4.81847214699	-1298
4.81850814819	-1298
4.81852316856	-1298
4.81855106354	-1298
4.81858205795	-1298
4.81863498688	-1298
4.81867003441	-1298
4.81873512268	-1298
4.81876707077	-1298
4.81880807877	-1298
4.81884002686	-1298
4.81890797615	-1298
4.81898903847	-1298
4.81906318665	-1298
4.81914710999	-1298
4.8265581131	-1298
4.82830309868	-1298
4.82847499847	-1298
4.8284971714	-1298
4.82977509499	-1298
4.82981300354	-1298
4.82985305786	-1298
4.83047008514	-1298
4.83086395264	-1298
4.83088707924	-1298
4.8311150074	-1298
4.83113312721	-1298
4.8311650753	-1298
4.83126115799	-1298
4.83138918877	1298
4.84115314484	-1298
4.84118008614	-1298
4.84120512009	-1298
4.91597700119	-1298
4.91601514816	331
4.91605496407	-1298
4.91609096527	-1298
4.91612005234	-1298
4.91624212265	-1298
4.9162800312	-1298
4.91629815102	-1298
4.91633105278	-1298
4.91637015343	-1298
4.91640400887	-1298
4.91643214226	-1298
4.91651415825	-1298
4.91651916504	-1298
4.91654610634	-1298
4.91657400131	-1298
4.91662502289	-1298
4.91666102409	-1298
4.91671895981	-1298
4.91675114632	-1298
4.91732096672	-1298
4.91735315323	-1298
4.91739201546	-1298
4.91743707657	-1298
4.91749000549	-1298
4.91752314568	-1298
4.91754102707	-1298
4.91757106781	-1298
4.91761612892	-1298
4.91766810417	-1298
4.91770505905	-1298
4.91777801514	-1298
4.91782808304	-1298
4.91786718369	-1298
4.91797995567	-1298
4.91802310944	-1298
4.91849112511	1298
4.92787909508	-1298
4.92790818214	-1298
4.92805695534	-1298
4.92823314667	-1298
4.92832899094	-1298
4.92853307724	-1298
4.92863202095	-1298
4.94233202934	-637
4.94899916649	1298
4.96896314621	-1298
4.96899604797	-1298
4.98192715645	1298
5.01520204544	-1298
5.01523399353	-1298
5.01525211334	-1298
5.01533603668	-1298
5.0153670311	-1298
5.01541399956	-1298
5.01544117928	-1298
5.01547598839	-1298
5.01550316811	-1298
5.01553010941	-1298
5.01560401917	-1298
5.01565313339	-1298
5.01573300362	-1298
5.01576399803	-1298
5.01579403877	-1298
5.01582217216	-1298
5.01588702202	-1298
5.01593804359	-1298
5.01599907875	-1298
5.01602911949	-1298
5.01622414589	-1298
5.01625013351	-1298
5.01628613472	-1298
5.01635909081	-1298
5.0164411068	-1298
5.01647615433	-1298
5.01651906967	-1298
5.01656699181	-1298
5.01665616035	-1298
5.01668810844	-1298
5.01684212685	-1298
5.01689100266	-1298
5.01696610451	-1298
5.01700115204	-1298
5.01703596115	-1298
5.01710605621	-1298
5.01717495918	-1298
5.0172970295	-1298
5.0175011158	1298
5.01933002472	1298
5.02696108818	-1298
5.02714514732	-1298
5.02722907066	-1298
5.02727603912	-1298
5.02735304832	-1298
5.02738809586	-1298
5.02742099762	-1298
5.02756595612	-1298
5.02764415741	-1298
5.02768707275	-1298
5.02782917023	-1298
5.03931713104	-1298
5.04370307922	967
5.06772398949	-310
5.11436915398	-1298
5.11440205574	-1298
5.11466598511	-1298
5.1146941185	-1298
5.11471796036	-1298
5.11474609375	-1298
5.11484217644	-1298
5.11485815048	-1298
5.11489200592	-1298
5.11492800713	-1298
5.11499214172	-1298
5.1150701046	-1298
5.11510300636	-1298
5.11514306068	-1298
5.11520600319	-1298
5.11528801918	-1298
5.11542105675	-1298
5.11547398567	-1298
5.11548900604	-1298
5.11554503441	-1298
5.1156129837	-1298
5.11564016342	-1298
5.11601018906	-1298
5.11610198021	-1298
5.1161429882	-1298
5.11618208885	-1298
5.11622309685	-1298
5.1162610054	-1298
5.11630797386	-1298
5.11634898186	-1298
5.11638307571	-1298
5.11641907692	-1298
5.11645698547	-1298
5.11650514603	-1298
5.11653399467	-1298
5.12098097801	1298
5.12346816063	-1298
5.12353897095	-1298
5.12357616425	-1298
5.12785601616	-1298
5.12789297104	-1298
5.12808799744	-1298
5.14005303383	-1298
5.14007496834	-1298
5.14009213448	-1298
5.14039802551	1298
5.2003121376	-1298
5.20035195351	119
5.21092700958	-1298
5.213545084	-1298
5.21357107162	-1298
5.21365213394	-1298
5.21371197701	-1298
5.21375513077	-1298
5.21380209923	-1298
5.21414899826	-1298
5.21431517601	-1298
5.21435809135	-1298
5.21439504623	-1298
5.21443200111	-1298
5.21448302269	-1298
5.21452903748	-1298
5.21457600594	-1298
5.21462202072	-1298
5.21466803551	-1298
5.21471405029	-1298
5.21476006508	-1298
5.21480917931	-1298
5.21505618095	-1298
5.21526002884	-1298
5.2153069973	-1298
5.21534609795	-1298
5.21538114548	-1298
5.21548509598	-1298
5.21559000015	-1298
5.21566700935	-1298
5.21575498581	-1298
5.21578216553	-1298
5.21581697464	-1298
5.21583604813	-1298
5.21588802338	-1298
5.21599507332	-1298
5.21608614922	-1298
5.21617007256	-1298
5.21629595757	-1298
5.22235512733	-1298
5.22248911858	-1298
5.22337007523	-1298
5.22358798981	-1298
5.23276805878	-1078
5.23757314682	-1298
5.23764204979	-1298
5.23775196075	-1298
5.23802113533	1298
5.26089000702	1298
5.29848217964	-1298
5.29853796959	-1298
5.29869198799	-1298
5.31310796738	-1298
5.31314611435	-1298
5.31316399574	-1298
5.31360411644	-1298
5.31400108337	-1298
5.31425309181	-1298
5.31433701515	-1298
5.31437015533	-1298
5.31440806389	-1298
5.31448197365	-1298
5.31495714188	-1298
5.31498908997	-1298
5.31544208527	-1298
5.31559300423	-1298
5.31567215919	-1298
5.31589603424	-1298
5.31632614136	-1298
5.31636309624	-1298
5.31640195847	-1298
5.31650805473	-1298
5.31656813622	-1298
5.31660604477	-1298
5.31688308716	-1298
5.31704115868	-1298
5.31712698936	-1298
5.3173789978	-1298
5.31740498543	-1298
5.31743407249	-1298
5.31788396835	-1298
5.31815814972	-1298
5.31819295883	-1298
5.31828308105	-1298
5.31831598282	-1298
5.31835603714	-1298
5.31837415695	-1298
5.32270097733	-1298
5.32279205322	-1298
5.3228161335	-1298
5.32377099991	-1298
5.32389712334	-1298
5.32397413254	-1298
5.32408499718	1298
5.32434415817	-1298
5.33672308922	-1298
5.33673596382	450
5.33675217628	-1298
5.33679199219	-1298
5.36276602745	-522
5.39788413048	-1298
5.39802002907	-1298
5.41054916382	-1298
5.41268801689	-1298
5.41271615028	-1298
5.41274905205	-1298
5.41277098656	-1298
5.41279411316	-1298
5.41289806366	-1298
5.41313695908	-1298
5.41315197945	-1298
5.41323900223	-1298
5.4133579731	-1298
5.41339015961	-1298
5.41344714165	-1298
5.41354298592	-1298
5.41364598274	-1298
5.4136800766	-1298
5.4137160778	-1298
5.41376018524	-1298
5.41380000114	-1298
5.41383695602	-1298
5.41388297081	-1298
5.41392207146	-1298
5.41395497322	-1298
5.41402101517	-1298
5.41409111023	-1298
5.41412115097	-1298
5.4141831398	-1298
5.41423606873	-1298
5.41426706314	-1298
5.41429495811	-1298
5.41434597969	-1298
5.41442203522	-1298
5.41449904442	-1298
5.41507697105	1298
5.42056798935	-1298
5.42058205605	-1298
5.4206430912	-1298
5.42072415352	-1298
5.4207971096	-1298
5.4209151268	-1298
5.42252111435	-1298
5.42264795303	-1298
5.42281198502	-1298
5.46188116074	-1298
5.46197605133	-1298
5.4620859623	-1298
5.46218299866	-1298
5.50779795647	874
5.5112760067	-1298
5.51130604744	-1298
5.51139307022	-1298
5.51152896881	-1298
5.51156997681	-1298
5.51160597801	-1298
5.51164317131	-1298
5.51167416573	-1298
5.51174807549	-1298
5.51176595688	-1298
5.51185011864	-1298
5.51199102402	-1298
5.51220917702	-1298
5.51237297058	-1298
5.51242303848	-1298
5.51257705688	-1298
5.51262998581	-1298
5.51265716553	-1298
5.5126850605	-1298
5.5127120018	-1298
5.51274204254	-1298
5.51277804375	-1298
5.51281118393	-1298
5.51286697388	-1298
5.51293897629	-1298
5.51301217079	-1298
5.51304507256	-1298
5.5130610466	-1298
5.51309609413	-1298
5.51315617561	-1298
5.51323413849	-1298
5.51327013969	-1298
5.51330113411	-1298
5.51345205307	-1298
5.51348209381	-1298
5.5136911869	-1298
5.51377010345	-1298
5.51518702507	1298
5.52000713348	-1298
5.52005410194	-1298
5.52011203766	-1298
5.52014708519	-1298
5.52038407326	-1298
5.52045512199	-1298
5.52047109604	-1298
5.52060699463	1298
5.52316999435	-515
5.60983800888	-1298
5.60985898972	-1298
5.60989117622	-1298
5.61027598381	-1298
5.61029005051	-1298
5.61032795906	-1298
5.61039495468	-1298
5.61042618752	-1298
5.61048412323	-1298
5.6105670929	-1298
5.61072802544	-1298
5.61077213287	-1298
5.61129713058	-1298
5.61136817932	-1298
5.61145210266	-1298
5.61151003838	-1298
5.61155200005	-1298
5.61161518097	-1298
5.61179900169	-1298
5.61190509796	-1298
5.61193203926	-1298
5.61199498177	-1298
5.6120121479	-1298
5.61204600334	-1298
5.61206316948	-1298
5.6121070385	-1298
5.61214113235	-1298
5.61216616631	-1298
5.61219000816	-1298
5.61221003532	-1298
5.61229300499	-1298
5.6124150753	-1298
5.61267614365	-1298
5.61270618439	-1298
5.61273217201	-1298
5.61275696754	-1298
5.61278796196	-1298
5.61282300949	-1298
5.61302804947	1298
5.61893415451	-1298
5.61895108223	-1298
5.6189789772	-1298
5.62086796761	-1298
5.62091803551	-1298
5.62099599838	-1298
5.63334703445	-1298
5.63351106644	993
5.63353395462	-1298
5.6335580349	-1298
5.6851401329	-1001
5.71308207512	-1298
5.7132101059	-1298
5.71329116821	-1298
5.71332597733	-1298
5.71337604523	-1298
5.71340417862	-1298
5.71343708038	-1298
5.71346497536	-1298
5.71352910995	-1298
5.71357917786	-1298
5.71436405182	-1298
5.71441698074	-1298
5.71465015411	-1298
5.71469402313	-1298
5.71473407745	-1298
5.71480798721	-1298
5.7149450779	-1298
5.71499800682	-1298
5.71510195732	-1298
5.71515107155	-1298
5.71518802643	-1298
5.71521711349	-1298
5.71577501297	-1298
5.71583795547	-1298
5.71587204933	-1298
5.71613001823	-1298
5.71615409851	-1298
5.71619009972	-1298
5.71659111977	-1298
5.71661806107	-1298
5.71676301956	-1298
5.71679210663	-1298
5.71685099602	-1298
5.71693301201	-1298
5.71696305275	-1298
5.71737003326	1298
5.71872401237	-1298
5.71878409386	-1298
5.71883606911	-1298
5.71896910667	-1298
5.71903300285	-1298
5.71922206879	-1298
5.7201461792	-1298
5.75055408478	-1298
5.75073814392	-1298
5.7507610321	-1298
5.76498603821	-1298
5.76500916481	331
5.7650179863	-1298
5.76502418518	-1298
5.81340003014	-1298
5.81350803375	-1298
5.81359505653	-1298
5.81361103058	-1298
5.81362700462	-1298
5.81364917755	-1298
5.81380200386	-1298
5.81482815742	-1298
5.81490516663	-1298
5.81497311592	-1298
5.81500601768	-1298
5.81502199173	-1298
5.81511807442	-1298
5.81517004967	-1298
5.81520915031	-1298
5.81527495384	-1298
5.81541705132	-1298
5.81543397903	-1298
5.81546115875	-1298
5.81550216675	-1298
5.81555199623	-1298
5.81558203697	-1298
5.81568813324	-1298
5.81570506096	-1298
5.81579613686	-1298
5.81586098671	-1298
5.81588816643	-1298
5.81594800949	-1298
5.8159661293	-1298
5.8159930706	-1298
5.81613302231	-1298
5.81615710258	-1298
5.81623196602	-1298
5.81831598282	-1298
5.8183400631	-1298
5.8185069561	-1298
5.81860804558	-1298
5.81864595413	-1298
5.81877017021	-1298
5.81879711151	-1298
5.81883001328	-1298
5.81885695457	-1298
5.81909298897	1298
5.83353996277	-1298
5.83364415169	-1298
5.83382415771	-1298
5.83841609955	-1273
5.85324811935	1298
5.89041399956	633
5.91225409508	-1298
5.9123570919	-1298
5.91242218018	-1298
5.91246318817	-1298
5.91248297691	-1298
5.91255617142	-1298
5.91267609596	-1298
5.9128279686	-1298
5.91286802292	-1298
5.9129049778	-1298
5.91296100616	-1298
5.91298103333	-1298
5.91417503357	-1298
5.91424012184	-1298
5.91430997849	-1298
5.91439414024	-1298
5.91446113586	-1298
5.91451096535	-1298
5.91457009315	-1298
5.91460609436	-1298
5.91462016106	-1298
5.91465806961	-1298
5.91479611397	-1298
5.91484713554	-1298
5.91499495506	-1298
5.9150261879	-1298
5.91509819031	-1298
5.91511797905	-1298
5.91516113281	-1298
5.91526317596	-1298
5.91529011726	-1298
5.91531896591	-1298
5.91534805298	-1298
5.91545796394	-1298
5.91549706459	-1298
5.91559910774	-1298
5.91742396355	-1298
5.91793012619	-1298
5.91799211502	-1298
5.91808104515	-1298
5.91936016083	1298
5.92003202438	-1298
5.92006206512	-1298
5.92008805275	-1298
5.95225811005	-1298
5.95238113403	-1298
5.95240306854	-1298
5.95243406296	-1298
5.96408200264	-2
5.96434402466	-1298
5.96444416046	1298
5.96453213692	-1298
6.03406906128	633
6.04378795624	-1298
6.04568505287	-1298
6.04578614235	-1298
6.04583215714	-1298
6.04690814018	-1298
6.04698801041	-1298
6.04825210571	-1298
6.04977703094	-1298
6.04997014999	-1298
6.04999017715	-1298
6.05193805695	-1298
6.05204606056	-1298
6.05207896233	-1298
6.05377912521	-1298
6.0547440052	-1298
6.05477118492	-1298
6.05543613434	-1298
6.05546212196	-1298
6.05548715591	-1298
6.05643200874	-1298
6.05676007271	-1298
6.05711007118	-1298
6.05774903297	-1298
6.05807709694	-1298
6.05826401711	-1298
6.05827903748	-1298
6.05905199051	-1298
6.05907797813	-1298
6.05927205086	-1298
6.05933904648	-1298
6.05937504768	-1298
6.0595331192	-1298
6.05967402458	-1298
6.05980396271	-1298
6.05990004539	-1298
6.05994415283	-1298
6.05999398232	-1298
6.06011104584	-1298
6.06019616127	-1298
6.06050801277	-1298
6.06055808067	-1298
6.06059503555	-1298
6.06060814857	-1298
6.06082701683	1298
6.06138896942	-1298
6.08980917931	-844
6.1107840538	-1298
6.11084103584	-1298
6.11099004745	-1298
6.11102414131	-1298
6.11105298996	-1298
6.11117100716	-1298
6.11197495461	-1298
6.11223506927	-1298
6.11234116554	-1298
6.11267995834	-1298
6.11272406578	-1298
6.11276102066	-1298
6.11280012131	-1298
6.11283802986	-1298
6.11289715767	-1298
6.11293697357	-1298
6.11298513412	-1298
6.11302900314	-1298
6.1130771637	-1298
6.11312818527	-1298
6.11322617531	-1298
6.11327600479	-1298
6.11340904236	-1298
6.11348414421	-1298
6.11352109909	-1298
6.11356496811	-1298
6.11364603043	-1298
6.11368513107	-1298
6.11381101608	-1298
6.11384010315	-1298
6.11386704445	-1298
6.11554217339	-1298
6.1156141758	-1298
6.11573195457	-1298
6.11576604843	-1298
6.1158490181	-1298
6.1158721447	-1298
6.11591506004	-1298
6.11675405502	1298
6.11801695824	-1298
6.11805701256	-1298
6.11830115318	-1298
6.13050103188	-1298
6.13053011894	-1298
6.13053607941	-1298
6.15070104599	-1298
6.15073013306	-1298
6.17166495323	-1298
6.17169117928	662
6.19270396233	1298
6.19327402115	1298
6.2104871273	-1298
6.21051907539	-1298
6.21090197563	-1298
6.21095108986	-1298
6.21108818054	-1298
6.21126508713	-1298
6.21162295341	-1298
6.21170306206	-1298
6.2120411396	-1298
6.21208715439	-1298
6.21222710609	-1298
6.21230316162	-1298
6.21275401115	-1298
6.2128610611	-1298
6.21289896965	-1298
6.21300196648	-1298
6.21309518814	-1298
6.21310400963	-1298
6.21311306953	-1298
6.21316814423	-1298
6.2132191658	-1298
6.21326899529	-1298
6.21331906319	-1298
6.21334505081	-1298
6.21337413788	-1298
6.21341013908	-1298
6.21348905563	-1298
6.21350812912	-1298
6.21358418465	-1298
6.21361804008	-1298
6.21365213394	-1298
6.2136721611	-1298
6.21372103691	-1298
6.21383118629	-1298
6.21390318871	-1298
6.21452116966	1298
6.215072155	-1298
6.21510100365	-1298
6.21513104439	-1298
6.21524214745	-204
6.2173140049	-1298
6.21733903885	-1298
6.21744513512	-1298
6.22928214073	-1298
6.22944903374	-1298
6.22947406769	-1298
6.29711508751	906
6.30157017708	-1298
6.30164313316	-1298
6.30166816711	-1298
6.30194997787	-1298
6.30198216438	-1298
6.30200004578	-1298
6.30879306793	-1298
6.30882716179	-1298
6.30917215347	-1298
6.30920600891	-1298
6.31298303604	-1298
6.31308102608	-1298
6.34073901176	-201
6.35732507706	1298
6.46997714043	331
6.47335314751	-1298
6.4734480381	-1298
6.47352814674	-1298
6.47371101379	-1298
6.47374415398	-1298
6.47380208969	-1298
6.47383904457	-1298
6.47387003899	-1298
6.47394800186	-1298
6.47400712967	-1298
6.47421598434	-1298
6.47423505783	-1298
6.47425699234	-1298
6.4743001461	-1298
6.47434210777	-1298
6.47443318367	-1298
6.47446417809	-1298
6.47451806068	-1298
6.47454810143	-1298
6.48293709755	-901
6.49522614479	-1298
6.49530911446	-1298
6.49544215202	-1298
6.53520202637	-543
6.62089395523	-276
6.62094902992	1086
6.67171406746	-1298
6.67179512978	-1298
6.67188310623	-1298
6.67191195488	-1298
6.67194008827	-1298
6.67195606232	-1298
6.67210912704	-1298
6.67222714424	-1298
6.6723279953	-1298
6.67237210274	-1298
6.67244100571	-1298
6.67246007919	-1298
6.67307710648	-1298
6.67312216759	-1298
6.67316007614	-1298
6.67342710495	-1298
6.67362713814	-1298
6.67365598679	-1298
6.67370605469	-1298
6.67371916771	-1298
6.67375016212	-1298
6.67381811142	-1298
6.67385196686	-1298
6.67401909828	-1298
6.67423701286	-1298
6.67427015305	-1298
6.67428612709	-1298
6.67429995537	-1298
6.67430901527	-1298
6.67435407639	-1298
6.67441415787	-1298
6.67448115349	-1298
6.67454814911	-1298
6.67458510399	-1298
6.67474198341	-1298
6.67476511002	-1298
6.67480707169	-1298
6.67496609688	-1298
6.67507314682	-1298
6.67511200905	-1298
6.67517018318	-1298
6.67519402504	-1298
6.67529702187	-1298
6.67532706261	-1298
6.67534399033	-1298
6.67540097237	-1298
6.67542004585	-1298
6.67545199394	-1298
6.67547106743	-1298
6.67549705505	-1298
6.67822909355	1298
6.68365311623	-1298
6.68369007111	-1298
6.68371701241	-1298
6.68374013901	-1298
6.68384099007	-1298
6.6840159893	-1298
6.68404507637	-1298
6.73607802391	-1298
6.73614597321	-1298
6.74671316147	-1048
6.74678206444	874
6.77175402641	-1298
6.77182006836	-1298
6.77185916901	-1298
6.7719039917	-1298
6.77214407921	-1298
6.77217316628	-1298
6.7721991539	-1298
6.77222108841	-1298
6.77281808853	-1298
6.7728509903	-1298
6.77287602425	-1298
6.77293395996	-1298
6.77330899239	-1298
6.7733809948	-1298
6.77342510223	-1298
6.77346205711	-1298
6.77350306511	-1298
6.77354502678	-1298
6.77362704277	-1298
6.77365899086	-1298
6.77368807793	-1298
6.77371501923	-1298
6.77383804321	-1298
6.77388715744	-1298
6.77392816544	-1298
6.77397012711	-1298
6.77399301529	-1298
6.7740240097	-1298
6.77422213554	-1298
6.77423000336	-1298
6.77424001694	-1298
6.77508115768	1298
6.82983112335	-1298
6.82990002632	-1298
6.83589911461	-1298
6.87067508698	-1298
6.87081217766	-1298
6.87085008621	-1298
6.87091803551	-1298
6.87093710899	-1298
6.87097215652	-1298
6.87098503113	-1298
6.87118005753	-1298
6.87122297287	-1298
6.87127518654	-1298
6.87162518501	-1298
6.87167811394	-1298
6.87180614471	-1298
6.87183713913	-1298
6.87186717987	-1298
6.87196612358	-1298
6.87198209763	-1298
6.87202715874	-1298
6.87206697464	-1298
6.8721370697	-1298
6.87216210365	-1298
6.87220907211	-1298
6.87225103378	-1298
6.87228298187	-1298
6.87231206894	-1298
6.87236618996	-1298
6.87241315842	-1298
6.87243914604	-1298
6.87247300148	-1298
6.87248706818	-26
6.87252998352	331
6.87254405022	-1298
6.87255501747	-1298
6.87263798714	-1298
6.88937616348	1298
6.91295218468	-1298
6.9131000042	-1298
6.9131770134	-1298
6.96932196617	-1298
6.96939110756	-1298
6.96949195862	-1298
6.96964216232	-1298
6.96973609924	-1298
6.9697971344	-1298
6.97058796883	-1298
6.97062706947	-1298
6.97064900398	-1298
6.97066903114	-1298
6.97074699402	-1298
6.97081804276	-1298
6.97094011307	-1298
6.97097301483	-1298
6.97099018097	-1298
6.97104811668	-1298
6.97125601768	-1298
6.97128796577	-1298
6.97134900093	-1298
6.97142601013	-1298
6.97149205208	-1298
6.97156405449	-1298
6.9715950489	-1298
6.97163510323	-1298
6.9716501236	-1298
6.97218799591	1298
6.98817896843	1298
6.99808001518	-1006
6.99812817574	450
7.12378096581	-1057
7.56400609016	-543
7.57715010643	-1298
7.57723712921	-1298
7.57725596428	-1298
7.58098816872	-1298
7.58109617233	-1298
7.58113718033	-1298
7.58874297142	-1298
7.58882212639	-1298
7.58883810043	-1298
7.59492707253	-1298
7.59501004219	-1298
7.59502601624	-1298
7.60032105446	-1298
7.60298204422	-1298
7.60308218002	-1298
7.60310006142	-1298
7.60517907143	-1298
7.60523796082	-1298
7.60739898682	-1298
7.60862398148	543
7.60936903954	-1298
7.60945701599	-1298
7.60953116417	-1298
7.61095499992	-1298
7.61101603508	-1298
7.61300206184	-1298
7.61481404305	-1298
7.61485004425	-1298
7.61487603188	-1298
7.61836218834	-1298
7.618445158	-1298
7.61845898628	-1298
7.62074899673	-1298
7.62197804451	-1298
7.62202095985	-1298
7.62306404114	-1298
7.62310409546	-1298
7.62317895889	-1298
7.62466597557	-1298
7.62565302849	-1298
7.62572717667	-1298
7.62669014931	-1298
7.62786602974	-1298
7.62790513039	-1298
7.62800097466	-1298
7.63084506989	-1298
7.63088798523	-1298
7.63089609146	-1298
7.63168406487	-1298
7.63170695305	-1298
7.63173913956	-1298
7.63384199142	-1298
7.63388800621	-1298
7.63402795792	-1298
7.63600897789	-1298
7.63604903221	-1298
7.63611197472	-1298
7.63665604591	-1298
7.63769602776	-1298
7.63784003258	-1298
7.63800001144	1298
7.63830709457	-1298
7.63837313652	-1298
7.63840913773	-1298
7.63911604881	-1298
7.63953614235	-1298
7.63969397545	-1298
7.64012503624	-1298
7.64078712463	-1298
7.64083504677	-1298
7.64090013504	-1298
7.64197611809	-1298
7.64232897758	-1298
7.68973612785	-1298
7.6898021698	-1298
7.70254015923	-1298
7.70259618759	-1298
7.70262217522	-1298
7.70263504982	-1298
7.70264816284	-1298
7.70275211334	-1298
7.70328402519	1298
7.70641517639	-1298
7.70646595955	-1298
7.70661997795	-1298
7.70668005943	-1298
7.7068810463	-1298
7.70697498322	-1298
7.71422314644	-1298
7.71425414085	-1298
7.71431517601	-1298
7.71435809135	-1298
7.71443796158	-1298
7.71446204185	-1298
7.72040915489	-1298
7.72052097321	-1298
7.72060012817	-1298
7.72061896324	-1298
7.72064208984	-1298
7.7206530571	-1298
7.72597002983	-1298
7.7260351181	-1298
7.72862911224	-1298
7.72869610786	-1298
7.72872304916	-1298
7.7287299633	-1298
7.7307331562	-1298
7.73079109192	-1298
7.73323917389	-1298
7.73329615593	-1298
7.73332214355	-1298
7.73363304138	-1298
7.73497509956	-1298
7.73500299454	604
7.73501706123	-1298
7.73672413826	-1298
7.73679709435	-1298
7.73680615425	-1298
7.73681616783	-1298
7.73857903481	-1298
7.7387471199	-1298
7.74033999443	-1298
7.74041318893	-1298
7.74047899246	-1298
7.74064397812	-1298
7.74383997917	-1298
7.74395298958	-1298
7.74396300316	-1298
7.74398398399	-1298
7.7440071106	-1298
7.74402999878	-1298
7.74756002426	-1298
7.74761199951	-1298
7.7485461235	-1298
7.74857711792	-1298
7.74862718582	-1298
7.74866914749	-1298
7.74871301651	-1298
7.74889612198	-1298
7.75105905533	-1298
7.75118613243	-1298
7.7512011528	-1298
7.75126004219	-1298
7.75189399719	1298
7.75217008591	-1298
7.7523059845	-1298
7.75332999229	-1298
7.75339102745	-1298
7.75351500511	-1298
7.75360608101	-1298
7.75646305084	-1298
7.75655913353	-1298
7.75661706924	-1298
7.75664997101	-1298
7.7568089962	-1298
7.75683307648	-1298
7.75753998756	-1298
7.75758600235	-1298
7.75910305977	-1298
7.75922417641	-1298
7.7594640255	-1298
7.75951099396	-1298
7.75963997841	-1298
7.75978517532	-1298
7.75979995728	-33
7.76014614105	1298
7.77604603767	-1298
7.83552217484	-1298
7.87774705887	604
7.88574814796	-32
8.05184006691	543
8.29648900032	-543
8.4941740036	-543
8.54553318024	1298
8.54565000534	273
8.67112398148	1057
8.85591006279	-543
9.05612707138	-543
9.18156909943	-543
9.18935418129	1298
9.18947696686	273
9.30716514587	-1086
9.37778806686	-1298
9.37798905373	-1298
9.46941208839	-1031
9.47045397758	543
9.5947470665	-543
9.59572696686	543
9.69941997528	-543
9.72152400017	-543
9.73546504974	1057
9.86116099358	-543
9.93859004974	-1298
9.93875217438	-1298
9.96682596207	-543
10.0251841545	-32
10.0272760391	1057
10.1026310921	-543
10.150616169	-1086
10.15675807	1298
10.1928601265	845
10.2824251652	-543
10.4050791264	-1298
10.4051611423	-1298
10.4051911831	-1298
10.4053480625	-1298
10.4452791214	-1298
10.4453120232	-1298
10.4453611374	-1298
10.4454660416	-854
10.4970111847	-1298
10.4971280098	-1298
10.4971749783	-1298
10.5045490265	-1298
10.5045890808	-1298
10.5047190189	-1298
10.5047810078	-1298
10.5048179626	-1298
10.504858017	-1298
10.5048940182	-1298
10.504940033	-1298
10.5049710274	-1298
10.5050010681	-1298
10.5050301552	-1298
10.5050621033	-1298
10.5050890446	-1298
10.5051679611	-1298
10.5058021545	543
10.5443429947	-1298
10.5444340706	-1298
10.5444941521	-1298
10.5446391106	-1298
10.5446670055	-1298
10.5447940826	-1298
10.557103157	-1298
10.5571911335	-1298
10.5572521687	-1298
10.5705990791	-1183
10.6037371159	-1298
10.6038210392	-1298
10.6039681435	-1298
10.6039941311	-1298
10.6040201187	-1298
10.6040990353	-1298
10.6043510437	-1298
10.6227481365	-1298
10.6228861809	-1298
10.6303529739	-1298
10.6303889751	-1298
10.630436182	-1298
10.6304671764	-1298
10.6304950714	-1298
10.6305220127	-1298
10.6305561066	-1298
10.6305911541	-1298
10.6306250095	-1298
10.6306641102	-1298
10.6306970119	-1298
10.6307339668	-1298
10.6307761669	-1298
10.6308050156	-1298
10.6308369637	-1298
10.630874157	-1298
10.6309170723	-1298
10.6309950352	-1298
10.6310579777	-1298
10.6312701702	1086
10.6433639526	-1298
10.6434559822	-1298
10.6435270309	-1298
10.6958560944	-977
10.6996481419	-1298
10.6996810436	-1298
10.7027611732	-1298
10.7028641701	-1298
10.7029321194	-1298
10.7029490471	-1298
10.7029821873	-1298
10.7029950619	-1298
10.7030341625	-1298
10.7030620575	-1298
10.7031321526	-1298
10.7031600475	-1298
10.7032241821	-1298
10.7032570839	-1298
10.7032740116	-1298
10.7035400867	-1298
10.7042441368	1298
10.7291359901	-1298
10.7292480469	-1298
10.7295501232	-1298
10.7295839787	-1298
10.7296130657	-1298
10.7296380997	-1298
10.7297620773	-1298
10.729804039	-1298
10.7423450947	-1298
10.7484869957	-1298
10.7485911846	-1298
10.7486331463	-1298
10.7561600208	-1298
10.7562160492	-1298
10.7562451363	-1298
10.7562501431	-1298
10.7562651634	-1298
10.7563061714	-1298
10.7563381195	-1298
10.7563681602	-1298
10.7564051151	-1298
10.7564330101	-1298
10.7564740181	-1298
10.7565050125	-1298
10.7565319538	-1298
10.7565600872	-1298
10.7565901279	-1298
10.7617070675	1298
10.7717671394	-1298
10.7718009949	119
10.7718141079	-1298
10.7718341351	-1298
10.8019449711	-1298
10.8020429611	-1298
10.8022551537	-1298
10.8022861481	-1298
10.8023130894	-1298
10.8023450375	-1298
10.8023641109	-1298
10.8025910854	-1298
10.8026239872	-1298
10.802642107	-1298
10.8026690483	-1298
10.802726984	-1298
10.8027820587	-1298
10.8028011322	-1298
10.8030560017	-1298
10.8052260876	-1298
10.8053371906	-1298
10.8216290474	-1298
10.8217041492	-1298
10.8250601292	-1298
10.8252091408	-1298
10.8285911083	-1298
10.8287010193	-1298
10.8287220001	-1298
10.8287410736	-1298
10.8287739754	-1298
10.8287901878	-1298
10.8288230896	-1298
10.8288550377	-1298
10.8288781643	-1298
10.8290300369	-1298
10.8290820122	-1298
10.8291490078	-1298
10.8291599751	-680
10.8300039768	-1298
10.8300490379	-1298
10.8303551674	-1298
10.8418660164	-1298
10.8419599533	-1298
10.8419890404	-1298
10.8420250416	-1298
10.8420469761	-1298
10.8420650959	-1298
10.8423280716	1298
10.8547620773	-1298
10.8604111671	-1298
10.8974030018	874
10.9008231163	-1298
10.9009721279	-1298
10.9009950161	-1298
10.9012839794	-1298
10.9013061523	-1298
10.9014680386	-1298
10.9016549587	-1298
10.90173316	-1298
10.9017660618	-1298
10.9018051624	-1298
10.901843071	-1298
10.9019081593	-1298
10.9019889832	-1298
10.9021430016	-1298
10.9023931026	-1298
10.9025030136	-1298
10.9025371075	-1298
10.9025480747	-1298
10.9026281834	-1298
10.9026739597	-1298
10.9027161598	-1298
10.9027581215	-1298
10.9028980732	-1298
10.9029841423	-1298
10.9030511379	-1298
10.9031050205	-1298
10.9031350613	-1298
10.9032399654	-1298
10.903275013	-1298
10.9033069611	-1298
10.9034981728	-1298
10.9035210609	-1298
10.903553009	-1298
10.903575182	-1298
10.9036049843	-1298
10.9036560059	-1298
10.9036791325	-1298
10.9036970139	-1298
10.9273381233	-1298
10.9273681641	-1298
10.9277119637	-1298
10.9280121326	1298
10.9409000874	-1298
10.940955162	-1298
10.9410459995	-1298
10.9547550678	-1187
10.9640619755	-1298
10.9643530846	-1298
11.0004320145	-1298
11.0005011559	-1298
11.0005271435	-1298
11.0005321503	-1298
11.0005700588	-1298
11.0006330013	-1298
11.0006539822	-1298
11.0008831024	-1298
11.000962019	-1298
11.0010371208	-1298
11.001060009	-1298
11.0010821819	-1298
11.0128190517	-1298
11.0128769875	-1298
11.053011179	874
11.0802741051	-1110
11.2279570103	543
11.5014920235	-543
11.7005801201	-1057
11.7111270428	1057
11.8368210793	1057
12.0212540627	-543
12.21925807	-543
12.2823140621	1057
12.3382210732	1298
12.340195179	1298
12.3493320942	1298
12.3588449955	1298
12.4077591896	636
12.5921151638	-543
12.6647801399	-1298
12.6648721695	-1298
12.6648931503	-1298
12.6649031639	-1298
12.6950011253	-1298
12.7069301605	-1298
12.7082321644	543
12.7181551456	-125
12.7440571785	-1298
12.7441530228	-1298
12.7609021664	1298
12.7887179852	-1298
12.7951619625	1298
12.8339180946	1118
12.8430650234	-1298
12.8694939613	-93
12.9560060501	-1298
12.9654090405	1298
12.9950611591	-302
12.9951109886	302
13.1205670834	-543
13.1206130981	543
13.2107510567	-1298
13.2458190918	-331
13.2458560467	543
13.3178369999	1298
13.4322211742	273
13.5189681053	-543
13.6936671734	-1298
13.6939051151	-1298
13.694008112	-1298
13.6941449642	-1298
13.6942021847	-1298
13.6942470074	-1298
13.6942930222	-1298
13.694396019	-1298
13.6944160461	-1298
13.6944360733	-1298
13.6944639683	-1298
13.6946179867	-1298
13.6946539879	-1298
13.6947350502	-1298
13.6948640347	-1298
13.6954081059	543
13.6973900795	-924
13.7642979622	1298
13.8208310604	845
13.8614699841	-1086
13.9470880032	543
13.9926230907	-1086
14.138064146	-1298
14.1560060978	-1298
14.1574621201	-1147
14.1819391251	-1298
14.1819691658	-1298
14.1823551655	1057
14.2013800144	-543
14.2830290794	-1118
14.3876111507	-1298
14.3876709938	543
14.3876950741	-1298
14.387704134	-1298
14.4494349957	-819
14.6090471745	1057
14.6152341366	-543
14.6401510239	-543
14.7024700642	-1298
14.7344529629	1057
14.7408130169	-331
14.9053690434	-543
14.9636180401	1057
15.0310800076	-1086
15.0312411785	-1298
15.0313751698	-1298
15.0516061783	543
15.0516271591	543
15.074393034	-1298
15.1565480232	-305
15.1621301174	-1298
15.1621470451	-1298
15.2177331448	-1298
15.2819590569	-819
15.3124649525	-1298
15.3125300407	-1298
15.3247351646	-1298
15.407449007	-790
16.3423950672	543
16.5491030216	1086
16.6085829735	-543
16.8351969719	-543
