0	-543
3.31869888306	543
3.84813189507	1057
4.01651191711	-543
4.18821597099	-543
4.18908691406	-1368
4.18926596642	-1368
4.1893029213	-1368
4.18932294846	-1368
4.18935608864	-1368
4.18938088417	-1368
4.20147800446	-1368
4.20151901245	-1368
4.20152902603	-1368
4.24648499489	1057
4.31327795982	-1368
4.31331396103	-459
4.35130596161	1368
4.37058496475	746
4.41948199272	-1368
4.41989088058	1368
4.4199950695	-1368
4.42001199722	-1368
4.42003393173	-1368
4.42044091225	-1368
4.42048406601	-1368
4.42049407959	-1368
4.42463302612	-1368
4.43168497086	-1368
4.43179011345	-1368
4.43180394173	-1368
4.43181705475	-1368
4.44371604919	-1368
4.44379711151	-1368
4.44381189346	-1368
4.44383001328	-1368
4.49483203888	203
4.54461789131	-1368
4.54468989372	-1368
4.54472708702	-1368
4.54473495483	-1368
4.54475498199	-1368
4.54476690292	-1368
4.54478001595	-1368
4.54478788376	-1368
4.55589795113	-1368
4.55595088005	-1368
4.55598592758	-1368
4.55599308014	-1368
4.55600595474	-1368
4.55601191521	-1368
4.56666302681	-1368
4.56675195694	-1368
4.56681394577	-1368
4.60757303238	-1368
4.60763192177	-1368
4.607681036	-1368
4.60769891739	-1368
4.60771799088	-1368
4.60772800446	-1368
4.60774493217	-1368
4.60775208473	-1368
4.6088540554	1368
4.65497803688	261
4.66898298264	-1368
4.669039011	-1368
4.66908192635	-1368
4.66909003258	-1368
4.66910600662	-1368
4.66911292076	-1368
4.6691300869	-1368
4.66913604736	-1368
4.66915106773	-1368
4.66915488243	-1368
4.66915893555	-1368
4.66916894913	-1368
4.69107699394	-1368
4.69113206863	-1368
4.69116902351	-1368
4.69118094444	-1368
4.69119691849	-1368
4.69120407104	-1368
4.69121694565	-1368
4.69122409821	-1368
4.69123506546	-1368
4.69124102592	-1368
4.71773004532	-1368
4.7178170681	-1368
4.73203706741	-1368
4.7320959568	-1368
4.73213100433	-1368
4.7321460247	-1368
4.73217606544	-1368
4.77925896645	-1368
4.77931499481	1086
4.77934288979	-1368
4.77935504913	-1368
4.77937507629	-1368
4.77938103676	-1368
4.77939200401	-1368
4.77939796448	-1368
4.77942204475	-1368
4.77945709229	-1368
4.79335308075	-1368
4.79339694977	-1368
4.79342603683	-1368
4.79343104362	-1368
4.79344105721	-1368
4.79346203804	-1368
4.7934820652	-1368
4.79351210594	-1368
4.79354000092	-1368
4.79356598854	-1368
4.79360294342	-1368
4.79362893105	-1368
4.79365706444	-1368
4.79368591309	-1368
4.7937130928	-1368
4.81535100937	-1368
4.8154270649	-1368
4.81543707848	-1368
4.81544995308	-1368
4.8154540062	-1368
4.81546211243	-1368
4.81547093391	-1368
4.81548094749	-1368
4.81548595428	-1368
4.81549596786	-1368
4.81552004814	-1368
4.81555199623	-1368
4.81557106972	-1368
4.81560492516	-1368
4.81563091278	-1368
4.81566691399	-1368
4.81667900085	1368
4.84198498726	-1368
4.84203195572	-1368
4.8420650959	-1368
4.84207201004	-1368
4.84208488464	-1368
4.8951690197	-1368
4.89523792267	-1368
4.89528799057	-1368
4.89530110359	-1368
4.89532208443	-1368
4.89533209801	-1368
4.8953499794	-1368
4.89535903931	-1368
4.91766405106	-1368
4.9177839756	804
4.91782808304	-1368
4.91784596443	-1368
4.91786909103	-1368
4.91787791252	-1368
4.91789698601	-1368
4.91790390015	-1368
4.91792011261	-1368
4.91792702675	-1368
4.91794800758	-1368
4.91797304153	-1368
4.91798996925	-1368
4.91802501678	-1368
4.91804409027	-1368
4.91808199883	-1368
4.9181189537	-1368
4.91815400124	-1368
4.91818499565	-1368
4.9182240963	-1368
4.91825795174	-1368
4.91829609871	-1368
4.91832995415	-1368
4.91835808754	-1368
4.91839003563	-1368
4.91842603683	-1368
4.91846299171	-1368
4.91849398613	-1368
4.91851902008	-1368
4.91855406761	-1368
4.91858506203	-1368
4.91862487793	-1368
4.91865110397	-1368
4.91867995262	-1368
4.91871595383	-1368
4.9395608902	-1368
4.93959999084	-1368
4.9396340847	-1368
4.93964409828	-1368
4.94095301628	1368
4.95744800568	1368
4.95815491676	1368
4.96616101265	-1368
4.96627497673	-1368
4.96634602547	-1368
4.96636891365	-1368
4.96640610695	-1368
4.96641898155	-1368
4.9664440155	-1368
4.96645593643	-1368
4.96647810936	-1368
4.96649003029	-1368
4.9665119648	-1368
4.96652293205	-1368
4.96654605865	-1368
4.96656298637	-180
5.06503200531	725
5.11050391197	-543
5.14603590965	-1368
5.19289493561	-1368
5.25374698639	-1368
5.25675606728	1368
5.25689196587	717
5.27019691467	-1297
5.38160300255	543
5.4542889595	-1368
5.45626497269	-1368
5.45731806755	-1368
5.45862102509	-1368
5.45865988731	-1368
5.45895695686	-1073
5.45937991142	-1368
5.45940709114	-1368
5.45973992348	-1368
5.46004509926	-1368
5.46037101746	-1368
5.46069502831	-1368
5.4607219696	-1368
5.46108102798	-1368
5.46111488342	-1368
5.46113109589	-1368
5.4612390995	-1368
5.46145701408	-1368
5.46179008484	-1368
5.46207809448	-1368
5.46210598946	-1368
5.46242809296	-1368
5.46245193481	-1368
5.46248197556	-1368
5.46254897118	-1368
5.4625749588	-1368
5.46267795563	-1368
5.46282100677	-1368
5.46286606789	-1368
5.46294498444	-1368
5.46300411224	-1368
5.46302509308	-1368
5.46305608749	-1368
5.46338891983	-1368
5.46342396736	-1368
5.46346592903	-1368
5.46349000931	-1368
5.46350908279	-1368
5.46355891228	-1368
5.46358799934	-1368
5.46361398697	-1368
5.46365404129	-1368
5.46368598938	-1368
5.4637260437	-1368
5.46379590034	-1368
5.46382904053	-1368
5.46393704414	-1368
5.46396708488	-1368
5.46403098106	-1368
5.46406507492	-1368
5.46409392357	-1368
5.46415400505	-1368
5.46418094635	-1368
5.46423792839	-1368
5.4642701149	-1368
5.46530103683	1368
5.46602988243	1368
5.4660449028	1368
5.46897006035	-1368
5.46900200844	-1368
5.46902489662	-1368
5.46904206276	-1368
5.46905207634	-1368
5.46909499168	-1368
5.4691119194	-1368
5.46918392181	-1368
5.46921300888	-1368
5.46921896935	-1368
5.46923995018	-1368
5.46925997734	-1368
5.46928691864	-1368
5.46932506561	-1368
5.46934199333	-1368
5.46937799454	-1368
5.4693980217	-1368
5.46943092346	-1368
5.46944689751	-1368
5.46947789192	-1368
5.46950888634	-1368
5.46954393387	-1368
5.46956205368	-1368
5.46959090233	-1368
5.46961688995	-1368
5.46965193748	-1368
5.47174596786	1368
5.54300808907	899
5.58047890663	-1368
5.58053398132	-1368
5.5805580616	-1368
5.58665895462	-1368
5.58673596382	-1368
5.58674788475	-1368
5.58675909042	-1368
5.58676290512	-1368
5.58678197861	-1368
5.5867869854	-1368
5.58680200577	-1368
5.58680605888	-1368
5.58681607246	-1368
5.58682107925	-1368
5.58683800697	-1368
5.58687496185	-1368
5.58693289757	-1368
5.58695292473	-1368
5.58696508408	-1368
5.58698511124	-1368
5.58701300621	-1368
5.58706092834	-1368
5.58708906174	-1368
5.58709406853	-1368
5.58722090721	-1368
5.58724403381	-1368
5.58728003502	-1368
5.58728599548	-1368
5.58729100227	-1368
5.58729410172	-1368
5.58729791641	-1368
5.58734798431	-1368
5.58737111092	-1368
5.58738708496	-1368
5.58740997314	-1368
5.5874350071	-1368
5.58759593964	-1368
5.5877161026	-1368
5.58774089813	-1368
5.58776307106	-1368
5.58776688576	-1368
5.58779001236	-1368
5.58782911301	-1368
5.58784508705	-1368
5.58790206909	-1368
5.58793592453	-1368
5.58796191216	-1368
5.59165787697	1368
5.59350895882	-1368
5.5935459137	-1368
5.59357309341	-1368
5.5936050415	-1368
5.59362196922	-1368
5.59366106987	-1368
5.59368395805	-1368
5.59371089935	-1368
5.59373903275	-1368
5.59376788139	-1368
5.59380102158	-1368
5.59383010864	-1368
5.5938539505	-1368
5.59388399124	-1368
5.59390997887	-1368
5.59394693375	-1368
5.59397292137	-1368
5.59400200844	-1368
5.59402894974	-1368
5.5940580368	-1368
5.59409308434	-1368
5.59411787987	-1368
5.59414291382	-1368
5.5942029953	-1368
5.59423089027	-1368
5.59426093102	-1368
5.59428691864	-1368
5.59434390068	-1368
5.5943748951	-1368
5.59439992905	-1368
5.59442901611	-1368
5.59448504448	-1368
5.59452795982	-1368
5.59454298019	-1368
5.59457397461	-1368
5.59462499619	-1368
5.59465694427	-1368
5.5946829319	-1368
5.59471106529	-1368
5.59476399422	-1368
5.59480404854	-1368
5.59482097626	-1368
5.59485387802	-1368
5.59489393234	-1368
5.59493589401	-1368
5.59495997429	-1368
5.59498810768	-1368
5.59799289703	1368
5.61150598526	-1368
5.61155390739	-1368
5.611577034	-1368
5.61158299446	-1368
5.61160898209	-1368
5.61163687706	-1368
5.6116631031	-1368
5.61169791222	-1368
5.61171197891	-1368
5.611743927	-1368
5.61177611351	-1368
5.61180090904	-1368
5.61183905602	-1368
5.61184597015	-768
5.61242198944	1368
5.62245607376	-1368
5.62249588966	-1368
5.62251806259	-1368
5.62252306938	-1368
5.62254810333	-1368
5.62258505821	-1368
5.62260603905	-1368
5.62265110016	-1368
5.62266111374	-1368
5.62268900871	-1368
5.62273001671	-1368
5.62275099754	-1368
5.70689606667	783
5.71128892899	-1368
5.71132206917	-1368
5.71135091782	-1368
5.71138906479	-1368
5.71142792702	-1368
5.71146392822	-1368
5.7119140625	-1368
5.71193909645	-1368
5.71196508408	-1368
5.7119948864	-1368
5.71202111244	-1368
5.71206402779	-1368
5.71208310127	-1368
5.71211194992	-1368
5.71213793755	-1368
5.71216702461	-1368
5.71219992638	-1368
5.71222710609	-1368
5.71225690842	-1368
5.71228408813	-1368
5.71231198311	-1368
5.7123439312	-1368
5.71237111092	-1368
5.71239995956	-1368
5.71245503426	-1368
5.71249890327	-1368
5.71251606941	-1368
5.71257901192	-1368
5.71259498596	-1368
5.71262907982	-1368
5.71265602112	-1368
5.71268510818	-1368
5.71273994446	-1368
5.7127699852	-1368
5.71279788017	-1368
5.71285200119	-1368
5.71287989616	-1368
5.71291303635	-1368
5.7129380703	-1368
5.71295404434	1368
5.71299505234	-1368
5.71302103996	-1368
5.7130548954	-1368
5.71307992935	-1368
5.71310901642	-1368
5.71316289902	-1368
5.71319389343	-1368
5.71322107315	-1368
5.71891903877	-1368
5.71893811226	-1368
5.71896100044	-1368
5.71899104118	-1368
5.71901392937	-1368
5.7190489769	-1368
5.71907711029	-1368
5.7191131115	-1368
5.71913003922	-1368
5.71915888786	-1368
5.71919202805	-1368
5.71922206879	-1368
5.71924495697	-1368
5.7192800045	-1368
5.71929693222	-1368
5.7193338871	-1368
5.71935892105	-1368
5.71938610077	-1368
5.71941304207	-1368
5.71944093704	-1368
5.71947193146	-1368
5.71950697899	-1368
5.7195250988	-1368
5.71958589554	-1368
5.71961593628	-1368
5.71964287758	-1368
5.71967101097	-1368
5.7197239399	-1368
5.71976208687	-1368
5.71979808807	-1368
5.71981596947	-1368
5.71984410286	-1368
5.71990299225	-1368
5.71992993355	-1368
5.71995711327	-1368
5.71997189522	1368
5.71998691559	-1368
5.72004294395	-1368
5.72006988525	-1368
5.72009801865	-1368
5.72012495995	-1368
5.72018194199	-1368
5.72021007538	-1368
5.72024488449	-1368
5.7202630043	-1368
5.72029089928	-1368
5.72035098076	-1368
5.72037601471	-1368
5.73575305939	-1368
5.73577404022	-1368
5.73579406738	-1368
5.73582410812	-1368
5.73585104942	-1368
5.73588109016	-1368
5.73590803146	-1368
5.73593688011	-1368
5.73596405983	-1368
5.73599290848	-1368
5.73602604866	-1368
5.73605203629	-1368
5.73607993126	-1368
5.73610711098	-1368
5.7361369133	-1368
5.73617601395	-1368
5.73619389534	-1368
5.73622393608	-1368
5.73625206947	-1368
5.73627901077	-1368
5.73629498482	1368
5.7363140583	-1368
5.73634195328	-1368
5.7363679409	-1368
5.7363960743	-1368
5.73645710945	-1368
5.73648500443	-1368
5.73651099205	-1368
5.73654007912	-1368
5.73659896851	-1368
5.73662495613	-1368
5.73665189743	-1368
5.73667907715	-1368
5.73674106598	-1368
5.73677396774	-1368
5.73679089546	-1368
5.7368209362	-1368
5.7368478775	-1368
5.73690891266	-1368
5.73693490028	-1368
5.73697090149	-1368
5.73698711395	-1368
5.73704910278	-1368
5.73707604408	-1368
5.73710989952	-1368
5.73712801933	-1368
5.73719096184	-1368
5.73721504211	-1368
5.73809909821	1368
5.74653601646	-1368
5.74655389786	-1368
5.74657797813	-1368
5.7466070652	-1368
5.74663496017	-1368
5.74666905403	-1368
5.74669504166	-1368
5.7467238903	-1368
5.74674892426	-1368
5.74677610397	-1368
5.74680709839	-1368
5.74683690071	-1368
5.74686098099	-1368
5.74688792229	-1368
5.78304409981	1368
5.80857801437	1368
5.83108210564	-1368
5.83112692833	936
5.83113408089	-1368
5.83114290237	-1368
5.83116889	-1368
5.83119606972	-1368
5.8312458992	-1368
5.83127593994	-1368
5.83131194115	-1368
5.83132910728	-1368
5.83135294914	-1368
5.831387043	-1368
5.83141708374	-1368
5.83145308495	-1368
5.83148002625	-1368
5.83150792122	-1368
5.83651399612	-1368
5.83654403687	-1368
5.83656597137	-1368
5.83658289909	-1368
5.83661007881	-1368
5.8366420269	-1368
5.83667206764	-1368
5.83669996262	-1368
5.8367369175	-1368
5.83675098419	-1368
5.83678603172	-1368
5.83681201935	-1368
5.83683991432	-1368
5.83686709404	-1368
5.83689689636	-1368
5.83692789078	-1368
5.83696103096	-1368
5.83698010445	-1368
5.83734703064	1368
5.83743309975	-1368
5.83745789528	-1368
5.83748698235	-1368
5.83751606941	-1368
5.83754396439	-1368
5.8375890255	-1368
5.83761811256	-1368
5.83765292168	-1368
5.83767604828	-1368
5.83768105507	-877
5.83979392052	1368
5.86791491508	1368
5.86825609207	-1368
5.86828589439	-1368
5.86834597588	-1368
5.86873102188	-1368
5.86876296997	-1368
5.86879205704	-1368
5.86891698837	-1368
5.86908006668	-1368
5.86910295486	-1368
5.86913204193	-1368
5.86915707588	-1368
5.86919093132	-1368
5.86925196648	-1368
5.86939692497	-1368
5.86945199966	-1368
5.86962604523	-1368
5.86994600296	-1368
5.86998009682	-1368
5.86999702454	-1368
5.8724501133	-1368
5.87247300148	-1368
5.8725039959	-1368
5.87262392044	1368
5.87317991257	-1368
5.87319898605	-1368
5.87322092056	-1368
5.87536501884	-1368
5.87540006638	-1368
5.87541890144	-1368
5.87797403336	-1368
5.8780040741	-1368
5.87802004814	-1368
5.88101410866	-1368
5.88210988045	-1368
5.8821349144	-1368
5.88305592537	1368
5.88571310043	-1368
5.88663697243	-1368
5.88666510582	-1368
5.88749694824	-1368
5.88920402527	-1368
5.88923096657	-1368
5.88925909996	-1368
5.88934803009	1368
5.89014697075	-1368
5.89017295837	-1368
5.89077496529	-1368
5.89143705368	-1368
5.89146208763	-1368
5.89179301262	-1368
5.89181804657	-1368
5.89184904099	-1368
5.89275789261	-1368
5.89279389381	-1368
5.89282989502	-1368
5.89362311363	-1368
5.89364790916	-1368
5.89367794991	-1368
5.89410209656	-1368
5.89490008354	-1368
5.89492797852	-1368
5.89495396614	-1368
5.89526295662	-1368
5.89528989792	-1368
5.8955950737	-1368
5.8959031105	-1368
5.89593195915	-1368
5.89619493484	-1368
5.89652395248	-1368
5.89655089378	-1368
5.89674901962	-1368
5.89728498459	-1368
5.89730811119	-1368
5.89734101295	-1368
5.89752292633	-1368
5.89755105972	-1368
5.89777588844	-1368
5.89800691605	-1368
5.89803910255	-1368
5.89830303192	-1368
5.89854192734	1368
5.89854502678	-1368
5.89857196808	-1368
5.89862799644	-1368
5.89932107925	-1368
5.89936995506	-1368
5.89941596985	-1368
5.89953589439	-1368
5.89957094193	-1368
5.89960002899	-1368
5.89973306656	-1368
5.89976096153	-1368
5.89978599548	-1368
5.90004897118	-1368
5.90010309219	-1368
5.90013003349	-1368
5.90038609505	-1368
5.90041708946	-1368
5.90044593811	-1368
5.90067911148	-1368
5.90070605278	-1368
5.90073394775	-1368
5.90086603165	-1368
5.90089392662	-1368
5.9010310173	-1368
5.90119099617	-1368
5.90121793747	-1368
5.90122008324	1368
5.90124487877	-1368
5.9016559124	-1368
5.90187501907	-1368
5.90190291405	-1368
5.90731191635	-1368
5.90734505653	-1368
5.90736103058	-1368
5.9625980854	-1211
5.9626390934	256
5.97836208344	-1368
5.97838997841	-1368
5.98366808891	-1368
6.01423001289	-1368
6.01427698135	-1368
6.01428389549	-1368
6.01797699928	-1368
6.0180079937	-1368
6.01803803444	-1368
6.0218501091	-1368
6.02187800407	-1368
6.02407097816	-1368
6.02643704414	-1368
6.02646708488	-1368
6.02956008911	-1368
6.03098607063	-1368
6.03101801872	-1368
6.03260087967	-1368
6.03612804413	-1368
6.03615403175	-1368
6.0361790657	-1368
6.03779602051	-1368
6.03969192505	-1368
6.04065799713	-1368
6.04274511337	-1368
6.04476690292	-1368
6.04494595528	1368
6.04579997063	-1368
6.0458240509	-1368
6.04682207108	-1368
6.04684901237	-1368
6.04687309265	-1368
6.04850006104	-1368
6.04852199554	-1368
6.04855704308	-1368
6.04959392548	-1368
6.04962301254	-1368
6.04964900017	-1368
6.05084705353	-1368
6.05158805847	-1368
6.05161499977	-1368
6.05227398872	-1368
6.05230093002	-1368
6.05232906342	-1368
6.05349397659	-1368
6.05351805687	-1368
6.05355000496	-1368
6.05500102043	-1368
6.05501699448	-1368
6.05504393578	-1368
6.05660200119	-1368
6.05809903145	-1368
6.05811309814	-1368
6.05899500847	-1368
6.05902004242	-1368
6.05904603004	-1368
6.06175303459	-1368
6.06178307533	-1368
6.0618019104	-1368
6.06310796738	-1368
6.06314706802	-1368
6.06416893005	-1368
6.0642080307	-1368
6.0642209053	-1368
6.06606602669	-1368
6.06609010696	-1368
6.06611895561	-1368
6.06747603416	-1368
6.06750202179	-1368
6.06752991676	-1368
6.06886696815	-1368
6.06909108162	1368
6.06949996948	-1368
6.06952595711	-1368
6.07012891769	-1368
6.07015609741	-1368
6.07018303871	-1368
6.07139706612	-1368
6.07142496109	-1368
6.07145309448	-1368
6.0729329586	-1368
6.072961092	-1368
6.07298588753	-1368
6.07460999489	-1368
6.07527089119	-1368
6.07530498505	-1368
6.07533097267	-1368
6.0762860775	-1368
6.0763130188	-1368
6.07714104652	-1368
6.0771689415	-1368
6.07719397545	-1368
6.0793530941	-1368
6.07938504219	-1368
6.07940101624	-1368
6.08055400848	-1368
6.08057498932	-1368
6.08060693741	-1368
6.08216309547	-1368
6.08279800415	-1368
6.08282089233	-1368
6.08327293396	1368
6.08347010612	-1368
6.08351397514	-1368
6.08355808258	-1368
6.08534789085	-1368
6.08538007736	-1368
6.08539891243	-1368
6.08670806885	-1311
6.08672595024	1326
6.08709406853	-1368
6.08711910248	-1368
6.08789992332	-1368
6.09084892273	-1368
6.09198403358	-1368
6.09421491623	-1368
6.09424209595	-1368
6.09426808357	-1368
6.09526705742	-1368
6.09529399872	-1368
6.09605193138	-1368
6.09671592712	-1368
6.09674596786	-1368
6.09744906425	-1368
6.09796309471	-1368
6.09798908234	-1368
6.09858989716	-1368
6.09986400604	1368
6.09996891022	-1368
6.09999203682	-1368
6.10001993179	-1368
6.10073709488	-1368
6.10076403618	-1368
6.1014289856	-1368
6.10223698616	-1368
6.10226106644	-1368
6.10326600075	-1368
6.10375499725	-1368
6.10378789902	-1368
6.1038069725	-1368
6.10423803329	-1368
6.10426402092	-1368
6.10459804535	-1368
6.10484409332	-1368
6.10489010811	-1368
6.10531210899	-1368
6.10573291779	-1368
6.10575699806	-1368
6.10628390312	-1368
6.10676598549	-1368
6.1067841053	-1368
6.1073820591	-1368
6.10740709305	-1368
6.10743188858	-1368
6.10874605179	-1368
6.10933709145	-1368
6.10951209068	1368
6.10995388031	-1368
6.1112010479	-1368
6.11911702156	-1368
6.11914300919	-1368
6.11916303635	-1368
6.11918497086	-1368
6.11921191216	-1368
6.11924505234	-1368
6.11927509308	-1368
6.11929988861	-1368
6.11932992935	-1368
6.11935710907	-1368
6.11939406395	-1368
6.11942005157	-1368
6.11945199966	-1368
6.11947703362	-1368
6.11950588226	-1368
6.119535923	-1368
6.11956310272	-1368
6.11959004402	-1368
6.11961889267	-1368
6.11964392662	-1368
6.11968207359	-1368
6.11970901489	-1368
6.11973810196	-1368
6.11976289749	-1368
6.11979103088	-1368
6.12731194496	-1368
6.12735295296	-1368
6.12736010551	-1368
6.12737298012	-1368
6.12740397453	-1368
6.12743401527	-1368
6.12746095657	-1368
6.12749099731	-1368
6.12751698494	-1368
6.12754607201	-1368
6.1275780201	-1368
6.12760305405	1368
6.12761306763	-1368
6.12763810158	-1368
6.12766599655	-1368
6.12769198418	-1368
6.12772607803	-1368
6.12775206566	-1368
6.12778091431	-1368
6.1278090477	-1368
6.12783694267	-1368
6.12791895866	-1368
6.12794804573	-1368
6.13515305519	1368
6.14616203308	-1368
6.14618897438	-1368
6.14622092247	-1368
6.14625501633	-1368
6.14628005028	-1368
6.14631700516	-1368
6.14634799957	-1368
6.14636588097	-1368
6.14639306068	-1368
6.14642000198	-1368
6.1464509964	-1368
6.14647698402	-1368
6.15504288673	-1368
6.15507102013	-1368
6.15509200096	-1368
6.15512800217	-1368
6.15514993668	-1368
6.15518403053	-1368
6.15520811081	-1368
6.15523791313	-1368
6.15526199341	-1368
6.15563702583	1368
6.16475391388	-1368
6.16478300095	-1368
6.16480493546	-1368
6.16481900215	-1368
6.16484308243	-1368
6.16488599777	-1368
6.16490292549	-1368
6.16493105888	-1368
6.16495704651	-1368
6.16498589516	-1368
6.16501688957	-1368
6.1650428772	-1368
6.17266011238	-1368
6.17269802094	-1368
6.17272305489	-1368
6.17276310921	-1368
6.17279911041	-1368
6.17283987999	-1368
6.17285704613	-1368
6.17289304733	-1368
6.17290997505	-1368
6.17294287682	-1368
6.17299008369	-1368
6.17301797867	-1368
6.17304706573	-1368
6.17307400703	-1368
6.17909598351	-1368
6.17912387848	-1368
6.17915606499	-1368
6.17918109894	-1368
6.17920804024	-1368
6.17925095558	-1368
6.17927193642	-1368
6.17929601669	-1368
6.17932200432	-1368
6.17934894562	-1368
6.1793820858	-1368
6.1794090271	-1368
6.17943501472	-1368
6.17947101593	-1368
6.17948794365	-1368
6.17952108383	-1368
6.17955589294	-1368
6.17957305908	-1368
6.17960309982	-1368
6.17962789536	-1368
6.17966198921	-1368
6.17968893051	-1368
6.1797709465	1368
6.18725800514	-1368
6.18728208542	-1368
6.18730092049	-1368
6.18732309341	-1368
6.18734908104	-1368
6.18738508224	-1368
6.18741297722	-1368
6.18743896484	-1368
6.18746590614	-1368
6.18749499321	-1368
6.1875269413	-1368
6.1875538826	-1368
6.18758106232	-1368
6.18760800362	-1368
6.18763804436	-1368
6.1876680851	-1368
6.18770003319	-1368
6.18772506714	-1368
6.18816804886	1368
6.19014596939	-1368
6.1901679039	-1368
6.19019794464	-1368
6.19022893906	-1368
6.19025301933	-1368
6.19028997421	-1368
6.19031500816	-1368
6.19199705124	-1368
6.19202494621	-1368
6.19206690788	-1368
6.19208407402	-1368
6.19211101532	-1368
6.19516205788	-1368
6.19518494606	-1368
6.1952149868	-1368
6.19525003433	-1368
6.19526600838	-1368
6.19530200958	-1368
6.19532704353	-1368
6.19535398483	-1368
6.19537997246	-1368
6.19607710838	-1368
6.19610190392	-1368
6.19613289833	-1368
6.19641399384	1368
6.19701695442	1368
6.20346808434	-1368
6.20349502563	-1368
6.20351290703	-1368
6.20353507996	-1368
6.20356202126	-1368
6.20360589027	-1368
6.20362710953	-1368
6.20365095139	-1368
6.20368003845	-1368
6.2037050724	-1368
6.20373892784	-1368
6.20376610756	-1368
6.20379400253	-1368
6.20382189751	-1368
6.20385193825	-1368
6.20388507843	-1368
6.20391201973	-1368
6.20393896103	-1368
6.2039680481	-1368
6.20399403572	-1368
6.20402693748	-1368
6.20405387878	-1368
6.20408296585	-1368
6.20413899422	-1368
6.21088409424	1234
6.21117305756	-1368
6.21119904518	-1368
6.2112390995	-1368
6.21126890182	-1368
6.21130394936	-1368
6.21138095856	-1368
6.21142101288	-1368
6.21144890785	-1368
6.21147799492	-1368
6.21151089668	-1368
6.21154689789	-1368
6.2115778923	-1368
6.21160793304	-1368
6.2116420269	-1368
6.21167898178	-1368
6.21171498299	-1368
6.21174192429	-1368
6.21177792549	-1368
6.21180796623	-1368
6.21184396744	-1368
6.21187996864	-1368
6.21190690994	-1368
6.21194505692	-1368
6.21197605133	-1368
6.21204590797	-1368
6.21479988098	-383
6.2215950489	1368
6.22411990166	-1368
6.22415304184	-1368
6.22419190407	-1368
6.2242269516	-1368
6.22425508499	-1368
6.22428297997	-1368
6.23085093498	-1368
6.23087906837	-1368
6.23090696335	-1368
6.23092508316	-1368
6.23095107079	-1368
6.23098397255	-1368
6.23101091385	-1368
6.23103809357	-1368
6.23107290268	-1368
6.23109102249	-1368
6.23112106323	-1368
6.239579916	-1368
6.24085092545	-1368
6.24099993706	1368
6.24140501022	-1368
6.24143600464	-1368
6.24360203743	-1368
6.24362397194	-1368
6.24365210533	-1368
6.24370789528	-1368
6.24374103546	-1368
6.24376010895	-1368
6.24436998367	-1368
6.24440693855	-1368
6.24442601204	-1368
6.2447719574	-1368
6.24501800537	-1368
6.24504899979	-1368
6.24514698982	-1368
6.24518799782	-1368
6.24521303177	-1368
6.24542593956	-1368
6.24573588371	-1368
6.24575996399	-1368
6.24578690529	-1368
6.24592399597	-1368
6.24595093727	-1368
6.24597907066	-1368
6.24629807472	-1368
6.24632906914	-1368
6.24635791779	-1368
6.25174307823	-1368
6.25178599358	-1368
6.25179290771	-1368
6.25181889534	-1368
6.25183391571	-1368
6.25187587738	-1368
6.25190210342	-1368
6.25192594528	-1368
6.25194501877	-1368
6.25197196007	-1368
6.25228309631	1368
6.26107311249	-1368
6.26138496399	-1368
6.26236605644	-1368
6.26239705086	-1368
6.26242494583	-1368
6.26276707649	-1368
6.26279401779	-1368
6.26329803467	-1368
6.26348805428	-1368
6.26351904869	-1368
6.26360487938	-1368
6.2637219429	-1368
6.26376700401	-1368
6.26379299164	-1368
6.26382899284	-1368
6.26385688782	-1368
6.2642519474	-1368
6.26428103447	-1368
6.26430702209	-1368
6.27520108223	-1368
6.27524995804	-1368
6.2752571106	-1368
6.27563405037	-1368
6.27630805969	-1368
6.27633810043	-1368
6.27768111229	-1368
6.27771496773	-1368
6.27775502205	-1368
6.27890110016	-1368
6.27913188934	1368
6.28126096725	-1368
6.28128504753	-1368
6.2813129425	-1368
6.28253602982	-1368
6.28255796432	-1368
6.28258895874	-1368
6.28529596329	-1368
6.28532505035	-1368
6.2853500843	-1368
6.28746891022	-1368
6.28885293007	-1368
6.28888106346	-1368
6.28890800476	-1368
6.28893709183	-1368
6.28900694847	-1368
6.28903508186	-1368
6.28906106949	-1368
6.28928804398	-1368
6.28968191147	-1368
6.28970789909	-1368
6.28973293304	-1368
6.29005599022	-1368
6.2900800705	-1368
6.29010796547	-1368
6.29509592056	-1368
6.29512095451	-1368
6.29513907433	-1368
6.29517507553	-1368
6.29520797729	-1368
6.29525303841	-1368
6.29526996613	-1368
6.29530405998	-1368
6.29532504082	-1368
6.29536008835	-1368
6.2953979969	-1368
6.29543209076	-1368
6.29544997215	-1368
6.29548096657	-1368
6.29551506042	-1368
6.29555010796	-1368
6.29557800293	-1368
6.29560399055	-1368
6.29563093185	-1368
6.29565596581	-1368
6.29569005966	-1368
6.2957239151	-1368
6.29574799538	-1368
6.29576992989	-1368
6.29578709602	1368
6.29583001137	-1368
6.29585504532	-1368
6.29588389397	-1368
6.29593610764	-1368
6.30692410469	-1368
6.30751609802	-1368
6.30784487724	-1368
6.30787301064	-1368
6.30832505226	-1368
6.30836009979	-1368
6.30837893486	-1368
6.30961608887	-1368
6.30964398384	-1368
6.30966901779	-1368
6.31035709381	-1368
6.3112308979	-1368
6.31125497818	-1368
6.31204295158	-1368
6.32388901711	-1368
6.32863092422	-1368
6.32907390594	-1368
6.32909607887	-1368
6.32954597473	-1368
6.32957196236	-1368
6.32960104942	-1368
6.32986092567	-1368
6.32991409302	-1368
6.33022093773	-1368
6.33125090599	1368
6.33150601387	-1368
6.33153104782	-1368
6.33155989647	-1368
6.33271002769	-1368
6.33274197578	-1368
6.33276700974	-1368
6.34136509895	-1368
6.34139490128	451
6.34148097038	-1368
6.34151291847	-1368
6.3431661129	-1368
6.34604001045	-968
6.36038303375	-1368
6.36041402817	-1368
6.36043691635	-1368
6.3666510582	-1368
6.3666870594	-1368
6.36670303345	-1368
6.37074398994	-1368
6.37114906311	-1368
6.37160611153	-1368
6.3716340065	-1368
6.37242007256	-1368
6.3724489212	-1368
6.37247490883	-1368
6.37347102165	-1368
6.37349700928	-1368
6.3735229969	-1368
6.37395191193	-1368
6.37398791313	-1368
6.37430691719	-1368
6.37434005737	-1368
6.37435793877	-1368
6.37566804886	-1368
6.37569689751	-1368
6.37572097778	-1368
6.37700295448	-1368
6.37702703476	-1368
6.37705206871	-1368
6.37824296951	-1368
6.37851190567	1368
6.37982201576	-1368
6.37985491753	-1368
6.3798699379	-1368
6.3807349205	-1368
6.38075399399	-1368
6.38202595711	-1368
6.38334608078	-1368
6.38337111473	-1368
6.3839700222	-1368
6.38445901871	-1368
6.38448596001	-1368
6.38451600075	-1368
6.38555288315	-1368
6.38558793068	-1368
6.38560605049	-1368
6.38600301743	-1368
6.38602900505	-1368
6.38663291931	-1368
6.3874270916	-1368
6.38744997978	-1368
6.38835906982	-1368
6.38838601112	-1368
6.38841295242	-1368
6.38864207268	-1368
6.38866901398	-1368
6.38873505592	-1368
6.3892018795	-1368
6.38944602013	-1368
6.38947105408	-1368
6.38964390755	-1368
6.38968396187	-1368
6.38972687721	-1368
6.39009594917	-1368
6.39012098312	-1368
6.3901488781	-1368
6.39058804512	-1368
6.39061594009	-1368
6.3906519413	-1368
6.39078402519	-1368
6.40509700775	-1368
6.40549993515	1368
6.40618991852	-1368
6.40621089935	-1368
6.40697598457	-1368
6.40700793266	-1368
6.40702700615	-1368
6.40801811218	-1368
6.4080491066	-1368
6.40806889534	-1368
6.40876698494	-1368
6.40879607201	-1368
6.40882205963	-1368
6.40911698341	-1368
6.40966391563	-1368
6.4096930027	-1368
6.409719944	-1368
6.40993404388	-1368
6.40995693207	-1368
6.41022992134	-1368
6.41081094742	-1368
6.41111898422	-1368
6.41113805771	-1368
6.41141295433	-1368
6.41144800186	-1368
6.4114780426	-1368
6.41217803955	-1368
6.41220188141	-1368
6.41222906113	-1368
6.41254091263	-1368
6.4128100872	-1368
6.41286492348	-1368
6.41322207451	-1368
6.41360807419	-1368
6.41363096237	-1368
6.41366100311	-1368
6.41383910179	-1368
6.41389393806	-1368
6.41392087936	-1368
6.41413807869	-1368
6.41416192055	-1368
6.41419291496	-1368
6.41443109512	1368
6.41453790665	-1368
6.41458010674	-1368
6.41460609436	-1368
6.41499590874	-1368
6.41501903534	-1368
6.41504693031	-1368
6.41524505615	-1368
6.4152739048	-1368
6.41548800468	-1368
6.41583108902	-1368
6.41585493088	-1368
6.41588592529	-1368
6.41605496407	-1368
6.41607904434	-1368
6.41611003876	-1368
6.41666889191	-1368
6.41670203209	-1368
6.41672110558	-1368
6.41684508324	-1368
6.41688108444	-1368
6.41689801216	-1368
6.41748905182	-1368
6.41751408577	-1368
6.41774201393	-1368
6.41798591614	-1368
6.41857910156	-1368
6.41920304298	-1368
6.41987705231	-1368
6.41990399361	-1368
6.41992902756	-1368
6.42004990578	-1368
6.42007994652	-1368
6.42055702209	-1368
6.42058110237	-1368
6.42060899734	-1368
6.42097401619	-1368
6.42099809647	-1368
6.42122888565	1368
6.42142009735	-1368
6.42144298553	-1368
6.42147088051	-1368
6.42176103592	-1368
6.4217839241	-1368
6.42206788063	-1368
6.42209911346	-1368
6.42213106155	-1368
6.42216610909	-1368
6.4222009182	-1368
6.42223000526	-1368
6.42225599289	-1368
6.42372608185	-1368
6.42374992371	-1368
6.43205499649	-1368
6.43208193779	-1368
6.4321000576	-1368
6.43230605125	-1368
6.43233203888	-1368
6.43236088753	-1368
6.43283510208	-1368
6.43286108971	-1368
6.43288993835	-1368
6.43345499039	-1368
6.43348097801	-1368
6.43368411064	-1368
6.43371391296	-1368
6.43390798569	-1368
6.43392300606	-1368
6.43395495415	-1368
6.43482995033	-1368
6.43485307693	-1368
6.43488097191	-1368
6.4371778965	-1368
6.43720793724	-1368
6.4372279644	-1368
6.43752408028	1368
6.44038701057	-1368
6.44207906723	-1368
6.44211888313	-1368
6.44457507133	-1368
6.44460391998	-1368
6.44462108612	-1368
6.44674706459	-1368
6.44676804543	-1368
6.44679403305	-1368
6.44797897339	-1368
6.44801497459	-1368
6.44803190231	-1368
6.44871807098	-1368
6.44978690147	-1368
6.44981098175	-1368
6.44984006882	-1368
6.46542191505	762
6.47004890442	-642
6.48825407028	-1368
6.48829007149	-1368
6.48830008507	-1368
6.48863697052	-1368
6.48869109154	-1368
6.48886299133	-1368
6.48907494545	-1368
6.4890999794	-1368
6.48932790756	-1368
6.48960995674	-1368
6.48963809013	-1368
6.48980402946	-1368
6.48983192444	-1368
6.48985910416	-1368
6.49316310883	-1368
6.49335503578	-1368
6.49338507652	-1368
6.50006508827	-1368
6.50015592575	-1368
6.50020003319	-1368
6.50021100044	-1368
6.50027990341	-1368
6.50030303001	-1368
6.50037288666	-1368
6.50051808357	-1368
6.50056910515	-1368
6.50057888031	-1368
6.50154089928	-1368
6.50162410736	-1368
6.50178408623	-1368
6.5020840168	-1368
6.50215506554	-1368
6.50268888474	-1368
6.50415897369	-1368
6.50423789024	-1368
6.50426888466	-1368
6.50479507446	1368
6.5055770874	-1368
6.50560307503	-1368
6.50706505775	1368
6.50812697411	1368
6.50849795341	1368
6.50907897949	1368
6.50961995125	1368
6.50966310501	1368
6.5256459713	-1368
6.52567410469	-1368
6.52569293976	-1368
6.52598690987	-1368
6.52601099014	-1368
6.52628207207	-1368
6.52654194832	-1368
6.52687001228	-1368
6.52689599991	-1368
6.52692699432	-1368
6.52744698524	-1368
6.52747488022	-1368
6.52750205994	-1368
6.52949500084	-1368
6.52952289581	-1368
6.52955198288	-1368
6.53850197792	-1368
6.53853487968	-1368
6.53854990005	-1368
6.54669308662	-1368
6.54671692848	-1368
6.54675507545	-1368
6.54701209068	1368
6.5474178791	-1368
6.54744195938	-1368
6.54747104645	-1368
6.54922509193	-1368
6.54924798012	-1368
6.54927802086	-1368
6.5519220829	-1368
6.55194497108	-1368
6.55197405815	-1368
6.5531899929	-1368
6.55349397659	-1368
6.55352210999	-1368
6.56133890152	-1368
6.56297397614	-1368
6.56299805641	-1368
6.56502795219	-1368
6.56919503212	-1368
6.5692191124	-1368
6.56925201416	-1368
6.57305693626	-1368
6.57308292389	-1368
6.57535791397	-1368
6.57717990875	-1368
6.57721495628	-1368
6.57890892029	-1368
6.57893109322	-1368
6.57896089554	-1368
6.57994294167	-1368
6.58066391945	-1368
6.58067989349	-1368
6.58175706863	-1368
6.58251190186	-1368
6.58254003525	-1368
6.58323907852	-1368
6.58431506157	-1368
6.58537387848	-1368
6.58539795876	-1368
6.58542609215	-1368
6.58557200432	1368
6.58576607704	-1368
6.58579206467	-1368
6.58624601364	-1368
6.58668804169	-1368
6.58671402931	-1368
6.58674192429	-1368
6.58759999275	-1368
6.58762598038	-1368
6.58800292015	-1368
6.58802890778	-1368
6.58805608749	-1368
6.58829903603	-1368
6.58835291862	-1368
6.58838009834	-1368
6.58890008926	-1368
6.5889248848	-1368
6.58896589279	-1368
6.58980894089	-1368
6.58982396126	1031
6.58983206749	-1368
6.58986091614	-1368
6.59072494507	-1368
6.59075903893	-1368
6.59077596664	-1368
6.59134793282	-1368
6.59138607979	-1368
6.59140205383	-1368
6.59190607071	-1368
6.59193110466	-1368
6.59195804596	-1368
6.59245610237	-1368
6.59248209	-1368
6.59250807762	-1368
6.59300208092	-1368
6.59332489967	-1368
6.5933508873	-1368
6.59988689423	-543
6.60230302811	-1368
6.60233592987	-1368
6.60235500336	-1368
6.60248494148	-1368
6.6025159359	-1368
6.6025428772	-1368
6.60288095474	1368
6.6060230732	-1368
6.60604691505	-1368
6.60607290268	-1368
6.60610294342	-1368
6.61226797104	-395
6.62383699417	-1368
6.66009497643	-1368
6.66033411026	-1368
6.66092395782	-1368
6.66095209122	-1368
6.66098093987	-1368
6.6612610817	-1368
6.66128802299	-1368
6.66158008575	-1368
6.66240406036	-1368
6.66242694855	-1368
6.66294598579	-1368
6.66370201111	-1368
6.66372704506	-1368
6.66474795341	-1368
6.66526508331	-1368
6.66528892517	-1368
6.66531801224	-1368
6.66540002823	-1368
6.6654279232	-1368
6.66545391083	-1368
6.66575598717	-1368
6.66577196121	-1368
6.6658000946	-1368
6.66605401039	-1368
6.66607904434	-1368
6.66610693932	-1368
6.66646003723	-1368
6.66648197174	-1368
6.66651201248	-1368
6.66666007042	-1368
6.66668510437	-1368
6.6668651104	-1368
6.6669049263	-1368
6.66692900658	-1368
6.66698789597	-1368
6.66702008247	-1368
6.66704797745	-1368
6.6673989296	-1368
6.66743898392	-1368
6.66746592522	-1368
6.66777706146	-1368
6.66781497002	-1368
6.66785693169	-1368
6.66789698601	-1368
6.667937994	-1368
6.66798305511	-1368
6.66806197166	-1368
6.66808605194	-1368
6.6681470871	-1368
6.66820287704	-1368
6.6682870388	-1368
6.66833806038	-1368
6.66839194298	-1368
6.6684179306	-1368
6.6684858799	-1368
6.66851210594	-1368
6.66853809357	-1368
6.66883707047	1368
6.67473387718	-1368
6.67476892471	-1368
6.67478704453	-1368
6.70456695557	1368
6.71346211433	-1368
6.71377491951	-1368
6.71380090714	-1368
6.71780991554	1368
6.72697401047	1044
6.74793100357	-1336
6.75072598457	-1368
6.75074696541	-1368
6.77760100365	1368
6.80096888542	1368
6.85118794441	978
6.87184500694	-1368
6.87398099899	-1368
6.87401103973	-1368
6.87403893471	-1368
6.87409591675	-1368
6.87412500381	-1368
6.87415194511	-1368
6.87440490723	-1368
6.87447190285	-1368
6.87449002266	-1368
6.87473106384	-1368
6.87475895882	-1368
6.87478995323	-1368
6.87479710579	-359
6.87590289116	-1368
6.87597298622	-1368
6.87601804733	-1368
6.87720394135	-1368
6.87727499008	-1368
6.87728691101	-1368
6.87742400169	-1368
6.87754011154	-1368
6.87804794312	1368
6.88303303719	-1368
6.88934803009	-1368
6.88937306404	-1368
6.97685909271	-1368
6.97689390182	1318
6.98315596581	-1368
6.98477101326	-1368
6.98479700089	-1368
6.99877905846	-1018
7.10115098953	543
7.12279105186	-543
7.19639396667	-1368
7.22382903099	-1368
7.23343801498	-1368
7.25095391273	-1368
7.25114488602	-1368
7.25166201591	-1368
7.25171303749	-1368
7.25172996521	-1368
7.2519030571	-1368
7.25191998482	-1368
7.25195097923	-1368
7.25215888023	-1368
7.25245904922	-1368
7.25248789787	-1368
7.25251603127	-1368
7.25258088112	-1368
7.2526140213	-1368
7.25263309479	-1368
7.25346803665	543
7.25558710098	-1368
7.2556450367	-1368
7.2556810379	-1368
7.25568890572	-1368
7.25570106506	-1368
7.26028394699	-1368
7.26036310196	-1368
7.26509809494	1368
7.26985788345	-1368
7.27027010918	-1368
7.27031588554	-1368
7.28298592567	-602
7.31004810333	-1368
7.31382489204	-1368
7.32015109062	-1368
7.38917303085	261
7.40736603737	-725
7.43347406387	1368
7.47258710861	-1368
7.48549604416	-1368
7.48552703857	-1368
7.48553204536	-1368
7.53143310547	-327
7.53146696091	232
7.54051089287	-1368
7.5405330658	-1368
7.54054999352	-1368
7.54562497139	-1368
7.54564404488	-1368
7.54565095901	-1368
7.55822610855	-1368
7.55825901031	-1368
7.55827999115	-1368
7.65552091599	-770
7.65554690361	1057
7.73240399361	-1368
7.73262190819	-1368
7.77979397774	-464
7.77984905243	543
7.85289692879	-1368
7.85726690292	-1368
7.87311792374	-1368
7.90403294563	-725
7.90409994125	543
8.0055000782	-1368
8.02817702293	-746
8.02821707726	1086
8.18899202347	-543
8.1890540123	1057
8.30746102333	-1368
8.31323504448	-261
8.31335496902	543
8.36390399933	1368
8.43746089935	-543
8.43749594688	1260
8.56165599823	-543
8.57101106644	1057
8.72555994987	-543
8.75506305695	-1368
8.75513601303	-1368
8.75516891479	-1368
8.8791410923	-1181
8.88944602013	543
8.91317605972	-1368
8.92023205757	1368
9.00937795639	-1368
9.01265001297	-1368
9.01374292374	-1210
9.01375794411	746
9.1384999752	-1086
9.1385269165	1086
9.2626709938	-543
9.26364588737	543
9.34936404228	-1368
9.35012602806	-1368
9.38782691956	-464
9.4344329834	-1368
9.47664499283	1057
9.55095410347	-1347
9.57281708717	1368
9.57670402527	1368
9.63896989822	435
9.69707107544	-1086
9.75032806396	-1368
9.75256204605	-1368
9.76181507111	-1368
9.76225709915	-1368
9.7631111145	1368
9.76425004005	232
9.87441802025	-414
9.88919496536	1086
10.0137600899	-543
10.0338408947	-1368
10.0416910648	-1368
10.041711092	-1368
10.0480239391	-1368
10.0542080402	-1368
10.0561509132	543
10.0957419872	1368
10.0983440876	-1368
10.1324419975	-1368
10.1364209652	1368
10.1580879688	-1139
10.1624679565	1368
10.218957901	182
10.2867679596	-1086
10.3122959137	-1368
10.3463160992	-1368
10.3479399681	1057
10.3752889633	-1368
10.3796029091	-1368
10.4365310669	-1044
10.5590200424	1057
10.561316967	-1368
10.5614058971	-1368
10.5614860058	-1368
10.5659511089	-1368
10.5660560131	-1368
10.5740430355	-1368
10.6074719429	-1305
10.7271220684	1057
10.7318658829	-543
10.7543139458	-1368
10.7543559074	-1368
10.7543919086	-1368
10.8561038971	-95
10.8573489189	543
10.9300670624	-543
10.99781394	-543
11.0060639381	-1368
11.0081191063	-1368
11.0081570148	-1368
11.0105059147	-1368
11.0105469227	-1368
11.0105791092	-1368
11.0134630203	-1368
11.0135378838	-1368
11.0135569572	-1368
11.0143640041	-1368
11.0143940449	-1368
11.0144200325	-1368
11.0148210526	543
11.0164630413	-1368
11.0165040493	-1368
11.0165300369	-1368
11.0181119442	-1368
11.0189371109	-1368
11.0195748806	-1368
11.0196180344	-1368
11.0196270943	-1368
11.0202150345	-1368
11.0202391148	-1368
11.0218520164	-1368
11.0218811035	-1368
11.0219109058	-1368
11.0304329395	-1368
11.0304970741	-1368
11.0305099487	-1368
11.033479929	-1368
11.0335679054	-1368
11.0336360931	-1368
11.0357899666	-1368
11.0374529362	-1368
11.0375199318	-1368
11.0375599861	-1368
11.0383000374	-1368
11.0383589268	-1368
11.0383720398	-1368
11.0403211117	-1368
11.0403780937	-1368
11.0404100418	-1368
11.0422949791	-1368
11.0452139378	-1368
11.0452570915	-1368
11.0452799797	-1368
11.0466098785	-1368
11.0478711128	-1368
11.0481851101	1368
11.0491359234	-1368
11.0514190197	-1368
11.052489996	-1368
11.0525419712	-1368
11.0525710583	-1368
11.0531659126	-1368
11.0532310009	-1368
11.0536019802	-1368
11.0542469025	-1368
11.0542919636	-1368
11.05469203	-1368
11.0547299385	-1368
11.0547530651	-1368
11.0550260544	-1368
11.0557188988	-1368
11.0566089153	-1368
11.056978941	-1368
11.0573699474	-1368
11.0574231148	-1368
11.0578029156	-1368
11.0578379631	-1368
11.0578448772	-1368
11.1301031113	-34
11.1361579895	1368
11.1371719837	1368
11.1724200249	1297
11.2913820744	-543
11.3013029099	-1368
11.301363945	543
11.3013970852	-1368
11.3014318943	-1368
11.3014500141	-1368
11.3016209602	-1368
11.3016679287	-1368
11.3018770218	-1368
11.3021500111	-1368
11.3021559715	-1368
11.3024439812	-1368
11.3026719093	-1368
11.3026990891	-1368
11.302893877	-1368
11.3029220104	-1368
11.3029520512	-1368
11.3032670021	-1368
11.303550005	-1368
11.303579092	-1368
11.3039939404	-1368
11.3044059277	-1368
11.3044309616	-1368
11.3048679829	-1368
11.3054020405	-1368
11.3054530621	-1368
11.3054618835	-1368
11.3056480885	-1368
11.3060240746	-1368
11.3065478802	-1368
11.306566	-1368
11.3065850735	-1368
11.3068730831	-1368
11.3069000244	-1368
11.3069159985	-1368
11.3080480099	-1368
11.3080639839	-1368
11.3080821037	-1368
11.3092260361	-1368
11.3092489243	-1368
11.3092770576	-1368
11.3095550537	1368
11.3104770184	-1368
11.3110439777	-1368
11.3110830784	-1368
11.3118259907	-1368
11.3118760586	-1368
11.3118870258	-1368
11.3136870861	-1368
11.3137159348	-1368
11.3137469292	-1368
11.3155360222	-1368
11.3155789375	-1368
11.3155961037	-1368
11.3165109158	-1368
11.3169600964	-1368
11.3169839382	-1368
11.3172080517	-1368
11.3172230721	-1368
11.3172490597	-1368
11.3177900314	-1368
11.3178219795	-1368
11.3178501129	-1368
11.3180859089	-1368
11.3180940151	543
11.3181490898	-1368
11.3181660175	-1368
11.3332459927	-1368
11.3390231133	-1368
11.3441720009	-1368
11.3442959785	1368
11.3599879742	-1368
11.4052629471	-1368
11.4095621109	1368
11.4254510403	-490
11.4254860878	1297
11.4572939873	-1368
11.4573259354	-1368
11.4573469162	-1368
11.4583590031	-1368
11.458386898	-1368
11.4584109783	-1368
11.4618120193	-1368
11.4618339539	-1368
11.4618508816	-1368
11.4653730392	-1368
11.465405941	-1368
11.4654231071	-1368
11.4713609219	-1368
11.471460104	-1368
11.4715139866	-1368
11.4724431038	-1368
11.4724850655	-1368
11.4727959633	1368
11.4743540287	-1368
11.4754519463	-1368
11.4763131142	-1368
11.4763410091	-1368
11.5496819019	-1034
11.5497159958	261
11.5949029922	-1368
11.5949819088	-1368
11.5950129032	-1368
11.5950510502	-1368
11.5950880051	-1368
11.5951039791	-1368
11.595676899	-1368
11.595690012	-1368
11.5957000256	-1368
11.5962018967	-1368
11.5962200165	-1368
11.5962240696	-1368
11.5966370106	-1368
11.5968859196	-1368
11.5969018936	-1368
11.5969901085	-1368
11.5970070362	-1368
11.5970211029	-1368
11.5972371101	-1368
11.5972540379	-1368
11.5973079205	-1368
11.597645998	-1368
11.5976638794	-1368
11.5977020264	-1368
11.5981779099	-1368
11.5985350609	-1368
11.5985450745	-1368
11.5986459255	-1368
11.5986840725	-1368
11.5987169743	-1368
11.59897995	-1368
11.5989949703	-1368
11.5990610123	-1368
11.5992150307	-1368
11.5992438793	-1368
11.5992720127	-1368
11.5994129181	1368
11.5999410152	-1368
11.6004350185	-1368
11.6004691124	-1368
11.600869894	-1368
11.6009049416	-1368
11.600924015	-1368
11.6019380093	-1368
11.6019659042	-1368
11.6020040512	-1368
11.6028459072	-1368
11.6028959751	-1368
11.6029429436	-1368
11.6035790443	-1368
11.6037828922	-1368
11.6038119793	-1368
11.6038389206	-1368
11.6040799618	-1368
11.6040980816	-1368
11.6042759418	-1368
11.6045520306	-1368
11.604583025	-1368
11.6048259735	-1368
11.6049900055	-1368
11.6050159931	-1368
11.605050087	-1368
11.6052279472	-1368
11.6052560806	-1368
11.6052830219	-1368
11.6053380966	-1368
11.6053719521	-1368
11.6053979397	-1368
11.6054270267	-1368
11.6054561138	-1368
11.6054821014	-1368
11.6055428982	-1368
11.6055679321	-1368
11.6056261063	-1368
11.6056809425	-1368
11.6057388783	-1368
11.6057639122	-1368
11.6057989597	-1368
11.6058499813	-1368
11.6058769226	-1368
11.6059339046	-1368
11.605962038	-1368
11.6059839725	1368
11.605989933	-1368
11.6060419083	-1368
11.6060750484	-1368
11.6061279774	-1368
11.6061809063	-1368
11.6062459946	-1368
11.6062641144	-1368
11.6078009605	-1368
11.6078970432	-1368
11.6079149246	-1368
11.6738801003	-1184
11.6739718914	1065
11.7635860443	1368
11.7982020378	-543
11.7982370853	775
11.9223361015	-543
12.0199840069	-1368
12.032583952	-1368
12.0327179432	-1368
12.0487279892	-1368
12.0603721142	-1368
12.0661549568	543
12.0829870701	-588
12.2390179634	1086
12.2510299683	-1086
12.3637061119	1057
12.4313778877	-543
12.4500410557	-1368
12.462002039	-1368
12.462074995	-1368
12.4886789322	543
12.5395619869	-1368
12.5554869175	-414
12.679541111	-543
12.8430459499	-1086
12.9388940334	543
12.9667999744	1368
13.0635840893	1260
13.0963690281	-543
13.2097229958	-1368
13.220400095	-261
13.3030569553	-1368
13.3236439228	-1368
13.3236720562	-1368
13.3443889618	-667
13.3445770741	543
13.3487811089	1368
13.4683630466	-543
13.4731609821	232
13.597217083	-543
13.6731851101	-1368
13.6788480282	-1368
13.7589349747	-1036
13.7623670101	543
13.881706953	1368
13.8953769207	-543
13.8954310417	717
14.0334188938	-543
14.1949009895	-1086
14.318903923	543
14.3590950966	-1086
14.5629320145	-543
17.238918066	543
17.3906829357	-543
17.3915719986	-1368
17.3916680813	-1368
17.3921821117	-1368
17.3922410011	-1368
17.3922560215	-1368
17.3949129581	-1368
17.3950269222	-1368
17.395045042	-1368
17.4035060406	-1368
17.5158789158	-1368
17.5160090923	-1368
17.5160338879	-1368
17.5160501003	-1368
17.516356945	-1368
17.5164051056	-1368
17.5164289474	-1368
17.5164411068	-1368
17.5164699554	-1368
17.5164968967	-1368
17.5171849728	543
17.5191099644	-1368
17.5191431046	-1368
17.5191690922	-1368
17.5191760063	-1368
17.5191910267	-1368
17.5192129612	-1368
17.5277109146	-1368
17.5277650356	-1368
17.5277910233	-1368
17.52779603	-1368
17.6402049065	-1368
17.6403050423	-1368
17.6403779984	-1368
17.6403980255	-1368
17.6404180527	-1368
17.6404271126	-1368
17.640431881	-1368
17.6404380798	-1368
17.6405460835	-1368
17.6405699253	-1368
17.6406021118	-1368
17.6406209469	-1368
17.6406469345	-1368
17.6406850815	-1368
17.6407120228	-1368
17.6407380104	-1368
17.6407940388	-1368
17.6408419609	-1368
17.6433119774	-1368
17.6433689594	1086
17.6433980465	-1368
17.6434109211	-1368
17.6434259415	-1368
17.6434319019	-1368
17.6434440613	-1368
17.6434490681	-1368
17.6434578896	-1368
17.6434979439	-1368
17.7646160126	-1368
17.7646689415	-1368
17.7647221088	-1368
17.7647309303	-1368
17.7647500038	-1368
17.764756918	-1368
17.7647619247	-1368
17.7647669315	-1368
17.7647969723	-1368
17.7648220062	-1368
17.7648510933	-1368
17.7648770809	-1368
17.7649049759	-1368
17.7649309635	-1368
17.7649590969	-1368
17.7649929523	-1368
17.7650170326	-1368
17.7650449276	-1368
17.7650709152	-1368
17.7650969028	-1368
17.7651290894	-1368
17.7651560307	-1368
17.765182972	-1368
17.7652089596	-1368
17.7660419941	1368
17.7675709724	-1368
17.7676041126	261
17.767621994	-1368
17.7676360607	-1368
17.7676548958	-1368
17.7676808834	-1368
17.7677059174	-1368
17.7677381039	-1368
17.7677600384	-1368
17.7677960396	-1368
17.7678129673	-1368
17.7678470612	-1368
17.7678749561	-1368
17.7679040432	-1368
17.7679290771	-1368
17.7679560184	-1368
17.7679860592	-1368
17.7680130005	-1368
17.7680399418	-1368
17.7680680752	-1368
17.7680950165	-1368
17.7681260109	-1368
17.7681539059	-1368
17.7682158947	-1368
17.8002710342	-543
17.8891439438	-1368
17.8891820908	-1368
17.8892009258	-1368
17.8892118931	-1368
17.8892400265	-1368
17.8892719746	-1368
17.8893010616	-1368
17.8893289566	-1368
17.8893580437	-1368
17.8893840313	-1368
17.889425993	-1368
17.8894519806	-1368
17.8894689083	-1368
17.889508009	-1368
17.8895249367	-1368
17.8895559311	-1368
17.8895831108	-1368
17.8896110058	-1368
17.8904459476	1368
17.8920240402	-1368
17.8920929432	261
17.8921010494	-1368
17.892113924	-1368
17.8921248913	-1368
17.8921580315	-1368
17.8922019005	-1368
17.892236948	-1368
17.8922789097	-1368
17.8923130035	-1368
17.8923549652	-1368
17.8923900127	-1368
17.8924260139	-1296
