0	-543
3.48120808601	543
3.63717007637	543
3.80497097969	-543
3.81066203117	543
3.97670102119	-543
3.99940609932	-1368
4.11612796783	-203
4.18469214439	543
4.18524909019	543
4.24182009697	543
4.47061610222	-543
4.48073410988	543
4.58738017082	-543
4.58770608902	543
4.69024896622	-1368
4.7150080204	-1260
4.79459095001	543
4.80286312103	-1420
4.80286812782	-1316
4.8030371666	-1368
4.81176614761	543
4.81383013725	-1368
4.83181405067	-1326
4.83446407318	543
4.98795509338	-543
4.98813700676	543
5.11584305763	-543
5.11622214317	543
5.23273515701	-543
5.23312997818	543
5.28335905075	-1368
5.34958815575	-1260
5.34983205795	543
5.3756210804	-1420
5.37563610077	-1316
5.37569117546	-1368
5.38667798042	-1368
5.43393015862	543
5.44560194016	543
5.46636915207	-1326
5.46872496605	543
5.48308610916	543
5.48314094543	543
5.55036211014	-1368
5.58310508728	-746
5.59323906898	543
5.59344601631	543
5.70009613037	-543
5.70528817177	543
5.81735110283	-1086
5.81755709648	543
5.81795501709	543
5.93426012993	-543
6.05457401276	-543
6.05507016182	-1420
6.05513501167	-1316
6.06403803825	-1420
6.0640540123	-1420
6.06411004066	-1264
6.06672215462	-1420
6.06673598289	-1420
6.06685209274	-1264
6.07908415794	543
6.10756611824	543
6.119328022	543
6.14958000183	-1368
6.17197799683	-1420
6.1720430851	-1420
6.17204713821	-1420
6.17207217216	-1212
6.18095207214	-1420
6.18100309372	-1420
6.18100595474	-1420
6.18104195595	-1212
6.19638299942	-1368
6.19665312767	-1420
6.19665813446	-1420
6.19670510292	-1264
6.19679713249	543
6.22493910789	543
6.2253010273	543
6.26105499268	543
6.26145410538	543
6.28883504868	-1420
6.28884410858	-1420
6.28892612457	-1420
6.2889289856	-1420
6.28897094727	-1160
6.28897500038	-1368
6.297727108	-1420
6.29773306847	-1420
6.29777312279	-1420
6.29777598381	-1420
6.29781007767	-1160
6.29804396629	543
6.31102895737	543
6.31347107887	-1420
6.31347703934	-1420
6.31351900101	-1264
6.31352210045	-1420
6.31354117393	-1420
6.31354308128	-1264
6.40582203865	-1420
6.40584802628	-1420
6.40590500832	-1420
6.40590810776	-1212
6.40595412254	-1420
6.40595602989	-1420
6.40599513054	-1420
6.40599799156	-1212
6.41062402725	543
6.41526603699	-1420
6.41527199745	-1420
6.41531395912	-1420
6.41531610489	-75
6.41553497314	543
6.42309117317	543
6.42557096481	543
6.42830610275	1460
6.42835497856	1460
6.42839097977	1161
6.42848801613	1117
6.42908811569	543
6.42929315567	543
6.48312902451	543
6.48501300812	-1368
6.48516702652	543
6.53197002411	-261
6.56349897385	-1368
6.61844396591	-1420
6.6184489727	-1420
6.61849117279	-1264
6.61859416962	543
6.61899805069	-1420
6.61900305748	-1316
6.61947202682	1460
6.61951899529	625
6.62847614288	-1420
6.62848305702	-1420
6.6285071373	-1264
6.63091015816	-1368
6.6313149929	-1368
6.63242101669	-1368
6.63247513771	-1420
6.63288116455	543
6.63298106194	-1316
6.64213395119	-1420
6.64219999313	-1420
6.64220714569	-1264
6.64224600792	-1420
6.64225101471	-1420
6.64228510857	-1264
6.66782307625	543
6.68875098228	-1420
6.68875908852	-1420
6.68878698349	-1264
6.68879008293	-1420
6.68880605698	-1316
6.68896412849	1057
6.74541401863	-1420
6.74542212486	-1316
6.74544596672	-1420
6.74544811249	-1420
6.74546504021	-1420
6.74546694756	-1420
6.74549102783	-1420
6.74549412727	-1108
6.74550795555	-1420
6.74551010132	-1420
6.74552512169	-1264
6.74552702904	-1420
6.74554109573	-1316
6.75913906097	-1420
6.75928997993	-1316
6.75929713249	-1420
6.75938796997	-1420
6.75939416885	-1420
6.75947594643	-1212
6.75948214531	-1420
6.75956106186	-1316
6.75956606865	-1420
6.75964808464	-1420
6.7596540451	-1264
6.76006197929	543
6.78431296349	-1420
6.78432917595	-1420
6.78439116478	-1420
6.78439617157	-1212
6.84739613533	-543
6.85228896141	-1420
6.85230898857	-1420
6.85238695145	-1420
6.85239100456	-1212
6.85243701935	-1420
6.85244011879	-1420
6.85247397423	-1264
6.85265207291	543
6.86228299141	-1420
6.86229205132	-1420
6.86234712601	-1420
6.86234998703	-1212
6.86238694191	-1420
6.86239004135	-1420
6.86242604256	-1264
6.862429142	-1420
6.86247205734	-1420
6.86247515678	-1264
6.8625099659	-1420
6.86251306534	-960
6.86264300346	543
6.87603712082	-1420
6.87604904175	-1420
6.87610507011	-1264
6.87839198112	-1368
6.90053701401	-1420
6.90055298805	-1316
6.92836308479	-1420
6.92838096619	-1420
6.92843294144	-1264
6.9284350872	-1420
6.92845201492	-1420
6.92845416069	-1264
6.92867517471	543
6.93784499168	543
6.93869996071	543
6.96927714348	-1420
6.96929502487	-1420
6.96935296059	-1420
6.96935915947	-1212
6.96939611435	-1420
6.96940207481	-1316
6.96943616867	-1368
6.97946310043	-1200
7.22529816628	-543
7.24910116196	-1420
7.24917316437	-1316
7.24935507774	-1368
7.25508403778	543
7.25557398796	543
7.29248404503	-1420
7.29248905182	-1316
7.29262804985	1057
7.3656771183	-16
7.4830789566	543
7.48885798454	-543
7.59156298637	-1368
7.63205003738	-1420
7.63212203979	-1420
7.632158041	-1264
7.63246893883	543
7.63359212875	543
7.64316010475	-1420
7.64317703247	-1316
7.64701509476	-219
7.65443301201	543
8.01505112648	-543
8.13207602501	-1086
8.13273906708	1460
8.13279914856	1460
8.13285708427	193
8.141258955	1460
8.14140415192	625
8.14503502846	543
8.14526605606	543
8.14547395706	543
8.14605617523	543
8.14638400078	543
8.14670109749	543
8.14712810516	543
8.14745497704	543
8.16050601006	-543
8.16100597382	543
8.25064301491	543
8.30814504623	543
8.30869603157	543
8.32018113136	-543
8.32053112984	-1420
8.32057905197	-1316
8.32818603516	-1420
8.32823610306	-1420
8.32823896408	-1264
8.3321480751	-1420
8.3321659565	-1316
8.33223795891	-1368
8.34304308891	-1420
8.3430891037	-1420
8.34309196472	-1264
8.34365606308	-1368
8.34380817413	1057
8.3443570137	-1420
8.34436202049	-1316
8.34560608864	-1420
8.34561109543	-1420
8.34565114975	-1264
8.34650802612	-1420
8.34654808044	-1420
8.34655094147	-1264
8.34664511681	543
8.35066103935	-1368
8.35070610046	-1420
8.35073804855	-1316
8.35517907143	-1420
8.35522007942	-1420
8.35522294044	-1264
8.35599899292	-1420
8.35600399971	-1420
8.35604500771	-1264
8.35625004768	543
8.35926795006	543
8.36586093903	-1420
8.36586594582	-1420
8.36590909958	-1264
8.38870501518	-1420
8.38879108429	-1420
8.38880395889	-1420
8.38884997368	-1420
8.38885307312	-1420
8.38888907433	-1108
8.38889217377	-1420
8.38892602921	-1420
8.38892912865	-1264
8.38902497292	-1420
8.38902711868	-1420
8.389067173	-1264
8.38906908035	-1420
8.38910412788	-1316
8.38924503326	543
8.46059203148	-1420
8.4606089592	-1420
8.4607219696	-1420
8.46073412895	-1420
8.46079802513	-1160
8.46080112457	-1420
8.46084594727	-1420
8.46084904671	-1264
8.46088600159	-1420
8.46088814735	-1316
8.46092200279	-1420
8.46092510223	-1420
8.46100306511	-1264
8.46100616455	-1420
8.46104216576	-812
8.46143007278	1460
8.46147894859	625
8.46164894104	1057
8.46182203293	543
8.461977005	543
8.46213102341	543
8.46228814125	543
8.46239304543	543
8.56513905525	-1368
8.56605195999	-1420
8.56610703468	-1316
8.5661110878	-1368
8.56676197052	-1420
8.56676697731	-1316
8.56713008881	-1420
8.5671350956	-1420
8.56717514992	-1264
8.56845116615	543
8.56919598579	-1368
8.57091999054	543
8.57685804367	-1420
8.57686495781	-1316
8.57701396942	-1368
8.57771706581	-1068
8.57822704315	-1420
8.57823204994	-1316
8.5785241127	-1420
8.57853007317	-1420
8.57857012749	-1264
8.5786550045	543
8.59169411659	-1368
8.59833097458	-1420
8.59839010239	-1420
8.5983941555	-1264
8.59897613525	-1420
8.59899616241	-1316
8.59910202026	543
8.59997606277	-1420
8.59998703003	-1420
8.60002017021	-1264
8.6006770134	-1368
8.60108494759	-1420
8.60108995438	-1316
8.60123515129	-1368
8.60634994507	-1420
8.60639095306	-1316
8.60680007935	-1368
8.60747599602	-1368
8.60764408112	-1368
8.60830497742	-1420
8.60830998421	-1420
8.60835313797	-1264
8.6150290966	543
8.6354739666	-1420
8.63550209999	-1420
8.6356241703	-1420
8.635627985	-1420
8.63566493988	-1160
8.63566708565	-1420
8.63571095467	-1420
8.63571405411	-1420
8.63574814796	-1420
8.63575100899	-1420
8.63578701019	-1108
8.63578915596	-1420
8.63583111763	-1316
8.63583517075	-1420
8.63587117195	-1420
8.63587403297	-1264
8.63591814041	-1368
8.63609004021	543
8.63639497757	543
8.68074011803	543
8.68289208412	-1420
8.68290114403	-1420
8.68294811249	-1420
8.68295001984	-1212
8.69538998604	-1420
8.69539809227	-1420
8.69543600082	-1420
8.69543910027	-1212
8.69560694695	-1368
8.69571709633	-1420
8.69575810432	-1420
8.69576096535	-1264
8.69581413269	-1420
8.69581604004	-1420
8.69588208199	-1264
8.69588494301	-1420
8.69594407082	-1420
8.69594717026	-1420
8.69598793983	-1212
8.69599103928	-1420
8.69603395462	-1420
8.69603610039	-1264
8.69610095024	-1420
8.69610595703	-1420
8.69614315033	-1264
8.69615411758	-1368
8.69641804695	543
8.7246799469	-1420
8.72469806671	-1420
8.72476196289	-1420
8.72476506233	-1420
8.72480511665	-1420
8.724807024	-1108
8.72484612465	-1420
8.72484898567	-1420
8.72488903999	-1420
8.72489094734	-1420
8.72497701645	-1420
8.72498011589	-1108
8.72509217262	-1368
8.72509908676	-1420
8.72518014908	-1420
8.72518610954	-1264
8.72528910637	-1368
8.72529411316	-1420
8.72537708282	-1420
8.72538208961	-1264
8.72546315193	-1368
8.72616815567	1057
8.7285900116	543
8.75277805328	-1420
8.7528090477	-1420
8.75289702415	-1420
8.7529001236	-1420
8.75293707848	-1160
8.75293898582	-1420
8.75297212601	-1420
8.75297498703	-1264
8.75301909447	-1420
8.75302100182	-1420
8.75305509567	-1264
8.7530579567	-1420
8.75310301781	-1316
8.75310516357	-1420
8.7531709671	-1316
8.75317311287	-1420
8.753221035	-1420
8.75322294235	-1264
8.75343799591	-1420
8.75344204903	-1420
8.75349617004	-1420
8.75349903107	-1212
8.75354099274	-1420
8.7535431385	-1316
8.75354409218	-1420
8.75354504585	-1420
8.75354599953	-1264
8.7535469532	-1368
8.7537021637	543
8.75734615326	543
8.79424715042	543
8.81304311752	-1420
8.81306815147	-1420
8.81312704086	-1420
8.8131301403	-1420
8.81316494942	-1420
8.81316900253	-1420
8.81324505806	-1056
8.8132481575	-1368
8.81332015991	-1420
8.81332302094	-1420
8.81336712837	-1420
8.81336903572	-1212
8.81340408325	-1420
8.8134059906	-1316
8.81343913078	-1420
8.81344199181	-1420
8.81348395348	-1264
8.81348705292	-1420
8.81352114677	-1316
8.81365609169	543
8.84169316292	-1420
8.84171414375	-1420
8.84177398682	-1420
8.84177613258	-1420
8.84180212021	-1420
8.84180498123	-1420
8.8418200016	-1056
8.84182214737	-1368
8.84184002876	-1420
8.84184217453	-1316
8.84197497368	-1420
8.84199094772	-1420
8.84203100204	-1264
8.84203314781	-1368
8.84220600128	-1420
8.84220814705	-1420
8.84225606918	-1264
8.84225916862	-1420
8.84231114388	-1420
8.84231305122	-1420
8.84235811234	-1212
8.84236001968	-1368
8.84239506721	-1368
8.84265017509	543
8.84341812134	543
8.84883093834	543
8.86076402664	543
8.86258816719	543
8.86428904533	543
8.8700671196	-1420
8.87007212639	-1420
8.8701210022	-1420
8.87012410164	-1420
8.87018108368	-1160
8.87019205093	-1420
8.87024617195	-1420
8.8702480793	-1264
8.87029099464	-1420
8.87029409409	-1420
8.87032794952	-1264
8.87033104897	-1420
8.87037396431	-1316
8.87042307854	-1420
8.87045097351	-1420
8.87045407295	-1420
8.87048316002	-1212
8.87066316605	-1368
8.87070012093	-1420
8.87070202827	-1420
8.87073612213	-1264
8.87073802948	-1420
8.87077116966	-1420
8.87077307701	-1264
8.89088201523	543
8.90996599197	-1420
8.90998315811	-1420
8.91003513336	-1264
8.91003704071	-1420
8.91008901596	-1420
8.9100921154	-1420
8.91012716293	-1212
8.91013002396	-1368
8.91017198563	-1368
8.91048002243	-1420
8.91050100327	-1316
8.91050314903	-1420
8.91052103043	-1420
8.91052317619	-1420
8.91053795815	-1420
8.91054916382	-1420
8.91056513786	-1420
8.91056704521	-1056
8.91059112549	-1420
8.91059303284	-1316
8.91060805321	-1368
8.91070604324	-1420
8.9107530117	-1420
8.91075515747	-1264
8.91078805923	-1420
8.91078996658	-1420
8.91079211235	-462
8.91107296944	543
8.91150212288	543
8.91168808937	543
8.91222500801	543
8.91237902641	543
8.91252708435	543
8.9126701355	543
8.9588739872	-1420
8.95889997482	-1420
8.95895814896	-1420
8.95896100998	-1420
8.95900297165	-1420
8.95900511742	-1108
8.95904016495	-1420
8.9590420723	-1316
8.95907711983	-1368
8.96317315102	543
8.96374297142	-1368
8.96451616287	543
9.00440311432	-1368
9.00618600845	-1420
9.0062379837	-1316
9.00786995888	-1420
9.00791716576	-1420
9.00792002678	-1264
9.00861215591	-1420
9.00861597061	-1316
9.00875401497	-1368
9.01002311707	-1420
9.01006507874	-1420
9.01006793976	-1264
9.01028013229	-1368
9.01037096977	543
9.01098203659	-1368
9.01117014885	-1368
9.0119831562	-1368
9.01208615303	-1420
9.0121049881	-1316
9.02766609192	-1311
9.03543901443	-1420
9.03544616699	-1420
9.03548908234	-1264
9.03558802605	543
9.07836794853	-1420
9.07839012146	-1420
9.07845211029	-1264
9.07845497131	-1420
9.07849097252	-1420
9.07849407196	-1264
9.07870912552	543
9.08154916763	-1420
9.0815551281	-1316
9.08170795441	-1368
9.08254408836	-1368
9.08266806602	543
9.08270716667	-1420
9.08270907402	-1316
9.08381509781	-1420
9.08382105827	-1420
9.08385896683	-1264
9.08430194855	-1420
9.0843269825	-1316
9.08472204208	-1368
9.08511400223	-1420
9.08511900902	-1316
9.08554601669	-1368
9.08598303795	-1420
9.08601808548	-1420
9.0860209465	-1264
9.08608913422	543
9.09006595612	-1368
9.0906431675	-1420
9.09068012238	-1316
9.09142208099	-1420
9.09144806862	-1316
9.09154200554	-1368
9.0916121006	543
9.09272503853	-1420
9.09273099899	-1420
9.09276199341	-1264
9.09276413918	-1420
9.09278011322	-1420
9.09278202057	-1264
9.09301805496	-1368
9.09417295456	-1420
9.09420013428	-1420
9.0942029953	-1264
9.09455394745	-1420
9.09455895424	-1316
9.09469604492	1057
9.09610199928	-1420
9.09610795975	-1420
9.09613108635	-1264
9.09631705284	543
9.096804142	-1368
9.09690403938	-1420
9.09692811966	-1316
9.09916806221	-1420
9.09921002388	-1420
9.09921216965	-1264
9.09932994843	543
9.10181212425	-1420
9.10181808472	-1299
