0	-543
2.81429791451	543
3.12157487869	1057
3.3832218647	-543
3.54963493347	-1368
3.5497238636	-203
3.55004286766	-1368
3.55013394356	-1368
3.55050492287	-1368
3.55055594444	-1368
3.55057191849	-1368
3.56053495407	-1368
3.56059384346	-1368
3.57561898232	-1368
3.60545396805	1368
3.60558199883	203
3.64966583252	1368
3.67360186577	-1368
3.67367696762	-1368
3.6737549305	-1368
3.6737639904	-1368
3.67404079437	-1368
3.67408394814	-1368
3.67427682877	-1368
3.67430782318	-1368
3.6744530201	-1368
3.67448782921	-1368
3.67469382286	-1368
3.67476296425	-1368
3.67478299141	-715
3.67510581017	-1368
3.68446993828	-1368
3.68615198135	-1368
3.72964882851	775
3.74980998039	-1368
3.7498319149	-1368
3.74987101555	-1368
3.74989390373	-1368
3.79779887199	-1368
3.79787302017	-1368
3.79790902138	-1368
3.79792094231	-1368
3.79801702499	-1368
3.79889392853	-749
3.89196586609	543
3.92197799683	-1368
3.92205286026	-1368
3.92211294174	-1368
3.92263102531	-609
3.93449783325	-1368
3.93526697159	-1368
3.9353427887	-1368
3.93537092209	-1368
3.93554186821	-1368
3.93557095528	-1368
3.93562579155	-1368
3.94516897202	-1368
3.94524788857	-1368
3.94526100159	-1368
3.95584487915	-1368
3.95596981049	-1368
3.97201395035	1368
4.01615381241	232
4.02381300926	-1368
4.04654693604	-1010
4.04770088196	1368
4.13994789124	232
4.18630290031	-543
4.23315382004	-1368
4.23339390755	-1368
4.23341178894	-1368
4.23345279694	-1368
4.23347496986	-1368
4.23350381851	-1368
4.23522901535	-1368
4.2352437973	-1368
4.23527598381	-1368
4.26644587517	-1368
4.26647686958	-1368
4.26648688316	-1368
4.26677894592	543
4.27122783661	-1368
4.27202486992	-1368
4.27208280563	-1368
4.27216386795	-1368
4.27234482765	-1368
4.27237081528	-1368
4.2723968029	-1368
4.27262687683	-1368
4.27267289162	-1368
4.27274179459	-1368
4.28151798248	-1368
4.28153300285	-1368
4.28157901764	-1368
4.2825088501	-1368
4.28258681297	-1368
4.28262400627	-1368
4.28400492668	-1368
4.28404784203	-1368
4.28410100937	-1368
4.29356884956	-1368
4.2935860157	-1368
4.29366397858	-1368
4.30019187927	-1368
4.30021095276	-1368
4.30023789406	-1368
4.30035090446	-1368
4.30418992043	-1368
4.30421686172	-1368
4.33941793442	-1368
4.34698987007	-1293
4.34735894203	1368
4.43571186066	775
4.4710059166	-543
4.88766598701	-1368
4.88774800301	-1368
4.88776493073	-891
4.88777899742	-1368
4.88779091835	-1368
4.8878018856	-1368
4.89810991287	-1368
4.89819383621	-1368
4.89821100235	-1368
4.90983390808	-1368
4.90990495682	-1368
4.9779458046	-1368
5.01163291931	-712
5.0134677887	543
5.19825196266	-1368
5.19830179214	-1368
5.19833397865	-891
5.19834089279	-1368
5.19835090637	-1368
5.1984360218	-1368
5.19920182228	543
5.20921087265	-1368
5.20924782753	-1368
5.20927500725	-1368
5.22104597092	-1368
5.22111487389	-1368
5.22112393379	-1368
5.2211329937	-1368
5.22113800049	-1368
5.22140002251	-1368
5.22151589394	-1368
5.22154188156	-1368
5.23168992996	-1368
5.231746912	-1368
5.23175692558	-1368
5.24356389046	-1368
5.24359679222	-1368
5.24362897873	-1368
5.24409580231	-1368
5.2543759346	-1368
5.25441384315	-1368
5.26864290237	-1368
5.26876187325	-1368
5.26879501343	-1368
5.27967882156	-1368
5.32224988937	-1108
5.35989284515	543
5.44558882713	1368
5.44606280327	1368
5.44751882553	1368
5.44914793968	1368
5.44995880127	1368
5.51989579201	559
5.60193896294	1368
5.61083483696	-1368
5.61085700989	-1231
5.63397288322	-1368
5.63399982452	-1368
5.63402891159	-1368
5.63413691521	-1368
5.63418579102	-1368
5.63425183296	-1368
5.63471293449	1368
5.63484096527	-1368
5.6348798275	-1368
5.63489580154	-1368
5.63512587547	1368
5.63518595695	-1368
5.63523888588	-1368
5.63526391983	-1368
5.64479899406	-1368
5.64482688904	124
5.64485788345	-1368
5.64496898651	-1368
5.64525985718	-1368
5.64527702332	-1368
5.64530301094	-1368
5.64533281326	-1368
5.64536380768	-1368
5.6453897953	-1368
5.64561295509	-1368
5.64563989639	-1368
5.64567279816	-1368
5.64574599266	-1368
5.64578080177	-1368
5.65569901466	-1368
5.65586781502	-1368
5.65589380264	-1368
5.6561088562	-1368
5.65617394447	-1368
5.65625286102	-1368
5.65638279915	-1368
5.65641593933	-1368
5.65643596649	-1368
5.65648794174	-1368
5.65660190582	-1368
5.65662789345	-1368
5.65663194656	1368
5.6567568779	-1368
5.65682601929	1368
5.65683293343	1368
5.65701985359	-1368
5.65704679489	-1368
5.65710401535	-1368
5.65733981133	1368
5.65760493279	-1368
5.65763187408	-1368
5.65765786171	-1368
5.65795683861	-1368
5.65798783302	-1368
5.66677188873	-1368
5.66679286957	-1368
5.66689586639	-1368
5.66699385643	-1368
5.66713881493	-1368
5.66738986969	-1368
5.66742491722	-1368
5.66749095917	-1368
5.66750884056	-1368
5.66773796082	-1368
5.66777992249	-1368
5.70749878883	1368
5.73490595818	-1368
5.7349319458	-1368
5.73494887352	-1368
5.73497700691	-1368
5.73522996902	1368
5.75792789459	-1368
5.75795197487	-1368
5.75797700882	-1368
5.75800395012	-1368
5.75802898407	-1368
5.75806498528	-1368
5.75808882713	-1368
5.7581179142	-1368
5.75815081596	-1368
5.75817084312	-1368
5.75820279121	-1368
5.75822901726	-1368
5.75871491432	-1368
5.75879383087	-1368
5.75887680054	-1368
5.75890898705	-1368
5.75911092758	-1368
5.75914883614	-1368
5.75918889046	-1368
5.75920581818	-1368
5.75923490524	-1368
5.75926589966	-1368
5.76858186722	-1368
5.76859784126	219
5.76861000061	-1368
5.76863884926	-1368
5.76866698265	-1368
5.76887083054	-1368
5.7689268589	-1368
5.76897788048	-1368
5.76901292801	-1368
5.76913380623	-1368
5.76916885376	-1368
5.76923894882	-1368
5.76927495003	-1368
5.76930999756	-1368
5.76936984062	-1368
5.7694067955	-1368
5.76944279671	-1368
5.76948094368	-1368
5.76951289177	-1368
5.76958298683	-1368
5.76960086823	-1368
5.76964688301	-1368
5.76967787743	-1368
5.76970791817	-1368
5.76974391937	-1368
5.76983189583	-1368
5.76986098289	-1368
5.7699239254	-1368
5.76996088028	-1368
5.77067995071	1368
5.77940988541	-1368
5.77950501442	-1368
5.77953696251	-1368
5.77956390381	-1368
5.77970385551	-1368
5.77973890305	-1368
5.77977585793	-1368
5.77983999252	-1368
5.78014492989	-1368
5.7801618576	-1368
5.780189991	-1368
5.7802438736	-1368
5.78032898903	-1368
5.78036284447	-1368
5.7803800106	-1368
5.78041195869	-1368
5.78043580055	-1368
5.78047299385	-1368
5.78052687645	-1368
5.78056097031	-1368
5.78057789803	-1368
5.78061485291	-1368
5.7806429863	-1368
5.7806968689	-1368
5.78072285652	-1368
5.7807559967	-1368
5.78080892563	-1368
5.78085899353	-1368
5.78100299835	-1368
5.78103494644	-1368
5.78109192848	-1368
5.78111982346	-1368
5.78139781952	-1368
5.78144192696	-1368
5.78150701523	-1368
5.78155493736	-1368
5.78161001205	-1368
5.78163599968	-1368
5.78171086311	-1368
5.7817838192	-1368
5.78181290627	-1368
5.78183794022	-1368
5.79054784775	-1368
5.79058694839	-1368
5.79061794281	-1368
5.79068684578	-1368
5.79073095322	-1368
5.79076886177	-1368
5.79079985619	-1368
5.79082584381	-1368
5.79115390778	-1368
5.79121994972	-1368
5.79124999046	-1368
5.79127502441	-1368
5.79130983353	-1368
5.79132890701	-1368
5.79136300087	-1368
5.79139184952	-1368
5.79142689705	-1368
5.79144382477	-1368
5.79146385193	1368
5.79147195816	-1368
5.79150485992	-1368
5.79160380363	-1368
5.79163789749	-1368
5.79169082642	-1368
5.79171681404	-1368
5.85872101784	-1368
5.85883593559	-1368
5.85887384415	-1368
5.858907938	-1368
5.85893797874	-1368
5.85897493362	-1368
5.85900998116	-1368
5.85905385017	-1368
5.88191890717	-1368
5.88194990158	-1368
5.88196992874	-1368
5.88199400902	-1368
5.88200879097	-1368
5.88204884529	-1368
5.88207697868	-1368
5.88210701942	-1368
5.88213396072	-1368
5.8821618557	-1368
5.88219690323	-1368
5.88222289085	-1368
5.88225483894	-1368
5.88228297234	-1368
5.88230895996	-1368
5.88236784935	-1368
5.88238596916	-1368
5.88241696358	-1368
5.88247084618	-1368
5.88250279427	-1368
5.88255500793	-1368
5.88258886337	-1368
5.88260984421	-1368
5.8826417923	-1368
5.88281679153	-1368
5.88283395767	-1368
5.88288879395	-1368
5.88292098045	-1368
5.88300800323	-1368
5.88304901123	-1368
5.88310194016	-1368
5.88314294815	-1368
5.88316082954	-1368
5.88318896294	-1368
5.88322496414	-1368
5.88326883316	-1368
5.88330197334	-1368
5.88332080841	-1368
5.88334798813	-1368
5.88338685036	-1368
5.88342881203	-1368
5.88344502449	-1368
5.88347291946	-1368
5.88349890709	-1368
5.88399982452	1368
5.89261293411	-1368
5.89262795448	1326
5.89264893532	-1368
5.89270591736	-1368
5.89274692535	-1368
5.89278388023	-1368
5.89282393456	-1368
5.89285588264	-1368
5.89289498329	-1368
5.89292192459	-1368
5.89295101166	-1368
5.89297795296	-1368
5.89300680161	-1368
5.89304089546	-1368
5.89312887192	-1368
5.89321088791	-1368
5.8932390213	-1368
5.89326786995	-1368
5.89329695702	-1368
5.89340400696	-1368
5.89343190193	-1368
5.89346385002	-1368
5.89349293709	-1368
5.89352083206	-1368
5.89354896545	-1368
5.8935790062	-1368
5.89363694191	-1368
5.89366579056	-1368
5.8937189579	-1368
5.89375090599	-1368
5.89377784729	-1368
5.89380383492	-1368
5.89383101463	-1368
5.89386081696	-1368
5.89389395714	-1368
5.89392399788	-1368
5.8939769268	-1368
5.8940038681	-1368
5.89403581619	-1368
5.89406490326	-1368
5.89409184456	-1368
5.89414596558	-1368
5.89417886734	-1368
5.89420700073	-1368
5.89424180984	-1368
5.89429688454	-1368
5.89432883263	-1368
5.89435791969	-1368
5.89438700676	-1368
5.89439582825	1368
5.89441299438	-1368
5.89444494247	-1368
5.89447784424	-1368
5.89453482628	-1368
5.89455890656	-1368
5.8945889473	-1368
5.89462399483	-1368
5.89465284348	-1368
5.90345191956	-1368
5.90346884727	-1368
5.90359091759	-1368
5.90362882614	-1368
5.90365386009	-1368
5.90367388725	-1368
5.90376186371	-1368
5.90386581421	-1368
5.90391588211	-1368
5.90396285057	-1368
5.90401291847	-1368
5.90405297279	-1368
5.90406894684	1368
5.90408802032	-1368
5.90411782265	-1368
5.90414381027	-1368
5.9041788578	-1368
5.90427899361	-1368
5.9043109417	-1368
5.90433692932	-1368
5.90437197685	-1368
5.90438985825	-1368
5.90441989899	-1368
5.90448594093	-1368
5.90450191498	-1368
5.90455579758	-1368
5.90458798409	-1368
5.90468287468	-1368
5.9046998024	-1368
5.90474581718	-1368
5.90480184555	-1368
5.90483093262	-1368
5.90489292145	-1368
5.90493202209	-1368
5.90498900414	-1368
5.90501594543	-1368
5.90504980087	-1368
5.90510487556	-1368
5.90513086319	-1368
5.90515899658	-1368
5.905189991	-1368
5.90524601936	-1368
5.90527796745	-1368
5.90530490875	-1368
5.90535402298	-1368
5.90540194511	-1368
5.90544199944	-1368
5.90548586845	-1368
5.90552592278	-1368
5.90566396713	-1368
5.90570282936	-1368
5.90573883057	-1368
5.905782938	-1368
5.90581488609	-1368
5.90584778786	-1368
5.9059150219	-1368
5.9059548378	-1368
5.90603685379	1368
5.90609383583	-1368
5.90614581108	-1368
5.90618085861	-1368
5.90622186661	-1368
5.90626597404	-1368
5.90636086464	-1368
5.90640687943	-1368
5.90644788742	-1368
5.90647482872	-1368
5.90650486946	-1368
5.90659880638	-1368
5.90661692619	-1368
5.906665802	-1368
5.90670084953	-1368
5.90672588348	-1368
5.90676283836	-1368
5.90679001808	-1368
5.90681695938	-1368
5.90685200691	-1368
5.90688085556	-1368
5.90693998337	-1368
5.90696692467	-1368
5.90700697899	-1368
5.90702581406	-1368
5.90706181526	-1368
5.90708994865	-1368
5.90716481209	-1368
5.90718698502	-1368
5.90746498108	1368
5.91440081596	-1368
5.91441893578	-1368
5.91444396973	-1368
5.9144718647	-1368
5.91451382637	-1368
5.91454195976	-1368
5.91460084915	-1368
5.9146258831	-1368
5.91470789909	-1368
5.91473579407	-1368
5.91478896141	-1368
5.91482996941	-1368
5.91485500336	-1368
5.91487383842	-1368
5.91489982605	-1368
5.91495800018	-1368
5.91511893272	-1368
5.9151468277	-1368
5.91517496109	-1368
5.91520285606	-1368
5.91527199745	-1368
5.91533184052	-1368
5.91534996033	-1368
5.91539287567	-1368
5.91540980339	-1368
5.91543579102	-1368
5.91547298431	-1368
5.91549086571	-1368
5.91553092003	-1368
5.91554999352	-1368
5.91557788849	-1368
5.91563296318	-1368
5.91567182541	-1368
5.91568994522	-1368
5.91574597359	-1368
5.91577196121	-1368
5.91580486298	-1368
5.91583180428	-1368
5.91585898399	-1368
5.91588497162	-1368
5.91594481468	-1368
5.91597080231	-1368
5.91600489616	-1368
5.91602396965	-1368
5.91604995728	-1368
5.91610789299	-1368
5.91613388062	-1368
5.91618585587	-1368
5.9162068367	1368
5.91759991646	1368
5.98285293579	-1368
5.98287582397	-1368
5.98290491104	-1368
5.98293685913	-1368
5.98301100731	-1368
5.98302578926	-1368
5.98305392265	-1368
5.98307991028	-1368
5.98310780525	-1368
5.98314094543	-1368
5.98316979408	-1368
5.98322200775	-1368
5.98324799538	-1368
5.9833137989	-1368
5.98333096504	-1368
5.98336195946	-1368
6.00607585907	-1368
6.0061109066	-1368
6.00615596771	-1368
6.00619888306	-1368
6.00627493858	-1368
6.00632381439	-1368
6.00633883476	-1368
6.00641679764	-1368
6.00643086433	-1368
6.00648999214	-1368
6.00651693344	-1368
6.0065639019	-1368
6.00666189194	-1368
6.00667786598	-1368
6.00676989555	-1368
6.00681591034	-1368
6.0068628788	-1368
6.00690889359	-1368
6.00696086884	-1368
6.00700283051	-1368
6.00704789162	-1368
6.00708198547	-1368
6.00716400146	-1368
6.00721693039	-1368
6.0072658062	-1368
6.00732493401	-1368
6.00735187531	-1368
6.00738787651	-1368
6.00740385056	-1368
6.00744581223	-1368
6.00746393204	-1368
6.00749993324	-1368
6.00751900673	-1368
6.00752997398	1368
6.00758290291	-1368
6.00761198997	-1368
6.00764393806	-1368
6.00767087936	-1368
6.00769996643	-1368
6.0077419281	-1368
6.00776100159	-1368
6.00782179832	-1368
6.00783896446	-1368
6.00787687302	-1368
6.00793194771	-1368
6.00798082352	-1368
6.00801587105	-1368
6.008040905	-1368
6.00806498528	-1368
6.00809288025	-1368
6.00812292099	-1368
6.00815200806	-1368
6.00818586349	-1368
6.00820493698	-1368
6.00826692581	-1368
6.00830292702	-1368
6.00832891464	-1368
6.00835680962	-1368
6.00838279724	-1368
6.00840997696	-1368
6.00844597816	-1368
6.00847291946	-1368
6.00851082802	-1368
6.00853681564	-1368
6.00856590271	-1368
6.0085978508	-1368
6.0086247921	-1368
6.00867891312	-1368
6.00870800018	-1368
6.00875282288	-1368
6.00881695747	-1368
6.00887179375	-1368
6.00887489319	-365
6.00981283188	1368
6.01122188568	1368
6.01542782784	-1368
6.01839900017	148
6.04629087448	-1368
6.04635596275	-1368
6.04701280594	-1368
6.04707884789	-1368
6.04712581635	-1368
6.04715299606	-1368
6.04727292061	-1368
6.04735898972	-1368
6.04743885994	1368
6.04754090309	-1368
6.04757595062	-1368
6.04780983925	-1368
6.04789400101	-1368
6.04791998863	-1368
6.04833197594	-1368
6.04847979546	-1368
6.04851078987	-1368
6.04853796959	-1368
6.04873895645	-1368
6.04875588417	-1368
6.04886198044	-1368
6.04922294617	-1368
6.04924583435	-1368
6.04927492142	-1368
6.04934883118	-1368
6.04938292503	-1368
6.04940080643	-1368
6.04943084717	-1368
6.04945778847	-1368
6.04952788353	-1368
6.04960680008	-1368
6.04966187477	-1368
6.0496878624	-1368
6.0574259758	-1368
6.05745196342	-1368
6.0575568676	-1368
6.06583094597	-1368
6.06585597992	-1368
6.06586098671	-1368
6.06590390205	-1368
6.07076096535	-1368
6.07079982758	-1368
6.07088088989	-1368
6.07092189789	-1368
6.07094192505	-1368
6.07096600533	-1368
6.0709939003	-1368
6.07102394104	-1368
6.07433485985	-1368
6.07436990738	-1368
6.07437586784	-1368
6.07622480392	-1368
6.07714295387	-1368
6.07717895508	-1368
6.07718396187	-1368
6.07739281654	-1368
6.07751893997	-1368
6.07758498192	-1368
6.07762885094	-1368
6.07806396484	-1368
6.07807683945	-1368
6.07868695259	-1368
6.07915592194	-1368
6.07925391197	-1368
6.07968902588	-1368
6.07986783981	1368
6.08047699928	-1368
6.08109092712	-1368
6.08113193512	-1368
6.08182096481	-1368
6.08183193207	-1368
6.08185982704	-1368
6.08287382126	-1368
6.08289790154	-1368
6.08291482925	-1368
6.08312296867	-1368
6.08349084854	-1368
6.08350682259	-1368
6.08402490616	-1368
6.0842089653	1368
6.08440494537	-1368
6.08448791504	-1368
6.085064888	-1368
6.08696389198	-1368
6.08700299263	-1368
6.0872797966	-1368
6.08851599693	-1368
6.08854079247	-1368
6.08859491348	-1368
6.08896279335	-1368
6.08909296989	-1368
6.08939886093	-1368
6.09106087685	-1368
6.09107398987	-1368
6.0911359787	-1368
6.09134101868	-1368
6.09135890007	-1368
6.09144902229	-1368
6.09156799316	-1368
6.09160900116	-1368
6.09162688255	-1368
6.09177184105	-1368
6.09178996086	-1368
6.09179997444	-1368
6.09236001968	-1368
6.09238600731	-1368
6.09241199493	-1368
6.09270501137	-1368
6.09272694588	-1368
6.09275388718	-1368
6.09353780746	-1368
6.09384989738	-1368
6.09699702263	-1368
6.09703779221	-1368
6.09708499908	-1368
6.09730792046	-1368
6.09732484818	-1368
6.09788298607	-1368
6.09804487228	1368
6.09819793701	-1368
6.09821987152	-1368
6.0982530117	-1368
6.1083419323	-1368
6.10836100578	-1368
6.10838198662	-1368
6.10840702057	-1368
6.10850286484	-1368
6.10883378983	-1368
6.1089758873	-1368
6.10900497437	-1368
6.10903286934	-1368
6.10951495171	-1368
6.10954880714	-1368
6.10956692696	-1368
6.10984683037	-1368
6.10992383957	-1368
6.11014389992	-1368
6.11015987396	-1368
6.11028790474	-1368
6.1116399765	-1368
6.11218380928	-1368
6.11220788956	-1368
6.1125459671	-1368
6.1125729084	-1368
6.1125998497	-1368
6.11522388458	-1368
6.11526584625	-1368
6.11533093452	-1368
6.11538290977	-1368
6.11564493179	1368
6.11579585075	-1368
6.11582183838	-1368
6.11601281166	-1368
6.11611580849	-1368
6.11614489555	-1368
6.1162109375	-1368
6.11846184731	-1368
6.11851882935	-1368
6.11856484413	-1368
6.12598490715	-1368
6.12608289719	-1368
6.12610697746	-1368
6.12644600868	-1368
6.12650084496	-1368
6.126516819	-1368
6.12659502029	-1368
6.12802791595	-1368
6.12817978859	-1368
6.12837100029	-1368
6.12842679024	-1368
6.12845182419	-1368
6.13262200356	-1368
6.13281297684	-894
6.13291096687	-1368
6.13296794891	-1368
6.13311600685	-1368
6.13313484192	-1368
6.13313889503	-1368
6.13372898102	-1368
6.13383483887	-1368
6.13389086723	-1368
6.13419985771	-1368
6.13421702385	-1368
6.1342279911	-1368
6.13759493828	-1368
6.13762784004	-1368
6.13773179054	-1368
6.13880085945	-1368
6.13897895813	-1368
6.13913583755	-1368
6.13915300369	-1368
6.13917398453	-1368
6.13919687271	-1368
6.1392250061	-1368
6.13925385475	-1368
6.13933086395	-1368
6.13953590393	1368
6.14584589005	-1368
6.14586186409	422
6.14586997032	-1368
6.14587402344	-1368
6.14596986771	-1368
6.14623093605	-1368
6.14627885818	-1368
6.14630484581	-1368
6.14655780792	-1368
6.14661693573	-1368
6.14665198326	-1368
6.14672780037	-1368
6.14675498009	-1368
6.14887094498	-1368
6.14889097214	-1368
6.14889597893	-1368
6.15381288528	-1368
6.15390491486	-1368
6.15524101257	-1368
6.15527391434	-1368
6.15539288521	-1368
6.15541982651	-1368
6.15544891357	-1368
6.15568995476	-1368
6.15596199036	1368
6.16445994377	-1368
6.16449189186	-1368
6.16453886032	-1368
6.16670799255	-1368
6.16675400734	-1368
6.16677093506	-1368
6.1684088707	-1368
6.16844081879	-1368
6.16877794266	-1368
6.16884589195	-1368
6.16887187958	-1368
6.16890096664	-1368
6.1689260006	-1368
6.16898393631	-1368
6.17317080498	-1368
6.17320489883	-1368
6.17729401588	-1368
6.1774020195	-1368
6.17747783661	-1368
6.17749381065	-1368
6.17752194405	-1368
6.17768788338	-1368
6.17782187462	-1368
6.17785692215	-1368
6.17788481712	-1368
6.17792201042	-1368
6.17795300484	-1368
6.17800378799	-1368
6.1854557991	-1368
6.1854789257	-1368
6.18549489975	-1368
6.18585681915	-1368
6.18618488312	-1368
6.18621397018	-1368
6.18624186516	-1368
6.18629384041	-1368
6.18650984764	-1368
6.18653798103	-1368
6.18656802177	-1368
6.18670892715	1368
6.18788599968	-1368
6.18796896935	-1368
6.18810296059	-1368
6.19793701172	-1368
6.19802188873	-1368
6.19874286652	-1368
6.19877290726	-1368
6.19879889488	-1368
6.19882488251	-1368
6.19885182381	-1368
6.19888496399	-1368
6.19898796082	-1368
6.19901394844	-1368
6.19906997681	-1368
6.20622396469	-1368
6.20630192757	-1368
6.20632791519	-1368
6.20650100708	-1368
6.20687794685	-1368
6.20690488815	-1368
6.20695185661	-1368
6.20704483986	-1368
6.20706892014	-1368
6.20714402199	-1368
6.20717000961	-1368
6.20724582672	-1368
6.20894885063	-1368
6.20897579193	-1368
6.209004879	-1368
6.22037386894	-1368
6.22064185143	-1368
6.22066998482	-1368
6.22072291374	-1368
6.22078895569	-1368
6.22088980675	-1368
6.22090601921	1368
6.22091794014	-1368
6.22112488747	-1368
6.22115683556	-1368
6.22515797615	-1368
6.22518897057	-1368
6.22549080849	-1368
6.22551679611	-1368
6.22686982155	-1368
6.2268948555	-1368
6.22692584991	-1368
6.22701382637	-1368
6.22708201408	-1368
6.22791790962	-1368
6.22819399834	-1368
6.22821998596	-1368
6.22827887535	-1368
6.23118495941	-1368
6.24189996719	-1368
6.24197292328	-1368
6.24224495888	-1368
6.24228286743	-1368
6.24230098724	-1368
6.25031900406	-1368
6.2503619194	-1368
6.25040698051	-1368
6.25245189667	-1368
6.25247883797	-1368
6.25677585602	-627
6.26611399651	1368
6.2696750164	501
6.39558291435	-543
6.39560079575	543
6.46506786346	-1368
6.46509790421	-1368
6.48276686668	1368
6.49119591713	-1368
6.49122595787	-1368
6.49124598503	-1368
6.51974391937	-414
6.51977682114	1289
6.55617380142	-1368
6.57988500595	-1368
6.57996487617	-1368
6.57998085022	-1368
6.58000588417	-1368
6.58001089096	-1368
6.58012080193	-1368
6.58034396172	1368
6.58050489426	-1368
6.58060097694	-1368
6.58061695099	-1368
6.58162593842	-1368
6.5816628933	-1368
6.58179688454	-1368
6.58184599876	-1368
6.5819709301	-1368
6.58202981949	-1368
6.58205580711	-1368
6.58220386505	-1368
6.58233880997	-1368
6.5823559761	-1368
6.58242797852	-1368
6.58279299736	-1368
6.58281493187	-1368
6.58284497261	-1368
6.58641791344	1368
6.64374494553	-955
6.64386987686	464
6.64476299286	-1368
6.68495488167	-1368
6.68497300148	-1368
6.68499279022	-1368
6.68536996841	1368
6.76518392563	-1368
6.76526880264	-1368
6.76537799835	-1368
6.76754593849	-335
6.76756286621	232
6.78689789772	-1368
6.78692102432	-1368
6.78695702553	-1368
6.78809785843	-1368
6.79742884636	-1368
6.79744195938	-1368
6.79745388031	-1368
6.81268191338	-1368
6.82748389244	1368
6.85483193398	-1368
6.85858201981	1368
6.89133286476	-256
6.89136791229	1036
6.91459393501	-1368
6.95898890495	-1368
6.9591050148	-1368
6.95916581154	-1368
6.95926880836	-1368
6.95931696892	-1368
6.95938396454	-1368
6.95941901207	-1368
6.96277284622	-1368
6.96284484863	-1368
6.96287679672	-1368
6.97894501686	-1368
6.97896289825	-1368
6.9789788723	-1368
6.97903394699	-1368
6.97907781601	-1368
6.97910284996	-1368
6.97913193703	-1368
6.97927689552	-1368
6.97931098938	-1368
6.97936892509	-1368
6.98973584175	-1368
6.98976182938	-1368
6.98977994919	-1368
6.98997783661	1368
6.99879002571	-1368
6.9988079071	-1368
6.9988257885	-1368
6.99883079529	-1368
6.9988629818	-1368
6.99915981293	-1368
6.99919581413	-1368
6.99921298027	-1368
6.99924778938	-1368
6.99926590919	-1368
6.99935793877	-1368
7.00070595741	-1368
7.00073099136	-1368
7.01550579071	-908
7.01562595367	804
7.01845383644	-1368
7.01862883568	-1368
7.01868200302	-1368
7.01878094673	-1368
7.02986001968	-1368
7.02994394302	-1368
7.03000593185	-1368
7.03747391701	-1368
7.03750991821	-1368
7.03751683235	-1368
7.04774188995	-1368
7.08285593987	-1368
7.09301280975	-1368
7.09491491318	1368
7.1317949295	-1368
7.13960599899	-214
7.1396689415	261
7.26374387741	543
7.28119897842	-1368
7.28127598763	-1368
7.28134679794	-891
7.29227399826	-1368
7.29235696793	-1368
7.29237890244	-1368
7.32298088074	-1368
7.32304000854	-1368
7.32308197021	-1368
7.32317686081	-1368
7.32320594788	-1368
7.32325792313	-1368
7.32393980026	-1368
7.32397580147	-1368
7.32400083542	-1368
7.32403087616	-1368
7.32405281067	-1368
7.32410287857	-1368
7.32414102554	-1368
7.32516288757	-1368
7.32526397705	-1368
7.32538795471	-1368
7.3255918026	-1368
7.32562398911	-1368
7.32566189766	-1368
7.3258960247	-1368
7.32593393326	-1368
7.32598280907	-1368
7.32634592056	-1368
7.32638001442	-1368
7.3264708519	-1368
7.32649302483	-1368
7.32651996613	-1368
7.3265478611	-1368
7.32657790184	-1368
7.32810497284	-1368
7.32840490341	-1368
7.32869291306	-1368
7.32901597023	-1368
7.3290438652	-1368
7.32907295227	-1368
7.33325886726	-1368
7.33534598351	1368
7.34948992729	-1368
7.34954690933	-1368
7.34972500801	-1368
7.34975194931	-1368
7.3500418663	-1368
7.35006690025	-1368
7.35007095337	-1368
7.35037899017	-1368
7.3504087925	-1368
7.35043597221	-1368
7.35062885284	-1368
7.35064792633	-1368
7.35073399544	-1368
7.35075998306	-1368
7.35079193115	-1368
7.35082697868	-1368
7.35106897354	-1368
7.35108399391	-1368
7.35114479065	-1368
7.35116791725	-1368
7.35121583939	-1368
7.35123491287	-1368
7.35126399994	-1368
7.35127592087	-1368
7.35133600235	-1368
7.35140180588	-1368
7.35165596008	-1368
7.35198879242	-1368
7.35202288628	-1368
7.35211396217	-1368
7.35222387314	-1368
7.35232782364	-1368
7.3523747921	-1368
7.35243201256	-1368
7.35263490677	-1368
7.35282897949	-1368
7.35285997391	-1368
7.3529047966	-1368
7.353058815	-1368
7.35313200951	-1368
7.3531730175	-1368
7.35343694687	1368
7.36024594307	-1368
7.3602848053	-1368
7.41609883308	-211
7.41613793373	522
7.42008495331	-1368
7.54017186165	-1231
7.54020881653	543
7.66580581665	1368
7.66697001457	1368
7.66893386841	1368
7.6717069149	1368
7.71073389053	1368
7.71964383125	1102
7.75141501427	-543
7.84138894081	-543
7.85492181778	-1368
7.85497689247	-1368
7.85500383377	-1368
7.866563797	-1368
7.87550401688	-1368
7.87553095818	-1368
7.8755698204	-1368
7.87575602531	-1368
7.87578296661	-1368
7.87580084801	-1368
7.87588095665	-1368
7.87593698502	-1368
7.87718582153	-1368
7.87720894814	-1368
7.87723779678	-1368
7.88054800034	543
7.88620495796	1368
7.89289784431	-1368
7.89291596413	-1368
7.90505886078	-1368
7.90509581566	-1368
7.90519690514	-1368
7.91175293922	1368
7.92990684509	-1368
7.92992401123	-1368
7.93641090393	1368
7.97513699532	-1368
7.97868585587	-325
7.98063778877	-1368
7.98068189621	-1368
7.98077893257	-1368
7.9811270237	-1368
7.98115491867	-1368
7.98124790192	-1368
7.98130583763	-1368
7.98147583008	-1368
7.9815568924	-1368
7.98460483551	1368
7.98461484909	1368
7.9847369194	1368
7.99135398865	-1368
7.99142479897	-1368
7.99145483971	-1368
7.9985640049	-1368
7.99858093262	-1368
7.99861001968	-1368
8.00295090675	-1368
8.00296592712	-1368
8.01040482521	1334
8.02328681946	-1368
8.02330589294	-1368
8.09866499901	-1368
8.09869599342	-1368
8.09874391556	-1368
8.09891080856	-1368
8.10239195824	1368
8.10263800621	-839
8.1101038456	-1368
8.11012983322	-1368
8.11266589165	-1368
8.11268401146	-1368
8.11269879341	-1368
8.12528181076	-1368
8.14546489716	-1368
8.14549088478	261
8.1671090126	-1368
8.18319797516	-1368
8.19787883759	1368
8.20203995705	1368
8.22352194786	-1368
8.22373986244	-1368
8.22392988205	-1368
8.22395896912	-1368
8.22414493561	-1368
8.22420787811	-1368
8.22428798676	-1368
8.22429585457	-1368
8.2243168354	-1368
8.22452092171	-1368
8.23345899582	-1368
8.23354196548	-1368
8.23356389999	-1368
8.2341029644	-752
8.24237179756	1368
8.24238681793	1368
8.24252891541	1368
8.24253296852	1368
8.24703884125	-1368
8.24726200104	-1368
8.2472858429	-1368
8.2472949028	-1368
8.24734783173	-1368
8.24740195274	-1368
8.24753093719	-1368
8.24762797356	-1368
8.24766182899	-1368
8.25162982941	1368
8.25533080101	-1368
8.25541186333	-1368
8.25595593452	1368
8.28042793274	-1368
8.28048992157	1139
8.28758382797	-1368
8.28763484955	-1368
8.29582190514	-1368
8.29587483406	-1368
8.29590988159	-1368
8.35790801048	-707
8.37338685989	-1368
8.38444590569	-1368
8.38448095322	-1368
8.38449788094	-1368
8.43620300293	-1368
8.43626379967	1057
8.44644594193	-1368
8.44677400589	-1368
8.44679880142	-1368
8.44687080383	-1368
8.44732284546	-1368
8.44734382629	-1368
8.45567297935	1368
8.4742410183	-1368
8.4743039608	-1368
8.47435879707	-1368
8.48181390762	-185
8.50914883614	-1368
8.5121588707	-1368
8.51617097855	1368
8.51617980003	1368
8.51972079277	-1368
8.5197789669	-1368
8.56726098061	-1368
8.56733798981	696
8.60573387146	-1015
8.64793181419	-1368
8.64797091484	-1368
8.64797687531	-1368
8.70249199867	-1368
8.70255088806	1057
8.7218708992	-1368
8.72191500664	-1368
8.72194600105	-1368
8.7219889164	-1368
8.72211790085	-1368
8.7223098278	-1368
8.72339582443	1368
8.7279188633	-1368
8.72795581818	-1368
8.72803592682	-1368
8.73274183273	-1368
8.73284983635	-1368
8.73286890984	-1368
8.74030590057	-1368
8.74495482445	-1368
8.74533081055	-1368
8.74534988403	-1368
8.74536800385	-1368
8.75119495392	-1368
8.75126481056	-1368
8.75131082535	-1368
8.75172686577	1368
8.7719168663	-586
8.77378082275	-1368
8.84743785858	464
8.88799500465	-1368
8.88872790337	-543
8.89794588089	-435
8.92564892769	-1368
8.92569279671	-1368
8.93982195854	-1368
8.95251202583	1368
9.0160048008	1289
9.02170801163	-66
9.13994479179	1057
9.18355488777	-1368
9.18359398842	-1368
9.18361091614	-891
9.18381690979	-1368
9.18391799927	-1368
9.18394088745	-1368
9.18452692032	-1368
9.18456101418	-1368
9.18469190598	-1368
9.19477701187	-1368
9.19488096237	-1368
9.22037386894	-1368
9.22045779228	-1368
9.22051095963	-1368
9.30757689476	-1118
9.3685939312	1057
9.4318459034	-1086
9.43249392509	1368
9.54068994522	-1368
9.54072594643	1289
9.55267190933	-1368
9.55276489258	-1368
9.55631780624	-1152
9.5881459713	-1368
9.58816885948	-1368
9.58828902245	-1368
9.59543991089	1368
9.7017698288	-1368
9.70180392265	261
9.7018699646	-1368
9.7018969059	-1368
9.71190094948	-132
9.73052692413	-1368
9.74508690834	1368
9.78519296646	-1368
9.78525400162	-1368
9.78529500961	-1368
9.84557390213	-1368
9.84571290016	804
9.84576702118	-1368
9.8492128849	-1368
9.85433387756	-422
9.86357998848	1368
9.96974992752	775
9.9878590107	-1057
10.0260360241	-543
10.0607168674	-1368
10.071723938	-1368
10.1510419846	-1007
10.1510739326	1086
10.2641439438	-1368
10.2749218941	-1260
10.2749958038	543
10.3143808842	-1368
10.3144459724	-1368
10.3250439167	-1368
10.3250880241	-1368
10.325109005	-1368
10.3391308784	-1368
10.3392848969	-1368
10.3392999172	-1368
10.3500440121	-1368
10.3987607956	-198
10.4564487934	-1368
10.4565069675	-1368
10.4565517902	-1368
10.4566848278	-1368
10.4567580223	-1368
10.4567940235	-1368
10.4569399357	-1368
10.4570019245	-1368
10.4570980072	-1368
10.4571299553	-1368
10.4571650028	-1368
10.4573168755	-1368
10.4573428631	-1368
10.4573760033	-1368
10.4576380253	543
10.4671258926	-1368
10.4671700001	-1368
10.4672219753	-1368
10.4672248363	-1368
10.4672420025	-1368
10.4826629162	-1368
10.4827690125	-1368
10.4936389923	-1368
10.5226829052	-607
10.6799409389	1086
11.2483389378	-543
11.3082199097	1368
11.3082399368	1368
11.3083679676	377
11.4241700172	1368
11.4323968887	261
11.5563998222	543
11.5945398808	-543
11.61094594	-1368
11.6353168488	-1368
11.6459360123	-1368
11.718629837	-95
11.777215004	-1368
11.7772908211	-1368
11.7773067951	-1368
11.8425018787	-580
12.4568529129	-543
13.2512698174	1057
14.8145179749	543
14.8145868778	543
14.814620018	543
15.2530930042	1057
