0	543
0.39280295372	-543
0.621209859848	-543
0.999382972717	543
0.999462842941	543
0.999509811401	543
1.15855288506	-543
1.7809009552	-543
1.99874997139	543
2.16647481918	-543
3.89065980911	1057
4.04357981682	-543
4.05759477615	-1420
4.05766296387	-1420
4.05770277977	-1264
4.08582186699	543
4.11321091652	543
4.11361885071	543
4.1139729023	543
4.17396593094	-66
4.18407487869	543
4.27406382561	-543
4.29052877426	-543
4.42273688316	-1420
4.42280697823	-1420
4.42284297943	-787
4.4248149395	1057
4.50497293472	-543
4.53597283363	-1057
4.53914499283	-1086
4.54985499382	543
4.62884283066	-543
4.65997099876	-1086
4.68220877647	543
4.70108580589	-543
4.95185399055	-543
5.0230588913	-1057
5.02321195602	543
5.07535600662	-543
5.14847397804	-1086
5.19890499115	-1057
5.23023581505	-1086
5.23117780685	543
5.39188599586	-543
5.40333795547	1057
5.55056786537	-543
5.5644698143	-1420
5.56452894211	-1316
5.68110895157	-891
5.68325591087	543
5.68725085258	543
5.87019085884	-543
5.88614296913	-543
5.99570798874	-543
6.11934280396	-1420
6.11942100525	-665
6.12031888962	1057
6.26780986786	-543
6.2816798687	-1420
6.28174495697	-1316
6.38427782059	-891
6.3863658905	543
6.53861689568	-543
6.53895878792	543
6.90261483192	-1368
6.90264391899	-1420
6.90268087387	-839
6.90280890465	543
6.91388297081	-1420
6.91389799118	-1420
6.91395878792	-1420
6.91396188736	-1212
6.91609692574	-1368
6.99993085861	543
7.01917982101	-443
7.06386899948	-1420
7.06393289566	-1316
7.06496691704	-1420
7.06502079964	-1420
7.06505990028	-1264
7.06509494781	-1420
7.06512880325	-1420
7.06516289711	-1264
7.07587480545	1057
7.07763600349	-1420
7.07764291763	-1420
7.07766890526	-1264
7.0776720047	-1420
7.07769680023	-1420
7.077698946	-1264
7.07771396637	-1420
7.07771682739	-1316
7.0778157711	-1368
7.08612799644	543
7.08862495422	-543
7.13576197624	-1420
7.13577795029	-1316
7.1804728508	-1420
7.1805138588	-178
7.21926188469	-1368
7.22007489204	-1420
7.22013783455	-1420
7.22015094757	-1264
7.22023081779	-1420
7.22023391724	-1420
7.22026991844	-1264
7.22033500671	-1420
7.22036385536	-1316
7.22048997879	-1420
7.22057890892	-1316
7.22058200836	-1420
7.22062277794	-1316
7.22070193291	543
7.22089600563	543
7.23272180557	-1420
7.23273897171	-1420
7.23279094696	-1264
7.23279380798	-1420
7.23283600807	-1420
7.23283886909	-1264
7.23321700096	-1420
7.23322200775	-1316
7.23395800591	-1420
7.2339618206	-1316
7.23402881622	-1420
7.23403191566	-1420
7.23407888412	-1264
7.23418784142	-1420
7.2342338562	-1316
7.23438596725	-1420
7.23441290855	-1420
7.2344148159	-1264
7.23442983627	-1368
7.23529982567	543
7.25044894218	1057
7.25223493576	-1420
7.2522418499	-1420
7.25228285789	-1420
7.25228595734	-1212
7.29695796967	-1420
7.29697585106	-1420
7.29704189301	-1420
7.29704594612	-1212
7.33594799042	-1420
7.33596396446	-1316
7.33662986755	-1420
7.33663487434	-474
7.3818769455	543
7.38392400742	543
7.39637684822	543
7.5181748867	-543
7.53507590294	-1420
7.53511381149	-1316
7.55305695534	-543
7.6099588871	-1368
7.62017297745	543
7.62077093124	543
7.62100577354	543
7.65138888359	-95
7.83213996887	-543
7.86530184746	-543
7.91436982155	-543
7.96419787407	-1420
7.96425390244	-1005
7.9889318943	-1368
7.99516177177	-978
7.99723100662	1057
7.9986000061	543
8.15707683563	-1420
8.15714383125	-1420
8.15718984604	-787
8.15748596191	-1420
8.15755295753	-1316
8.15759897232	-1368
8.157725811	543
8.16799497604	-1420
8.16800189018	-1316
8.17056298256	-1420
8.17057681084	-1420
8.1706469059	-1264
8.17065000534	-1368
8.27350997925	-1420
8.27352595329	-1316
8.27356100082	-1089
8.27395892143	1460
8.27400779724	111
8.40012097359	1460
8.40022587776	111
8.46045184135	1057
8.47205996513	-1420
8.47206783295	-1420
8.47212195396	-273
8.4725549221	-1420
8.47265100479	-1420
8.47266292572	-1264
8.47270989418	-1420
8.47271299362	-1316
8.47992396355	543
8.48319387436	-1368
8.48575687408	-1420
8.48580384254	-1316
8.485850811	-1368
8.58840584755	-198
8.5914068222	-1420
8.59145879745	-1316
8.59257984161	-1420
8.59266877174	-1420
8.59267187119	-1264
8.59274077415	-1368
8.5927529335	-1420
8.59279680252	-1316
8.59290480614	-1368
8.60527300835	-1420
8.60527992249	-1420
8.60532689095	-1420
8.60532879829	-1212
8.60545277596	-1420
8.60545682907	-1316
8.60555291176	543
8.60578393936	-1420
8.60578894615	-1420
8.6058177948	-1264
8.60589981079	543
8.61185693741	-1420
8.6118619442	-1420
8.61190485954	-1420
8.61190700531	-1212
8.61203193665	-1368
8.61300492287	-1420
8.61302995682	-1316
8.61317491531	-1368
8.61914277077	-1420
8.61914777756	-1420
8.61919188499	-1420
8.61919379234	-1212
8.61940097809	543
8.61950683594	-1420
8.61951184273	-1420
8.61955094337	-1264
8.61959886551	-1420
8.6196269989	-1420
8.61962890625	-1264
8.62547183037	-1420
8.62547683716	-1316
8.62554597855	-1420
8.62554883957	-1420
8.62557482719	-1264
8.62564682961	-1420
8.62567687035	-1316
8.62577080727	-1420
8.62581682205	-1420
8.62581992149	-1264
8.62588977814	-1368
8.62589287758	-1368
8.62606692314	543
8.62691187859	-1420
8.62691783905	-1420
8.62695980072	-1264
8.63293290138	-1420
8.63301277161	-1420
8.63302493095	-1420
8.63306188583	-1420
8.63306498528	-1160
8.63309884071	-1368
8.63317990303	543
8.63339185715	-1420
8.63339686394	-1316
8.6334798336	-1368
8.63369178772	-1420
8.63372278214	-1316
8.63944888115	-1420
8.63951182365	-1316
8.63951587677	-1420
8.63955998421	-1420
8.63956284523	-1264
8.63960886002	-1368
8.63961195946	-1420
8.63967299461	-1316
8.63967490196	-1420
8.63971996307	-1420
8.63972187042	-1264
8.63976478577	-1368
8.63996291161	543
8.64000892639	-1420
8.64001178741	-1316
8.64071083069	-1420
8.64071583748	-1316
8.64089083672	-1368
8.64679098129	-1420
8.6468307972	-1316
8.64683389664	-1368
8.70498180389	-1420
8.70499992371	-1316
8.70798683167	-1420
8.70799779892	-1420
8.70804786682	-1420
8.70804977417	-1212
8.70819783211	543
8.70908999443	-1420
8.70909500122	-1420
8.70917081833	-1264
8.70917391777	-1420
8.70921683311	-1316
8.70921993256	-1420
8.70925283432	-1316
8.70932793617	-1420
8.70937395096	-1420
8.70937681198	-1264
8.7094399929	-1420
8.70944285393	-1316
8.70960783958	543
8.72193288803	-1420
8.72195887566	-1316
8.72200393677	-1420
8.72200798988	-1316
8.72215795517	-1420
8.72216081619	-1420
8.72219991684	-1264
8.72220182419	-1420
8.72224378586	-1420
8.72224593163	-1264
8.72236585617	-1420
8.72236895561	-1420
8.72241282463	-1420
8.7224149704	-1420
8.72246098518	-1420
8.72246384621	-1108
8.72250580788	-1420
8.72250986099	-1316
8.72835588455	-1420
8.72836279869	-1420
8.72845983505	-1420
8.72846293449	-1212
8.72846484184	-1420
8.72846579552	-1420
8.72846698761	-1264
8.72846794128	-1420
8.72846889496	-1420
8.72846984863	-1264
8.72876381874	543
8.72915482521	543
8.72935891151	-1420
8.7293639183	-1316
8.72938394547	-1368
8.7295229435	-1420
8.72957086563	-1420
8.72957396507	-1264
8.72976088524	543
8.73569178581	-1420
8.73570895195	-1420
8.73578500748	-1420
8.7357878685	-1212
8.73582291603	-1420
8.73582577705	-1420
8.73585796356	-1264
8.73586082458	-1420
8.735932827	-1420
8.73593497276	-1264
8.73596978188	-1420
8.73597288132	-1316
8.736068964	-1420
8.73607182503	-1420
8.73611688614	-1264
8.73611879349	-1420
8.73615098	-533
8.73631978035	543
8.77232694626	543
8.77301478386	543
8.94499778748	-543
8.98734784126	-1368
8.98760485649	-1420
8.98766279221	-1420
8.98766684532	-1420
8.98770880699	-1420
8.98771190643	-1160
8.98774600029	-1420
8.98774886131	-1316
8.98802185059	-1420
8.9880259037	-1316
8.99881482124	-1420
8.99882888794	-1316
8.99886393547	-1420
8.99886584282	-1316
8.9990208149	-1368
8.99919295311	543
8.99925589561	543
9.00092983246	-1420
9.00097990036	-1316
9.00105190277	-1368
9.00116491318	543
9.00220990181	-1420
9.00221586227	-1316
9.00232887268	543
9.00236582756	-1420
9.00237584114	-1316
9.00243377686	-1368
9.00992679596	-1420
9.00997781754	-1420
9.00998091698	-1264
9.0155608654	-1420
9.01556777954	-1316
9.10124278069	-196
9.10177588463	543
9.10222482681	1057
9.16029691696	1057
9.31429290771	-1420
9.31430888176	-1420
9.31436491013	-787
9.31499385834	-1420
9.31505489349	-1420
9.31505799294	-1420
9.31510400772	-1212
9.31510686874	-1368
9.3283059597	-1420
9.32832980156	-1420
9.32841396332	-1420
9.32841682434	-1420
9.32845282555	-1420
9.32845497131	-1108
9.32848882675	-1420
9.32849287987	-1316
9.32852697372	-1368
9.3286819458	543
9.32872581482	-1368
9.32918477058	-1420
9.32922577858	-1316
9.32945394516	-1368
9.3371758461	-1420
9.33719992638	-1316
9.33724188805	-1368
9.34273886681	-1368
9.39760184288	-1420
9.39761996269	-1316
9.39768195152	-1368
9.43141078949	-159
9.43158698082	543
9.44830393791	543
9.54498887062	543
9.74063277245	-543
9.83523392677	-1420
9.83530497551	-1316
9.83615899086	-1420
9.83622980118	-1420
9.83627200127	-1264
9.84702396393	-1420
9.8470928669	-1420
9.84713387489	-1264
9.84892487526	-1368
9.84898996353	-1420
9.84902977943	-1420
9.84906578064	-1264
9.84912395477	-1368
9.84939885139	-1420
9.84944581985	-1316
9.84948277473	-1368
9.84988284111	-1420
9.84997797012	-1420
9.84998393059	-1420
9.85006380081	-1212
9.85055184364	543
9.86070179939	-1420
9.86070895195	-1420
9.86073279381	-1264
9.86280083656	-1420
9.86282777786	-1420
9.86282992363	-1420
9.862844944	-1212
9.86293983459	-1420
9.86298584938	-1420
9.86298894882	-1264
9.86303091049	-1368
9.86303281784	-1420
9.86307692528	-1316
9.86353778839	-1420
9.86357092857	-1420
9.8635737896	-1264
9.8636097908	-1368
9.8638188839	543
9.87467288971	-1420
9.87468791008	-1420
9.874740839	-1264
9.87474584579	-1368
9.87496900558	543
9.87667989731	-1420
9.87669491768	-1420
9.87675094604	-1420
9.87675595284	-1212
9.87679600716	-1420
9.87679982185	-1420
9.87683486938	-1264
9.8768389225	-1368
9.87687492371	-1420
9.8768799305	-1316
9.87711691856	-1420
9.87712478638	-1316
9.8775408268	-1420
9.87754797935	-1420
9.87764978409	-1264
9.87765598297	-1420
9.8777358532	-1420
9.87774300575	-1264
9.87842392921	543
9.88840579987	-1420
9.88842082024	-1420
9.88847589493	-1264
9.88848090172	-1420
9.88851690292	-1420
9.88852190971	-1264
9.89057278633	-1420
9.89058589935	-1420
9.89064478874	-1264
9.89073181152	-1420
9.89077496529	-1316
9.89077997208	-1420
9.89081382751	-1420
9.89081788063	-1264
9.89085698128	-1420
9.89086198807	-1420
9.89089679718	-1420
9.89090180397	-1212
9.89113092422	-1420
9.89113879204	-1420
9.89122700691	-1420
9.89123797417	-1212
9.89136791229	-1420
9.89137387276	-1316
9.89149284363	-1368
9.89272594452	543
9.89332079887	543
9.90234780312	-1420
9.90236282349	-1420
9.90250587463	-1420
9.9025118351	-1212
9.90262699127	-1420
9.90263295174	-1420
9.9027159214	-1420
9.90272188187	-1420
9.90279984474	-1160
9.90280485153	-1368
9.9028840065	-1420
9.90288877487	-1316
9.90365600586	543
9.90439891815	-1420
9.90441083908	-1420
9.90452480316	-1264
9.90453100204	-1420
9.90468287468	-1420
9.90468883514	-1264
9.90477085114	-1420
9.9047768116	-1316
9.90487194061	-1420
9.90487790108	-1420
9.90495896339	-1420
9.90496397018	-1212
9.90506887436	-1420
9.9050757885	-1420
9.9051618576	-1264
9.9051668644	-1368
9.90600681305	543
9.90996694565	-299
9.94557094574	543
10.2085797787	-1420
10.2086408138	-151
10.2093229294	543
10.2305629253	-543
10.3977308273	-543
10.4146778584	-1420
10.4147288799	-1316
10.4170889854	-1420
10.4171149731	-1316
10.4172217846	543
10.4259347916	-1420
10.4259638786	-1316
10.4260017872	-1368
10.4283659458	-1368
10.5311579704	-994
10.5314497948	543
10.5517008305	1057
10.5734159946	1057
10.5768859386	1057
10.5792279243	1057
10.7169499397	-1420
10.7169659138	-1420
10.7170319557	-787
10.730910778	-1420
10.730973959	-1420
10.7309789658	-1264
10.7542510033	-1368
10.777271986	-1420
10.7773377895	-1420
10.7773418427	-1420
10.7773778439	-1212
10.78231287	-1420
10.7823638916	-1316
10.7824177742	-1368
10.8318657875	543
10.8331468105	-119
10.8333098888	543
10.8398618698	543
10.9303398132	543
10.9496309757	-543
10.9558849335	543
11.0537447929	-1368
11.0539360046	-1420
11.0539798737	-1316
11.0661408901	-95
11.0984277725	-1420
11.0984449387	-1420
11.0984988213	-1264
11.0986139774	-1420
11.0986437798	-1316
11.0986998081	-1368
11.0989198685	-1368
11.0994808674	-543
11.1116428375	-1420
11.1117107868	-1420
11.1117138863	-1420
11.1117489338	-1212
11.1117517948	-1420
11.1117839813	-1316
11.1120579243	-1420
11.1120629311	-1316
11.112090826	-1420
11.1120929718	-1316
11.1122169495	1057
11.1126430035	-1420
11.1126477718	-1420
11.1127028465	-1420
11.1127049923	-1420
11.1127479076	-1160
11.1127510071	-1368
11.1254179478	-1420
11.1254279613	-1420
11.1254758835	-1420
11.1254789829	-1212
11.1256198883	-1420
11.1256239414	-1420
11.1256690025	-1264
11.1256728172	-1368
11.1258769035	-1368
11.1261148453	-1420
11.1261467934	-1316
11.1629149914	1057
11.1826198101	-813
11.2071418762	1057
11.2101399899	1057
11.2121138573	543
11.2139098644	-1420
11.2139148712	-1316
11.2155468464	1057
11.263365984	-1420
11.2633838654	-1316
11.263448	-1368
11.2647259235	543
11.2903277874	-543
11.3243467808	-414
11.3254668713	543
11.4048228264	-1368
11.4051008224	-1368
11.4052109718	-1420
11.4052147865	-1316
11.4052979946	-1368
11.4107768536	-1420
11.4108099937	-1316
11.4108738899	-1368
11.4110839367	-1420
11.4110968113	-1316
11.4112107754	543
11.4113488197	-1368
11.4139008522	-543
11.4185209274	-1368
11.4186928272	-1420
11.418697834	-1420
11.4187369347	-1264
11.4188029766	543
11.4312489033	-1420
11.4312539101	-1316
11.4382817745	-1420
11.4382867813	-1316
11.4407758713	-1142
11.4446029663	543
11.461471796	543
11.4622647762	543
11.4679148197	-1420
11.4679198265	-1316
11.5196399689	-1368
11.561524868	-1094
11.5634388924	543
11.5642499924	543
11.7029697895	-543
11.8012979031	-1368
11.8076808453	-1368
11.8196699619	-978
11.9393398762	-1420
11.9393568039	-1420
11.9394237995	-1420
11.939426899	-1420
11.9394698143	-1420
11.9394719601	-1108
11.9526789188	-1420
11.9526948929	-1316
11.982339859	-538
12.5937860012	1057
12.7834599018	1460
12.7835497856	111
12.8241539001	1460
12.8242399693	111
12.8508658409	1460
12.8509449959	1460
12.8509809971	1161
12.8510389328	1460
12.851099968	1460
12.8511459827	1161
12.8512239456	1460
12.8512778282	1460
12.8513128757	1161
12.8514149189	1057
12.8514428139	1237
12.9462008476	-1420
12.9462499619	-151
12.9628357887	1057
12.963395834	543
12.9738178253	-1368
12.9742228985	543
12.974301815	-1420
12.9743049145	-1420
12.9743058681	-1264
12.9744489193	543
12.986743927	-1420
12.9867517948	-1316
13.0070738792	-1420
13.0070979595	-1316
13.0075597763	-1420
13.0075638294	-1316
13.0076158047	-1368
13.0082387924	-1420
13.0082759857	-1316
13.0084359646	-1368
13.0107989311	-1368
13.0207588673	-1420
13.0208477974	-1420
13.0208518505	-1420
13.0209059715	-1212
13.0209088326	-1420
13.020980835	-1316
13.0209839344	-543
13.0212140083	543
13.0217409134	543
13.0230908394	543
13.0233309269	543
13.0336728096	1057
13.0429198742	1057
13.0570869446	-1420
13.0570960045	-1420
13.057145834	-1264
13.0577888489	1057
13.0624799728	-615
13.0706529617	1057
13.0720458031	-1420
13.0720529556	-1316
13.0725839138	-1420
13.0725898743	-1316
13.0728449821	-1368
13.0737848282	-1368
13.0738120079	-1368
13.0739178658	-1368
13.0744857788	-1420
13.0744898319	-1316
13.0747230053	-1368
13.0860359669	-1420
13.0860869884	-1316
13.0860908031	-1368
13.086206913	-1420
13.086209774	-1420
13.0862448215	-1264
13.086247921	-1368
13.0864629745	-1420
13.0864667892	-1316
13.0951559544	-1368
13.0965828896	-1420
13.0966358185	-1420
13.0966379642	-1264
13.0985198021	-1420
13.098526001	-1420
13.0985658169	-1264
13.0990998745	-1420
13.0991399288	-1316
13.1015088558	-1420
13.1015498638	-1316
13.1028058529	-1368
13.1028897762	-1368
13.1030509472	-1420
13.1030788422	-1316
13.1064918041	-1368
13.1070539951	543
13.1072628498	543
13.108923912	-1368
13.1091148853	543
13.1116218567	543
13.1243360043	-1368
13.134968996	543
13.1382389069	-1420
13.1382479668	-1420
13.1382949352	-1264
13.1452388763	543
13.1629188061	543
13.1649959087	543
13.1754097939	543
13.1872308254	-1368
13.1874887943	-1011
13.1876549721	-1368
13.1877708435	-1368
13.1900129318	543
13.1993379593	543
13.2017228603	543
13.2023859024	-1368
13.2025728226	-1368
13.2138888836	543
13.2146887779	543
13.2155997753	543
13.2158389091	543
13.2162959576	543
13.21646595	-1420
13.2164709568	-1420
13.2165129185	-1264
13.2167267799	543
13.217042923	543
13.2172708511	543
13.2176527977	543
13.2178838253	543
13.2355508804	-1368
13.2355999947	-1420
13.2356028557	-1316
13.2380788326	-1368
13.2542359829	-1420
13.2542939186	-1316
13.2542979717	-1368
13.2557969093	-1368
13.2610759735	-1420
13.2611057758	-1316
13.2673139572	-1368
13.2811098099	-1368
13.2819647789	543
13.28200984	-1368
13.2839829922	543
13.2864689827	543
13.2889499664	-1420
13.2889559269	-1316
13.2895989418	543
13.2898218632	543
13.3001079559	-1420
13.300126791	-1316
13.3023679256	-1420
13.3023738861	-1316
13.3024439812	-1368
13.3038067818	-594
13.3078069687	-543
13.3142337799	-1368
13.3156688213	543
13.322988987	-1420
13.323007822	-1316
13.3277449608	-1420
13.3277528286	-1316
13.3399679661	543
13.3537559509	543
13.3541288376	1460
13.354175806	111
13.3603549004	-1368
13.3707289696	543
13.3740429878	-1420
13.374049902	-1316
13.374093771	-1368
13.4150819778	-543
13.4201719761	-285
13.4313759804	-1368
13.4466688633	-261
13.4546468258	-1368
13.455840826	1057
13.4558999538	543
13.4669678211	-1420
13.4669828415	-1420
13.4670348167	-1264
13.4683549404	-1368
13.4826848507	-1420
13.4827098846	-1420
13.482749939	-1264
13.4868028164	-543
13.5076198578	543
13.5366518497	-82
13.5386199951	-1420
13.5386488438	-1316
13.5498969555	-1368
13.5553889275	-1368
13.5576939583	-775
13.559969902	543
13.5628018379	1057
13.5660328865	-1368
13.5798718929	543
13.6421279907	-1420
13.6421458721	-1316
13.6531589031	-1218
13.6568658352	-1420
13.6569328308	-1316
13.6599478722	-1420
13.6600008011	-1316
13.66010499	-1368
13.6669969559	543
13.6673808098	-1368
13.6787748337	-543
13.7233808041	-1368
13.7285728455	543
13.7288639545	543
13.7372999191	-1368
13.7496278286	-543
13.7697758675	-53
13.7802128792	543
13.8088829517	543
13.8095219135	543
13.8097670078	543
13.8179578781	-543
13.8252639771	543
13.8327109814	1057
13.8349788189	-1420
13.8349869251	-1316
13.8393089771	543
13.8405249119	543
13.8430588245	543
13.8438727856	543
13.843930006	543
13.8489108086	-543
13.8559157848	1057
13.8620169163	1460
13.8620939255	625
13.8861927986	-406
13.8939979076	543
13.9040999413	-1368
13.9200518131	-717
13.9233398438	543
13.9400389194	1057
13.9601249695	-1420
13.9601349831	-1316
13.9602918625	-1368
13.9715387821	-543
13.977935791	-1420
13.9779789448	-1316
13.9779818058	-1368
13.9781398773	-1420
13.9781429768	-1316
13.9782078266	-1368
13.9784338474	543
13.9867908955	-1420
13.9867990017	-1316
13.9868969917	543
13.9869418144	-1368
13.9878618717	-1368
13.9988629818	-1420
13.9988679886	-1420
13.998914957	-1420
13.9989168644	-1212
14.0003528595	-1368
14.0004708767	-1420
14.0005087852	-1316
14.0005757809	-1368
14.0018367767	-1420
14.0018498898	-1420
14.001885891	-1264
14.0025448799	-528
14.0122029781	-1420
14.0122129917	-1420
14.0122637749	-1420
14.0122668743	-1212
14.0123147964	543
14.012567997	543
14.0254769325	-1368
14.0290617943	-1420
14.0291149616	-1316
14.0292379856	-1368
14.0294339657	-1420
14.0294468403	-1316
14.0294849873	-1368
14.0409929752	543
14.0426528454	-543
14.0465087891	-1420
14.0465188026	-1316
14.0471417904	543
14.0565237999	-1420
14.0565378666	-1316
14.0587449074	-1420
14.0587518215	-1316
14.0703208447	543
14.070720911	543
14.0710067749	543
14.0963699818	-1420
14.0963788033	-1316
14.1049189568	543
14.1136260033	-406
14.1144268513	543
14.114661932	543
14.1189689636	-280
14.1434597969	-1420
14.143517971	-1316
14.1674089432	-1368
14.187032938	543
14.1928088665	-1420
14.1928238869	-1420
14.1928877831	-1264
14.2123849392	1057
14.2196469307	-543
14.2221639156	-1368
14.2225627899	-1420
14.2226288319	-1420
14.2226319313	-1264
14.2227599621	-1420
14.2227649689	-1316
14.2228198051	-1368
14.2235679626	-1420
14.2236039639	-1316
14.2236537933	-1368
14.22524786	-1420
14.225263834	-1420
14.2253129482	-1264
14.2334668636	543
14.2355248928	-1420
14.235532999	-1351
14.235658884	543
14.2379639149	543
14.23802495	1460
14.2380728722	111
14.2389388084	543
14.2410948277	543
14.2500998974	1460
14.2501478195	625
14.2502009869	1057
14.2870688438	-1368
14.2870857716	-1420
14.2871389389	-1420
14.2871417999	-1264
14.2981069088	-1420
14.2981147766	-1420
14.298158884	-1420
14.2981619835	-1212
14.3134489059	1057
14.3171370029	543
14.3180639744	-1420
14.3180677891	-1316
14.318117857	-1368
14.3228929043	543
14.3521258831	-119
14.3569648266	543
14.3685178757	-1420
14.3685398102	-1420
14.3686378002	-1264
14.3690519333	-1368
14.3798968792	543
14.3829908371	-1420
14.3829979897	-1316
14.3946988583	-1420
14.3947088718	-1316
14.3947668076	-1368
14.4147160053	-1368
14.4321088791	543
14.4328038692	543
