0	543
0.0380020141602	543
1.54823184013	-543
2.28562998772	-543
2.28578090668	-1420
2.28581285477	-1316
2.28652095795	-1420
2.28656506538	-1316
2.2868039608	-1368
2.29870486259	-1420
2.29876804352	-1420
2.29880785942	-1264
2.29949998856	-1368
2.34426093102	543
2.37804794312	543
2.41525793076	-1420
2.41533088684	-1316
2.4153778553	-1420
2.4154150486	-1420
2.41545701027	-1420
2.41546201706	-1212
2.4159989357	-1420
2.41600298882	-1316
2.4160630703	-1420
2.41606593132	-1316
2.41637802124	-1368
2.41664791107	-1368
2.42641401291	543
2.4281129837	-1420
2.42811894417	-1420
2.42816400528	-1420
2.4281668663	-1212
2.42822289467	-1420
2.42822504044	-1027
2.4470539093	543
2.49626803398	543
2.49658584595	543
2.4968059063	543
2.49702095985	543
2.49718499184	543
2.52239704132	543
2.5226290226	543
2.59638690948	-543
2.59661006927	-1420
2.59666085243	-1316
2.59694886208	-1368
2.59709191322	-1420
2.59709501266	-1316
2.6304910183	-1420
2.63050484657	-1316
2.63057899475	-1420
2.63058185577	-1316
2.63069701195	-1420
2.6306989193	-1316
2.6309030056	543
2.63334989548	-1420
2.63335585594	-1420
2.63340187073	-1420
2.63340401649	-1212
2.63351202011	543
2.63354992867	-1420
2.63355207443	-1316
2.63367486	-1420
2.63367795944	-1420
2.63369894028	-1264
2.63388204575	-1420
2.63392400742	-1316
2.72596096992	-180
2.83032488823	543
2.83065986633	543
2.94046092033	-543
2.94061088562	-1420
2.94065785408	-1316
2.94112586975	-1420
2.94119095802	-1420
2.9412419796	-1264
2.95183086395	-1420
2.95187592506	-1420
2.95191287994	-1264
2.95198106766	-1420
2.95201396942	-1316
2.95203185081	-1368
2.95219302177	543
2.95840907097	-1420
2.95841503143	-1420
2.9584479332	-1264
2.96508288383	-1420
2.96513390541	-1420
2.96513700485	-1264
2.96790194511	-1420
2.96790599823	-1420
2.96794605255	-1264
2.96802997589	-1368
2.9680519104	-1368
2.96821188927	-1368
2.97781085968	-1368
2.98454999924	-1420
2.98460006714	-1316
2.98549699783	-1420
2.98553800583	-1316
2.98553991318	-1368
2.9915099144	543
2.99170088768	-1368
2.99778485298	543
3.01581406593	-1368
3.07000184059	-979
3.24292087555	-1086
3.24539995193	1057
3.30434584618	-1420
3.30436491966	-1420
3.30441784859	-1264
3.30442094803	-1420
3.30444097519	-1316
3.30490088463	-1420
3.3049428463	-1420
3.30494594574	-1264
3.30936098099	-1420
3.30936789513	-1316
3.3094098568	-1368
3.31011986732	-1368
3.31450796127	-1420
3.31451797485	-1316
3.31484293938	-1420
3.31484699249	-1420
3.31489086151	-1264
3.31493902206	-1420
3.31495785713	-1420
3.3149600029	-1264
3.31539607048	-1368
3.31556200981	543
3.31988692284	-1420
3.31989192963	-1316
3.32048988342	-1368
3.37230396271	-644
3.38325405121	543
3.40844607353	-1420
3.40846204758	-1420
3.40852093697	-1264
3.40893387794	-1420
3.40897798538	-1420
3.40898084641	-1264
3.40989899635	-1420
3.40990495682	-1420
3.40994906425	-1264
3.41857504845	-1420
3.41864204407	-1316
3.41878795624	543
3.50171399117	-119
3.52017998695	-1420
3.5202460289	-1316
3.52898597717	-1420
3.52903985977	-1316
3.64975690842	-1326
3.65333485603	-1420
3.65339684486	-1316
3.65368890762	-1368
3.65388798714	-1420
3.65389084816	-1420
3.65392804146	-1264
3.65392994881	-1420
3.65397286415	-1316
3.6647670269	-1420
3.66477704048	-1420
3.66482496262	-1264
3.66512489319	-1368
3.66514801979	-1368
3.66532897949	-1368
3.67167687416	543
3.74577689171	-1420
3.74579286575	-1420
3.74586486816	-1264
3.74598383904	-1420
3.74601197243	-1420
3.74601507187	-1264
3.74609494209	-1420
3.74609804153	-1420
3.74616098404	-1264
3.75675606728	-1368
3.77606105804	543
3.77633786201	543
3.77650904655	543
3.77668190002	543
3.77684688568	1460
3.77689099312	1460
3.77692484856	193
3.77702784538	1460
3.77708292007	625
3.77741503716	543
3.7775759697	543
3.77789998055	543
3.77805805206	543
3.77837085724	543
3.77855205536	543
3.77884507179	543
3.77900099754	543
3.77929997444	543
3.77945590019	543
3.78290104866	-1100
3.79973506927	543
3.79997086525	543
3.85637307167	543
3.85669398308	543
3.88096189499	543
3.88117599487	543
3.89763402939	-1420
3.89764285088	-1316
3.90132904053	-1420
3.90133404732	-1316
3.91297388077	-1326
3.91332197189	543
3.93505001068	1057
3.93566203117	543
3.94623184204	543
3.94648003578	1057
3.98289394379	-1420
3.98290801048	-1316
3.98308801651	543
3.98333597183	-1368
3.98358297348	-1420
3.98363399506	-1316
3.98363685608	-1368
3.98367404938	-1420
3.9836769104	-1316
3.98379087448	543
3.98799085617	-1420
3.98799490929	-1316
3.98808288574	-1420
3.98808693886	-1316
3.99356889725	-1368
4.0433139801	-525
4.04406785965	543
4.04421591759	543
4.19146704674	-1420
4.19148397446	-1316
4.19986891747	-1368
4.20222091675	-1420
4.20225000381	-1316
4.20591688156	543
4.21300506592	-1015
4.22609591484	543
4.22661089897	543
4.22683596611	543
4.22704195976	543
4.22726988792	-1368
4.22738194466	543
4.22758889198	-1368
4.22771286964	543
4.22788786888	543
4.22793507576	-1368
4.22799992561	-1420
4.22804284096	-1316
4.22820186615	543
4.23023891449	-1368
4.23346400261	-1420
4.23350787163	-1316
4.23356795311	-1420
4.23360705376	-1316
4.23366785049	-1420
4.23370695114	-1316
4.23386502266	-1420
4.233907938	-1316
4.23394989967	-1368
4.23402690887	543
4.23420190811	1460
4.2342479229	625
4.23857307434	-1368
4.23871803284	-1420
4.23876190186	-1316
4.23936390877	-1368
4.23957085609	-1420
4.23957586288	-1316
4.24368286133	-1420
4.24369001389	-1420
4.2437338829	-1264
4.24380493164	543
4.27880907059	-1368
4.28510689735	543
4.31826090813	-1368
4.3185749054	1460
4.31864595413	625
4.31878185272	1460
4.31882500648	625
4.34256792068	-1166
4.3464319706	1460
4.3464949131	625
4.34663105011	1460
4.3466758728	625
4.44373607635	-1420
4.44374489784	-1316
4.44379997253	-1368
4.44402289391	-1420
4.44406604767	-1420
4.44406890869	-1264
4.44427800179	1460
4.44432997704	1460
4.44436597824	1161
4.4444270134	89
4.45205783844	-1368
4.47625398636	-936
4.48331284523	-1420
4.48331689835	-1420
4.48336291313	-1420
4.48336601257	-1420
4.48340797424	-1420
4.48341107368	-1420
4.48344492912	-1056
4.48344707489	-1420
4.483481884	-1316
4.48945403099	-1420
4.48950195312	-1316
4.48986291885	-1420
4.48991298676	-1420
4.4899148941	-1264
4.48995399475	-1420
4.4899559021	-1316
4.49029684067	-1420
4.49030184746	-1420
4.49034500122	-1264
4.49059987068	-1368
4.49068593979	-1420
4.4906899929	-1420
4.49073600769	-1264
4.4907989502	543
4.49165987968	-1420
4.49166584015	-1316
4.49196887016	1057
4.49210190773	543
4.49213504791	-1420
4.49213695526	-1316
4.49226689339	-1420
4.49226999283	-1420
4.49229502678	-1420
4.4922978878	-1212
4.49239087105	1057
4.49245500565	-1420
4.49245786667	-1316
4.49260091782	543
4.52429795265	-1420
4.5243139267	-1420
4.52435994148	-1264
4.52436184883	-1368
4.52437996864	-1368
4.524559021	-1368
4.52487397194	-1420
4.5248799324	-1316
4.57344698906	-1420
4.57346391678	-1420
4.57352685928	-1264
4.57352995872	-1420
4.57361197472	-1420
4.57361388206	-1264
4.5736579895	-1420
4.57365989685	-1420
4.57372188568	-1264
4.57372498512	-1368
4.57376098633	-1420
4.57376384735	-1316
4.58078384399	543
4.60585188866	-1420
4.60586690903	-1420
4.60591387749	-1264
4.60591697693	-1368
4.60640287399	1460
4.6064620018	1460
4.60649895668	707
4.60901498795	543
4.61275005341	-1420
4.61275601387	-1420
4.61279892921	-1264
4.61299395561	-1420
4.61303806305	-646
4.61309599876	543
4.62583398819	543
4.63114905357	543
4.63138389587	543
4.63160395622	543
4.6319360733	543
4.63208603859	543
4.64514994621	-1420
4.64516592026	-1316
4.64797997475	-1420
4.64798498154	-1316
4.65492296219	-1368
4.65500402451	543
4.67639088631	-1368
4.67733287811	-1420
4.67739796638	-1316
4.68639087677	-1368
4.69158792496	-1420
4.69159293175	-1420
4.69163489342	-1264
4.69615697861	543
4.69636893272	543
4.70252084732	-1420
4.70252585411	-1316
4.71594786644	543
4.71613287926	543
4.71656990051	543
4.71678996086	543
4.71718788147	1460
4.71725606918	169
4.71740293503	543
4.72779583931	-1420
4.72780203819	-1420
4.72786688805	-1420
4.72786998749	-1212
4.72790598869	-1420
4.72790884972	-1316
4.72820687294	543
4.74240207672	-462
4.74803996086	-1420
4.74810194969	-1420
4.74810504913	-1264
4.74961304665	-1420
4.74962186813	-1420
4.74964904785	-1264
4.74974584579	543
4.74997591972	-1420
4.74997997284	-1316
4.75031304359	-1368
4.75069785118	-1420
4.75074195862	-1420
4.75074505806	-1264
4.75091695786	-1420
4.75092101097	-1316
4.75100588799	-1368
4.75116586685	-1420
4.75120592117	-1316
4.75120902061	-1368
4.75130605698	-1420
4.751308918	-1316
4.75135803223	543
4.75155687332	-1420
4.75155997276	-1316
4.75163197517	-1420
4.75163388252	-1316
4.75174093246	543
4.75193095207	1057
4.75207901001	-1420
4.75210189819	-1316
4.75214099884	-1368
4.75233983994	-1420
4.75236392021	-1316
4.75236606598	-1368
4.75249290466	-1420
4.75249695778	-1316
4.75260591507	-1420
4.75260901451	-1420
4.75264692307	-1264
4.75287699699	-1368
4.75296187401	-1420
4.75296497345	-1316
4.75303292274	-1368
4.75310993195	-1420
4.75314688683	-1316
4.75319504738	-1368
4.75334906578	-1420
4.7533519268	-1316
4.75455093384	-1368
4.75466585159	-1420
4.75468492508	-1316
4.75480294228	-1368
4.75483989716	-1420
4.7548429966	-1420
4.75487685204	-1264
4.75878691673	543
4.76044988632	-1368
4.76069307327	1057
4.76107406616	543
4.76129293442	543
4.76150107384	543
4.76167988777	543
4.77468204498	-1420
4.77468895912	-1420
4.77473497391	-1264
4.77623486519	-1368
4.77754402161	-1368
4.77772498131	-1420
4.77777194977	-1420
4.77777385712	-1264
4.7961139679	543
4.80593585968	-1420
4.80594086647	-1420
4.80599784851	-1264
4.80600094795	-1368
4.80678105354	-1420
4.80678391457	-1316
4.80689191818	-1420
4.80689501762	-1316
4.81465196609	543
4.81484794617	543
4.82109284401	-1420
4.82110285759	-1420
4.82115292549	-1420
4.82115507126	-1212
4.82123088837	-1420
4.82123398781	-1420
4.82126998901	-1420
4.82127189636	-1212
4.82177686691	1057
4.83197593689	-1420
4.83198094368	-1420
4.83202505112	-1264
4.85147094727	-1368
4.85753393173	-1420
4.85754489899	-1420
4.85763502121	-1420
4.85763788223	-1212
4.85767507553	-1420
4.85767698288	-1420
4.85771298409	-1264
4.86188602448	-1420
4.86194396019	-1420
4.86194896698	-1264
4.87762188911	-670
4.93424296379	-1420
4.93425798416	-1420
4.93432402611	-1264
4.94434499741	-1420
4.94436192513	-1316
4.94440197945	-1420
4.9444038868	-1420
4.94442105293	-1420
4.94442486763	-1212
4.9453189373	-1420
4.94532799721	-1420
4.94537305832	-1264
4.95276784897	543
4.95294284821	543
4.9543030262	-1368
4.97663784027	-1368
4.97687888145	-1420
4.97688388824	-1316
4.97731399536	-1420
4.97731900215	-1420
4.97736001015	-1264
4.97821307182	-1420
4.97824597359	-1420
4.97824788094	-1264
4.98682999611	-1420
4.98683905602	-1420
4.98688602448	-1264
4.99042606354	-1420
4.99049592018	-1316
4.99074006081	-1368
4.99088692665	-1420
4.99089097977	-1316
4.99107694626	-1368
4.99129295349	-1420
4.99135899544	-1420
4.99136185646	-1264
4.99139904976	-1368
4.99140191078	-1420
4.99143695831	-1316
4.99154686928	543
4.99180793762	-1420
4.99181199074	-1420
4.99185204506	-1264
4.99434185028	-1420
4.99441790581	-1420
4.99442100525	-1264
4.9944729805	-1368
4.99447488785	-1420
4.99451184273	-1316
4.99518084526	-1420
4.99520206451	-1316
4.99527406693	-1420
4.99530291557	-1420
4.99530506134	-1420
4.99532198906	-1212
4.99545884132	-1368
4.9987308979	543
4.99916195869	-1420
4.99916696548	-1316
5.00219702721	-1420
5.00220584869	-1316
5.0024368763	-1420
5.00243997574	-1316
5.00331997871	-1368
5.00353384018	-1420
5.00355505943	-1420
5.00355696678	-1264
5.00370287895	-1420
5.00370597839	-1316
5.00401091576	-1420
5.0040140152	-1420
5.0040500164	-1264
5.00410103798	-1420
5.0041179657	-1420
5.00411987305	-1264
5.00413489342	-1368
5.0068860054	543
5.00718188286	543
5.01271700859	-1368
5.02784085274	-1420
5.02790689468	-1420
5.0279109478	-1264
5.02810096741	-1420
5.02810406685	-1316
5.0285089016	-1368
5.03470897675	-1420
5.03475403786	-1316
5.03511500359	-1368
5.03515601158	-1420
5.03515791893	-1420
5.03519201279	-1264
5.03552103043	-1420
5.03554105759	-1420
5.03554296494	-1264
5.03570890427	-1420
5.03571200371	-1420
5.0357940197	-1420
5.03579688072	-1212
5.03583097458	-1368
5.03583407402	-1368
5.03722786903	-1420
5.03738903999	-1420
5.03739190102	-1264
5.03739404678	-1368
5.03778100014	-1420
5.03778386116	-1316
5.03832697868	-1420
5.0383310318	-1316
5.03833198547	-1368
5.03861784935	-1368
5.03871798515	-1420
5.0387198925	-1316
5.03878998756	-1368
5.03885197639	-1420
5.03885507584	-1316
5.03900384903	543
5.03924894333	543
5.03942799568	543
5.03970789909	-1368
5.04662489891	-1420
5.04666805267	-1316
5.06375002861	-1420
5.06379294395	-1420
5.06379699707	-1420
5.06381392479	-1212
5.06381607056	-1420
5.06383299828	-1316
5.07390999794	-1420
5.07395505905	-1420
5.07395887375	-1420
5.07397603989	-1212
5.07407307625	-1420
5.07411193848	-1420
5.07411503792	-1420
5.07414793968	-1212
5.07418990135	-1420
5.07420802116	-1420
5.07421302795	-1264
5.07427787781	-1368
5.07450795174	543
5.07465004921	-1420
5.07465291023	-1420
5.07467103004	-1264
5.07467293739	-1368
5.07482600212	-1420
5.07482886314	-1316
5.07870984077	543
5.10623407364	-1420
5.10624504089	-1420
5.10632205009	-1420
5.10632491112	-1212
5.10636997223	-1420
5.10637187958	-1420
5.10641384125	-1264
5.10641694069	-1368
5.10675001144	-1420
5.10675406456	-1316
5.10684394836	-1420
5.10684800148	-1420
5.10686707497	-858
5.10698485374	543
5.10874295235	-1420
5.10874891281	-1420
5.10877490044	-1264
5.1089220047	-1368
5.10963606834	-1420
5.10963988304	-1420
5.10966300964	-1264
5.1162610054	-1420
5.11632800102	-1420
5.11633205414	-1264
5.1572239399	-1420
5.15723991394	-1316
5.15730404854	-1368
5.15770506859	-1420
5.15774989128	-1420
5.15775299072	-1264
5.16317486763	-1368
5.16327905655	543
5.17084884644	-1420
5.17086291313	-1316
5.17091798782	-1368
5.17104387283	-1420
5.17108392715	-1420
5.17108798027	-1264
5.18202590942	-1420
5.18203401566	-1420
5.18206095695	-1264
5.1820628643	-1368
5.18217587471	543
5.19121098518	-1420
5.19121694565	-1316
5.19486188889	-1368
5.19545793533	-1420
5.19550490379	-1316
5.1955678463	-1420
5.19560790062	-1420
5.19561100006	-1264
5.19581389427	-1368
5.19660401344	-1420
5.19664692879	-1420
5.19665002823	-1264
5.20519590378	-1420
5.20520806313	-1420
5.20525789261	-1264
5.2109079361	543
5.21134185791	543
5.21155905724	1057
5.21176695824	543
5.22144889832	-1368
5.22168898582	-1420
5.22172093391	-1420
5.22172403336	-1264
5.22178387642	-1420
5.22178697586	-1420
5.22180604935	-1264
5.22259497643	-1420
5.22263503075	-1316
5.2365219593	-413
5.24708390236	-1420
5.24709200859	-1316
5.24722290039	-1420
5.24722599983	-1316
5.2473628521	-1368
5.24780893326	-1420
5.24783086777	-1420
5.24783396721	-1264
5.2558760643	-1420
5.25588297844	-1420
5.25592899323	-1264
5.25611495972	1057
5.25622391701	-1420
5.25622797012	-1420
5.25626802444	-1264
5.25681996346	-1420
5.25688385963	-1420
5.2568860054	-1264
5.25695991516	-1368
5.2569630146	-1420
5.25699901581	-1420
5.25700187683	-1264
5.25707006454	-1420
5.25707292557	-1420
5.25709986687	-1264
5.25731897354	-1420
5.25735998154	-1316
5.25739097595	-1420
5.25740885735	-1316
5.25744485855	-1368
5.25755500793	-1368
5.25758099556	543
5.25882792473	-1420
5.25883388519	-1420
5.25885891914	-1264
5.25921702385	-1420
5.25926303864	-1420
5.25926494598	-1264
5.26805686951	-1420
5.26806306839	-1420
5.26808691025	-1264
5.27062296867	543
5.27965688705	543
5.28011107445	543
5.28028988838	543
5.29068493843	-1420
5.29069304466	-1316
5.29137587547	-1420
5.29138207436	-1420
5.2914249897	-1264
5.29149699211	543
5.29189395905	-1368
5.29212594032	543
5.29286885262	543
5.29292392731	-1420
5.29292798042	-1316
5.29388189316	-1420
5.29388785362	-1420
5.29393100739	-1264
5.29397702217	-1368
5.2941339016	-1368
5.29422998428	-1420
5.29425406456	-1316
5.29442596436	-1420
5.29447698593	-1420
5.29447984695	-1264
5.29477500916	-1420
5.29477906227	-1316
5.2952978611	-1420
5.29530191422	-1420
5.29534387589	-1264
5.29534602165	-1420
5.29538202286	-1316
5.29548096657	-1420
5.29552102089	-1316
5.29552388191	-1368
5.29559397697	543
5.29562592506	-1420
5.29562807083	-1316
5.29565787315	-1368
5.29579997063	-1368
5.29585695267	543
5.29892587662	-1368
5.29905295372	-1368
5.30609202385	-1420
5.30610704422	-1420
5.30616784096	-1420
5.30617189407	-1420
5.30621194839	-1420
5.30621385574	-1108
5.32212090492	-1368
5.32623195648	543
5.33534193039	543
5.34723687172	543
5.34749698639	543
5.35721206665	-1420
5.35721802711	-1420
5.35727190971	-1264
5.35741901398	543
5.35790300369	-1420
5.35790801048	-1316
5.36006402969	-1420
5.36006999016	-1316
5.360216856	543
5.36589884758	-1420
5.36591386795	-1420
5.36601090431	-1264
5.36601305008	-1368
5.36605787277	-1368
5.36624693871	-1368
5.36657691002	-1420
5.36658096313	-1316
5.36670398712	-1368
5.36693501472	-1420
5.36697888374	-1316
5.36721301079	-1420
5.36725401878	-1420
5.36725687981	-1264
5.36733102798	-1368
5.36747503281	-1420
5.36751699448	-1420
5.36751890182	-1264
5.37544107437	-1368
5.3755068779	543
5.37640786171	-1174
5.40301990509	543
5.40330290794	543
5.40828585625	-1420
5.40829086304	-1420
5.40833187103	-1264
5.40867805481	-1368
5.41031098366	-1368
5.4190568924	-1420
5.41910505295	-1420
5.41910791397	-1264
5.41950488091	-1420
5.4195098877	-1316
5.41954302788	-1368
5.4197909832	-1420
5.41983485222	-1420
5.41983795166	-1264
5.41992902756	-1420
5.41993188858	-1420
5.41999793053	-1264
5.42010498047	1057
5.42167687416	-1420
5.42168307304	-1316
5.45751786232	-1368
5.46998786926	-1368
5.4700729847	-1420
5.47007703781	-1316
5.47024106979	-1420
5.47024393082	-1420
5.47029590607	-1264
5.47107601166	-1368
5.4711689949	-1420
5.47117185593	-1316
5.48915886879	-1420
5.48917007446	-1316
5.52719092369	-67
5.53044199944	-1420
5.53050398827	-1420
5.53050684929	-1264
5.53222894669	-1420
5.53223490715	-1420
5.5322868824	-1264
5.53274798393	-1420
5.53279590607	-1316
5.53287601471	543
5.53307199478	-1368
5.53336191177	-1420
5.53340387344	-1316
5.53349304199	-1368
5.53382992744	-1368
5.53932595253	-1368
5.53959107399	-1420
5.53959703445	-1420
5.53963804245	-1264
5.53964090347	-1368
5.53991103172	543
5.53996491432	-1420
5.53996896744	-1316
5.53997087479	-1368
5.54040789604	-1420
5.5404510498	-1420
5.54045391083	-1264
5.54048991203	-1420
5.54049301147	-1420
5.54052805901	-1264
5.54070591927	1057
5.54379105568	-1368
5.54394006729	543
5.54432201385	543
5.54440188408	-1420
5.54440593719	-1316
5.54461097717	543
5.54477286339	543
5.54502606392	-1368
5.54502987862	-1420
5.54507088661	-1316
5.54519891739	-1420
5.54523897171	-1420
5.54524087906	-1264
5.5456199646	-1420
5.54562497139	-1420
5.54566597939	-1264
5.54822587967	-1420
5.54825091362	-1316
5.54835700989	-1420
5.54839706421	-1316
5.54862785339	-1420
5.54866695404	-1420
5.54866886139	-1264
5.5505759716	543
5.55120491982	-1420
5.55120992661	-1316
5.63013887405	-1368
5.6307759285	-1420
5.63082885742	-1316
5.6316678524	-1420
5.63170695305	-1316
5.65673494339	-703
5.66646194458	543
5.66756892204	-1420
5.66757488251	-1420
5.66762685776	-1420
5.6676299572	-1420
5.66766500473	-1420
5.66766691208	-1108
5.66834306717	-1420
5.66834807396	-1420
5.66839194298	-1264
5.66845989227	543
5.66859292984	543
5.69928693771	-1420
5.69930291176	-1316
5.70059490204	-1420
5.7006020546	-1316
5.70065689087	-1420
5.70065999031	-1316
5.70069003105	-1368
5.70125389099	-1368
5.70157790184	-1420
5.70158290863	-1316
5.70170783997	-1368
5.7027258873	-1420
5.70276784897	-1420
5.70277094841	-1264
5.7086019516	-1420
5.70861005783	-1316
5.71742987633	543
5.74842000008	-1368
5.75382089615	543
5.75409293175	543
5.77270483971	-1420
5.77271199226	-1316
5.77305984497	-1420
5.77306389809	-1420
5.77311992645	-1420
5.77312302589	-1420
5.77315998077	-1160
5.7731628418	-1368
5.78164100647	-1420
5.78164696693	-1316
5.78625202179	-568
5.7994530201	-1420
5.79951095581	-1316
5.7996430397	-1420
5.7996840477	-1316
5.79974889755	-1368
5.80158805847	-1420
5.80159401894	-1420
5.80163693428	-1264
5.8017179966	543
5.80196094513	-1420
5.80197501183	-1420
5.80201506615	-1264
5.80206990242	-1420
5.80210089684	-1316
5.80221796036	-1420
5.80224895477	-1316
5.80225205421	-1368
5.80237293243	543
5.81006288528	-1420
5.81006789207	-1420
5.81010985374	-1264
5.88714694977	-1368
5.88747000694	-1368
5.88771891594	-1368
5.88789391518	-1368
5.89649486542	-1420
5.89654898643	-1316
5.8966588974	-1420
5.89669895172	-1316
5.89691090584	-1420
5.89691400528	-1316
5.8969810009	-1368
5.89707398415	-1420
5.89710593224	-1316
5.89812994003	-1368
5.89831399918	-1420
5.8983669281	-1316
5.89850306511	-1368
5.91597294807	-1024
5.93975496292	-1420
5.93976902962	-1316
5.9398329258	-1368
5.94004797935	-1420
5.94005298615	-1420
5.94008302689	-1420
5.94008493423	-1212
5.94017195702	-1368
5.94038796425	-1420
5.94040203094	-1420
5.94044303894	-1264
5.94052004814	543
5.94062399864	-1420
5.94062805176	-1316
5.94074892998	-1420
5.94075202942	-1420
5.94079089165	-1264
5.94083189964	543
5.94090485573	-1368
5.95026707649	-1368
5.95031499863	-1420
5.95031785965	-1316
5.95053696632	-1368
5.97701001167	-1368
5.97748494148	-1368
6.02991604805	-1368
6.03292393684	-1368
6.03297495842	-1420
6.03297901154	-1420
6.03302407265	-1264
6.03332185745	-1420
6.03332686424	-1420
6.03336787224	-1264
6.03347587585	-1420
6.03354406357	-1316
6.03354692459	-1368
6.0336830616	543
6.04053592682	543
6.04375696182	-1420
6.04376196861	-1420
6.04380393028	-1264
6.04542303085	-83
6.05149292946	-1420
6.05149793625	-1316
6.05208706856	-1420
6.05208992958	-1420
6.05211901665	-1264
6.0526368618	-1368
6.05277395248	-1420
6.05277705193	-1316
6.05838799477	-1420
6.05839586258	-1316
6.05847191811	-1368
6.05864286423	-1368
6.05871701241	-1420
6.05871987343	-1420
6.05874896049	-1264
6.05881905556	-1420
6.05884885788	-1316
6.05897688866	-1420
6.05901503563	-1420
6.05901694298	-1264
6.06070899963	-1420
6.06071186066	-1316
6.06083393097	-1420
6.06083703041	-1420
6.06087398529	-1264
6.06087684631	-1368
6.06097102165	-1420
6.06097388268	-1420
6.06099200249	-1264
6.06265807152	543
6.06287002563	543
6.06934404373	-1420
6.06934905052	-1420
6.06939196587	-1264
6.06997990608	-1368
6.11286592484	-1368
6.11378788948	-1420
6.11383986473	-1420
6.11384296417	-1420
6.11386990547	-1212
6.11440396309	-1420
6.11445784569	-1420
6.11446094513	-1264
6.12259602547	-1420
6.12260890007	-1316
6.12277984619	543
6.17512989044	-758
6.19059205055	-1420
6.19067287445	-1316
6.19086885452	-1420
6.19091200829	-1316
6.19091486931	-1420
6.19095087051	-1420
6.19095301628	-1420
6.19098901749	-1212
6.19112992287	543
6.19145107269	-1368
6.19154500961	543
6.19158291817	-1420
6.19158506393	-1420
6.19158601761	-1264
6.19216394424	-1420
6.19218993187	-1316
6.19927096367	543
6.1994998455	543
6.20055794716	-1368
6.20062589645	-1368
6.20596885681	-1420
6.20597505569	-1316
6.20667099953	-1368
6.2068259716	-1420
6.20686984062	-1316
6.21149492264	-1420
6.21154284477	-1316
6.21154689789	-1368
6.2119178772	-1368
6.23082089424	-1368
6.23087286949	-1368
6.23703694344	-1368
6.23742604256	-1420
6.23743200302	-1420
6.23750185966	-1420
6.23750495911	-1212
6.23754000664	-1368
6.23841786385	-1420
6.23848795891	-1316
6.23849987984	-1368
6.2392950058	-1420
6.23929786682	-1420
6.23933696747	-1264
6.24090695381	-1368
6.24198102951	543
6.27553296089	-1368
6.28859400749	-1420
6.28866291046	-1420
6.2886660099	-1264
6.28980493546	543
6.29004096985	543
6.30446100235	-20
6.3127989769	-1368
6.31287288666	-1420
6.31291604042	-1316
6.31309294701	-1420
6.31313085556	-1316
6.31316304207	-1368
6.31368303299	-1420
6.31368589401	-1420
6.31372404099	-1264
6.31420302391	-1420
6.31422305107	-1420
6.31422495842	-1264
6.31477999687	-1368
6.31518006325	-1420
6.31520104408	-1316
6.31537890434	-1420
6.31541800499	-1316
6.31541991234	-1368
6.31583285332	-1368
6.31630587578	-1420
6.3163459301	-1420
6.31634902954	-1264
6.31669688225	-1420
6.31669998169	-1420
6.31670188904	-1264
6.32675790787	543
6.3269469738	543
6.4052760601	-1368
6.43417787552	-478
6.43456196785	1460
6.43462300301	1460
6.43466901779	193
6.46214294434	-1420
6.46215391159	-1420
6.46221089363	-1264
6.47252607346	-1420
6.47257089615	-1316
6.5249209404	-1368
6.545140028	-1420
6.54515600204	-1420
6.54526901245	-1264
6.54527187347	-1420
6.54532194138	-1420
6.54532504082	-1264
6.54536104202	-1368
6.54555606842	543
6.5459549427	-1420
6.5459690094	-1420
6.54601097107	-1264
6.54617905617	543
6.5464849472	1460
6.54654097557	111
6.5480029583	-1420
6.54800796509	-1316
6.55021095276	543
6.55777287483	-1368
6.5578649044	-1368
6.56122684479	-1368
6.56189203262	-1368
6.56206703186	-1368
6.56255197525	-1420
6.5625910759	-1316
6.56279706955	-1368
6.56370091438	-623
6.56480288506	-1420
6.56485700607	-1420
6.5648598671	-1264
6.57032990456	-1420
6.57033896446	-1316
6.57044792175	-1368
6.57074403763	-1420
6.57078790665	-1316
6.57216596603	-1420
6.57220888138	-1420
6.57221198082	-1264
6.57294297218	-1368
6.57313585281	-1420
6.57316994667	-1420
6.57317185402	-1264
6.57332992554	-1420
6.57333302498	-1316
6.57412791252	-1368
6.57459998131	-1368
6.57476997375	-1420
6.5747730732	-1420
6.57481193542	-1264
6.57487297058	543
6.58333086967	-1420
6.58334684372	-1420
6.58340287209	-1264
6.58369398117	-1368
6.60607385635	1460
6.6061668396	111
6.60641884804	1057
6.60693693161	543
6.60715198517	543
6.66979694366	-1420
6.66981387138	-1420
6.66987085342	-1264
6.66987395287	-1420
6.66991996765	-1316
6.67010688782	543
6.6701669693	-1368
6.67328095436	-1420
6.6733288765	-1420
6.67333292961	-1264
6.67939305305	-1368
6.6933619976	-966
6.7421309948	543
6.74892807007	-1368
6.80154705048	-1420
6.80157494545	-1316
6.80163288116	-1368
6.80232095718	-1368
6.80236792564	-1368
6.80256485939	-1420
6.80260396004	-1420
6.80262684822	-1264
6.80266499519	-1420
6.80266785622	-1420
6.80270385742	-1264
6.80270695686	-1420
6.80274295807	-1316
6.8070268631	543
6.81408500671	-1368
6.8230240345	-446
6.827231884	-1420
6.82723689079	-1316
6.82801604271	-1420
6.8280210495	-1420
6.82806491852	-1264
6.82891798019	-1420
6.82896399498	-1420
6.828966856	-1264
6.83000802994	-1420
6.83001184464	-1420
6.83005094528	-1420
6.83005285263	-1212
6.83092188835	-1420
6.83092498779	-1316
6.83162689209	-1368
6.83172488213	-1420
6.83174586296	-1316
6.83231902122	-1420
6.83235907555	-1316
6.83244800568	-1420
6.83246803284	-1316
6.83508086205	-1420
6.83512187004	-1316
6.83528995514	543
6.83544588089	543
6.88259506226	-1368
6.93115997314	-1420
6.93116593361	-1316
6.93193006516	-1368
6.93215298653	-1420
6.93218302727	-1420
6.93218588829	-1264
6.94365787506	-1420
6.9436788559	-1316
6.94373393059	-1420
6.94373703003	-1316
6.95249295235	-104
6.95279693604	543
6.9533829689	543
6.95360207558	1057
6.97756505013	-1420
6.97757506371	-1316
6.97773694992	-1368
7.00064587593	543
7.00092291832	1057
7.00130391121	543
7.00150895119	1057
7.03221988678	-1368
7.05922198296	-1420
7.05929398537	-1420
7.05929994583	-1264
7.0594830513	-1368
7.05954098701	-1368
7.05984306335	-1368
7.06017398834	1460
7.06023192406	1460
7.06028699875	-1420
7.060297966	-1420
7.06029891968	-1264
7.06031799316	1161
7.06042790413	89
7.06093907356	-1420
7.06094288826	-1316
7.06098294258	-1368
7.06101107597	543
7.06115102768	543
7.06135201454	1057
7.06194996834	-1420
7.06195497513	-1316
7.06199598312	-1368
7.06204605103	-1420
7.06208300591	-1420
7.06208586693	-1264
7.06222605705	543
7.06276702881	-1420
7.0627720356	-1420
7.0628118515	-1264
7.06848096848	-1420
7.06852602959	-1316
7.08016204834	-1420
7.08020591736	-1316
7.08043885231	-1368
7.08052802086	-1420
7.08053088188	-1420
7.0805580616	-1264
7.08074593544	-1420
7.08078289032	-1420
7.08079385757	-1264
7.08085894585	-1420
7.0808608532	-1420
7.08090686798	-1264
7.08103990555	543
7.08116698265	-1420
7.08116984367	-1420
7.08118891716	-1264
7.0811920166	-1368
7.08132195473	-1368
7.08149385452	-1368
7.08187294006	-1420
7.08187794685	-1420
7.08191990852	-1420
7.08192205429	-75
7.09014201164	-1420
7.09015107155	-1316
7.09052395821	-1368
7.094591856	543
7.14968705177	-1368
7.16161298752	543
7.16190099716	1057
7.19044089317	-1420
7.19045495987	-1316
7.19109892845	-1368
7.19165706635	-1420
7.19171190262	-1420
7.19171500206	-1264
7.19176101685	-1368
7.19209384918	-1368
7.19219088554	-1368
7.19260191917	-1368
7.19264793396	-1368
7.19270801544	-1368
7.19289684296	-1368
7.19300985336	-1368
7.19465303421	543
7.2113070488	-628
7.22714185715	-1368
7.2278649807	-1420
7.22787094116	-1316
7.26731491089	-1368
7.27262306213	543
7.31583499908	-1420
7.31585407257	-1316
7.31590199471	-1368
7.31634092331	-1420
7.31639289856	-1316
7.316395998	-1368
7.31753206253	-1420
7.31753587723	-1316
7.31770205498	-1420
7.31770586967	-1420
7.31773805618	-1264
7.31774091721	-1368
7.31804895401	-1368
7.3186750412	-1420
7.31871986389	-1316
7.31877088547	-1420
7.31879091263	-1420
7.3187930584	-1264
7.31881999969	-1420
7.31882190704	-1420
7.31883907318	-1264
7.31910395622	543
7.31952905655	-1420
7.31953406334	-1316
7.31957387924	-1368
7.34003400803	-1420
7.34009599686	-1420
7.34010004997	-1264
7.34078884125	-552
7.34091496468	-1420
7.34094285965	-1316
7.34188485146	-1368
7.34203290939	-1420
7.34203600883	-1316
7.34230995178	-1420
7.34231305122	-1420
7.34236097336	-1264
7.34538006783	-1368
7.34558486938	543
7.34619903564	-1420
7.34620499611	-1316
7.34633088112	543
7.34782385826	-1420
7.34783887863	-1316
7.34789085388	-1368
7.34978890419	-1368
7.34999895096	-1420
7.35000395775	-1316
7.35112094879	-1420
7.35112690926	-1420
7.35117793083	-1264
7.35208797455	-1368
7.35236501694	-1368
7.36527895927	-1420
7.36532402039	-1420
7.36532688141	-1264
7.37538385391	-1368
7.45221090317	-1420
7.45222687721	-1420
7.45228600502	-1264
7.45262384415	-1420
7.45263004303	-1420
7.45267391205	-1264
7.45379304886	-1420
7.4538269043	-1316
7.45450496674	-1420
7.45454788208	-1420
7.45455098152	-1264
7.45560288429	-1420
7.45560884476	-1316
7.45586395264	-1368
7.45599889755	543
7.45667695999	-1420
7.45668292046	-1316
7.45928287506	-1368
7.46264505386	-1368
7.47024703026	-592
7.48220300674	-1420
7.4822678566	-1316
7.48250985146	-1368
7.48683190346	-1420
7.48683595657	-1316
7.48724794388	-1420
7.48725295067	-1420
7.48729801178	-1264
7.487803936	543
7.50230693817	543
7.51610088348	543
7.52080702782	-1368
7.52206802368	-1420
7.52212405205	-1316
7.53390407562	543
7.53919792175	543
7.57329702377	-1420
7.57331490517	-1420
7.57337903976	-1264
7.57432699203	-1420
7.57438397408	-1420
7.57438707352	-1264
7.58267092705	-1420
7.58268499374	-1420
7.58273696899	-1264
7.58319497108	-1368
7.59400701523	-1420
7.59401392937	-1316
7.59424686432	543
7.59451389313	-1368
7.59458899498	-1420
7.5946199894	-1420
7.59462189674	-1420
7.59464001656	-1212
7.59469294548	-1368
7.59518885612	-1420
7.59519386292	-1316
7.595236063	-1368
7.59566903114	-1368
7.59577798843	-1420
7.59578084946	-1316
7.59586596489	543
7.59618496895	-1368
7.5963139534	-1420
7.59635591507	-1420
7.59635901451	-1264
7.59645700455	-1420
7.59646201134	-1316
7.5965719223	-1420
7.59657502174	-1316
7.59669184685	-1420
7.59669494629	-1316
7.59675884247	543
7.5975060463	-1420
7.59751105309	-1420
7.59755206108	-1264
7.59784793854	-1420
7.59787487984	-1316
7.59787797928	-1368
7.59864902496	-1420
7.59865498543	-1420
7.59867787361	-1264
7.59951996803	-363
7.60323095322	-1368
7.6162340641	543
7.61650300026	543
7.64613199234	543
7.64648103714	543
7.71216607094	-1420
7.71218490601	-1420
7.71225094795	-1264
7.71280193329	-1420
7.71284985542	-1316
7.71341395378	-1420
7.71346187592	-1420
7.71346497536	-1264
7.71364092827	-1368
7.71387696266	-1420
7.71395492554	-1420
7.71396684647	-1420
7.71400499344	-1212
7.71400785446	-1368
7.71435594559	-1420
7.7143599987	-1420
7.71440887451	-1264
7.71453785896	1057
7.72239899635	-1420
7.72240591049	-1316
7.72893404961	-433
7.75015997887	-1420
7.7502348423	-1316
7.76000285149	-1420
7.76005506516	-1420
7.76005792618	-1264
7.83039188385	-1368
7.83064985275	-1420
7.83074402809	-1316
7.83074784279	-1420
7.83078789711	-1420
7.83079099655	-1264
7.83130288124	-1420
7.83130693436	-1420
7.831346035	-1264
7.83158707619	-1368
7.8317759037	-1420
7.83177900314	-1316
7.8321120739	-1420
7.83211684227	-1420
7.83215594292	-1264
7.83215904236	-1420
7.83219385147	-1316
7.8322520256	-1368
7.83665990829	-1368
7.85702800751	-1420
7.85708999634	-1316
7.85839486122	-1021
7.97412896156	-1420
7.97414684296	-1316
7.9798309803	543
8.00475788116	-1368
8.02783083916	-667
8.04005885124	543
8.04031586647	1057
8.15732192993	-1086
8.20850086212	-1368
8.20909690857	543
8.20934796333	1460
8.20939493179	1139
8.22989702225	1057
8.25437307358	-1368
8.26978087425	-1420
8.26984786987	-1316
8.27062988281	-1368
8.27088284492	-1368
8.27242803574	-1420
8.27247095108	-1420
8.27247285843	-1264
8.27374505997	-1420
8.27375793457	-1420
8.27381300926	-1264
8.27427005768	543
8.27767086029	-1368
8.29037904739	543
8.33504390717	-1097
8.37707495689	-1420
8.37708902359	-1420
8.3771250248	-1264
8.37724494934	-1368
8.38114094734	543
8.38139104843	543
8.38613796234	-1420
8.38614392281	-1316
8.38805198669	-1368
8.39310693741	-1420
8.39316296577	-1420
8.39316606522	-1264
8.4034678936	-1368
8.41572785378	-1368
8.46460199356	-467
8.51669788361	543
8.51747989655	543
8.52631402016	-1420
8.52631902695	-1420
8.52636790276	-1420
8.5263710022	-1420
8.52641391754	-1160
8.5942029953	-986
8.60433197021	543
8.60485506058	543
8.60634994507	-1368
8.72388291359	-1318
8.74137997627	543
8.7422208786	543
8.74247097969	543
8.81934499741	-1420
8.81936097145	-1316
8.85355997086	-920
8.87774586678	-1368
8.90610790253	543
8.9832880497	-1347
9.00006198883	-1420
9.00013589859	-1316
9.00064897537	-1420
9.00069284439	-1420
9.00069594383	-1264
9.00114297867	-1420
9.00114703178	-1420
9.00120687485	-1264
9.0012588501	-1368
9.00169706345	543
9.00175189972	-1420
9.00175404549	-1316
9.04425787926	-1368
9.04618787766	1057
9.04635000229	-1420
9.04635286331	-1316
9.04682207108	-1368
9.11302089691	-1047
9.12227892876	-1420
9.12234091759	-1316
9.12309598923	-1420
9.12310194969	-1420
9.12314486504	-1264
9.12480902672	-1420
9.124822855	-1420
9.12486696243	-1264
9.12507200241	-1368
9.18089604378	-1368
9.24250888824	-517
9.26443099976	-1420
9.26444506645	-1316
9.26450586319	-1420
9.26450896263	-1420
9.26454591751	-1264
9.26497888565	-1420
9.26502799988	-1420
9.26502990723	-1264
9.26555299759	-1420
9.2655570507	-1316
9.26655197144	543
9.33196997643	-1368
9.34436702728	-1368
9.34997797012	1460
9.35228300095	111
9.37218499184	-865
9.37960100174	-1368
9.45204591751	543
9.47773098946	-1420
9.4777469635	-1420
9.4778008461	-1264
9.47817397118	543
9.50901985168	-298
9.52109503746	543
9.57670688629	-1368
9.59001302719	-1368
9.60060286522	-1420
9.6006128788	-1420
9.60066890717	-1264
9.65113806725	-1073
9.65133500099	543
9.67160797119	543
9.70570898056	543
9.70647501945	543
9.70674490929	543
9.70699191093	543
9.70720887184	543
9.75605201721	543
9.75656986237	543
9.75680398941	1057
9.80646300316	543
9.80678606033	543
9.80702090263	543
9.80724596977	543
9.8362569809	543
9.83653998375	543
9.83863687515	-543
9.87698197365	543
9.87726092339	543
9.88132405281	-1368
9.89204287529	543
9.8984348774	543
9.89889883995	543
9.89935994148	543
9.96815991402	-775
9.9709789753	543
9.97613406181	543
9.97710204124	-1420
9.97711586952	-1420
9.97716188431	-1264
9.97729897499	-1420
9.97737693787	-1316
9.97738003731	-1368
9.98715090752	-1420
9.98715686798	-1316
10.0338680744	-1368
10.0378389359	543
10.0382108688	1460
10.038271904	1460
10.0383250713	1161
10.0384950638	603
10.0667819977	-1368
10.0774168968	-1368
10.1061198711	-778
10.1188650131	-1420
10.1189188957	-1316
10.1840980053	-1368
10.237254858	543
10.2482759953	-1181
10.2976138592	543
10.2978980541	1460
10.2979519367	111
10.3492138386	-1368
10.3599789143	-1420
10.3599860668	-1316
10.3777680397	-725
10.3808259964	-1420
10.3808689117	-1316
10.3813250065	-1368
10.4156730175	-1368
10.4158849716	-1368
10.4164669514	-1420
10.4164819717	-1420
10.4165320396	-1264
10.4168829918	-1420
10.4168870449	-1316
10.4215929508	-1368
10.4217228889	-1368
10.4256050587	-1420
10.4256548882	-1316
10.4256579876	-1368
10.4259960651	-1368
10.4264259338	-1368
10.4319498539	-1368
10.4399280548	543
10.4402270317	543
10.4492189884	-1420
10.4492249489	-1420
10.4492709637	-1264
10.4496588707	-1420
10.4496979713	-1420
10.4497010708	-1264
10.4558999538	543
10.4560348988	543
10.4594609737	-1420
10.4594779015	-1420
10.4595270157	-1264
10.4598400593	-1368
10.4631938934	543
10.5072190762	-602
10.5111999512	-1420
10.5112500191	-1420
10.5112540722	-1264
10.5113768578	-1368
10.511646986	-1420
10.5116889477	-1316
10.5120818615	-1420
10.5121228695	-1420
10.5121259689	-1264
10.5133199692	-1420
10.5133328438	-1316
10.5133810043	-1368
10.520029068	543
10.6001369953	-1368
10.6026189327	543
10.6028969288	543
10.6033089161	543
10.632696867	-1420
10.6327109337	-1316
10.6338970661	-1420
10.6339030266	-1316
10.6347658634	-1368
10.6368708611	-1055
10.6395590305	-1420
10.6395659447	-1316
10.6493599415	-1368
10.6529049873	1057
10.7021780014	-1420
10.7021939754	-1420
10.7022559643	-1264
10.7023558617	-1368
10.7030949593	-1420
10.7030990124	-1420
10.7031400204	-1264
10.7031428814	-1420
10.7031879425	-1420
10.7031910419	-1264
10.7103779316	-1420
10.7103879452	-1316
10.7158410549	543
10.7664890289	-446
10.7759609222	543
10.7878160477	-1368
10.798208952	-1368
10.877548933	-1368
10.8958909512	-696
10.8977758884	-1420
10.8977818489	-1316
10.8991370201	-1420
10.8991429806	-1316
10.8991980553	-1420
10.8991999626	-1316
10.8992469311	-1420
10.8994669914	-1316
10.8994920254	-1368
10.8995718956	543
10.9040229321	-1420
10.9040298462	-1316
10.9040589333	-1368
10.9046058655	-1420
10.9046590328	-1420
10.9046618938	-1420
10.9047088623	-1212
10.9047119617	-1420
10.9047460556	-1316
10.9052329063	-1420
10.9052760601	-1420
10.9052789211	-1264
10.9053690434	-1420
10.9053719044	-1420
10.9054119587	-1264
10.9055039883	-1420
10.9055330753	-1316
10.905796051	-1420
10.9058248997	-1316
10.9059069157	-1368
10.9059989452	-1420
10.9060020447	-1316
10.9062600136	-1368
10.9067540169	-1420
10.90675807	-1316
10.907132864	543
10.9072749615	543
10.9184410572	543
10.9260239601	1057
11.0254809856	-1016
11.1715700626	543
11.1718659401	543
11.1752960682	-543
11.3014099598	-1420
11.3014278412	-1420
11.301514864	-1264
11.3048949242	-638
11.3177959919	543
11.4003000259	-1368
11.4475669861	-1289
11.5772910118	-1086
11.6242899895	-1368
11.6313970089	-1368
11.6318469048	543
11.6363379955	1057
11.7068789005	-522
11.7132470608	-1420
11.7133119106	-1420
11.7133178711	-1264
11.7133359909	-1420
11.7133378983	-1316
11.7134978771	543
11.723582983	-1368
11.8428359032	-1276
11.8432509899	543
11.9067220688	-1420
11.9067389965	-1316
11.9072358608	-1420
11.9072408676	-1420
11.9072880745	-1264
11.9078218937	-1420
11.9078679085	-1420
11.9078710079	-1264
11.9079508781	-1420
11.9079539776	-1420
11.907971859	-1264
11.9085559845	-1420
11.9086019993	-1420
11.9086048603	-1264
11.9089419842	-1420
11.908946991	-1316
11.9090640545	543
11.9095449448	-1420
11.9095509052	-1420
11.9095919132	-1264
11.9165399075	-1420
11.9165868759	-1420
11.9165899754	-1264
11.9722239971	-752
11.9764800072	543
12.2233450413	-543
12.3777389526	-1420
12.3778150082	-1420
12.3778619766	-1264
12.3783750534	543
12.3792948723	-1420
12.3793010712	-1420
12.3793439865	-1264
12.3815369606	543
12.3876180649	-1420
12.3876240253	-1316
12.3912129402	543
12.3929638863	-1110
12.5286269188	-1420
12.5286948681	-1316
12.5374720097	-1368
12.561850071	-638
12.7978188992	-543
12.8158559799	543
12.8164958954	1057
12.8391070366	543
12.9290790558	-1368
12.9294378757	-1368
12.9301359653	-1368
12.9306199551	-1368
12.939152956	-1420
12.9391720295	-1316
12.9456830025	-820
13.1852588654	-1420
13.1853370667	-491
13.1853818893	-1368
13.1856529713	-1420
13.1857359409	-1420
13.1857738495	-1264
13.1957859993	-1420
13.1958320141	-1420
13.1958498955	-1264
13.2786769867	543
13.2789568901	1460
13.2790038586	111
13.3147380352	-1052
13.5799319744	-543
13.5800030231	-1368
13.7094810009	-717
13.7126529217	543
13.7129318714	543
13.7445819378	543
13.7448768616	543
13.78597188	543
13.7863650322	543
13.7866618633	543
13.7868869305	1057
13.8263549805	543
13.8268659115	1057
13.8271019459	543
13.8273370266	1057
13.8388829231	-543
14.0043299198	-543
14.0860629082	-1368
14.1621489525	-1368
14.2140009403	-1036
14.2262408733	543
14.226544857	543
14.3860020638	-543
14.3965730667	-1420
14.3966259956	-1420
14.3966300488	-1264
14.4371540546	-1420
14.4371678829	-1316
14.4743318558	-1368
14.4843130112	543
14.5155658722	-733
14.5741109848	-1368
14.5754208565	-1420
14.5754270554	-1316
14.5755059719	-1420
14.5755090714	-1316
14.5755479336	-1368
14.5879080296	-1420
14.5879189968	-1420
14.5879659653	-1264
14.6311750412	-1420
14.6311879158	-1420
14.6312429905	-1264
14.6451320648	-923
14.6531188488	-1420
14.6531350613	-1420
14.6531908512	-1264
14.6538388729	-1420
14.6538820267	-1420
14.6538848877	-1264
14.6547529697	-1420
14.6547579765	-1420
14.6547870636	-1264
14.6561229229	-1420
14.6561808586	-1316
14.6574580669	-1368
14.6575949192	-1420
14.657597065	-1316
14.6585099697	-1420
14.6585159302	-1420
14.6585559845	-1264
14.658659935	-1420
14.6586999893	-1316
14.6591579914	-1368
14.65929389	543
14.6780250072	543
14.6783049107	1057
14.7825980186	-889
14.7916069031	543
14.7948188782	543
14.795083046	1057
14.795997858	1057
14.8542089462	-1420
14.8542249203	-1420
14.8542909622	-1264
14.8963160515	-1368
14.9253418446	-356
14.9825508595	-1420
14.9825670719	-1316
15.0548319817	-920
15.0550730228	543
15.1884689331	-543
15.1913490295	543
15.1963150501	1057
15.2513389587	-1368
15.3211958408	-804
15.4760940075	543
15.4817259312	-543
15.4920618534	-1368
15.4925289154	543
15.5115139484	543
15.5511949062	-1368
15.6115560532	-1007
15.7412068844	-543
15.8078939915	-1420
15.8079080582	-1316
15.8171260357	-1420
15.8171319962	-1316
15.8171858788	-1368
15.9373509884	-1015
16.0668468475	-1086
16.340793848	-543
16.6244020462	-543
17.1084589958	543
17.1106898785	1460
17.1107399464	1460
17.1107840538	193
17.1259570122	1057
17.1802079678	543
17.1805438995	543
17.2905218601	-543
17.3211679459	-1420
17.3212330341	-1316
17.321598053	-1368
17.3218410015	-1420
17.3219008446	-1316
17.3316938877	-1368
17.3317599297	-1368
17.3317980766	-1368
17.3324408531	-1420
17.3324868679	-1420
17.3325250149	-1264
17.3326749802	-1368
17.4202458858	-865
17.4763019085	543
17.4890329838	-1420
17.4890980721	-1316
17.4895238876	-1420
17.4895298481	-1316
17.4895839691	-1368
17.4900679588	-1368
17.4901919365	-1420
17.4902348518	-1316
17.4903578758	543
17.4980959892	1460
17.4981989861	111
17.511731863	-1368
17.5127179623	-1368
17.5496220589	-430
17.6436600685	543
17.6439659595	1460
17.6440150738	111
17.7361760139	-1086
17.9224488735	-543
17.9225149155	-1420
17.9225599766	-1316
17.9296870232	-1368
17.9298629761	543
18.0018160343	-1420
18.001832962	-1316
18.0119998455	-1368
18.0522179604	-733
18.181607008	-543
18.3730120659	-1086
18.3902480602	543
18.3907690048	543
18.3910028934	543
18.5024809837	-543
18.5092830658	543
18.5108239651	1057
18.5322899818	-1368
18.5323040485	-1420
18.5323598385	-1316
18.5372040272	-1420
18.5372390747	-1316
18.6393339634	-530
18.7322769165	543
18.7359399796	1057
18.7597198486	1057
18.7722659111	-1420
18.7722818851	-1316
18.8109869957	-435
18.8265459538	543
18.8268430233	1057
18.827092886	543
18.8273248672	1460
18.8273699284	111
18.9059789181	543
18.9063169956	1057
18.9381890297	543
18.9385919571	543
18.9391739368	543
18.9394090176	543
18.9403629303	-543
19.103689909	-1420
19.1037158966	-1316
19.1133239269	-1420
19.1133289337	-1316
19.1212780476	-298
19.1281599998	1057
19.1287698746	543
19.1802940369	-1420
19.1803059578	-1316
19.259073019	-920
19.3449759483	-1368
19.3449890614	-1420
19.3450479507	-1316
19.3450510502	-1368
19.3450758457	-1420
19.3450789452	-1316
19.3456149101	-1420
19.3456189632	-1420
19.3456668854	-1264
19.3573739529	-1420
19.357380867	-1420
19.3574259281	-1264
19.3576450348	-1368
19.3778040409	-1420
19.3778240681	-1316
19.3782558441	-1368
19.3784790039	-1420
19.3785250187	-1316
19.3795070648	543
19.3797340393	1460
19.3797829151	111
19.3814339638	-1368
19.381608963	-1420
19.3816299438	-1316
19.3884840012	-1092
19.3885948658	543
19.3915410042	-1420
19.3915450573	-1316
19.3915860653	-1368
19.4081759453	-1420
19.4082729816	-1420
19.4082779884	-1264
19.4083240032	-1368
19.4083259106	-1368
19.4084939957	543
19.4086370468	-1420
19.4086389542	-1316
19.4087309837	-1368
19.4106440544	543
19.4125208855	543
19.4127118587	543
19.4181439877	-1368
19.4181659222	-1420
19.418202877	-1316
19.4186320305	-1368
19.4432220459	-1368
19.4432389736	-1368
19.4435310364	-1420
19.4435360432	-1420
19.4435858727	-1264
19.4443688393	-1420
19.444423914	-1420
19.4444270134	-1264
19.4444899559	-1368
19.4446599483	-1420
19.4447028637	-1316
19.4447898865	543
19.4754600525	-1368
19.4758160114	-1420
19.4758629799	-1420
19.475867033	-1420
19.475908041	-1420
19.475910902	-1160
19.476088047	-1420
19.4760909081	-1420
19.4761099815	-1420
19.4761209488	-1212
19.4762158394	-1420
19.4762198925	-1316
19.4857199192	-1368
19.486084938	543
19.514508009	-1368
19.5151410103	-1368
19.5179450512	-352
19.5288360119	543
19.5291528702	1057
19.6345460415	-1368
19.6391429901	543
19.6394400597	543
19.6474580765	-261
19.7770850658	-543
19.8063650131	-1368
19.8559968472	-1368
19.8665318489	1057
19.872248888	-1420
19.8722548485	-1420
19.8722989559	-1264
19.9279780388	-1368
19.9356749058	-248
20.0651400089	-543
20.2171618938	-1368
20.23376894	543
20.2558000088	-261
20.4430480003	-1086
20.5737559795	-543
20.57385993	-1420
20.5739250183	-1316
20.6981699467	-1368
20.7031290531	-95
20.7069568634	543
20.7083640099	543
20.7116909027	-1420
20.7116959095	-1316
20.7119469643	543
20.8324379921	-920
20.832531929	543
20.8348970413	543
21.0527060032	-543
21.0703308582	-1368
21.1997458935	-1260
21.2013709545	543
21.331291914	-543
21.3546588421	-1420
21.3547348976	-1316
21.365571022	-1368
21.3657128811	-1368
21.4841790199	-812
21.6892709732	-543
21.7670588493	1057
21.8308320045	1057
21.9610109329	-543
21.9610829353	-1420
21.9611289501	-1316
21.9618370533	-1420
21.9619069099	-1420
21.9619488716	-1264
21.9665360451	-1420
21.9666490555	-1316
21.9725809097	-1368
21.9726500511	-1420
21.9726910591	-1420
21.9727289677	-1264
21.9728589058	-1420
21.97290802	-1420
21.9729468822	-1264
21.9733350277	543
21.9738328457	-1420
21.9738440514	-1420
21.9739830494	-1420
21.9739899635	-1420
21.9740798473	-1160
21.9740860462	-1368
21.9743769169	543
21.9826760292	-1420
21.9826910496	-1420
21.9827489853	-1264
21.9827539921	-1420
21.9827919006	-1316
21.9827969074	-1368
21.9831779003	-1420
21.9831860065	-1316
21.9833190441	-1420
21.9833259583	-1420
21.9834120274	-1264
21.9834170341	-1368
21.9835860729	-1420
21.9835929871	-1316
21.9836778641	-1420
21.9836850166	-1316
21.9838960171	-1420
21.9839029312	-1316
21.9843029976	543
21.9931349754	-1420
21.9931499958	-1420
21.9932079315	-1264
21.9937570095	-1368
21.9939649105	-1420
21.9939720631	-1420
21.9940638542	-1264
21.9940700531	-1420
21.9941539764	-1316
21.9941589832	-1368
21.9947040081	-1420
21.994713068	-1420
21.9948070049	-1264
21.9948120117	-1420
21.9948968887	-1420
21.9949018955	-1264
21.9952809811	543
22.0909359455	-848
22.0911459923	543
22.2829809189	543
22.2868318558	1460
22.2868819237	111
22.2943270206	-543
22.2943959236	-1420
22.2944400311	-1316
22.2953369617	-1420
22.2953908443	-1420
22.2953939438	-1264
22.2963130474	-1368
22.3053090572	-1420
22.3053970337	-1420
22.3054008484	-1264
22.3061289787	-1420
22.3061330318	-1420
22.3062059879	-1264
22.3063659668	543
22.3064348698	-1368
22.421587944	-1368
22.4237809181	-214
22.7705328465	-543
23.1273329258	-543
23.1278069019	543
23.2566530704	-543
24.1862618923	543
24.5596899986	-543
24.5606229305	543
24.689139843	-543
24.7717859745	1057
24.8330068588	1057
25.0188858509	-543
25.0190830231	-1420
25.0191249847	-1316
25.0207569599	-1420
25.0207998753	-1420
25.0208358765	-1264
25.029435873	-1420
25.0294868946	-1420
25.0295238495	-1264
25.0296509266	-478
