0	-751
0.00058388710022	126
0.118755817413	-51
0.118987798691	38
0.23611497879	-1420
0.236132860184	-89
0.236568927765	1057
0.368170976639	-543
0.368822813034	543
0.487460851669	-543
0.487846851349	543
0.777349948883	-543
4.13286590576	543
4.15463995934	543
4.34636187553	-543
5.60427093506	-1420
5.60434794426	-1420
5.60439586639	-787
5.60504484177	-1420
5.60507392883	-1340
5.60588693619	-1380
5.60710191727	-1420
5.60715579987	-1420
5.60720396042	-1300
5.65680980682	-1380
5.67209482193	543
5.6899189949	543
5.72165799141	-1420
5.7216758728	-1420
5.72171592712	-1300
5.72171878815	-1420
5.72175598145	-1420
5.72176194191	-1300
5.72226500511	-1420
5.72227096558	-1340
5.7222969532	-1380
5.72237682343	-1380
5.72315192223	-1380
5.72325587273	-1380
5.72439885139	-1420
5.72440290451	-1340
5.72454500198	-1420
5.72455000877	-1340
5.72458291054	-1420
5.72458791733	-1340
5.72486591339	543
5.74903082848	543
5.77419400215	-1420
5.7742099762	-1340
5.79911494255	543
5.82422780991	543
5.82452392578	543
5.82477879524	543
5.82497382164	543
5.82518100739	543
5.8253698349	543
5.83908700943	-1420
5.83909583092	-1420
5.83914995193	-1300
5.83915281296	-1420
5.83920693398	-1420
5.839209795	-1300
5.83943486214	543
5.83948397636	-1420
5.83949279785	-1420
5.83949494362	-1420
5.83949589729	-153
5.83974099159	543
5.97128295898	-1420
5.97130084038	-1420
5.97144985199	-273
5.97145390511	-1420
5.97150993347	-1340
5.97196483612	-1420
5.97201085091	-1340
5.9725959301	-1380
5.9726228714	-1380
5.97339701653	-1420
5.9734249115	-1420
5.97342896461	-1300
5.97389698029	-1420
5.97390389442	-1340
5.97393298149	-1380
5.97476291656	-1420
5.97479200363	-1340
5.97550487518	-1420
5.97555494308	-1420
5.97555780411	-1300
6.02215099335	-1380
6.02880501747	543
6.08835291862	-122
6.12906098366	543
6.13375282288	543
6.24499392509	-543
6.24911880493	1057
6.31267595291	-1380
6.34609794617	-1420
6.34617495537	-1420
6.34618091583	-1300
6.34711289406	-1420
6.34711694717	-1420
6.34717297554	-1300
6.34853696823	-1420
6.34857392311	-1340
6.34868192673	-1380
6.34937381744	-1420
6.34937787056	-1340
6.34957098961	-1380
6.34963297844	543
6.35243082047	-1420
6.35243797302	-1420
6.35249400139	-1300
6.35314893723	-1420
6.3531999588	-1420
6.35320281982	-1300
6.35378479958	-1420
6.35378885269	-1420
6.35385298729	-1300
6.35385584831	-1380
6.35600090027	543
6.3620159626	-107
6.36569690704	-1420
6.36572480202	-1420
6.36572885513	-1300
6.43428778648	-1420
6.43430685997	-1340
6.43436980247	-1380
6.47917079926	-60
6.4877178669	-1380
6.57876181602	-1380
6.57958483696	-1420
6.57962179184	-1340
6.5966398716	-1249
6.61645293236	-1380
6.6376209259	-1420
6.63763093948	-1420
6.6376888752	-1300
6.71385002136	-192
6.7192029953	-1420
6.71928191185	-1420
6.71928787231	-1300
6.71970582008	-1420
6.71971082687	-1340
6.72009396553	-1420
6.72011494637	-1340
6.72014498711	-1380
6.72036099434	-1380
6.72096681595	-1420
6.72099494934	-1420
6.72099900246	-1300
6.72127079964	1057
6.72209882736	-1420
6.72210288048	-1420
6.72215294838	-1300
6.7221558094	-1420
6.72220087051	-1340
6.77503085136	-1420
6.77504301071	-1340
6.77509784698	-1380
6.77510094643	-1380
6.77546691895	-1380
6.77605700493	-1420
6.77610778809	-1340
6.78735184669	1460
6.78742098808	1139
6.78912091255	543
6.78930282593	1460
6.78938889503	1460
6.78946590424	193
6.78960800171	543
6.78974199295	543
6.7898888588	543
6.7902328968	543
6.79043292999	543
6.79063487053	543
6.79081988335	543
6.79188895226	1086
6.7960858345	543
6.79624080658	543
6.80158400536	-1420
6.80158996582	-1340
6.80223679543	-1420
6.80224299431	-1420
6.80229401588	-1300
6.80282092094	-1420
6.8028550148	-1420
6.8028588295	-1300
6.80340790749	-1420
6.80341386795	-1420
6.80346298218	-1300
6.82794880867	-1380
6.83123588562	-1330
6.84417200089	543
6.84441781044	543
6.85897183418	543
6.85923981667	543
6.89422392845	543
6.92874193192	543
6.92899489403	543
6.92921495438	1057
6.92938280106	543
6.9923658371	543
6.99280595779	543
6.99300098419	543
7.02381682396	543
7.02406096458	543
7.06745481491	-1420
7.06746387482	-1420
7.06752991676	-273
7.06829094887	-1420
7.06834387779	-1340
7.06886196136	-1420
7.06891393661	-1420
7.06891798973	-1300
7.07036590576	-1380
7.07045578957	543
7.07066297531	-1380
7.07101798058	-1420
7.07105088234	-1420
7.07105493546	-1300
7.07136082649	-1420
7.07136583328	-1340
7.07141399384	-1380
7.07148790359	543
7.11865282059	-1420
7.11867284775	-1340
7.17212796211	-1420
7.17214488983	-1420
7.17220687866	-1300
7.17278790474	-1420
7.17284083366	-1340
7.17284488678	-1380
7.17305088043	-1420
7.17305779457	-1420
7.17309880257	-1300
7.18456292152	-696
7.18471980095	543
7.20971393585	-1420
7.2097299099	-1340
7.25463700294	-1380
7.25665092468	-1380
7.26148486137	-1420
7.26149988174	-1340
7.26472401619	-1380
7.26698899269	-1420
7.26705098152	-1420
7.26705479622	-1300
7.27040982246	-1420
7.27041697502	-1420
7.27046990395	-1300
7.27437496185	1460
7.2744410038	1460
7.27452778816	193
7.27549791336	1460
7.27563881874	1139
7.2758128643	543
7.27616286278	543
7.30176281929	-825
7.32258582115	-1380
7.33935189247	-1380
7.34901285172	543
7.34998488426	543
7.36041879654	-1380
7.36092495918	-1380
7.36109495163	-1380
7.36136198044	-1420
7.36139297485	-1340
7.36171483994	-1420
7.36176800728	-1420
7.3617708683	-1300
7.36236095428	-1420
7.36236596107	-1340
7.36308598518	-1420
7.36309099197	-1340
7.36356902122	-1420
7.36357188225	-1340
7.36361789703	-1380
7.36479091644	-1380
7.36549782753	-1420
7.36550188065	-1420
7.36554884911	-1300
7.36614584923	1057
7.36643695831	-1420
7.36643886566	-1420
7.36648893356	-1300
7.36666488647	1460
7.36672091484	1460
7.36679792404	193
7.36731791496	-1420
7.36732387543	-1420
7.36737084389	-1300
7.36778593063	1460
7.36785888672	1460
7.36792993546	193
7.36879396439	1460
7.36885499954	1460
7.3689699173	193
7.3783929348	-1420
7.37840199471	-1420
7.37845396996	-1300
7.44003486633	-814
7.45412492752	543
7.46792292595	-1380
7.54328680038	-1380
7.54342293739	-1420
7.54347395897	-1340
7.54385900497	-1420
7.54386496544	-1340
7.54419994354	-1380
7.54471087456	-1380
7.54505586624	-1420
7.54510879517	-1340
7.54511284828	-1380
7.54523682594	-1420
7.54524087906	-1340
7.54555392265	-1380
7.54573583603	-1380
7.54582381248	-1380
7.54616498947	-1380
7.54625296593	1460
7.5463078022	1460
7.54639601707	193
7.54645085335	-1420
7.54645395279	-1340
7.54684686661	-1380
7.54734396935	-1420
7.5474088192	-1420
7.54741287231	-1300
7.54746198654	-1420
7.54746389389	-1420
7.54758691788	-1300
7.54759001732	-1420
7.54763579369	-1340
7.54828286171	-1420
7.54833579063	-1420
7.54833889008	-1300
7.54906892776	543
7.58148980141	-1380
7.58165693283	543
7.58517479897	-197
7.60420894623	543
7.60444998741	543
7.61259484291	-1420
7.61260080338	-1420
7.61265492439	-1300
7.61284899712	1460
7.61291599274	625
7.61322188377	543
7.61337685585	543
7.63031792641	-1420
7.6303358078	-1340
7.63050293922	-1380
7.63187789917	-1420
7.63193202019	-1420
7.63193583488	-1300
7.63248682022	-1420
7.63249397278	-1340
7.63278388977	-1380
7.63330793381	-1420
7.63334298134	-1420
7.63336086273	-1300
7.63338780403	-1380
7.65137290955	-1420
7.65144181252	-1340
7.65250992775	-1420
7.652561903	-1340
7.65307879448	-1420
7.65310978889	-1420
7.65311384201	-1300
7.65417480469	-1420
7.65417981148	-1420
7.6542069912	-1300
7.65528678894	-1420
7.65531587601	-1420
7.65531992912	-1300
7.65559887886	-1380
7.65573191643	-1420
7.65576100349	-1340
7.65591096878	543
7.65762281418	-1420
7.65762996674	-1420
7.65768098831	-1300
7.67073392868	-1420
7.67086982727	-1340
7.67087483406	-1420
7.67092394829	-1340
7.67143583298	-1420
7.67146492004	-1340
7.67200183868	-1420
7.67211294174	-1340
7.67211580276	-1380
7.67226099968	543
7.67255187035	-1420
7.67255592346	-1340
7.67260289192	-1380
7.67321681976	-1380
7.67360186577	-1420
7.67360591888	-1340
7.67365288734	-1380
7.67375993729	-1420
7.67378902435	-1340
7.68542981148	-1420
7.68548989296	-1340
7.68865084648	543
7.69906282425	-1420
7.69906997681	-1420
7.69923591614	-1300
7.69924092293	-1420
7.69930195808	-1340
7.69930481911	-1420
7.69935083389	-1340
7.69935393333	-1380
7.69940495491	-1380
7.71887993813	543
7.71945500374	1460
7.71957087517	169
7.72996091843	-734
7.73008084297	543
7.74563097954	-1380
7.74649095535	-1380
7.74890589714	-1420
7.7489118576	-1340
7.74992394447	-1420
7.74993085861	-1420
7.74996185303	-1300
7.80325078964	-1380
7.80365586281	543
7.80408501625	543
7.81382679939	543
7.82383298874	1057
7.82981491089	-1420
7.82982087135	-1340
7.83146882057	-1420
7.83147382736	-1340
7.83151698112	-1380
7.83195590973	-1420
7.83198595047	-1340
7.83199000359	-1380
7.83230090141	-1420
7.8323059082	-1340
7.8325419426	-1380
7.83357000351	-1380
7.83373498917	-1380
7.83571100235	-1420
7.83576488495	-1420
7.83576893806	-1300
7.83696579933	-1420
7.83697295189	-1420
7.83700299263	-1300
7.83763384819	-1420
7.83768582344	-1420
7.83768892288	-1300
7.8380689621	-1380
7.83816790581	543
7.8382229805	-1420
7.8382267952	-1340
7.83836579323	-1420
7.83837080002	-1420
7.83839893341	-1300
7.83851099014	-1380
7.83917498589	-1420
7.83917999268	-1340
7.83929181099	543
7.83992600441	-1420
7.83993196487	-1420
7.83997988701	-1300
7.84097194672	-1380
7.84160590172	-1420
7.84161090851	-1340
7.84243083	-1420
7.84243798256	-1340
7.84374284744	-1420
7.84375	-1340
7.84378099442	-1380
7.84518790245	-1420
7.84522080421	-1420
7.84522485733	-1300
7.84651589394	-1420
7.84652280807	-1340
7.84693789482	543
7.84743785858	-1420
7.84744286537	-1340
7.84769701958	-939
7.84917783737	-1380
7.85072398186	-1380
7.85136795044	-1380
7.85578179359	-1380
7.88049793243	-1380
7.88084888458	-1380
7.90265989304	-1420
7.90271997452	-1420
7.90272378922	-1300
7.90315198898	-1420
7.90315794945	-1340
7.90453290939	-1380
7.90487980843	-1420
7.90491294861	-1340
7.90500688553	-1380
7.90636587143	-1420
7.90637183189	-1340
7.91511893272	-1380
7.91520190239	1057
7.91584992409	-1420
7.91585588455	-1420
7.91590690613	-1300
7.91669392586	-1420
7.91672992706	-1340
7.91673398018	-1380
7.91733980179	-1420
7.91734480858	-1420
7.91739487648	-1300
7.91754984856	-1420
7.91758298874	-1420
7.91758680344	-1300
7.91768193245	543
7.92169284821	-1380
7.94048595428	-1380
7.94756889343	-1420
7.94757390022	-1420
7.94762992859	-1300
7.94967198372	-1380
7.95091891289	-1420
7.95092701912	-1420
7.95095801353	-1300
7.95153284073	-1380
7.95344090462	-1420
7.95344686508	-1340
7.9665119648	-963
7.99485898018	-1380
8.02421998978	543
8.02451395988	543
8.02479791641	543
8.02503299713	543
8.02523684502	543
8.02540183067	543
8.04849886894	-1420
8.04850888252	-1420
8.04856991768	-1300
8.04961895943	-1420
8.04967284203	-1340
8.04987001419	-1380
8.05041885376	-1380
8.05055880547	-1420
8.05061197281	-1340
8.0506939888	543
8.05115294456	-1380
8.05235791206	-1420
8.05241179466	-1420
8.0524148941	-1300
8.08024096489	-1380
8.08033084869	-1420
8.08036994934	-1420
8.08037400246	-1300
8.08053088188	543
8.09405493736	-1420
8.09406781197	-1420
8.09410881996	-1300
8.09432196617	-1380
8.09504294395	-1420
8.09505081177	-1340
8.09532880783	-1380
8.0966129303	-1420
8.0966668129	-1420
8.09666991234	-1300
8.11209797859	-403
8.11992001534	-1420
8.11998200417	-1420
8.11998581886	-1300
8.12057900429	-1420
8.1205868721	-1420
8.12061882019	-1300
8.12142181396	-1420
8.12147498131	-1420
8.12148284912	-1300
8.12172293663	-1420
8.12172889709	-1340
8.12178301811	-1380
8.12232089043	-1380
8.12243390083	543
8.12391996384	-1420
8.12392687798	-1340
8.12491989136	-1420
8.12492585182	-1340
8.12509894371	-1380
8.12588095665	-1420
8.12591385841	-1420
8.12591791153	-1300
8.1271469593	-1420
8.12715291977	-1340
8.12723588943	-1420
8.12723898888	-1340
8.12728285789	-1380
8.12738180161	-1420
8.12741088867	-1340
8.12751984596	543
8.12787389755	-1380
8.12794589996	543
8.1292757988	-1380
8.12948989868	-1420
8.12952184677	-1340
8.13007879257	-1380
8.13105583191	-1420
8.13106393814	-1340
8.13109493256	-1380
8.13248801231	-1420
8.1325378418	-1340
8.13254189491	-1380
8.13256788254	-1380
8.13276982307	-1380
8.13356280327	-1380
8.13365793228	-1380
8.13424086571	-1420
8.13424491882	-1420
8.13429284096	-1300
8.13436388969	543
8.1346487999	-1420
8.13465380669	-1340
8.13470292091	-1380
8.13549590111	-1420
8.13554787636	-1340
8.14413189888	-1420
8.14418387413	-1420
8.14418792725	-1300
8.14581394196	-1420
8.14581990242	-1340
8.14648795128	-1380
8.1495859623	-1420
8.14963984489	-1420
8.14964389801	-1300
8.1738679409	1057
8.17435288429	543
8.17453098297	543
8.17754292488	-1380
8.17762494087	543
8.18297481537	543
8.18323898315	543
8.18346190453	543
8.18364596367	543
8.19158291817	-1420
8.19159698486	-1420
8.19167494774	-1300
8.19201588631	-1420
8.19207000732	-1340
8.19344997406	-1380
8.19376087189	-1420
8.19376683235	-1340
8.19441890717	-1420
8.19442486763	-1420
8.19448590279	-1300
8.19573497772	-1420
8.19578480721	-1420
8.19578790665	-1300
8.19697499275	-1380
8.1970717907	543
8.19727492332	-1380
8.19727897644	-1380
8.20248198509	-1380
8.20256900787	-1420
8.20259690285	-1340
8.20383787155	-1380
8.20440888405	-1420
8.20441484451	-1340
8.20489597321	-1420
8.20490384102	-1420
8.20493483543	-1300
8.20608997345	-1420
8.20614385605	-1420
8.20614695549	-1300
8.20746278763	-1420
8.20746898651	-1340
8.20752692223	-1380
8.20939302444	-1420
8.20944786072	-1420
8.20945191383	-1300
8.20998883247	543
8.21020388603	543
8.21042394638	543
8.21059393883	543
8.21094989777	-1420
8.21095585823	-1340
8.21100401878	-1380
8.21109294891	543
8.21120381355	543
8.23718881607	-360
8.24068593979	-1420
8.24076080322	-1340
8.31552481651	-1380
8.35794401169	-1420
8.35795879364	-1420
8.35801291466	-846
8.36412596703	543
8.36974287033	-1420
8.36974787712	-1340
8.37023282051	-1420
8.37023997307	-1340
8.37032794952	-1380
8.37135696411	-1420
8.37141394615	-1340
8.37246894836	-1420
8.37250685692	-1420
8.37251091003	-1300
8.37443494797	543
8.38496398926	-1420
8.38497900963	-1340
8.40244579315	-1420
8.40246081352	-1340
8.40332794189	-1420
8.40333485603	-1420
8.4033780098	-1300
8.40441799164	-1420
8.40446996689	-1340
8.40486288071	-1380
8.40580701828	-1420
8.40581297874	-1340
8.40586280823	-1380
8.40708494186	-1420
8.40711593628	-1340
8.4071199894	-1380
8.40894293785	-1420
8.40894889832	-1340
8.40943288803	-1420
8.40943694115	-1340
8.40982794762	-1420
8.40983390808	-1340
8.41008496284	-1380
8.41032981873	-1420
8.41035890579	-1340
8.41036200523	-1380
8.41157078743	-1380
8.41191983223	-1420
8.41196799278	-1420
8.41197085381	-1300
8.4122068882	543
8.41297101974	543
8.41302084923	-1420
8.41302680969	-1340
8.41396689415	-1420
8.41397380829	-1340
8.41585087776	-1380
8.4163107872	-1380
8.41776585579	-1420
8.41777181625	-1420
8.41780400276	-1300
8.4192738533	-1420
8.41930484772	-1340
8.42122197151	-1380
8.42358279228	-1420
8.4235868454	-1420
8.42363286018	-1300
8.42755198479	-1420
8.42760801315	-1420
8.42761087418	-1300
8.42870593071	-1380
8.43044996262	-1420
8.43048381805	-1340
8.43131184578	-1420
8.43136096001	-1420
8.43136382103	-1300
8.43203783035	543
8.43208789825	-1380
8.43226099014	543
8.43278884888	-1420
8.43279480934	-1340
8.4337348938	-1420
8.43373990059	-1340
8.43428492546	-1420
8.43429088593	-1420
8.43431997299	-1300
8.43439292908	543
8.4366209507	-1420
8.43662691116	-1340
8.43667793274	-1380
8.44391679764	543
8.46283578873	-1380
8.4659910202	-1420
8.46604895592	-1340
8.475263834	-1120
8.49283790588	-1420
8.49285101891	-1340
8.49596691132	-1420
8.49597287178	-1340
8.49602389336	-1380
8.49951195717	-1420
8.49955201149	-1340
8.50012183189	-1380
8.50287890434	-1420
8.50288701057	-1420
8.50294089317	-1300
8.50601100922	-1420
8.50605082512	-1420
8.50605487823	-1300
8.50650501251	543
8.51168894768	-1380
8.51525402069	-1420
8.51533389091	-1420
8.51533794403	-1300
8.52094984055	-1380
8.52138185501	-1380
8.52416992188	-1420
8.52417778969	-1420
8.52423882484	-1300
8.52482700348	543
8.52500391006	1057
8.52625489235	-1380
8.52984881401	-1420
8.5299038887	-1420
8.52990698814	-1300
8.53011798859	543
8.53143286705	-1420
8.53143882751	-1340
8.53177595139	-1380
8.5318479538	543
8.53509092331	-1380
8.53552293777	-1420
8.53555798531	-1420
8.53557991982	-1300
8.53560781479	-1420
8.53561091423	-1340
8.53744983673	-1420
8.5374557972	-1340
8.54323887825	-1380
8.54330086708	543
8.54337382317	-1380
8.54359292984	-1420
8.54364299774	-1420
8.54364800453	-1300
8.54388594627	-1420
8.54388999939	-1340
8.54399895668	-1380
8.54416489601	-1420
8.54419398308	-1340
8.54432487488	-1380
8.57967591286	543
8.58038783073	543
8.58056092262	543
8.58768582344	-1380
8.61011600494	-319
8.63868093491	-1420
8.63869690895	-1340
8.67160391808	-1380
8.69593000412	-1380
8.69598984718	-1420
8.69599580765	-1340
8.69617199898	543
8.69647979736	-1420
8.69648480415	-1420
8.69654178619	-1300
8.69789600372	-1420
8.69792890549	-1420
8.69793391228	-1300
8.69868302345	-1420
8.69868779182	-1340
8.69995379448	-1420
8.6999578476	-1420
8.70000600815	-1300
8.70104694366	-1420
8.70109891891	-1340
8.70136785507	-1380
8.70146679878	543
8.70298981667	-1420
8.70299601555	-1420
8.70304584503	-1300
8.70925092697	543
8.7103638649	-1420
8.71037101746	-1420
8.7106089592	-1300
8.71061182022	-1420
8.71066093445	-1340
8.71066379547	-1380
8.71070885658	-1420
8.71071195602	-1420
8.71075701714	-1300
8.71100187302	-1420
8.71110296249	-1420
8.71110701561	-1300
8.71115493774	-1420
8.71115779877	-1340
8.7112019062	-1420
8.71120500565	-1420
8.71124887466	-1300
8.71125197411	-1380
8.71142292023	543
8.72645187378	-1420
8.72646784782	-1340
8.72729587555	-1009
8.7553319931	-1380
8.75720191002	-1420
8.75720691681	-1420
8.75725793839	-1300
8.75802898407	-1420
8.75808286667	-1420
8.75808596611	-1300
8.75970387459	-1420
8.75971078873	-1420
8.75974297523	-1300
8.76061487198	-1420
8.76065993309	-1420
8.76066398621	-1300
8.76163291931	-1420
8.76163697243	-1340
8.76268196106	-1420
8.76268482208	-1420
8.7627248764	-1300
8.76272702217	-1420
8.76276183128	-1340
8.76771879196	-1380
8.76791787148	543
8.7681479454	543
8.76830601692	-1420
8.76830983162	-1340
8.76836180687	-1380
8.78980994225	-1420
8.78987884521	-1420
8.78988289833	-1300
8.79199099541	-1420
8.79199695587	-1420
8.79203796387	-1300
8.79212188721	543
8.79284095764	-1420
8.79284501076	-1420
8.79288601875	-1300
8.79307293892	543
8.79377579689	-1420
8.79378080368	-1420
8.793820858	-1300
8.79471993446	-1420
8.79482293129	-1420
8.79482579231	-1300
8.79486393929	-1380
8.79486584663	-1380
8.79566979408	-1420
8.7956738472	-1420
8.79571199417	-1300
8.79665088654	-1420
8.79679584503	-1420
8.79679894447	-1300
8.796833992	-1420
8.79683589935	-1340
8.79686999321	-1380
8.79789400101	-1380
8.79862880707	-1420
8.79863190651	-1340
8.79904484749	-1420
8.7990489006	-1340
8.79908680916	-1380
8.79921078682	543
8.79945588112	543
8.79975295067	-1380
8.79983186722	543
8.79997086525	-1380
8.80114388466	543
8.87250494957	-732
8.89361190796	-1420
8.89367699623	-1420
8.89368391037	-1300
8.89498591423	-1420
8.89498996735	-1340
8.89533686638	-1380
8.89735579491	-1420
8.89739894867	-1340
8.89750790596	-1380
8.90777087212	543
8.90828800201	543
8.93147182465	-1380
9.0023829937	-795
9.05048298836	-1420
9.05049586296	-1420
9.05055093765	-1300
9.05111789703	-1420
9.05116987228	-1340
9.0511739254	-1420
9.05121684074	-1420
9.05121994019	-1300
9.0517578125	-1380
9.07406902313	-1420
9.07408094406	-1420
9.07413387299	-1300
9.08227491379	-1420
9.08227992058	-1420
9.08232092857	-1300
9.08291602135	-1420
9.0829668045	-1420
9.08296990395	-1300
9.08301281929	-1420
9.08301496506	-1340
9.08359885216	-1380
9.09030389786	1057
9.10283184052	-1420
9.10283899307	-1420
9.10288786888	-1300
9.10399580002	-1420
9.10402083397	-1340
9.10472488403	-1420
9.10476183891	-1340
9.10486793518	-1420
9.10491585732	-1340
9.10491895676	-1380
9.10513281822	-1380
9.11687898636	-1420
9.11692881584	-1420
9.11693191528	-1300
9.11733698845	543
9.11751198769	543
9.11767482758	543
9.11998081207	-1226
9.12138581276	-1420
9.12142896652	-1420
9.12143087387	-1300
9.12197995186	-1420
9.12198400497	-1420
9.1220228672	-1300
9.12363290787	-1420
9.12368392944	-1340
9.12408494949	-1380
9.12428998947	543
9.12566781044	-1420
9.12567281723	-1340
9.12595582008	-1380
9.12912988663	-1420
9.12917399406	-1420
9.12917685509	-1300
9.13123083115	-1420
9.13123488426	-1420
9.13127398491	-1300
9.13142585754	-1380
9.13198900223	-1420
9.13199186325	-1340
9.13203001022	-1420
9.13203287125	-1420
9.1320669651	-1300
9.13249588013	543
9.13310790062	-1420
9.13311290741	-1420
9.13315391541	-1300
9.13322281837	543
9.13370585442	-1420
9.13371086121	-1340
9.13378787041	-1380
9.13544797897	-1420
9.13549280167	-1420
9.13549590111	-1300
9.1363928318	-1420
9.13639688492	-1420
9.13643479347	-1300
9.13957881927	-1380
9.13985681534	543
9.13993382454	-1420
9.14125490189	-1340
9.14127898216	-1420
9.14128184319	-1340
9.14146399498	-1380
9.14220881462	-1420
9.14223980904	-1340
9.14241695404	-1380
9.14353299141	-1420
9.1435379982	-1420
9.1435778141	-1300
9.17420983315	-1380
9.174669981	-1420
9.1746737957	-1340
9.17668700218	-1380
9.18005800247	-1420
9.18008184433	-1340
9.23744082451	-26
9.32292699814	-1380
9.33556199074	-1420
9.33558988571	-1340
9.33602190018	-1380
9.33736681938	-1420
9.33737182617	-1340
9.33913779259	-1420
9.33914399147	-1340
9.33979701996	-1420
9.33980083466	-1340
9.33994698524	543
9.34421992302	543
9.35495591164	-1309
9.37273979187	543
9.39370298386	-1380
9.40233397484	-1380
9.40268087387	-1420
9.40271997452	-1420
9.40276288986	-1300
9.40276479721	-1420
9.40279984474	-1340
9.42068481445	-1420
9.42073392868	-1420
9.4207379818	-1300
9.44296884537	-1380
9.44319391251	-1420
9.44325089455	-1420
9.44325399399	-1300
9.46237587929	-1420
9.46239089966	-1420
9.46244287491	-1300
9.46286797523	-1420
9.46291184425	-1420
9.4629149437	-1300
9.47239995003	-591
9.48169279099	-1420
9.48173093796	-1340
9.48434281349	-1420
9.48439788818	-1420
9.4844019413	-1300
9.48831391335	-1420
9.48832297325	-1420
9.48834896088	-1300
9.49163794518	-1420
9.49168491364	-1420
9.49168801308	-1300
9.49384689331	543
9.49554681778	-1380
9.49579596519	-1420
9.49583482742	-1340
9.49778079987	-1420
9.49780797958	-1340
9.49788379669	543
9.50021195412	-1420
9.50021696091	-1420
9.5002579689	-1300
9.50370383263	-1420
9.50374078751	-1340
9.50435590744	-1420
9.50437998772	-1340
9.50635695457	-1420
9.50640296936	-1420
9.50640583038	-1300
9.50665187836	543
9.50837779045	-1380
9.50859284401	-1420
9.50863480568	-1340
9.50964093208	-1420
9.5096809864	-1420
9.50968289375	-1300
9.51414179802	543
9.55019688606	-1380
9.57390093803	1057
9.58972096443	-844
9.59901094437	543
9.59925580025	1057
9.59959888458	543
9.59978580475	1057
9.62934398651	-1420
9.62935686111	-1340
9.62995791435	-1380
9.66934680939	-1420
9.66935801506	-1420
9.66939997673	-1300
9.67001891136	-1420
9.67002391815	-1340
9.67052197456	-1380
9.6714348793	-1420
9.67143988609	-1340
9.6720058918	-1380
9.67325186729	-1420
9.67325687408	-1340
9.67360401154	-1380
9.67522788048	-1420
9.67523288727	-1420
9.67527294159	-1300
9.67670583725	-1420
9.67671179771	-1340
9.67681288719	543
9.67696499825	-1380
9.67703580856	543
9.67826390266	-1420
9.67826890945	-1340
9.67852091789	-1380
9.67968702316	-1420
9.67973279953	-1340
9.68052601814	-1380
9.68316197395	-1420
9.68316698074	-1420
9.68320679665	-1300
9.68460202217	-1420
9.68464279175	-1340
9.68505001068	-1380
9.7017250061	-1380
9.70255684853	-1420
9.70260882378	-1340
9.70327401161	-1420
9.70332384109	-1420
9.70332694054	-1300
9.70447993279	-1420
9.70448493958	-1420
9.70454597473	-1300
9.70705485344	-934
9.7183740139	-1380
9.73600888252	1460
9.74375700951	111
9.81821799278	-1420
9.8182349205	-1420
9.81829690933	-1300
9.81943893433	-1420
9.81946897507	-1340
9.81979489326	-1380
9.81996679306	543
9.82011294365	543
9.82087492943	-1420
9.82087993622	-1340
9.82092094421	-1380
9.82169795036	-1420
9.82172083855	-1340
9.82196378708	-1380
9.82413291931	-282
9.82495689392	-1420
9.82499980927	-1420
9.82500195503	-1300
9.82621097565	-1420
9.82621479034	-1340
9.82638192177	-1380
9.82795095444	543
9.82808089256	-1420
9.82808494568	-1420
9.82810497284	-1300
9.82894587517	-1420
9.82897281647	-1340
9.82905983925	-1380
9.82916998863	543
9.82944893837	-1420
9.82945394516	-1340
9.82954692841	-1380
9.83733391762	-1420
9.83739280701	-1420
9.83739686012	-1300
9.83803701401	-1420
9.8380420208	-1340
9.83882498741	-1420
9.8388299942	-1420
9.8388710022	-1300
9.83965682983	-1420
9.83968400955	-1340
9.83993983269	-1380
9.8561809063	1460
9.85626292229	625
9.87044501305	-1420
9.87045288086	-1340
9.87082099915	-1380
9.88075089455	-1420
9.88080692291	-1420
9.88081097603	-1300
9.88121891022	-1420
9.88122487068	-1340
9.88136386871	-1420
9.88136792183	-1420
9.88140702248	-1300
9.8816139698	-1380
9.91072797775	543
9.91095995903	543
9.92865586281	543
9.93126893044	-1420
9.93127393723	-1340
9.93138980865	543
9.93151783943	543
9.94148087502	-9
10.0509438515	-1420
10.0509588718	-1340
10.0587589741	-867
10.1641387939	-1420
10.1641550064	-1340
10.1649699211	-1420
10.1649758816	-1420
10.1650178432	-1300
10.1652669907	-1420
10.1652719975	-1340
10.1653578281	-1380
10.1760427952	-1420
10.1760518551	-1340
10.1769490242	-1420
10.1769528389	-1420
10.1769919395	-1300
10.1774139404	-1420
10.1774358749	-1340
10.1780598164	-1380
10.1784338951	-1380
10.1785798073	-1380
10.1791899204	-1420
10.1791949272	-1420
10.1792378426	-1300
10.179240942	-1380
10.1802568436	-1420
10.1802608967	-1420
10.1802999973	-1300
10.1809029579	-1420
10.1809079647	-1340
10.1810519695	543
10.1812608242	-1380
10.1818139553	-1420
10.1818578243	-1420
10.1818609238	-1300
10.1820719242	-1420
10.1820778847	-1340
10.182101965	-1380
10.1833248138	-1420
10.1833689213	-1420
10.1833720207	-1300
10.1834769249	543
10.1841959953	-1420
10.1842010021	-1340
10.1842398643	-1380
10.184789896	-1420
10.184830904	-1340
10.1848340034	-1380
10.1899359226	-1380
10.1901500225	-1380
10.1915688515	543
10.2159237862	-421
10.2416260242	-1380
10.2987229824	-1420
10.2987408638	-1420
10.2988088131	-1300
10.2995870113	-1420
10.2996189594	-1340
10.3005969524	-1380
10.3011968136	-1420
10.3012018204	-1340
10.3013539314	-1380
10.3271069527	-1420
10.3271639347	-1420
10.3271689415	-1300
10.3331007957	-796
10.3839228153	543
10.403927803	1460
10.4040138721	111
10.4206609726	1057
10.4209280014	543
10.4438898563	1460
10.4439818859	111
10.4442038536	1057
10.4446759224	543
10.4448719025	543
10.4509658813	-1380
10.4514248371	-1420
10.4514307976	-1340
10.4928519726	-1087
10.536965847	-1420
10.5369808674	-1340
10.5372309685	543
10.5434529781	-1420
10.5434579849	-1420
10.5434908867	-1300
10.544054985	-1420
10.5440809727	-1340
10.544511795	-1380
10.5466938019	-1420
10.5467000008	-1340
10.5468509197	-1380
10.5469210148	543
10.5488409996	-1380
10.5507369041	-1420
10.5507638454	-1340
10.5508220196	-1380
10.5520839691	-1420
10.5520899296	-1340
10.5521328449	-1380
10.5532169342	-1420
10.5532639027	-1420
10.5532670021	-1300
10.5533947945	543
10.5536649227	543
10.5538859367	543
10.5548939705	-1420
10.5548989773	-1420
10.5549409389	-1300
10.5592188835	-1420
10.5592699051	-1420
10.5592730045	-1300
10.5599529743	-1420
10.5599579811	-1340
10.5611829758	-1380
10.5612978935	-1420
10.5613219738	-1340
10.562256813	-1420
10.5622799397	-1340
10.562623024	-1380
10.5635809898	-1420
10.5635859966	-1340
10.5639939308	-1380
10.5640728474	543
10.5650479794	-1380
10.5663878918	-1420
10.5664138794	-1340
10.5664169788	-1380
10.567884922	-1420
10.5678899288	-1340
10.5679299831	-1380
10.5687329769	-1420
10.568833828	-1340
10.5688369274	-1380
10.5689599514	-1380
10.5690310001	543
10.5784788132	-1380
10.5793290138	-1420
10.5793600082	-1420
10.5793628693	-1300
10.5802710056	-1420
10.5802769661	-1420
10.5803189278	-1300
10.5818150043	-1420
10.581859827	-1420
10.5818629265	-1300
10.5819888115	543
10.5823769569	-1420
10.5823829174	-1420
10.5824229717	-1300
10.5827178955	-1380
10.5828559399	-1420
10.582859993	-1340
10.5945768356	543
10.5947999954	543
10.6146337986	543
10.6348938942	-1380
10.6496818066	-59
10.6536688805	-1380
10.6666879654	-1420
10.6667459011	-1420
10.6667499542	-1300
10.666893959	543
10.6675069332	543
10.6677069664	543
10.6990330219	-1420
10.699048996	-1340
10.6996359825	-1380
10.7081298828	-1420
10.7081580162	-1340
10.7134230137	-1380
10.7667508125	-310
10.7725930214	543
10.77926898	543
10.8717198372	-1420
10.8717358112	-1340
10.8723528385	-1420
10.8723578453	-1420
10.8724088669	-1300
10.8736169338	-1420
10.8736548424	-1340
10.8736579418	-1380
10.8736829758	-1420
10.8736858368	-1420
10.8737099171	-1300
10.8738839626	543
10.874049902	-1380
10.8741259575	543
10.8807308674	-1420
10.8807380199	-1340
10.8815999031	-1380
10.8820869923	-1420
10.8821308613	-1420
10.8821339607	-1300
10.8826448917	-1420
10.8826498985	-1340
10.882735014	-1380
10.8828549385	543
10.8833107948	-1420
10.8833158016	-1340
10.8834319115	-1380
10.8837249279	-1420
10.8837649822	-1340
10.8839409351	-1420
10.883961916	-201
10.8855888844	-1420
10.8856289387	-1420
10.8856317997	-1300
10.8861629963	-1420
10.886166811	-1420
10.8862218857	-1300
10.8862249851	-1380
10.8871569633	-1380
10.8873238564	-1380
10.8876760006	-1420
10.8876798153	-1340
10.8877978325	-1380
10.8890039921	-1420
10.8890287876	-1340
10.8890318871	-1380
10.8891179562	-1420
10.8891208172	-1340
10.8892278671	-1380
10.8892729282	543
10.8901779652	-1380
10.8906848431	-1420
10.8907289505	-1340
10.8913788795	-1420
10.8914239407	-1420
10.8914268017	-1300
10.8915328979	543
10.8918569088	-1380
10.8919668198	-1420
10.8920090199	-1340
10.8925468922	-1420
10.8926048279	-1340
10.8926320076	-1380
10.8928568363	-1380
10.8933548927	-1420
10.8933858871	-1340
10.898555994	543
10.9243760109	-1420
10.9243907928	-1420
10.9244449139	-1300
10.9244480133	-1380
10.9246709347	-1420
10.9246737957	-1340
10.9248378277	-1420
10.9248409271	-1340
10.9249088764	-1420
10.9249119759	-1340
10.9260799885	-1420
10.9260849953	-1340
10.9300589561	1460
10.9301109314	1139
10.946254015	-1420
10.9462687969	-1420
10.9463858604	-1300
10.9463889599	-1420
10.9464268684	-1340
10.9464290142	-1380
10.952742815	-1420
10.9527490139	-1340
10.9761078358	-1380
10.9762539864	543
10.9769330025	-1380
10.9945099354	-1420
10.9945459366	-1340
11.0012857914	-1200
11.0250368118	-1420
11.0250530243	-1340
11.0260159969	-1380
11.0262289047	-1420
11.0262629986	-1340
11.0263149738	-1380
11.0332949162	-1380
11.0334148407	543
11.0335919857	543
11.0348470211	543
11.0350220203	1057
11.1424028873	-1337
11.157006979	543
11.157269001	543
11.157959938	-1380
11.1581258774	-1380
11.1588048935	-1420
11.158810854	-1420
11.158851862	-1300
11.1602728367	-1420
11.1603279114	-1420
11.1603319645	-1300
11.1603739262	-1380
11.160823822	-1420
11.160848856	-1340
11.2104179859	-1420
11.2104258537	-1420
11.2104718685	-1300
11.210474968	-1380
11.2368249893	-1420
11.2368369102	-1340
11.2381868362	-1420
11.2381908894	-1420
11.2382309437	-1300
11.2390589714	-1420
11.2390987873	-1340
11.2391018867	-1380
11.2396848202	-1420
11.2396888733	-1340
11.2403299809	-1420
11.2403399944	-1340
11.2410027981	-1420
11.2410068512	-1420
11.2410449982	-1300
11.2420859337	-1420
11.242125988	-1420
11.242128849	-1300
11.2426178455	-1420
11.2426218987	-1420
11.2426609993	-1300
11.2432479858	-1380
11.2443318367	-1420
11.2443358898	-1420
11.2443749905	-1300
11.244604826	543
11.2448368073	543
11.2457149029	-1420
11.2457208633	-1340
11.2459168434	-1380
11.2460198402	543
11.247387886	-1420
11.2473938465	-1340
11.2479169369	-1380
11.2486128807	-1420
11.248639822	-1340
11.2486429214	-1380
11.2500598431	-1420
11.2500658035	-1420
11.2501068115	-1300
11.251199007	-1420
11.251240015	-1340
11.2513449192	-1380
11.2519199848	-1420
11.2519249916	-1420
11.2519538403	-1300
11.2523179054	-1420
11.2523579597	-1420
11.2523598671	-1300
11.2536489964	-1420
11.2536528111	-1420
11.253718853	-1300
11.2542469501	-1420
11.2542688847	-1340
11.2545897961	-1380
11.2548248768	543
11.255412817	-1420
11.2554190159	-1420
11.2554588318	-1300
11.2555398941	543
11.2568759918	-1420
11.2568819523	-1340
11.2570970058	543
11.2572059631	-1380
11.2620649338	-1420
11.2621109486	-1420
11.2621138096	-1300
11.2752888203	-398
11.2871308327	-1380
11.2880158424	-1380
11.3349528313	-1380
11.3358538151	-1420
11.3358848095	-1340
11.3375198841	-1420
11.3375248909	-1340
11.3375749588	-1420
11.3375768661	-1340
11.3390259743	-1420
11.339029789	-1420
11.3390638828	-1300
11.3390669823	-1420
11.3390908241	-1420
11.3390958309	-1300
11.3439679146	-1420
11.3439769745	-1420
11.3440239429	-1300
11.3745429516	-1420
11.3745589256	-1420
11.3746240139	-1300
11.39325881	-1380
11.3940470219	-1380
11.4044539928	-1164
11.4166579247	-1380
11.4540100098	-1380
11.4860329628	543
11.4987239838	543
11.5114369392	-1380
11.5339767933	-660
11.5887379646	-1380
11.5905239582	-1420
11.5905749798	-1420
11.5905787945	-1300
11.5912868977	-1420
11.5912909508	-1420
11.591354847	-1300
11.5919439793	-1420
11.5919859409	-1420
11.591988802	-1300
11.5922138691	543
11.5923600197	-1420
11.5923609734	-1420
11.5924007893	-1300
11.5939137936	-1420
11.5939688683	-1420
11.5939719677	-1300
11.5940089226	-1380
11.5940108299	-1380
11.5944399834	-1420
11.5944437981	-1340
11.5944859982	-1380
11.595250845	-1420
11.5952908993	-1340
11.5955460072	-1380
11.5961508751	-1420
11.5961549282	-1340
11.5964939594	-1420
11.5964968204	-1340
11.5965750217	-1380
11.5971679688	-1420
11.5972108841	-1420
11.5972139835	-1300
11.6327710152	-1420
11.6327848434	-1420
11.6328380108	-1300
11.6399748325	-1380
11.6943349838	-1359
11.7085459232	543
11.7112958431	543
11.71189785	543
11.7121019363	543
11.7462189198	-1420
11.7462308407	-1420
11.7462890148	-1300
11.7477118969	-1420
11.7478158474	-1340
11.7478189468	-1380
11.7478678226	-1420
11.7478709221	-1340
11.7480700016	543
11.7483208179	-1380
11.7796378136	-1420
11.7796828747	-1340
11.7805349827	-1380
11.8054759502	543
11.8057289124	543
11.8117418289	-663
11.8846409321	1057
11.8852548599	543
11.8854849339	1460
11.8855309486	1139
11.9322078228	-1420
11.9322209358	-151
11.9894118309	-1420
11.9894299507	-1420
11.9894988537	-1300
11.9899568558	-1420
11.9899628162	-1340
11.9904220104	-1380
11.9985809326	543
12.0296800137	1057
12.0372629166	-1420
12.037268877	-1340
12.0382459164	-1380
12.0496029854	-633
12.0560278893	543
12.1297309399	-1420
12.1297488213	-1340
12.1669828892	-867
12.1825788021	-1380
12.1897168159	1460
12.1898038387	111
12.1987569332	543
12.2382059097	-1380
12.2841389179	-411
12.3031640053	-1420
12.3031828403	-1340
12.303814888	-1420
12.3038189411	-1340
12.3038709164	-1380
12.3309338093	-1420
12.330945015	-1340
12.4016888142	-736
12.403637886	543
12.5210609436	-543
12.5468819141	-1420
12.546931982	-1420
12.5469398499	-1300
12.5472738743	-1420
12.5472788811	-1340
12.5481219292	-1380
12.548555851	-1420
12.5485839844	-1340
12.548874855	-1380
12.5489878654	543
12.5921058655	-1380
12.6044778824	-1420
12.6045429707	-1340
12.6414868832	-1420
12.6415598392	-1420
12.641564846	-1300
12.6627190113	-1380
12.6639509201	-826
12.6649827957	1057
12.6680238247	1057
12.7020058632	-1420
12.7020218372	-1340
12.7031009197	543
12.7060790062	-1380
12.7185947895	543
12.7190699577	543
12.7192709446	543
12.7491109371	543
12.749382019	543
12.7728538513	-1380
12.774078846	-1420
12.7741339207	-1340
12.7743959427	-1420
12.7744259834	-1420
12.7744297981	-1300
12.7746508121	-1420
12.7746558189	-1420
12.7746789455	-1300
12.781332016	-1148
12.7815239429	543
12.7818748951	543
12.7820518017	543
12.7822790146	543
12.7827079296	543
12.7829148769	1057
12.7890667915	-1380
12.8023219109	543
12.8025958538	543
12.8394808769	543
12.8397908211	543
12.8400478363	543
12.8402409554	543
12.8716659546	543
12.8786280155	543
12.8996319771	-705
12.9411809444	-1420
12.9411969185	-1340
12.9418690205	-1420
12.9418749809	-1420
12.9419009686	-1300
12.9423279762	-1420
12.9423558712	-1340
12.9424319267	-1380
12.9579977989	543
12.9593579769	-1420
12.9593629837	-1420
12.9594259262	-1300
12.9595239162	543
12.9619748592	-1380
12.9623908997	-1420
12.9624199867	-1340
12.9641499519	-1420
12.9642019272	-1420
12.9642059803	-1300
12.9646589756	-1420
12.9646649361	-1420
12.9646949768	-1300
12.9647729397	543
12.992718935	-1420
12.9927330017	-1420
12.9928019047	-1300
13.0168688297	-563
13.0267429352	543
13.0431559086	-1420
13.0431628227	-1340
13.0436019897	-1380
13.0689878464	543
13.0692539215	543
13.1606018543	-1116
13.171448946	543
13.1757159233	543
13.186029911	543
13.186508894	543
13.1919369698	-1420
13.1919519901	-1340
13.2085897923	-1380
13.2612478733	-1380
13.2824299335	543
13.2827239037	1460
13.2827959061	111
13.3039288521	-793
13.4434969425	-1380
13.4605219364	-1420
13.4605739117	-1340
13.4613358974	-1420
13.4613859653	-1420
13.4613888264	-1300
13.4803268909	1057
13.4866268635	-60
13.4952759743	-1380
13.5456240177	-1380
13.595323801	-1420
13.5953319073	-1340
13.6041629314	-1249
13.6295218468	-1420
13.6295368671	-1340
13.6297938824	-1380
13.6885309219	-1420
13.688546896	-1340
13.7210359573	-1420
13.7210528851	-1340
13.7211019993	-1420
13.721105814	-1340
13.7212188244	-1380
13.7215759754	-737
13.7225580215	-1420
13.722563982	-1420
13.722591877	-1300
13.7233278751	-1420
13.7233338356	-1420
13.7233829498	-1300
13.7235338688	-1420
13.7235598564	-1340
13.7244708538	543
13.7340447903	543
13.7652587891	-1380
13.765791893	-1420
13.7658319473	-1340
13.766261816	-1420
13.7663049698	-1420
13.7663078308	-1300
13.7714169025	-1420
13.771422863	-1340
13.771586895	543
13.8390829563	-1340
13.9274280071	-1380
13.9413409233	543
13.979074955	543
13.9793348312	543
13.9958178997	-734
14.02161479	543
14.3902978897	-1057
14.3906857967	-1380
14.3915059566	-1380
14.3924238682	-1420
14.3924629688	-1340
14.3926308155	543
14.3932499886	-1380
14.4480998516	-1420
14.4481639862	-1340
14.5082468987	-1279
14.5126538277	543
14.5797479153	-1420
14.5797638893	-1340
14.6257519722	-382
14.6414859295	543
14.643930912	543
14.7829298973	-543
14.9814319611	-1057
14.9817559719	-1420
14.9817988873	-1340
14.9826779366	-1380
15.0361218452	-1420
15.0361378193	-1420
15.036192894	-1300
15.0587170124	-1380
15.0588998795	543
15.0859799385	-1420
15.0859928131	-1340
15.0987668037	-575
15.258854866	-543
15.3045198917	-1380
15.3762228489	-191
15.493462801	-543
15.5024847984	543
15.6107900143	-543
15.6186590195	543
15.6250779629	1057
15.7376749516	-543
15.7494709492	543
15.7498660088	1057
16.2539229393	-543
16.2868208885	543
16.2870869637	1460
16.2871417999	111
16.484967947	-543
16.7811398506	-1420
16.7812049389	-1420
16.7812519073	-273
16.7907090187	543
16.8330647945	543
16.8333809376	543
16.8336238861	543
16.8338479996	1057
16.8765428066	-1380
16.8981478214	-191
16.909250021	543
16.9095168114	543
16.9234888554	543
16.9287929535	1057
16.9290399551	543
16.9292228222	1057
16.9688429832	1057
17.0155408382	-1057
17.1608679295	-543
17.2810668945	-1420
17.2810819149	-1420
17.2811369896	-1300
17.2818717957	-1380
17.2821068764	-1420
17.2821109295	-1340
17.2823958397	-1420
17.2823989391	-1420
17.2824180126	-1300
17.2904348373	-1420
17.2904398441	-1340
17.3199789524	-957
17.3318088055	-1420
17.3318150043	-1340
17.3320329189	-1380
17.3328528404	-1420
17.3328750134	-1420
17.3328769207	-1300
17.3342850208	-1420
17.3342888355	-1340
17.3346319199	-1380
17.3352808952	-1420
17.3353028297	-1340
17.3353669643	-1380
17.3359899521	-1420
17.3359940052	-1420
17.3360128403	-1300
17.3380730152	-1380
17.3408358097	543
17.3429369926	-1420
17.3429439068	-1340
17.3429689407	-1380
17.3439188004	-1420
17.3439629078	-1340
17.3440449238	-1380
17.3830919266	-1420
17.3831110001	-1340
17.3834209442	-1420
17.3834238052	-1420
17.3834428787	-1300
17.384362936	1057
17.4373748302	-212
17.52952981	543
17.5297689438	543
17.6029658318	-543
17.7201290131	-543
17.8068590164	-1420
17.8068759441	-1340
17.856607914	-1380
17.8770618439	-544
18.0930609703	-1420
18.0931348801	-1420
18.0931818485	-787
18.1443378925	-1380
18.2103798389	-220
18.2135989666	543
18.2208487988	1057
18.48898983	-543
18.49218297	543
18.4924328327	1057
18.7450778484	-543
18.8040158749	543
19.0381238461	-1420
19.0381729603	-151
19.0756289959	543
19.0759179592	543
19.1553869247	-543
19.3127570152	-543
19.3133540154	543
19.3135578632	1460
19.3136239052	111
19.5560798645	-1057
19.7489798069	543
19.792757988	-543
19.9101009369	-543
20.0670177937	-1057
20.2639038563	-543
21.382557869	-543
22.298830986	543
22.2990748882	1460
22.2991199493	111
22.4876329899	-1057
22.6099770069	-1420
22.6100440025	-1420
22.6100809574	-787
22.6538238525	543
22.6540668011	543
22.6600170135	-1380
22.7271509171	-705
22.7347779274	543
22.7349967957	543
22.7527070045	1057
22.7528038025	1460
22.7528657913	625
22.8445308208	-543
22.8698809147	-1380
22.9871609211	-705
23.0458579063	-1420
23.0459518433	-1420
23.0459918976	-1300
23.0460259914	-1420
23.0460288525	-1420
23.0460619926	-1300
23.086673975	-1380
23.163161993	-794
23.2061769962	543
23.2064518929	543
23.21763587	-1420
23.217648983	-1340
23.2190449238	-1380
23.2802488804	-30
23.2914907932	543
23.2917268276	1057
23.580960989	-543
23.6553828716	-1057
23.6568408012	1460
23.6569159031	1460
23.6569678783	193
23.6575319767	1460
23.6575939655	1460
23.657656908	707
23.6672358513	-1420
23.667249918	-1316
23.6694309711	-1420
23.6694779396	-1340
23.6842858791	-1420
23.6843008995	-1420
23.6843550205	-1420
23.6843588352	-1212
23.6843929291	-1368
23.6899638176	-335
23.7204887867	-1380
23.7206039429	-1380
23.723512888	543
23.7248158455	1057
23.760229826	-1420
23.7602479458	-665
23.7869718075	-1220
23.7944979668	-543
23.9084508419	-1420
23.9085187912	-665
23.9757158756	-1420
23.9757688046	-1179
23.9868388176	-1368
23.9948298931	-1420
23.9948849678	-1316
24.0100579262	-66
24.019482851	-1368
24.0392818451	-1368
24.0455379486	-406
24.0523538589	-1420
24.0523679256	-1316
24.0679550171	-1368
24.069824934	-1368
24.0737588406	-1368
24.0756897926	-1420
24.0756978989	-1316
24.0784299374	-1420
24.0784449577	-1420
24.07848382	-1264
24.0797858238	-372
24.0895528793	-1368
24.0906000137	-1420
24.0906050205	-1420
24.0906260014	-1264
24.098553896	-1420
24.0985608101	-1316
24.1057488918	-1368
24.1059169769	-1420
24.1059188843	-1316
24.1147148609	-140
24.114866972	543
24.1309478283	-1420
24.130961895	-1316
24.1492438316	-920
24.1493868828	543
24.3228549957	-1420
24.3228709698	-1420
24.3229339123	-787
24.359046936	-1420
24.3591148853	-1420
24.3591189384	-787
24.3610918522	-1420
24.361096859	-1420
24.3611388206	-1264
24.3626749516	-1420
24.3626999855	-1420
24.3627028465	-1264
24.3933758736	-1218
24.4148209095	-1420
24.4148960114	-1316
24.4276969433	-377
24.4278578758	543
24.4333128929	-1368
24.4334869385	-1368
24.4619998932	-377
24.5107829571	-1420
24.5107998848	-1316
24.5121808052	-1420
24.512185812	-1420
24.5122258663	-1264
24.5136618614	-1420
24.5136678219	-1316
24.5361609459	-277
24.5582108498	-1368
24.559705019	-1420
24.5597109795	-1420
24.5597569942	-1264
24.5607609749	-1420
24.5608069897	-1316
24.5610888004	-1420
24.5611319542	-1420
24.5611679554	-1264
24.5623559952	-1368
24.5624608994	543
24.56295681	-1368
24.5705659389	-1089
24.7028889656	-1420
24.702906847	-1420
24.7029709816	-273
24.7031040192	543
24.8661909103	1057
25.1498379707	-1420
25.1498558521	-151
25.1516158581	-1420
25.1516218185	-1316
25.1843400002	-891
25.1947119236	-1368
25.1951868534	-1420
25.1951928139	-1420
25.1952338219	-1264
25.2291409969	-754
25.2602598667	-1420
25.2602779865	-1316
25.286438942	543
25.2947130203	-891
25.2957999706	1460
25.2958669662	111
26.0625579357	-543
26.259059906	-1057
27.5707988739	-543
27.8665788174	1057
28.0718410015	-1420
28.0719199181	-1420
28.0719599724	-787
28.1067168713	-1057
28.1068878174	543
28.1104688644	-1420
28.1104748249	-1316
28.1109018326	-1420
28.1109068394	-1420
28.1109449863	-1264
28.1411478519	-957
28.181622982	-1420
28.1816399097	-1420
28.1817018986	-1420
28.1817059517	-1212
28.2161898613	-1268
28.2817850113	543
28.2944369316	1460
28.2944998741	111
28.5686049461	-543
28.670072794	-543
28.6850898266	-1380
28.6857998371	-220
28.877300024	-1057
30.3530778885	-543
30.8222289085	-1420
30.8222949505	-665
32.2586679459	543
32.2659189701	1460
32.2659900188	111
32.2669668198	543
32.2672109604	543
32.6801559925	-543
32.7862899303	543
32.8052258492	-1420
32.8052809238	-1420
32.8053269386	-787
32.8139238358	1460
32.814000845	111
32.8256788254	-1420
32.8256897926	-1316
32.8396120071	-891
32.8463718891	-1420
32.846424818	-1420
32.8464288712	-1264
32.8807308674	-66
32.9241368771	-1420
32.9241678715	-1316
32.924300909	-1420
32.9243388176	-1316
32.9244849682	543
32.9551768303	-1297
33.0402629375	543
33.0405418873	1460
33.0405888557	111
33.1894710064	-543
33.2995707989	-543
33.4471669197	-1057
33.5976438522	-1420
33.5977098942	-1420
33.5977489948	-273
33.7079548836	-1420
33.7079999447	-151
33.9162838459	-543
33.9250478745	543
33.9252958298	1057
34.0259339809	-543
34.296432972	543
34.3171789646	1460
34.317250967	111
34.4268829823	-1368
34.4270439148	-1420
34.4270927906	-325
34.591988802	-1420
34.5920548439	-1420
34.5920917988	-273
34.6262328625	-543
34.7509388924	-543
34.7883768082	-543
34.7921388149	-543
34.7924258709	543
34.7926208973	543
34.8617668152	-1057
35.0109848976	-1057
35.7486469746	543
35.7487528324	543
36.0946209431	-1057
36.1404337883	543
36.1530768871	1057
36.1798968315	1057
36.2290399075	543
36.2293729782	1057
36.2296328545	543
36.2298638821	1460
36.2299079895	111
36.3230409622	543
36.323392868	543
36.3290429115	543
36.3293459415	543
36.329543829	-543
36.3390748501	-543
36.4747829437	-543
36.5127689838	-1420
36.5128278732	-1316
36.5128509998	-891
36.584831953	-1420
36.5848798752	-665
36.5949018002	1057
36.595459938	543
36.6101269722	-1368
36.6106028557	-1368
36.6192479134	-920
36.6682159901	-1420
36.6682620049	-151
36.6808760166	-1420
36.6809248924	-1316
36.6815948486	-1420
36.6816380024	-1316
36.7026069164	-1297
36.753857851	-1420
36.7539207935	-1316
36.7540109158	-1368
36.7623448372	-1368
36.7625229359	-1420
36.7625629902	-1316
36.7627229691	543
36.7628448009	-1368
36.7635757923	543
36.7638058662	543
36.7770009041	-849
36.8099019527	-1368
36.8163738251	-1420
36.8163888454	-1316
36.8236048222	-1420
36.823611021	-1316
36.8463199139	-957
36.8536939621	543
36.8978729248	-1420
36.8978908062	-151
36.8983008862	543
36.9000740051	-1420
36.9000790119	-1316
36.9013128281	-1368
36.9020318985	-1420
36.9020719528	-1420
36.9020738602	-1264
36.9070339203	-1368
36.9072008133	543
36.9254658222	-1420
36.9254829884	-1420
36.925536871	-1264
36.9282119274	-1420
36.9282557964	-1420
36.9282588959	-1264
36.9322500229	-952
36.9388129711	-1420
36.9388608932	-1316
36.9391758442	-1420
36.9392068386	-1420
36.939209938	-1264
36.940887928	-1368
36.9414420128	-1420
36.9414458275	-1316
36.9423909187	-1420
36.9423949718	-1420
36.9423959255	-1264
36.9470808506	543
36.9672648907	-1420
36.9672789574	-1420
36.9673409462	-1264
36.9741678238	-1155
36.9922749996	543
36.9983599186	-1368
36.9991128445	1057
37.0089797974	-1231
37.0434648991	-543
37.0480759144	-1368
37.0682909489	-1420
37.0683319569	-1316
37.0831618309	-1123
37.1567909718	-1368
37.157132864	-1260
37.2684559822	-1420
37.2684848309	-151
37.2687118053	543
37.2846028805	-543
37.3028409481	-543
37.3039648533	1057
37.3786180019	-1057
37.3790299892	543
37.4603989124	-543
37.5241189003	-543
37.605014801	-543
37.6584298611	-1420
37.6584429741	-1420
37.6585109234	-1264
37.6626698971	-1420
37.6627128124	-151
37.6790728569	-638
37.6891088486	543
37.8986349106	-543
38.3885610104	-1420
38.3886358738	-1420
38.3886859417	-787
38.3891079426	543
38.7143149376	-543
38.9068939686	-1057
38.9070718288	543
38.9096999168	-1420
38.909706831	-1340
38.9615159035	-1420
38.9615418911	-1340
38.9618368149	543
39.0240418911	-192
39.2098228931	1057
39.2221999168	-1420
39.2222509384	-1179
39.5688688755	-1420
39.5689539909	-1420
39.5689938068	-787
39.5817439556	-1420
39.5818109512	-1316
39.6031928062	-1420
39.6032629013	-1420
39.6033029556	-1420
39.6033418179	-801
39.682518959	-1420
39.6825950146	-1420
39.6826360226	-787
39.6826758385	-1368
39.6827127934	-1420
39.6827509403	-1420
39.6827869415	-1264
39.6828258038	-1368
39.6828320026	-1420
39.6828358173	-1316
39.6828379631	-1368
39.6831429005	543
39.6921019554	-1420
39.6921169758	-1420
39.6921749115	-1420
39.6921799183	-1212
39.6922168732	-1420
39.69222188	-1316
39.7135829926	-1368
39.7169728279	-1420
39.7170410156	-1316
39.7170479298	-1420
39.7170858383	-1420
39.7170908451	-1420
39.7171268463	-103
39.717509985	543
39.7933049202	-1420
39.7933218479	-1420
39.793435812	-787
39.7934429646	-1420
39.7935698032	-1420
39.7935779095	-1264
39.7936639786	-1368
39.793845892	543
39.8279118538	-783
40.6518819332	-543
41.2725329399	-543
41.389729023	-543
41.5071089268	-543
42.2087349892	1057
42.2989969254	543
42.5463359356	-1420
42.5464048386	-1420
42.5464558601	-787
42.5857110023	-1420
42.5857679844	-1420
42.5857908726	-787
42.5871639252	-1420
42.5872027874	-1420
42.5872249603	-1264
42.6199429035	-66
42.6560587883	-1420
42.6560969353	-1420
42.6561188698	-787
42.6562359333	543
42.6570379734	-1420
42.6570539474	-1316
42.6571118832	-1368
42.6576888561	-670
