0	543
0.214679956436	543
0.216552019119	-543
0.216689825058	543
0.276897907257	-543
1.41022896767	-543
1.43364691734	-1420
1.43370580673	-1176
1.43941879272	-1420
1.43946790695	-1420
1.43947100639	-1054
1.45181798935	-1420
1.45183300972	-1420
1.45189094543	-1054
1.45811986923	-1298
1.46912384033	543
1.58262681961	-1420
1.58264398575	-1420
1.58270692825	-1420
1.58270978928	-932
1.58800792694	-1420
1.58802294731	-1420
1.58807682991	-1054
1.58807897568	-1298
1.60053396225	-1420
1.60054683685	-1420
1.60060191154	-1420
1.60060381889	-932
1.60090994835	543
1.61816287041	-1420
1.61817979813	-1176
1.67500090599	543
1.73176598549	-1420
1.73179292679	-1420
1.73185300827	-1054
1.73185586929	-1298
1.73366189003	543
1.73662686348	-1420
1.73664498329	-1176
1.73682999611	-1298
1.73683381081	-1298
1.74907684326	-1420
1.74909591675	-1420
1.74915599823	-1054
1.74915981293	-1298
1.74919891357	-1420
1.74920296669	-1176
1.76686692238	-1420
1.76689791679	-1420
1.76695895195	-1054
1.76696181297	-1298
1.77473187447	543
1.77676796913	543
1.77706980705	543
1.77735900879	543
1.77770280838	543
1.77803897858	543
1.88039278984	-1420
1.88041090965	-1420
1.88046598434	-1420
1.88046884537	-932
1.88522982597	-1420
1.88528585434	-1420
1.88534188271	-1054
1.88534379005	-1298
1.88542795181	-1420
1.88543081284	-1176
1.89772701263	-1420
1.89774799347	-1420
1.89780402184	-1420
1.89780688286	-932
1.89790797234	-1420
1.89790987968	-1420
1.8979549408	-1054
1.91569185257	-1298
1.91575193405	-1420
1.91575598717	-229
1.91591191292	543
1.95676589012	-543
2.0158059597	-1420
2.01582193375	-1420
2.01587986946	-1054
2.02019286156	-1420
2.02023482323	-1176
2.02470684052	543
2.02899384499	-1298
2.03497099876	543
2.03547883034	543
2.03578495979	543
2.03642582893	-1420
2.03643083572	-1420
2.03647089005	-1054
2.03654384613	543
2.03701591492	-1420
2.03702878952	-1420
2.03707194328	-1054
2.04044699669	-1420
2.04048895836	-1176
2.04049181938	-1420
2.04052996635	-1176
2.05120301247	-1420
2.05124998093	-1176
2.05180191994	-1298
2.05558586121	543
2.06454181671	-901
2.07085180283	-1420
2.07090592384	-1176
2.21346092224	-546
2.21372294426	543
2.31040382385	-1298
2.31061887741	-1420
2.31068396568	-1420
2.31068682671	-1054
2.31172895432	-1420
2.31173300743	-1420
2.3117609024	-1054
2.31248998642	-1298
2.31454896927	-1420
2.31455278397	-1420
2.31460189819	-1054
2.3152859211	-1420
2.3153488636	-1420
2.31535291672	-1054
2.31614589691	-1420
2.3161509037	-1420
2.31620383263	-1054
2.31780385971	-1420
2.31784892082	-1176
2.32406497002	-1420
2.32410979271	-1420
2.32411289215	-1054
2.33467102051	543
2.33857679367	-1420
2.33858299255	-1176
2.36248087883	-695
2.3746919632	543
2.51125478745	-1086
2.51146793365	543
2.51161384583	543
2.58263897896	-1420
2.582654953	-1420
2.58270978928	-1054
2.5897359848	-1420
2.58978891373	-1176
2.58995985985	543
2.6028149128	-1298
2.62253689766	-1298
2.63206100464	-1420
2.63207101822	-1176
2.64497995377	543
2.64536380768	1460
2.64541983604	1460
2.64546585083	1161
2.6455719471	89
2.64604282379	543
2.64636588097	543
2.64678692818	543
2.64711999893	543
2.64749193192	543
2.65987682343	-915
2.73512983322	543
2.76983499527	543
2.79189991951	543
2.81475996971	543
2.83467698097	543
2.83512187004	543
2.85482192039	543
2.85523700714	543
2.87486600876	543
3.13375592232	-543
3.14365100861	-1298
3.16521692276	-1420
3.16530680656	-1420
3.16535687447	-1054
3.19470000267	-1298
3.22326898575	-1298
3.24507284164	543
3.24549198151	543
3.24762892723	-1420
3.24763393402	-1176
3.25307893753	-1420
3.25308299065	-1420
3.25312495232	-1054
3.25326085091	-1298
3.25363397598	-1420
3.25363779068	-1420
3.25367593765	-1054
3.26996994019	543
3.29211187363	-410
3.30474591255	-1298
3.30493688583	543
3.30746889114	1460
3.30752086639	625
3.3138449192	-1298
3.32080578804	-1420
3.32085084915	-1176
3.32268095016	-1420
3.32272291183	-1176
3.33270287514	-1298
3.37190890312	-1420
3.37192583084	-1176
3.3734858036	-1298
3.38848781586	543
3.39627790451	-1420
3.39628386497	-1420
3.39631891251	-1054
3.40198397636	-1420
3.40203499794	-1420
3.40203881264	-1420
3.40208292007	-932
3.40219283104	-1420
3.40225481987	-1176
3.40225791931	-1420
3.40230488777	-1176
3.40254688263	543
3.40270400047	543
3.40285491943	543
3.40298485756	543
3.40316796303	543
3.40330696106	543
3.40561795235	1460
3.40567183495	1460
3.40571880341	1161
3.40584397316	89
3.40777683258	-1298
3.40793895721	1460
3.4079887867	1460
3.40803599358	1161
3.40811181068	89
3.40860795975	1460
3.40865588188	1460
3.40870189667	1161
3.40876483917	89
3.40941381454	1057
3.4534239769	-1420
3.45344686508	-1420
3.45348286629	-1054
3.46950984001	-1420
3.46955895424	-1420
3.46956300735	-1054
3.46958398819	-1298
3.47147393227	-1420
3.47151899338	-1176
3.47653698921	543
3.47710394859	543
3.52066493034	-1420
3.52068090439	-933
3.52098894119	543
3.52112793922	543
3.52198791504	543
3.52254080772	543
3.53290081024	-1420
3.53291082382	-1176
3.53309893608	543
3.53430581093	-1298
3.5376098156	-1420
3.53766798973	-1176
3.54513788223	-1298
3.54682779312	-1420
3.54683279991	-1420
3.546875	-1054
3.55059099197	-1298
3.55117297173	-1420
3.55117678642	-1176
3.55464196205	543
3.562458992	-1298
3.56417584419	-1298
3.58038496971	-1420
3.58039999008	-1420
3.58044600487	-1054
3.58061099052	543
3.58540487289	-1298
3.58548498154	-1420
3.58552598953	-1176
3.5921049118	-1420
3.59216880798	-1176
3.60208582878	-1298
3.60317993164	-1420
3.60318589211	-1176
3.60334300995	543
3.61799097061	-1298
3.66945695877	-184
3.81803178787	-543
3.8208489418	543
3.83270096779	-1420
3.83271884918	-1176
3.8363339901	-1420
3.83635497093	-1176
3.83644390106	-1298
3.8395678997	-1298
3.83974289894	-1420
3.83974695206	-1176
3.83983588219	543
3.84300780296	-1420
3.84301400185	-1176
3.8467669487	-1298
3.8506758213	-1420
3.85072088242	-1420
3.85072398186	-1054
3.85160279274	-1420
3.85160779953	-1420
3.85165286064	-1054
3.85749793053	-1420
3.85754585266	-1420
3.8575489521	-1054
3.85842990875	543
3.86543679237	-1298
3.86554980278	-1298
3.86877179146	-1420
3.86877584457	-1176
3.88412189484	-1420
3.88415288925	-1420
3.88421988487	-1054
3.88422298431	-1298
3.92196798325	-1420
3.92198395729	-1176
3.92203879356	-1298
3.92227482796	543
3.93226695061	-1420
3.9322810173	-1176
3.94189190865	-1298
3.94616293907	-1420
3.94622993469	-1176
3.95851302147	-1420
3.95857596397	-1176
3.98183178902	-1420
3.98190593719	-1420
3.98190999031	-1054
3.98195695877	-1298
3.98240280151	543
3.98277592659	543
3.98324799538	543
3.98359298706	543
3.98392391205	543
3.98567390442	-1420
3.98567891121	-1176
3.98768591881	-1298
3.98828887939	-1420
3.98832988739	-1420
3.98833298683	-1054
3.98837780952	-1420
3.99019980431	-1176
3.99023199081	-1298
3.99088191986	543
3.99101281166	1057
3.99170184135	-1297
3.99322199821	-1420
3.99326992035	-1176
3.99945998192	-1420
3.99950885773	-1420
3.99951291084	-1054
3.99954986572	-1298
3.99999690056	-1298
4.00050997734	-1420
4.00051283836	-1176
4.00482201576	-1298
4.00795102119	-1420
4.00801301003	-1176
4.00801587105	-1298
4.01252794266	-1298
4.01441383362	-1298
4.02166199684	-1298
4.02463984489	-1298
4.02483081818	-1298
4.03485989571	-1420
4.03490400314	-1176
4.0437078476	-1298
4.04746699333	-1420
4.0474729538	-1176
4.04818701744	-1298
4.05013394356	-1420
4.05016684532	-1176
4.05979990959	-1298
4.0841319561	-1298
4.08414697647	-1298
4.11358880997	-1298
4.11383795738	-1420
4.11389493942	-1176
4.12133383751	-1420
4.12137579918	-1420
4.12137889862	-1054
4.12150001526	543
4.12725901604	-1420
4.1272649765	-1176
4.13586592674	-1298
4.1375579834	-1420
4.13759279251	-1176
4.1417889595	-951
4.1486389637	-1420
4.14864492416	-1176
4.1533229351	-1420
4.15332794189	-1420
4.15336894989	-1054
4.15358281136	543
4.1538028717	1460
4.15384697914	625
4.15702295303	-1420
4.15702795982	-1420
4.15704894066	-1054
4.15796995163	-1420
4.15800690651	-1176
4.15809082985	-1298
4.16469597816	-1298
4.16870880127	-1298
4.16958999634	-1298
4.18432497978	-1298
4.19268679619	-1298
4.19276285172	-1298
4.19587492943	-1420
4.19588088989	-1176
4.19933485985	-1420
4.19933986664	-1420
4.19938397408	-1054
4.19945788383	-1298
4.19970989227	543
4.19995689392	1460
4.20000290871	625
4.20360088348	-1298
4.20364189148	-1298
4.20401883125	-1298
4.20961785316	-1420
4.2096619606	-1420
4.20966482162	-1054
4.21299290657	-1420
4.21300697327	-1176
4.21306991577	-1298
4.21926689148	-1420
4.21931385994	-1176
4.21939396858	1057
4.21964788437	-1298
4.22308778763	-1298
4.22352194786	-1420
4.22352600098	-1420
4.22356700897	-1054
4.22720193863	-1420
4.22725391388	-1176
4.22754096985	-1298
4.23434281349	-1298
4.24146986008	-1420
4.24151682854	-1420
4.24152088165	-1054
4.24213600159	-1420
4.24213981628	-1420
4.24217987061	-1054
4.27048683167	-1420
4.27053189278	-1420
4.27053594589	-1054
4.27319192886	-1420
4.27319788933	-1176
4.28332495689	-1420
4.28333091736	-1420
4.2833738327	-1054
4.28352284431	543
4.29144096375	-1420
4.29144597054	-1420
4.29148578644	-1054
4.29477095604	-1420
4.29481887817	-1176
4.29491782188	-1298
4.29729580879	-772
4.29736685753	543
4.30303883553	-1420
4.30304288864	-1176
4.30363988876	-1298
4.31472182274	543
4.31940984726	-1420
4.31941485405	-1176
4.33168888092	-1420
4.33169579506	-1176
4.33637094498	-1298
4.34089589119	-1420
4.34095287323	-1176
4.34718298912	-1298
4.34730887413	543
4.35749292374	-1420
4.35749983788	-1176
4.36181783676	-1298
4.3676738739	-1420
4.36774587631	-1176
4.37096095085	-1420
4.37102389336	-1176
4.37984800339	-1420
4.37992095947	-1176
4.37992501259	-1298
4.38288998604	-1420
4.38289690018	-1176
4.38998198509	-1420
4.38998794556	-1176
4.39503479004	-1298
4.39650392532	-1420
4.39653801918	-1176
4.40085482597	-1420
4.40089583397	-1420
4.40089893341	-1054
4.40168094635	-1298
4.40257787704	-1420
4.40262293816	-1176
4.40528082848	-1298
4.40539693832	543
4.40579080582	-1420
4.40579581261	-1176
4.40614390373	-1298
4.41128087044	-1298
4.41445589066	-1420
4.41445994377	-1176
4.4172308445	-1420
4.41724181175	-1176
4.41742396355	-1298
4.42050290108	-1298
4.42069196701	543
4.42364287376	-1420
4.42364883423	-1176
4.42848491669	-1420
4.42849683762	-1176
4.42941880226	-1298
4.43018484116	-1298
4.43159580231	-1298
4.43347096443	-1420
4.4335129261	-1176
4.43368291855	543
4.44002199173	-1420
4.44002795219	-1420
4.44006991386	-1054
4.44165897369	-1420
4.44171690941	-1420
4.44172000885	-1054
4.44594693184	-894
4.44660186768	543
4.45033288002	-1298
4.45511698723	-1298
4.45753693581	-1420
4.4575419426	-1176
4.4601919651	-1420
4.46019601822	-1420
4.46023988724	-1054
4.4623529911	-1298
4.46245789528	543
4.46482992172	-1420
4.46483588219	-1176
4.46633481979	-1298
4.46823978424	-1420
4.46828484535	-1176
4.46932983398	-1298
4.47094392776	-1298
4.47338581085	-1298
4.47466778755	-1420
4.47467279434	-1176
4.4761288166	-1420
4.47613286972	-1420
4.47615599632	-1054
4.47680497169	543
4.47730398178	-1298
4.47756886482	1460
4.47761797905	625
4.47800588608	-1420
4.47801089287	-1176
4.47877693176	-1298
4.47958183289	-1420
4.47962784767	-1420
4.47963094711	-1054
4.48072886467	-1420
4.48073291779	-1420
4.48077297211	-1054
4.48097491264	-1420
4.48099684715	-1176
4.48413300514	543
4.48434686661	543
4.48948001862	-1420
4.48949694633	-1420
4.48953795433	-1420
4.48954081535	-932
4.49635696411	-1420
4.49637389183	-1176
4.50596499443	-1420
4.50597691536	-1176
4.51616883278	-1420
4.51618695259	-1420
4.51625299454	-1420
4.51625585556	-932
4.51949286461	-1420
4.51949882507	-1176
4.51966691017	-1420
4.51967000961	-1176
4.51976394653	543
4.528455019	-1298
4.540391922	-1298
4.54058480263	1460
4.54063391685	111
4.56346487999	-1420
4.56347894669	-1420
4.56354188919	-1054
4.57083201408	-1420
4.57087898254	-1420
4.57088184357	-1054
4.58276081085	-1298
4.59317493439	-1420
4.59323978424	-1420
4.59324479103	-1054
4.59469795227	-711
4.59700989723	-1420
4.59705281258	-1420
4.59705591202	-1054
4.60076379776	-1420
4.60077190399	-1176
4.60682487488	-1298
4.60712480545	543
4.60976696014	-1420
4.60978889465	-1176
4.6158759594	-1420
4.61588978767	-1420
4.61594486237	-1054
4.61594700813	-1298
4.61612701416	543
4.61924481392	-1420
4.61924982071	-1176
4.62167191505	-1298
4.6218688488	-1298
4.62648797035	-1298
4.62879896164	543
4.62919092178	543
4.63034796715	-1420
4.63035297394	-1176
4.63635492325	-1420
4.63636279106	-1420
4.63640880585	-1054
4.64335393906	-1420
4.64340996742	-1420
4.64341282845	-1054
4.643460989	-1298
4.64759683609	-1420
4.64764094353	-1420
4.64764380455	-1054
4.64929795265	-1420
4.64930295944	-1420
4.64934492111	-1054
4.65412998199	-1420
4.65418601036	-1176
4.65418887138	-1298
4.65894794464	-1420
4.65895485878	-1420
4.65900087357	-1054
4.66269683838	-1298
4.66800498962	-1420
4.66801095009	-1176
4.66936588287	-1420
4.66937184334	-1176
4.66997599602	-1298
4.67262601852	-1298
4.67344784737	-1298
4.67397284508	-1420
4.67401885986	-1176
4.6749329567	-1420
4.67502093315	-1176
4.6750228405	-1298
4.67571187019	-1298
4.67579483986	543
4.67900300026	-1298
4.68302989006	-1420
4.68307495117	-1420
4.68307781219	-1054
4.68388199806	-1420
4.68388485909	-1176
4.68417692184	-1298
4.6846408844	543
4.68932986259	-1298
4.68983101845	-1298
4.69359183311	-1298
4.69683694839	-1420
4.69687581062	-1176
4.69697093964	543
4.69783592224	-1298
4.69995379448	-1420
4.70000290871	-1176
4.70162391663	-1298
4.70349478722	-1420
4.70349979401	-1420
4.70354795456	-1054
4.70442986488	-1298
4.70513391495	-1298
4.71106696129	-1420
4.71111178398	-1176
4.71282696724	-1298
4.71307992935	543
4.71618080139	-1298
4.71743488312	-1420
4.71749091148	-1420
4.71749401093	-1054
4.71754384041	-1298
4.71773481369	-1420
4.71776080132	-1176
4.71806979179	543
4.72304201126	-1420
4.72304701805	-1420
4.7230899334	-1054
4.73865795135	-1420
4.73870182037	-1176
4.73970580101	-1420
4.73973298073	-1176
4.74351596832	-1258
4.74611401558	-1298
4.7546877861	543
4.75901794434	-1298
4.77502179146	-1420
4.77506780624	-1176
4.77507185936	-1298
4.7804608345	-1298
4.7813680172	-1420
4.78139591217	-1176
4.7847738266	-1420
4.7848238945	-1176
4.78487586975	-1298
4.78500199318	-1298
4.78549981117	-1420
4.78552293777	-1176
4.78660678864	-1420
4.78664684296	-1420
4.7866499424	-1054
4.78703188896	-1298
4.78737187386	-1420
4.78741788864	-1176
4.78747987747	543
4.78751587868	-1298
4.7901070118	-1298
4.79031896591	-1420
4.79032301903	-1176
4.79182195663	-1420
4.79182600975	-1420
4.79184579849	-1054
4.79329180717	-1420
4.79333090782	-1420
4.79333400726	-1054
4.79487681389	-1420
4.79488182068	-1176
4.79615092278	-1420
4.79615592957	-1420
4.7961769104	-1054
4.79834580421	-1298
4.80002188683	-1420
4.80002593994	-1176
4.8008518219	-1298
4.80458784103	-1420
4.80460882187	-1420
4.80461192131	-1054
4.80644989014	543
4.80656981468	543
4.80723595619	-1420
4.80724191666	-1420
4.80728387833	-1054
4.81023979187	-1420
4.81028485298	-1176
4.82865381241	-1420
4.82871198654	-1176
4.83746981621	543
4.83781981468	543
4.83798289299	-1420
4.83798789978	-1420
4.83801198006	-1054
4.85439682007	543
4.8658759594	-1298
4.89250278473	-1155
4.89734387398	-1298
4.89918398857	-1420
4.89923596382	-1420
4.89923882484	-1054
4.90018081665	-1298
4.90036201477	-1420
4.9004099369	-1176
4.90138578415	-1420
4.90141487122	-1420
4.90141797066	-1054
4.90182995796	-1420
4.90183591843	-1176
4.90194392204	-1298
4.91578483582	-1298
4.9167098999	-1420
4.91671395302	-1176
4.91785883904	-1298
4.91937589645	-1298
4.91958189011	-1420
4.91958594322	-1176
4.91968584061	543
4.91972184181	-1420
4.91972398758	-1420
4.91972494125	-1054
4.92076086998	-1420
4.92080593109	-1420
4.92080879211	-1054
4.92151498795	-1420
4.92152190208	-1420
4.92154979706	-1054
4.92162585258	543
4.92280387878	-1420
4.92280888557	-1176
4.92293095589	543
4.92296791077	-1298
4.92575287819	-1420
4.92579698563	-1420
4.92579984665	-1054
4.92648386955	-1298
4.93349981308	-1420
4.93354797363	-1420
4.93355083466	-1054
4.94142484665	-1420
4.94142985344	-1176
4.94268083572	-1298
4.94340181351	-1420
4.94342589378	-1420
4.94342899323	-1054
4.94998884201	-543
4.95299696922	-1420
4.95300483704	-1420
4.95305085182	-1054
4.95341682434	-1420
4.95345401764	-1420
4.95345592499	-1054
4.97640585899	-1298
4.97657084465	543
4.98541593552	-1420
4.98543095589	-1176
5.0136988163	-1298
5.04136395454	-1187
5.043820858	-1420
5.04382896423	-1176
5.05705785751	-1420
5.05707001686	-1420
5.05711293221	-1054
5.05711483955	-1298
5.06404685974	-1420
5.06405186653	-1176
5.06438088417	-1298
5.07146883011	-1420
5.07153296471	-1420
5.07153701782	-1054
5.07169389725	543
5.08644080162	-1420
5.08645701408	-1420
5.08651399612	-1054
5.08666491508	543
5.095692873	-1420
5.09570789337	-1176
5.10096693039	-1420
5.10097098351	-1420
5.10101389885	-1054
5.11181497574	-1420
5.11188387871	-1420
5.11188793182	-1054
5.11652684212	-1420
5.11653494835	-1420
5.11658501625	-1054
5.12939882278	-1420
5.12945580482	-1176
5.12965583801	-1298
5.1298789978	-1420
5.12988185883	-1420
5.1299200058	-1054
5.13470292091	543
5.13790988922	-1420
5.13791894913	-1176
5.14216685295	-1298
5.14728093147	-1420
5.14734101295	-1420
5.14734482765	-1054
5.15157699585	-1420
5.15158200264	-1420
5.15162396431	-1054
5.15852093697	-1420
5.15856599808	-1420
5.15856790543	-1054
5.16241693497	-1420
5.16242790222	-1420
5.16247701645	-1054
5.16990399361	-1420
5.16993498802	-1176
5.17001080513	-1298
5.1824798584	-1420
5.18248581886	-1420
5.18251299858	-1054
5.18251490593	-1298
5.185079813	-1420
5.18508386612	-1176
5.190076828	-1286
5.19019579887	543
5.19641780853	-1298
5.21302294731	-1298
5.23261594772	-1298
5.24059295654	-1420
5.24065184593	-1420
5.24065494537	-1054
5.26175880432	-1298
5.27468395233	543
5.28762984276	-1420
5.28763794899	-1420
5.28768801689	-1420
5.28768992424	-932
5.28772592545	-1298
5.29029083252	-1298
5.3013188839	543
5.31234002113	-1420
5.31235194206	-1420
5.31241488457	-1054
5.3147149086	543
5.31746387482	-1420
5.31746888161	-1176
5.31756091118	-1298
5.3245818615	-1420
5.32461285591	-1176
5.32479786873	-1298
5.33877086639	-1293
5.35829997063	-1298
5.36638188362	-1420
5.36639094353	-1420
5.36644291878	-1054
5.37036800385	-1420
5.37042689323	-1420
5.37042999268	-1054
5.3786509037	-1420
5.37866783142	-1420
5.37870597839	-1054
5.38880896568	-1298
5.38910388947	-1420
5.38910984993	-1176
5.38932180405	-1298
5.38941597939	543
5.40031290054	-1420
5.40032887459	-1176
5.42050290108	-1298
5.43965482712	-1420
5.4397149086	-1420
5.43971896172	-1054
5.44467401505	543
5.44622683525	-1298
5.45529580116	-1420
5.45532393456	-1176
5.45559501648	-1298
5.46298289299	-1420
5.46298789978	-1420
5.46302890778	-1054
5.46319293976	543
5.47163391113	-1420
5.47164297104	-1420
5.47169089317	-1054
5.48426580429	-1420
5.48431897163	-1176
5.48432183266	-1298
5.48450088501	-1298
5.48746681213	-312
5.49855899811	-1298
5.50920081139	-1420
5.5092728138	-1420
5.50927782059	-1054
5.50931501389	-1420
5.51541280746	-1176
5.51548790932	-1298
5.52901697159	-1420
5.52907586098	-1420
5.52907991409	-1054
5.54965901375	-1420
5.54967093468	-1420
5.54973292351	-1054
5.550344944	-1420
5.550385952	-1176
5.55075192451	-1298
5.5547068119	543
5.55936479568	-1420
5.55936980247	-1176
5.55950498581	-1298
5.5623588562	1057
5.57659196854	-1420
5.576597929	-1176
5.58885788918	-1298
5.6057779789	-1420
5.60582184792	-1420
5.60582494736	-1054
5.61298799515	-1420
5.61299681664	-1420
5.61305499077	-1054
5.61742186546	-1420
5.6174788475	-1176
5.61768889427	-1298
5.6177148819	-1298
5.63635182381	-1279
5.63992500305	-1420
5.63993096352	-1176
5.64518284798	-1298
5.65122389793	-1420
5.65129089355	-1176
5.651293993	-1298
5.66065597534	-1420
5.66066479683	-1176
5.66084980965	-1298
5.66415286064	-1420
5.6641998291	-1420
5.66420292854	-1054
5.66930580139	-1420
5.66931080818	-1420
5.66935491562	-1054
5.67752099037	-1420
5.67757296562	-1420
5.67757701874	-1054
5.67790794373	-1298
5.68119502068	-1298
5.69358086586	-1420
5.69359588623	-1176
5.69512796402	-1420
5.69513392448	-1420
5.69516086578	-1054
5.69528985023	543
5.7099609375	-1420
5.70997595787	-1176
5.71004486084	-1298
5.71021080017	543
5.71071887016	543
5.7164888382	-1420
5.71649384499	-1176
5.72332382202	-1298
5.72355389595	543
5.7236468792	543
5.74559283257	543
5.74595499039	543
5.74671578407	543
5.75382995605	-1298
5.76582980156	-1298
5.77798581123	1057
5.78108882904	-1298
5.78491687775	-341
5.79474186897	543
5.79505681992	543
5.79521393776	543
5.79538393021	543
5.79580783844	543
5.81461787224	-1420
5.81462693214	-1176
5.82474589348	543
5.82510995865	543
5.84299778938	-1420
5.84300780296	-1176
5.8430378437	-1298
5.84311199188	-1420
5.8431417942	-1420
5.84314489365	-1054
5.86851787567	-1420
5.86853289604	-1420
5.86859083176	-1054
5.86921286583	-1298
5.87852692604	-1420
5.87853884697	-1176
5.9003059864	-1420
5.90031981468	-1420
5.90038299561	-1054
5.90053486824	543
5.90173697472	-1420
5.90174198151	-1420
5.9017868042	-1054
5.91509079933	-1420
5.9151198864	-1420
5.91512298584	-1054
5.91548085213	-1298
5.91577291489	-1298
5.92026495934	-1420
5.92026901245	-1420
5.92030882835	-1054
5.92587780952	-1420
5.92591881752	-1420
5.92592191696	-1054
5.93363380432	-948
5.93629193306	-1420
5.9363257885	-1176
5.94084095955	-1420
5.94088196754	-1420
5.94088482857	-1054
5.94469594955	1057
5.94551086426	-1420
5.94551682472	-1420
5.94554185867	-1054
5.94969391823	-1420
5.9497218132	-1420
5.94972491264	-1054
5.95656490326	-1420
5.9565718174	-1176
5.96257591248	-1420
5.96258091927	-1420
5.96262097359	-1054
5.96563100815	-1420
5.96566390991	-1176
5.96625185013	-1298
5.96676683426	-1420
5.9667699337	-1176
5.96688699722	-1298
5.97420191765	-1420
5.97430586815	-1176
5.97430896759	-1298
5.97443389893	543
5.97941994667	-1420
5.97942495346	-1420
5.9794678688	-1054
5.98278284073	-1420
5.9828119278	-1420
5.98281383514	-1420
5.98283195496	-932
5.98739600182	-1420
5.98746180534	-1420
5.98746585846	-1054
5.99030089378	-1420
5.99031400681	-1176
5.99036884308	-1298
5.99354600906	-1420
5.9935708046	-1176
5.9943459034	-1298
5.99637079239	-1298
6.00164484978	1057
6.00212788582	-1298
6.00226378441	543
6.03252387047	-1298
6.07134580612	-1298
6.08073997498	-1420
6.08074498177	-1420
6.08078980446	-1054
6.08223581314	-876
6.10866785049	-1298
6.1968870163	-1298
6.20633482933	-1420
6.2063999176	-1420
6.20640587807	-1054
6.21120882034	-1420
6.21121382713	-1420
6.21124196053	-1054
6.21428394318	-1420
6.21428799629	-1420
6.21432900429	-1054
6.21588087082	-1420
6.21592497826	-1420
6.21592783928	-1054
6.21775197983	-1420
6.21775698662	-1420
6.2177798748	-1054
6.21786499023	-1298
6.22220683098	-1298
6.22222089767	-1420
6.22230100632	-1176
6.22566986084	-1420
6.22573590279	-1420
6.22573900223	-1054
6.22649788857	543
6.23091578484	-724
6.23389792442	-1420
6.2339258194	-1176
6.2342748642	-1298
6.23724985123	-1420
6.23726701736	-1420
6.23732495308	-1054
6.2373919487	-1420
6.23741197586	-1420
6.23741388321	-1054
6.24096083641	-1420
6.24096488953	-1420
6.24098682404	-1054
6.24251389503	543
6.24686980247	-1420
6.24687600136	-1420
6.24691987038	-1054
6.24714279175	-1298
6.25498080254	-1298
6.25509285927	543
6.25561881065	-1298
6.27097892761	-1298
6.27558898926	-1298
6.28154778481	-1298
6.2876060009	-1420
6.28762102127	-1176
6.28800487518	543
6.29427194595	-1420
6.29427599907	-1176
6.29668092728	-1420
6.29668593407	-1176
6.29872179031	-1298
6.35117983818	-1420
6.35119700432	-1420
6.3512609005	-1054
6.35856485367	1057
6.36430501938	-1420
6.36431193352	-1420
6.3643758297	-1054
6.36437797546	-1298
6.36796593666	-1420
6.36797380447	-1420
6.3680229187	-1054
6.36817288399	-1420
6.36819601059	-1420
6.36819887161	-1054
6.37513494492	-1420
6.37514400482	-1420
6.37519192696	-1054
6.37959384918	-986
6.38853192329	543
6.44331693649	-1298
6.46094584465	-1298
6.46624994278	543
6.46670198441	543
6.46704983711	543
6.49821686745	-1298
6.50173187256	-1420
6.50178790092	-1420
6.50179100037	-1054
6.50703191757	-1420
6.50703692436	-1420
6.50707578659	-1054
6.50732493401	543
6.50751280785	543
6.50765991211	543
6.50776982307	543
6.50939393044	-1420
6.5093998909	-1420
6.50945401192	-1054
6.50952601433	543
6.51433587074	-1420
6.51436495781	-1420
6.51441478729	-1054
6.51441693306	-1298
6.517141819	-1420
6.51714491844	-1176
6.51768279076	543
6.5205578804	-1298
6.52524995804	-1420
6.5252969265	-1176
6.52918601036	-1049
6.54958987236	-1420
6.54960489273	-1176
6.65544390678	-1420
6.6554608345	-1420
6.65551686287	-1054
6.65836000443	-1298
6.66445493698	-1420
6.66445994377	-1420
6.66450381279	-1054
6.66630291939	-1420
6.66634392738	-1420
6.6663479805	-1054
6.67781186104	-561
6.86611700058	-1086
6.86639881134	543
6.93692588806	-1298
6.93802690506	-1298
6.93917798996	543
6.94637084007	-1420
6.94638085365	-1420
6.94642901421	-1054
6.95959401131	-1420
6.95964598656	-1176
6.95980596542	-1298
6.96235394478	-1420
6.96235799789	-1176
6.96548581123	-1298
6.96804881096	-1420
6.96809792519	-1420
6.96810078621	-1054
6.96898984909	-1420
6.96899390221	-1420
6.96903896332	-1054
6.971585989	543
6.97533488274	-1298
6.97842979431	543
7.00383901596	-1298
7.01491498947	-1017
7.07390093803	-1420
7.07391786575	-1176
7.07397484779	-1298
7.07493495941	-1420
7.07499790192	-1176
7.07526493073	-1298
7.07937097549	-1420
7.07937693596	-1420
7.07940101624	-1054
7.09909582138	-1420
7.09914183617	-1176
7.11051082611	1057
7.15473985672	1460
7.15481686592	111
7.16364097595	-860
7.22695589066	-1420
7.22697401047	-1176
7.24218893051	-1298
7.26848697662	-1298
7.27493691444	543
7.32488083839	543
7.35192990303	-665
7.36989998817	543
7.37012696266	1057
7.39608597755	-1298
7.39621686935	-1298
7.39716696739	-1420
7.39717102051	-1176
7.40834784508	-1420
7.40835690498	-1176
7.41052985191	-1420
7.41053390503	-1176
7.41057300568	-1298
7.41325283051	-1420
7.41331100464	-1176
7.42758893967	543
7.42802095413	543
7.42881584167	-1420
7.42882084846	-1176
7.42892980576	543
7.49751496315	-1298
7.50039482117	-166
7.53514099121	543
7.64890789986	-543
7.66718697548	-1298
7.67984700203	-1420
7.67986083031	-1420
7.67991685867	-1054
7.68449187279	-1420
7.6845369339	-1420
7.68453979492	-1054
7.68794488907	-1420
7.68794894218	-1420
7.68798995018	-1054
7.68812894821	543
7.74188089371	-1298
7.75632286072	-1298
7.80637383461	543
7.81599497795	-1220
7.82469201088	1057
7.88469982147	543
7.96478390694	-1086
7.96984386444	1057
7.97001290321	543
8.03262996674	-1298
8.04607987404	-1298
8.04651594162	543
8.05054092407	-1420
8.05054688454	-1176
8.05059194565	-1298
8.05902600288	-1420
8.05908799171	-1420
8.05909180641	-1054
8.06156301498	-1420
8.06156802177	-1176
8.061647892	-1298
8.07972979546	-1298
8.07980895042	-1298
8.08032178879	-1298
8.09286689758	-1420
8.0928850174	-1176
8.11892795563	-1420
8.11894392967	-1420
8.11899995804	-529
8.12092399597	-1420
8.12094688416	-1176
8.13725399971	-1420
8.13731098175	-1420
8.13731479645	-1054
8.13733482361	-1298
8.14190483093	-1420
8.14195585251	-1420
8.14195990562	-1054
8.15175795555	543
8.1562268734	-1298
8.16000986099	-1298
8.17493081093	-1298
8.26954483986	-1162
8.28481578827	543
8.28528785706	543
8.33139681816	-1298
8.33830785751	-1298
8.33837795258	-1420
8.33838486671	-1176
8.33854198456	543
8.34508395195	-1420
8.34510183334	-1420
8.34516000748	-1054
8.34536290169	543
8.35026097298	-1420
8.35026597977	-1420
8.35030984879	-1054
8.35178279877	-1420
8.35180592537	-1176
8.36317491531	-1420
8.36326885223	-1420
8.36327290535	-1054
8.37412381172	-1420
8.3741350174	-1420
8.37419700623	-1054
8.38585686684	-1420
8.38589692116	-1420
8.3859000206	-1054
8.38682079315	-1298
8.38687896729	-1298
8.38695287704	-1298
8.39473795891	543
8.41825890541	-666
8.41838097572	543
8.56719279289	-1086
8.57349801064	543
8.59577178955	-1298
8.59703493118	-1298
8.5992128849	-1420
8.59922099113	-1420
8.59926199913	-1054
8.6032409668	-1420
8.60328483582	-1420
8.60328793526	-1054
8.60598492622	-1298
8.62839889526	-1298
8.6328599453	-1420
8.63286399841	-1420
8.63290500641	-1054
8.63520789146	-1420
8.63524580002	-1176
8.64054298401	-1420
8.64058589935	-1420
8.64058899879	-1054
8.65449881554	-1420
8.65450882912	-1176
8.65463685989	-1298
8.6547369957	543
8.65481281281	-1298
8.65647792816	-1298
8.66025400162	-1420
8.66026091576	-1420
8.66030693054	-1054
8.68390583992	543
8.68411397934	543
8.68450880051	543
8.6883919239	-1298
8.69410991669	543
8.6943628788	543
8.71593785286	-602
8.72501778603	543
8.72544789314	543
8.72659087181	-1420
8.7265958786	-1420
8.72663784027	-1054
8.74477887154	543
8.75084400177	-1298
8.78478479385	1460
8.7848739624	111
8.78509879112	1460
8.785145998	111
8.78537082672	1460
8.78541684151	111
8.80977296829	1460
8.80986881256	111
8.81851792336	543
8.8187379837	543
8.82535099983	1460
8.82540202141	111
8.86442899704	-35
8.86462378502	543
8.94350886345	-1420
8.94351696968	-1420
8.94357085228	-1054
8.94381594658	543
8.96607589722	543
9.01310181618	-819
9.01973986626	-1420
9.0197968483	-1176
9.02164101601	-1298
9.03289794922	-1298
9.03771781921	-1420
9.03776979446	-1176
9.04262089729	-1420
9.0426659584	-1176
9.05302000046	-1298
9.07158493996	-1298
9.13981986046	-1298
9.16164278984	-491
9.17848300934	543
9.20398592949	1057
9.20443296432	543
9.24678587914	-1298
9.24809384346	-1420
9.24814581871	-1176
9.24836683273	-1298
9.25231480598	-1420
9.2523188591	-1176
9.25571298599	-1298
9.2558028698	543
9.2563688755	-1298
9.25652194023	-1420
9.25656986237	-1176
9.26577687263	543
9.26646900177	543
9.2767829895	-1420
9.27678894997	-1176
9.27807593346	-1298
9.27861690521	-1420
9.27865886688	-1420
9.27866101265	-1054
9.280356884	-1420
9.28036093712	-1176
9.28056001663	-1298
9.28340101242	-1298
9.28355097771	543
9.29447388649	-1420
9.29447889328	-1420
9.29452085495	-1054
9.3024058342	-1420
9.30246591568	-1176
9.30279684067	-1298
9.31031179428	-1241
9.31283783913	-1420
9.31289386749	-1420
9.31289696693	-1054
9.31758999825	-1420
9.31759881973	-1420
9.31764793396	-1054
9.31847381592	-1420
9.31850600243	-1420
9.31850886345	-1054
9.32989788055	-1298
9.42199778557	-1298
9.42700099945	543
9.42812991142	-1298
9.45734500885	-1298
9.45890188217	-1066
9.47915387154	543
9.55102300644	-1298
9.58357095718	-1298
9.59783601761	543
9.59973192215	-1420
9.59973692894	-1176
9.59998583794	-1420
9.59999084473	-1420
9.60003495216	-1054
9.60419487953	-1298
9.60736584663	-128
9.61019587517	-1420
9.61023187637	-1176
9.66796779633	-1298
9.66816782951	543
9.6683318615	543
9.66843986511	543
9.67019295692	1057
9.75592184067	-334
9.76468992233	543
9.8327999115	-1298
9.83300185204	543
9.84660887718	-1298
9.85470986366	1460
9.85476899147	1139
9.90463399887	-662
10.075701952	-543
10.0840079784	-1298
10.0941820145	-1298
10.1002988815	-1420
10.100342989	-1420
10.10034585	-1054
10.1049668789	-1420
10.1049728394	-1420
10.1050188541	-1054
10.1167528629	-1420
10.1167619228	-1420
10.1167869568	-1054
10.1179130077	1057
10.1383109093	-1420
10.138324976	-1176
10.2146229744	543
10.2283039093	-1298
10.2308847904	-1420
10.2309339046	-1176
10.2325279713	-1168
10.2350099087	-1420
10.2350158691	-1420
10.2350399494	-1054
10.2434668541	-1298
10.2993059158	-1298
10.3312549591	-1298
10.3835318089	-96
10.4142348766	543
10.4249558449	543
10.4304919243	-1298
10.4411098957	-1420
10.4411759377	-1420
10.4411799908	-1054
10.4640679359	-1298
10.4643068314	-1298
10.471629858	-1420
10.4716348648	-1176
10.4722158909	-1420
10.4722208977	-1420
10.4722659588	-1054
10.4851138592	543
10.4905178547	-1298
10.4908828735	-1298
10.5046598911	543
10.5200428963	-1420
10.5200579166	-1176
10.5493798256	-1298
10.5631690025	-198
10.6913778782	-1298
10.6993749142	543
10.7116508484	-302
10.7301259041	543
10.7305648327	543
10.7607989311	-1420
10.7608168125	-1420
10.7608737946	-1054
10.7742688656	-1420
10.7743139267	-1176
10.8605239391	-793
10.8652379513	543
10.9609749317	-1420
10.9609909058	-1420
10.9610459805	-1054
10.9612338543	1057
10.9620490074	-1420
10.9620540142	-1420
10.9621059895	-1054
10.9737780094	-1420
10.9738299847	-1420
10.9738328457	-1054
10.9753239155	-1298
11.0095238686	-1130
11.0575687885	-1420
11.0575869083	-1420
11.057653904	-1054
11.1321280003	-1298
11.1323678493	543
11.1580739021	-64
11.1582670212	543
11.3066289425	-1420
11.3066468239	-1176
11.306704998	-90
11.3068499565	1057
11.3106098175	-1420
11.3106179237	-1176
11.3107328415	-1420
11.3107359409	-1176
11.3110740185	-1298
11.3124899864	-1298
11.316357851	-1420
11.3163659573	-1176
11.3358058929	-1298
11.3446409702	543
11.4373269081	-1298
11.4402549267	-1420
11.4403088093	-1176
11.4411759377	-1420
11.4412279129	-1176
11.4554359913	-1136
11.4900867939	-1420
11.4901030064	-1420
11.4901578426	-1054
11.5206148624	-1298
11.5218398571	543
11.5575428009	-1420
11.557559967	-1176
11.5576169491	-1298
11.5577459335	543
11.6040298939	-825
11.625936985	543
11.6262300014	543
11.833411932	-543
11.840928793	543
11.8418819904	1460
11.8419318199	625
11.8689548969	-1420
11.8689718246	-1420
11.8690309525	-1054
11.9822490215	-819
12.133409977	-1086
12.1522028446	-1298
12.1604979038	-1298
12.1627728939	-1298
12.1746039391	543
12.2046818733	543
12.2047898769	1460
12.2048327923	625
12.21291399	-1298
12.2215979099	-1298
12.2230558395	-1298
12.2231209278	-1420
12.2231500149	-1176
12.2254478931	-1420
12.2254948616	-1176
12.2324018478	-1420
12.2324528694	-1176
12.3008038998	-192
12.325111866	543
12.3255109787	543
12.3649969101	543
12.5506958961	-543
12.5585558414	-1420
12.5586099625	-1176
12.5590059757	-1420
12.5590338707	-1420
12.5590369701	-1054
12.562474966	-1298
12.56513381	-1420
12.5651698112	-1176
12.565171957	-1298
12.5801918507	-1420
12.5802128315	-1176
12.5818679333	-1298
12.5820248127	-1420
12.5820519924	-1176
12.5875039101	-1420
12.5875518322	-1420
12.5875589848	-1054
12.5879659653	-1420
12.5879688263	-1420
12.5880069733	-1054
12.5882608891	-1420
12.5882809162	-1176
12.5905578136	543
12.5907049179	543
12.617784977	-1298
12.6867389679	-1298
12.691893816	543
12.7082159519	-152
12.7678689957	543
12.7681138515	543
12.8027999401	543
12.8969199657	-543
12.8971807957	543
13.0329527855	-1298
13.0365169048	-1420
13.0365538597	-1420
13.0365569592	-1054
13.0378508568	-1420
13.0378549099	-1420
13.0378758907	-1054
13.0438408852	-1420
13.0438899994	-1420
13.0438938141	-1054
13.0454859734	-1130
13.0468029976	-1420
13.0468518734	-1420
13.0468549728	-1054
13.0483059883	1057
13.0563619137	-1420
13.0563688278	-1420
13.0563929081	-1054
13.0610148907	-1420
13.0610749722	-1420
13.0610778332	-1054
13.0636279583	-1420
13.0636339188	-1420
13.0636878014	-1054
13.0676739216	-1420
13.0677309036	-1176
13.0692808628	543
13.0788798332	-1420
13.0788948536	-1420
13.0789330006	-1054
13.0792078972	-1420
13.0792489052	-1420
13.0792520046	-1054
13.0815680027	-1420
13.0815718174	-1176
13.0817139149	-1298
13.0861690044	-1420
13.0862128735	-1176
13.0862159729	-1298
13.0863678455	-1298
13.0864489079	543
13.0926828384	-1420
13.0926887989	-1420
13.0927369595	-1054
13.0928800106	-1420
13.0929229259	-1176
13.0961618423	-1298
13.1002697945	-1420
13.1002738476	-1420
13.1003139019	-1054
13.1004970074	543
13.1067419052	-1298
13.1069858074	-1420
13.1070399284	-1176
13.1070427895	-1298
13.1099898815	-1420
13.1099948883	-1176
13.1132237911	-1420
13.1132278442	-1420
13.1132688522	-1054
13.1154677868	-1420
13.1154949665	-1420
13.1154968739	-1054
13.1163949966	-1298
13.1232368946	-1420
13.1232819557	-1420
13.1232848167	-1054
13.1234118938	543
13.1270518303	-1298
13.1321158409	-1420
13.1321589947	-1176
13.1358048916	-1420
13.1358289719	-1420
13.1358318329	-1054
13.1426239014	-1298
13.1438839436	-1298
13.1556928158	-1420
13.1556978226	-1420
13.1557409763	-1054
13.17847085	-1420
13.1785359383	-1176
13.1943929195	-87
13.2567989826	-1298
13.3024208546	-1420
13.3024308681	-1176
13.3024768829	-1298
13.3078179359	543
13.3389918804	-1298
13.343752861	-366
13.3682408333	-1420
13.3682518005	-1420
13.3683059216	-1054
13.3684489727	543
13.3686819077	-1420
13.3686869144	-1176
13.3689088821	-1298
13.3770740032	-1420
13.3771359921	-1176
13.3771398067	-1420
13.3771798611	-1176
13.3873388767	-1420
13.3873867989	-1176
13.38793993	-1298
13.3921298981	-1420
13.3921339512	-1420
13.3921728134	-1054
13.3923528194	543
13.3968169689	-1298
13.4096288681	-1420
13.4096858501	-1420
13.4096899033	-1054
13.4302339554	-1420
13.4302480221	-1420
13.4302949905	-1054
13.4302978516	-1298
13.4316828251	-1420
13.4316868782	-1176
13.4497079849	-1420
13.449723959	-1420
13.4497799873	-1420
13.4497828484	-932
13.4604568481	-1420
13.4604628086	-1420
13.460506916	-1054
13.4924409389	-1009
13.6411488056	-543
13.6415829659	-1420
13.6416258812	-1176
13.7549679279	543
13.7903079987	-1089
13.7906959057	543
13.8019788265	-1420
13.8019919395	-1176
13.8183469772	-1420
13.8183619976	-1420
13.8184177876	-1054
13.8185768127	543
13.9505348206	-764
14.0265209675	-1420
14.0265359879	-1176
14.0347938538	-1298
14.0639200211	-1298
14.0993139744	-93
14.114787817	543
14.1152629852	543
14.2638168335	-543
14.2740728855	1460
14.2741639614	111
14.4124598503	-543
14.4300279617	543
14.4302618504	1057
14.8125529289	-543
14.8171029091	543
14.8197798729	543
14.8775858879	-1420
14.8775990009	-1176
14.9592468739	-1298
14.9657509327	-334
14.9748589993	543
15.1754648685	-543
15.2167088985	-1298
15.3240089417	-273
15.3871359825	-1420
15.3872089386	-1176
15.4725158215	-32
15.4957129955	543
15.4961359501	543
15.5261268616	543
15.5265738964	543
15.5823819637	543
15.5847809315	543
15.7131137848	-543
15.7337019444	-1420
15.7337679863	-1176
15.7337739468	-1420
15.7337958813	-1420
15.7337977886	-1054
15.7428839207	-1298
15.7723059654	-1420
15.7723839283	-1420
15.7723889351	-1054
15.8555297852	-1298
15.8823778629	-73
15.8827159405	1057
15.9992899895	-1298
16.0046758652	1057
16.0308909416	-874
16.0346558094	543
16.0358338356	-1420
16.0358397961	-1176
16.0359768867	-1420
16.0359818935	-1176
16.0360817909	-1298
16.0536129475	-1298
16.0537619591	543
16.0573189259	-1420
16.05732584	-1420
16.0573518276	-1054
16.0813298225	-1420
16.0813708305	-1420
16.0813748837	-1054
16.086332798	-1420
16.0863449574	-1176
16.1151669025	-1298
16.1246669292	543
16.1248519421	543
16.1249608994	543
16.1263539791	-1420
16.1263589859	-1420
16.1264028549	-1054
16.1307249069	-1420
16.1307668686	-1420
16.130769968	-1054
16.130920887	1057
16.1350448132	-1420
16.1350598335	-1420
16.1351149082	-1054
16.137144804	-1420
16.1371979713	-1176
16.1438848972	-1420
16.1439459324	-1176
16.1440048218	-1298
16.1455869675	543
16.1521677971	-1298
16.1541929245	-1298
16.1577348709	-1420
16.1577489376	-1420
16.1578009129	-1054
16.1757469177	-1298
16.1795568466	-1041
16.1846039295	543
16.328086853	-543
16.5159738064	-1057
16.5351479053	543
16.6654229164	-543
16.6783988476	-1420
16.6784648895	-1176
16.6814339161	-1298
16.6827199459	-1420
16.6827259064	-1420
16.6827669144	-1054
16.6855998039	-1298
16.6949269772	-1298
16.7032167912	-1420
16.7033138275	-1176
16.7444219589	-1298
16.7449288368	543
16.7698769569	-1420
16.7698919773	-1420
16.7699489594	-1054
16.7804369926	-1420
16.7805039883	-1420
16.7805089951	-1054
16.7806718349	543
16.7828609943	-1420
16.7828679085	-1176
16.7829408646	-1298
16.7830169201	543
16.7939178944	-1298
16.8142089844	-506
16.9993419647	-1298
16.9995458126	543
17.0017449856	-331
17.0030169487	543
17.0032179356	1057
17.0091450214	543
17.0177588463	1057
17.091711998	-1420
17.0917289257	-1176
17.0919129848	-1298
17.0951077938	-1420
17.0951538086	-1420
17.095156908	-1054
17.0954289436	543
17.0956289768	1057
17.1052079201	-1420
17.10521698	-1176
17.1503558159	-584
17.4284598827	-543
17.4485728741	-1420
17.44866395	-1176
17.5450019836	-1298
17.5471298695	543
17.5477747917	1057
17.5768740177	-276
17.7769589424	-1086
17.9047179222	-1298
17.9053018093	543
17.9256339073	-331
17.9397649765	-1298
17.9440720081	-1298
17.9613308907	543
17.964430809	-1298
18.0882048607	-363
18.1523368359	-1420
18.1523900032	-1176
18.2369618416	-1060
18.3819329739	-1420
18.3819489479	-1420
18.3820137978	-1054
18.3992078304	-1420
18.399214983	-1420
18.3992669582	-1054
18.4256877899	-9
18.5743398666	-543
18.7228369713	-543
19.1348459721	543
19.5373959541	543
19.55286479	543
19.7637629509	543
19.959897995	-543
19.9601128101	1460
19.9601678848	111
20.1849308014	-543
20.1851079464	543
20.2188398838	-1420
20.2188558578	-1420
20.2189137936	-1054
20.2212839127	-1420
20.221351862	-1420
20.2213559151	-1054
20.244093895	-1420
20.2441089153	-1176
20.2444429398	-1298
20.3342139721	-1420
20.3342928886	-1176
20.33451581	543
20.3675129414	-1420
20.3675298691	-1420
20.3675878048	-619
20.3973839283	543
20.6878027916	-543
20.7126948833	-1420
20.7127468586	-1176
20.729683876	-1298
20.8172860146	-543
20.8613820076	-819
20.8653669357	543
21.009955883	-543
21.0245599747	543
21.0249669552	1057
21.1957697868	-543
21.1993858814	1460
21.1994738579	111
21.499532938	-543
21.7692317963	-543
21.7740797997	-1420
21.7741379738	-1176
21.7842998505	-1420
21.7843639851	-1176
21.7983798981	-1298
21.8480019569	543
21.8746027946	1057
21.9206049442	543
21.9209878445	543
21.9225678444	-822
21.971654892	543
21.9720859528	543
22.1208360195	-543
22.1253638268	1057
22.1503148079	-1420
22.1503298283	-1420
22.150384903	-1054
22.1750400066	-1298
22.2991108894	-578
22.3046789169	543
22.3161199093	1057
22.3166530132	543
22.4040999413	-1420
22.4041159153	-1420
22.4041769505	-1420
22.4041798115	-932
22.4042248726	-1420
22.404227972	-1176
22.419577837	-1420
22.4195849895	-1420
22.4196298122	-1054
22.4199538231	-1420
22.4200007915	-1176
22.4286777973	-1298
22.4477570057	-1420
22.4477689266	-1176
22.5529708862	-1420
22.5530049801	-1420
22.5530610085	-1420
22.5530638695	-932
22.553164959	-1420
22.55316782	-1176
22.5532288551	-1298
22.5532319546	-1298
22.5607469082	543
22.5682528019	-1420
22.5683009624	-1176
22.5683529377	-1420
22.5683557987	-1176
22.5685889721	-1420
22.5685927868	-1176
22.5693838596	543
22.5963449478	-1298
22.5965149403	-1420
22.5965588093	-1420
22.5965619087	-1054
22.6724689007	-1298
22.701748848	-1420
22.7018699646	-1420
22.7018768787	-1420
22.7019269466	-1420
22.701928854	-810
22.7019658089	-1420
22.7019679546	-1420
22.7020118237	-1054
22.7020149231	-1420
22.7020509243	-1230
22.7023279667	1057
22.7024757862	1460
22.702521801	111
22.7183628082	543
22.7206130028	543
22.8502829075	-543
22.8504769802	543
23.0313270092	-1420
23.0313429832	-1176
23.0407328606	-32
23.1721289158	-1298
23.1755049229	543
23.1892158985	-331
23.2016859055	-1420
23.2017548084	-1176
23.3100678921	-1298
23.312171936	543
23.3127009869	1057
23.3394138813	-1298
23.3500819206	-35
23.4185140133	-1298
23.5288248062	-1298
23.5297780037	1057
23.5429019928	-61
23.644671917	-1420
23.644687891	-1176
23.7459149361	-1298
23.7507870197	-305
23.8993558884	-543
24.897341013	1057
25.1271359921	-543
25.1348090172	-1420
25.1348648071	-1176
25.135163784	-1420
25.1352078915	-1420
25.1352539062	-1054
25.1353759766	543
25.1407339573	-1298
25.1595158577	-1420
25.1595818996	-1176
25.162293911	-1298
25.2758069038	-1420
25.2758247852	-1176
25.2834498882	-1420
25.2834568024	-1176
25.2836120129	543
25.2837469578	-1420
25.2837510109	-1420
25.2837920189	-1420
25.2837948799	-932
25.3003048897	-1298
25.3084619045	-1420
25.308524847	-1420
25.3085289001	-1054
25.3511309624	-1420
25.3511519432	-1176
25.4246058464	-1420
25.4246230125	-1420
25.4246878624	-1420
25.4246909618	-932
25.4248759747	543
25.4322319031	-1420
25.432240963	-1176
25.4325649738	-1420
25.4325687885	-1420
25.4326119423	-1420
25.4326138496	-1420
25.4326498508	-810
25.4571778774	-1298
25.4572339058	-1420
25.4572389126	-1420
25.457256794	-1420
25.4572589397	-932
25.499753952	-1420
25.4997699261	-1420
25.4998338223	-1420
25.4998369217	-932
25.573348999	-1420
25.5733649731	-1420
25.5734279156	-1420
25.573431015	-932
25.5736207962	543
25.5811219215	-1420
25.5811297894	-1420
25.5811829567	-905
27.5454788208	543
27.8973908424	1057
28.0839529037	-543
28.151873827	-1420
28.1519548893	-1176
28.1520068645	-1298
28.1521639824	-1420
28.1522138119	-1176
28.1522619724	-1298
28.1524879932	543
28.1698679924	-1420
28.1698839664	-1176
28.1734948158	-1298
28.2720189095	-1420
28.2720999718	-1176
28.3005290031	-1420
28.3006048203	-1420
28.3006558418	-1420
28.3007688522	-932
28.3008258343	-1420
28.3008489609	-1420
28.3009297848	-1054
28.3009338379	-1298
28.3009819984	-1420
28.3009848595	-1176
28.3012549877	543
28.3185207844	-1420
28.3185358047	-1176
28.3619809151	-1420
28.3619968891	-1176
28.4208660126	-1420
28.420883894	-1420
28.4209368229	-1054
28.420940876	-1298
28.4491670132	-1420
28.4491829872	-1420
28.4492487907	-1420
28.4492518902	-1420
28.4493069649	-492
28.4494969845	543
29.0930550098	-543
29.2848689556	-543
30.176735878	-543
30.8971610069	1057
31.0558400154	-543
31.1942470074	-1420
31.1943218708	-1176
31.1943488121	-1298
31.1970338821	-1420
31.1970670223	-1176
31.1971299648	-1298
31.2052378654	-552
31.2240839005	-1420
31.2241528034	-1176
31.230055809	-1298
31.2302248478	543
31.2375559807	-1298
31.3427948952	-1420
31.3428490162	-1420
31.3428788185	-1420
31.3429069519	-932
31.3455200195	-1420
31.3455247879	-1176
31.3538429737	-587
31.5157189369	-543
32.5399069786	-543
32.6897108555	-543
33.2045748234	543
33.2048039436	543
33.4987318516	-543
33.5258858204	-543
33.6746377945	-543
33.8970189095	1057
33.9000899792	-543
34.1132419109	-543
34.1183109283	-1420
34.1183609962	-1420
34.1183919907	-1420
34.1184208393	-932
34.118448019	-1298
34.1186058521	543
34.1196699142	-1298
34.1440148354	-1420
34.1440658569	-1176
34.1455378532	-1298
34.261879921	-1420
34.2618989944	-1176
34.2668039799	-1420
34.2668139935	-1420
34.2668688297	-1054
34.2668728828	-1420
34.2668988705	-1176
34.2669818401	-1298
34.274381876	-1298
34.2926979065	-1420
34.2927668095	-1420
34.2927730083	-1054
34.3362159729	-1420
34.3362379074	-1176
34.410779953	-1420
34.4107968807	-1420
34.4108419418	-1420
34.4108448029	-932
34.4110050201	543
34.4155828953	-1420
34.4155888557	-1176
34.4156169891	-1420
34.4156208038	-1176
34.4158349037	-1420
34.4158389568	-1176
34.415861845	-1298
34.4158658981	-1298
34.4159998894	543
34.4245858192	-1420
34.4245948792	-1176
34.4413869381	-1420
34.4413998127	-1420
34.4414498806	-1054
34.4415438175	-1298
34.4849188328	-1420
34.4849359989	-1420
34.4849758148	-1054
34.4849798679	-1298
34.4852068424	543
34.559470892	-1420
34.5594890118	-1420
34.5595309734	-1054
34.5595347881	-1298
34.5643839836	-1420
34.5643908978	-1420
34.5644829273	-1054
34.5644879341	-1420
34.5645139217	-1420
34.5645179749	-1420
34.5645577908	-932
34.5645608902	-1298
34.5645840168	-1420
34.5645878315	-1420
34.5646150112	-1054
34.5646188259	-1298
34.5731348991	-1420
34.573143959	-1420
34.5731799603	-1054
34.5731828213	-1298
34.5901758671	-1420
34.5901908875	-1420
34.5902478695	-1420
34.5902519226	-932
34.5904188156	543
34.6301867962	-1420
34.6302139759	-1176
34.6305599213	543
34.6336898804	-1420
34.6336948872	-1420
34.6337199211	-1420
34.6337218285	-932
34.6729569435	-1420
34.6729729176	-1176
34.7081098557	-1420
34.708124876	-1420
34.7081828117	-299
35.1753218174	-543
35.37586689	-543
36.1685259342	-543
36.3170998096	-543
36.897138834	1057
37.1107590199	-543
37.1113538742	-1420
37.1114008427	-1176
37.1115980148	-1420
37.111620903	-1420
37.1116399765	-1054
37.1125547886	-1298
37.1126577854	543
37.1388609409	-1420
37.1388759613	-1176
37.1396038532	-1298
37.2594029903	-1420
37.2594749928	-1176
37.2605760098	-1420
37.2606048584	-1176
37.2618398666	-1420
37.2618658543	-1420
37.2618858814	-1420
37.2618877888	-932
37.2622168064	-1420
37.2622218132	-1176
37.2874908447	-1420
37.2875068188	-1420
37.2875699997	-1420
37.2875728607	-932
37.3309299946	-1420
37.3309469223	-1176
37.4080870152	-1420
37.4081039429	-1176
37.408302784	543
37.409265995	-1420
37.4092710018	-1420
37.4093129635	-1420
37.4093158245	-932
37.4105319977	-1420
37.4105370045	-1420
37.4105799198	-1054
37.4105830193	-1298
37.4107058048	543
37.4108438492	-1420
37.4108469486	-1420
37.4108879566	-1054
37.4108908176	-1298
37.4361670017	-1420
37.4361829758	-1420
37.436237812	-1420
37.4362409115	-932
37.4796698093	-1420
37.4796860218	-1420
37.4797408581	-1420
37.4797439575	-932
37.4799687862	543
37.5568809509	-1420
37.5568978786	-1176
37.5579779148	-1420
37.5579838753	-1420
37.5580148697	-1420
37.5580179691	-932
37.5581109524	-1420
37.5581138134	-1176
37.55910182	-1420
37.5591080189	-1420
37.5591487885	-1054
37.5593349934	-1298
37.5593588352	-1298
37.5594639778	-1420
37.5595037937	-1420
37.5595068932	-1054
37.5848379135	-1420
37.5848538876	-1420
37.584913969	-1420
37.5849158764	-1420
37.5849537849	-810
37.5849568844	-1298
37.585187912	543
37.6282730103	-1420
37.6282889843	-1176
37.6283450127	-1298
37.6285378933	-1420
37.6285629272	-1420
37.6285657883	-1054
37.6286549568	543
37.7056128979	-1420
37.7056310177	-1176
37.7070469856	-1420
37.7070529461	-1420
37.7071349621	-1420
37.7071378231	-1420
37.7071869373	-166
39.1634838581	-543
39.7685678005	-543
39.896600008	1057
39.9171099663	-543
40.1112318039	-543
40.1145489216	-1420
40.1145949364	-1176
40.1147489548	-1420
40.1147727966	-1176
40.1149020195	-1298
40.1151669025	-1298
40.1152658463	543
40.1404399872	-1420
40.1404550076	-1176
40.1419398785	-1298
40.2599208355	-1420
40.2599949837	-1176
40.2632110119	-1420
40.2632558346	-1176
40.2635698318	-1420
40.2635748386	-1420
40.2636158466	-1054
40.2636640072	-1420
40.263684988	-1420
40.263687849	-1420
40.2637059689	-932
40.2637448311	-1298
40.2890930176	-1420
40.2891089916	-1176
40.3319540024	-1420
40.3319709301	-1176
40.3321988583	543
40.4089238644	-1420
40.4089407921	-1420
40.4090058804	-1420
40.4090089798	-932
40.4119880199	-1420
40.4119949341	-1176
40.4121258259	543
40.4122209549	-1420
40.4122238159	-1176
40.4123358727	-1420
40.4123380184	-1420
40.4123749733	-1054
40.4123768806	-1420
40.412539959	-1176
40.4125459194	-1420
40.4125919342	-1420
40.4125947952	-1054
40.4377009869	-1420
40.4377169609	-1420
40.4377849102	-1054
40.4377880096	-1298
40.4379718304	543
40.4805748463	-1420
40.4805908203	-1420
40.4806468487	-1420
40.4806499481	-932
40.5575788021	-1420
40.5575959682	-1420
40.5576529503	-1420
40.5576558113	-932
40.5606248379	-1420
40.5606298447	-1420
40.5606729984	-1420
40.5606758595	-932
40.5609059334	-1420
40.5609099865	-1420
40.5609498024	-1054
40.5609529018	-1420
40.5610268116	-1420
40.561029911	-1420
40.5610778332	-932
40.5611169338	-1420
40.5611348152	-1420
40.5611379147	-145
40.5613758564	543
42.8971848488	1057
43.0964238644	-543
43.1086878777	-1420
43.108755827	-1420
43.1087608337	-1054
43.1096467972	-1298
43.1097660065	-1420
43.1097919941	-1176
43.1268658638	-1420
43.1269328594	-1176
43.1271469593	543
43.1373398304	-1298
43.2576320171	-1420
43.2577009201	-1420
43.2577400208	-1420
43.257776022	-932
43.2584738731	-1420
43.2584998608	-1420
43.2585198879	-1420
43.2585368156	-932
43.2758779526	-1420
43.2759540081	-1420
43.2759959698	-1420
43.2759988308	-932
43.2761809826	543
43.3268728256	-1420
43.3268899918	-1176
43.4069948196	-1420
43.4070079327	-1176
43.4071400166	-1420
43.4071438313	-1176
43.4072158337	-1420
43.4072189331	-1420
43.4072859287	-1054
43.4072887897	-1420
43.4073269367	-1176
43.4073929787	-1298
43.424505949	-1420
43.4245200157	-1420
43.4245638847	-1420
43.4245657921	-932
43.475484848	-1420
43.475497961	-1420
43.4755589962	-1420
43.4755618572	-932
43.4757249355	543
43.555783987	-1420
43.555795908	-1176
43.5558478832	-1298
43.5560898781	-1420
43.5561418533	-1176
43.5561449528	-1420
43.5561819077	-1420
43.556183815	-1054
43.5562570095	-1420
43.5562589169	-1176
43.5562958717	-1298
43.5562980175	-1420
43.5563328266	-1420
43.5563359261	-1054
43.5565719604	543
43.5733499527	-1420
43.5733659267	-1420
43.573404789	-1054
43.5734078884	-1420
43.5734260082	-1420
43.5734279156	-1054
43.6241848469	-1420
43.6242008209	-1420
43.6242809296	-1420
43.6242837906	-1420
43.6243469715	-113
43.6244859695	543
44.8339829445	-543
45.0217759609	-543
45.8983368874	1057
45.9592969418	-543
46.1077888012	-543
46.1222939491	-1298
46.1223549843	-1298
46.1223959923	-1420
46.1224339008	-1420
46.1224789619	-1054
46.1349308491	-1298
46.2564618587	-9
48.8972399235	1057
49.1014168262	-543
49.1036419868	-1298
49.1037797928	-1298
49.1039278507	-1420
49.103967905	-1420
49.1040039062	-1420
49.1040458679	-932
49.1305048466	-1420
49.1305708885	-1176
49.1315410137	-1298
49.1316459179	543
49.2501180172	-1420
49.2501349449	-1176
49.2524499893	-1420
49.2524549961	-1420
49.2524988651	-1420
49.2525019646	-932
49.2525458336	-1420
49.2525479794	-1420
49.2525858879	-1054
49.2526538372	-1298
49.2528269291	543
49.2791879177	-1420
49.2792029381	-1176
49.279378891	-1420
49.2793838978	-1176
49.2805318832	-1420
49.28053689	-1176
49.3987658024	-1420
49.3987829685	-1176
49.4011099339	-1420
49.4011149406	-1420
49.4011759758	-1054
49.4011778831	-1420
49.4012207985	-1420
49.4012238979	-1054
49.4013869762	-1420
49.4013907909	-1176
49.4014618397	543
49.4014937878	-1420
49.4014959335	-1176
49.4279408455	-1420
49.4279558659	-1420
49.4280109406	-1420
49.4280128479	-932
49.4280538559	-1420
49.4280560017	-1176
49.4292728901	-1420
49.4292778969	-1420
49.4293029308	-1054
49.4293940067	-1298
49.5486729145	-1420
49.5486888885	-1176
49.5488870144	543
49.5500509739	-1420
49.550057888	-1420
49.5501139164	-1420
49.5501170158	-1420
49.5501618385	-1094
49.5502829552	543
51.8965108395	1057
52.1058409214	-543
52.1099259853	-1420
52.1099889278	-1420
52.109992981	-1054
52.1100449562	-1420
52.1100468636	-1176
52.1114327908	-1298
52.135176897	-1420
52.1352548599	-1176
52.1374118328	-1298
52.2544360161	-1420
52.2544529438	-1176
52.2584888935	-1420
52.258494854	-1420
52.2585408688	-1420
52.2585430145	-932
52.2585999966	-1420
52.2586038113	-1176
52.2587850094	543
52.2600479126	-1420
52.2600529194	-1176
52.2840228081	-1420
52.2840390205	-1420
52.2840960026	-1420
52.2840998173	-932
52.2861378193	-1420
52.286151886	-1176
52.4064428806	-1420
52.4064588547	-1176
52.4072849751	-1420
52.4072899818	-1420
52.407351017	-1054
52.4073529243	-1420
52.4073939323	-1420
52.4073979855	-1054
52.4074327946	-1420
52.407435894	-1176
52.407640934	543
52.408646822	-1420
52.4086508751	-1420
52.4086890221	-1054
52.4086918831	-1298
52.4326338768	-1420
52.4326488972	-1420
52.4327049255	-1420
52.4327077866	-932
52.4329059124	543
52.4346909523	-1420
52.4346969128	-1420
52.434720993	-1420
52.4347229004	-932
52.555287838	-1420
52.5553297997	-1176
52.5561308861	-1420
52.5561349392	-1420
52.5561828613	-1420
52.5561850071	-1420
52.5562198162	-1420
52.5562229156	-1420
52.5562767982	-566
52.556278944	-1298
52.5563149452	-1420
52.5563168526	-1420
52.5563519001	-1420
52.5563538074	-932
52.5565428734	543
52.5572888851	-1420
52.5572938919	-1420
52.5573170185	-1420
52.5573189259	-932
52.5574569702	-1420
52.5574607849	-1176
52.5813338757	-1420
52.5813479424	-1420
52.5814039707	-1333
54.8972449303	1057
55.1075098515	-543
55.1103229523	-1420
55.1103878021	-1420
55.1104269028	-1054
55.1104638577	-1298
55.1104989052	-1298
55.110615015	543
55.1108729839	-1298
55.1367168427	-1420
55.1367938519	-1176
55.1381058693	-1298
55.2592937946	-1420
55.2593288422	-1420
55.2593858242	-1054
55.2593889236	-1420
55.2594249249	-1420
55.2594277859	-1420
55.2594637871	-932
55.2594668865	-1298
55.2596268654	543
55.2853159904	-1420
55.2853319645	-1420
55.285394907	-1420
55.2853980064	-932
55.3219509125	241
55.3297908306	-1420
55.329805851	-1176
55.4080479145	-1420
55.4080648422	-1420
55.4081439972	-1420
55.4081468582	-932
55.4081828594	-1420
55.4081850052	-1420
55.4082210064	-1054
55.4082229137	-1420
55.4082570076	-1176
55.4082598686	-1298
55.4084198475	543
55.4340138435	-1420
55.4340279102	-559
55.4402418137	-758
55.4407730103	126
55.5579619408	-51
55.5581920147	38
55.6789929867	-1420
55.6790189743	-104
55.6794548035	1057
55.8045339584	-543
55.8049108982	543
55.9369897842	-543
55.9373738766	543
56.1140949726	-543
57.8974528313	1057
58.1031858921	-543
58.1056909561	-1420
58.1057469845	-1420
58.1057507992	-1054
58.1072638035	-1420
58.1072888374	-1176
58.1073307991	-1298
58.1213128567	-1298
58.1323068142	-1420
58.1323189735	-1176
58.2550439835	-1420
58.2550718784	-1176
58.2551259995	-1420
58.2551288605	-1176
58.255314827	543
58.2558088303	-1420
58.2558128834	-1420
58.2558739185	-1054
58.2558758259	-1298
58.256030798	543
58.269974947	-1420
58.2699918747	-1176
58.2808909416	-1420
58.2809009552	-1420
58.2809488773	-1420
58.2809519768	-932
58.4030418396	-1420
58.40305686	-1420
58.4031128883	-1420
58.4031159878	-1420
58.4031529427	-810
58.40315485	-1298
58.4043869972	-1420
58.4043929577	-1420
58.4044148922	-1054
58.4045147896	543
58.4045538902	-1298
58.4186398983	-1420
58.4186968803	-1420
58.4187009335	-1420
58.4187448025	-932
58.4295129776	-1420
58.4295790195	-1420
58.4295828342	-1420
58.4296278954	-932
58.5519049168	-1420
58.5519208908	-1420
58.5519778728	-1420
58.551981926	-932
58.5520329475	-998
60.8976809978	1057
61.1264469624	-543
61.1375119686	-1420
61.1375629902	-1420
61.1375849247	-1054
61.1376018524	-1420
61.1376209259	-1176
61.137762785	543
61.1420929432	-1298
61.1556718349	-1420
61.1557209492	-1176
61.1613328457	-1298
61.161454916	543
61.2007060051	565
61.275895834	-1420
61.2759168148	-1176
61.2860748768	-802
62.8403627872	-565
63.1418378353	-543
63.3296859264	-543
63.896504879	1057
64.1314280033	-543
64.1395800114	-1420
64.1396329403	-1420
64.1396839619	-1054
64.1397228241	-1420
64.1397578716	-1176
64.1424148083	-1298
64.1606349945	-1420
64.1606998444	-1176
64.164167881	-1298
64.2801508904	-1420
64.2802188396	-1176
64.2881839275	-1420
64.2882199287	-1420
64.2882390022	-1420
64.2882599831	-932
64.2882859707	-1420
64.2882888317	-1176
64.2884328365	543
64.2909858227	-1420
64.2909920216	-1176
64.30210495	-1298
64.3102638721	-1420
64.3103339672	-1420
64.310338974	-1054
64.3125917912	-1420
64.31259799	-1176
64.4288358688	-1420
64.4288539886	-1176
64.4369058609	-1420
64.4369208813	-1420
64.4369628429	-1054
64.4369659424	-1420
64.4369850159	-1420
64.4369897842	-1420
64.4370069504	-1420
64.4370088577	-810
64.4371960163	543
64.4396247864	-1420
64.4396388531	-1420
64.4396908283	-1420
64.4396939278	-932
64.4398479462	543
64.4588479996	-1420
64.4588630199	-1420
64.4589188099	-1054
64.4589219093	-1298
64.4614498615	-1420
64.4614548683	-1420
64.46149683	-1420
64.4614999294	-932
64.5774669647	-1420
64.5774848461	-667
65.3093438148	-543
66.2112998962	543
66.8968229294	1057
67.1162109375	-543
67.1214499474	-1420
67.1215078831	-1176
67.1216788292	-1420
67.1217229366	-1420
67.1217608452	-1054
67.1218090057	-1298
67.1219539642	543
67.1461489201	-1420
67.1461648941	-1176
67.1489779949	-1298
67.2653198242	-1420
67.2653717995	-1176
67.270359993	-1420
67.2704119682	-1176
67.2704329491	-1420
67.2704498768	-1420
67.2704679966	-1420
67.2704730034	-932
67.2707009315	-1420
67.2707037926	-1176
67.2948098183	-1420
67.2948248386	-1420
67.2948639393	-1420
67.2948658466	-932
67.2951128483	543
67.3389718533	-1420
67.3389899731	-1176
67.4142239094	-1420
67.4142429829	-1176
67.4188168049	-1420
67.4188308716	-1420
67.4188849926	-672
67.4190518856	543
67.7249388695	-543
72.3570568562	-543
76.2901759148	-543
84.7608280182	-543
106.321880817	237
106.442984819	-752
106.44362402	126
106.56563282	-51
106.565857887	38
106.685037851	-1420
106.685055971	-84
106.68550992	1057
106.805379868	-543
106.805733919	543
106.924784899	-543
106.924979925	543
107.044392824	-1420
107.044410944	-1179
107.162922859	-543
