0	-543
1.31811285019	543
1.31821584702	543
1.31827187538	543
2.45706486702	-543
2.49538397789	-543
2.63556194305	-543
2.75845384598	543
2.77559089661	-543
2.77855992317	543
3.3180949688	543
3.40116381645	-543
3.85761785507	-1420
3.85767197609	-151
3.85770201683	-1420
3.8577208519	-1316
3.85777497292	-1420
3.85779380798	-1316
3.86999392509	-1420
3.87006282806	-1316
3.88659596443	543
3.88906979561	-1368
3.90486598015	543
3.9054210186	543
3.90563678741	543
3.90587997437	543
3.90616583824	543
3.9063308239	543
3.92457389832	543
3.92491388321	543
3.9251999855	543
3.9857609272	-1334
4.40904688835	-1420
4.40912294388	-1420
4.40917181969	-787
4.40920782089	-1420
4.40925192833	-1420
4.40928983688	-1264
4.43355894089	-1420
4.43361186981	-1420
4.43365097046	-1264
4.44099593163	-1368
4.53726887703	-1420
4.53731393814	-971
4.53743696213	543
4.5586168766	543
4.55883097649	543
4.66553092003	-543
4.70218396187	-543
4.84630799294	-543
4.88977980614	-1368
5.01466989517	-1231
5.01725792885	543
5.01781487465	543
5.0696439743	-543
5.19340896606	-1420
5.19342780113	-151
5.20511889458	-1420
5.20513081551	-1316
5.22545385361	-1420
5.22546982765	-1316
5.22565293312	543
5.25702500343	-1368
5.32133984566	-443
5.48944091797	-1086
5.84215593338	-543
5.84992194176	-1420
5.84998893738	-1316
5.85022187233	-1420
5.85026478767	-1420
5.85030293465	-1264
5.85036993027	-1368
5.85060381889	-1420
5.85065484047	-1316
5.87411785126	-1368
5.97034096718	-1420
5.97040700912	-1316
5.97833490372	-1420
5.9783809185	-1420
5.97842001915	-1420
5.97849082947	-999
5.97853398323	-1420
5.97853779793	-1316
5.97859191895	-1420
5.97859501839	-1420
5.97863101959	-1264
5.97871088982	-1420
5.9787299633	-1316
5.97883486748	-1420
5.97886180878	-1420
5.97886490822	-1264
5.97888088226	-1368
5.97893095016	-1368
5.98603487015	543
6.00255584717	-1420
6.00256180763	-1316
6.09855294228	-1420
6.09856987	-1420
6.09862589836	-1420
6.09862995148	-1212
6.10658884048	-1420
6.10659480095	-1420
6.1066429615	-1420
6.10664582253	-1212
6.10669898987	-1368
6.10670185089	-1420
6.10673689842	-1316
6.10683894157	-1420
6.10687685013	-1316
6.1068789959	-1368
6.10700678825	-1420
6.10701084137	-1420
6.10708999634	-1264
6.10709285736	-1420
6.10712981224	-1316
6.1071908474	-1420
6.10722899437	-1420
6.10723090172	-1420
6.10726499557	-375
6.10733485222	-1420
6.10740184784	-1420
6.10740494728	-1264
6.10743999481	-1420
6.10744285583	-1316
6.1075129509	-1420
6.10751581192	-1420
6.10753488541	-1264
6.10753679276	-1420
6.10755300522	-1316
6.10757398605	543
6.10760498047	-1368
6.10767483711	-1368
6.10772299767	543
6.10810279846	543
6.13090491295	-1420
6.13090991974	-1420
6.13097500801	-1264
6.13097786903	-1420
6.13101482391	-1316
6.2267408371	-1420
6.22682499886	-1420
6.22687983513	-1264
6.22692894936	-1420
6.22696590424	-1316
6.2270898819	-1420
6.22712898254	-1420
6.22717189789	-1264
6.22732186317	543
6.23516392708	-1420
6.23516988754	-1420
6.23521780968	-1420
6.23521995544	-1420
6.23527479172	-1160
6.23527789116	-1420
6.23534297943	-1420
6.23534584045	-1264
6.23538780212	-1420
6.23538994789	-1420
6.23545384407	-1264
6.23545598984	-1420
6.23549079895	-1420
6.23549389839	-1264
6.23552799225	-1368
6.23562288284	543
6.23567390442	-1420
6.23567581177	-1420
6.23567700386	-1264
6.23591399193	-1420
6.23595285416	-1420
6.23595499992	-1264
6.23615288734	543
6.2361907959	-1420
6.23619389534	-1420
6.23619484901	-1264
6.23619484901	-1420
6.23619580269	-1420
6.23619699478	-670
6.77722978592	-543
7.27183794975	-543
7.27327799797	1460
7.27334189415	111
7.75202178955	-1420
7.75205183029	-151
7.75316381454	1460
7.75328588486	1460
7.75337386131	1161
7.75350785255	1460
7.75359892845	1460
7.75367999077	1161
7.75386095047	663
7.78399896622	1460
7.78410100937	111
7.79086899757	1057
7.7947769165	543
7.79732990265	1460
7.79739499092	111
7.95220279694	-1420
7.95222997665	-1420
7.95230579376	-787
7.95261693001	-1420
7.95276594162	-1316
7.95277285576	-1420
7.95286297798	-1316
7.96489286423	-1368
7.9653699398	543
7.983481884	-1420
7.98349785805	-1316
7.98481297493	-1420
7.98482489586	-1316
8.08041286469	-1420
8.08043289185	-1420
8.08046984673	-1420
8.08047294617	-1212
8.08048892021	-1420
8.08049201965	-1316
8.08059597015	-1420
8.08059883118	-1420
8.08060097694	-1264
8.08068180084	-1420
8.08068490028	-1316
8.08078885078	-1420
8.08079099655	-1316
8.08088994026	-1368
8.08113789558	543
8.11166000366	-1420
8.11167192459	-1420
8.11172389984	-1420
8.11172580719	-1420
8.11176085472	-1160
8.11176395416	-1420
8.11179685593	-1420
8.11179995537	-1264
8.11180090904	-1420
8.11180186272	-1316
8.20863294601	-1420
8.20864987373	-1420
8.20870995522	-1264
8.20871281624	-1368
8.20879387856	-1420
8.208796978	-1316
8.20904397964	-1420
8.20904684067	-1420
8.20904898643	-1264
8.20904994011	-1420
8.20905089378	-1420
8.20905184746	-1264
8.20914292336	-1420
8.20914578438	-1316
8.20922684669	543
8.20926094055	-1420
8.2092628479	-1316
8.20932388306	-1368
8.20938587189	-1420
8.20938801765	-1316
8.20951986313	-1420
8.20952391624	-1316
8.20961999893	-1420
8.20962285995	-1316
8.20968198776	-1420
8.20968484879	-1316
8.20975279808	-1368
8.20978999138	543
8.21050882339	543
8.21487379074	543
8.23979091644	-1420
8.23984289169	-1420
8.23990488052	-1264
8.23990678787	-1420
8.23996090889	-1420
8.23996400833	-1264
8.24001383781	-1420
8.24001693726	-1420
8.24001789093	-1264
8.24006891251	-1368
8.24031686783	-1420
8.24031996727	-1420
8.24032092094	-1264
8.24040579796	-1420
8.2404088974	-1420
8.24041080475	-1264
8.24044179916	543
8.24047398567	-1420
8.24047589302	-1420
8.24047684669	-1264
8.24054789543	-1368
8.24061083794	-1420
8.24061393738	-1316
8.24084091187	543
8.3368909359	-1420
8.33690786362	-1420
8.33694696426	-1420
8.33694982529	-1420
8.33697986603	-1160
8.33698892593	-1368
8.33716678619	543
8.33745193481	-1420
8.3374569416	-1420
8.3374979496	-1264
8.33757400513	-1420
8.33759498596	-1420
8.33759689331	-1264
8.33761382103	-1368
8.33773398399	-1420
8.33773684502	-1316
8.33784794807	-1420
8.33785200119	-1420
8.33785390854	-1264
8.33790779114	-1420
8.33791089058	-1316
8.3379509449	-1368
8.33803391457	-1420
8.33803582191	-1420
8.33803582191	-1264
8.33819198608	543
8.33822798729	-1420
8.33823084831	-1420
8.33825993538	-1420
8.33826088905	-1212
8.33831882477	-1420
8.33836698532	-1316
8.33841300011	-1368
8.33846998215	-1420
8.33847594261	-1420
8.33847689629	-1420
8.33847784996	-1212
8.33851194382	-1420
8.33851385117	-1316
8.33865785599	-1420
8.33866095543	-1420
8.3386619091	-1264
8.33893990517	-1368
8.33894300461	-1368
8.33908486366	-1420
8.3390879631	-1420
8.33908891678	-1264
8.33908891678	-1420
8.33908987045	-1420
8.33909082413	-1264
8.33917498589	-1420
8.33917689323	-1316
8.33934092522	-1420
8.33934378624	-1316
8.3394818306	543
8.33959984779	543
8.36838579178	-1420
8.36840081215	-1420
8.36846899986	-1420
8.36847186089	-1212
8.36850786209	-1420
8.36851096153	-1316
8.36854481697	-1420
8.36854696274	-1316
8.3688158989	-1420
8.36882090569	-1420
8.36886096001	-1264
8.36894178391	543
8.36902999878	-1368
8.36910796165	-1420
8.36915278435	-1420
8.36915493011	-1420
8.36919093132	-1212
8.36919283867	-1420
8.36926293373	-185
8.36926484108	-1368
8.36926579475	-1420
8.36926698685	-1420
8.36926794052	-1264
8.36942982674	-1420
8.36943292618	-1420
8.36943387985	-1264
8.36946988106	-1420
8.36947178841	-1316
8.36951994896	-1420
8.36952185631	-1420
8.36952280998	-1264
8.36957383156	-1368
8.36965799332	-1368
8.36969590187	-1368
8.36976194382	-1368
8.36981081963	543
8.36984395981	-1420
8.36984586716	-1420
8.36991000175	-1420
8.3699119091	-1212
8.36995983124	-1368
8.37001180649	-1368
8.37011599541	-1420
8.37011790276	-1316
8.3721268177	-1420
8.37213182449	-1316
8.46534991264	-1420
8.46536684036	-1316
8.4654610157	-1420
8.4654648304	-1316
8.46550798416	-1420
8.46550989151	-1316
8.46554493904	-1420
8.46554780006	-1316
8.46559286118	-1420
8.46559596062	-1316
8.46691393852	-1420
8.46691894531	-1420
8.46696186066	-1420
8.46696400642	-1420
8.46700286865	-1420
8.46700501442	-1108
8.46708083153	-1420
8.46708297729	-1316
8.46708583832	-1420
8.46708798409	-1420
8.46708893776	-1420
8.46708989143	-1212
8.46717786789	-1420
8.46718001366	-1420
8.46718001366	-1264
8.46723389626	-1420
8.4672358036	-1316
8.46754097939	543
8.47504091263	-1420
8.47504782677	-1420
8.47507500648	-1264
8.4934668541	-1420
8.49354195595	-1316
8.49785399437	-168
8.73496985435	-1420
8.73499178886	-1420
8.73505783081	-273
8.73528695107	-1368
8.74302983284	-1368
8.750674963	-1368
8.76541399956	-1368
8.78494095802	-1420
8.78499698639	-1420
8.78500199318	-1420
8.78501987457	-1420
8.78502202034	-1420
8.78503894806	-1108
8.78504085541	-1368
8.78516197205	-1420
8.78516483307	-1316
8.78525185585	-1368
8.78544092178	543
8.78598189354	543
8.7883169651	1057
8.79223585129	1057
8.79308080673	543
8.79348683357	543
8.79478287697	-1420
8.79479193687	-1420
8.79485297203	-1264
8.79485583305	-1420
8.79490089417	-1316
8.79491400719	-1368
8.79514288902	-1420
8.79514694214	-1316
8.79539394379	-1368
8.79540085793	-1420
8.79543280602	-1316
8.79568386078	-1420
8.79568791389	-1316
8.79571485519	543
8.79597878456	-1420
8.79599380493	-1316
8.79619288445	543
8.8064558506	-1420
8.80646181107	-1420
8.80650401115	-1264
8.80684185028	-1420
8.80690097809	-1316
8.80690383911	-1368
8.80700087547	-1420
8.80700492859	-1316
8.80720686913	-1420
8.80721092224	-1316
8.80725288391	-1420
8.80725479126	-1316
8.81653094292	-1420
8.81653690338	-1420
8.81656289101	-1264
8.81668186188	-1420
8.81672382355	-1316
8.81678986549	-1420
8.81682991982	-1316
8.81692886353	543
8.82023596764	-1368
8.82209587097	-1420
8.82216000557	-1316
8.82216286659	-1420
8.82219982147	-1420
8.82220196724	-1264
8.82225680351	-1420
8.82225894928	-1316
8.82235097885	-1368
8.84783983231	-1420
8.84788990021	-1316
8.86280488968	-89
8.95955896378	-1420
8.95956683159	-1316
8.95990395546	-1420
8.95990800858	-1316
8.95996499062	-1368
8.960064888	543
8.96026992798	-1420
8.96027493477	-1316
8.96039295197	-1420
8.96039700508	-1316
8.96048593521	-1368
8.96059393883	-1368
8.96088981628	543
8.97039079666	-1420
8.97040295601	-1316
8.97045779228	-1420
8.97046089172	-1316
8.97083497047	-1420
8.97083997726	-1420
8.97089195251	-1264
8.97138285637	-1368
8.97146892548	-1368
8.9716899395	-1420
8.97176194191	-1316
8.97176480293	-1420
8.97180700302	-1420
8.97180891037	-1264
8.97211480141	543
8.98004484177	-1420
8.98005080223	-1316
8.98009181023	-1368
8.98184084892	-1420
8.98188591003	-1420
8.98188900948	-1264
8.98262286186	-1420
8.98262786865	-1420
8.98266983032	-1264
8.98330998421	-1420
8.98335385323	-1420
8.98335695267	-1264
8.98368787766	-1368
8.98411488533	-1420
8.9841709137	-1420
8.98417496681	-1264
8.98421096802	-1368
8.98430395126	543
8.99113082886	-1420
8.99113583565	-1316
8.99123382568	543
8.99386787415	-1420
8.99387383461	-1316
8.99392199516	-1420
8.99392390251	-1316
8.99402499199	-1420
8.99402785301	-1316
8.99437189102	-1420
8.99437689781	-1316
8.99444389343	-1368
8.9946269989	-1368
8.99475288391	-1420
8.99475598335	-1316
8.99479389191	-1368
8.99487781525	-1368
9.02305698395	-1420
9.02306890488	-1420
9.02312088013	-1264
9.03012084961	-263
9.04176092148	-1368
9.05482196808	-1420
9.05485200882	-1420
9.05485486984	-1264
9.1698679924	-269
9.19537901878	-1420
9.19546079636	-1420
9.19546985626	-1264
9.19551181793	-1368
9.19581890106	-1420
9.19593381882	-1316
9.1959400177	-1368
9.19666600227	-1420
9.19667887688	-1420
9.19677782059	-1264
9.19678401947	-1368
9.19706583023	543
9.20818686485	-1420
9.2082028389	-1420
9.2083067894	-1264
9.20831298828	-1420
9.20839881897	-1316
9.20840501785	-1368
9.20863389969	-1368
9.20876097679	-1368
9.20893979073	-1368
9.20909190178	-1420
9.20913887024	-1316
9.20940589905	-1368
9.20950198174	-1420
9.20950889587	-1420
9.20959687233	-1264
9.2097837925	543
9.21148300171	543
9.22679781914	-1368
9.22681498528	-1420
9.22687482834	-1316
9.23208880424	-1420
9.23215889931	-1316
9.23245501518	-1420
9.23262286186	-1420
9.23263001442	-1264
9.23271894455	-1420
9.23272490501	-1420
9.23280596733	-1264
9.23314285278	-1368
9.23319387436	-1368
9.25100278854	-1420
9.25103378296	-1420
9.2510368824	-1264
9.25169682503	-1420
9.25170278549	-1420
9.25172400475	-1264
9.25354480743	-1420
9.2535738945	-1420
9.25357699394	-1420
9.25359296799	-1420
9.25359582901	-1160
9.25361084938	-1420
9.25361299515	-1420
9.25362801552	-1264
9.25366687775	-1420
9.25368499756	-1316
9.25376391411	543
9.25394487381	543
9.26183891296	-1420
9.26184487343	-1316
9.26561379433	-1420
9.2656288147	-1316
9.29266691208	543
9.29500484467	543
9.29715895653	-1420
9.29717087746	-1316
9.32337880135	-1291
9.45977687836	-1368
9.49197387695	-203
9.56591796875	-1420
9.56593585014	-1316
9.59764695168	-1368
9.62008500099	-580
9.71288394928	-1368
9.71308898926	-1368
9.71318292618	543
9.71349978447	-1420
9.71350479126	-1316
9.71359086037	-1368
9.71369695663	-1420
9.71373796463	-1316
9.71382498741	-1420
9.71387481689	-1316
9.7351269722	-1368
9.74489283562	-1368
9.74802994728	-633
9.86074090004	-1420
9.86074781418	-1316
9.86194396019	-1368
9.8770108223	-1368
9.87711596489	543
9.89233493805	-1368
9.91624593735	-986
9.9239628315	-1368
10.0443239212	-746
10.183262825	-1420
10.183287859	-1420
10.1833570004	-273
10.1833629608	-1368
10.1837859154	-1420
10.1837968826	-1316
10.1841068268	-1420
10.1841158867	-1316
10.1844499111	543
10.19439888	-1368
10.2167649269	-1420
10.2168397903	-1316
10.2170348167	543
10.3113179207	-1023
10.3120818138	543
10.3163499832	543
10.3177559376	543
11.0318689346	-1420
11.031883955	-1420
11.0319459438	-273
11.0634269714	-1368
11.1600439548	-1260
11.2741868496	543
11.2766869068	543
11.2948479652	543
11.295058012	543
11.295249939	543
11.2954418659	543
11.2956118584	543
11.2957808971	543
11.314871788	543
11.3153238297	543
11.3155009747	543
11.3158318996	543
11.316054821	543
11.4619870186	-1420
11.4620409012	-1420
11.4620809555	-787
11.4911179543	-1368
11.4911618233	-1420
11.4911808968	-1316
11.4914917946	-1420
11.4915158749	-1316
11.4915339947	-1368
11.4981708527	543
11.4982368946	-1420
11.498238802	-1420
11.498239994	-1264
11.498374939	543
11.501803875	-1420
11.5018079281	-1420
11.5018467903	-1264
11.5273878574	-1420
11.5274498463	-1316
11.5274538994	-1420
11.5275008678	-1316
11.5275039673	-1420
11.5275390148	-1316
11.5277369022	-1420
11.5278248787	-1316
11.5278279781	-1420
11.5278639793	-1420
11.5278658867	-1264
11.5281379223	-1420
11.5281429291	-1316
11.5282018185	-1420
11.5282049179	-1316
11.5283479691	543
11.5332098007	-1420
11.5332159996	-1420
11.5332620144	-1264
11.5332939625	-1420
11.5333139896	-1316
11.5333938599	543
11.5334329605	-1368
11.5371618271	-1420
11.5372238159	-1420
11.5372269154	-1420
11.5372648239	-1212
11.5372669697	-1368
11.5449118614	543
11.5557019711	-1368
11.5558648109	-1368
11.5562570095	-1420
11.5562620163	-1316
11.5654149055	-1420
11.565420866	-1316
11.5673789978	-1368
11.5683670044	-1420
11.568395853	-1316
11.5694749355	-1368
11.5705628395	-1420
11.5705688	-1316
11.5708839893	-1368
11.5904278755	-1420
11.590515852	-1420
11.5905199051	-1264
11.5905578136	-1420
11.5905609131	-195
11.6196208	-1368
11.6455559731	-1420
11.6456048489	-1316
11.6456449032	-1368
11.6460428238	-1420
11.6460478306	-1316
11.6460998058	-1420
11.6461029053	-1316
11.648763895	-1420
11.6487708092	-1316
11.648886919	-1420
11.6488900185	-1316
11.6489098072	543
11.6489419937	-1368
11.6495029926	543
11.6496798992	1057
11.6619269848	-1368
11.7184579372	-127
11.9400248528	-1420
11.940092802	-1179
11.9892499447	-1420
11.9893169403	-1316
12.0022130013	-1368
12.0228068829	-1368
12.0681219101	-783
12.0725939274	543
12.0730788708	543
12.317843914	-1420
12.317855835	-1420
12.3179090023	-787
12.318199873	-1368
12.3182280064	-1368
12.3183379173	-1368
12.3184678555	-1420
12.3184728622	-1316
12.3185958862	-1420
12.3185999393	-1316
12.3187317848	-1368
12.3208379745	-1420
12.3208639622	-1316
12.3491959572	-1420
12.3492619991	-1420
12.3492670059	-1420
12.3493130207	-1212
12.3494398594	543
12.4459078312	-670
12.4485628605	543
12.5709788799	-1368
12.5975458622	-1368
12.6224370003	-949
12.6231758595	543
12.7381517887	-543
12.7516329288	-543
12.751940012	-1368
12.7836549282	-1368
12.7837529182	543
12.8620297909	-1420
12.8620369434	-1316
12.88240695	-269
12.8859808445	543
12.8938438892	-1368
12.9256157875	-1420
12.9256689548	-1316
12.9257638454	543
12.9570360184	-1368
13.0221869946	-298
13.0229008198	543
13.0309829712	1057
13.1771938801	-1420
13.1772170067	-151
13.1776499748	543
13.1808538437	543
13.2083089352	-1368
13.2246239185	543
13.3056719303	-1231
13.3149049282	543
13.3181328773	543
13.3181889057	543
13.3182368279	543
13.3381748199	543
13.3383789062	543
13.3548679352	543
13.3550739288	543
13.3552458286	1057
13.362749815	-1368
13.3631618023	-1368
13.3637030125	-1368
13.3687930107	-1368
13.3714239597	-1368
13.3750679493	-1420
13.3751149178	-1420
13.3751180172	-1264
13.3752739429	-1420
13.3752789497	-1316
13.3753569126	-1368
13.3755469322	-1420
13.3755919933	-1316
13.376033783	-1420
13.376074791	-1316
13.3760778904	-1368
13.3809039593	-1420
13.3809089661	-1316
13.3813807964	-1420
13.3813869953	-1316
13.3814718723	543
13.3867168427	-1420
13.3867228031	-1316
13.3872489929	-1420
13.3872528076	-1316
13.3882308006	-1420
13.3882348537	-1316
13.3882799149	-1420
13.388299942	-1316
13.3954868317	-1420
13.3954918385	-1316
13.3955528736	-1420
13.3955559731	-1316
13.395788908	-1420
13.3957939148	-1316
13.3959739208	-1420
13.3959770203	-1316
13.3960909843	543
13.3980398178	-1420
13.3980448246	-1316
13.3981227875	543
13.4373698235	-539
13.4478459358	1057
13.4483988285	543
13.5765078068	-1420
13.5765240192	-1420
13.5765788555	-787
13.5823788643	-1368
13.5843307972	-1420
13.5843369961	-1316
13.5858290195	-1368
13.5875439644	-1368
13.5888068676	-1368
13.5897099972	-1368
13.5908019543	-1368
13.5914168358	-1368
13.592099905	543
13.5924239159	-1420
13.5924289227	-1316
13.592471838	-1368
13.5939488411	-1420
13.5939919949	-1420
13.5939948559	-1264
13.5941169262	543
13.5942540169	-1420
13.5942578316	-1316
13.5949378014	-1420
13.5949418545	-1316
13.595430851	-1368
13.5958340168	-1420
13.5958549976	-1316
13.5963308811	-1368
13.5987119675	-1420
13.5987179279	-1316
13.5994238853	-1420
13.5994269848	-1420
13.5994639397	-1264
13.6000008583	-1420
13.6000239849	-1316
13.6004798412	-1368
13.6007628441	-1420
13.6007659435	-1420
13.6008188725	-1264
13.6008219719	-1420
13.6008570194	-1316
13.6010138988	-1368
13.6012239456	-1420
13.6012279987	-1316
13.601336956	-1368
13.6014449596	-1420
13.601446867	-1316
13.6015539169	-1420
13.6015558243	-1316
13.6019799709	-1420
13.601982832	-1316
13.6028459072	-1420
13.6028490067	-1316
13.6028859615	-1368
13.6029679775	-1420
13.6029698849	-1420
13.6029717922	-1264
13.6036608219	-1420
13.603664875	-1316
13.6037919521	-1420
13.6037948132	-1316
13.6045179367	543
13.6046988964	543
13.6050059795	543
13.6062958241	-1420
13.6063008308	-1316
13.6063718796	-1368
13.6071209908	-1420
13.6071588993	-1316
13.6072487831	-1368
13.6076529026	-1368
13.6081190109	-1420
13.6081588268	-1316
13.6081628799	-1368
13.6391808987	-1420
13.639195919	-1316
13.6392409801	-1368
13.6393899918	543
13.6671259403	-1368
13.6677269936	-1420
13.6677889824	-1420
13.6678099632	-1264
13.6678547859	-1368
13.6689579487	-1420
13.6689817905	-1316
13.6696619987	-1368
13.6702678204	-1420
13.6702749729	-1420
13.6703169346	-1264
13.6717808247	-1420
13.6718289852	-1316
13.6718318462	-1368
13.6720910072	-1420
13.6720948219	-1316
13.6722619534	-1420
13.6722660065	-1316
13.6723799706	-1368
13.6771500111	-1420
13.6772038937	-1420
13.6772079468	-1264
13.6773078442	-1420
13.6773118973	-1316
13.6773908138	-1368
13.6779778004	-1420
13.6780378819	-1420
13.6780409813	-1264
13.6782708168	-1420
13.6782748699	-1316
13.6783177853	-1368
13.6783897877	-1420
13.6784279346	-1316
13.6787288189	-1368
13.6788878441	-1420
13.6788909435	-1316
13.6790249348	-1420
13.6790289879	-1316
13.6791348457	-1368
13.6798739433	543
13.6801497936	1057
13.7047679424	-1290
13.8361339569	-543
13.8458018303	-1420
13.8458077908	-1316
13.8459489346	-1368
13.8466308117	-1368
13.8467798233	-1368
13.8591148853	-1368
13.8756158352	-1420
13.8756699562	-1316
13.877494812	-1368
13.9149239063	543
13.9790389538	-770
13.9837989807	543
13.984058857	543
14.0143389702	-1368
14.0146548748	-1368
14.0151538849	-1420
14.0151588917	-1316
14.0153999329	-1420
14.015403986	-1316
14.0155358315	-1420
14.0155389309	-1420
14.0155959129	-1264
14.0162308216	-1368
14.0163218975	-1368
14.0165698528	-1420
14.0166509151	-1420
14.0166540146	-1264
14.0166900158	-1420
14.0166919231	-1420
14.016728878	-1264
14.0168168545	-1420
14.0168199539	-1316
14.0169320107	-1420
14.0169358253	-1316
14.0170879364	-1368
14.0175178051	543
14.0334608555	-1420
14.0334739685	-1316
14.0335288048	-1368
14.0342907906	-1420
14.0343179703	-1316
14.0344059467	543
14.034444809	-1368
14.0345489979	543
14.0345649719	-1368
14.0347340107	-1420
14.0347859859	-1316
14.0348069668	-1368
14.0454277992	-1420
14.0454349518	-1316
14.0845789909	-1420
14.0845859051	-1420
14.0846309662	-1264
14.0852138996	-1420
14.0852599144	-1420
14.0852630138	-1264
14.0853319168	-1368
14.0895328522	543
14.095181942	-1420
14.0951869488	-1316
14.1170639992	-1368
14.1471688747	-1098
14.3007769585	-543
14.3182089329	543
14.3182578087	543
14.4040088654	-1420
14.4040307999	-1420
14.404088974	-1420
14.404091835	-1212
14.4041287899	-1420
14.4041318893	-1316
14.4041848183	-1420
14.404186964	-1316
14.4044229984	543
14.4156219959	-1368
14.4338858128	-1420
14.4339399338	-1316
14.4833798409	-604
14.6515088081	-543
14.8045129776	-1420
14.8045289516	-151
14.8046398163	-1368
14.8048708439	-1420
14.8049118519	-1316
14.8050479889	-1420
14.8050680161	-1316
14.8051288128	-1420
14.8051478863	-1420
14.8051497936	-1264
14.805262804	-1420
14.8052659035	-1316
14.8054418564	-1368
14.8056240082	-1368
14.8057498932	-1420
14.8057529926	-1420
14.8057878017	-1264
14.8057899475	-1368
14.8058989048	-1420
14.8059008121	-1316
14.8060688972	-1368
14.8062639236	-1420
14.8062667847	-1316
14.806388855	-1420
14.8063919544	-1316
14.808287859	543
14.8084318638	543
14.8093190193	-1420
14.8093249798	-1420
14.8093659878	-1264
14.8371489048	-1368
14.8772909641	-1368
14.8773519993	-1420
14.877393961	-1420
14.877396822	-1264
14.8775188923	-1420
14.8775219917	-1316
14.8915197849	-1420
14.8915328979	-1420
14.8915929794	-1264
14.89417696	-543
14.9141860008	-1368
14.9326019287	-995
14.9349529743	543
15.2161178589	-1420
15.2161300182	-151
15.2162549496	543
15.2382979393	-1368
15.2433459759	-1368
15.3488819599	-406
15.4552359581	-543
15.5800619125	-1420
15.5801329613	-1420
15.5801877975	-787
15.5807418823	-1368
15.5886938572	-1420
15.5887548923	-1316
15.5887928009	-1368
15.5889439583	543
15.6119918823	-1420
15.612005949	-1420
15.6120669842	-1264
15.6352229118	-1368
15.6352889538	-1420
15.6352939606	-1420
15.6353199482	-1264
15.6354379654	-1368
15.6355497837	543
15.6361949444	-1420
15.6362009048	-1420
15.6362428665	-1264
15.6363739967	-1368
15.6366808414	-1368
15.6368689537	-1420
15.6369128227	-1420
15.6369149685	-1264
15.6369688511	-1420
15.6369719505	-1316
15.6449508667	-1420
15.6449580193	-1316
15.6751348972	-1420
15.675153017	-1316
15.6847429276	543
15.7115387917	-333
16.5382609367	-543
16.5513739586	543
16.7452487946	-1420
16.7453079224	-151
16.7459328175	-1420
16.7459578514	-1316
16.7460489273	-1420
16.7460689545	-1316
16.7467029095	543
16.7572147846	-1420
16.7572209835	-1316
16.7772929668	-1420
16.7773079872	-1420
16.777368784	-1420
16.7773718834	-1420
16.7774338722	-1420
16.7774379253	-1108
16.7774808407	-1368
16.7774829865	-1420
16.7775278091	-1316
16.7777209282	543
16.7781438828	-1420
16.7781488895	-1316
16.7782649994	-1420
16.7782678604	-1420
16.7783179283	-1264
16.7783207893	-1420
16.7783558369	-1316
16.7784099579	-1368
16.7890160084	-1420
16.7890219688	-1316
16.7982869148	543
16.7983648777	-1368
16.873598814	-1420
16.8736169338	-1420
16.8736739159	-1420
16.8736758232	-1212
16.8740308285	-1420
16.8740348816	-1420
16.8740839958	-1264
16.8740868568	-1420
16.8741219044	-1316
16.8741748333	-1420
16.8741939068	-1316
16.8742928505	-1368
16.8854298592	-1420
16.8854398727	-1420
16.8854718208	-1420
16.8854739666	-1212
16.8873980045	543
16.905548811	-1420
16.9055638313	-1316
16.9056208134	-1420
16.9056429863	-1316
16.9057679176	-1420
16.9057719707	-1420
16.90583992	-1264
16.9058430195	-1420
16.9059889317	-1420
16.905990839	-1264
16.9060578346	-1420
16.9060599804	-1420
16.9061188698	-1420
16.9061229229	-1212
16.9061589241	-1420
16.9061617851	-29
16.9063630104	543
17.7114439011	-543
17.9194478989	543
18.0639569759	-543
18.0825519562	-1420
18.082638979	-1316
18.0972049236	-1420
18.0973289013	-1316
18.1921908855	-240
18.366907835	-1420
18.3670048714	-1420
18.3670678139	-1420
18.367112875	-1415
18.367153883	-1420
18.3671939373	-1420
18.3672327995	-1264
18.3776288033	-1420
18.3776779175	-1316
18.4952578545	-1420
18.4953968525	-1420
18.4954049587	-1420
18.4955489635	-1420
18.4955558777	-1420
18.495639801	-1108
18.4956448078	-1420
18.4957268238	-1420
18.4957318306	-1420
18.495816946	-1212
18.4958229065	-1420
18.4959068298	-1316
18.4959127903	-1420
18.496065855	-1420
18.4960718155	-1420
18.4961929321	-625
18.4966139793	543
18.6742169857	-1420
18.6742479801	-1420
18.6743249893	-787
18.6745779514	543
18.7059578896	-1420
18.7059710026	-1420
18.7060058117	-1264
18.802366972	-66
18.9200999737	543
19.4865448475	-543
19.4885258675	1057
19.9009978771	-543
20.1449398994	-1057
22.3191177845	543
22.3192818165	543
22.319329977	543
23.1619358063	-543
23.2525339127	-1420
23.2525858879	-1316
23.2839958668	-1368
23.2879588604	543
23.2898478508	-580
23.5715339184	-1420
23.5716598034	-1420
23.571710825	-273
23.861579895	-1420
23.8616249561	-151
23.8624048233	-1368
23.8631289005	-1368
23.8635308743	-1368
23.8640918732	-1368
23.8648788929	-1420
23.8649818897	-1420
23.86510396	-1264
23.8934597969	-1368
23.9898328781	-1420
23.9899539948	-1420
23.9900519848	-1420
23.9901528358	-1212
23.9907808304	-1420
23.9908299446	-1316
23.9910969734	-1420
23.9911057949	-1316
23.9918467999	-1420
23.9918539524	-1316
23.9923348427	-1420
23.9923429489	-1316
23.9928297997	543
23.9931678772	-1420
23.9931769371	-1420
23.9932689667	-1264
23.9932808876	-1420
23.993283987	-1420
23.9932858944	-1264
24.0217018127	-1420
24.0217177868	-1316
24.0220558643	543
24.118103981	-1420
24.1181228161	-1420
24.1181638241	-1420
24.1181669235	-1420
24.1181848049	-1160
24.1181869507	-1420
24.1182038784	-1316
24.1182057858	-1368
24.118585825	543
24.1188979149	-1420
24.1189029217	-1316
24.1189348698	-1420
24.1189379692	-1316
24.1192059517	-1420
24.1192138195	-1316
24.1193377972	-1420
24.119343996	-1316
24.1199448109	-1420
24.1199569702	-1420
24.120043993	-1264
24.1203789711	-1368
24.1204359531	-1420
24.1204419136	-606
24.168186903	-1420
24.1682009697	-1316
24.1682360172	-1420
24.1682388783	-1316
24.1682579517	-1368
24.1684048176	543
24.1685199738	-1368
24.1688349247	-1420
24.1688799858	-1316
24.1691989899	-1368
24.1702449322	-1420
24.1702518463	-1316
24.1706089973	-1420
24.1706149578	-1420
24.1706359386	-1264
24.1711809635	-1420
24.1712048054	-1420
24.1712069511	-1264
24.1720089912	-1368
24.1721057892	543
24.2465078831	-1420
24.246532917	-1420
24.2466537952	-1420
24.2466609478	-1420
24.2467498779	-1160
24.2467567921	-1420
24.2468469143	-1316
24.2472229004	543
24.2486557961	-1158
24.4777569771	-1420
24.4778130054	-151
25.2791860104	-1420
25.2792818546	-1420
25.2793288231	-99
25.2793679237	-1368
25.279722929	-1368
25.2906908989	-1368
25.3109238148	-1420
25.3109948635	-1420
25.3110399246	-1264
25.4071109295	-335
25.586234808	-1420
25.5863058567	-1420
25.5863509178	-99
25.5865268707	-1420
25.586616993	-1316
25.59460783	-1420
25.5946888924	-1316
25.5979959965	543
25.6180939674	-1420
25.6181108952	-1420
25.6181809902	-1264
25.6181838512	-1368
25.7142210007	-169
25.8929288387	-1420
25.8929359913	-1420
25.8929619789	-787
25.9037878513	-1420
25.9038038254	-1420
25.9038698673	-1264
26.0211830139	-609
26.0221259594	543
26.0243828297	543
26.33679986	-543
26.4478459358	-1368
26.4481258392	-1420
26.4481518269	-1316
26.4482398033	543
26.4484248161	-1420
26.4484288692	-1420
26.4484679699	-1264
26.4598298073	-1368
26.4611639977	-1420
26.4611690044	-1316
26.4612820148	543
26.4792208672	-1420
26.4792368412	-1316
26.5047638416	-604
26.5186619759	543
26.5282268524	543
27.2011208534	-543
27.6658759117	-1420
27.6659829617	-665
27.6667149067	543
27.6676249504	543
28.3025028706	-1420
28.302521944	-151
28.3182148933	543
28.4305689335	-543
28.8577308655	-543
29.7084269524	-543
