0	543
0.997246980667	543
0.997473955154	543
1.34955096245	-543
1.69523000717	-543
1.99706912041	543
2.08972597122	-543
3.23510193825	543
3.27402210236	543
3.49390006065	-543
3.66199994087	-543
4.01505303383	-1420
4.01511907578	-1420
4.0151591301	-787
4.01590108871	-1420
4.01594805717	-1420
4.01600503922	-1300
4.02725696564	-1420
4.02731895447	-1340
4.05025696754	543
4.08399796486	543
4.14189004898	-383
4.16253900528	-1420
4.16260504723	-1340
4.16308903694	-1380
4.1635761261	-1420
4.16357898712	-1420
4.16361713409	-1300
4.17655515671	-1420
4.17662000656	-1340
4.17662405968	-1380
4.17990493774	543
4.18151712418	543
4.18183493614	543
4.28935098648	-604
4.43235516548	-543
4.43344807625	1460
4.43349909782	111
4.59509015083	-1420
4.59510707855	-1420
4.59516310692	-787
4.59647011757	-1420
4.59651207924	-1420
4.59651494026	-1300
4.59827208519	-1420
4.59827899933	-1340
4.59886002541	-1380
4.5998749733	-1420
4.59990096092	-1420
4.59990406036	-1300
4.60359501839	-1420
4.60361194611	-1420
4.60366797447	-1300
4.60465812683	-1420
4.60470509529	-1420
4.60470700264	-1300
4.60537004471	-1380
4.68507599831	-1420
4.68509316444	-1420
4.68514895439	-1300
4.68533301353	543
4.68820714951	-1380
4.72201800346	-1420
4.72208309174	-1420
4.72208714485	-1420
4.72211098671	-1420
4.72211313248	-1420
4.72213697433	-1180
4.72319197655	-1420
4.72324204445	-1420
4.72324514389	-1300
4.72328901291	-1420
4.72329211235	-1420
4.72332906723	-1300
4.72502708435	-1420
4.72507810593	-1420
4.72508096695	-1300
4.72511601448	-1380
4.7266190052	-1380
4.72669005394	-1420
4.72669315338	-1340
4.72678399086	-1418
4.72709393501	543
4.72725510597	543
4.78635001183	-1420
4.78637599945	-1420
4.78644800186	-1300
4.7864511013	-1420
4.78649616241	-1340
4.78649902344	-1380
4.7989051342	-1380
4.85356402397	-251
4.98057603836	-543
4.98813796043	-1420
4.98814797401	-1340
4.9893860817	-1420
4.98939108849	-1420
4.98944115639	-1300
4.99059200287	-1420
4.99059796333	-1420
4.99064707756	-1300
4.99201607704	-1420
4.99202203751	-1420
4.99206495285	-1300
4.99214601517	543
4.99323797226	-1380
4.99438405037	-1420
4.9944190979	-1340
4.99578094482	-1420
4.99582600594	-1420
4.99583005905	-1300
4.99604201317	543
4.99622297287	543
4.99652314186	1460
4.99656915665	1139
4.9966609478	-1380
4.99676513672	1460
4.99680900574	1460
4.99685096741	707
4.99724411964	543
4.99742507935	543
4.99796009064	-1420
4.9979660511	-1340
5.00017309189	-1380
5.08618807793	-1420
5.08620405197	-1340
5.08662104607	-1420
5.08662605286	-1340
5.08664798737	-1380
5.08784413338	-1420
5.08788204193	-1340
5.08788514137	-1380
5.08913707733	-1420
5.08914399147	-1340
5.08918309212	-1380
5.0901529789	-1380
5.09098005295	-1420
5.09098601341	-1340
5.09105300903	1057
5.09148812294	-1380
5.09172606468	-1420
5.09176707268	-1340
5.09211015701	-1380
5.09255599976	-1420
5.09256005287	-1340
5.09854006767	-1420
5.09854698181	-1340
5.11472797394	-68
5.18513202667	-1380
5.19848299026	-1420
5.19849801064	-1420
5.19855999947	-1300
5.19856309891	-1420
5.1986041069	-1340
5.19860696793	-1380
5.19883012772	543
5.20168995857	-1420
5.20169615746	-1420
5.20174002647	-1300
5.20222496986	-1420
5.20227909088	-1340
5.20231413841	-1380
5.20270013809	-1380
5.20293211937	-1420
5.20297503471	-1340
5.20319199562	-1380
5.24146509171	-503
5.2859351635	-1380
5.28658008575	-1420
5.28658509254	-1420
5.28662514687	-1300
5.28678393364	543
5.28761601448	-1420
5.2876200676	-1420
5.28765106201	-1300
5.28771901131	543
5.28820610046	-1420
5.28821110725	-1420
5.28823900223	-1300
5.28977298737	-1420
5.28982615471	-1340
5.29022312164	-1380
5.29088711739	-1420
5.29089307785	-1340
5.29094195366	-1380
5.29127311707	-1380
5.29165506363	-1420
5.29166102409	-1340
5.298828125	-1380
5.29888606071	-1380
5.36802506447	-181
5.38499712944	-1380
5.38820910454	-1420
5.38821411133	-1420
5.38825511932	-1300
5.3883459568	543
5.39100408554	-1420
5.39101004601	-1420
5.39105510712	-1300
5.39363312721	-1420
5.39367699623	-1420
5.39368009567	-1300
5.39639902115	-1420
5.39640498161	-1340
5.39659905434	1460
5.39664697647	111
5.3981859684	-1380
5.40022802353	-1420
5.4002699852	-1420
5.40027308464	-1300
5.40170907974	-1420
5.40171313286	-1340
5.40178108215	-1380
5.40186500549	1460
5.4019100666	111
5.40423893929	-1420
5.40424394608	-1420
5.40427398682	-1300
5.40434813499	543
5.40654397011	-1380
5.48338294029	-1420
5.48340010643	-1340
5.48360204697	-1420
5.48360610008	-1420
5.48364496231	-1300
5.48376202583	-1420
5.48379993439	-1340
5.48386096954	-1420
5.48387908936	-1420
5.4838809967	-1300
5.48390698433	-1380
5.48509907722	-1420
5.48514199257	-1420
5.48514509201	-1300
5.48594903946	-1420
5.4859521389	-1420
5.4859790802	-1300
5.4943010807	543
5.49639296532	-1380
5.51189613342	-743
5.58060693741	-1380
5.58095598221	-1420
5.5810239315	-1420
5.58102798462	-1300
5.58133816719	-1420
5.58134293556	-1420
5.58138394356	-1300
5.58166909218	-1380
5.58176803589	-1420
5.58177113533	-1340
5.58181715012	-1420
5.58181905746	-1340
5.58197116852	543
5.58254694939	-1380
5.58304715157	-1420
5.58309006691	-1420
5.58309316635	-1420
5.58313798904	-1420
5.58314108849	-1220
5.58327698708	543
5.58332109451	-1420
5.58341598511	-1340
5.58344006538	-1380
5.58347702026	543
5.59269309044	-1380
5.59785914421	543
5.59811496735	543
5.63893508911	-886
5.66021299362	543
5.66048598289	1057
5.68381905556	-1420
5.68383407593	-1420
5.68388700485	-1300
5.6843521595	-1420
5.6843791008	-1420
5.68438196182	-1300
5.68464303017	-1420
5.68464803696	-1340
5.68838310242	-1420
5.68839812279	-1420
5.68846702576	-1300
5.6884701252	-1380
5.68891716003	-1420
5.68892216682	-1340
5.68905210495	-1420
5.68905615807	-1340
5.68912005424	-1380
5.68981099129	-1420
5.6898560524	-1340
5.68985795975	-1420
5.68987703323	-1340
5.69023895264	543
5.69570803642	-1380
5.76417398453	-543
5.76557707787	-915
5.79039001465	-1380
5.79304409027	-1420
5.79305005074	-1420
5.79309606552	-1300
5.79556894302	-1420
5.79557514191	-1420
5.79561805725	-1300
5.7980401516	-1420
5.79804515839	-1340
5.79816508293	543
5.79992699623	-1420
5.79993414879	-1420
5.79997706413	-1300
5.80290699005	-1420
5.80294013023	-1340
5.80298900604	-1380
5.80435395241	-1420
5.80436015129	-1340
5.80438303947	-1380
5.80447411537	543
5.80553507805	-1420
5.80554103851	-1420
5.80558300018	-1300
5.80861711502	-1420
5.80865812302	-1420
5.80866098404	-1300
5.80962514877	-1380
5.8102209568	-1420
5.81026601791	-1340
5.81181502342	-1420
5.81185102463	-1340
5.88169503212	543
5.88218212128	543
5.88247299194	543
5.88270998001	543
5.88562202454	-1380
5.88809514046	-1420
5.88811206818	-1420
5.88816714287	-1300
5.88817095757	-1380
5.8887629509	-1420
5.88876700401	-1340
5.89039611816	-1420
5.89039993286	-1340
5.89053416252	-1380
5.89182305336	-1420
5.89184904099	-1340
5.89257693291	-229
5.89316797256	-1380
5.89368510246	-1420
5.89371800423	-1340
5.89377403259	-1380
5.89430403709	-1420
5.89430809021	-1340
5.89516806602	-1380
5.89523601532	543
5.8954911232	543
5.89607906342	-1380
5.89711904526	-1420
5.89716410637	-1340
5.92761898041	-543
5.92816400528	-1420
5.92820811272	-1316
5.98685407639	-1420
5.9868710041	-1420
5.98692703247	-1300
5.98802495003	-1420
5.98809313774	-1340
5.98809599876	-1380
5.98948001862	-1380
5.9896440506	-1420
5.98966407776	-1340
5.9906680584	-1420
5.99069809914	-1340
5.99079799652	-1380
5.99436998367	-1420
5.99437713623	-1420
5.99442100525	-1300
5.99455809593	543
5.99523997307	-1420
5.99524497986	-1340
5.99556398392	-1380
5.99740099907	-1420
5.99743509293	-1340
5.9979660511	-1380
5.99841713905	-1380
5.99910116196	543
6.01950597763	-168
6.05766296387	-920
6.08466911316	543
6.08497309685	-1420
6.08498001099	-1340
6.08514714241	-1420
6.08515000343	-1420
6.08519816399	-1300
6.08577013016	-1420
6.08577513695	-1420
6.08582401276	-1300
6.08606600761	-1420
6.08610701561	-1420
6.08611011505	-1300
6.08758211136	543
6.09052395821	-1380
6.09112095833	543
6.09149312973	543
6.09154200554	-1380
6.09295296669	-1380
6.09744715691	-1420
6.0974521637	-1340
6.10988306999	543
6.11482405663	-1420
6.11483097076	-1316
6.11491513252	-1368
6.14621901512	-341
6.18959093094	-1420
6.18961000443	-1420
6.18968105316	-1300
6.190513134	-1420
6.19056415558	-1340
6.1905670166	-1380
6.19126105309	-1420
6.19182801247	-1420
6.19188499451	-1300
6.19188809395	-1420
6.19192194939	-1340
6.19192504883	-1380
6.19276094437	-1380
6.19282507896	-1420
6.19285202026	-1340
6.20024299622	-1380
6.21469807625	-638
6.21981501579	543
6.23020005226	543
6.23046803474	543
6.27313303947	-884
6.28888511658	-1420
6.28894209862	-1340
6.28957295418	-1420
6.28961610794	-1420
6.28961801529	-1300
6.29048299789	-1420
6.29048705101	-1340
6.29142904282	-1420
6.29143309593	-1420
6.29146194458	-1300
6.29247713089	-1420
6.29251694679	-1340
6.29281806946	-1380
6.29349899292	-1380
6.29959893227	-1420
6.29964113235	-1340
6.29993104935	543
6.34682202339	-543
6.3880109787	-1420
6.38802814484	-1420
6.38808512688	-1420
6.38808894157	-1260
6.38877797127	-1420
6.38879013062	-1420
6.38882803917	-1300
6.39026093483	-1420
6.39028215408	-1420
6.39028501511	-1300
6.39150309563	-1420
6.39150714874	-1340
6.39279198647	-1380
6.39370393753	-1420
6.39374303818	-1340
6.39425396919	-1380
6.39502906799	543
6.39527606964	543
6.39895915985	-1420
6.39896607399	-1340
6.40012598038	-492
6.48630595207	-1420
6.486328125	-1420
6.48636603355	-1300
6.48656511307	-1420
6.48660802841	-1420
6.48661112785	-1300
6.48680114746	-1380
6.48680496216	-1380
6.48684310913	-1380
6.48974108696	-1420
6.48980593681	-1420
6.48980998993	-1300
6.49016404152	-1420
6.49016714096	-1420
6.49019312859	-1300
6.49856710434	-1380
6.49874711037	-1380
6.51660895348	-543
6.52680397034	-18
6.55972099304	1057
6.56000304222	1057
6.58745312691	-1380
6.58759307861	-1380
6.58767294884	-1420
6.58767604828	-1340
6.58814311028	-1420
6.58814907074	-1340
6.58822703362	-1420
6.58823013306	-1420
6.58826708794	-1300
6.59000110626	-1380
6.59002304077	-1420
6.59002494812	-1420
6.59004116058	-1300
6.59101200104	-1420
6.59105396271	-1340
6.59111499786	1057
6.59133696556	543
6.59965896606	-1380
6.60090613365	543
6.6015651226	543
6.62460494041	1057
6.68358206749	-1420
6.68359899521	-1420
6.68365597725	-1300
6.68388605118	-1420
6.68390893936	-1340
6.6839120388	-1380
6.68427395821	-1420
6.68427705765	-1420
6.68432807922	-1300
6.68474006653	-1420
6.6847820282	-1420
6.68478512764	-1300
6.68555903435	-1380
6.68565201759	543
6.68592500687	-1380
6.68657016754	-1420
6.686617136	-1420
6.68661999702	-1300
6.68675398827	-815
6.69549608231	-1380
6.78366708755	-1420
6.78368496895	-1340
6.7839319706	-1420
6.78393697739	-1420
6.78397703171	-1300
6.78427004814	-1420
6.78431916237	-1420
6.78432202339	-1300
6.78455495834	-1420
6.78455805779	-1420
6.78455805779	-1300
6.784678936	543
6.78785204887	-1420
6.78785800934	-1420
6.78790211678	-1300
6.78971505165	-1420
6.78977203369	-1340
6.79595112801	-1380
6.81420993805	-1266
6.88405203819	-1420
6.88407206535	-1420
6.88413715363	-1420
6.88414907455	-1420
6.88419413567	-1220
6.88432216644	-1420
6.88437795639	-1420
6.88438200951	-1300
6.88447904587	-1420
6.88448405266	-1340
6.88464808464	-1380
6.88473510742	543
6.88762593269	-1380
6.88804101944	-1420
6.88807296753	-1340
6.88836503029	-1420
6.88840508461	-1340
6.88840794563	-1380
6.88875603676	-1380
6.88894295692	-1420
6.88896298409	-1340
6.89108395576	543
6.8956720829	-1420
6.89568114281	-1340
6.94312500954	-372
6.98483514786	-1380
6.98527097702	-1420
6.98527812958	-1420
6.98532009125	-1300
6.98589301109	-1420
6.98592209816	-1420
6.98592400551	-1300
6.98634314537	-1420
6.98634600639	-1340
6.98767900467	-1420
6.98768210411	-1420
6.98770904541	-1300
6.98959112167	-1420
6.98963904381	-1340
6.98964095116	-1380
6.9915060997	543
6.9917781353	-1380
6.99669098854	-1420
6.99674105644	-1340
7.07036209106	-694
7.08861207962	-1420
7.08863806725	-1340
7.08868694305	-1380
7.08903694153	-1420
7.08906698227	-1420
7.08907008171	-1300
7.08946704865	-1420
7.08947205544	-1340
7.08949303627	-1380
7.09227705002	-1420
7.09228301048	-1420
7.09230399132	-1300
7.09368896484	-1420
7.09371805191	-1420
7.09372115135	-1300
7.09414601326	-1420
7.09415006638	-1340
7.09514594078	-1380
7.09639501572	-1380
7.09709095955	543
7.18362212181	-1420
7.18363904953	-1340
7.18384408951	-1420
7.18384814262	-1420
7.18389010429	-1300
7.18401503563	1057
7.18432211876	-1420
7.18432712555	-1340
7.18437814713	-1420
7.18438005447	-1420
7.18442416191	-1300
7.18442702293	-1380
7.18776297569	-1380
7.1879401207	-1420
7.18798398972	-1340
7.1880979538	-1420
7.18811893463	-1340
7.18822407722	-1380
7.18864297867	-1420
7.18864893913	-1340
7.18866896629	-1380
7.18876814842	543
7.19035005569	-1380
7.19615507126	-1380
7.1971180439	-1315
7.28464794159	-1420
7.2846660614	-1420
7.28474712372	-1300
7.28475093842	-1420
7.28481912613	-1340
7.28482198715	-1380
7.28506803513	-1420
7.28507113457	-1420
7.28510904312	-1300
7.2872440815	-1420
7.28725004196	-1420
7.28729200363	-1300
7.2882361412	-1420
7.28827595711	-1420
7.28827905655	-1300
7.29684400558	-1420
7.29684996605	-1340
7.32386207581	-18
7.3833129406	-1380
7.38367199898	-1420
7.38373398781	-1420
7.38373708725	-1300
7.38414812088	-1420
7.38415312767	-1340
7.38472414017	-1420
7.38473010063	-1420
7.38478016853	-1300
7.38661694527	543
7.3875541687	-1420
7.38756108284	-1420
7.38760614395	-1300
7.38879394531	-1420
7.38883900642	-1340
7.38893604279	-1380
7.38910508156	-1380
7.39601898193	-1380
7.41494703293	543
7.42019200325	543
7.48615407944	-1380
7.48654913902	-1420
7.48659801483	-1340
7.48660206795	-1380
7.48669910431	543
7.48753404617	-1420
7.48753905296	-1420
7.48758101463	-1300
7.48800706863	-1420
7.48803400993	-1420
7.48803710938	-1300
7.48864197731	-1420
7.4886469841	-1340
7.48905897141	-1380
7.48935103416	-1420
7.48939609528	-1420
7.4893989563	-1300
7.49721598625	-844
7.49772810936	-1380
7.58423399925	-1420
7.58425998688	-1340
7.58470416069	-1380
7.5848031044	-1420
7.58483409882	-1340
7.58491706848	-1420
7.58496212959	-1340
7.58496403694	-1380
7.58509707451	543
7.58519911766	-1420
7.58521199226	-1420
7.58525013924	-1300
7.58545804024	543
7.58826613426	-1380
7.58842301369	-1420
7.58846902847	-1340
7.58999896049	-1420
7.59004211426	-1420
7.59004402161	-1300
7.5918879509	-543
7.59211611748	-1368
7.59499311447	543
7.62428808212	-1237
7.68551516533	-1420
7.68553209305	-1340
7.68569207191	-1420
7.68569612503	-1340
7.68614816666	-1420
7.68615412712	-1340
7.68617510796	-1380
7.68643307686	-1420
7.68643712997	-1340
7.68647503853	-1380
7.6867480278	543
7.68966007233	-1420
7.68966698647	-1420
7.68973302841	-1300
7.69107198715	-1420
7.69110298157	-1420
7.69110512733	-1300
7.69845700264	-1380
7.69861698151	543
7.71419811249	-1420
7.71421504021	-1420
7.71428704262	-1264
7.71629810333	-1420
7.71634507179	-1420
7.71635007858	-1264
7.72168016434	-335
7.73090195656	-1420
7.73097014427	-1420
7.73097395897	-1264
7.78881716728	-1420
7.78883504868	-1340
7.78934216499	-1420
7.78935599327	-1340
7.78938007355	-1420
7.78938293457	-1340
7.7900660038	-1420
7.79007101059	-1420
7.79010915756	-1300
7.79095101357	-1420
7.79100012779	-1420
7.79100298882	-1300
7.79236412048	-1380
7.79248213768	-1380
7.79272508621	-1420
7.79272913933	-1340
7.79991698265	543
7.80042004585	-1380
7.80049610138	543
7.8062620163	-1006
7.82035899162	1057
7.82692313194	1057
7.84556293488	543
7.85144996643	-1152
7.88462615013	-1420
7.88464403152	-1420
7.88473296165	-1300
7.88486909866	-1420
7.8849439621	-1420
7.88495111465	-1300
7.88514709473	-1380
7.88523316383	-1420
7.8852751255	-1340
7.88762593269	-1420
7.88767504692	-1420
7.88768005371	-1300
7.88947796822	-1420
7.88948106766	-1420
7.8895201683	-1300
7.89007711411	-1420
7.89011406898	-1420
7.89011597633	-1300
7.89128112793	-1420
7.89129495621	-1340
7.89133214951	-1380
7.89142203331	543
7.89693713188	-1380
7.93309307098	-915
7.95772099495	543
7.98729801178	-1380
7.99990510941	543
8.00000095367	543
8.00070214272	1057
8.00112295151	-1380
8.00121116638	-1380
8.0017721653	-543
8.00434398651	-1368
8.02033996582	-1420
8.02038812637	-1316
8.03344702721	1057
8.11415100098	-544
8.11437606812	543
8.11480498314	543
8.13151216507	-609
8.13368916512	543
8.13480901718	1057
8.14999198914	1460
8.15008306503	111
8.175385952	-1368
8.17754006386	543
8.18702316284	-1420
8.18702793121	-1340
8.18751502037	-1420
8.18751907349	-1420
8.18755698204	-1300
8.19292616844	-1420
8.19298505783	-1420
8.19299006462	-1300
8.19392800331	-1420
8.19399094582	-1420
8.19399499893	-1264
8.19423913956	-1420
8.19424295425	-1340
8.19933605194	543
8.19957399368	-1380
8.20007705688	-1380
8.21590995789	-1368
8.21782493591	-1420
8.21787595749	-1316
8.23113298416	543
8.23403406143	543
8.24158096313	-634
8.2484331131	-1368
8.28742313385	-1420
8.28743696213	-1340
8.29396104813	543
8.30083799362	-1380
8.30181312561	-654
8.33337497711	-1420
8.33338308334	-1420
8.33344602585	-1264
8.33362293243	543
8.34021902084	1057
8.34908914566	-1368
8.36861896515	-1058
8.38297605515	543
8.38320016861	543
8.38864898682	-1420
8.38865399361	-1340
8.39034295082	-1420
8.39034795761	-1420
8.39038705826	-1300
8.39223408699	-1420
8.39227795601	-1420
8.39228200912	-1300
8.39332008362	-1420
8.39332604408	-1420
8.3933660984	-1300
8.39445900917	-1380
8.39539504051	-1420
8.39540314674	-1340
8.39635801315	-1420
8.39636516571	-1420
8.39640498161	-1300
8.39702010155	543
8.39758515358	-1380
8.39923214912	-1420
8.39931201935	-1340
8.40036916733	-1380
8.40118408203	-1420
8.40118813515	-1340
8.40252804756	-1380
8.40491604805	543
8.43715500832	-1368
8.45897293091	543
8.46265101433	-530
8.46984314919	543
8.47352409363	543
8.47379398346	543
8.47422409058	543
8.47444605827	543
8.48395895958	-1420
8.48396611214	-1340
8.48417115211	-1380
8.48425602913	-1420
8.48429703712	-1340
8.48517107964	-1420
8.48522305489	-1340
8.48522496223	-1380
8.48553609848	-1420
8.4855389595	-1420
8.4855761528	-1300
8.48598408699	-1420
8.48602604866	-1340
8.48646306992	-1380
8.48694014549	-1380
8.48709106445	543
8.48834395409	-1420
8.48835015297	-1420
8.48839902878	-1420
8.48840212822	-1420
8.48843812943	-1420
8.48844003677	-1420
8.48847794533	-1140
8.48848104477	-1380
8.49578714371	-832
8.59057211876	-1420
8.59058904648	-1420
8.59065413475	-1300
8.5908780098	-1420
8.59088110924	-1340
8.59114193916	-1420
8.59114694595	-1420
8.59118700027	-1300
8.5913169384	543
8.60375595093	-1420
8.60376405716	-1340
8.60518813133	-1086
8.62285208702	-766
8.66068816185	-1420
8.66070413589	-1420
8.66075015068	-1420
8.6607530117	-1212
8.66084098816	-1368
8.67695713043	-1368
8.68437194824	-1420
8.68438196182	-1340
8.6848590374	-1420
8.68486309052	-1420
8.68491005898	-1300
8.68491315842	-1420
8.68495702744	-1420
8.68496012688	-1300
8.68670296669	-1420
8.68670916557	-1420
8.68675494194	-1300
8.68701100349	-1380
8.68769001961	-1420
8.68769407272	-1340
8.68856906891	-1420
8.6885740757	-1340
8.68863296509	-1380
8.68921399117	-1380
8.69000816345	-1420
8.69001197815	-1340
8.69022393227	-1368
8.69051408768	-1380
8.69658613205	-1420
8.69662809372	-1340
8.69689011574	543
8.69712805748	543
8.70150399208	543
8.72764897346	-1368
8.72784805298	-1420
8.72791004181	-1316
8.74115014076	-1368
8.74131894112	543
8.74960803986	-49
8.75983095169	543
8.78266215324	-778
8.78383111954	-1420
8.78383803368	-1340
8.78387999535	-1380
8.78427004814	-1420
8.78433799744	-1420
8.78434205055	-1300
8.78446006775	543
8.78452706337	-1420
8.78452897072	-1340
8.78575396538	-1380
8.78779101372	-1380
8.78807806969	-1420
8.78808307648	-1340
8.78915715218	-1380
8.78924512863	-1420
8.78927707672	-1340
8.78976893425	-1420
8.78979301453	-1340
8.79034304619	-1380
8.79364609718	-1420
8.79365110397	-1340
8.79493904114	543
8.79528999329	543
8.79535007477	-1380
8.79707312584	-1420
8.79711413383	-1340
8.79838514328	-1380
8.79976010323	543
8.81705403328	543
8.82073998451	543
8.82131409645	543
8.82343912125	543
8.83762097359	-1420
8.8376390934	-1316
8.8702480793	543
8.87056493759	543
8.87634396553	-754
8.89100599289	-1420
8.89105606079	-1420
8.89106202126	-1300
8.89176607132	-1420
8.89177203178	-1340
8.89302301407	-1420
8.89304804802	-1340
8.89309716225	-1380
8.8941950798	-1420
8.89424800873	-1340
8.89425110817	-1380
8.89510512352	-1380
8.89545297623	-1420
8.89549994469	-1340
8.90388894081	-1420
8.90394115448	-1340
8.95134615898	-920
8.97233200073	543
8.98493313789	543
8.99175000191	543
8.99563598633	-1420
8.99564194679	-1340
9.00332903862	-665
9.00599312782	-1420
9.00600814819	-1420
9.00605416298	-1264
9.006057024	-1420
9.00610208511	-1420
9.00610494614	-1264
9.01043796539	543
9.02570295334	-1420
9.02571105957	-1420
9.02576398849	-1264
9.02707004547	-1420
9.02711606026	-1420
9.02712011337	-1264
9.02724909782	543
9.02863407135	-1368
9.02954912186	-1420
9.02958297729	-1316
9.041918993	-1420
9.04198598862	-1420
9.04199004173	-1420
9.04202795029	-1212
9.04203009605	-1420
9.04207205772	-1316
9.0422770977	-1420
9.04230999947	-1316
9.04240608215	-1368
9.05588698387	-1368
9.05890703201	543
9.13291597366	-1057
9.13401699066	543
9.13559103012	-1420
9.13559603691	-1420
9.13564014435	-1264
9.1356420517	-1420
9.13567709923	-1420
9.13567996025	-1420
9.13575196266	-1212
9.13575410843	-1420
9.13580298424	-1420
9.13580513	-1264
9.1358499527	-1420
9.13587093353	-1420
9.13591909409	-1264
9.13592100143	-1368
9.13982605934	543
9.1400821209	543
9.15575504303	-1420
9.15576410294	-1420
9.15581297874	-1264
9.15581607819	-1420
9.15585803986	-1420
9.1558599472	-1264
9.15654611588	-1420
9.1565489769	-1420
9.15658903122	-1264
9.15664410591	-1420
9.15667104721	-1420
9.15667295456	-1264
9.15915393829	-1420
9.15920805931	-1420
9.15924501419	-1264
9.15924715996	-1420
9.1592810154	-1420
9.15928316116	-1264
9.15954494476	543
9.17163300514	-1420
9.17164206505	-1420
9.17168903351	-1420
9.17169213295	-1420
9.17172694206	-461
9.20276904106	543
9.22233605385	543
9.23545503616	543
9.2357339859	543
9.23968911171	-1420
9.2396941185	-1420
9.23974609375	-1420
9.23974895477	-1212
9.25594615936	-1368
9.25673413277	-1368
9.28648114204	-1420
9.28649806976	-1340
9.29940104485	-867
9.30133795738	-161
9.3147289753	543
9.31735110283	543
9.31761598587	543
9.35688400269	-1420
9.35689997673	-1420
9.35696196556	-1264
9.36901712418	-1420
9.36906313896	-1316
9.38106513023	-1368
9.3865840435	-1420
9.38659095764	-1316
9.39185595512	-1368
9.39195394516	543
9.39593911171	-1420
9.3959479332	-1316
9.39928197861	-1420
9.39928793907	-1316
9.40217494965	-1420
9.40217995644	-1316
9.40558409691	-1420
9.40559005737	-1420
9.40563106537	-1264
9.40577602386	543
9.40850710869	-1420
9.4085111618	-1316
9.41147208214	-1420
9.41147613525	-1316
9.41425800323	-1420
9.4142639637	-1420
9.41431593895	-1264
9.41773295403	-1368
9.41934704781	-1420
9.41935110092	-1316
9.42136311531	-1420
9.4213681221	-1316
9.42146205902	-1368
9.4253320694	-1420
9.42537713051	-1420
9.42537999153	-1264
9.42725610733	-1420
9.42726516724	-1316
9.43169093132	-1420
9.43170499802	-1420
9.43175697327	-949
9.43239212036	-1420
9.43243694305	-1316
9.43325805664	543
9.43553209305	-1420
9.43554115295	-1316
9.43834710121	-1368
9.44094800949	-1368
9.44234895706	543
9.45064496994	543
9.45359802246	543
9.48927903175	-1420
9.48930907249	-1420
9.48935699463	-1420
9.48936009407	-1212
9.48937916756	-1368
9.4905090332	-1368
9.49141907692	-1420
9.49142694473	-1420
9.4914700985	-787
9.4931769371	543
9.50368309021	-1420
9.50369095802	-1316
9.52634096146	-1368
9.52878499031	-1368
9.53345394135	-1420
9.53346204758	-1420
9.53350901604	-1264
9.53992605209	-1420
9.53998208046	-1420
9.53998398781	-1264
9.56141614914	-209
9.59023094177	-1380
9.61835813522	-1277
9.63289308548	-1368
9.6329100132	-1368
9.64171004295	543
9.64241909981	1057
9.64290904999	1057
9.64743804932	-1368
9.69106912613	-638
9.69309902191	543
9.72235798836	543
9.75577497482	-1368
9.7714869976	-1368
9.77190709114	-1368
9.80122900009	543
9.82067608833	-182
9.82262706757	543
9.8263130188	-1368
9.8281481266	-1420
9.82819795609	-1316
9.83048200607	-1420
9.83051204681	-1316
9.83051514626	-1368
9.83152699471	-1420
9.8315320015	-1316
9.83171606064	-1368
9.84011793137	-1420
9.84015512466	-1316
9.84150314331	-1420
9.84155011177	-1316
9.87154197693	-1368
9.88782596588	-1420
9.88784813881	-1420
9.88791108131	-1264
9.89203095436	-1420
9.89204406738	-665
9.89807605743	1057
9.91026806831	543
9.94189310074	-1420
9.94190716743	-1420
9.9419670105	-1264
9.94241213799	-1420
9.94245815277	-1316
9.94266200066	-1420
9.94271707535	-1316
9.94271993637	-1368
9.94291114807	543
9.94295907021	-1368
9.94793200493	543
9.95007896423	-22
9.95875000954	-1420
9.95879006386	-1316
9.99658799171	543
9.9966840744	543
10.0112540722	-1368
10.0382299423	-1420
10.0382490158	-1420
10.0383141041	-1420
10.0383169651	-1420
10.0383529663	-1160
10.0386250019	-1420
10.0386271477	-1420
10.0386271477	-1264
10.0387439728	543
10.0537569523	-1420
10.0537669659	-1420
10.0538201332	-1420
10.0538220406	-1212
10.0541520119	-1368
10.0543701649	-1420
10.0544371605	-1420
10.0544400215	-1264
10.054484129	-1368
10.0571160316	543
10.059828043	1057
10.0697641373	-1420
10.0697979927	-1316
10.0698010921	-1368
10.0701389313	-1368
10.0799050331	-1129
10.0923140049	-1057
10.0946121216	543
10.0949821472	543
10.1181190014	-1420
10.1181361675	-1316
10.1181800365	-1368
10.1188790798	-1368
10.1379480362	-1420
10.1379580498	-1420
10.1380140781	-1420
10.1380159855	-1212
10.1380591393	-1420
10.1380620003	-1316
10.1384410858	-1368
10.1384451389	-1368
10.1385171413	-1368
10.1495511532	543
10.149821043	543
10.150701046	-1420
10.1507079601	-1420
10.1507589817	-1264
10.1513471603	-1368
10.1650350094	543
10.1657731533	543
10.1660630703	543
10.1804521084	-543
10.2099161148	-823
10.284858942	-1057
10.3395819664	-543
10.3842201233	-1420
10.3842401505	-1420
10.384303093	-1420
10.3843071461	-1212
10.3851051331	-1420
10.3851089478	-1420
10.3851461411	-1264
10.4006309509	-1420
10.4006381035	-1316
10.4007279873	-1420
10.4007310867	-1420
10.4007771015	-1264
10.4009871483	-1368
10.4010231495	-1368
10.4013061523	-1420
10.4013421535	-1316
10.4015591145	-1420
10.401597023	-1316
10.4016909599	-1368
10.4099230766	543
10.4170839787	-1420
10.4170911312	-1420
10.4171440601	-1264
10.4175810814	-1368
10.4184529781	-1368
10.4187431335	-1368
10.4189209938	-1420
10.4189240932	-1316
10.4192099571	-1420
10.4192130566	-1316
10.4257321358	543
10.4335651398	-1420
10.433576107	-1316
10.4336290359	-1368
10.4338271618	-1368
10.4342091084	-1420
10.4342119694	-1316
10.4342639446	-1420
10.4342660904	-1316
10.4343500137	-1368
10.4352121353	-1420
10.4352400303	-1316
10.4353461266	-1420
10.4353821278	-1420
10.4353840351	-1264
10.4399311543	543
10.4507441521	-1368
10.4508299828	-1368
10.450879097	-1368
10.450881958	-1420
10.4509000778	-1316
10.4510390759	-1368
10.4513590336	-1368
10.4514770508	-1420
10.4515190125	-1316
10.4519710541	-1420
10.452023983	-1316
10.4520270824	-1368
10.4531810284	543
10.4675941467	-1420
10.4675991535	-1316
10.4678521156	-1368
10.4680421352	-1420
10.4680709839	-1420
10.4680731297	-1264
10.4693620205	-1420
10.4693660736	-1420
10.4693930149	-1264
10.4698150158	-1420
10.4698519707	-1420
10.4698541164	-1264
10.4705610275	-1420
10.470564127	-1316
10.4775300026	543
10.4778749943	543
10.4824521542	543
10.4827489853	543
10.4833040237	543
10.4835569859	543
10.4837839603	543
10.4839849472	543
10.4884431362	-543
10.5091099739	-92
10.5841419697	-1420
10.5842020512	-1340
10.5847079754	-1380
10.584897995	-1420
10.584939003	-1340
10.5851690769	-1420
10.5851740837	-1420
10.585214138	-1300
10.5853090286	1057
10.5962760448	-1420
10.5962851048	-1420
10.5963640213	-1300
10.5963671207	-1380
10.5964901447	-1420
10.5964930058	-1340
10.615226984	-473
10.7226209641	-543
10.7231919765	-1368
10.7241721153	-1420
10.7242209911	-1316
10.761382103	-1368
10.7848160267	-1420
10.7848341465	-151
10.793282032	-1368
10.7936360836	543
10.794162035	543
10.794408083	543
10.8523311615	-559
10.8577649593	-1420
10.8578219414	-1316
10.8743040562	-1368
10.8748149872	-1368
10.874819994	-1368
10.9030549526	543
10.9033770561	543
10.911536932	-1057
10.9871850014	-530
10.9933130741	543
10.9936101437	543
11.0780329704	-543
11.0808310509	-1420
11.080837965	-1420
11.0808830261	-1264
11.0859410763	-1420
11.0859470367	-1340
11.0867011547	-1420
11.0867071152	-1420
11.086755991	-1300
11.0886240005	-1420
11.088629961	-1420
11.0886530876	-1300
11.0903999805	-1420
11.090405941	-1420
11.090446949	-1300
11.0926189423	-1380
11.0948150158	-1420
11.0948200226	-1340
11.0970129967	-1420
11.0970189571	-1340
11.0970821381	-1380
11.0989770889	-1420
11.0990030766	-1316
11.0995190144	-1420
11.0995240211	-1340
11.0995759964	-1380
11.101804018	-1380
11.1018960476	543
11.104612112	-1420
11.1046180725	-1340
11.1073620319	-1380
11.1074521542	-1420
11.1074769497	-1340
11.1169190407	-501
11.204898119	-1136
11.205053091	543
11.2466199398	-1086
11.2486081123	543
11.3454780579	-1420
11.3454909325	-1420
11.3455510139	-1420
11.3455541134	-1420
11.3455970287	-1160
11.3468520641	-1420
11.3468971252	-1316
11.346996069	-1368
11.3623261452	-1368
11.3634600639	-1368
11.3784091473	-944
11.4411211014	-1420
11.4411320686	-1316
11.441188097	-1368
11.4414551258	-1420
11.4414601326	-1316
11.4415819645	-1368
11.442305088	-1420
11.4423351288	-1316
11.4424259663	-1368
11.4499340057	1057
11.4569470882	-1420
11.4569540024	-1420
11.4569981098	-1264
11.457914114	-1420
11.4579811096	-1316
11.457983017	-1368
11.4582121372	-1368
11.4885280132	-1368
11.5079929829	-794
12.8618130684	-543
12.9998531342	543
13.1602020264	543
13.2164361477	543
13.2189791203	1460
13.2190849781	1460
13.2191331387	1161
13.2191879749	1057
13.2192490101	89
13.2352061272	1057
13.3441259861	-543
13.3765039444	-1420
13.3765571117	-1420
13.3766031265	-1420
13.3766391277	-1212
13.3903541565	543
13.3906340599	543
13.3927760124	-1420
13.3927810192	-1316
13.3928740025	543
13.4739301205	-1420
13.4739480019	-1316
13.4741530418	-1368
13.506716013	-1420
13.5067980289	-1420
13.5068030357	-1420
13.5068390369	-1420
13.5068409443	-1420
13.5068781376	-1420
13.5068800449	-1056
13.5069141388	-1420
13.5069169998	-1420
13.5069510937	-1264
13.5226819515	-773
13.5248920918	543
13.5419850349	543
13.5798039436	543
13.5820119381	-543
13.5849659443	543
13.5937740803	-1420
13.5937860012	-1316
13.5940749645	543
13.5944099426	543
13.59465909	543
13.5949380398	543
13.5954420567	543
13.5956361294	543
13.6035611629	-1368
13.6920671463	-638
13.6997880936	543
13.712141037	543
13.7124061584	543
13.7836120129	-543
13.8136601448	-1368
13.8214981556	-804
13.8847141266	-1420
13.8847651482	-1340
13.8848409653	-1420
13.8848700523	-1340
13.8850190639	-1420
13.8850791454	-1340
13.8853099346	-1420
13.8853549957	-1340
13.8999559879	-1380
13.9503369331	-1420
13.9503519535	-726
13.9510791302	-543
13.9797639847	-1420
13.9798440933	-1420
13.9798510075	-1264
14.0116920471	-1380
14.077078104	-705
14.0834579468	543
14.08385396	-1380
14.1093640327	-66
14.1095581055	543
14.1814789772	543
14.1833751202	-1420
14.1833820343	-1420
14.1834261417	-1300
14.1897280216	1057
14.1925029755	1057
14.2037241459	-221
14.2128920555	1057
14.2420530319	-1368
14.2872509956	-746
14.3306910992	-1057
14.3319079876	543
14.3535301685	-1420
14.3535461426	-1316
14.3743741512	-1368
14.3751521111	-1420
14.3751571178	-1316
14.3982000351	-1368
14.3984150887	-1420
14.3984179497	-1420
14.3984191418	-1264
14.4161331654	-1368
14.4164061546	-1368
14.4167201519	-1176
14.4316339493	1057
14.4473500252	-1368
14.451125145	1057
14.4605009556	1057
14.4618899822	543
14.4799931049	1057
14.5054359436	1057
14.5076169968	1057
14.5199251175	1057
14.5245611668	1057
14.5768930912	-804
14.6978540421	-1420
14.6978721619	-1420
14.6979279518	-1420
14.6979310513	-1212
14.7033441067	-1420
14.703359127	-1316
14.7033951283	-1368
14.7108941078	-1368
14.7123720646	-1368
14.7124240398	-1420
14.712428093	-1316
14.7137081623	-1420
14.7137129307	-1316
14.7138819695	-1368
14.7228460312	-1420
14.7228579521	-1420
14.7229101658	-1264
14.7241389751	-1420
14.7241430283	-1316
14.72787714	-1368
14.7279901505	-1420
14.7279920578	-1420
14.7280499935	-1264
14.7281110287	-1420
14.7281410694	-1316
14.7434711456	543
14.7519950867	543
14.7539041042	543
14.754953146	543
14.7569789886	-362
14.7597570419	1057
14.7628860474	543
14.7797911167	543
14.7818059921	543
14.7820789814	543
14.7823870182	1057
14.7831721306	543
14.783550024	543
14.7838330269	543
14.7858829498	-1420
14.7858879566	-1316
14.7877831459	-1368
14.7878980637	543
14.7917661667	-1368
14.7952520847	-1368
14.8615691662	-1368
14.8616490364	-1420
14.8616940975	-1316
14.8618950844	543
14.8700010777	1057
14.8719601631	1057
14.8733820915	543
14.8747169971	543
14.8929331303	-1197
14.9018571377	543
14.9099569321	543
14.9405350685	-1368
14.9425430298	-1420
14.9426400661	-1316
14.9426441193	-1368
14.9429850578	-1420
14.9429900646	-1316
14.943021059	-1368
14.9440150261	-1420
14.9440600872	-1420
14.9440629482	-1264
14.9508860111	543
14.9622459412	-1368
14.9628241062	-1420
14.9628601074	-1316
14.9633059502	-1420
14.963351965	-1316
14.9649090767	-1368
14.9651861191	-1420
14.9651899338	-1316
14.9658610821	-1368
14.9661331177	-1420
14.9661619663	-1316
14.9763190746	-1368
14.9764881134	543
14.9771389961	-1420
14.9771440029	-1316
14.9774010181	-1368
14.9780261517	-1420
14.9780731201	-1316
14.978317976	-1420
14.9783480167	-1316
14.9785161018	-1368
14.9791021347	-1420
14.9791071415	-1420
14.9791460037	-1264
14.9795560837	543
14.9913990498	-1420
14.9914150238	-1420
14.9914610386	-1264
14.9914629459	-1420
14.9914791584	-1316
14.9925091267	-1368
14.9927561283	-1420
14.992759943	-1316
14.9933750629	-1420
14.9933819771	-1420
14.9934220314	-1264
14.9941790104	-1420
14.9942231178	-1420
14.9942259789	-1264
14.9953999519	543
15.0065970421	1057
15.0104279518	-1420
15.0104489326	-1420
15.0104820728	-1264
15.0114901066	-1368
15.0317940712	-297
15.0366940498	-1420
15.0367460251	-1316
15.0627770424	543
15.0700631142	-1368
15.090088129	-1368
15.0901579857	-1368
15.0922269821	543
15.1384871006	-1368
15.1389219761	-1420
15.1389541626	-1316
15.1464049816	-1420
15.1464719772	-1316
15.1613390446	-1060
15.1637940407	543
15.1872630119	-1057
15.2021491528	543
15.2446460724	-543
15.2797040939	-1420
15.2797191143	-1420
15.2797851562	-1264
15.280164957	-1420
15.2802050114	-1420
15.2802090645	-1264
15.3059790134	-1420
15.3059930801	-1316
15.309702158	-1368
15.3098671436	543
15.3311581612	-770
15.3680109978	-1368
15.3865289688	-1057
15.391176939	-1420
15.3911869526	-1420
15.39123106	-1264
15.3912351131	-1420
15.3912701607	-1316
15.3918290138	-1420
15.3918831348	-1316
15.3918850422	-1368
15.3928890228	-1420
15.3928940296	-1316
15.3929810524	-1368
15.3930850029	-1368
15.4072921276	-1420
15.4072990417	-1316
15.4073910713	-1368
15.4079370499	-1420
15.4079771042	-1420
15.4079799652	-1264
15.4088749886	-1420
15.4088790417	-1420
15.4089169502	-1264
15.4091961384	-1420
15.409224987	-1316
15.4098010063	-1368
15.4113891125	-1420
15.4113931656	-1420
15.4114329815	-1264
15.4115841389	543
15.4260430336	-1420
15.4260540009	-1316
15.4261040688	-1368
15.4271659851	-1420
15.4271950722	-1316
15.4282259941	-1368
15.4292240143	-1420
15.4296851158	-1420
15.4297070503	-1264
15.4316029549	-1420
15.4316439629	-1316
15.431743145	-1368
15.4318079948	543
15.4319810867	543
15.4326159954	-1368
15.4341659546	-1368
15.4357099533	-1420
15.4357161522	-1316
15.4357681274	-1368
15.4375200272	-1368
15.4607689381	-1280
15.4848749638	-1420
15.4849381447	-1340
15.4851610661	-1380
15.4855251312	-1420
15.4855690002	-1340
15.4974250793	-1380
15.5131809711	-574
15.5861711502	-1420
15.5862419605	-1340
15.5986220837	-1380
15.5986981392	-1380
15.622439146	1057
15.6399979591	-706
15.6421339512	543
15.7150220871	1460
15.7151219845	111
15.7156851292	543
15.71591115	543
15.7161359787	543
15.7208809853	-543
15.7298660278	1057
15.729927063	543
15.7400290966	543
15.7402660847	543
15.7404880524	543
15.7406909466	543
15.7408909798	543
15.7411100864	543
15.7413220406	543
15.7415201664	543
15.7417180538	543
15.7419240475	543
15.7422010899	543
15.7424061298	543
15.7425999641	543
15.7427840233	543
15.7470109463	543
15.7472200394	543
15.7474279404	543
15.7476389408	543
15.7478489876	543
15.7480590343	543
15.7487590313	543
15.7489600182	543
15.8101129532	543
15.8108370304	543
15.811109066	543
15.8571901321	-543
15.8860690594	-1420
15.8861460686	-1316
15.8877849579	-1420
15.8878481388	-1316
15.8975770473	-1368
15.8981909752	-1420
15.8982379436	-1316
15.8982830048	-1368
15.900001049	-1368
15.9001531601	-1420
15.9002020359	-1420
15.9002580643	-1264
15.900316	-1420
15.9003520012	-1316
15.9006659985	-1420
15.9007091522	-1420
15.9007120132	-1264
15.9008879662	-1420
15.9008920193	-1316
15.9087350368	-1420
15.9087400436	-1316
15.9171700478	-1420
15.917178154	-1420
15.9172179699	-1420
15.9172210693	-1212
15.9172649384	-1368
15.9172680378	-1368
15.9176640511	-1420
15.9176671505	-1316
15.9177801609	543
15.9178891182	-1368
15.9179530144	543
15.9180631638	-1368
15.9187650681	-1368
15.9188930988	-1420
15.9188959599	-1316
15.9255809784	-1420
15.925590992	-1316
15.9256291389	-1368
15.9350540638	-1368
15.9354140759	-1420
15.9354200363	-1420
15.9354989529	-1420
15.9355010986	-1212
15.9355390072	-1368
15.9359750748	543
15.9367320538	-1420
15.9367370605	-1420
15.9367799759	-1264
15.9368569851	-1420
15.9368951321	-1316
15.937253952	-1368
15.937349081	543
15.9376070499	543
15.9535980225	-1368
15.9542870522	-1420
15.9543380737	-1316
15.9549720287	-1368
15.9560620785	543
15.969807148	543
15.9722521305	543
15.9870951176	-1420
15.9871201515	-398
15.994136095	543
15.9944860935	543
16.0107710361	543
16.0110709667	543
16.0113840103	543
16.0116341114	543
16.0617671013	-1368
16.0766000748	-1368
16.0823140144	-1420
16.082321167	-1420
16.0823760033	-1264
16.0825409889	-1420
16.0825791359	-1420
16.0825819969	-1264
16.0881979465	-1368
16.0888640881	-1368
16.1045780182	-1420
16.1045880318	-1420
16.104640007	-1264
16.1059150696	543
16.1166911125	-127
16.1168849468	543
16.1353530884	-1420
16.1353690624	-1316
16.1366519928	-1368
16.1399190426	543
16.1417939663	543
16.1440560818	543
16.1446771622	-1420
16.1446900368	-1420
16.1447310448	-1264
16.1461229324	-1368
16.1477870941	543
16.1480000019	543
16.1764500141	-1368
16.1903381348	-1368
16.1906650066	-1420
16.1906700134	-1316
16.1972980499	-1368
16.1978731155	-1368
16.2021729946	543
16.2376241684	-1420
16.2376420498	-1316
16.2463321686	-1134
16.2752289772	-1368
16.2758381367	-1420
16.2758460045	-1316
16.2888841629	-543
16.2945599556	543
16.3100221157	-1368
16.3119969368	-1368
16.3706099987	-1368
16.3759801388	-248
16.4551310539	-543
16.5058169365	-1086
16.5416810513	-1380
16.5691239834	543
16.5818190575	-734
16.6334850788	-1368
16.6361811161	543
16.6385660172	543
16.6505451202	543
16.6568119526	543
16.6572620869	543
16.6578130722	543
16.6580941677	543
16.658727169	543
16.6614940166	543
16.6617491245	543
16.6622920036	543
16.6625101566	543
16.6628241539	543
16.6630711555	543
16.6633269787	543
16.6655769348	543
16.6658461094	543
16.6660830975	543
16.6663329601	543
16.6665561199	543
16.6793410778	-261
16.7085530758	-543
16.7602090836	543
16.7604920864	543
16.7807149887	-1380
16.7941861153	-1380
16.8100421429	543
16.8154389858	-1368
16.8302481174	-1420
16.8303160667	-1420
16.8303210735	-1420
16.8303380013	-1212
16.8310301304	-1420
16.8310711384	-1420
16.8310730457	-1264
16.8316590786	-1368
16.8349690437	-382
16.8384189606	-1368
16.8493950367	-1147
16.8549749851	543
16.8555150032	543
16.8559911251	543
16.8590400219	543
16.9199950695	543
16.9617919922	-543
16.9790780544	-1086
16.9908339977	1460
16.9909310341	1139
17.0038371086	543
17.0039169788	543
17.0086450577	-1420
17.0086541176	-1316
17.0307979584	-1368
17.0311510563	-1420
17.0312020779	-1420
17.0312049389	-1264
17.0398111343	543
17.0828020573	-1368
17.0828180313	-1420
17.0828621387	-1316
17.0860581398	-1420
17.086081028	-1340
17.0884301662	-867
17.0887870789	543
17.0985341072	-1420
17.098539114	-1340
17.1208469868	-314
17.1316399574	543
17.1362171173	-1420
17.1362230778	-1316
17.1399490833	543
17.1402361393	543
17.1728341579	1460
17.1729171276	111
17.1834199429	-1380
17.2009060383	543
17.2049450874	-1368
17.2088501453	1460
17.208920002	625
17.2152240276	-59
17.2220461369	543
17.248499155	-1368
17.2487919331	-1368
17.2657730579	-646
17.2898449898	1460
17.2899341583	1460
17.2899711132	1161
17.2900869846	603
17.3061549664	543
17.3065459728	543
17.3068239689	543
17.30707407	543
17.3423371315	-1057
17.3427121639	543
17.3520469666	-1368
17.3588211536	-1420
17.358880043	-1316
17.3811831474	-1368
17.3898251057	543
17.3952269554	-899
17.4117200375	543
17.4125299454	543
17.4848649502	-543
17.488309145	-1368
17.4903190136	-1368
17.4934921265	543
17.4937500954	543
17.5120611191	-1368
17.5426900387	-211
17.5514199734	-1420
17.5514340401	-1316
17.5515229702	-1368
17.5530810356	-1368
17.5566761494	-1368
17.558163166	-1420
17.5582201481	-1316
17.5587821007	-1368
17.5599660873	-1420
17.5599720478	-1316
17.5603020191	-1368
17.5619950294	-1368
17.5637280941	-1368
17.5675771236	543
17.571598053	543
17.5906560421	-1420
17.5906691551	-1340
17.5910241604	-1368
17.6023731232	-1420
17.6023840904	-1340
17.6118531227	-706
17.6175551414	-1368
17.6177821159	-1368
17.6307351589	-1420
17.6308050156	-1420
17.6308090687	-1264
17.6313900948	-1420
17.6313960552	-1420
17.6314389706	-1264
17.6341581345	-1420
17.6341979504	-1316
17.6343450546	-1368
17.634403944	543
17.6358189583	-1368
17.6363151073	-1420
17.6363699436	-1420
17.6363730431	-1264
17.6368100643	-1420
17.6368131638	-1316
17.6379849911	543
17.6488690376	-1368
17.6493060589	-1420
17.6493470669	-1420
17.6493489742	-1264
17.6498639584	-1420
17.6498670578	-1316
17.6503491402	-1368
17.6512839794	-1368
17.6521930695	-1420
17.6521961689	-1316
17.6558690071	-1368
17.6724669933	-671
17.6730771065	-1420
17.6730849743	-1316
17.67344594	-1368
17.6736359596	-1420
17.6736841202	-1316
17.6745829582	-1368
17.6748781204	-1420
17.6748840809	-1316
17.6788220406	-1368
17.6896269321	543
17.6898829937	-1420
17.6898889542	-1316
17.7145380974	-1368
17.7150249481	-1368
17.7157680988	-1368
17.7158579826	543
17.7161080837	-1420
17.7161130905	-1316
17.7170989513	-1420
17.7171051502	-1316
17.7171590328	-1368
17.7172961235	-1368
17.7173340321	-1368
17.7173371315	-1368
17.717965126	-1420
17.7179679871	-1420
17.7179951668	-1264
17.7185070515	-1368
17.7187891006	-1420
17.7187931538	-1316
17.7189640999	543
17.734746933	-1420
17.7347569466	-1316
17.7509069443	1460
17.7512040138	111
17.7740631104	-1368
17.7864229679	-1057
17.8017849922	-9
17.8636260033	-1368
17.8678879738	-1420
17.8679540157	-1316
17.8824141026	-1368
17.9131851196	-543
17.9313540459	-356
17.9352500439	1057
17.9661431313	543
17.9669921398	1460
17.9670591354	625
17.9838850498	1460
17.9839739799	111
17.9873080254	543
17.9907400608	-1380
18.0400300026	-705
18.050342083	1460
18.0504140854	111
18.0611860752	-1086
18.0619270802	543
18.0624830723	1057
18.0663039684	-1368
18.0667970181	-1420
18.066838026	-1316
18.0668411255	-1420
18.0668580532	-1316
18.0669550896	-1368
18.0683319569	543
18.0827641487	-1420
18.0827810764	-1316
18.1332089901	-1368
18.1733829975	-1368
18.1858170033	-1420
18.1858739853	-1316
18.1858799458	-1368
18.1919410229	-127
18.2230420113	543
18.2330861092	543
18.2606360912	543
18.2740039825	-1368
18.2750191689	-1368
18.2755520344	-1368
18.3057689667	-1368
18.3131699562	-1420
18.3131930828	-1316
18.3132410049	-1368
18.3133461475	543
18.3141019344	-1420
18.3141069412	-1316
18.3148140907	-1368
18.3159241676	-1420
18.315969944	-1316
18.3159730434	-1368
18.3214190006	-1213
18.3215391636	543
18.370167017	-1420
18.3701860905	-1316
18.3897609711	543
18.3905141354	543
18.3907859325	543
18.4139380455	543
18.4510040283	-920
18.4555561543	543
18.4580819607	543
18.4584059715	543
18.5880479813	-543
18.5888781548	-543
18.6132969856	543
18.6360621452	-1368
18.6500921249	543
18.7573370934	-1347
18.7581870556	543
18.7587580681	1057
18.7947230339	-1420
18.7947831154	-151
18.8587751389	-1368
18.8887870312	-804
18.9238209724	-1057
18.9251260757	543
18.9308321476	-1368
18.9635770321	543
18.9698820114	1057
18.9998259544	543
19.0075769424	-543
19.0182521343	-804
19.1360740662	-1368
19.1542229652	-1420
19.1542379856	-1316
19.1740820408	1057
19.1889100075	543
19.2250881195	-1210
19.2278079987	1057
19.2280950546	1057
19.3324830532	-1420
19.3325009346	-1420
19.3325631618	-1264
19.3441500664	-1368
19.3579471111	-1355
19.3759109974	-1420
19.3759801388	-1420
19.3759839535	-1264
19.3897330761	543
19.4100120068	543
19.431566	-1368
19.4329199791	543
19.4357640743	543
19.4398579597	543
19.4871051311	-1368
19.4874000549	-588
19.4985091686	543
19.6441590786	-1368
19.6571950912	-261
19.6614880562	1057
19.7104229927	-1368
19.7227640152	543
19.7832081318	-1420
19.7832241058	-1420
19.7832829952	-1420
19.7832860947	-1420
19.78332901	-1160
19.7841341496	-1368
19.7844109535	543
19.7858669758	-1420
19.7858719826	-1316
19.7866270542	-1284
19.7879271507	-543
19.7974660397	-1368
19.8852031231	-543
19.9247219563	543
19.927077055	-775
19.9869289398	-1420
19.9869971275	-1179
19.9873039722	543
19.9877281189	1057
19.9879930019	543
19.9997990131	543
19.9998710155	543
20.0864951611	-1368
20.0969650745	-261
20.113489151	-543
20.1999089718	543
20.2696521282	543
20.2699420452	1057
20.3134300709	-543
20.3138079643	543
20.3274879456	-543
20.373208046	543
20.4411690235	543
20.4429240227	-1086
20.4506449699	543
20.4832680225	-1057
20.4945089817	-1368
20.5734300613	-746
20.5775251389	543
20.6001980305	543
20.6006519794	1057
20.6992800236	-1368
20.6992981434	-1057
20.7028031349	-261
20.8004331589	543
20.800673008	543
20.8009190559	543
20.8010900021	543
20.8013019562	543
20.8014791012	543
20.8017070293	543
20.8018600941	543
20.9088640213	-543
20.9752380848	-543
20.9829311371	-543
20.9998841286	543
21.1096830368	-543
21.2069489956	543
21.2362661362	-543
21.2599999905	543
21.2603681087	543
21.3369009495	-543
21.3375849724	543
21.3633611202	-1057
21.4583721161	-1420
21.4583921432	-1420
21.4584560394	-1264
21.4589240551	-1420
21.4590220451	-1316
21.4590289593	-1368
21.4666969776	-1189
21.4751610756	-1420
21.4751980305	-1316
21.4751999378	-1368
21.4756691456	-1420
21.475684166	-1316
21.4758069515	543
21.4761800766	-1368
21.4779889584	-1420
21.4780290127	-1420
21.4780311584	-1264
21.4784829617	-1420
21.4785001278	-1316
21.555850029	-1368
21.5558640957	-1368
21.5564129353	543
21.5565359592	-1368
21.5570571423	-1420
21.5571110249	-1316
21.5590381622	-1420
21.5590839386	-1316
21.5936470032	-1420
21.5937070847	-1316
21.5961401463	-346
21.7070989609	543
21.7258939743	543
21.7260351181	-543
21.8038470745	543
21.8041040897	543
21.8080160618	-1368
21.9020769596	-232
21.9829320908	-543
22.0317180157	-1086
22.1095919609	-543
22.2833149433	-1420
22.2833650112	-151
22.2904009819	543
22.3245880604	543
22.3904390335	543
22.7850911617	-543
22.8087420464	1057
22.8861529827	-1420
22.886220932	-1340
22.8862600327	-1380
22.8862791061	-1380
22.8862960339	-1380
22.8863959312	-1420
22.886398077	-1340
22.8864729404	-1380
22.9028739929	-1380
22.9513540268	-1420
22.9514219761	-1340
22.9636459351	-543
22.9998350143	543
23.0129580498	-1420
23.0130240917	-1079
23.0892219543	-1380
23.08989501	-1420
23.0899391174	-1420
23.0899429321	-1300
23.0906960964	-1420
23.0907011032	-1340
23.0910410881	-1380
23.0912661552	-1420
23.0912790298	-1340
23.0913350582	-1380
23.0914490223	543
23.0958800316	-1420
23.0958881378	-1420
23.0959329605	-1300
23.0960710049	543
23.0986011028	-1420
23.0986161232	-1420
23.0986590385	-1300
23.1004240513	-1380
23.1397759914	-1046
23.1843271255	-1380
23.1846909523	-1420
23.1847040653	-1420
23.1847450733	-1300
23.1859900951	-1420
23.1859960556	-1340
23.2160129547	-1420
23.2160279751	-1340
23.2168371677	-1420
23.2168400288	-1420
23.2168879509	-1420
23.216892004	-1420
23.2169270515	-1420
23.2169289589	-1180
23.2175540924	-1420
23.2175569534	-1420
23.2175841331	-1300
23.217646122	-1420
23.2176730633	-1340
23.2197861671	543
23.2665741444	-885
23.4288811684	1057
23.4331459999	-543
23.5917479992	-543
23.6241850853	-1420
23.6242489815	-1316
23.6393511295	-1368
23.6499421597	543
23.7220170498	-95
23.7251710892	543
23.8811199665	-543
23.9899320602	-543
23.9977450371	543
24.1166069508	-1057
24.1211740971	543
24.1349141598	-543
24.1356570721	543
24.2645721436	-543
24.2786500454	-1368
24.2791650295	-1420
24.2791700363	-1316
24.2795569897	-1420
24.2795619965	-1420
24.2796111107	-1264
24.2796990871	543
24.3002159595	-1368
24.3018829823	-1420
24.3019411564	-1316
24.3845610619	-543
24.3945231438	-1420
24.3945980072	-1316
24.4089519978	-1420
24.4090671539	-1420
24.4091560841	-1264
24.4093310833	-1420
24.4094171524	-1420
24.4095020294	-1264
24.4095849991	-1420
24.4095921516	-1316
24.4096751213	-1420
24.4096810818	-1420
24.4097630978	-1264
24.4097690582	-1368
24.4102301598	543
24.431566	-1420
24.4315731525	-1420
24.4316010475	-1420
24.431604147	-1350
24.4673199654	543
24.4817831516	543
24.8833811283	-543
25.0105490685	-1086
25.1842310429	-1420
25.184319973	-1240
