0	543
0.000108003616333	543
0.187381029129	-543
0.207554101944	-543
0.997199058533	543
1.99764108658	543
1.99781513214	543
2.99970602989	543
3.49404716492	-543
3.78777909279	543
3.81970214844	543
3.99966812134	543
3.9997689724	543
4.20984816551	-543
4.50528216362	-543
4.64258503914	-543
5.16343903542	-1057
5.17158102989	-1420
5.17163300514	-1316
5.17378616333	-1368
5.17439508438	-1420
5.17443704605	-1420
5.1744799614	-1264
5.17672300339	-1420
5.17675709724	-1316
5.17677497864	-1368
5.20739006996	543
5.25122499466	543
5.28752493858	-1420
5.28754210472	-1316
5.295566082	-1420
5.29557394981	-1420
5.29561495781	-1420
5.2956199646	-1212
5.29769515991	-1420
5.29770994186	-1316
5.29819893837	-1420
5.29820299149	-315
5.31710314751	543
5.31834697723	543
5.31868195534	543
5.42242312431	-543
5.43094801903	1460
5.43101096153	111
6.02214002609	-543
6.18565416336	-543
8.25695610046	-1420
8.25709295273	-151
9.9970741272	543
10.3198051453	1057
12.1892161369	-543
12.3414239883	-543
12.999628067	543
13.2079460621	-1420
13.2081069946	-151
13.5533800125	-1420
13.5534601212	-1420
13.5535199642	-273
13.5601739883	-1368
13.6771011353	-775
15.2243390083	-543
15.3457810879	-1420
15.34593606	-151
15.5411140919	-1420
15.5411920547	-1420
15.5412480831	-787
15.5504260063	-1368
15.6647911072	-232
15.6770889759	-1420
15.677175045	-1316
15.6872971058	-1368
15.7886259556	-1123
16.5837919712	-1420
16.5838501453	-151
17.9995989799	543
20.9995861053	543
23.3415770531	-1420
23.3417310715	-151
23.3418381214	543
23.9995911121	543
24.0273599625	-543
26.2168769836	-1420
26.2569949627	-151
26.9969880581	543
27.9082930088	-543
32.7592949867	-1420
32.7594499588	-151
32.7595670223	543
32.996940136	543
33.8439149857	-1420
33.8439321518	-151
33.9995241165	543
34.0777699947	-543
35.3439970016	-543
37.3293349743	-1420
37.3696620464	-151
40.09425807	-1420
40.0944190025	-151
44.9979021549	543
44.9979989529	543
46.9048061371	-543
51.5102710724	-543
54.7034809589	-1420
54.7036430836	-151
54.9456601143	-1420
54.9457249641	-1420
54.9457700253	-787
54.9570710659	-1420
54.9571530819	-1316
55.0694921017	-891
55.1666829586	-1420
55.1667301655	-1316
55.1729171276	-1420
55.1729590893	-1420
55.1729950905	-1264
55.1792349815	-1368
55.2234940529	-1368
55.2335071564	-1363
56.3058171272	-1420
56.3058829308	-1420
56.3059279919	-787
56.3060860634	543
56.3328361511	-1420
56.332859993	-1420
56.3328959942	-1264
56.3349790573	-1368
56.3468580246	-1420
56.3468761444	-1316
56.400069952	-1368
56.4297170639	-1420
56.4297909737	-1420
56.4297981262	-65
56.4799730778	-1420
56.4800021648	-1420
56.4800469875	-1264
56.5537250042	-1123
57.7562761307	-1057
57.7575571537	-1420
57.7575991154	-1316
57.7589099407	-1420
57.7589409351	-1420
57.7589571476	-1264
57.759057045	543
57.7606739998	-1368
57.7607629299	543
57.7611429691	-1420
57.7611489296	-1420
57.7611711025	-1264
57.8801550865	-1420
57.8802161217	-1316
57.8817520142	-1420
57.8817980289	-1420
57.8818359375	-1420
57.8818700314	-1212
57.8828201294	-1420
57.8828260899	-1420
57.8828749657	-1420
57.8828780651	-1420
57.8829109669	-1160
57.88291502	-1368
57.8851189613	-1420
57.8851320744	-1127
57.8853230476	543
58.3774790764	-1057
58.5962080956	-1420
58.596362114	-1420
58.5965130329	-787
58.599560976	1460
58.5996279716	625
58.5998921394	543
58.6000931263	543
58.6004350185	543
58.6006300449	543
58.8494460583	-1057
58.8567500114	1460
58.8568160534	625
58.8569860458	1460
58.8570280075	1460
58.8570621014	193
58.8828289509	-543
58.94947505	1460
58.9495520592	111
58.9497389793	1460
58.9497799873	111
58.9809520245	-543
58.9895441532	1460
58.9896211624	625
59.0027740002	543
59.1048231125	-543
59.3158349991	-1057
59.4842350483	-543
59.6566929817	-1420
59.6567521095	-1420
59.6567730904	-787
59.6582009792	-1368
59.660588026	-1420
59.6606299877	-1316
59.6634120941	-1420
59.6634731293	-1420
59.6635091305	-1264
59.6635439396	-1368
59.6706681252	-1420
59.6707479954	-1420
59.6707861423	-1264
59.6708221436	-1368
59.6710071564	543
59.671407938	-1420
59.6714141369	-1316
59.6715040207	543
59.7805969715	-1420
59.7806169987	-1420
59.7806689739	-1264
59.7806720734	-1420
59.7806990147	-1420
59.7807011604	-1264
59.7843770981	-1420
59.784430027	-1420
59.7844769955	-1264
59.7844791412	-1420
59.7845230103	-1316
59.784525156	-1368
59.7872810364	-1420
59.7872960567	-1420
59.7873549461	-1264
59.7873580456	-1420
59.7873940468	-1420
59.7873959541	-1264
59.787555933	543
59.7945711613	-1420
59.7945821285	-1420
59.7946269512	-1264
59.794629097	-1420
59.7946951389	-1316
59.794698	-1420
59.7947449684	-1420
59.7947480679	-1264
59.7951631546	-1285
59.7953550816	-1420
59.795388937	-1316
59.7955031395	-1420
59.7955520153	-1420
59.7955551147	-1264
59.9045579433	-1420
59.904624939	-1420
59.904706955	-1264
59.9047110081	-1420
59.9047801495	-1316
59.9047839642	-1420
59.9048190117	-1420
59.9048221111	-1264
59.9048559666	-1420
59.904859066	-1316
59.9048931599	-1420
59.9048950672	-1316
59.9050619602	543
59.9082241058	-1368
59.9084410667	-1420
59.9085190296	-1420
59.9085221291	-1264
59.9085681438	-1420
59.9085700512	-1420
59.9086050987	-1420
59.9086070061	-1212
59.9086401463	-1420
59.9086430073	-1316
59.9110851288	-1420
59.9110920429	-1420
59.9111859798	-1420
59.9111881256	-641
59.9112319946	-1420
59.9112341404	-1316
59.9112801552	-1420
59.9112820625	-1316
59.9114279747	-1420
59.9114310741	-1316
59.9115071297	-1420
59.911509037	-1316
59.9115419388	-1368
59.9116201401	-1368
59.9117889404	543
59.9184639454	-1420
59.9184789658	-1420
59.9185409546	-1420
59.918544054	-1212
59.9185860157	-1368
59.9243869781	-1420
59.9244389534	-1316
59.9245650768	543
59.9452531338	-1368
59.9517381191	-1420
59.9517960548	-1420
59.951800108	-1264
59.957239151	-1368
59.9790501595	-1420
59.9790959358	-1316
60.0040509701	-1368
60.0112659931	-1368
60.0113940239	-1420
60.0114409924	-1316
60.0301339626	-1368
60.0310549736	1057
60.0348761082	-834
60.0357129574	-1420
60.0357501507	-1316
60.0564501286	-1420
60.0565481186	-1420
60.0565619469	-1264
60.0574030876	543
60.0764429569	-1368
60.0894539356	1057
60.1031830311	-1368
60.1286439896	543
60.1289160252	543
60.1338040829	-1420
60.1338090897	-1316
60.1436159611	-1420
60.1436281204	-1420
60.1436769962	-1264
60.1596660614	-1321
60.2826139927	543
60.2829711437	543
60.2832629681	543
60.2834489346	543
60.3094210625	-1368
60.3263101578	-203
60.3802530766	-1420
60.3802790642	-1420
60.3803241253	-1264
60.4502899647	-66
60.4929881096	-1368
60.5424621105	-1420
60.5424771309	-1420
60.5425319672	-1264
60.5802481174	-1420
60.5802631378	-1420
60.5803260803	-1264
60.5860409737	-1368
60.5950450897	1057
60.614372015	-509
60.8338530064	-1420
60.833920002	-1420
60.8339569569	-787
60.8340649605	-1420
60.8341021538	-1316
60.8343751431	-1368
60.8394570351	-1420
60.8395080566	-1316
60.8395371437	-1368
60.9417319298	-1420
60.9417850971	-1316
60.9421851635	543
60.94237113	543
60.9576921463	-1023
61.0503230095	1057
61.3062529564	-1420
61.3063480854	-1420
61.3063931465	-787
61.3130581379	-1420
61.3131010532	-1420
61.3131361008	-1264
61.3194160461	543
61.3759040833	-1420
61.3759191036	-1316
61.3823671341	-1368
61.4301841259	-1189
61.6050591469	-543
61.6761939526	-1368
61.6800529957	-1420
61.6800999641	-1420
61.6801199913	-1264
61.69145298	-1368
61.6916489601	543
61.7288799286	-501
61.7391769886	-1420
61.7392580509	-1316
61.7659299374	-1420
61.7659790516	-1316
61.8630311489	-1268
62.2720170021	1057
62.3492021561	1057
62.3700320721	-1420
62.370100975	-1420
62.3701410294	-787
62.3725061417	543
62.3883440495	543
62.4643490314	543
62.4667439461	543
62.4938070774	-543
62.5014050007	543
62.5401160717	-1420
62.5401370525	-1420
62.5401921272	-1264
62.5403001308	-1368
62.541052103	543
62.5555739403	-1420
62.555588007	-1420
62.5556409359	-1264
62.5557260513	-1368
62.5558979511	-1420
62.5559020042	-1316
62.5559771061	-1368
62.567152977	543
62.5674331188	543
62.5675580502	-1420
62.5675640106	-1420
62.5676119328	-1264
62.626333952	-1184
62.75740695	1057
62.7961959839	-1420
62.7962119579	-1420
62.7962851524	-787
62.7995159626	-1420
62.7995221615	-1420
62.7995660305	-1264
62.8024001122	-1420
62.8024101257	-1316
62.8024590015	-1368
62.8026320934	543
62.8118720055	-1368
62.8484470844	1057
62.8574099541	-1368
62.8812439442	-1420
62.8813159466	-1420
62.8813221455	-1264
62.8948969841	-1420
62.8949091434	-1420
62.8949589729	-1264
62.8977079391	-1420
62.8977510929	-1420
62.897755146	-1264
62.9014129639	-1420
62.9014191628	-1316
62.9014501572	-1368
62.9080209732	-1368
62.9081830978	-1420
62.908187151	-1316
62.9100711346	-1368
62.9101850986	543
62.9111821651	-1420
62.9111869335	-1316
62.9148600101	-1420
62.9148659706	-1420
62.9149060249	-1264
62.9199380875	-971
62.928579092	-1368
62.9349880219	-1420
62.9350459576	-1420
62.9350500107	-1264
62.9392549992	-1420
62.9392609596	-1420
62.9393041134	-1264
62.9415030479	-1420
62.9415500164	-1420
62.9415531158	-1264
62.9417631626	543
62.944409132	-1420
62.9444169998	-1420
62.9444601536	-1264
62.9502229691	-1420
62.9502849579	-1420
62.9502899647	-1264
62.9623639584	-1420
62.9623811245	-1316
62.9624240398	-1368
62.9631171227	-1420
62.9631519318	-1420
62.9631550312	-1264
62.9640891552	-1368
62.9642870426	-1420
62.964329958	-1316
62.9993851185	543
63.0527131557	-1245
63.0655031204	-1420
63.0655269623	-1316
63.066947937	-1420
63.0669579506	-1316
63.0761749744	-1420
63.0761921406	-1316
63.1895949841	-675
63.189800024	543
63.244918108	1057
63.2689211369	-1420
63.2689380646	-1316
63.3141460419	-406
63.3167691231	543
63.32883811	1057
63.3664059639	-1420
63.36642313	-1316
63.3708100319	-1420
63.3708319664	-1316
63.379805088	-1368
63.3868989944	543
63.4174821377	-1420
63.4174971581	-1420
63.4175510406	-1264
63.4192910194	-1368
63.422809124	-1420
63.4228150845	-1316
63.4258990288	-1420
63.4259059429	-1420
63.4259490967	-1264
63.4309811592	-1420
63.4310231209	-1420
63.4310259819	-1264
63.432888031	-1368
63.4329991341	543
63.4376590252	543
63.4380719662	-338
63.4462220669	543
63.4710040092	543
63.4731550217	543
63.4734120369	543
63.4928281307	-1368
63.5538370609	-1420
63.5538520813	-1316
63.5596270561	-1420
63.5596330166	-1420
63.5596749783	-1264
63.5610170364	543
63.5621571541	-1160
63.5961170197	-1368
63.6284000874	-1368
63.6285231113	-1420
63.6286079884	-1316
63.6286120415	-1368
63.6342599392	-543
63.6344270706	-1420
63.6344311237	-1420
63.6344671249	-1264
63.6393830776	543
63.6577820778	-1368
63.6616470814	-1420
63.6617181301	-1420
63.6617219448	-1264
63.6617569923	-1420
63.6617600918	-1316
63.6676721573	-1420
63.6676809788	-1420
63.6677291393	-1264
63.667840004	-1420
63.6678750515	-1316
63.669367075	543
63.6744761467	-1420
63.6744849682	-1316
63.6745209694	-1368
63.6793580055	543
63.6806640625	543
63.6808879375	543
63.6861081123	-209
63.6961939335	-1420
63.6962580681	-1420
63.6962621212	-1264
63.7000639439	-1420
63.7000739574	-1420
63.7001211643	-1264
63.7063291073	-1368
63.7064571381	543
63.7130250931	-1368
63.7364060879	-1420
63.7364730835	-1420
63.7364771366	-1264
63.7896571159	-1368
63.7897500992	-1368
63.7911219597	543
63.7918190956	543
63.7921299934	543
63.7964811325	-1368
63.8033030033	-1368
63.8097169399	-1420
63.8097360134	-1316
63.8100371361	-707
63.8130280972	543
63.8310990334	543
63.8313400745	543
63.8693659306	543
63.8697209358	543
63.8699390888	543
63.9341459274	-1057
63.9367101192	543
64.0610020161	-543
64.0946691036	-1368
64.1004641056	-1420
64.100479126	-1420
64.1005301476	-1264
64.1005330086	-1420
64.1005761623	-1316
64.1012680531	-1420
64.1013059616	-1420
64.1013090611	-1264
64.1225171089	1057
64.1338710785	-1420
64.1338860989	-1316
64.1368341446	543
64.1437880993	-1420
64.1437981129	-1316
64.158698082	-1368
64.1588561535	543
64.1609721184	543
64.1647360325	-1420
64.1647400856	-1316
64.1663689613	543
64.1686401367	543
64.1719970703	-1368
64.1849350929	-852
64.1879961491	543
64.1971230507	543
64.2067320347	-1368
64.2187111378	543
64.3089740276	-1260
64.3513760567	543
64.3516030312	1057
64.3591251373	-1420
64.3591310978	-1420
64.3591561317	-1264
64.4332799911	-580
64.9205141068	543
64.9208240509	543
64.9212419987	543
64.9214501381	543
65.1755321026	-543
65.3251340389	-1420
65.3251831532	-1316
65.3312189579	-1420
65.331264019	-1420
65.3312990665	-1264
65.3413901329	-957
65.3675229549	-1420
65.3675811291	-1316
65.3685679436	-1420
65.368612051	-1420
65.3686480522	-1264
65.3712780476	543
65.3718080521	543
65.3735859394	-1368
65.3808269501	543
65.3852069378	1057
65.3854441643	543
65.4650940895	-132
65.6010360718	-1420
65.6010529995	-1316
65.629447937	-891
65.753401041	-543
65.7614870071	543
65.8771750927	-543
66.0502791405	-1057
66.1828370094	1057
66.2328670025	543
66.3669681549	543
66.4013431072	-1057
66.7842969894	-1420
66.7843570709	-151
66.9087209702	-1057
67.2455899715	-543
67.3915281296	-543
67.6816370487	-543
67.6817250252	-1420
67.6817851067	-1420
67.681828022	-1420
67.6818680763	-1212
67.6819050312	-1368
67.688477993	-1420
67.6885311604	-1316
67.7013399601	-1420
67.7014009953	-1316
67.8055660725	-1420
67.8056731224	-1420
67.8057119846	-1420
67.8057470322	-1212
67.8057820797	-1420
67.8058159351	-1420
67.8058519363	-1420
67.8058569431	-1420
67.805891037	-1420
67.8058941364	-1108
67.8059279919	-1420
67.8059310913	-1316
67.8061029911	543
67.8063731194	543
67.8125591278	-1420
67.8125679493	-1420
67.8126239777	-1420
67.8126270771	-1212
67.8236451149	1057
67.8251850605	-1420
67.825191021	-1420
67.8252270222	-1264
67.8252301216	-1224
67.8367929459	543
67.9294519424	-1420
67.9294769764	-1420
67.9295320511	-1420
67.9295361042	-1420
67.9295589924	-1160
67.9295630455	-1420
67.92958498	-1420
67.9295871258	-1420
67.929610014	-1420
67.9296121597	-1420
67.9296350479	-1108
67.9378399849	-1420
67.9378790855	-1316
67.9443991184	-1368
67.9888520241	-98
68.1724851131	-1420
68.1725029945	-1420
68.1725640297	-787
68.2036211491	-1368
68.2302341461	-1420
68.2302501202	-1420
68.2303061485	-1264
68.2304840088	543
68.2318811417	-1420
68.2318871021	-1420
68.2319281101	-1264
68.2330009937	543
68.2367651463	-1420
68.236770153	-1420
68.2368099689	-1264
68.2470231056	543
68.2484059334	543
68.258877039	-1420
68.2588829994	-1316
68.2741510868	-1368
68.2810530663	543
68.296216011	-467
68.3032650948	543
68.3656630516	-1420
68.3656821251	-1316
68.403042078	-1368
68.420071125	-1123
68.608948946	-543
68.631633997	-1420
68.6316900253	-1316
68.6469039917	-1420
68.6469631195	-1316
68.6537001133	-1420
68.6537439823	-1316
68.6710121632	-1420
68.6710851192	-1316
68.6712260246	-1368
68.7142500877	-1420
68.7142670155	-1316
68.7553181648	-32
68.7999489307	-1420
68.7999620438	-1420
68.8000080585	-1264
68.8072490692	-1368
68.8132491112	-1420
68.813256979	-1316
68.8283979893	1057
68.8595061302	-1368
68.865899086	-1368
68.8791470528	-24
68.8962020874	-1368
69.0203261375	-203
69.1190061569	-1368
69.1260020733	-1420
69.1260371208	-1316
69.1544411182	-1368
69.1546490192	1057
69.1804871559	-1368
69.1840131283	-986
69.1866431236	-1368
69.2032749653	-1368
69.2206349373	543
69.2300159931	-1368
69.2367401123	-1368
69.3078970909	-870
69.4113070965	-1420
69.4113211632	-1420
69.4113759995	-1264
69.4744110107	-609
69.5047421455	-1420
69.5047581196	-1316
69.5710940361	-1368
69.5713191032	543
69.5766761303	-1368
69.5768339634	-1420
69.5768830776	-1316
69.5788230896	-1368
69.5789661407	543
69.594162941	-1420
69.5941779613	-1316
69.5982990265	-1197
69.7259840965	-1420
69.7260010242	-1316
69.7326860428	-1368
69.7622709274	-580
69.8296749592	1057
69.8675169945	-1420
69.8675410748	-1316
69.8744261265	-1420
69.8744449615	-1316
69.8861610889	-754
69.9659619331	-1420
69.9659819603	-1316
69.9757559299	-1420
69.9757750034	-1316
70.0523271561	-754
70.3350090981	-1420
70.3350760937	-1420
70.3351140022	-787
70.3918271065	-1368
70.3985700607	-1420
70.3986251354	-1316
70.4590041637	-609
70.4591779709	543
72.0771720409	-1420
72.1194660664	-1420
72.1195049286	-273
72.18531394	-1420
72.1853630543	-1316
72.1922280788	-1368
72.2011320591	-580
72.2210960388	-1368
72.3250720501	-203
72.4346101284	-1420
72.4346759319	-1420
72.4347131252	-1264
72.4413239956	-1420
72.4413731098	-1420
72.441409111	-1264
72.4415409565	543
72.4486501217	-103
72.4634690285	-1368
72.4820461273	-1420
72.4820649624	-1420
72.4821431637	-1264
72.4832561016	-1420
72.483299017	-1316
72.5873570442	-617
72.7652239799	-543
72.7674181461	543
73.0018539429	543
73.1209900379	241
73.2408621311	-754
73.2414331436	126
73.3611471653	-51
73.3613550663	38
73.4803230762	-1420
73.4803521633	-90
73.4807789326	1057
73.6005730629	-543
73.600965023	543
73.7361450195	-543
73.7366161346	543
73.9015359879	-543
73.9021589756	1057
74.1234381199	-543
74.1452100277	-1420
74.1452560425	-1316
74.1563570499	-1368
74.2636201382	-1094
74.2655479908	543
74.2664530277	543
74.4421229362	-543
74.9273591042	-1420
74.9667730331	-1420
74.9668209553	-1420
74.984400034	-1420
74.9844560623	-1363
74.9844820499	-1420
74.9845161438	-1420
74.9845399857	-1264
74.9855589867	-1368
74.9869530201	543
74.997838974	543
75.051142931	-1420
75.0511569977	-1420
75.0512230396	-1420
75.0512261391	-933
75.0688650608	543
75.1068489552	1057
75.1071360111	1057
75.1076419353	543
75.1078460217	1057
75.1750249863	-543
75.2228109837	-1368
75.2763590813	-543
75.3258841038	-1368
75.3381130695	-203
75.3948969841	-1231
75.5052361488	-1368
75.5131161213	-232
75.7787330151	-543
76.4354851246	-543
76.4879641533	-1368
76.5594251156	-717
76.560655117	543
78.9993121624	543
79.0759050846	-543
79.133275032	-543
79.1965970993	-1420
79.1966500282	-1316
79.2973749638	-377
79.2976150513	543
79.4036951065	543
79.4212009907	-1057
79.4242889881	543
79.4418520927	1057
79.4424409866	543
79.4426400661	543
79.6385641098	-543
79.757117033	-1057
79.8757619858	-543
79.9048309326	-1420
79.904927969	-1420
79.9049680233	-1420
79.9050109386	-1212
79.9050459862	-1420
79.9050810337	-1420
79.9051151276	-1264
79.9051530361	-1368
79.994079113	-480
80.0236949921	-1420
80.0237619877	-1316
80.0237810612	-1420
80.0238039494	-1420
80.0238211155	-1420
80.0238230228	-1420
80.0238399506	-1420
80.0238511562	-1108
80.0238749981	-1420
80.0238800049	-1420
80.0238959789	-1264
80.02414608	-1368
80.0242891312	543
80.1124820709	-720
80.1281030178	543
80.1540739536	543
80.1546671391	543
80.1548559666	543
80.3271651268	-1420
80.3272330761	-151
80.3465850353	-1420
80.3466351032	-1316
80.4225580692	-543
80.4510040283	-377
80.4789700508	-1420
80.4790201187	-1316
80.5175330639	-1368
80.5750310421	-891
80.5807900429	-261
80.5812389851	543
80.5959701538	543
80.7011511326	543
80.7014420033	543
81.0143229961	-543
81.1498930454	-1420
81.1499650478	-1420
81.1500051022	-1264
81.1727731228	-609
81.1912090778	543
81.1970031261	543
81.2066349983	543
81.3882000446	-543
81.533686161	-1368
81.5498559475	-232
81.573898077	1057
81.7246551514	-1420
81.724804163	-1420
81.7248339653	-273
81.8589739799	-1420
81.8589949608	-151
81.9002671242	-1368
81.9774401188	-1260
82.0078470707	543
82.0763750076	-1368
82.0764420033	-1420
82.0764811039	-325
82.4586570263	-1420
82.4587090015	-1420
82.458728075	-787
82.4780361652	-1420
82.4780840874	-1316
82.4790070057	-1368
82.5823640823	-66
82.6092529297	543
82.8622550964	-1420
82.862306118	-151
82.9443399906	-1420
82.9444010258	-1316
82.9549059868	-1420
82.9549710751	-1420
82.9550089836	-1264
82.9551820755	543
82.9760200977	-1420
82.9760930538	-1420
82.976140976	-787
82.9763140678	543
82.9833900928	-1420
82.9833979607	-1316
82.9860391617	-1305
82.9978871346	543
82.9995679855	-1420
82.999614954	-1420
82.9996180534	-1264
83.0011200905	1057
83.006592989	-1368
83.0320160389	-1420
83.0320711136	-1316
83.0682561398	-1420
83.0683240891	-1316
83.1233921051	-1023
83.1486210823	-1420
83.1487009525	-1316
83.1552300453	-1420
83.1552431583	-1420
83.1552951336	-1264
83.155465126	543
83.1714990139	-1420
83.1715230942	-1316
83.1716959476	543
83.1837339401	-1420
83.1837420464	-1316
83.2726280689	-1197
83.2759289742	-543
83.2998709679	-1420
83.2999401093	-1316
83.3230111599	-1368
83.4183809757	-580
83.4278919697	543
83.4292299747	543
83.6054720879	-543
84.3440001011	-543
84.3514330387	-1368
84.4753201008	-717
84.4766559601	543
84.6547949314	-1420
84.6548719406	-1420
84.6549110413	-273
84.6550121307	-1368
84.6552510262	-1368
84.666159153	-1420
84.6662080288	-1420
84.6662271023	-1264
84.689811945	-1420
84.6898739338	-1316
84.7732410431	-1420
84.7733061314	-1420
84.7733440399	-1420
84.7733869553	-187
84.78759408	543
84.7914910316	-543
84.7992720604	543
84.8230421543	543
85.1033830643	-543
85.1406979561	-1420
85.1407690048	-1316
85.141023159	-1420
85.1410529613	-1420
85.1410560608	-1264
85.1521451473	-1420
85.152162075	-1420
85.1521980762	-1264
85.1523280144	543
85.1647491455	-1420
85.1647651196	-1316
85.1648299694	-1368
85.2593920231	-1420
85.2594640255	-755
85.3889491558	1057
85.5859410763	-543
85.6027901173	-1420
85.6028709412	-1316
85.6029200554	-1420
85.6029729843	-1420
85.6030240059	-1264
85.6076090336	-1420
85.607653141	-1420
85.6076891422	-1264
85.6138970852	-1420
85.6139290333	-1316
85.6140649319	-1368
85.6141910553	543
85.7045209408	-1420
85.7045390606	-1420
85.7046010494	-1420
85.7046041489	-1212
85.7046451569	-1420
85.7046480179	-1316
85.7214300632	-1420
85.72143507	-1420
85.721476078	-922
85.7215869427	543
85.7216250896	-1420
85.721626997	-1420
85.7216279507	-1264
85.7216300964	-1368
85.726236105	-1420
85.7262411118	-1316
85.7262949944	-1420
85.7262971401	-1316
85.7333371639	-1420
85.7333419323	-1420
85.7333920002	-1264
85.733394146	-1420
85.7334289551	-1316
85.82310009	-1420
85.8231720924	-1420
85.823210001	-1420
85.8232519627	-1212
85.8232879639	-1368
85.8399429321	-1420
85.8400211334	-1420
85.8400659561	-1420
85.8401019573	-1212
85.8401460648	-1420
85.840182066	-1420
85.8402171135	-1264
85.8404080868	543
85.8451719284	-1420
85.8451759815	-1420
85.8452429771	-1264
85.8452460766	-1420
85.8452899456	-1316
85.8453879356	-1420
85.8454260826	-1420
85.84542799	-1264
85.84552598	-1420
85.8455381393	-1420
85.8455729485	-1264
85.8456420898	543
85.8528621197	-1074
85.8531351089	543
86.2253580093	-1057
86.2255129814	543
86.2266180515	1460
86.2266759872	1460
86.226722002	707
86.2268080711	543
86.2295701504	1460
86.2296180725	1460
86.22965312	1161
86.2297339439	603
86.4293961525	543
86.4669840336	-1368
86.4691491127	-203
86.5440630913	-1368
86.5441520214	-1420
86.5441949368	-1316
86.5444681644	1460
86.5445230007	111
86.5557820797	-1420
86.5557870865	-1316
86.5668261051	-1368
86.5853731632	-1218
86.5876410007	543
86.5884270668	543
86.6355509758	-1420
86.6355650425	-1420
86.6356229782	-1264
86.7039091587	-1152
86.7062940598	543
86.8106451035	-1420
86.8106701374	-1316
86.8121819496	-1420
86.8121860027	-1316
86.8122420311	-1420
86.812253952	-1316
86.8222391605	-1420
86.8222439289	-1316
86.834387064	-1420
86.8344049454	-1316
86.8453640938	-1420
86.8453760147	-1420
86.8454301357	-1420
86.8454320431	-1212
86.9095380306	-1420
86.9095561504	-1316
86.9096109867	-1420
86.9096550941	-1420
86.9096910954	-787
86.9160759449	-1420
86.9161281586	-1420
86.9161660671	-1264
86.919948101	-1420
86.9199991226	-1316
86.9200179577	-1368
86.9216771126	-1368
86.930765152	-1420
86.9307711124	-1420
86.9308021069	-1264
86.9309210777	-1420
86.93095994	-1420
86.9309639931	-1264
86.93105793	1057
86.9407980442	-1420
86.940803051	-1420
86.940871954	-1264
86.9408841133	-1420
86.9409220219	-1420
86.9409251213	-1264
86.9641680717	-1420
86.9641740322	-1420
86.9642219543	-1420
86.9642250538	-1212
86.9643030167	-1368
86.9643051624	-1420
86.9643471241	-1316
86.9643499851	-1368
87.0336239338	-1420
87.0336971283	-1420
87.0337381363	-1420
87.0337729454	-1420
87.0338070393	-1420
87.0338430405	-1108
87.0340001583	543
87.0399401188	-1420
87.0399489403	-1420
87.0400390625	-1264
87.0400421619	-1420
87.0400781631	-1420
87.0400810242	-1264
87.043735981	-1420
87.0437409878	-1316
87.0437669754	-1420
87.0437691212	-1316
87.0439269543	-1420
87.0439300537	-1316
87.0455069542	-1420
87.0455131531	-1316
87.0456161499	1057
87.0497529507	-1420
87.0497720242	-1316
87.0499470234	-1420
87.0499510765	-1420
87.0499870777	-841
87.1065740585	543
87.1093161106	543
87.1098041534	543
87.1100299358	1460
87.1100740433	111
87.1575341225	-1420
87.1575510502	-1420
87.1576211452	-1264
87.1576240063	-1420
87.1576609612	-1420
87.1576631069	-1264
87.1577351093	-1420
87.1577379704	-1316
87.1577849388	-1368
87.1577870846	-1420
87.15782094	-1420
87.1578230858	-1264
87.1639940739	-1420
87.163998127	-1420
87.164080143	-1073
87.1640820503	-1420
87.1641280651	-1420
87.1641311646	-1264
87.1641321182	-1420
87.1642680168	-1316
87.1642711163	-1420
87.1642730236	-1420
87.1642739773	-1264
87.1676299572	-1420
87.1676361561	-1420
87.1677000523	-1264
87.1677110195	-1420
87.1677479744	-1316
87.1677501202	-1368
87.1677939892	-1368
87.1678960323	-1368
87.1681399345	-1420
87.168143034	-1316
87.1682181358	-543
87.1682219505	-1420
87.1682231426	-1316
87.1691660881	-1420
87.1691689491	-1420
87.1692140102	-1420
87.1692171097	-1212
87.169260025	-1368
87.1717579365	543
87.172055006	1057
87.2815129757	-1420
87.2815330029	-1420
87.2815980911	-1420
87.2816100121	-1212
87.2816650867	-1420
87.2816679478	-1420
87.2817029953	-1264
87.2817060947	-1420
87.2817780972	-1420
87.2817809582	-1264
87.2818260193	-1420
87.2818291187	-110
87.2818939686	-1420
87.2818961143	-1420
87.2819430828	-1264
87.2819459438	-1420
87.2819969654	-1420
87.2820000648	-1264
87.2820010185	-1368
87.2820420265	-1420
87.2820529938	-1420
87.2820539474	-1420
87.2820551395	-1212
87.2820560932	-1368
87.2869019508	543
87.3709230423	-543
87.4055240154	-264
87.4290530682	1460
87.4291679859	111
87.4387171268	1057
87.4476299286	543
87.4609539509	1057
87.5124900341	-1368
87.5288529396	-746
87.6273541451	-1368
87.6275720596	-1420
87.6276321411	-1420
87.6276359558	-1420
87.627671957	-1212
87.6369969845	-543
87.6386449337	-1420
87.6386909485	-1420
87.6386940479	-1264
87.6473710537	-1023
87.6508610249	-1368
87.6512820721	-1420
87.6512880325	-1420
87.6513390541	-1264
87.6514790058	-1420
87.6515130997	-1316
87.6515891552	543
87.6518959999	-1368
87.6520030499	-1420
87.6520531178	-1316
87.6737401485	-1420
87.6738159657	-1316
87.6738200188	-1368
87.6738679409	-1420
87.6738700867	-1316
87.6851630211	-1420
87.6851780415	-1420
87.6852321625	-1264
87.6891570091	1057
87.7176990509	543
87.7523839474	543
87.757363081	-1420
87.7573680878	-1420
87.7574300766	-1264
87.7574329376	-1420
87.7574701309	-1420
87.7574820518	-1264
87.7575190067	-1420
87.7575221062	-1316
87.7576611042	-1420
87.7576639652	-1316
87.7578749657	543
87.7704410553	-1420
87.7704470158	-1420
87.7704780102	-1264
87.7705559731	-1420
87.7705929279	-753
87.7963931561	543
87.8065390587	-1420
87.8065481186	-1316
87.8066930771	543
87.8069839478	1460
87.8070290089	111
87.807117939	-1368
87.8072299957	-1368
87.8072969913	-1420
87.8073000908	-1316
87.8074080944	543
87.8075311184	-1420
87.8075361252	-1316
87.8077831268	543
87.808216095	543
87.8084640503	543
87.8186290264	-1420
87.8186371326	-1420
87.8187029362	-1420
87.8187060356	-1212
87.8187510967	-1368
87.8187530041	-1420
87.8187870979	-1316
87.8189530373	-1368
87.8190469742	543
87.8761639595	-1368
87.8892059326	-193
87.9215769768	543
87.9218850136	543
87.9354741573	-1420
87.9354939461	-1316
87.9829781055	-1420
87.9829959869	-1316
87.985514164	-1368
87.9860451221	-1420
87.9861011505	-1420
87.9861080647	-1264
87.9861700535	-1368
87.9866840839	-1368
87.9868690968	-1420
87.986880064	-1420
87.9868819714	-1420
87.9868831635	-1212
87.9873700142	-1420
87.9873731136	-1420
87.9873740673	-1264
87.9874510765	-1420
87.9874529839	-1316
87.9895980358	543
87.9972240925	-1420
87.9972479343	-1316
88.0014951229	543
88.0075011253	-404
88.0101821423	-1420
88.0102319717	-1420
88.0102350712	-1264
88.0104179382	543
88.0106770992	543
88.0212490559	-1420
88.0212540627	-1420
88.0213241577	-1420
88.021335125	-1212
88.0213730335	-1420
88.021376133	-1420
88.0214400291	-1264
88.02146101	-1420
88.0214619637	-1420
88.0214719772	-1264
88.021474123	-1368
88.0267810822	543
88.0593669415	543
88.0596301556	543
88.1014201641	-1420
88.1014370918	-1420
88.1014809608	-1264
88.1014840603	-1420
88.1015019417	-1316
88.1286361217	-114
88.18364501	-1420
88.1836631298	-1316
88.1912901402	543
88.1915490627	543
88.2337219715	-1368
88.2424230576	543
88.2427051067	543
88.2699360847	543
88.2702209949	543
88.2806661129	-580
88.2865591049	543
88.3668119907	-1420
88.3668320179	-1316
88.3669140339	-1368
88.3698589802	-1368
88.3993401527	-1297
88.4385170937	-1420
88.4385690689	-1420
88.438573122	-1264
88.438601017	-1368
88.4395861626	-1420
88.4396209717	-1316
88.4405250549	543
88.4406769276	-1420
88.4406819344	-1316
88.4413609505	543
88.4506039619	543
88.4718680382	543
88.4721691608	543
88.4891879559	-1368
88.4894030094	1460
88.4894549847	1139
88.4898021221	543
88.4900231361	543
88.490224123	543
88.4904401302	543
88.5178141594	-712
88.5352151394	543
88.5395700932	543
88.5398330688	543
88.6347279549	-1368
88.6360759735	-775
88.6840059757	-1368
88.6988210678	-1420
88.6989049911	-1420
88.6989099979	-1264
88.7350890636	-1368
88.7428090572	-1420
88.7428481579	-1316
88.7464530468	-1420
88.7464959621	-1316
88.7547221184	-1313
88.7573940754	543
88.769313097	543
88.7723519802	-1368
88.7773010731	543
88.7924251556	543
88.7927119732	543
88.8095109463	-1420
88.8095259666	-1316
88.8096311092	-1420
88.8096351624	-1316
88.8096721172	-1368
88.8099441528	-1420
88.8099820614	-1420
88.8099839687	-1264
88.8167099953	543
88.8168749809	-1420
88.816879034	-1420
88.8169181347	-1264
88.8201210499	543
88.8203930855	543
88.8344750404	-1420
88.8344919682	-1420
88.8345551491	-1264
88.8345589638	-1420
88.8346149921	-1316
88.8346750736	-1368
88.840280056	-1420
88.8402900696	-1420
88.8403460979	-1264
88.8498110771	543
88.8501081467	543
88.8706259727	-1368
88.876431942	-1121
88.8865420818	543
88.9570980072	-1420
88.9571180344	-1420
88.9571740627	-1264
88.9893510342	-1420
88.9894571304	-1316
88.9894609451	-1420
88.9894990921	-1316
88.9895009995	-1368
88.9898350239	-1420
88.9898400307	-1316
88.9899220467	-1368
88.9901189804	-1368
88.9946191311	-264
88.9952199459	543
88.9954040051	543
88.9999921322	-1420
88.999997139	-1316
89.0000529289	-1368
89.0000560284	-1420
89.0001120567	-1316
89.0001649857	-1368
89.0494029522	-1420
89.0494289398	-1316
89.0717670918	-1420
89.0717861652	-1316
89.0944690704	-1368
89.0946090221	543
89.1133999825	-662
89.1152851582	543
89.1159939766	1460
89.1160550117	625
89.2012701035	-1368
89.2318429947	-261
89.2566521168	1057
89.2957789898	-1420
89.2958610058	-1420
89.2959001064	-273
89.350618124	-543
89.3514399529	-1368
89.3515770435	-1420
89.3515901566	-1316
89.3516199589	-1368
89.3520350456	-1368
89.3520600796	-1368
89.3563699722	-1420
89.3564369678	-1316
89.3564400673	-1368
89.3633649349	-1420
89.3633811474	-1316
89.3821530342	-1368
89.4692630768	-807
89.5277919769	-1420
89.5278179646	-1316
89.5285420418	-1368
89.5291640759	-1420
89.5291700363	-1420
89.5292110443	-1420
89.5292141438	-1212
89.5293550491	543
89.5298399925	-1420
89.529845953	-1316
89.5298860073	-1368
89.5302109718	-1420
89.5302541256	-1420
89.5302569866	-1264
89.5405349731	-1368
89.5520679951	-1420
89.5521371365	-1316
89.5877189636	-475
89.6595630646	-1420
89.6595799923	-1420
89.6596429348	-1264
89.6821219921	-1368
89.7606420517	-269
89.7616961002	543
89.9971370697	-543
89.9982149601	543
90.1826851368	-1057
90.2451550961	-1368
90.245319128	543
90.2458319664	1057
90.2916431427	1057
90.3636391163	-232
90.596446991	-1420
90.5965180397	-665
90.6059579849	-1057
90.6176221371	1057
90.6286361217	543
90.8358581066	-543
90.8993310928	-1368
90.9046280384	-1368
90.9989860058	543
91.010201931	-1368
91.0123491287	543
91.0140490532	543
91.017729044	-95
91.2118489742	-543
91.4472150803	543
91.4785280228	-1057
91.4797420502	1057
91.8651900291	-543
91.911919117	-1420
91.9119770527	-1420
91.9120149612	-1420
91.9120559692	-1212
91.9120941162	-1368
91.9187021255	-1420
91.9187581539	-1316
91.918776989	-1368
91.9520320892	-1420
91.9521019459	-1420
91.9521410465	-1264
91.9585120678	-1420
91.9585421085	-1316
91.9839971066	-1420
91.984069109	-1420
91.9841151237	-682
91.9992480278	543
92.0220291615	1057
92.198734045	-543
92.2537770271	-1420
92.2537951469	-1316
92.2766571045	-1368
92.3648819923	-580
92.3671269417	543
92.3737170696	543
92.4835860729	-543
92.6449241638	-1086
92.8001329899	-543
92.9813771248	-1057
93.4525449276	1057
93.6797399521	543
93.7011859417	543
93.9070439339	543
93.9073419571	543
93.9470031261	543
93.9472920895	543
94.0172171593	543
94.017537117	543
94.0177960396	543
94.0180449486	543
94.0386600494	-543
94.1539421082	-1368
94.1569681168	-203
94.186975956	-1420
94.1870419979	-1316
94.2114031315	-1368
94.2131669521	-1420
94.2132060528	-1316
94.2218570709	543
94.2266249657	543
94.2354681492	-1368
94.240142107	543
94.240447998	543
94.2407310009	543
94.2443981171	543
94.2446990013	543
94.2449769974	543
94.2452399731	543
94.2454619408	543
94.2682750225	543
94.268540144	543
94.2754321098	-675
94.3010361195	543
94.3165471554	543
94.4037189484	543
94.403990984	1460
94.4040341377	111
94.4156730175	229
94.4201960564	-543
94.4668390751	543
94.4670801163	543
94.4673061371	543
94.4674749374	543
94.5161190033	-1420
94.516174078	-151
94.5335121155	543
94.5492520332	-747
94.5498170853	126
94.5531461239	-1368
94.5597770214	-1420
94.5597839355	-1420
94.5598239899	-1264
94.5648210049	-1420
94.5648579597	-1316
94.5830409527	-1368
94.5864889622	-1420
94.5864930153	-1420
94.5865359306	-1151
94.5867190361	1057
94.605713129	-1420
94.6057291031	-1316
94.6365590096	543
94.6469931602	543
94.6476621628	543
94.6783721447	-1420
94.6783821583	-1420
94.6784310341	-1420
94.6784341335	-1212
94.6853311062	-51
94.6855869293	38
94.6915459633	543
94.705242157	-1368
94.7057080269	-364
94.7091939449	-1420
94.7091989517	-1316
94.7263889313	543
94.7267210484	1057
94.7419631481	-1368
94.8191981316	-1420
94.8192241192	-89
94.8245480061	-580
94.8252050877	1057
94.8387510777	543
94.9057841301	-1368
94.9171831608	-1368
94.9298601151	543
94.965487957	-543
94.9658830166	543
94.9759950638	-1368
94.9945840836	-1181
94.9996600151	543
95.0372700691	-1368
95.1017539501	-1057
95.1127920151	-232
95.1946799755	-543
95.1971809864	543
95.2707910538	-543
95.457349062	-1420
95.457365036	-665
95.4706659317	543
95.5295741558	-543
95.5339930058	1460
95.5465419292	1460
95.5466270447	1161
95.5466980934	1460
95.5467441082	1460
95.5467960835	1161
95.5468850136	1460
95.5469210148	1460
95.5469529629	1161
95.5470731258	209
95.8777270317	-543
95.9232690334	-543
95.9354670048	-1420
95.9354770184	-665
95.9741449356	-1380
95.974200964	-1380
95.9757590294	-1380
95.9779219627	-1420
95.9779670238	-1340
95.9792971611	543
95.9797260761	-1380
95.9893081188	543
95.9895839691	543
96.0465819836	-632
96.0550100803	-1380
96.0690619946	-1420
96.0690879822	-1340
96.071146965	-1380
96.0718920231	543
96.1035840511	-1420
96.1035990715	-1420
96.1036601067	-1420
96.1036629677	-1260
96.1066310406	-1420
96.1066460609	-1340
96.1070990562	-1420
96.1071240902	-1420
96.107172966	-1300
96.1071760654	-1380
96.108314991	543
96.1086471081	1460
96.1087019444	1460
96.1090250015	-1380
96.1108379364	193
96.1186909676	543
96.126830101	543
96.149189949	543
96.1641499996	-1380
96.1844029427	-1420
96.1844761372	-1420
96.1844799519	-1420
96.1845231056	-1260
96.1983830929	-1420
96.1984510422	-1420
96.1984541416	-1420
96.1984989643	-1260
96.2103960514	543
96.2203800678	543
96.2228751183	543
96.2269771099	543
96.2328259945	-1420
96.2328360081	-391
96.234003067	543
96.2433810234	-1380
96.2737700939	-543
96.3434529305	-1380
96.3460519314	543
96.3474149704	543
96.3619720936	-382
96.4322640896	-1057
96.4410350323	543
96.4416151047	-1368
96.4911561012	-543
96.5349740982	-1368
96.5357670784	543
96.5363020897	1057
96.5466060638	-1420
96.5466279984	-1340
96.5507640839	-920
96.5703251362	543
96.5911309719	-1380
96.5933871269	543
96.5937280655	-1420
96.5937330723	-1420
96.5937759876	-1300
96.5992350578	543
96.6634540558	-118
96.6655550003	543
96.6775479317	1460
96.6776621342	111
96.7302949429	-1057
96.7469220161	-1380
96.7954089642	-249
96.8223969936	-1380
96.9029369354	-1057
96.9247291088	-705
96.9249100685	543
96.9264709949	543
96.9523191452	-1368
97.0213561058	-717
97.0227620602	1057
97.0540339947	-1086
97.0654089451	-1420
97.0654599667	-1340
97.0657291412	-1380
97.1195781231	-1380
97.1632289886	-1380
97.1648550034	-1380
97.1659269333	543
97.1781570911	543
97.193969965	-147
97.2959499359	-1380
97.3193719387	-1420
97.3194310665	-151
97.3201210499	543
97.3233680725	-1306
97.3367030621	1057
97.3401970863	543
97.3405630589	543
97.3416781425	543
97.3418869972	543
97.3470449448	543
97.3472700119	543
97.4434170723	-1057
97.44485116	543
97.4455680847	543
97.4458701611	543
97.4525871277	-543
97.6008660793	-1057
97.6860120296	-1420
97.6860840321	-1420
97.6861281395	-1420
97.6861641407	-1420
97.6861989498	-1420
97.6862411499	-631
97.7075719833	-1380
97.7113170624	-1420
97.711370945	-1340
97.7154619694	-1368
97.7172751427	-1420
97.717343092	-1420
97.7173790932	-1300
97.7211971283	-1420
97.7212400436	-1420
97.7212750912	-1300
97.7294440269	-1420
97.7294850349	-1420
97.7295210361	-1300
97.7694909573	-663
97.7916090488	-1420
97.7916531563	-1340
97.7991089821	-1380
97.799200058	-1420
97.7992310524	-1340
97.8043329716	-783
97.8068139553	-1380
97.809180975	543
97.8155930042	-1380
97.8230149746	-1420
97.8230640888	-1420
97.82310009	-1300
97.8393981457	1057
97.8399779797	543
97.8402309418	543
97.8436951637	-1420
97.8436989784	-1340
97.8437840939	-1380
97.8437869549	-1420
97.843832016	-1420
97.8438351154	-1300
97.8438980579	-1380
97.8439090252	-1380
97.8459889889	-1420
97.8459949493	-1420
97.8460350037	-1300
97.84917593	543
97.8528001308	1460
97.8528671265	111
97.8531000614	543
97.8679001331	-1420
97.8679220676	-1340
97.8704659939	-1380
97.8729410172	-1420
97.8729760647	-1340
97.8927519321	-1380
97.89549613	-1420
97.8955030441	-1340
97.8991119862	-1108
97.9033899307	-1420
97.9034440517	-1420
97.9034471512	-1300
97.907086134	-1420
97.9070999622	-1340
97.9105291367	-1380
97.9165921211	-1420
97.9166481495	-1340
97.920017004	-1380
97.9285931587	-1420
97.9286100864	-1340
97.9320161343	-1380
97.9360461235	-1420
97.9360909462	-1340
97.9440720081	-1380
97.9478449821	-1380
97.9516820908	-1420
97.9517121315	-1340
97.958176136	-1420
97.9582281113	-1340
97.9582321644	-1380
97.9955749512	-1420
97.9955921173	-1420
97.9956271648	-1300
97.9992721081	543
98.0328991413	-1355
98.0657031536	-1420
98.0657219887	-1340
98.0689139366	-1380
98.0690209866	543
98.1949670315	-544
98.2394220829	543
98.2394869328	543
98.4232840538	-543
98.4251599312	-1420
98.4251861572	-1340
98.5088169575	-1380
98.5524909496	-544
98.6287820339	-1380
98.6318781376	-543
98.6819081306	-1248
98.7798900604	-543
98.7803771496	543
98.7916710377	-1380
98.7977089882	543
98.8128039837	-792
98.8295509815	1057
98.9364111423	-543
98.9372279644	543
98.9373049736	543
99.1131939888	-543
99.1530280113	-543
99.3222830296	-543
99.3399381638	-1420
99.3399951458	-1340
99.4285969734	-1380
99.4514551163	-59
99.4534201622	543
99.4536869526	543
99.5808370113	-1086
99.6512551308	1057
99.7872569561	-543
99.9563629627	-543
100.085588932	-543
100.215038061	-1086
100.578456163	-543
100.652812958	1057
100.971826077	-543
101.100993156	-543
101.553766966	-543
101.554234028	543
102.055071115	-543
103.054335117	-543
103.690823078	-543
103.691298008	543
103.820945024	-543
104.837556124	-543
105.999171972	543
106.999170065	543
107.999174118	543
108.354730129	-543
108.998110056	543
108.998217106	543
109.203482151	-543
109.819102049	-543
111.898030043	-543
112.912943125	-543
113.002563953	-543
113.084604025	-1380
113.131801128	-763
113.71054101	-543
116.172809124	-543
116.845658064	-543
116.99911499	543
117.050395012	1057
118.872076988	-1057
118.909188032	-1368
119.006473064	-203
