0	244
0.130849123001	-757
0.14386510849	126
0.271198987961	-51
0.271423101425	38
0.401768922806	-1420
0.401785135269	-100
0.418458938599	1057
0.556219100952	-543
0.5593791008	543
0.73085308075	-543
0.735266923904	543
1.00766611099	-543
1.01639103889	1057
1.66619801521	-543
3.98765611649	-543
3.9952249527	543
3.99532198906	543
3.99537014961	543
4.12307310104	-543
4.60940814018	-543
7.99599695206	543
11.5266051292	-543
15.1415929794	-543
17.3707950115	-543
18.2266449928	-543
18.2268710136	-1420
18.226911068	-1316
18.2271020412	-1420
18.2271430492	-1420
18.2271790504	-1264
18.3138771057	543
18.3437840939	543
18.3531050682	-414
18.3531551361	-1420
18.3531730175	-1420
18.3531889915	-1420
18.3532049656	-1212
18.4038670063	543
18.4041550159	543
18.404417038	543
18.4796459675	-1297
18.5162379742	-1420
18.5163290501	-1420
18.5163691044	-1420
18.5164060593	-1212
18.5164480209	-1368
18.5167210102	-1368
18.5167639256	-1368
18.5168991089	-1368
18.5263011456	-1420
18.52633214	-1316
18.5264530182	-1368
18.5335071087	543
18.5347440243	543
18.5367410183	543
18.6059839725	-1420
18.6060020924	-1240
18.6426451206	-1368
18.6668570042	-1420
18.6669261456	-1420
18.6669311523	-1264
18.7324149609	-754
18.7539420128	543
18.7542409897	543
18.7545030117	543
18.7838950157	543
18.7991859913	-1368
18.8044059277	-1368
18.8045949936	-1420
18.8045990467	-1420
18.8046369553	-1264
18.805118084	-1420
18.8051640987	-1420
18.8051669598	-1264
18.8052351475	-1420
18.8052380085	-1420
18.8052721024	-1264
18.8135950565	1057
18.8436729908	-1420
18.8436870575	-1316
18.8553910255	543
18.8807981014	-1420
18.8808050156	-162
18.9312491417	-1420
18.9312579632	-1420
18.9313049316	-1264
18.9959819317	543
19.0069150925	-66
19.0887670517	-1420
19.0887849331	-1316
19.0888769627	-1368
19.0888810158	-1420
19.0889260769	-1316
19.0890440941	-1420
19.0890879631	-1316
19.0894191265	-1420
19.0895030499	-1316
19.0895061493	-1420
19.0895431042	-1420
19.0895459652	-1264
19.1023540497	-1368
19.1024479866	-1420
19.1024999619	-1420
19.1025030613	-1264
19.1066000462	543
19.1545491219	543
19.2152020931	-1420
19.2152159214	-1420
19.2152690887	-1420
19.2152719498	-1420
19.2153141499	-109
19.2305829525	-1420
19.2306220531	-1316
19.3415300846	-920
19.37738204	-1368
19.3781080246	-1368
19.3874490261	543
19.387691021	543
19.3911690712	-1420
19.391174078	-1316
19.4057059288	543
19.4270880222	-1368
19.4331231117	543
19.4356999397	543
19.4360301495	543
19.4362311363	543
19.5037760735	-1102
19.667746067	-1368
19.6873459816	-1318
19.6890900135	-1420
19.6891150475	-1316
19.8136880398	-949
19.8335211277	543
19.8413219452	543
19.8423540592	543
19.8429391384	543
19.9737420082	-543
20.1269669533	-1420
20.1270310879	-1316
20.1395161152	-920
20.1733529568	-1368
20.1743781567	-1368
20.1790699959	-1368
20.2290539742	-1420
20.2291219234	-1316
20.2291660309	-1368
20.2303781509	-1368
20.2304999828	-1420
20.2305369377	-1420
20.2305800915	-1264
20.2306470871	-1420
20.2306940556	-1316
20.2308080196	-1368
20.2308421135	-1420
20.2308819294	-1316
20.2309160233	-1420
20.230948925	-1316
20.2365310192	543
20.2371380329	543
20.2534000874	-1420
20.2534079552	-1316
20.2536950111	-1368
20.2658810616	-1420
20.2659270763	-1316
20.3008861542	-1420
20.300948143	-1420
20.3009519577	-1264
20.301156044	543
20.3486840725	-1420
20.3487091064	-1316
20.3555729389	-1420
20.3555891514	-318
20.3583459854	543
20.359413147	1460
20.3594639301	1460
20.3595080376	193
20.3635520935	543
20.3637859821	543
20.3639659882	543
20.3641400337	543
20.3643500805	543
20.3645310402	543
20.3647251129	543
20.3649039268	1460
20.3649461269	625
20.3655900955	543
20.373611927	543
20.3743491173	543
20.3745620251	543
20.4553639889	543
20.4556031227	543
20.482172966	-543
20.6480529308	-1368
20.6561260223	-775
20.7668919563	-1420
20.766958952	-1420
20.7670109272	-1264
20.7670650482	-1420
20.7671239376	-1316
20.7671611309	-1368
20.7692511082	1460
20.7715101242	1460
20.7715520859	1161
20.7716369629	89
20.7824969292	-1218
20.7825980186	543
20.798115015	-1368
20.7989969254	-1420
20.7990450859	-1316
20.8003060818	543
20.9094009399	-95
20.9944961071	-1420
20.9945590496	-1420
20.9945969582	-1420
20.9946320057	-1420
20.9946651459	-1160
21.0024380684	-1368
21.0025939941	-1420
21.002614975	-1316
21.0067999363	-1368
21.0244131088	-1368
21.0249400139	-1420
21.0249731541	-1420
21.0249900818	-1420
21.0250051022	-1212
21.0399870872	-1420
21.0400469303	-1316
21.0572841167	-1420
21.0573630333	-1420
21.0573999882	-1264
21.0574331284	-1368
21.0575621128	-1420
21.0576000214	-1316
21.0576889515	-1420
21.057723999	-1420
21.0577571392	-1264
21.0757470131	-1420
21.0757949352	-1316
21.0849919319	1057
21.1208980083	-1420
21.1209139824	-1317
21.1211409569	-1368
21.1212480068	543
21.1214101315	-1420
21.1214139462	-1316
21.1369681358	-1368
21.1379630566	-1368
21.1782729626	-1368
21.1787190437	-1420
21.1787600517	-1316
21.1788830757	-1368
21.1790559292	-1420
21.1790599823	-1420
21.1791009903	-1264
21.1794409752	543
21.1802010536	1460
21.1802470684	625
21.1807169914	-1420
21.1807219982	-1316
21.1820571423	-1368
21.1951200962	-1420
21.1951861382	-1420
21.1951899529	-1264
21.2474179268	-570
21.2483539581	543
21.2485620975	543
21.4515280724	-543
21.4516880512	-1420
21.4517400265	-1316
21.4709119797	-1420
21.4709670544	-1420
21.4709711075	-1420
21.4710071087	-1212
21.4758989811	-1368
21.4808499813	-1368
21.4947180748	-1368
21.494987011	-1420
21.4949929714	-1316
21.5019049644	-1368
21.5020079613	-1368
21.5064589977	-1368
21.509303093	-1368
21.5094490051	-1420
21.5094621181	-1316
21.5509431362	-1368
21.5568799973	543
21.5585150719	543
21.5667829514	-1368
21.5716559887	-1368
21.5781240463	-1092
21.617552042	-1420
21.6176271439	-1316
21.6641919613	-1368
21.6811461449	-1368
21.6821639538	-1368
21.7124910355	-1368
21.7126669884	543
21.7410781384	-1368
21.7420339584	-1368
21.7434649467	-1368
21.7435889244	543
21.743639946	-857
21.7803859711	-1368
21.7807040215	-1420
21.7807099819	-1316
21.8182740211	-1420
21.8182880878	-1316
21.8238091469	-1368
21.8282771111	-1368
21.8368220329	-1420
21.8368279934	-1316
21.8372960091	-1368
21.8420381546	-1368
21.8621160984	-1420
21.8621251583	-1316
21.8636460304	-1368
21.866104126	-1368
21.8698220253	-736
21.8758900166	-1368
21.9184091091	-1368
21.9197101593	-1368
21.9265420437	-1368
21.9274511337	543
21.9275290966	-1368
21.928276062	1460
21.9283220768	1460
21.9283559322	1161
21.9287071228	89
21.928743124	-1420
21.9287469387	-1420
21.9287919998	-1264
21.9420311451	-1368
21.9451630116	-1420
21.9451789856	-1420
21.9452340603	-1264
21.9467051029	-1368
21.9477329254	-1368
21.9557991028	-1420
21.955876112	-1420
21.9558811188	-1264
21.9567451477	-1420
21.9567501545	-1316
21.9577829838	-1420
21.9577879906	-1316
21.9585421085	-1368
21.9633131027	-1420
21.9633760452	-1420
21.9633800983	-1264
21.963561058	543
21.9685950279	-1420
21.9686000347	-1420
21.9686410427	-1264
21.9886951447	-1420
21.9887559414	-1420
21.9887599945	-1264
21.9926190376	-1368
21.9957871437	-1420
21.9958119392	-1316
22.0000431538	543
22.002325058	-1420
22.0023300648	-1420
22.0023720264	-1264
22.0461790562	-1420
22.0461919308	-1204
22.0473461151	-1368
22.0541191101	-1420
22.0541260242	-1420
22.0541670322	-1264
22.0552060604	-1420
22.0552120209	-1420
22.0552539825	-1420
22.0552580357	-1212
22.0716841221	-1420
22.0716950893	-1420
22.0717430115	-1264
22.0717451572	-1420
22.0717871189	-1316
22.0741870403	-1420
22.0741920471	-1420
22.0742299557	-1264
22.0820200443	-1368
22.0889201164	-1368
22.0908100605	-1368
22.0944471359	-1420
22.0945019722	-1316
22.095293045	-1368
22.0956029892	543
22.0957520008	543
22.1318581104	-1368
22.1332099438	-1368
22.1349859238	-1368
22.1496360302	-1368
22.1556451321	543
22.1602790356	-543
22.1607711315	543
22.172563076	-1253
22.2163741589	-1368
22.2173709869	-1420
22.217425108	-1316
22.2196681499	543
22.2233970165	543
22.3321080208	-1420
22.3321270943	-1420
22.3321809769	-1264
22.3388381004	543
22.3412890434	-190
22.3549571037	-1368
22.3559839725	-1420
22.355989933	-1420
22.356030941	-1264
22.3763670921	-1420
22.3764090538	-1316
22.3765280247	543
22.3781280518	-1420
22.3781340122	-1316
22.3782060146	-1368
22.3926410675	-1368
22.3934431076	-1420
22.3934481144	-1316
22.4194071293	-1368
22.4194800854	-1368
22.462362051	-1420
22.4623770714	-1316
22.4812159538	-193
22.485904932	-1368
22.6122810841	-232
22.6757919788	-1420
22.6758730412	-1420
22.6759121418	-1420
22.6759469509	-1212
22.6773049831	-1420
22.677341938	-1420
22.6773760319	-1264
22.6788809299	-1420
22.6789190769	-1316
22.6790070534	-1368
22.6819629669	-1420
22.6820390224	-1420
22.682076931	-1264
22.6843700409	-1420
22.6843950748	-1316
22.6852049828	-1368
22.6855170727	543
22.6861169338	-1368
22.6882600784	-1368
22.6904101372	543
22.7002420425	-1420
22.700248003	-1316
22.7066149712	-1368
22.7067101002	543
22.7078990936	-1368
22.7106289864	-1368
22.7114980221	-1368
22.7148561478	-1368
22.7180650234	-1368
22.7214779854	-1368
22.7262599468	-1368
22.7282590866	-1368
22.730175972	-1420
22.7301800251	-1316
22.7322900295	-1368
22.7395379543	-1368
22.7480640411	-1368
22.7485530376	-1368
22.7518861294	-1368
22.7557830811	-1420
22.7558050156	-1316
22.7599830627	-1368
22.7619841099	-1368
22.7674310207	-1368
22.7675671577	543
22.7716219425	-1368
22.7785279751	-1420
22.7785539627	-1316
22.8023481369	-1420
22.8024101257	-1316
22.8024151325	-1420
22.802448988	-1420
22.8024520874	-1264
22.8037059307	-1420
22.8037109375	-1420
22.8037500381	-1264
22.8038699627	-1368
22.8054320812	-1420
22.8054389954	-1420
22.8054831028	-1264
22.80717206	543
22.8083560467	-1420
22.8083620071	-1420
22.8084139824	-1420
22.8084170818	-115
22.8084599972	-1368
22.8118050098	-1368
22.8121669292	-1420
22.812171936	-1316
22.8134191036	-1420
22.8134360313	-1316
22.8138329983	543
22.8145749569	-1368
22.8160970211	-1420
22.8161399364	-1316
22.8268179893	-1420
22.8268780708	-1420
22.8268821239	-1264
22.8344480991	-1420
22.8344581127	-1420
22.8345091343	-1264
22.8346369267	543
22.8381061554	-1420
22.8381159306	-1316
22.8396401405	-1368
22.8443491459	-1368
22.8495910168	-1368
22.8648810387	-1420
22.8649349213	-1316
22.9255981445	-1368
22.9347400665	-818
22.9357280731	543
22.9987061024	543
22.9988050461	543
23.0454509258	-1420
23.0454690456	-1420
23.0455350876	-1420
23.0455379486	-1212
23.0455811024	-1368
23.0457119942	-1420
23.0457570553	-1420
23.0457601547	-1264
23.0465199947	543
23.0545270443	-1420
23.054543972	-1420
23.0546009541	-1264
23.0557770729	-1420
23.0558159351	-1316
23.0610361099	-1010
23.076280117	-1420
23.0762870312	-1316
23.0837500095	-1420
23.08375597	-1316
23.0897140503	-1368
23.1010670662	-1368
23.1196620464	543
23.1198849678	543
23.1530900002	-1420
23.1531159878	-1316
23.2025470734	-140
23.206081152	-1368
23.2228269577	-1420
23.2228441238	-1420
23.2229161263	-1264
23.2229189873	-1420
23.2229630947	-1420
23.2229659557	-1264
23.2230069637	-1368
23.2462501526	-1368
23.2529840469	-1368
23.2605390549	-1420
23.260586977	-1420
23.2605900764	-1264
23.2743971348	-1420
23.2744050026	-1420
23.2744529247	-1264
23.3289170265	-1368
23.3290851116	543
23.3323190212	-367
23.3702249527	-1368
23.4229049683	-1368
23.4230771065	543
23.4407169819	-1368
23.458507061	-696
23.478495121	-1368
23.4920890331	-1368
23.5005719662	543
23.5067760944	-1420
23.5067830086	-1420
23.506827116	-1264
23.5178599358	-1368
23.5568621159	-1368
23.5605969429	-1420
23.5606501102	-1316
23.5687720776	-1368
23.5696680546	-1368
23.5705430508	-1368
23.5847220421	-952
23.5863170624	-1420
23.586359024	-1316
23.6738660336	-1420
23.6738829613	-1316
23.6761641502	-1368
23.6781110764	-1368
23.711176157	-1218
23.7297639847	543
23.7357060909	-1420
23.7357211113	-1316
23.7746701241	-1420
23.7746889591	-1420
23.7747459412	-1264
23.7751030922	543
23.7759959698	-1420
23.7760090828	-1420
23.7760500908	-1420
23.7760519981	-1212
23.7762360573	-1420
23.7762410641	-1316
23.805339098	-1368
23.8185961246	-1368
23.8371350765	-1368
23.8565349579	-844
23.8755171299	-1368
23.9192590714	-1368
23.9273180962	-1420
23.9273710251	-1420
23.9273760319	-1264
23.9317209721	-1420
23.931730032	-1420
23.9317810535	-1420
23.931784153	-1212
23.9319391251	543
23.9320781231	-1368
23.9325330257	543
23.9704549313	-1368
23.9831020832	-749
24.0189721584	-1368
24.060544014	-1368
24.0790500641	-1368
24.0997519493	543
24.1096291542	-696
24.2360460758	-543
24.2495861053	-1368
24.2503540516	-1368
24.2559361458	543
24.2707509995	-1368
24.2826211452	-1368
24.2856659889	-1368
24.3000891209	-1368
24.3001480103	-1368
24.305341959	-1368
24.3136270046	-1368
24.3335299492	-1368
24.3599259853	-1368
24.3600680828	-1368
24.3606960773	-1368
24.3612830639	-1420
24.3613250256	-1316
24.3615460396	-1368
24.3622939587	-1420
24.3623070717	-1420
24.3623459339	-1264
24.3623490334	-1368
24.3759701252	-1150
24.3788571358	-1420
24.3789300919	-1420
24.3789329529	-1264
24.3789710999	-1368
24.3792130947	-1368
24.3794989586	-1368
24.3926250935	-1368
24.3932621479	-1368
24.3940300941	-1368
24.3965039253	-1368
24.3965981007	543
24.4126970768	543
24.4130470753	543
24.4140319824	-1420
24.4140369892	-1316
24.4346339703	-1368
24.4348700047	-1368
24.4383530617	543
24.4467060566	-1368
24.4467320442	-1368
24.447715044	-1368
24.4635059834	543
24.465225935	-1368
24.489511013	-1420
24.489563942	-1316
24.4927461147	-1368
24.498994112	-1368
24.5000009537	-1368
24.5004689693	-1368
24.5006070137	-1368
24.5021901131	-623
24.5134811401	1057
24.5636050701	543
24.5641160011	543
24.6235771179	-1420
24.6235980988	-1316
24.6284530163	-920
24.6553599834	-1368
24.7815749645	-775
24.8121349812	-1420
24.8122110367	-1420
24.8122169971	-1420
24.812253952	-1212
24.8132059574	-1420
24.813270092	-1420
24.813272953	-1264
24.8149490356	-1420
24.8149549961	-1420
24.8149969578	-1264
24.8150849342	543
24.8154990673	-1368
24.8162379265	-1420
24.816272974	-1316
24.8168420792	-1420
24.8168680668	-1316
24.823720932	543
24.8242189884	543
24.8244049549	543
24.8568911552	-1368
24.9384920597	-1047
24.9961810112	543
25.1057069302	-543
25.1064851284	543
25.1284549236	-1368
25.1447601318	-1368
25.1451001167	-1368
25.154282093	-1368
25.155755043	-1368
25.1852710247	-1368
25.1938700676	-1420
25.193885088	-1316
25.2033760548	-1368
25.2047719955	-1368
25.2273609638	-1368
25.2279200554	-1420
25.2279729843	-1316
25.2295179367	-1420
25.2295560837	-1316
25.229984045	-1420
25.2300350666	-1316
25.2317590714	-1420
25.2317979336	-1420
25.2318000793	-1420
25.231801033	-1420
25.2318110466	-1160
25.2318539619	-1420
25.2318561077	-1420
25.2318570614	-1264
25.2318589687	-1368
25.2329621315	-623
25.2342031002	543
25.2345330715	543
25.2473320961	-1420
25.2473571301	-1316
25.2478539944	-1368
25.2484650612	-1420
25.2485060692	-1316
25.2489249706	-1368
25.2505540848	-1420
25.2505590916	-1420
25.2506010532	-1264
25.2509729862	-1420
25.2510120869	-1316
25.2520289421	543
25.2522261143	543
25.2695789337	-1420
25.2696049213	-1316
25.2701950073	-1368
25.2703800201	543
25.270761013	-1368
25.2712340355	543
25.2712841034	-1368
25.2718200684	-1368
25.2720899582	543
25.2727539539	-1420
25.2727589607	-1316
25.2733900547	-1368
25.273537159	-1368
25.2913329601	-1420
25.2913510799	-1316
25.2919540405	-1368
25.292812109	-1420
25.2928380966	-1316
25.2937121391	-1368
25.3073010445	-1368
25.3081459999	-1368
25.309442997	-1368
25.3095281124	543
25.3107161522	-1368
25.3119800091	-1368
25.3126649857	-1420
25.3126709461	-1420
25.312691927	-1264
25.3248829842	-1420
25.3249211311	-1316
25.3263061047	-1368
25.3275151253	-1368
25.3276889324	543
25.3309781551	-1368
25.3311610222	-1420
25.3311829567	-1316
25.3544361591	-1420
25.3544919491	-1420
25.3544950485	-1420
25.3545300961	-1212
25.3558149338	-1368
25.3566479683	-1420
25.3566510677	-1420
25.3566880226	-1420
25.35668993	-1212
25.3592309952	-1014
25.3595170975	543
25.3599481583	-1368
25.3871979713	-1368
25.3887519836	-1368
25.3894641399	-1368
25.3895709515	543
25.3904790878	-1368
25.3909671307	-1368
25.406512022	-1420
25.4065239429	-1316
25.4079699516	-1368
25.4309780598	-1368
25.4311590195	543
25.4862830639	-546
25.6176021099	-1368
25.6276209354	543
25.6502561569	-543
25.6557059288	-261
25.6620309353	-1420
25.6621360779	-1316
25.662142992	-1368
25.6621789932	-1420
25.6626291275	-1316
25.664618969	-1368
25.6646239758	-1420
25.6646740437	-1420
25.6646771431	-1264
25.664773941	-1368
25.6647779942	-1368
25.6650669575	-1368
25.6654090881	-1420
25.6654140949	-1316
25.6656811237	-1420
25.6657710075	-1316
25.665776968	-1420
25.6657810211	-1420
25.6657841206	-1264
25.6657960415	-1368
25.6658649445	-1420
25.6658689976	-1420
25.6658711433	-1264
25.665872097	-1368
25.6659510136	-1368
25.6742129326	543
25.6748049259	543
25.6755671501	-1420
25.6755809784	-1316
25.706977129	-1368
25.7181589603	543
25.7576711178	543
25.7579469681	543
25.7814950943	-341
25.7854001522	543
25.9367370605	-543
26.0351791382	-1368
26.0355670452	-1420
26.0356099606	-1316
26.0958240032	-1420
26.0958471298	-1316
26.1100959778	543
26.11424613	-530
26.1274690628	543
26.1277360916	543
26.3040239811	-543
26.3970091343	-1420
26.3970339298	-1316
26.4105629921	-1368
26.430284977	-95
26.5694990158	-1420
26.5695149899	-491
26.6157701015	543
26.619987011	543
26.6223509312	543
26.6225790977	543
26.6957349777	-203
26.6991691589	543
26.7034261227	543
27.1264579296	-543
27.2528240681	-543
27.4118659496	-543
27.4439170361	543
27.4547080994	-1368
27.4555959702	-1368
27.4654891491	543
27.4657299519	543
27.5379669666	-464
27.8292789459	-543
27.830121994	-1420
27.8301661015	-1420
27.830201149	-1420
27.8302350044	-1212
27.83157897	-1420
27.831619978	-1316
27.8328659534	-1368
27.8537471294	-1420
27.8538200855	-1420
27.8538651466	-1420
27.8539071083	-1212
27.9564459324	-604
27.9711639881	543
27.9716880322	543
27.9959690571	543
28.0208849907	543
28.021171093	1057
28.0977950096	-543
28.2342090607	-543
28.2377080917	543
28.2387230396	543
28.2389230728	543
28.3274841309	-1368
28.3279850483	-1368
28.3643169403	-435
28.4361641407	-543
28.5381381512	-543
28.5722689629	-1420
28.5722849369	-1420
28.5723409653	-1420
28.5723440647	-1212
28.5723869801	-1420
28.5723900795	-1316
28.5870201588	-1420
28.5870320797	-1420
28.5870831013	-1264
28.6232800484	-1420
28.6233029366	-1316
28.6334609985	543
28.698734045	-1176
28.7061431408	543
28.8316850662	-1368
28.8435311317	543
28.8560359478	1057
28.8565540314	543
28.8802130222	-261
29.1104941368	-543
29.2367391586	-1057
29.3491399288	-1420
29.349198103	-1316
29.3551120758	-1368
29.3555929661	-1420
29.3556361198	-1420
29.3556730747	-1420
29.3557150364	-1212
29.3631219864	-335
29.363255024	-1420
29.3632969856	-1420
29.3633460999	-1264
29.3991250992	-1368
29.4893960953	-298
30.0160429478	543
30.111109972	228
30.1724560261	-543
30.2021491528	-543
30.2261669636	-746
30.2266850471	126
30.2986900806	-543
30.3415160179	-51
30.3417370319	38
30.4249551296	-543
30.4547650814	-1420
30.4547791481	-78
30.4551990032	1057
30.4648821354	543
30.5746719837	-543
30.5793931484	543
30.8914210796	-543
30.8918089867	543
31.0583720207	-543
31.0588190556	1057
31.2172160149	-543
31.257486105	-543
31.2673950195	1460
31.2674500942	1460
31.2674939632	707
31.4714150429	-1368
31.5041079521	-232
31.660187006	1057
31.676377058	-543
31.6781759262	-1368
31.710973978	-1368
31.760201931	543
31.793348074	543
31.8026590347	-978
31.8030390739	543
31.8134739399	543
31.9290370941	-543
32.350826025	-543
32.3755481243	-543
32.4202461243	-1368
32.5466401577	-1289
32.5482299328	-1368
32.5483250618	543
32.5897171497	-1368
32.5902969837	-1420
32.5903289318	-1316
32.6024010181	1057
32.6139080524	-1368
32.6147229671	-1368
32.6262691021	543
32.6435761452	-1368
32.653783083	1057
32.6627130508	-1368
32.6746470928	-1255
32.6994950771	-1368
32.7399139404	1057
32.7639560699	543
32.7957811356	1057
32.8013060093	-1318
32.8172850609	543
33.0171201229	-543
33.0608770847	-543
33.1250650883	-1368
33.1259400845	543
33.1487300396	-1420
33.148786068	-1316
33.1698620319	-1368
33.1720061302	-327
33.1878631115	-543
33.2359349728	-1368
33.2442090511	-1368
33.2443699837	-1368
33.2947340012	-1368
33.3058531284	-1368
33.3080830574	-1368
33.3106601238	-1420
33.3106839657	-1316
33.3140931129	-1197
33.3142230511	543
33.3143510818	543
33.3144719601	-1368
33.3308861256	-1420
33.3309249878	-1316
33.3410401344	-1368
33.3624639511	-1420
33.3624811172	-1316
33.3707931042	-1420
33.3708081245	-1316
33.3708651066	-1420
33.3708679676	-1316
33.3939881325	543
33.3942160606	543
33.4322350025	-1420
33.4322619438	-1316
33.4323160648	-1368
33.4326500893	543
33.4369790554	-1420
33.4369931221	-1420
33.4370400906	-1420
33.4370419979	-1212
33.4404950142	-1420
33.440500021	-1316
33.4572620392	-1063
33.4636240005	1057
33.5249419212	-543
33.5563280582	543
33.5635061264	1057
33.6364080906	-1086
33.7146761417	-1368
33.7388780117	-543
33.7478640079	-746
33.7635500431	543
33.7711520195	543
33.9043109417	-543
33.9081659317	-1368
33.9430551529	-543
33.9468071461	-1420
33.9468550682	-1316
33.9501650333	-1368
33.9504160881	-1368
33.9504210949	-1368
33.9635779858	-1368
33.9637351036	-1368
33.9675059319	-1368
34.0346031189	-717
34.0535070896	1057
34.0581431389	-538
34.1683449745	-543
34.1792430878	-1368
34.1816051006	-1368
34.1824331284	-1368
34.1891970634	-1368
34.193885088	-1368
34.2130510807	-1420
34.2130630016	-1316
34.2168540955	-1368
34.2206110954	-1368
34.2216999531	-1420
34.221706152	-1316
34.2222020626	-1368
34.2229149342	-1368
34.2234771252	-1368
34.2281291485	-1368
34.2299039364	-1368
34.2305369377	1057
34.236964941	-1368
34.2372989655	-1368
34.23782897	-1368
34.2416191101	-1368
34.3056509495	-1420
34.3056690693	-1420
34.3057329655	-1264
34.3089051247	-1420
34.3089461327	-1420
34.3089499474	-1264
34.3202259541	-1420
34.3202309608	-1420
34.3202800751	-1264
34.3377511501	-543
34.3394451141	-1420
34.3394899368	-1420
34.3394939899	-1264
34.3426511288	-1420
34.3426921368	-1316
34.3433890343	-1368
34.3436670303	-1368
34.3463380337	-1368
34.3469510078	-1420
34.3469939232	-1316
34.3470299244	-1420
34.3470330238	-1420
34.3470671177	-1264
34.3471739292	543
34.347949028	-1420
34.3479540348	-1009
34.3603069782	-1420
34.360352993	-1316
34.3604819775	543
34.3609449863	-1368
34.3708651066	-1368
34.370882988	-1368
34.3709421158	-1368
34.3728039265	-1368
34.3728981018	-1368
34.4108171463	-1368
34.4292571545	543
34.4297981262	543
34.4493119717	-1155
34.4494791031	-1368
34.449696064	-1420
34.4497411251	-1316
34.4498040676	-1368
34.454102993	-1368
34.4541540146	-1368
34.4542491436	-1368
34.4544250965	-1368
34.4552021027	-1368
34.4552810192	543
34.4743440151	-1007
34.5337531567	-1368
34.5605890751	-654
34.6005461216	-775
34.607033968	543
34.6080710888	543
34.699860096	1057
34.7226600647	-1368
34.7270281315	-775
34.7838671207	543
34.784124136	543
34.8398809433	543
34.8401501179	543
34.8531830311	-543
35.0009760857	-543
35.0861649513	-543
35.086368084	-1368
35.1646840572	-1368
35.1721110344	-1368
35.18207407	1057
35.2036230564	1460
35.2037110329	1139
35.2128260136	-1210
35.2460870743	543
35.3515629768	-1368
35.372961998	-775
35.5630800724	-543
35.5635581017	-1368
35.5750250816	-1368
35.5757329464	-1368
35.5911021233	-1420
35.5911750793	-1420
35.5912160873	-439
35.5939331055	-1368
35.5940389633	-1368
35.5941460133	-1368
35.5942821503	543
35.5955209732	-1368
35.595788002	-1420
35.5958371162	-1316
35.6125531197	-1368
35.6899731159	-95
35.6983270645	-1368
35.6983399391	-1368
35.7023251057	-1420
35.7023389339	-1420
35.7023890018	-848
35.7766330242	-1368
35.8306131363	-1420
35.8306629658	-1316
35.8572289944	-124
35.8834271431	-1420
35.883450985	-1316
35.9319770336	-1420
35.9319939613	-1316
35.9321711063	543
35.945857048	-1368
35.9819719791	-543
35.9836149216	-1073
35.9880430698	-1368
35.990874052	-1420
35.9909250736	-1316
35.9946141243	-1368
35.9946570396	-1368
35.9947249889	-1368
35.9964671135	-1368
35.9965019226	-1368
36.0006761551	-1368
36.0008411407	-1420
36.0008709431	-1316
36.0009350777	543
36.0090010166	-1368
36.0090169907	-1368
36.009264946	-1368
36.0092689991	-1368
36.0093460083	-1368
36.0116479397	-1420
36.0116801262	-1316
36.011744976	-1368
36.0130970478	-1420
36.0131020546	-1316
36.0132341385	-1368
36.0144679546	-1368
36.0144910812	-1368
36.0147709846	543
36.0148639679	-1368
36.0716290474	1460
36.0717461109	1139
36.0934290886	-1368
36.0934951305	-1368
36.10227108	-1368
36.1024200916	-1368
36.1024661064	-1368
36.1025800705	-1368
36.1061120033	-1368
36.1062059402	-1368
36.1063139439	-1368
36.106400013	543
36.1064960957	-1420
36.1065001488	-1316
36.1066710949	-1368
36.1079130173	-1368
36.1082320213	-1420
36.1082360744	-1316
36.108273983	-1368
36.1096551418	-232
36.1123111248	-1420
36.1123490334	-1420
36.1123509407	-588
36.1126389503	-1368
36.1127641201	-1368
36.112901926	-1368
36.1150560379	543
36.1204991341	-1368
36.1205649376	-1368
36.1206769943	-1368
36.1771090031	543
36.223637104	-103
36.2395911217	-543
36.2412490845	-1368
36.2625229359	543
36.2912931442	-1368
36.3068640232	-1420
36.3069219589	-1316
36.3658559322	-269
36.3889420033	-543
36.3920590878	-1368
36.3920941353	-1368
36.3954589367	-1368
36.3957390785	-1368
36.3957760334	-1368
36.4028830528	-1420
36.4029250145	-1316
36.4051539898	-1368
36.4102480412	-1420
36.4102981091	-1316
36.4103250504	-1368
36.4131851196	-1368
36.4132771492	-1368
36.4133780003	-1368
36.4134731293	543
36.4184250832	-1368
36.4185359478	543
36.4215390682	-1420
36.4215450287	-1316
36.4216930866	-1368
36.4235200882	-1368
36.4236040115	-1368
36.4256989956	-1368
36.4278450012	-1368
36.4279229641	-1368
36.429361105	-1368
36.4371831417	-1420
36.4372210503	-1316
36.5037989616	-847
36.5694260597	-1368
36.6154601574	-1289
36.6691770554	543
36.7668299675	-543
36.8579990864	-543
36.8784070015	-1057
36.9843850136	-1057
36.9878201485	543
37.1079549789	-1368
37.1104979515	-232
37.2998530865	-543
37.3446450233	-1368
37.379554987	-1368
37.4200861454	-1368
37.4325320721	-543
37.471102953	-696
37.4761109352	543
37.5129449368	-1368
37.6027431488	-232
37.6253840923	-1368
37.6780469418	543
37.6834261417	543
37.7291040421	-232
37.7360041142	-1420
37.7360589504	-1316
37.7367050648	-1368
37.7376921177	-1368
37.7383420467	-1368
37.7411661148	543
37.7605731487	-1368
37.7841420174	-1368
37.7868430614	-543
37.7973661423	1057
37.8430500031	-1368
37.8553910255	-1168
37.9080240726	-1368
37.9818959236	-232
37.9904351234	-543
37.99584198	-1368
38.000592947	-1420
38.0006351471	-1316
38.0018389225	-1368
38.0018689632	-1368
38.0046460629	-1368
38.015075922	543
38.015609026	543
38.0247490406	-1368
38.0248520374	543
38.045386076	543
38.0456979275	543
38.0533399582	-1368
38.1020541191	-1160
38.1064240932	-1368
38.1081020832	-696
38.1214630604	543
38.1521530151	-1368
38.1843500137	-1420
38.1844160557	-1316
38.1844620705	-1368
38.1857199669	-1368
38.185833931	-1368
38.1877229214	-1368
38.1878180504	-1368
38.1879479885	-1368
38.188475132	-1368
38.1885609627	-1368
38.1886730194	-1368
38.1969320774	-1368
38.2020430565	-1368
38.2065429688	543
38.2345161438	-464
38.2384910583	-807
38.2392361164	543
38.2394771576	543
38.2397301197	543
38.2399220467	543
38.24553895	-1368
38.2962729931	-1368
38.3597691059	-1368
38.3700859547	-1368
38.3719339371	-928
38.3835091591	543
38.4128880501	-1368
38.423429966	543
38.4615681171	-1368
38.4981279373	-464
38.620126009	-543
38.6763510704	-1086
38.6881070137	543
38.743596077	-543
38.7875599861	-1086
38.8134491444	-1368
38.8140909672	-1368
38.814453125	543
38.8165609837	-1368
38.8321459293	-1368
38.832670927	-1420
38.8326840401	-1316
38.8335771561	-1368
38.8475019932	-1368
38.8500440121	-1368
38.8691101074	-1368
38.8701870441	-1368
38.8803260326	-1234
38.8824589252	-1368
38.883546114	-1368
38.8852860928	-1368
38.9505579472	-1420
38.9505751133	-1316
38.9566190243	543
38.957018137	543
38.9572241306	1057
38.9836320877	-543
38.9852480888	-1368
38.9853100777	-1368
39.0030090809	543
39.0031211376	543
39.0032830238	-1420
39.0033359528	-1316
39.006428957	-16
39.0253760815	-1368
39.0989229679	-1268
39.111246109	543
39.1120920181	543
39.1432380676	-1368
39.1514909267	-232
39.1859309673	-1420
39.1860220432	-1316
39.1860620975	-1368
39.1922049522	-1368
39.192291975	-1368
39.193251133	-1368
39.193488121	-1368
39.2033979893	-1420
39.2034449577	-1316
39.2045869827	-1368
39.2070691586	-1368
39.2093789577	543
39.2104549408	-1368
39.2105810642	-1368
39.2947120667	-1420
39.2947320938	-1316
39.2975180149	-1368
39.2976601124	-1368
39.2977330685	-1420
39.2977659702	-91
39.2990181446	543
39.5745329857	543
39.6078820229	-543
39.866024971	-543
39.9294250011	-543
40.0086250305	-543
40.0188670158	-543
40.0307281017	-1368
40.044410944	-1368
40.0590620041	-1368
40.0660610199	-1420
40.066106081	-1316
40.0688159466	-1368
40.0725390911	543
40.0915131569	-1368
40.0975570679	543
40.1030170918	-1368
40.1032290459	543
40.1038229465	543
40.1040420532	543
40.1454279423	-1420
40.1454861164	-1316
40.1570329666	-24
40.1593310833	-1368
40.1778810024	-95
40.1938929558	-1368
40.197327137	-1368
40.2155880928	-1420
40.2156291008	-1316
40.2332389355	-1368
40.245718956	-1368
40.2457611561	-1368
40.2458450794	-1368
40.2460229397	-1368
40.2498559952	-1420
40.2499001026	-1316
40.2611019611	1057
40.2644619942	-1420
40.2644679546	-1316
40.2645950317	-1368
40.2716670036	-1368
40.2856450081	-538
40.2930469513	-1368
40.2956061363	-198
40.2978999615	-1420
40.2979559898	-1316
40.2989001274	-1368
40.2990989685	543
40.3062620163	-1368
40.3064229488	543
40.352421999	-1368
40.3864619732	-1368
40.409181118	-580
40.4144489765	-1368
40.4189419746	-1160
40.4335660934	1460
40.4336459637	111
40.4338719845	543
40.4403641224	-1368
40.4404361248	543
40.4539339542	-1368
40.4920539856	-1368
40.5143799782	-1368
40.5360219479	-1368
40.5452530384	-1160
40.5595340729	-1368
40.5736949444	-1368
40.6803841591	-1420
40.6803970337	-1316
40.685737133	-870
40.6916520596	-1368
40.6916770935	-543
40.693832159	-1368
40.6951420307	-1368
40.8122501373	-609
41.0029759407	543
41.0309751034	-543
41.0320329666	-1368
41.0333170891	-1368
41.061645031	-1420
41.0617101192	-1316
41.1426579952	-1268
41.1561131477	543
41.1563150883	543
41.1820399761	-543
41.2048921585	-1368
41.2178161144	-1420
41.2178721428	-1316
41.2299039364	-1368
41.2317650318	-1368
41.2457361221	-1368
41.2534909248	543
41.2595050335	-1368
41.2734761238	-1368
41.2735249996	-1368
41.3084969521	-1420
41.3085539341	-1316
41.3313801289	-1420
41.3314430714	-1103
41.3594551086	-1420
41.3595199585	-1316
41.3607800007	543
41.4576289654	-406
41.4855351448	-1368
41.6116571426	-232
41.6312730312	-1368
41.6460421085	-1368
41.6483149529	543
41.6509599686	-543
41.6643190384	-1368
41.6680729389	-1368
41.6681900024	543
41.6794569492	-1368
41.6864500046	-1420
41.6864960194	-1316
41.693969965	-1368
41.6958711147	543
41.6963801384	543
41.6965520382	543
41.7064499855	-1368
41.710408926	-1368
41.7204139233	-1368
41.7575030327	-952
41.7594389915	-1420
41.7594439983	-1316
41.7601909637	-1368
41.7635941505	543
41.7768380642	-1420
41.776845932	-1316
41.793872118	543
41.7941429615	543
41.7977321148	-1368
41.7985560894	-1420
41.7986011505	-1316
41.8036170006	-1368
41.8293321133	-1420
41.8293471336	-1316
41.854501009	-1420
41.8545191288	-1316
41.8555369377	-1368
41.8725421429	-1368
41.8733489513	-1368
41.8734230995	-1368
41.8856351376	-338
41.8961019516	-1368
41.9207210541	-1420
41.9207310677	-1316
42.0087790489	543
42.0224709511	-124
42.0334460735	543
42.036550045	543
42.0655591488	-543
42.0740251541	1460
42.0741009712	111
42.0750589371	-1420
42.0750639439	-1316
42.0769641399	-1368
42.0793750286	543
42.0834701061	543
42.1107320786	-1368
42.1107470989	-1368
42.1397130489	235
42.1854240894	-16
42.250756979	-543
42.2744159698	-743
42.2915070057	126
42.2940270901	-1368
42.3158140182	-1368
42.3166630268	-1368
42.338876009	-1420
42.3389420509	-1316
42.3422379494	-1044
42.4202680588	-1057
42.4234170914	-51
42.4334740639	38
42.4536271095	-543
42.523555994	543
42.5650529861	-1420
42.5650639534	-70
42.5654520988	1057
42.5935080051	543
42.647092104	-543
42.6472120285	-543
42.6502590179	-1420
42.6502871513	-1316
42.6527190208	-1368
42.6528129578	-1368
42.6528749466	543
42.6529870033	-1368
42.6540751457	-1368
42.6542010307	-1368
42.6544921398	-1368
42.6690740585	-1368
42.6979799271	-543
42.6983709335	543
42.6987259388	543
42.6989150047	1057
42.7126779556	-1368
42.734331131	-1368
42.7588291168	-1420
42.7588391304	-1316
42.761439085	-496
42.8797149658	-543
42.883644104	543
42.9147670269	-543
42.9350550175	543
42.9850800037	-1420
42.985090971	-1316
42.9852700233	-1368
42.9889769554	-1420
42.9890050888	-1316
42.9896860123	-1368
42.9898030758	543
42.9900691509	543
42.9965009689	543
42.9967229366	-1368
42.9967989922	-1368
43.001832962	-1368
43.0261220932	-741
43.1064510345	-543
43.1076099873	1460
43.1076829433	1460
43.107722044	1161
43.1078119278	1460
43.1078491211	1460
43.107888937	1161
43.1079449654	1460
43.1079809666	1460
43.1080131531	1161
43.1080620289	1460
43.10810709	805
43.2193491459	-543
43.3078930378	-1368
43.3374371529	-543
43.3454430103	-232
43.3768451214	-543
43.3987431526	-1368
43.3988950253	543
43.4129009247	543
43.4208180904	-1368
43.4245619774	-1368
43.4261159897	-1368
43.4286530018	-1368
43.4560329914	1460
43.4561040401	1460
43.4561481476	1161
43.4562411308	1117
43.456400156	1460
43.4564430714	1460
43.4564759731	1161
43.4566421509	1460
43.4566979408	200
43.4572770596	543
43.465264082	-1368
43.4668309689	-1368
43.4670610428	-1420
43.4670660496	-1316
43.4718279839	-232
43.4724040031	-1368
43.4855389595	-1368
43.5475571156	-1420
43.5475699902	-1316
43.551169157	-177
43.5758709908	-1368
43.5798020363	-543
43.5847010612	543
43.5857570171	-1420
43.5857620239	-1420
43.5858249664	-1264
43.5880870819	-1368
43.5881550312	-1368
43.6096589565	-1420
43.609705925	-1316
43.6116831303	-1368
43.6117069721	-464
43.6120939255	-1368
43.6131920815	-1368
43.6133141518	-1368
43.6145319939	-1420
43.6145551205	-1316
43.6147670746	-1368
43.6160130501	-1368
43.6160731316	-1368
43.6162450314	-1368
43.6170721054	-1420
43.6170909405	-1316
43.61810112	-1368
43.6182610989	543
43.6191589832	-1420
43.61916399	-1316
43.6216001511	-1368
43.6216750145	-1368
43.6276321411	-1368
43.6630110741	-1368
43.6817259789	-1086
43.6966199875	-1368
43.696668148	-1368
43.6972870827	-1368
43.697371006	-1368
43.6975500584	-1398
43.736989975	-1368
43.7378120422	-464
43.7439141273	-1420
43.7439451218	-1316
43.7454099655	-1368
43.7486970425	543
43.7636771202	543
43.8039579391	543
43.8043811321	543
43.8089749813	-638
43.8115141392	-1368
43.813544035	-1420
43.8135499954	-1316
43.820649147	543
43.8235239983	543
43.8482940197	-1007
43.8530709743	-1368
43.8544769287	-1420
43.8544831276	-1420
43.8545250893	-1264
43.8545269966	-1368
43.8571341038	-1420
43.8571400642	-1420
43.8571829796	-1264
43.8572750092	-1420
43.8573110104	-1316
43.8656880856	1057
43.8661961555	543
43.8797280788	-1368
43.9358999729	-1368
43.9378330708	-696
43.9381041527	543
43.944453001	-1420
43.9444611073	-1420
43.9445009232	-1420
43.9445030689	-1212
43.9835119247	-670
43.9850649834	-1368
43.98615098	-1420
43.9862020016	-1420
43.986205101	-1264
44.0338521004	-1368
44.0585241318	-543
44.0631599426	-1420
44.0632100105	-1316
44.0644681454	-464
44.0857360363	-1368
44.0933279991	-1420
44.0933380127	-1316
44.1138150692	543
44.1157801151	1057
44.116268158	543
44.1165840626	-986
44.1166679859	543
44.1168489456	1057
44.1411249638	-1368
44.1547689438	-1368
44.1688461304	-1368
44.1745409966	-891
44.2073819637	-1368
44.2121720314	-696
44.2127211094	-1368
44.2478899956	-920
44.2610709667	-1368
44.3392400742	-1007
44.3728840351	-1368
44.3785300255	-232
44.3878250122	-1368
44.4106459618	-1368
44.4217469692	-1420
44.4217550755	-1316
44.4246151447	-1368
44.4365401268	-1368
44.438560009	-1368
44.4386341572	-1368
44.4633610249	-1420
44.4634079933	-1316
44.4655780792	-662
44.4674201012	-1368
44.5088469982	-543
44.5370731354	-1420
44.5370891094	-1420
44.5371439457	-1264
44.5464501381	-1420
44.5464580059	-1316
44.5480279922	-1420
44.5480320454	-1420
44.5480511189	-1264
44.5629401207	-1420
44.5629451275	-1420
44.5629849434	-1264
44.5650160313	-1420
44.5650539398	-1420
44.5650570393	-1264
44.5734231472	543
44.5900189877	-1420
44.5900371075	-1420
44.5900931358	-1264
44.5918991566	-1420
44.5919411182	-1316
44.6258249283	-1368
44.6345210075	-1420
44.6345310211	-1316
44.6434800625	543
44.643900156	543
44.6636190414	-1368
44.6636891365	-1420
44.663752079	-1420
44.6637561321	-1264
44.6746211052	-1420
44.6746330261	-1420
44.6746840477	-1420
44.6746871471	-1212
44.6768789291	-66
44.6809999943	1057
44.6895139217	-1420
44.6895270348	-1420
44.6895840168	-1420
44.6895871162	-1212
44.6910350323	543
44.6912281513	-278
44.8072440624	-543
44.8233649731	-543
44.8278369904	-543
44.8492660522	-1368
44.8582561016	-543
44.8585591316	543
44.9338691235	543
44.9341249466	543
44.9389910698	-203
45.063904047	543
45.0641980171	543
45.0644609928	543
45.0647001266	543
45.0649590492	543
45.0651569366	543
45.083605051	543
45.0841691494	543
45.0843851566	543
45.1478581429	-543
45.2573981285	-543
45.2672040462	543
45.2675449848	543
45.2696731091	543
45.2734501362	1057
45.2797689438	-1368
45.3575370312	-1420
45.3576030731	-1316
45.3576290607	-1368
45.3598439693	-1420
45.3598711491	-1316
45.3599960804	-1368
45.37271595	-1420
45.3727631569	-1316
45.3729319572	-1368
45.3730330467	543
45.3790709972	-915
45.3795220852	-1368
45.3796720505	-1368
45.3802099228	-1368
45.3956589699	-1368
45.4070019722	-543
45.4336020947	-1368
45.4692411423	-1368
45.4725511074	-1420
45.472602129	-1316
45.4813981056	-1368
45.4814810753	-1368
45.4814851284	-1368
45.4918529987	-546
45.4932971001	-1368
45.4936511517	-1368
45.4936549664	-1368
45.4952189922	-1420
45.4952249527	-1316
45.4957590103	-1368
45.50406003	-1420
45.5041000843	-1316
45.5042150021	-1368
45.5083620548	-1368
45.5084481239	-1368
45.5085661411	-1368
45.5085890293	543
45.5087430477	543
45.5113070011	-1368
45.5113861561	-1368
45.5116460323	-1368
45.5171990395	-1368
45.5222020149	-1368
45.5222990513	-1420
45.5223391056	-1316
45.5276041031	-1368
45.5291421413	-1368
45.5307190418	-1368
45.5810649395	-1420
45.581084013	-1316
45.5811469555	-1368
45.5812299252	-1368
45.5842311382	-1420
45.5842370987	-1316
45.5843570232	-1368
45.5845110416	-1368
45.5930850506	-1420
45.5930950642	-1316
45.5933301449	-1368
45.5933339596	-1368
45.5933711529	543
45.6034090519	-1420
45.6034140587	-1316
45.6035261154	-1368
45.6036219597	-1368
45.6048569679	-1368
45.6049349308	-1368
45.6049809456	-1368
45.6051471233	-1368
45.6067481041	-1368
45.6068580151	-1368
45.6069200039	-1368
45.60709095	-1368
45.6072080135	-1368
45.6073040962	-1368
45.6136219501	543
45.6155941486	-1368
45.6156499386	-1368
45.6157691479	-1368
45.6158320904	-1368
45.6158959866	543
45.6159639359	-1368
45.6161661148	-1420
45.6161899567	-1316
45.6163589954	-1368
45.6199269295	-1420
45.6199319363	-1316
45.6200060844	-1368
45.6201441288	-1368
45.620650053	-1368
45.6207311153	-1368
45.6226871014	-1038
45.6695849895	-543
45.6723499298	-1420
45.6723570824	-1316
45.6724829674	-1368
45.6888320446	-1420
45.6888730526	-1316
45.7344460487	-1015
45.7364039421	543
45.759925127	-1420
45.7599630356	-1316
45.8396530151	-920
45.842416048	543
45.9098961353	-1368
45.9699850082	-232
45.9949741364	543
45.9952850342	1057
46.1007070541	-543
46.3176751137	-543
46.3675670624	-543
46.4134869576	-1368
46.4362699986	543
46.4940669537	-1057
46.5034770966	543
46.5316030979	543
46.5438699722	-232
46.6239521503	543
46.6242189407	543
46.6488630772	543
46.6494381428	543
46.6496729851	1057
46.6499979496	543
46.651884079	543
46.7550001144	-543
46.8178291321	543
46.9545829296	-1057
47.0155920982	-543
47.01603508	-1368
47.0164139271	-1368
47.0164380074	-1368
47.0167031288	-1420
47.0167541504	-1316
47.0168039799	-1420
47.0168399811	-1316
47.016958952	-1368
47.0170581341	543
47.0181009769	-1368
47.0470600128	-543
47.1271851063	-1420
47.1272609234	-1316
47.1275470257	-1368
47.1276249886	-1368
47.1277461052	-1368
47.1278569698	-1368
47.1279881001	-1368
47.1280889511	-1368
47.1281991005	-1368
47.1283459663	-1395
47.1360459328	543
47.1734640598	-1057
47.2247231007	-1086
47.3053569794	-1420
47.3054430485	-1420
47.3054909706	-1264
47.3055329323	-1420
47.3055689335	-1420
47.3056111336	-1420
47.3056459427	-1420
47.3056869507	-1160
47.3080890179	-543
47.3097109795	-1368
47.309869051	-1368
47.3330709934	-1368
47.3331329823	-1368
47.3332901001	543
47.3423819542	-1368
47.3498251438	-1420
47.3498730659	-1316
47.3552961349	-1118
47.4209980965	-783
47.434087038	543
47.4608781338	-1368
47.4716629982	-1420
47.4716889858	-1316
47.4722239971	-543
47.4859061241	-1094
47.5023999214	-1368
47.5037519932	-1420
47.503757	-1420
47.5038089752	-1264
47.5084791183	-1368
47.5248720646	543
47.5251131058	543
47.5301749706	-1368
47.5435209274	543
47.5562031269	-1368
47.5984899998	-1007
47.6164791584	-986
47.6510679722	-543
47.6541230679	543
47.7471170425	-543
47.8817369938	-1420
47.8817529678	-1420
47.8818180561	-1264
47.9167659283	-66
48.0159461498	-1368
48.0164589882	543
48.0329720974	543
48.0369679928	-1368
48.0636749268	543
48.0645210743	543
48.064715147	543
48.0711700916	-543
48.0840251446	-1368
48.0991671085	-1368
48.0992090702	-1420
48.0992290974	-1316
48.101580143	-435
48.1060791016	-1368
48.1066861153	543
48.1068911552	1057
48.1123409271	-1368
48.1139509678	-1368
48.1189501286	-1368
48.1296429634	-1368
48.1539859772	543
48.1542410851	543
48.1877901554	543
48.1880700588	1057
48.197603941	-1420
48.1976461411	-1316
48.2105181217	-1420
48.2105610371	-1316
48.2255549431	-1420
48.2256290913	-1420
48.225675106	-1264
48.2256791592	-1420
48.2257211208	-1316
48.2259011269	543
48.2324209213	-1420
48.2324271202	-1316
48.2378821373	-543
48.2386729717	-1420
48.2386770248	-1316
48.2388710976	543
48.2396221161	-1368
48.2397279739	543
48.2399339676	1057
48.2401590347	-1303
48.2488811016	-1368
48.313616991	543
48.3143911362	543
48.3146049976	543
48.3675980568	-1368
48.3700420856	-435
48.3750100136	-232
48.3752729893	543
48.4635760784	543
48.494893074	-1420
48.4949121475	-1316
48.5009829998	-949
48.5071690083	1460
48.5072519779	1460
48.5072889328	1161
48.50740695	1117
48.5075471401	1460
48.5075860023	1460
48.5076179504	707
48.5081989765	1460
48.5082571507	140
48.5878970623	-1368
48.5909149647	543
48.6382920742	-717
48.6878359318	-1368
48.6879839897	-1420
48.6880271435	-1316
48.6884629726	1460
48.6885120869	1460
48.6885459423	1161
48.6886200905	1460
48.6886730194	1460
48.6887171268	253
48.6947119236	-586
48.7246351242	-1368
48.7689521313	-841
48.7735071182	-1368
48.8638191223	-1420
48.86383605	-1316
48.8668520451	543
48.9041340351	-580
48.9134149551	543
48.9154629707	-1420
48.9154701233	-1316
49.0461750031	-949
49.047565937	543
49.0477809906	1057
49.092869997	-1368
49.1233351231	-1368
49.1249201298	-1420
49.1249270439	-1316
49.1250479221	-1420
49.1250510216	-1420
49.1250860691	-1264
49.1258230209	-1420
49.1258430481	-1316
49.1363680363	-1420
49.1364190578	-1316
49.1408741474	-1420
49.1409180164	-1420
49.1409211159	-1264
49.1691310406	-543
49.17674613	-641
49.1828930378	-1368
49.1835100651	-1368
49.183562994	-1368
49.1932649612	-1368
49.1978900433	-1368
49.20845294	-1368
49.2185840607	-1368
49.2328021526	-1368
49.252145052	-1368
49.2561841011	-1368
49.2952849865	-24
49.3074500561	-1123
49.4380681515	-543
49.5976340771	543
49.6475000381	-543
49.7064881325	-1420
49.7065460682	-1420
49.7065839767	-1264
49.7169511318	1460
49.7170369625	111
49.7238471508	543
49.7598249912	-1420
49.7598459721	-1420
49.7599000931	-1264
49.8173141479	-132
49.8385281563	-1420
49.838586092	-1316
49.8859169483	-1420
49.8859629631	-1316
49.8893079758	543
49.9189829826	-1368
49.918998003	-1420
49.9190530777	-1316
49.9199960232	-1368
49.9344620705	-1368
49.9349970818	543
49.9352231026	1057
49.9370541573	543
49.9372470379	1057
49.9376139641	543
49.9378120899	1057
49.9381711483	543
49.9383740425	1057
49.938740015	543
49.9389169216	1057
49.9392590523	543
49.9394259453	1057
49.9690229893	-741
50.0000760555	-1368
50.0465550423	-1420
50.0465700626	-1316
50.0972220898	-1420
50.0972399712	-1420
50.0972959995	-1264
50.1034469604	543
50.1218500137	-543
50.1235179901	-1420
50.1235229969	-1316
50.1305630207	-994
50.237226963	-1368
50.248114109	-543
50.3156750202	-775
50.3715441227	-1368
50.446352005	-1318
50.4877030849	-1420
50.4877700806	-1420
50.4878280163	-1264
50.4878749847	-1368
50.4886579514	-1420
50.488697052	-1420
50.4887299538	-1264
50.4891819954	-1420
50.4892189503	-1316
50.5149300098	-1420
50.5149960518	-1316
50.5168890953	543
50.5227410793	-1368
50.5558800697	-1368
50.5659270287	543
50.5662770271	1057
50.569314003	-1420
50.5693190098	-1316
50.5772089958	-359
50.5859320164	543
50.5861809254	1057
50.5865621567	543
50.5867519379	1057
50.6454520226	-543
50.8783061504	-543
50.93927598	-1368
51.0029649734	543
51.0030679703	586
51.0350320339	-1368
51.0513391495	-464
51.1480050087	-543
51.1822199821	-1057
51.3128390312	-1057
51.5241839886	-1057
51.7275750637	-543
51.7745671272	-1057
51.805134058	543
51.9949469566	543
52.0571620464	-1057
52.4439530373	-543
52.4461970329	-1368
52.4486680031	-1420
52.4487149715	-1316
52.4491500854	-1368
52.4495379925	-1368
52.4498500824	-1368
52.4502120018	-1368
52.4676680565	-1368
52.4859061241	-1368
52.4922449589	-543
52.5704779625	-1420
52.5705289841	-1316
52.5728049278	-1420
52.5728311539	-1316
52.5729351044	543
52.5750551224	-1420
52.5750620365	-1306
52.5785810947	-543
52.5937521458	543
52.6781010628	-543
52.9271960258	-1420
52.9272260666	-491
52.9948079586	543
53.053440094	-203
53.0542759895	543
53.0582010746	543
53.2792730331	-543
53.2793490887	-1368
53.2796940804	-543
53.4057440758	-203
54.7268419266	543
55.5434730053	-543
56.002229929	-543
56.3565940857	-543
56.7147221565	-543
56.9860501289	-543
56.9945571423	543
56.9946529865	543
