0	543
4.00543212891e-05	543
0.999499082565	543
3.24375605583	543
3.48470711708	-543
3.48501801491	543
5.0001950264	586
6.79700613022	-586
6.97112512589	-543
6.97118711472	-1368
6.97121500969	-1368
6.97151517868	-1368
6.97157120705	-1368
6.97157812119	-1368
6.98359012604	-1368
6.98365020752	-1368
6.9836730957	-1368
7.02194499969	-1368
7.02930498123	543
7.039260149	1368
7.09815311432	-1368
7.09818911552	-1368
7.09820818901	-1368
7.09821510315	-1368
7.09824609756	-1368
7.09827613831	-1368
7.09830403328	-1368
7.09833097458	-1368
7.09836602211	-1368
7.09838104248	-1368
7.09842014313	-1368
7.09843707085	-1368
7.10763716698	-1368
7.10765814781	-1368
7.10769104958	-1368
7.10771012306	-1368
7.1089091301	1368
7.14573216438	-1368
7.1457631588	-1368
7.14578318596	-1368
7.14579701424	-1368
7.1543431282	1036
7.18687319756	1368
7.22217416763	-1368
7.22229003906	-1368
7.22237300873	-1368
7.22239303589	-9
7.27820420265	261
7.33167505264	-1368
7.34645199776	-1260
7.36045098305	-1368
7.36051797867	-1368
7.44944620132	-1368
7.47242999077	-95
7.47269320488	543
7.59631299973	-1086
7.6853749752	-1368
7.68547320366	-1368
7.68553805351	-1368
7.68629598618	-1368
7.68635702133	-1368
7.68636703491	-1368
7.68659901619	543
7.69574713707	-1368
7.69577217102	-1368
7.69579005241	-1368
7.70813298225	-1368
7.70826911926	-1368
7.76228308678	-119
7.79743099213	-1368
7.79745912552	-1368
7.83426499367	-1368
7.8343770504	1086
7.84690713882	-1368
7.8860270977	-298
8.03322410583	-543
8.0647790432	-543
8.06522107124	-1368
8.06524515152	-1368
8.06532406807	-1368
8.06542301178	-1368
8.06544804573	-1368
8.07740497589	-1368
8.07743811607	-1368
8.07745909691	-1368
8.11541604996	-1368
8.11545109749	-1368
8.11548805237	-1368
8.11550498009	-1368
8.11567997932	543
8.12680220604	-1368
8.12682414055	-1368
8.17792797089	-1368
8.18903017044	-388
8.23944115639	1086
8.39025712013	-543
8.40759015083	-1368
8.40767216682	-1368
8.40772414207	-1368
8.4077501297	-1368
8.40779399872	-1368
8.41411304474	543
8.42025399208	-1368
8.42033720016	-1368
8.4203979969	-1368
8.43195104599	-1368
8.44180297852	-1368
8.44184303284	-1368
8.44506001472	-1368
8.4707942009	1368
8.53151917458	-807
8.5745241642	261
8.81992912292	-543
8.83300209045	-1368
8.88155913353	-1368
8.91882109642	-1368
8.94373202324	-124
9.0787460804	-543
9.07903313637	543
9.20254611969	-543
9.39017415047	-1086
9.39060902596	543
9.51482009888	-543
9.51484799385	1057
9.54039406776	-1368
9.54042410851	-1368
9.63885402679	-406
9.63888216019	1086
9.82545399666	-543
9.82548809052	1086
9.83786702156	-1368
9.83790111542	-1368
9.94302511215	-1368
9.94919419289	-95
9.9996471405	543
10.0732150078	-1057
10.2382600307	-543
10.2385640144	543
10.2483911514	-1368
10.2485051155	-1368
10.2485420704	-1368
10.3620841503	-1123
10.4796440601	-1368
10.4796710014	-1368
10.4796891212	-1368
10.4810152054	-1368
10.4810571671	-1368
10.4812600613	-1368
10.4813091755	-1368
10.4813420773	-1368
10.4815270901	543
10.4864680767	-82
10.4921190739	-1368
10.4922351837	-1368
10.492262125	-1368
10.4922800064	-1368
10.4923830032	-1368
10.492413044	-1368
10.492467165	-1368
10.4924850464	-1368
10.4925169945	-1368
10.4926190376	-1368
10.4927341938	-1368
10.4928071499	-1368
10.4928331375	-1368
10.4928760529	-1368
10.4940991402	-1368
10.4941260815	-1368
10.5067050457	-1368
10.5068640709	-1368
10.5068900585	-1368
10.506909132	-1368
10.5090761185	1368
10.5092551708	1368
10.509417057	1368
10.5097150803	1368
10.5097219944	1368
10.5098421574	1368
10.5098490715	1368
10.5099670887	1368
10.5099720955	1368
10.5115911961	-1368
10.5194411278	-1368
10.5194830894	-1368
10.5194890499	-1368
10.5599560738	-1368
10.5599811077	-1368
10.5602869987	-1368
10.6169250011	-80
10.6169581413	1368
10.6169631481	1368
10.6332731247	1368
10.6332790852	1368
10.633398056	1368
10.6334021091	1368
10.6336450577	1368
10.6336481571	1368
10.633767128	396
10.7410609722	-543
10.741505146	-1368
10.7415690422	-1368
10.741808176	-1368
10.7418451309	-1368
10.7418820858	-1368
10.7424931526	-1368
10.7425231934	-1368
10.7438189983	-1368
10.7438530922	-1368
10.7438709736	-1368
10.7439520359	-1368
10.7468659878	-1368
10.7468950748	-1368
10.747220993	-1368
10.7472610474	-1368
10.7538900375	-1368
10.7539451122	-1368
10.7539710999	-1368
10.7615320683	-1368
10.764149189	543
10.7644491196	-1368
10.764467001	-1368
10.7646009922	-1368
10.7750170231	-1368
10.7750580311	-1368
10.7885460854	-1368
10.7973060608	-1368
10.7973301411	-1368
10.7973999977	-1368
10.7974271774	-1368
10.7974560261	-1368
10.7985429764	-1368
10.7992501259	-1368
10.7993621826	-1368
10.7996590137	-1368
10.7996861935	-1368
10.7997140884	-1368
10.8004930019	-1368
10.8005151749	-1368
10.8006291389	-1368
10.8009550571	-1368
10.8343410492	-1368
10.8345530033	-1368
10.8345701694	-1368
10.8346681595	-1368
10.8347041607	-1368
10.8348751068	1368
10.8410410881	-1368
10.8410630226	-1368
10.841094017	-1368
10.8412849903	-1368
10.8413100243	-1368
10.8413290977	-1368
10.8414840698	-1368
10.8417010307	-1368
10.8417310715	-1368
10.841750145	-1368
10.8419010639	-1368
10.8420741558	-1368
10.8421201706	-1368
10.8421471119	-1368
10.8424110413	-1368
10.8424601555	-1368
10.8425581455	-1368
10.8431031704	-1368
10.8431241512	-1368
10.8431479931	-1368
10.8433320522	-1368
10.8433880806	-1368
10.8436481953	-1368
10.8465871811	-1368
10.8466119766	-1368
10.861934185	-1368
10.8661541939	-1368
10.8662331104	-1368
10.8662970066	-245
10.8682019711	-1368
10.8682880402	-1368
10.8689351082	-1368
10.8689610958	-1368
10.8689930439	-1368
10.8690211773	-1368
10.8690481186	-1368
10.8691780567	-1368
10.870126009	-1368
10.8701500893	-1368
10.8701660633	-1368
10.8701970577	-1368
10.8702170849	-1368
10.8702571392	-1368
10.8702809811	-1368
10.870306015	-1368
10.8703260422	-1368
10.870454073	1368
10.8742570877	-1368
10.8802421093	-1368
10.8803780079	-1368
10.8804101944	-1368
10.8804841042	-1368
10.8808569908	-1368
10.8808760643	-1368
10.8809020519	-1368
10.8809971809	-1368
10.8810331821	-1368
10.8810970783	-1368
10.8812019825	-1368
10.8812401295	-1368
10.8812580109	-1368
10.8813471794	-1368
10.8814570904	-1368
10.8853809834	-1368
10.8854110241	-1368
10.885436058	-1368
10.8854720592	-1368
10.8987340927	-1368
10.8987681866	1065
10.8987770081	-1368
10.8987832069	-1368
10.8987979889	-1368
10.9004230499	-1368
10.9004561901	-1368
10.9004831314	-1368
10.9005010128	-1368
10.9123330116	-1368
10.9124109745	-1368
10.9124422073	-1368
10.9124600887	-1368
10.9210569859	-1368
10.921090126	-1368
10.9211070538	-1368
10.9211490154	-1368
10.9212150574	-1368
10.9212501049	-1368
10.9212760925	-1368
10.921295166	-1368
10.9222910404	-1368
10.9224331379	-1368
10.9224660397	-1368
10.922492981	-1368
10.9233009815	-1368
10.9233231544	-1368
10.9233520031	-1368
10.9233779907	-1368
10.9234700203	-1368
10.9234972	-1368
10.923582077	-1368
10.9236550331	-1368
10.9240481853	1368
10.9242069721	-1368
10.9242751598	-1368
10.9243090153	-1368
10.9243271351	-1368
10.9243681431	-1368
10.9244360924	-1368
10.9244589806	-1368
10.9244790077	-1368
10.9581410885	-1368
10.9581680298	-1368
10.9581861496	-1368
10.9582400322	-1368
10.9583380222	-1368
10.9584541321	-1368
10.9585530758	-1368
10.9585859776	-1368
10.9586780071	-1368
10.9587039948	-1368
10.958739996	-1368
10.9587581158	-1368
10.964810133	-1368
10.9648389816	-1368
10.9648551941	-1368
10.9649350643	-1368
10.9650800228	-1368
10.9651319981	-1368
10.9651601315	-1368
10.965195179	-1368
10.9652531147	-1368
10.9652791023	-1368
10.965375185	-1368
10.9654409885	-1368
10.9656920433	-1368
10.9657671452	-1368
10.9657950401	-1368
10.9658210278	-1368
10.9658629894	-1368
10.9658911228	-1368
10.9659590721	-1368
10.9659759998	-1368
10.9660999775	1368
10.9661040306	-1368
10.9661211967	-1368
10.9661741257	-1368
10.9662120342	-1368
10.966230154	-1368
10.966258049	-1368
10.9663209915	-1368
10.9663519859	-1368
10.9663829803	-1368
10.9664161205	-1368
10.9664371014	-1368
10.9664649963	-1368
10.966889143	-1368
10.9669201374	-1368
10.9669361115	-1368
10.9670190811	-1368
10.967069149	-1368
10.9670929909	-1368
10.9671170712	-1368
10.9671361446	-1368
10.9672441483	-1368
10.9672861099	-1368
10.9673349857	-1368
10.9673621655	-1368
10.9675760269	1368
10.9682459831	1368
10.9682559967	1368
10.9703080654	-1368
10.9703299999	-1368
10.9704179764	-1368
10.9704501629	-1368
10.9859201908	-1368
10.9859650135	-1368
10.9859871864	-1368
10.9860050678	-1368
10.9862940311	1368
10.990167141	-1368
10.9901931286	-1368
10.9902122021	-1368
10.9913640022	-1368
10.9920330048	-1368
10.9920539856	-1368
10.9920861721	-1368
10.9920921326	-498
10.9929630756	-1368
10.9929850101	-1368
10.9933390617	-1368
10.9933650494	-1368
10.9937331676	-1368
10.9954750538	-1368
10.9955031872	-1368
10.9955220222	-1368
10.9963769913	-1368
10.9964010715	-1368
10.9964292049	-1368
10.9970610142	-1368
10.9971861839	-1368
10.9972970486	-1368
10.9974792004	-1368
10.9975121021	-1368
10.9975299835	-1368
10.9992032051	1368
11.0021631718	-1368
11.0021891594	-1368
11.0022060871	-1368
11.0024261475	-1368
11.0027031898	-1368
11.0027899742	-1368
11.0030632019	-1368
11.0031120777	-1368
11.0031380653	-1368
11.0031630993	-1368
11.0032031536	-1368
11.0032200813	-1368
11.0033841133	-1368
11.0036480427	-1368
11.0036761761	-1368
11.00446105	-1368
11.0065121651	-1368
11.0065720081	-1368
11.0069601536	-1368
11.0148940086	-1368
11.0149381161	-1368
11.0149641037	-1368
11.047919035	1197
11.069092989	-1368
11.1104791164	-1368
11.1158189774	-265
11.1216971874	-1368
11.1223909855	-1368
11.2157351971	-1368
11.2157611847	-1368
11.2157809734	-1368
11.2158060074	-1368
11.2158210278	-1368
11.2158930302	-1368
11.2288591862	-1368
11.228962183	-1368
11.2290260792	-1368
11.2397751808	-1147
11.2610521317	-1368
11.2612831593	543
11.3077020645	-1368
11.3077831268	-1368
11.3078160286	-1368
11.3078930378	-1368
11.3079271317	-1368
11.3079609871	-1368
11.3107922077	-1368
11.31082201	-1368
11.3108420372	-1368
11.3108930588	-1368
11.3113291264	-1368
11.3113451004	-1368
11.3113741875	-1368
11.3164260387	-1368
11.3164591789	-1368
11.3165001869	-1368
11.3165390491	-1368
11.3165559769	-1368
11.3266952038	-1368
11.326734066	-1368
11.3267591	-1368
11.3311481476	-1368
11.3312389851	-1368
11.3312830925	-1368
11.3313081264	-1368
11.3313360214	-1368
11.333356142	-1368
11.3334460258	-1368
11.3335020542	-1368
11.3377871513	-1368
11.3378171921	-1368
11.3378341198	-1368
11.3438830376	-1368
11.343927145	-1368
11.3439450264	-1368
11.3442831039	-1368
11.3443071842	-1368
11.3443250656	-1368
11.3445789814	1368
11.3446850777	1368
11.3473801613	-1368
11.3474261761	-1368
11.347454071	-1368
11.3475911617	-1368
11.3477611542	-1368
11.3477871418	-1368
11.3478841782	-1368
11.3479201794	-1368
11.3479931355	-1368
11.3480730057	-1368
11.3481001854	-1368
11.3481271267	-1368
11.3482201099	-1368
11.3482501507	-1368
11.3482780457	-1368
11.3483710289	-1368
11.3484351635	-1368
11.3484520912	-1368
11.3486101627	1368
11.3636891842	-1312
11.3755481243	-1368
11.3755819798	-1368
11.3755869865	-1368
11.384458065	-1368
11.3849220276	-1368
11.3849492073	-1368
11.3851761818	725
11.3882770538	-1368
11.3883299828	-1368
11.3883531094	-1368
11.3897001743	-1368
11.3897871971	-1368
11.389799118	-1368
11.3898091316	-1368
11.389868021	-1368
11.3899350166	-1368
11.3899641037	-1368
11.3900020123	-1368
11.3900201321	-1368
11.3900461197	-1368
11.3900899887	-1368
11.3901391029	-1368
11.3902142048	-1368
11.3902320862	-1368
11.3903200626	-1368
11.3903679848	-1368
11.3921060562	-1368
11.3922309875	-1368
11.3924450874	-1368
11.3925130367	-1368
11.3925511837	-1368
11.3925871849	-1368
11.39260602	-1368
11.3926301003	-1368
11.3926711082	-1368
11.3926861286	-1368
11.3927240372	-1368
11.3927600384	-1368
11.3929641247	-1368
11.392991066	-1368
11.3930721283	-1368
11.3931770325	-1368
11.3932189941	-1368
11.3935940266	-1368
11.3936500549	1368
11.3993360996	-1368
11.3993871212	-1368
11.3994290829	-1368
11.4031500816	-1368
11.4031851292	-1368
11.4032711983	-1368
11.4320540428	-1368
11.4449241161	-1368
11.4996750355	-152
11.5175671577	1347
11.6139030457	-1368
11.6142311096	-1368
11.6143240929	-1368
11.61434412	-1368
11.6267449856	-1368
11.6267700195	-1368
11.6267940998	-1368
11.6416151524	-907
11.6416461468	543
11.7987630367	-543
11.7987921238	543
11.7997000217	-1368
11.7998001575	-1368
11.8115839958	-1368
11.8116161823	-1368
11.9226000309	-240
11.9229521751	543
11.9883379936	-1368
11.9883651733	-1368
11.9883890152	-1368
11.9894630909	-1368
11.9894900322	-1368
11.9908750057	-1368
11.9908981323	-1368
11.9909610748	-1368
11.9995341301	543
12.0004429817	-1368
12.0004730225	-1368
12.0416111946	-1368
12.0466890335	-90
12.0553021431	-1368
12.0677611828	-1368
12.0677890778	-1368
12.0950059891	-1368
12.0950419903	-1368
12.0950820446	-1368
12.1073930264	-1368
12.1074230671	-1368
12.1074671745	-1368
12.1245691776	-1368
12.1246051788	-1368
12.162872076	-1368
12.1707789898	-322
12.1730451584	-1368
12.1730830669	-1368
12.1732070446	-1368
12.1734490395	543
12.1849110126	-1368
12.2356030941	-1368
12.2498869896	-1368
12.2946372032	-1276
12.3402400017	-1368
12.3533539772	-1368
12.4015309811	-1368
12.4018239975	1057
12.4191651344	-696
12.4853420258	-1368
12.5168972015	-1368
12.5824201107	-1007
12.598981142	-1368
12.6488921642	-1368
12.7064890862	-1007
12.7849690914	-1368
12.8304510117	-775
12.84623909	-1368
12.9545052052	-1318
12.9714581966	-1368
13.011701107	-1368
13.0785582066	-464
13.130833149	-1368
13.1923220158	-1368
13.2034511566	-1007
13.2339241505	-1368
13.2900271416	-1368
13.3076541424	-1368
13.3250420094	-1368
13.3274312019	-385
13.3728511333	-1368
13.3886210918	-1368
13.3889050484	543
13.3986451626	-1368
13.4218130112	-543
13.4353010654	-1368
13.4477870464	-1368
13.4511971474	-617
13.4718279839	-1368
13.4812200069	-1368
13.5442700386	-1368
13.5570809841	-1368
13.5698311329	-1368
13.5749440193	-103
13.6059641838	-1368
13.618429184	-1368
13.6184639931	-1368
13.6663911343	-1368
13.684923172	-1368
13.6987850666	-617
13.7122612	-1368
13.7215001583	-1368
13.7667741776	-1368
13.7793140411	-1368
13.7795591354	543
13.7911410332	-1368
13.7939960957	-1368
13.8036270142	-1368
13.8224740028	-24
13.8640861511	-1368
13.8697061539	-1368
13.8697509766	-1368
13.9161980152	-1368
13.9162240028	543
13.9162430763	-1368
13.946087122	-1368
13.946187973	-277
13.9584829807	-1368
13.9751880169	-1368
13.9942650795	-1368
14.0410761833	-1368
14.0411009789	1086
14.0607950687	-1368
14.0824260712	-1160
14.1221411228	-1368
14.1221671104	-1368
14.2036201954	-1368
14.206017971	-124
14.6556620598	-543
14.6559131145	-1368
14.6559650898	-1368
14.656222105	-1368
14.6562449932	-1368
14.6562740803	-1368
14.6684081554	-1368
14.6684660912	-1368
14.6685090065	-1368
14.6863410473	-1368
14.686519146	-1368
14.6865401268	-1368
14.7796959877	-604
14.9424760342	-543
14.9999730587	543
15.0050339699	543
15.0277760029	1368
15.128921032	1347
15.2361831665	-543
15.2486619949	-1368
15.3407859802	-1368
15.3410210609	-1368
15.341050148	-1368
15.3411540985	-1368
15.3411881924	-1368
15.3412389755	-1368
15.3413960934	-1368
15.3414390087	-1368
15.3415050507	-1368
15.3416121006	-1368
15.3417460918	-1368
15.3417770863	-1368
15.3418440819	-1368
15.3427970409	543
15.3531441689	-1368
15.3531801701	-1368
15.3599431515	-1076
15.3853740692	-1368
15.3854551315	-1368
15.3854801655	-1368
15.3860371113	-1368
15.3860611916	-1368
15.3860871792	-1368
15.3862981796	-1368
15.3863351345	-1368
15.3863639832	-1368
15.3864161968	-1368
15.386452198	-1368
15.3864691257	-1368
15.3866240978	1368
15.3867030144	-1368
15.3867681026	-1368
15.3867850304	-1368
15.387016058	-1368
15.3870551586	-1368
15.3870689869	-1368
15.387155056	-1368
15.3871791363	-1368
15.3873431683	-1368
15.3874280453	-1368
15.3874440193	-1368
15.3875050545	-1368
15.3875231743	-1368
15.3875610828	-1368
15.3875780106	-1368
15.4013659954	-1368
15.4013981819	-1368
15.4014179707	-1368
15.4014310837	-1368
15.4014501572	-1368
15.4014890194	-1368
15.4015111923	-1368
15.4015371799	-1368
15.4015541077	-1368
15.402203083	1368
15.4023451805	-1368
15.402369976	-1368
15.4023871422	-1368
15.4026851654	-1368
15.4028170109	-1368
15.4028501511	-1368
15.4028670788	-1368
15.4029021263	-1368
15.4029181004	-1368
15.4029560089	-1368
15.4029920101	-1368
15.4030170441	-1368
15.4030351639	-1368
15.4031000137	-1368
15.4031250477	-1368
15.4031441212	-1368
15.4032721519	-1368
15.4033310413	-1368
15.4033491611	-1368
15.4288301468	-1368
15.4288840294	-1368
15.4288890362	-1368
15.4409151077	-1368
15.4668710232	1065
15.5097820759	-1233
15.5925121307	543
15.6701750755	-543
15.7164130211	1057
15.77110219	-1368
15.7940871716	-1260
15.8271121979	1368
15.8331620693	1368
15.8331739902	1368
15.8386290073	1368
15.8404870033	327
15.9178462029	-543
15.9213900566	-1368
15.9214580059	-1368
15.9643371105	1057
16.0453901291	-920
16.0520811081	1368
16.0882921219	261
16.1131591797	-1368
16.1133639812	-1368
16.1133949757	-1368
16.1136109829	-1368
16.1137990952	-1368
16.1138281822	-1368
16.1162631512	-1368
16.1162881851	-1368
16.1163170338	-1368
16.1163439751	-1368
16.1163949966	-1368
16.1164240837	-1368
16.1164560318	-1368
16.1164841652	-1368
16.1165142059	-1368
16.1165530682	-1368
16.1165831089	-1368
16.1167039871	-1368
16.1168789864	1368
16.1261940002	-1368
16.1262199879	-1368
16.1262831688	-1368
16.1385710239	-1368
16.1507630348	-1368
16.1508760452	-1368
16.1509501934	-1368
16.1569530964	-1368
16.1652171612	-1368
16.1761829853	-1282
16.1945691109	-1368
16.2022240162	-1368
16.2071530819	-1368
16.2409391403	804
16.2538712025	-1368
16.2779130936	-1368
16.3000810146	-1160
16.3119142056	-1368
16.3233060837	-1368
16.3257319927	-1368
16.3477749825	-1368
16.3606381416	-1368
16.360669136	-1368
16.3742799759	-1368
16.3977291584	-1368
16.3981621265	543
16.4152951241	-1368
16.4280371666	-1368
16.4355771542	-90
16.4609000683	-1368
16.5744659901	543
16.5847890377	-1260
16.599157095	1368
16.7234930992	261
16.8819351196	-543
16.9357759953	-1368
17.0463140011	-232
17.0473430157	543
17.0877170563	-1368
17.1569130421	-1368
17.1703941822	-435
17.2185971737	543
17.2467741966	-1368
17.2468481064	-1368
17.2953820229	-1368
17.3426749706	-124
17.3427181244	543
17.4367530346	-1368
17.4666900635	-232
17.5136120319	543
17.592192173	-543
17.5924561024	1368
17.6744360924	261
17.8032879829	543
18.1120212078	-543
18.1249079704	-1368
18.1249411106	-1368
18.1249580383	-1368
18.1296341419	543
18.2486391068	-66
18.2628221512	-1368
18.2629261017	1086
18.3866109848	-232
18.3871071339	543
18.5162220001	-543
18.6841561794	-543
18.7870821953	-1368
18.7900261879	543
18.8080201149	-775
18.9907259941	543
19.0208890438	-543
19.1253991127	-1368
19.125467062	-1368
19.1254839897	-1368
19.1254961491	-1368
19.125521183	-1368
19.1255550385	-1368
19.1280260086	543
19.1306891441	-1368
19.1307940483	-1368
19.1308290958	-1368
19.1377501488	-1368
19.1378161907	-1368
19.1447701454	-604
19.165566206	-1368
19.1655991077	-1368
19.1657121181	-1368
19.1658191681	-1368
19.1658661366	-1368
19.1659321785	-1368
19.1659550667	-1368
19.1662561893	1368
19.169326067	-1368
19.1694262028	-1368
19.1694581509	-1368
19.1708459854	-1368
19.1741909981	-1368
19.1742141247	-1368
19.1742331982	-1368
19.1748330593	-1368
19.1748611927	-1368
19.1749269962	-1368
19.1749520302	-1368
19.1775300503	-1368
19.1875660419	-1368
19.2053611279	-1368
19.2054569721	-1368
19.2055661678	-1368
19.2077569962	-1368
19.2077770233	-1368
19.2092041969	-1368
19.2092401981	-1368
19.2176401615	-1368
19.2176640034	-1368
19.2252471447	-1368
19.230355978	-1368
19.2303841114	-1368
19.2686831951	-183
19.2687060833	1347
19.3598129749	-1368
19.3926510811	-232
19.3928511143	543
19.4645750523	-1368
19.5137901306	-1368
19.5138571262	-1368
19.5164661407	-667
19.5249040127	1368
19.5543689728	261
19.7439961433	-543
19.8293139935	-1368
19.8298192024	543
19.9143631458	-775
19.9536039829	543
20.1774260998	543
20.1905970573	-543
20.2841789722	-1368
20.284206152	-1368
20.2842509747	-1368
20.3033721447	1368
20.3143680096	-66
20.314396143	261
20.4565119743	-543
20.4567899704	543
20.5249450207	1368
20.5822651386	-1086
20.5823001862	232
20.6073269844	-1368
20.6073510647	-1368
20.6432621479	-1368
20.6561779976	-1368
20.6922910213	-1368
20.6923160553	-1368
20.6923379898	-1368
20.692936182	-1368
20.6929550171	-1368
20.6930680275	-1368
20.7011170387	-1368
20.70114398	-1368
20.7011611462	-1368
20.7047700882	-1368
20.7048001289	-1368
20.7048051357	-1368
20.7048990726	-1368
20.7049441338	-1368
20.7049591541	-1368
20.7052471638	-1368
20.7052781582	-1368
20.7053070068	-1368
20.7054619789	1368
20.7055699825	-1368
20.7055811882	-1368
20.7055912018	-1368
20.7063691616	-760
20.706384182	261
20.7084100246	-1368
20.7084360123	-1368
20.7084641457	-1368
20.7138030529	-1368
20.7138371468	-1368
20.7138421535	-1368
20.7198810577	-1368
20.7199041843	-1368
20.7200000286	-1368
20.7407221794	-1368
20.740760088	-1368
20.7407650948	-1368
20.7407710552	-1368
20.7407920361	-1368
20.7408289909	-1368
20.7456591129	-1368
20.8059279919	-1368
20.8059940338	-1368
20.806027174	-1368
20.8302819729	-657
20.8303170204	543
20.8483309746	1368
20.8483440876	1368
20.9199659824	-1368
20.9199950695	-1368
20.9392621517	-1368
20.9541141987	-95
20.95414114	406
21.0293951035	-1368
21.0294930935	-1368
21.0295209885	-1368
21.0311031342	1368
21.0779540539	-638
21.0779809952	261
21.191778183	-1368
21.201747179	-232
21.2028801441	543
21.3065800667	-1368
21.3257510662	-1289
21.4496240616	-1086
21.4500169754	543
21.4502520561	1368
21.4659471512	-1368
21.4659841061	-1368
21.4660019875	-1368
21.466160059	-1368
21.4662330151	-1368
21.4781529903	-1368
21.4781980515	-1368
21.478233099	-1368
21.5158421993	-1368
21.5287380219	-1368
21.5287771225	-1368
21.5583300591	-1368
21.5584380627	-1368
21.5584571362	-1368
21.5584740639	-1368
21.5584771633	-1368
21.5584859848	-1368
21.566557169	-1368
21.5666050911	-1368
21.5666429996	-1368
21.5669841766	-1368
21.5669951439	-1368
21.5670371056	-1368
21.5671989918	-1368
21.5672111511	-1368
21.5675210953	-1368
21.5675389767	-1368
21.5675470829	-1368
21.567715168	-1368
21.5707361698	-1368
21.5738780499	-1174
21.5739021301	1289
21.5999031067	-1368
21.5999610424	-1368
21.5999879837	-1368
21.6005141735	-1368
21.6010241508	-1368
21.6010510921	-1368
21.6011111736	-1368
21.6017000675	-1368
21.6017260551	-1368
21.6017911434	-1368
21.610599041	-1368
21.6159200668	-1368
21.6159510612	-1368
21.6162350178	-1368
21.6162621975	-1368
21.6162791252	-1368
21.6163060665	-1368
21.6164860725	-1368
21.6165561676	-1368
21.616615057	-1368
21.6166651249	-1368
21.6166939735	-1368
21.6170940399	-1368
21.623884201	-1368
21.6239190102	-1368
21.6253721714	-1368
21.6287791729	-1368
21.6288750172	-1368
21.6289391518	-1368
21.6303811073	-1368
21.6304969788	-1368
21.6305150986	-1368
21.6420300007	-1368
21.6420509815	-1368
21.642070055	-1368
21.6444251537	-1368
21.6445000172	-1368
21.6445271969	-1368
21.6447410583	1368
21.6448450089	-1368
21.6448791027	-1368
21.644906044	-1368
21.644972086	-1368
21.6451361179	-1368
21.6451640129	-1368
21.6573410034	-1368
21.6574261189	-1368
21.6574921608	-1368
21.6582620144	-1368
21.6583750248	-1368
21.6584210396	-1368
21.658572197	-1368
21.6588120461	-1368
21.658878088	-1368
21.6589550972	-1368
21.6590089798	-1368
21.6590380669	-1368
21.6808781624	-1368
21.6809191704	-1368
21.6809680462	-1368
21.6816861629	-1368
21.6842031479	-1368
21.684221983	-1368
21.6843261719	-1368
21.6845831871	-1368
21.6846280098	-1368
21.6846930981	-1368
21.6848940849	-1368
21.6849410534	-1368
21.6910281181	-1368
21.691049099	-1368
21.6910700798	-1368
21.6910891533	-1368
21.6977031231	-42
21.6977310181	1347
21.7116570473	-1368
21.7116811275	-1368
21.7117099762	-1368
21.7121121883	-1368
21.7121260166	-1368
21.7121460438	-1368
21.712774992	-1368
21.7127861977	-1368
21.7131881714	-1368
21.7249641418	-1368
21.7249970436	-1368
21.7250699997	-1368
21.7361850739	-1368
21.7362082005	-1368
21.7362229824	-1368
21.7436311245	-1368
21.7436800003	-1368
21.7437081337	-1368
21.743789196	-1368
21.7438640594	-1368
21.7438921928	-1368
21.7561910152	-1368
21.7562320232	-1368
21.756316185	-1368
21.7654061317	-1368
21.7654361725	-1368
21.7654531002	-1368
21.766146183	-1368
21.7661640644	-1368
21.7661759853	-1368
21.7662250996	-1368
21.7663459778	-1368
21.7663731575	-1368
21.7663900852	1368
21.7760250568	-1368
21.7760941982	-1368
21.7761261463	-1368
21.7799220085	-1368
21.7800171375	-1368
21.7800350189	-1368
21.7800459862	-1368
21.7802011967	-1368
21.780230999	-1368
21.7802829742	-1368
21.7803850174	-1368
21.7804131508	-1368
21.7934930325	-1368
21.7935531139	-1368
21.793582201	-1368
21.7936182022	-1368
21.7936420441	-1368
21.7936620712	-1368
21.793692112	-1368
21.7984001637	-1368
21.7984371185	-1368
21.7984449863	-1368
21.7988471985	-1368
21.7988660336	-1368
21.8101890087	-1368
21.8102211952	-1368
21.8102400303	-1368
21.8172190189	-1368
21.8174700737	-1368
21.8175020218	-1368
21.8175601959	-1368
21.8175690174	-1368
21.817617178	-1368
21.8176372051	-1368
21.8176691532	-1368
21.8176891804	-1368
21.8177161217	-1368
21.8192970753	1368
21.821709156	-150
21.8218171597	522
21.8300170898	-1368
21.8300511837	-1368
21.8300709724	-1368
21.836605072	-1368
21.8366341591	-1368
21.8366470337	-1368
21.8367130756	-1368
21.8368082047	-1368
21.8368401527	-1368
21.8368661404	-1368
21.8369030952	-1368
21.8369641304	-1368
21.8405730724	-1368
21.8405971527	-1368
21.8406250477	-1368
21.8477301598	-1368
21.8477799892	-1368
21.8478631973	-1368
21.8480000496	-1368
21.8488900661	-1368
21.8489251137	-1368
21.8498170376	1368
21.8505401611	1368
21.8513631821	1368
21.9155881405	-1368
21.9455680847	-209
21.9455981255	754
22.047396183	-543
22.0693922043	543
22.0847411156	-543
22.0973579884	-1368
22.2211790085	-203
22.221211195	543
22.2233731747	1368
22.349309206	804
22.4818720818	-543
22.4823031425	-1368
22.48239398	-1368
22.4824101925	-1368
22.482434988	-1368
22.482475996	-1368
22.4834270477	-1368
22.4834451675	-1368
22.4836480618	-1368
22.4842979908	-1368
22.484318018	-1368
22.4843370914	-1368
22.484732151	-1368
22.4847550392	-1368
22.4848740101	-1368
22.4851861	-1368
22.4852089882	-1368
22.485352993	-1368
22.4951131344	-1368
22.4951980114	-1368
22.4952690601	-1368
22.4954810143	-1368
22.4955141544	-1368
22.4955260754	-1368
22.4958031178	543
22.4959561825	-1368
22.4959800243	-1368
22.4960141182	-1368
22.4960410595	-1368
22.4960641861	-1368
22.4960911274	-1368
22.4961521626	-1368
22.4961910248	-1368
22.4962182045	-1368
22.4962940216	-1368
22.4963650703	-1368
22.4964661598	-1368
22.4965410233	-1368
22.4969701767	-1368
22.4970021248	-1368
22.4970281124	-1368
22.4970631599	-1368
22.497081995	-1368
22.4972770214	-1368
22.4973301888	-1368
22.4973890781	-1368
22.4974300861	-1368
22.4974529743	-1368
22.4974710941	-1368
22.4977030754	-1368
22.5443880558	-1368
22.5444149971	-1368
22.5444431305	-1368
22.6060771942	-579
22.6077580452	1368
22.6585521698	804
22.7295660973	-1368
22.7299911976	-232
22.7302541733	1368
22.7809920311	-1368
22.7932581902	-1368
22.7932860851	775
22.8539421558	-1007
22.90863204	1368
22.9170901775	261
22.9410400391	-1368
22.9411301613	-1368
22.9411580563	-1368
22.9414360523	-1368
22.9414680004	-1368
22.9414970875	-1368
22.9530341625	-1368
22.9530642033	-1368
22.9530851841	-1368
22.9535021782	1368
22.9836330414	-1368
22.983684063	-1368
22.9976541996	-1368
23.0326051712	-322
23.0328941345	1368
23.0773441792	522
23.1032221317	-1368
23.1032581329	-1368
23.1032760143	-1368
23.1565032005	-1181
23.1622781754	1368
23.2012121677	804
23.2377932072	-1368
23.2378211021	-1368
23.2380809784	-1368
23.2381370068	-1368
23.2381551266	-1368
23.2502629757	-1368
23.2503039837	-1368
23.2503120899	-1368
23.2548761368	-1368
23.2549021244	-1368
23.2549309731	-1368
23.2550320625	-1368
23.2630300522	-1368
23.2631189823	-1368
23.2807300091	-1184
23.2996041775	-1368
23.2996480465	-1368
23.299654007	-1368
23.3122661114	-1368
23.3122911453	-1368
23.3123111725	-1368
23.3126211166	-1368
23.3126502037	-1368
23.3126831055	-1368
23.3133671284	-1368
23.3133900166	-1368
23.313491106	-1368
23.3136951923	-1368
23.3137190342	-1368
23.3137700558	-1368
23.3353471756	-1368
23.3353750706	543
23.3394591808	-1368
23.3394811153	-1368
23.4234681129	-997
23.4242281914	1368
23.4832160473	-1368
23.4832520485	1318
23.483259201	-1368
23.4832661152	-1368
23.4893670082	-1368
23.489413023	-1368
23.549503088	-1015
23.5833191872	1368
23.5873601437	-1368
23.5874271393	-1368
23.5874521732	-1368
23.6430912018	-1368
23.6431310177	1347
23.7093470097	-327
23.7112619877	1368
23.7360370159	-1368
23.7365281582	1368
23.7484891415	-1368
23.7485160828	-1368
23.7487940788	1368
23.7587931156	-1368
23.7713890076	-1368
23.7714240551	124
23.7891252041	-1368
23.8025591373	-1368
23.8350830078	-451
23.9504311085	1086
23.9558410645	-1368
23.9979810715	-1368
23.9980771542	-1368
24.0031881332	-1368
24.0099921227	-356
24.0157511234	-1368
24.0157752037	-1368
24.0157971382	-1368
24.0502281189	-1368
24.0502619743	-1368
24.0758750439	543
24.0901501179	-1368
24.0901761055	-1368
24.0901939869	-1368
24.0904331207	-1368
24.0905170441	-1368
24.090637207	-1368
24.10277915	-1368
24.1028180122	-1368
24.1030681133	-1368
24.1309740543	-1368
24.1310060024	-1368
24.1310369968	-1368
24.1310641766	-1368
24.1310830116	-1368
24.1311211586	-1368
24.1311450005	-1368
24.1311631203	-1368
24.1319191456	-1368
24.1319429874	-1368
24.1319720745	-1368
24.1324360371	-1368
24.1324710846	-1368
24.1324870586	-1368
24.1329011917	-1368
24.1329271793	-1368
24.132953167	-1368
24.1337070465	-892
24.1337661743	-1368
24.133783102	-1368
24.1341431141	-1368
24.1370050907	-1368
24.1432981491	-1368
24.1433420181	-1368
24.1826481819	-1368
24.1829171181	-1368
24.182967186	-1368
24.1830050945	-1368
24.183024168	-1368
24.1830790043	-1368
24.1832120419	1368
24.1870319843	-1368
24.187057972	-1368
24.1870741844	-1368
24.1874101162	-1368
24.1917200089	-1368
24.1917440891	-1368
24.1918489933	-1368
24.1918771267	-1368
24.1919109821	-1368
24.1919369698	-1368
24.1919531822	-1368
24.191986084	-1368
24.1942770481	-1368
24.1943120956	-1368
24.1943330765	-1368
24.195289135	-1368
24.1953129768	-1368
24.1954090595	-1368
24.1955401897	-1368
24.1957859993	-1368
24.1958169937	-1368
24.1958429813	-1368
24.1960151196	-1368
24.1960520744	-1368
24.1962070465	-1368
24.1964390278	-1368
24.1964671612	-1368
24.1965119839	-1368
24.1965451241	-1368
24.1965630054	-1368
24.1966130733	-1368
24.1966459751	-1368
24.1966640949	-1368
24.1991841793	-1368
24.2114801407	-1368
24.2115831375	1347
24.2116141319	-1368
24.2116270065	-1368
24.2211091518	-1368
24.2211351395	-1368
24.2212929726	-1368
24.2213180065	-1368
24.22133708	-1368
24.221460104	-1368
24.2214961052	-1368
24.2215139866	-1368
24.2250201702	-1368
24.2250480652	-1368
24.2250640392	-1368
24.2294371128	-1368
24.2294690609	-1368
24.2294750214	-1368
24.2326991558	-1368
24.232722044	-1368
24.2327501774	-1368
24.232776165	-1368
24.2327921391	-1368
24.2329211235	-1368
24.2330601215	-1368
24.2331221104	-1368
24.2332601547	-1368
24.233451128	1368
24.2369451523	-1368
24.2369730473	-1368
24.2369980812	-1368
24.2382659912	-1368
24.2431709766	-1368
24.24319911	-1368
24.2437081337	-1368
24.2437319756	-1368
24.2437691689	-1368
24.2437930107	-1368
24.2438111305	-1368
24.2507770061	-1368
24.2508101463	-1368
24.2508151531	-1368
24.2575590611	-1197
24.30163908	-1368
24.3016581535	-1368
24.3354430199	804
24.3800020218	-1368
24.3926169872	-1368
24.418596983	-1326
24.4837191105	-1368
24.4837460518	1086
24.4849910736	-1368
24.4850070477	-1368
24.5808041096	-1368
24.5808341503	-1368
24.5808579922	-1368
24.5813920498	-1368
24.5814840794	-1368
24.5815010071	-1368
24.5902261734	-770
24.596446991	-1368
24.5964810848	-1368
24.5990400314	-1368
24.5993521214	-1368
24.5993690491	-1368
24.5995850563	-1368
24.5997531414	-1368
24.5997800827	-1368
24.5998141766	-1368
24.5998380184	-1368
24.5998580456	-1368
24.6000151634	-1368
24.6000850201	-1368
24.6001410484	-1368
24.6090650558	-1368
24.6090900898	1086
24.6091020107	-1368
24.6091070175	-1368
24.6094892025	-1368
24.6095790863	-1368
24.6096110344	-1368
24.6225180626	-1368
24.6225700378	-1368
24.622587204	-1368
24.6319351196	-1368
24.6350929737	-1368
24.720233202	-731
24.7745490074	543
24.7960231304	-1368
24.7960650921	-1368
24.7961111069	-1368
24.7961351871	-1368
24.7961480618	-1368
24.8078742027	-1368
24.8079111576	-1368
24.8079171181	-1368
24.8485350609	-1368
24.859454155	-1368
24.8594870567	-1368
24.8662359715	-1368
24.8663830757	-1368
24.8668041229	-1368
24.8668761253	-1368
24.8668861389	-1368
24.8718030453	-1368
24.8718271255	-1368
24.8718919754	-1368
24.8823981285	-1113
24.8986291885	1086
24.9559371471	-1368
24.9999041557	543
25.0062391758	-1318
25.0252761841	-1368
25.0253121853	-1368
25.0253341198	-1368
25.0352230072	543
25.0378360748	-1368
25.0378601551	-1368
25.0552690029	-1368
25.073125124	-1368
25.0854451656	-1368
25.0854711533	-1368
25.1331410408	-1255
25.1987290382	1086
25.3243410587	-543
25.3246281147	543
25.4462361336	-1368
25.4483981133	-261
25.4515490532	-1368
25.4516410828	-1368
25.4584610462	-1368
25.4709780216	-1368
25.4714121819	543
25.5722751617	-841
25.5726821423	1368
25.6343991756	261
25.6965379715	-1086
25.7110521793	-1368
25.7384831905	-1368
25.738697052	-1368
25.7387809753	-1368
25.7388081551	-1368
25.7388260365	-1368
25.7389411926	-1368
25.7399971485	1368
25.7510461807	-1368
25.7510690689	-1368
25.7510941029	-1368
25.7559831142	-1368
25.7561790943	-1368
25.7562470436	-1368
25.7563080788	-1368
25.756385088	-1368
25.756483078	-1368
25.7565631866	-1368
25.7565979958	-1368
25.756622076	-1368
25.7590391636	-1368
25.7590591908	804
25.7590692043	-1368
25.7590880394	-1368
25.7594361305	-1368
25.7686390877	-1368
25.8347949982	-615
25.8828091621	543
25.9983241558	-1057
26.0532431602	543
26.0724151134	-1368
26.0724461079	-1368
26.0724711418	-1368
26.0725140572	-1368
26.0725491047	-1368
26.0725650787	-1368
26.0838260651	-1368
26.0838530064	-1368
26.0838890076	-1368
26.1026849747	-1368
26.1027181149	-1368
26.1027231216	-1368
26.1150200367	-1368
26.1150431633	-1368
26.1198241711	-1368
26.1199710369	-1368
26.1200010777	-1368
26.1201992035	-1368
26.1202321053	-1368
26.1202580929	-1368
26.1222701073	-288
26.1324491501	-1368
26.1324770451	-1368
26.1325089931	-1368
26.1750221252	-1368
26.1750741005	-1368
26.1751191616	-1368
26.2145349979	543
26.2464439869	-1218
26.2524681091	1368
26.3055541515	1368
26.3765501976	-1057
26.376581192	522
26.5825800896	-543
26.5827991962	-1368
26.5828230381	-1368
26.5828471184	-1368
26.5828621387	-1368
26.582942009	-1368
26.5960869789	-1368
26.5961110592	-1368
26.596129179	-1368
26.5972771645	-1368
26.5973000526	-1368
26.5973501205	-1368
26.6087770462	-1368
26.6088020802	-1368
26.608864069	-1368
26.6435480118	-1368
26.6438951492	543
26.7071480751	-873
26.8475341797	-1368
26.8475601673	1086
26.8482050896	-1368
26.8482370377	-1368
26.8482542038	-1368
26.8485441208	-1368
26.8485732079	-1368
26.8485980034	-1368
26.8609240055	-1368
26.8609480858	-1368
26.8610351086	-1368
26.8861761093	-430
26.9387691021	-1368
26.9388771057	-1368
26.9389719963	-1368
26.9710230827	-1368
26.9716951847	1368
27.0103991032	-298
27.0104370117	261
27.1084041595	-1368
27.1341810226	-232
27.2050271034	-1368
27.2054531574	1057
27.2581410408	-1318
27.2902960777	-1368
27.4141511917	-1318
27.4145979881	1057
27.5036761761	-1368
27.5385241508	-232
27.573882103	-1368
27.5739700794	-1368
27.5740461349	-1368
27.5742139816	-1368
27.57427001	-1368
27.5750441551	543
27.5863170624	-1368
27.5864400864	-1368
27.5864670277	-1368
27.5990760326	-1368
27.6140761375	-1368
27.6141550541	-1368
27.6630260944	-604
27.745196104	-1368
27.745223999	543
27.8269681931	-232
27.9998960495	543
28.0502030849	-543
28.0542821884	543
28.1744999886	-543
28.1783640385	1368
28.2146229744	232
28.5527219772	-543
28.55331707	1368
28.5534391403	203
28.5937180519	-1368
28.593747139	-1368
28.5937681198	-1368
28.5939130783	-1368
28.5939350128	-1368
28.6015541553	-1368
28.6015729904	-1368
28.6015779972	-1368
28.6016180515	-1368
28.6061739922	-1368
28.6774001122	-401
28.730435133	1086
28.8032441139	-1368
28.8092660904	-1368
28.8092839718	-1368
28.8093810081	-1368
28.8156449795	-1368
28.8156831264	-1368
28.8157310486	-1368
28.8384270668	-364
28.8515901566	-1368
28.8542461395	543
28.9621450901	-232
28.999546051	543
29.0848050117	-543
29.1233000755	-543
29.247081995	-1086
29.2476360798	1057
29.6125080585	-543
29.7089760303	-1368
29.7609450817	-1368
29.7747671604	-978
29.7887489796	-1368
29.7887740135	-1368
29.7971601486	-1368
29.8009970188	-1368
29.8010210991	-1368
29.8461420536	-1368
29.8759901524	-1368
29.8762111664	543
29.8892021179	-1368
29.8892190456	-1368
29.8988490105	-828
29.9435381889	-1368
29.993144989	-1368
29.999958992	543
30.0057771206	-1368
30.0057911873	-1368
30.0415461063	-1368
30.041572094	-1368
30.041588068	-1368
30.0624301434	-965
30.706040144	1057
30.970965147	543
31.6497340202	-543
31.6626219749	-1368
31.727380991	-1368
31.7642440796	-1368
31.7686080933	-1368
31.7767100334	-1368
31.7866280079	-1102
31.8848149776	543
31.9554371834	-543
31.9680111408	-1368
31.9680461884	-1368
32.0175571442	-1368
32.0247421265	1057
32.0792729855	-609
32.0797290802	1368
32.1865460873	232
32.33634305	-543
32.3366701603	1057
32.7445251942	-543
32.7574059963	-1368
32.8812611103	-717
32.8951361179	-1368
32.8951749802	-1368
32.9279232025	1057
32.9993860722	543
32.9994239807	543
33.0189499855	-949
33.1272921562	-1368
33.1273341179	-1368
33.1642711163	-1368
33.1666800976	-543
33.180273056	1057
33.1823511124	-638
33.3041040897	543
33.3541769981	-543
33.4279680252	1057
33.4779551029	-543
33.6021640301	-1086
33.7006270885	-1368
33.7007901669	-1368
33.7042970657	543
33.7261240482	-406
33.8281071186	1057
33.8906300068	-543
34.0559160709	543
34.3710741997	-543
34.385653019	-1368
34.385682106	-1368
34.433011055	-1368
34.4947421551	-95
34.6054260731	1057
34.6185061932	-543
34.6835792065	-1368
34.718113184	-1368
34.7204670906	1368
34.7292711735	232
34.7316100597	-1368
34.7421021461	-124
34.8531470299	543
34.8659541607	-543
35.0344700813	1057
35.1923060417	543
35.374737978	-543
35.3879871368	-1368
35.3880140781	-1368
35.4992880821	-920
35.5011320114	1057
35.5740880966	-1368
35.5741121769	-1368
35.5741651058	-1368
35.623319149	-1181
35.6248311996	1368
35.6249890327	232
35.6607401371	-1368
35.6640629768	1368
35.747107029	-232
35.7496140003	1231
36.1149551868	-543
36.1983661652	-1368
36.2943091393	-1318
36.4571671486	-543
36.4573559761	-1368
36.4573881626	-1368
36.4695661068	-1368
36.4696061611	-1368
36.4696161747	-1368
36.4838252068	1057
36.5194280148	-1368
36.5813109875	-1160
36.7053761482	-543
37.1150450706	543
37.2387900352	543
37.2753469944	-543
37.2874209881	-1368
37.3991811275	-1231
37.3992090225	1086
37.6486170292	-543
37.6496531963	543
37.7736451626	-543
37.7739300728	1057
37.897739172	-543
38.0582330227	-543
38.0585501194	1057
38.1829140186	-543
38.2224240303	1086
38.5268471241	-543
38.5287041664	543
38.5397500992	-1368
38.6526830196	-1231
38.776692152	-1086
38.900354147	-543
39.0240371227	-1086
39.6616411209	-543
39.9992690086	543
40.1965680122	543
40.4617571831	-543
40.4621880054	-1368
40.4622120857	-1368
40.4625461102	-1368
40.4626021385	-1368
40.4626209736	-1368
40.4653890133	-1368
40.465473175	-1368
40.4654941559	-1368
40.4745759964	-1368
40.4756941795	543
40.5867981911	-1368
40.586892128	-1368
40.5873310566	-1368
40.5873661041	-1368
40.5873930454	-1368
40.5874121189	-1155
40.6386840343	543
40.8424210548	543
41.4116990566	-543
41.7205121517	-543
43.7234101295	543
44.0559949875	-543
44.9992311001	543
45.6014430523	-543
45.9994661808	543
46.619300127	-543
46.9998431206	543
47.7683751583	-543
47.8922901154	-543
50.3941659927	-543
51.0034711361	-543
51.2672240734	-543
51.8570010662	-543
51.9996089935	543
52.4327800274	-543
52.4474132061	543
52.94237113	-543
52.942699194	1057
53.4772620201	-543
53.4896240234	-1368
53.6136250496	-1231
54.303591013	-543
54.3435959816	543
54.4675590992	1086
54.6047852039	-543
54.7287151814	-1057
54.8355979919	-1368
54.8525340557	-232
54.8534259796	543
55.1062481403	543
55.1134850979	-543
55.2742030621	-1057
55.3980851173	-543
55.6317441463	-543
58.510406971	-543
