0	543
0.328384160995	-543
0.329232215881	543
0.689940214157	-543
0.698522090912	-1368
0.700309991837	-1368
0.700815200806	-1420
0.700851202011	-1316
0.705812215805	-1420
0.705849170685	-1316
0.710233211517	-1420
0.710303068161	-1316
0.710307121277	-1368
0.718109130859	543
0.740032196045	543
0.743766069412	543
0.751910209656	543
0.822688102722	-1420
0.822701215744	-1420
0.822763204575	-15
0.854132175446	-1368
0.856424093246	-1368
0.858719110489	-1368
0.871071100235	-1420
0.871086120605	-1316
0.884016036987	543
0.884374141693	-1368
0.884570121765	-1368
0.884672164917	543
0.888392210007	543
0.890696048737	-1368
0.897905111313	-1368
0.900556087494	-1368
0.900755167007	543
0.907741069794	-1368
0.912216186523	-1368
0.918430089951	-1368
0.922815084457	-1368
0.930443048477	-1368
0.934569120407	-1368
0.935382127762	543
0.9383020401	-1368
0.946691989899	-1420
0.946745157242	-924
0.950223207474	-1368
0.988659143448	543
1.07125520706	-1347
1.07147717476	543
1.07169914246	543
1.07183003426	543
1.09799599648	-543
1.19629907608	-1086
1.20807814598	543
1.20828413963	543
1.24600505829	-1368
1.25180602074	543
1.25196504593	543
1.32000422478	-1420
1.32002305984	-1420
1.32006001472	-1264
1.32024908066	543
1.32791805267	-1368
1.33039617538	-1368
1.33461618423	543
1.33520412445	543
1.33638620377	-1368
1.34089016914	-1368
1.34915208817	-1420
1.34915804863	-1420
1.34920120239	-1264
1.35944914818	-264
1.360019207	543
1.36342406273	543
1.36936807632	543
1.36980819702	543
1.4538731575	-1420
1.45388913155	-1420
1.45394420624	-1264
1.47638201714	-1368
1.48326206207	-1368
1.48384904861	-1368
1.4940571785	-1305
1.49801421165	543
1.50003600121	543
1.50195908546	543
1.56943702698	-1420
1.56946206093	-1420
1.5695002079	-1264
1.58060407639	-1420
1.58065605164	-1316
1.58076620102	-1368
1.58994722366	543
1.59188914299	543
1.61781406403	-675
1.63850522041	-1368
1.64366912842	543
1.64976119995	-1368
1.65606999397	-1368
1.65859913826	543
1.65933704376	-1368
1.66102910042	-1368
1.66403722763	-1368
1.66672611237	-1420
1.66677117348	-1316
1.67027807236	-1368
1.67085313797	-1368
1.67163014412	-1420
1.67165613174	-1316
1.68183803558	-1368
1.71419715881	-1368
1.74167299271	-77
1.74802112579	543
1.88833999634	-1368
1.8886911869	543
1.91611504555	-1368
1.919683218	-1007
1.93793511391	-1368
1.93812012672	543
2.04401922226	-1347
2.16827321053	-1057
2.22212505341	-1368
2.2665450573	-1368
2.26792311668	1057
2.28028011322	-1368
2.34581303596	-182
2.34674715996	543
2.49396204948	-543
2.4947822094	-1368
2.4964261055	-1420
2.49643206596	-1316
2.4974770546	-1420
2.49748206139	-1316
2.4983420372	-1420
2.49834704399	-1316
2.50065517426	-1368
2.50151610374	-1420
2.50154018402	-1316
2.50206017494	-1368
2.50256609917	-1368
2.5026371479	543
2.50352716446	-1368
2.50488209724	-1368
2.50520706177	-1368
2.50658607483	-1368
2.50794100761	543
2.50855708122	-1368
2.51042413712	-1420
2.51047110558	-1420
2.51047420502	-1264
2.512414217	-1420
2.51241803169	-1316
2.51939415932	-1368
2.61802911758	-905
2.74209117889	-1086
2.74259614944	543
2.75798606873	1057
2.75873708725	543
2.76056218147	543
2.7643840313	543
2.76464509964	1460
2.76469016075	1460
2.76472401619	707
2.76486301422	1460
2.76491808891	1139
2.7651181221	1460
2.76516103745	1460
2.76519417763	193
2.82863712311	543
2.92434406281	-543
2.9427421093	-1420
2.94280719757	-1420
2.94281101227	-1264
2.94866919518	-1420
2.94868421555	-1316
2.95080804825	-1368
2.95230317116	-1368
2.95261311531	-1368
2.95335221291	-1368
2.9536011219	-1368
2.95379900932	-1420
2.95383310318	-1316
2.95463013649	-1368
2.95472502708	-1368
2.95522618294	-1368
2.95643019676	-1368
2.95719718933	-1368
2.95871520042	-1420
2.95871901512	-1316
2.9591550827	-1368
2.95971918106	-1368
2.95990109444	543
2.96070218086	-1368
2.96461009979	-1368
2.97180318832	-1368
2.97287607193	-1420
2.97291707993	-1420
2.97291922569	-1264
2.97441315651	-1420
2.97441601753	-1316
2.97446107864	-1368
2.975274086	-1368
2.9754011631	-1368
2.97558403015	-1368
2.97574305534	543
2.97633099556	-1420
2.97634506226	-1316
2.97652220726	-1420
2.97652721405	-1316
2.97852420807	-1420
2.97853016853	-1316
2.9786400795	543
2.97913599014	-1368
2.98052310944	-1368
2.98141908646	-1420
2.98143100739	-1316
2.98246622086	-1368
2.98313999176	-1368
2.98389005661	-1368
2.98475313187	-1368
3.06687903404	-1420
3.0668990612	-1420
3.06696605682	-1420
3.06697010994	-1420
3.06701421738	-1420
3.06701803207	-1108
3.07288002968	-1420
3.07288599014	-1420
3.07292819023	-1264
3.07301306725	-1420
3.07304906845	-1316
3.07310819626	-1368
3.07643699646	-1420
3.07644915581	-1420
3.07649517059	-1420
3.07650113106	-1212
3.0767660141	543
3.07744908333	-1420
3.07745409012	-1420
3.07751703262	-1264
3.07752799988	-1368
3.0776181221	543
3.07780313492	-1420
3.07780504227	-1316
3.07780599594	-1368
3.07786512375	-1420
3.0778670311	-1420
3.07786822319	-1264
3.07882118225	-1420
3.07882714272	-1420
3.07886719704	-1420
3.07886910439	-1212
3.08057022095	-1420
3.08057713509	-1420
3.0806210041	-1420
3.08062601089	-1212
3.08273100853	-1420
3.08274006844	-1420
3.08278417587	-1264
3.08278608322	-1420
3.08282017708	-228
3.0839881897	-1368
3.08419418335	-1420
3.08419919014	-1420
3.08423709869	-1264
3.08434605598	543
3.08770918846	-1368
3.08901500702	-1420
3.08907818794	-1420
3.08908104897	-1264
3.08909702301	-1368
3.09702205658	-1420
3.0970761776	-1420
3.09708118439	-1420
3.09711718559	-1212
3.0972161293	-1420
3.09726309776	-1316
3.0972661972	-1368
3.09730911255	-1368
3.09843802452	-1420
3.09847021103	-1420
3.09847307205	-1264
3.09850120544	-1368
3.09932804108	-1420
3.0993771553	-1420
3.09937906265	-1264
3.09939718246	-1368
3.09978818893	-1420
3.09982609749	-1420
3.09982919693	-1420
3.09986209869	-1212
3.10045099258	-1420
3.10052514076	-1420
3.10052800179	-1264
3.10056400299	-1368
3.10068416595	-1420
3.10072207451	-1316
3.10079622269	-1420
3.1008310318	-1316
3.10085511208	543
3.10107517242	543
3.10120105743	543
3.10254907608	-1420
3.10257315636	-1420
3.10261511803	-1264
3.10261702538	-1368
3.10459208488	-1420
3.10459804535	-1420
3.10466599464	-1264
3.10466909409	-1368
3.10481309891	543
3.10525918007	-1420
3.10526418686	-1420
3.10528612137	-1264
3.10528922081	-1368
3.10714316368	-1420
3.10714912415	-1420
3.10719299316	-1264
3.10719609261	-1368
3.10875916481	-1420
3.10876703262	-1420
3.10879206657	-1264
3.1104581356	-1368
3.11058306694	543
3.19084405899	-1420
3.19086718559	-1420
3.1909301281	-1420
3.19093322754	-1212
3.19097709656	-1420
3.190980196	-1420
3.19106507301	-1420
3.19106817245	-1212
3.19110321999	-1420
3.19110608101	-1420
3.19114804268	-1264
3.19115018845	-1368
3.19690418243	-1420
3.19691514969	-1316
3.19696617126	-1420
3.19696807861	-1316
3.19732999802	-1420
3.19733715057	-1420
3.19740915298	-1420
3.19741201401	-1420
3.19745516777	-1160
3.19745707512	-1368
3.19793701172	543
3.2003262043	-1420
3.20037722588	-1420
3.20047402382	-1264
3.20047616959	-1420
3.2005341053	-1316
3.20053720474	-1420
3.20061802864	-1316
3.20062017441	-1420
3.20065402985	-1420
3.20065712929	-1264
3.20143413544	-1420
3.20143914223	-1316
3.20169305801	-1420
3.20169711113	-1420
3.20174217224	-1264
3.20181512833	-1420
3.20184111595	-1420
3.20184421539	-1264
3.20186114311	-1368
3.20198106766	-1420
3.20202517509	-1420
3.20202803612	-1264
3.20207810402	-1420
3.20208001137	-1420
3.20213413239	-1264
3.20213699341	-1368
3.20219922066	-1420
3.20220208168	-1420
3.20224499702	-1264
3.20290803909	-1420
3.20293712616	-1420
3.20293903351	-1264
3.20336008072	-1368
3.20336318016	-1420
3.20339918137	-1420
3.20340204239	-1420
3.20343518257	-1212
3.2040719986	543
3.20444703102	543
3.20451021194	-1420
3.20451211929	-1420
3.20451307297	-1420
3.20451402664	-1212
3.20462918282	-1420
3.20463109016	-1420
3.20463109016	-1264
3.20463204384	-1368
3.20479512215	543
3.20488715172	-1368
3.20520305634	543
3.20671820641	-1420
3.20672416687	-1420
3.20674800873	-1264
3.2067501545	-1368
3.20802807808	-1420
3.20803308487	-1316
3.20811009407	543
3.20814800262	-1420
3.20826911926	-1420
3.20828914642	-1264
3.20829319954	-1368
3.20838022232	543
3.2087430954	-1368
3.20874810219	-1420
3.20878720284	-1420
3.20879006386	-1420
3.20882320404	-1420
3.20882606506	-1160
3.20887708664	-1368
3.20888018608	-1368
3.20897722244	543
3.20932006836	543
3.20955204964	543
3.20976805687	543
3.21288108826	-1420
3.21288704872	-1420
3.21292710304	-1264
3.21292901039	-1420
3.21298217773	-1316
3.21307706833	-1420
3.21311402321	-1420
3.21311616898	-1264
3.22093701363	-1420
3.22095322609	-1420
3.22098922729	-1264
3.22102212906	-1420
3.22104811668	-1420
3.22105002403	-1264
3.22113609314	-1420
3.22113919258	-1316
3.22124814987	-1420
3.22125101089	-1316
3.22141814232	-1420
3.22142219543	-1420
3.22147703171	-1264
3.22147917747	-1368
3.22161102295	543
3.22177100182	-1420
3.22177314758	-1420
3.22181105614	-1420
3.22181415558	-1212
3.22236919403	-1420
3.22237420082	-1420
3.22239613533	-1264
3.2225151062	543
3.22256207466	-1368
3.22275209427	-1420
3.22277402878	-1316
3.22285604477	543
3.22324514389	-1061
3.22340011597	-1420
3.22344303131	-1420
3.22344613075	-1264
3.22350311279	-1420
3.22350621223	-1420
3.22354507446	-1264
3.22384214401	-1420
3.22386407852	-1316
3.22396206856	-1420
3.223965168	-1316
3.22408914566	-1368
3.22421216965	-1368
3.22432518005	-1420
3.22434806824	-1420
3.224350214	-1264
3.2244720459	-1420
3.22447705269	-1316
3.22452807426	-1368
3.22464513779	-1420
3.22468304634	-1420
3.22468519211	-1264
3.22471809387	-1368
3.22479510307	-1420
3.22483420372	-1420
3.22483611107	-1264
3.22490310669	-1420
3.22490620613	-1420
3.22493910789	-1264
3.22497415543	543
3.22500801086	-1420
3.22501015663	-1420
3.22501111031	-1264
3.22504210472	-1368
3.2264020443	-1420
3.22640705109	-1420
3.22643113136	-1264
3.22643399239	-1368
3.22652411461	543
3.22663807869	-1420
3.22664308548	-466
3.22672700882	543
3.228495121	-1420
3.22850418091	-1420
3.22852516174	-1264
3.22855901718	-1420
3.22857713699	-1420
3.22857904434	-1264
3.2286901474	-1420
3.22869300842	-1316
3.22928214073	-1368
3.22933220863	-1368
3.22938203812	-1420
3.22938418388	-1316
3.22946405411	543
3.22950315475	-1420
3.2295050621	-1420
3.22950601578	-1264
3.22955322266	-1368
3.22983121872	-1368
3.23117303848	-1420
3.23121809959	-1420
3.23122119904	-1420
3.23125720024	-1212
3.23163509369	-1368
3.23176908493	-1420
3.23177409172	-1420
3.23181414604	-1264
3.23273921013	-1420
3.23276400566	-1420
3.2327671051	-1264
3.23283410072	-1368
3.23338913918	-1420
3.23341202736	-1420
3.23341417313	-1264
3.23389220238	543
3.234842062	-1420
3.23484706879	-1420
3.23488712311	-1264
3.28574705124	543
3.31494116783	-1420
3.31495714188	-1420
3.31503605843	-1264
3.31503915787	-1420
3.31509017944	-1420
3.31509399414	-1420
3.3151371479	-1212
3.31514906883	-1420
3.31518912315	-1316
3.3151922226	-1420
3.31522607803	-1420
3.31522917747	-1264
3.31529808044	-1420
3.31530117989	-1420
3.3153731823	-1264
3.31537508965	-1420
3.31545901299	-1420
3.3154630661	-1264
3.31550002098	-1420
3.31550312042	-1420
3.31553721428	-1264
3.31571602821	543
3.31597805023	543
3.31744599342	-1368
3.32072305679	-1420
3.32077312469	-1420
3.32077717781	-1264
3.32109498978	-1420
3.3211081028	-1316
3.32119607925	-1420
3.3211991787	-1316
3.3212890625	-1420
3.32129216194	-1316
3.32140517235	-1420
3.32140922546	-1316
3.32144522667	-1368
3.32155513763	-1420
3.321611166	-1316
3.32161402702	-1420
3.32164907455	-1316
3.32165122032	-1368
3.32171916962	543
3.32186508179	-1368
3.3220500946	543
3.32217717171	543
3.32444906235	-1420
3.32445502281	-1420
3.32454514503	-1264
3.32454800606	-1420
3.32458305359	-1420
3.32458615303	-1264
3.32461905479	-1368
3.32462120056	-1420
3.32465600967	-1316
3.32474303246	-1420
3.32478809357	-1420
3.32479119301	-1264
3.32482910156	-1368
3.324873209	-1420
3.32489204407	-1420
3.32489418983	-1264
3.32491016388	-1368
3.3250310421	-1420
3.32506799698	-1420
3.32507014275	-1264
3.32510399818	-1420
3.32511019707	-1316
3.3254032135	-1420
3.32540607452	-1316
3.32550621033	-1420
3.32550907135	-1316
3.32561707497	-1420
3.32562017441	-1316
3.32578206062	-1420
3.32578516006	-1316
3.32591319084	-1420
3.32591605186	-1420
3.32595801353	-1264
3.32596111298	-1420
3.32599520683	-1316
3.32607316971	-1420
3.3260910511	-1420
3.32609319687	-1264
3.32624912262	-1420
3.32625222206	-1420
3.32628703117	-1264
3.32636213303	-1420
3.32639908791	-1420
3.32640099525	-1264
3.32643508911	-1368
3.32662010193	-1420
3.32663917542	-1316
3.32679200172	-1420
3.32679510117	-1420
3.32679605484	-1264
3.3268430233	-1420
3.32684612274	-1420
3.32684707642	-1420
3.3268661499	-1212
3.32686805725	-1368
3.3269970417	-1420
3.32700014114	-1420
3.32700204849	-1264
3.32703113556	-1420
3.32703304291	-1316
3.32857108116	-1420
3.3285741806	-1420
3.32857608795	-1264
3.33021712303	-1368
3.33036112785	-1420
3.33036422729	-1420
3.33036613464	-1264
3.33079409599	-1420
3.33079814911	-1316
3.33228802681	-1420
3.33229017258	-1420
3.33229112625	-1264
3.3326280117	1057
3.33289408684	543
3.33326220512	543
3.3346722126	-1420
3.33467721939	-1316
3.33485722542	-1368
3.33526420593	-1420
3.335283041	-1316
3.33589315414	543
3.33601999283	543
3.33643817902	-1420
3.33644199371	-1316
3.33659005165	-1368
3.33733820915	543
3.33871221542	-1420
3.33872699738	-1316
3.3397860527	-1420
3.33979010582	-1420
3.33982920647	-1264
3.34061217308	-1368
3.34102010727	-1368
3.34124517441	-1368
3.34140300751	-1368
3.34260010719	-1368
3.34347605705	-1368
3.34418702126	543
3.34457802773	-1368
3.34468507767	-1368
3.34809422493	-1368
3.35120201111	-1163
3.35130000114	-1368
3.35252714157	-1368
3.35452604294	-1368
3.3555791378	-1368
3.35570716858	-1368
3.35658121109	-1368
3.35670900345	-1368
3.37349510193	-1368
3.37666916847	-1420
3.37668800354	-1316
3.37735414505	-1368
3.37753105164	-1368
3.37833404541	-1420
3.3783390522	-1420
3.37837815285	-1264
3.37845921516	543
3.37850117683	-1368
3.37858819962	-1368
3.37907910347	-1368
3.38017702103	-1368
3.38028001785	543
3.38305711746	-1420
3.3830640316	-1420
3.38308906555	-1264
3.38336920738	-1420
3.38339304924	-1316
3.38379406929	-1368
3.38468599319	-1368
3.38476920128	-1368
3.38488316536	-1368
3.38670420647	-1420
3.38673400879	-1316
3.38696503639	-1368
3.38757300377	-1420
3.38757705688	-1316
3.38768315315	-1368
3.3878262043	543
3.38826799393	-1420
3.38827419281	-1420
3.38829302788	-1264
3.38921403885	-1420
3.38925504684	-1420
3.38925719261	-1264
3.39030909538	-1420
3.39031410217	-1316
3.39053320885	-1368
3.3926820755	-1420
3.39272499084	-1420
3.39272809029	-1264
3.39459514618	-1420
3.3945980072	-1316
3.3947031498	-1368
3.3962290287	-1420
3.39626407623	-1420
3.396266222	-1264
3.39856004715	-1420
3.39857411385	-1420
3.39861321449	-1264
3.39861512184	-1420
3.39864802361	-1316
3.39871907234	543
3.39889621735	543
3.39997220039	-1420
3.39998602867	-1316
3.40062904358	-1420
3.40064311028	-1316
3.40071606636	-1368
3.40146303177	-1420
3.40148901939	-1316
3.40158319473	-1368
3.40231800079	-1368
3.40232300758	-1368
3.40249013901	-1368
3.4046831131	-1420
3.40470409393	-1316
3.40687322617	-1420
3.40691113472	-1420
3.40691304207	-1264
3.40775799751	543
3.40877604485	-1420
3.40878200531	-1420
3.40882110596	-1264
3.40919804573	-1368
3.40975308418	-1420
3.40975809097	-1316
3.41001605988	-1368
3.41051721573	-1420
3.41054320335	-1316
3.41475009918	-1420
3.41479921341	-1420
3.41480207443	-1264
3.41485118866	-1368
3.41537308693	-1420
3.41541218758	-1420
3.41541409492	-1264
3.4162530899	-1420
3.41626501083	-1316
3.4185860157	-1420
3.41859006882	-1316
3.41943717003	-1368
3.41963505745	-1368
3.42000603676	543
3.42013311386	-1420
3.4201362133	-1420
3.42017507553	-1264
3.42025017738	543
3.42090916634	-1368
3.42677402496	-1420
3.42681121826	-1316
3.42703199387	-1368
3.42713499069	543
3.42730021477	1057
3.42744112015	543
3.42746710777	-1420
3.42746901512	-1316
3.42803001404	-1368
3.4286570549	-1368
3.42878103256	-1420
3.428784132	-1316
3.43052315712	-1368
3.43142914772	-1368
3.43176722527	-1368
3.43270111084	-1368
3.43366909027	-1368
3.43859505653	-1368
3.47524619102	-1077
3.47760009766	543
3.52192807198	-1420
3.52194213867	-1420
3.52199721336	-1420
3.52200102806	-1212
3.52240419388	-1368
3.5226662159	-1420
3.52270007133	-1316
3.52486300468	-1420
3.5248901844	-1316
3.52519702911	-1368
3.52655720711	-1420
3.52656316757	-1420
3.52660417557	-1264
3.52722120285	-1420
3.5272500515	-1316
3.5289080143	-1368
3.53179216385	543
3.53250908852	-1368
3.53691506386	-1368
3.53756213188	-1368
3.53841900826	-1420
3.53845119476	-1316
3.54075503349	-1420
3.54079318047	-1316
3.54087018967	543
3.54125118256	-1368
3.54229903221	-1368
3.54243922234	-1420
3.54244303703	-1316
3.54327011108	-1368
3.54455518723	-1368
3.54532909393	-1368
3.56489109993	-1420
3.56494808197	-1316
3.56628108025	-1420
3.56632113457	-1420
3.56632518768	-1264
3.56874704361	-1420
3.56877112389	-1316
3.56952309608	-1368
3.57013607025	-1368
3.57094216347	-1368
3.57179117203	-1368
3.57269310951	-1420
3.57270002365	-1316
3.57340812683	-1420
3.57341313362	-1316
3.57353305817	543
3.5741610527	-1368
3.57455611229	-1420
3.57459712029	-1316
3.57522010803	-1368
3.57529711723	-1368
3.57652807236	543
3.57657814026	-1420
3.57658100128	-1316
3.57873821259	-1420
3.57875299454	-1316
3.57998609543	-1368
3.58065915108	-1420
3.58071112633	-1316
3.58071422577	-1368
3.58073019981	-1368
3.58257102966	-1368
3.58325099945	-1368
3.58423900604	-1368
3.58575320244	-1420
3.58575701714	-1316
3.58589720726	543
3.58684110641	-1368
3.58844804764	-1420
3.58848118782	-1316
3.58858919144	-1368
3.59983706474	543
3.62168908119	-1368
3.62470316887	-1420
3.62475705147	-1316
3.62497401237	543
3.62583804131	-1420
3.62584614754	-1316
3.62951111794	-1368
3.63042211533	-1420
3.63044905663	-1316
3.63053512573	-1368
3.63185405731	-1368
3.63240909576	-1368
3.6330780983	543
3.63338899612	-1368
3.63366222382	-1368
3.64316821098	543
3.64576220512	-417
3.65337514877	543
3.65423202515	1460
3.65428113937	1139
3.65446805954	1460
3.654515028	625
3.82235217094	-543
3.84760022163	-1368
3.84824705124	-1420
3.8482542038	-1316
3.85083317757	-1420
3.85084009171	-1420
3.85088419914	-1420
3.85088706017	-1212
3.85154509544	-1420
3.85155105591	-1316
3.85180401802	-1368
3.85222816467	-1420
3.85226011276	-1316
3.85246300697	-1368
3.85479903221	-1420
3.85480308533	-1316
3.85524821281	-1368
3.8563990593	-1420
3.85643601418	-1316
3.85651516914	543
3.85880708694	-1420
3.85882401466	-1316
3.85889601707	-1368
3.86069202423	-1368
3.86254501343	-1368
3.86269712448	-1368
3.8633351326	543
3.86341905594	-1368
3.86492919922	-1368
3.86536717415	-1368
3.86668610573	-1368
3.86672306061	-1420
3.86737918854	-1316
3.86788916588	-1368
3.86789321899	-1368
3.86865615845	-1420
3.86866116524	-1420
3.86870408058	-1264
3.86921620369	-1368
3.87080311775	-1420
3.87080717087	-1316
3.87290716171	-1420
3.87292003632	-1316
3.87304711342	-1420
3.87305021286	-1316
3.87465906143	-1368
3.87569212914	543
3.87603807449	-1368
3.87659502029	-1368
3.87678813934	-1368
3.87730312347	-1368
3.87872314453	-1420
3.87873005867	-1316
3.87942910194	-1420
3.87943410873	-1316
3.88057017326	-1368
3.88087010384	-1368
3.88255810738	-1368
3.8835310936	-1420
3.88356399536	-1316
3.88378620148	-1368
3.88461399078	-1368
3.88477611542	-1368
3.88574504852	543
3.88587808609	543
3.88673019409	-1420
3.88673615456	-1316
3.88792014122	-1368
3.88792514801	-1368
3.88865017891	-1420
3.88865399361	-1316
3.89075303078	-1368
3.89169502258	-1368
3.89297699928	-1420
3.89298319817	-1316
3.89343714714	-1420
3.89344215393	-1316
3.89505410194	-1368
3.8961892128	-1368
3.89679217339	-1420
3.8967962265	-1420
3.89683222771	-1264
3.89723420143	-1368
3.89790201187	-1368
3.89887309074	-1368
3.89947915077	-1368
3.90022611618	543
3.90041303635	543
3.90071606636	-1368
3.90170001984	-1420
3.90172410011	-1316
3.90221309662	-1368
3.90271401405	-1368
3.90345716476	-1420
3.90348005295	-1316
3.9052259922	-1420
3.90525221825	-1316
3.90586018562	-1420
3.90588116646	-1316
3.90658211708	-1420
3.90661001205	-1316
3.90736913681	-1420
3.90740799904	-1316
3.90805721283	543
3.90882706642	-1420
3.90883302689	-1420
3.90887403488	-1264
3.90894913673	543
3.90934419632	-1368
3.9134759903	-1420
3.91351103783	-1316
3.91403102875	-1368
3.91519522667	-1368
3.91548013687	543
3.91604804993	-1368
3.91654205322	-1368
3.91685700417	-1368
3.91734600067	-1368
3.91747903824	-1368
3.91761207581	-1368
3.91827511787	-1420
3.91827821732	-1420
3.91831421852	-1264
3.91863322258	-1368
3.92024207115	-1368
3.92034316063	-1368
3.92866420746	-1368
3.93287301064	-1420
3.93292617798	-1316
3.93365907669	-1368
3.93426609039	-1420
3.93428015709	-1316
3.93691205978	-1420
3.93692016602	-1316
3.93695521355	-1420
3.93695807457	-1316
3.93768405914	-1420
3.93769001961	-1316
3.93774104118	-1368
3.93853902817	-1368
3.9392580986	-1368
3.94105410576	-1420
3.94109106064	-1316
3.9414961338	-1420
3.94153213501	-1316
3.94214820862	-1368
3.94293498993	-1368
3.94382810593	-1368
3.94445204735	543
3.94499516487	-1368
3.94504904747	-1368
3.94517111778	-1368
3.9456641674	543
3.94587016106	543
3.94622802734	-1368
3.94660115242	-1420
3.9466240406	-1316
3.94755411148	-1368
3.9484732151	-1368
3.94862318039	-1368
3.94926404953	-1420
3.94926810265	-1316
3.95074915886	-1368
3.95181202888	-1368
3.95277714729	-1420
3.95278406143	-1420
3.9528222084	-1264
3.95290803909	543
3.95342803001	-1368
3.95405316353	-1368
3.95494914055	-1368
3.95519518852	-1368
3.95659708977	-1420
3.95660018921	-1316
3.95748519897	-1368
3.95758199692	-1368
3.95853304863	-1420
3.95853710175	-1316
3.95878314972	-1368
3.9645512104	-1420
3.96457910538	-1316
3.96479916573	-1368
3.96524500847	-1368
3.96677708626	-1420
3.96680521965	-1316
3.96891403198	-1420
3.96895813942	-1420
3.96896100044	-1264
3.96907019615	543
3.9700551033	-1420
3.97005915642	-1316
3.97014904022	-1368
3.97021722794	543
3.9703001976	-1368
3.97041916847	-1420
3.97044014931	-1316
3.97127008438	-803
3.97268009186	-1368
3.97276520729	-1368
3.97530007362	-1420
3.97530412674	-1316
3.97538304329	-1368
3.97553515434	-1368
3.97610807419	-1368
3.97657608986	-1420
3.97659921646	-1316
3.97719407082	-1420
3.97721409798	-1316
3.97729206085	543
3.97883701324	-1368
3.97955322266	-1420
3.97960805893	-1420
3.97961211205	-1264
3.98006510735	-1368
3.98074507713	-1420
3.98076510429	-1316
3.98159313202	-1368
3.98188209534	-1368
3.98270606995	-1420
3.98274302483	-1420
3.98274517059	-1264
3.98327112198	-1368
3.98451805115	-1368
3.98534202576	-1368
3.98583722115	-1368
3.98685121536	-1368
3.98699307442	-1368
3.98718810081	-1368
3.98727011681	543
3.98872518539	-1420
3.98873114586	-1316
3.9892270565	-1368
3.99078917503	-1368
3.9908721447	543
3.99129915237	-1368
3.99138212204	-1420
3.99140405655	-1316
4.08654022217	-1368
4.0963242054	-41
4.09661507607	543
4.12556505203	-1368
4.1255800724	-1368
4.1264500618	-1368
4.12883210182	-1420
4.12887501717	-1316
4.12930321693	-1368
4.12963199615	-1368
4.13047909737	-1420
4.13053607941	-1420
4.13053917885	-1264
4.13132119179	-1368
4.13150906563	-1368
4.13217806816	543
4.13271903992	-1420
4.13272500038	-1316
4.13367009163	-1368
4.13418912888	-1368
4.13445210457	-1368
4.13477921486	-1420
4.13480520248	-1316
4.13551211357	-1368
4.1373591423	-1420
4.13737416267	-1316
4.13809609413	-1368
4.13891911507	-1368
4.1395611763	543
4.1397562027	-1420
4.1397600174	-1316
4.14009618759	-1368
4.14087319374	-1420
4.14089417458	-1316
4.14140415192	-1368
4.14320611954	-1420
4.14321613312	-1316
4.14340901375	-1368
4.14430809021	-1368
4.15083599091	-1368
4.15516018867	543
4.18060803413	543
4.22044301033	-1235
4.31625914574	-543
4.31959199905	-1368
4.32053899765	-1420
4.32057714462	-1316
4.32292318344	-1420
4.32293820381	-1316
4.32352805138	-1420
4.32353210449	-1316
4.32439208031	-1420
4.3243970871	-1420
4.32443499565	-1264
4.32461500168	-1368
4.3265311718	-1368
4.32758808136	-1420
4.32767105103	-1420
4.32767415047	-1264
4.32937908173	-1420
4.32938909531	-1316
4.32990908623	-1368
4.33072209358	-1420
4.33074903488	-1316
4.33234405518	-1420
4.33235216141	-1316
4.33388710022	543
4.33556818962	-1368
4.33723020554	-1368
4.33901405334	-1368
4.3394010067	-1368
4.33973407745	-1368
4.34011006355	-1368
4.34015202522	-1368
4.34040617943	-1368
4.34075403214	-1420
4.34075808525	-1316
4.34100222588	-1420
4.34100699425	-1316
4.34277915955	-1368
4.3435151577	-1368
4.34450912476	-1368
4.34461402893	-1368
4.34472322464	543
4.34534215927	-1420
4.34534811974	-1316
4.34545207024	543
4.34670305252	-1368
4.34689903259	-1368
4.34741306305	-1368
4.34749221802	-1368
4.34881615639	-1420
4.34882903099	-1316
4.35077810287	-1420
4.35078406334	-1316
4.35160112381	-1368
4.35200309753	-1368
4.35282301903	-1420
4.35282707214	-1376
4.35329222679	-1368
4.35492801666	-1368
4.35543417931	-1368
4.47140717506	543
4.4770591259	-1210
4.49841117859	543
4.60127401352	-543
4.62843608856	543
4.66252303123	543
4.66364312172	543
4.72536921501	-543
4.72554421425	543
4.84953022003	-1086
4.85265922546	543
4.85285210609	543
4.9737432003	-1086
4.97397208214	543
4.97682499886	-1368
4.97690200806	-1368
4.97700500488	-1368
4.97738218307	-1368
4.9775121212	-1420
4.97751522064	-1316
4.97839212418	-1420
4.97839617729	-1420
4.97848200798	-1264
4.97848510742	-1368
4.98769712448	-1368
5.02327418327	-1368
5.0236120224	-1420
5.02361822128	-1316
5.02426719666	-1368
5.02464199066	-1368
5.0251891613	-1420
5.02519512177	-1420
5.02523422241	-1264
5.02608108521	-1368
5.02617311478	543
5.02664804459	-1368
5.03508615494	-1368
5.03578400612	-1368
5.03669714928	-1420
5.03673505783	-1316
5.04985308647	-1368
5.06066203117	-1368
5.07909011841	-1368
5.08040714264	-1420
5.08042216301	-1316
5.08310699463	-1368
5.08322310448	-1368
5.08332014084	543
5.08387112617	-1368
5.08445620537	-1420
5.08448719978	-1316
5.08684515953	-1368
5.08731222153	-1368
5.08806300163	-1368
5.08814311028	-1368
5.08968710899	-1420
5.08972811699	-1316
5.09073710442	-1368
5.09690403938	-1368
5.09786319733	-1346
5.10097002983	-1368
5.10307812691	-1368
5.10365319252	-1368
5.10397720337	-1368
5.10520911217	-1368
5.13069009781	-1368
5.15322613716	-1420
5.15324401855	-1316
5.15369319916	-1420
5.15369915962	-1316
5.15457415581	-1368
5.15701818466	-1368
5.15728116035	-1368
5.15763902664	-1368
5.15808010101	-1420
5.15808606148	-1316
5.15816116333	-1368
5.15825510025	543
5.15917015076	-1368
5.16503405571	-1420
5.16509199142	-1420
5.16509604454	-1264
5.17388415337	-1420
5.17390918732	-1316
5.17450213432	-1368
5.17469501495	-1368
5.17495918274	-1368
5.18039417267	-1368
5.18712306023	-1368
5.18739199638	543
5.18746113777	-1368
5.18759417534	-1420
5.18761920929	-1316
5.18854808807	-1368
5.19334816933	-1368
5.19345808029	543
5.19377303123	543
5.19576120377	-1368
5.19584107399	-1368
5.20851612091	-1368
5.22194600105	-808
5.25680303574	-1420
5.25682020187	-1420
5.25687599182	-1264
5.30587005615	-1368
5.32108402252	543
5.34624505043	-327
5.34879803658	543
5.35436916351	543
5.36405205727	543
5.47016501427	-543
5.47585916519	-1420
5.47590017319	-1420
5.4759042263	-1264
5.47642302513	-1368
5.47899913788	-1368
5.47962212563	-1368
5.479845047	-1368
5.48060703278	-1368
5.48074316978	-1420
5.48078012466	-1316
5.48311114311	-1368
5.49549508095	-1368
5.56849622726	-1368
5.56885313988	543
5.56895804405	1460
5.56902313232	111
5.58106708527	543
5.59403300285	-11
5.62499117851	-1368
5.62516403198	-1368
5.62717008591	-1368
5.62822818756	-1368
5.62834215164	-1420
5.62838101387	-1316
5.62882399559	-1368
5.62974119186	-1368
5.63095617294	-1368
5.63121819496	-1368
5.63178014755	-1420
5.63181900978	-1316
5.63289403915	-1420
5.63293910027	-1420
5.63294219971	-1264
5.63468599319	-1368
5.63477301598	543
5.65529203415	-1368
5.66871213913	-1368
5.71839022636	-462
5.74084115028	543
5.74146819115	543
5.77813410759	1057
5.77842903137	1057
5.84247303009	-1086
5.84269618988	543
5.84284114838	543
5.85701799393	543
5.94674706459	-1368
5.95653009415	-1368
5.9664311409	-522
5.97869300842	543
6.00223517418	543
6.00913715363	-1368
6.00994610786	-1368
6.01034808159	-1368
6.01104903221	-1420
6.01109600067	-1316
6.0115840435	-1368
6.01290512085	-1368
6.01300406456	-1368
6.01333212852	-1368
6.01413702965	-1368
6.01514911652	-1368
6.01602101326	-1368
6.01665401459	-1368
6.0167620182	-1368
6.01697421074	543
6.01714515686	543
6.01733708382	-1368
6.01918101311	-1368
6.01924300194	-1368
6.02000403404	-1368
6.02140617371	-1368
6.02396512032	-1420
6.02401900291	-1420
6.02402210236	-1264
6.02444720268	-1420
6.02445101738	-1316
6.02501320839	-1420
6.02501702309	-1316
6.02503705025	-1368
6.02561020851	-1368
6.02657818794	543
6.02677512169	543
6.02718710899	-1368
6.02775001526	-1368
6.03002214432	-1368
6.03042721748	-1368
6.03116512299	-1368
6.03136301041	-1368
6.03157615662	-1368
6.03892111778	-1368
6.04459500313	-1368
6.0448050499	1460
6.04485702515	111
6.0510160923	-1368
6.05290102959	-1368
6.05494308472	-1368
6.05680918694	-1368
6.0734910965	-1368
6.07364201546	543
6.09056305885	-571
6.1584880352	543
6.19286608696	-1368
6.19532704353	543
6.19632816315	543
6.19722819328	543
6.20794701576	-1420
6.20796298981	-1316
6.21465015411	-211
6.2189810276	-1368
6.21986818314	-1368
6.22850608826	543
6.28522515297	-1368
6.28595805168	-1368
6.28653502464	-1368
6.29402208328	543
6.30085611343	543
6.30106115341	-1368
6.31077408791	-1368
6.33868408203	-1139
6.35814499855	543
6.35846304893	543
6.35898804665	543
6.46269702911	-1086
6.46807408333	543
6.4682199955	543
6.48571801186	-1420
6.48572516441	-1316
6.49707221985	-1368
6.52326607704	-1368
6.53523015976	-1368
6.53543019295	543
6.53865814209	543
6.53977203369	543
6.55901217461	-1368
6.55956912041	543
6.58657622337	-393
6.58676099777	543
6.58736109734	543
6.66635322571	-1368
6.67816019058	543
6.67833900452	543
6.68228507042	543
6.68278503418	543
6.69348311424	-1420
6.69349002838	-1316
6.69361519814	543
6.69392800331	-1420
6.6939330101	-1316
6.70142221451	-1368
6.7105691433	-907
6.71268820763	-1368
6.73805809021	-1420
6.73809814453	-1316
6.7491672039	-1420
6.74921917915	-1316
6.75002622604	543
6.76691508293	-1368
6.81160402298	543
6.81837105751	543
6.83474802971	-335
6.84089612961	543
6.84148001671	543
6.92945504189	-1368
6.93845009804	543
6.94896221161	-1368
6.94918704033	543
6.9588701725	-522
6.96393418312	543
7.00154399872	-1420
7.00156402588	-1420
7.00162220001	-1264
7.0026640892	-1420
7.00269818306	-1316
7.00577902794	-1368
7.00596404076	-1368
7.01253318787	543
7.01533102989	-1368
7.01635909081	543
7.03742814064	-1420
7.03743815422	-1316
7.03802704811	-1368
7.03811311722	-1368
7.03845119476	-1368
7.04320406914	-1368
7.04969120026	543
7.0508351326	-1368
7.06506705284	543
7.06819009781	543
7.0686211586	543
7.06880116463	543
7.06907820702	1460
7.06913113594	111
7.07028412819	543
7.0830051899	-338
7.1417081356	-1368
7.14409303665	543
7.15773701668	-1368
7.15804100037	543
7.20728611946	-1036
7.23474812508	-1368
7.26104211807	-1420
7.2610681057	-1316
7.27120709419	543
7.3136382103	-1368
7.31386399269	543
7.31959605217	543
7.32970309258	543
7.33137917519	-414
7.33147907257	543
7.40756011009	-1368
7.40779519081	543
7.40826416016	-1368
7.40864706039	-1368
7.41924619675	-1368
7.42321610451	-1368
7.43002915382	543
7.43097805977	543
7.4558031559	-1218
7.50451016426	-1368
7.50799107552	543
7.50906801224	543
7.52151322365	-1368
7.53459620476	-1368
7.56743001938	-1368
7.57857012749	543
7.57983207703	-443
7.58221101761	543
7.59598302841	-1368
7.62944507599	-1368
7.63319921494	-1368
7.63339519501	-1420
7.63342809677	-1316
7.63449311256	-1368
7.63848018646	-1420
7.63848614693	-1316
7.63910222054	-1368
7.63970422745	543
7.64131402969	-1368
7.64216518402	-1368
7.64230513573	-1368
7.64333605766	-1420
7.64337611198	-1316
7.6440281868	-1420
7.64406013489	-1316
7.64533400536	-1368
7.64727210999	-1420
7.64727807045	-1316
7.6479370594	-1368
7.64935302734	-1368
7.65012407303	-1368
7.65035820007	-1368
7.65127015114	-1368
7.65181899071	-1368
7.65200805664	543
7.65316915512	-1368
7.65329813957	-1368
7.66608309746	-1368
7.67060399055	1057
7.67180609703	1057
7.70390415192	-697
7.74839019775	543
7.8143260479	-1368
7.82970905304	-1289
7.84159803391	-1368
7.84260511398	1057
7.84552407265	-1420
7.84553003311	-1316
7.84584712982	543
7.8466591835	-1368
7.84683704376	-1368
7.85403513908	-1420
7.85405421257	-1316
7.85718107224	543
7.95207619667	-82
7.95862603188	543
7.98362517357	-1368
7.98422408104	-1368
7.98721909523	-1368
7.98743915558	-1368
7.98801612854	-1368
7.98830699921	-1368
7.98902821541	-1420
7.98903417587	-1316
7.98963999748	-1368
7.989798069	-1368
7.99333405495	-1420
7.9933412075	-1316
8.01882719994	-1420
8.01884222031	-1316
8.01890015602	-1420
8.01890301704	-1420
8.01892900467	-1420
8.01893210411	-1212
8.01895499229	-1368
8.01895904541	-1420
8.01898407936	-1316
8.0189871788	-1368
8.01901006699	-1368
8.01901316643	-1368
8.01903605461	-1368
8.01903820038	-1420
8.01905417442	-1316
8.01905608177	-1420
8.01908922195	-1316
8.01909208298	-1368
8.01910710335	-1368
8.0191090107	-1368
8.0191321373	-1420
8.01913404465	-1316
8.01914906502	-1368
8.01915121078	-1368
8.01916599274	-1368
8.01942205429	543
8.01983809471	543
8.03047609329	-1368
8.03074216843	543
8.03543019295	-1368
8.03659820557	-1368
8.0393102169	-1420
8.03931522369	-1316
8.04005002975	-1368
8.04049921036	543
8.04072809219	-1420
8.04073214531	-1316
8.04126405716	543
8.04273319244	-1420
8.04273915291	-1316
8.05142521858	543
8.076141119	-442
8.11865019798	543
8.14517402649	-1368
8.15731501579	-1368
8.17944121361	-1368
8.19181799889	543
8.19208216667	543
8.20045804977	-240
8.24654722214	-1368
8.24930405617	-1420
8.24934315681	-1316
8.25006604195	-1368
8.25017499924	-1368
8.25088405609	-1420
8.25091409683	-1316
8.25132703781	-1368
8.25210404396	-1420
8.25210809708	-1316
8.25244116783	1057
8.25284910202	-1368
8.25725007057	-1368
8.26208806038	-1420
8.26210522652	-1316
8.26218819618	543
8.26289010048	-1368
8.26559019089	-1420
8.26563310623	-1316
8.26617622375	-1368
8.26737308502	-1368
8.26944804192	-1368
8.27018404007	-1368
8.27065706253	-1420
8.27069807053	-1316
8.2721850872	-1368
8.27371621132	-1420
8.27372217178	-1316
8.27411222458	-1368
8.2748541832	-1368
8.27544307709	-1368
8.27647805214	-1368
8.27739620209	-1368
8.27751421928	-1368
8.27756810188	-1368
8.27926206589	-1368
8.27954101562	543
8.27977013588	543
8.28140807152	-1368
8.28240609169	-1420
8.28243207932	-1316
8.28297805786	-1368
8.28589320183	-1420
8.28590321541	-1316
8.2900660038	-1368
8.3014421463	-1368
8.31030607224	-1420
8.31031799316	-1316
8.31120419502	-1420
8.31121015549	-1316
8.31369900703	-1368
8.3141181469	-1368
8.31469917297	-1420
8.31470322609	-1316
8.31547617912	-1368
8.31608104706	-1368
8.31629300117	543
8.31738901138	-1420
8.31739521027	-1316
8.31753706932	543
8.31881308556	-1420
8.31881809235	-1316
8.31938314438	-1368
8.31988716125	-1420
8.31990718842	-1316
8.32155203819	-1368
8.32289719582	-1368
8.32328605652	-1420
8.32332205772	-1420
8.32332515717	-1264
8.32337617874	-1368
8.32445311546	-564
8.32456302643	543
8.32529711723	-1368
8.32588005066	-1368
8.32590413094	-1368
8.32732415199	-1368
8.32770514488	-1368
8.33004999161	-1368
8.33027410507	-1420
8.33027720451	-1316
8.33146214485	-1368
8.33186411858	-1368
8.33312511444	-1368
8.33338618279	-1368
8.33570313454	543
8.33642721176	543
8.34337902069	-1420
8.34338617325	-1316
8.34752106667	-1420
8.34752607346	-1420
8.34757208824	-1264
8.35420703888	-1420
8.35423207283	-1316
8.35438513756	-1368
8.3548002243	-1420
8.35480618477	-1420
8.35484313965	-1420
8.35484600067	-1212
8.35526704788	-1368
8.35534501076	543
8.35753512383	-1420
8.35753917694	-1316
8.35876822472	-1420
8.35877203941	-1316
8.3588821888	-1368
8.35920119286	-1368
8.36093306541	-1368
8.37444019318	-1368
8.38278508186	543
8.44879508018	-1082
8.47054004669	-1368
8.47810912132	543
8.56803822517	543
8.5729970932	-804
8.57313609123	543
8.6410651207	543
8.66541814804	543
8.69717502594	-1086
8.70080208778	543
8.7581911087	543
8.82118105888	-1086
8.84174704552	-543
8.8798801899	-1368
8.8799071312	-1368
8.8915309906	-1368
8.90579104424	-1368
8.90597915649	543
8.93704104424	1057
8.94546604156	-986
8.97801613808	-1368
8.9780960083	-1368
8.97834420204	543
8.97886705399	-1368
8.97932219505	-1368
8.98075413704	543
8.98249101639	-1368
8.9858341217	-1420
8.98586320877	-1316
9.02362704277	-1368
9.02601099014	543
9.02702522278	543
9.03694319725	-1368
9.06935310364	-546
9.07000207901	1460
9.07004618645	1460
9.0700981617	707
9.18590712547	-543
9.19854712486	1460
9.19868707657	111
9.24034619331	1460
9.24044418335	625
9.25532507896	-543
9.28125	-1368
9.29208111763	543
9.29486107826	543
9.31502914429	-1368
9.31877207756	-1368
9.32515621185	-1368
9.34338402748	-1368
9.40505099297	-675
9.40730404854	543
9.41210222244	543
9.46164512634	-1368
9.47524809837	-1420
9.47530722618	-1316
9.52897810936	-696
9.52924203873	543
9.54824519157	-1368
9.56108212471	543
9.56227016449	-1368
9.58055710793	-1368
9.58123803139	1460
9.58129620552	625
9.58178305626	543
9.60860610008	-543
9.65523505211	-1368
9.66823410988	1057
9.67216801643	-986
9.7129650116	-1368
9.71391320229	1057
9.75774717331	-1368
9.7611541748	-1368
9.82972216606	-725
9.83090400696	543
9.83210706711	543
10.0171442032	-543
10.0173501968	543
10.1806080341	-543
10.2435221672	-1420
10.2435390949	-1316
10.2511510849	-1368
10.2520711422	543
10.3445692062	-725
10.3586862087	543
10.4637172222	-1368
10.464662075	543
10.4666171074	-543
10.4686541557	-1420
10.4686601162	-1316
10.4687941074	-1368
10.469479084	543
10.4916222095	-1368
10.539547205	-675
10.5416002274	543
10.5437412262	543
10.5606691837	543
10.7078871727	-543
10.7081010342	543
10.8538870811	-1368
10.8747260571	-804
10.8788850307	543
10.9229722023	543
11.0396821499	-1086
11.1298491955	-1420
11.1298761368	-1316
11.1300661564	543
11.1337652206	-1368
11.1456081867	-1368
11.1475682259	543
11.1638422012	-414
11.1666221619	543
11.2879920006	-543
11.288203001	543
11.3109760284	-1420
11.3109920025	-1316
11.3112771511	-1368
11.3197841644	-1368
11.3221120834	543
11.4123191833	-327
11.4253702164	543
11.4655730724	-1368
11.5364952087	-775
11.5939600468	-1368
11.5947270393	-1368
11.5954260826	-1420
11.5954291821	-1316
11.5961830616	-1368
11.6077320576	-1368
11.6598300934	-1368
11.660282135	-82
11.6712100506	543
11.6715400219	543
11.7842671871	-543
11.786123991	543
11.9477610588	-1086
12.0719001293	-543
12.1760640144	-1368
12.1766211987	543
12.1876530647	-1420
12.1876652241	-1316
12.1958169937	-182
12.2476789951	543
12.3386070728	543
12.3390710354	543
12.5328500271	-543
12.5330731869	543
12.6568980217	-1086
12.6571111679	543
12.65726614	543
12.6578290462	543
12.7813961506	-543
12.9961550236	1460
12.9962470531	1460
12.9962852001	707
12.9995481968	543
13.0001320839	543
13.0177881718	-543
13.0180079937	543
13.0465152264	-1368
13.0500230789	-1368
13.0507721901	-1368
13.0510020256	-1368
13.052118063	-1368
13.0524220467	-1368
13.0579431057	-1368
13.0739400387	-1368
13.0761930943	-1368
13.0769400597	-1368
13.0856380463	-1368
13.0952091217	543
13.1010839939	543
13.1015532017	543
13.12698102	543
13.1282691956	543
13.1287941933	543
13.1580531597	-1420
13.1580760479	-1316
13.1597311497	-1420
13.1597352028	-1316
13.1598842144	-1368
13.162071228	-1368
13.1630101204	-1368
13.1633501053	-1368
13.1705031395	-1266
13.1705901623	-1368
13.1706910133	1057
13.2325091362	-1368
13.2581231594	-1368
13.272518158	-1368
13.2947402	-385
13.2982702255	543
13.3119430542	-1368
13.3141050339	-1420
13.314191103	-1420
13.3141942024	-1264
13.3142330647	-1420
13.3142361641	-1420
13.3142690659	-1264
13.3155601025	-1420
13.3156070709	-1316
13.3157291412	-1368
13.3158612251	-1420
13.3158731461	-1316
13.3159720898	543
13.3160181046	-1368
13.3161480427	543
13.3162901402	543
13.3201081753	-1420
13.3201181889	-1420
13.3201541901	-1264
13.3338592052	-1420
13.3339281082	-1420
13.333933115	-1264
13.3368000984	543
13.3368771076	-1420
13.336879015	-1316
13.3368811607	-1368
13.3373031616	543
13.3381931782	-1420
13.3382081985	-1316
13.3382620811	-1368
13.3408050537	-1420
13.3408582211	-1316
13.3410511017	-1368
13.3446991444	-1368
13.3455030918	-1420
13.3455531597	-1420
13.3455550671	-1264
13.3501400948	-1420
13.3501532078	-1420
13.3502030373	-1264
13.3510460854	-1420
13.3510930538	-1316
13.3518431187	543
13.3520040512	-1368
13.3520731926	543
13.3526000977	-1368
13.353880167	-1368
13.3541750908	543
13.3547720909	-1368
13.3554661274	-1368
13.3559470177	-1368
13.3566091061	-1368
13.3567321301	-1420
13.3567349911	-1316
13.3574421406	543
13.3583850861	-1368
13.3606081009	-1420
13.3606472015	-1316
13.3621311188	-1420
13.3621921539	-1420
13.3621940613	-1264
13.3622322083	-1368
13.3627800941	-1368
13.362858057	-1420
13.3628611565	-1316
13.3660941124	-1420
13.3660981655	-1420
13.3661370277	-1264
13.3662910461	543
13.3680591583	-1420
13.3680651188	-1420
13.368117094	-1264
13.3681280613	-1368
13.3703579903	-1368
13.3709001541	-1368
13.379622221	-1368
13.4267511368	-1420
13.4267630577	-1316
13.4358181953	-208
13.4360361099	543
13.4361371994	1460
13.4362010956	1139
13.4525351524	-1368
13.4580950737	543
13.4582111835	1460
13.4582841396	1139
13.4637880325	-1368
13.4761281013	-1368
13.4950721264	-1420
13.4950890541	-1316
13.4955251217	-1368
13.4980540276	-1368
13.4981532097	543
13.498303175	-1368
13.4988970757	-1368
13.4995980263	-1420
13.4996042252	-1316
13.5001780987	-1368
13.502240181	-1420
13.5022799969	-1316
13.5044701099	543
13.5462801456	-1368
13.5500261784	-1420
13.5500891209	-1316
13.55103302	-1420
13.5510721207	-1316
13.5510840416	-1368
13.5541961193	-1420
13.5542011261	-1420
13.5542430878	-1264
13.555090189	-1420
13.5551280975	-1316
13.5555500984	-1420
13.55560112	-1420
13.5556051731	-1264
13.5564110279	-1420
13.5564160347	-1316
13.5576581955	-1368
13.5604431629	-386
13.5745031834	-1368
13.6057181358	-1368
13.6059191227	543
13.6302361488	1057
13.6314821243	543
13.6404600143	-1368
13.6410372257	-1368
13.6485490799	543
13.6507041454	543
13.6841270924	-1368
13.6843550205	-646
13.6914281845	543
13.6921970844	543
13.7276160717	-1368
13.7276320457	-1368
13.832337141	543
13.8329870701	543
13.8516662121	-978
13.8535940647	543
13.854170084	543
13.8617191315	-1368
13.8739931583	-1368
13.90843606	-1368
13.909771204	-1420
13.9098181725	-1420
13.9098210335	-1264
13.9159371853	-1368
13.9161760807	543
13.969974041	-1368
13.9758322239	-741
14.00101614	543
14.0012919903	543
14.0216181278	543
14.0384521484	-1368
14.0582480431	-1368
14.0623121262	-1368
14.0628631115	-1368
14.0638670921	-1368
14.0638711452	-1368
14.0672261715	-1420
14.0672430992	-1316
14.0892190933	-1368
14.099820137	-575
14.148017168	-1368
14.1887111664	543
14.2239022255	-1347
14.2241950035	543
14.27227211	-1368
14.2728919983	-1368
14.2741482258	-1368
14.2762961388	-1368
14.2765011787	-1420
14.2765090466	-1316
14.2769081593	-1368
14.2777161598	-1420
14.2777540684	-1316
14.2783651352	-1368
14.2791540623	-1368
14.2802891731	-1420
14.2803401947	-1316
14.2803430557	-1368
14.2808570862	-1368
14.2825541496	543
14.2829720974	-1368
14.2838301659	-1368
14.2853591442	-1420
14.2853651047	-1316
14.2862222195	-1420
14.2862291336	-1316
14.2867980003	-1368
14.2881560326	-1368
14.2903001308	543
14.2959852219	-1368
14.3066260815	-1368
14.3072741032	-1368
14.307349205	543
14.3079590797	-1420
14.3079650402	-1316
14.3101460934	-1420
14.3101530075	-1316
14.3106942177	-1368
14.3109381199	-1420
14.3109920025	-1316
14.3109951019	-1368
14.3116691113	-1368
14.3117229939	-1368
14.3125782013	-1368
14.3164730072	-1368
14.3165252209	-1368
14.3176031113	-1368
14.3177912235	-1368
14.3182771206	-1368
14.3184361458	-1368
14.3188881874	-1368
14.3205780983	-1420
14.3205862045	-1316
14.320743084	543
14.3209471703	-1368
14.3219611645	-1420
14.3219971657	-1316
14.3220961094	-1420
14.3221251965	-1316
14.3221521378	543
14.3229269981	-1368
14.3230361938	-1368
14.324324131	-1368
14.3262081146	-1368
14.3267450333	-1368
14.3268530369	-1420
14.3268899918	-1316
14.3282420635	-1420
14.3282721043	-1316
14.3284180164	-1368
14.3301680088	-1420
14.3301742077	-1316
14.3308310509	-1368
14.3325130939	-1420
14.3325510025	-1316
14.333684206	-1368
14.333835125	-1368
14.3348011971	-1420
14.3348400593	-1420
14.3348431587	-1264
14.33573699	-1420
14.3357410431	-1316
14.3357942104	543
14.3359291553	543
14.3460860252	-1368
14.3478250504	-1015
14.3788940907	543
14.471873045	-543
14.4720611572	543
14.4723231792	1460
14.4723680019	1460
14.472413063	707
14.4800601006	543
14.5487420559	543
14.5960299969	-543
14.5993242264	543
14.6042001247	1460
14.6042721272	1460
14.6043071747	707
14.6234951019	-1420
14.6235160828	-1420
14.6235721111	-1264
14.6361970901	-1368
14.7079770565	543
14.720085144	-327
14.7504541874	543
14.7580971718	543
14.8099570274	-1368
14.8193631172	543
14.8202881813	1460
14.8203401566	1460
14.8203752041	707
14.8443441391	-261
14.8702340126	-1368
14.8952050209	-1420
14.895222187	-1316
14.9007019997	543
14.9008340836	543
14.9012031555	1460
14.9012482166	1460
14.9012820721	707
14.9024300575	1460
14.902477026	625
14.9459881783	543
14.9561371803	-1368
14.9686231613	-1420
14.9686620235	-109
14.9827430248	-1368
15.0055119991	-1420
15.0055291653	-1316
15.0164861679	-1368
15.0170350075	543
15.0174190998	543
15.0176250935	543
15.0181851387	543
15.0764272213	-1368
15.0822601318	-1368
15.0927050114	-907
15.116631031	-1368
15.1170351505	-1368
15.117991209	-1420
15.1180400848	-1316
15.127820015	-1368
15.1647851467	-1368
15.1683521271	-1368
15.1693041325	-1368
15.1697452068	-1368
15.1781480312	1057
15.1841800213	-1368
15.1965191364	-1368
15.200633049	-1368
15.2082400322	-1368
15.2167310715	-562
15.2169380188	543
15.2484691143	-1368
15.2589111328	-1368
15.262335062	-1368
15.2764952183	-1368
15.2990620136	1057
15.2996380329	543
15.3259701729	-1368
15.3395221233	1057
15.3408181667	-132
15.3412680626	1057
15.3417780399	543
15.4649260044	-1086
15.5428152084	-1368
15.543005228	1057
15.554762125	-1368
15.5892000198	-1007
15.7123930454	-1368
15.71342206	-804
15.7405660152	-1420
15.7405810356	-1316
15.7481441498	1057
15.7482039928	-1368
15.759114027	-1368
15.7623209953	-1368
15.7682261467	543
15.7720711231	543
15.7743000984	543
15.7825231552	-1368
15.8374202251	-907
15.8580009937	543
15.9282000065	543
15.9572629929	-1420
15.9572880268	-1316
15.9613790512	-1007
15.9665050507	-1368
16.0122921467	-1368
16.0305981636	543
16.0310971737	543
16.0313131809	543
16.0480930805	543
16.0483191013	543
16.0721371174	-1368
16.085283041	-211
16.0854620934	543
16.2003881931	-1368
16.2006020546	543
16.2093482018	-261
16.3333640099	-543
16.4284911156	543
16.4409310818	543
16.4425301552	543
16.4485650063	543
16.4574801922	-543
16.5717680454	543
16.5718681812	543
16.5815401077	-1086
16.5854370594	-1368
16.5925970078	-1420
16.5926032066	-1316
16.6044440269	-1420
16.6044502258	-1316
16.6047251225	-1368
16.605451107	-1368
16.6062521935	-1368
16.6083772182	-1368
16.6094360352	-1368
16.6097722054	-1368
16.6105020046	-1368
16.6185870171	-1420
16.6186230183	-1316
16.6943500042	-1368
16.7094740868	-338
16.7310791016	1460
16.7311692238	1460
16.7312130928	193
16.7381980419	543
16.7384610176	543
16.7554252148	543
16.8019430637	1057
16.8199300766	1057
16.8334422112	-1086
16.833532095	543
16.924352169	-1368
16.9244971275	543
16.924626112	543
16.9581201077	-1347
17.0641741753	-1368
17.0644590855	543
17.0823180676	-261
17.1163461208	-1368
17.2062602043	-804
17.2065172195	543
17.2588751316	-1420
17.2589030266	-1420
17.2589511871	-1264
17.3099720478	-1368
17.314357996	543
17.326952219	-1368
17.3307821751	1460
17.3308320045	111
17.3571460247	-1368
17.3576691151	-1368
17.3580322266	-1368
17.3602261543	1460
17.3603410721	1139
17.3685891628	-1368
17.3831372261	-1002
17.5071020126	-543
17.5116350651	543
17.6171350479	-1368
17.6176872253	-1368
17.6294531822	-1368
17.6412780285	-1368
17.67172122	-957
17.6780052185	543
17.6785771847	1460
17.678686142	625
