0	543
3.6608569622	1057
3.99017000198	-543
4.01606011391	-1368
4.12662196159	-203
4.17408418655	-1368
4.17423701286	-1368
4.17477011681	-1368
4.17485809326	-1368
4.17498517036	-1368
4.18350505829	1057
4.20285701752	-1368
4.22397613525	1368
4.23172807693	1368
4.26473808289	-1160
4.32074308395	435
4.332447052	-1368
4.33255410194	-1368
4.33295416832	-1368
4.33301401138	-1368
4.33304905891	-1368
4.33346700668	-1368
4.33362603188	-1368
4.33371210098	-1368
4.33389306068	-1368
4.33401203156	-1368
4.33863210678	1368
4.36081719398	-1368
4.44656610489	-604
4.44678711891	1368
4.47550415993	464
4.49168205261	-1368
4.49179410934	-1368
4.4921631813	-1368
4.49219608307	-1368
4.49243211746	-1368
4.51177215576	-1368
4.51184296608	-1368
4.52242302895	-1368
4.52257609367	-1368
4.52259302139	-1368
4.52336406708	-1368
4.58314108849	-32
4.61442112923	-1368
4.61453819275	-1368
4.61557912827	-1368
4.64171218872	-1368
4.64944696426	543
4.68258213997	-1368
4.6826031208	-1368
4.68264913559	-1368
4.68644618988	-1368
4.68887519836	-1368
4.68897104263	-1368
4.68989419937	-1368
4.69119501114	-1368
4.6926009655	-1368
4.69270205498	-1368
4.69348502159	1368
4.69425415993	-1368
4.69438099861	-1368
4.694409132	-1368
4.70006012917	-1368
4.70010304451	-1368
4.70015311241	-1368
4.71980214119	-1345
4.72008109093	1368
4.73299908638	1368
4.80733299255	-1368
4.80737018585	696
4.80948400497	-1368
4.81066608429	-1368
4.81079697609	-1368
4.83190011978	-1368
4.8319580555	-1368
4.83205199242	-1368
4.85366010666	1368
4.85679197311	-878
4.96043109894	-543
4.98905611038	232
4.99979710579	543
4.99988603592	543
5.03495907784	-1057
5.08838796616	-543
5.10175919533	-1368
5.12700510025	-1368
5.12709403038	-1368
5.12942910194	1057
5.17174911499	-696
5.22481298447	-1368
5.34439015388	-1368
5.34648919106	543
5.35056614876	-949
5.5072851181	-1368
5.50776696205	-1368
5.50797104836	-1368
5.50815200806	-1368
5.50870800018	-1368
5.50882601738	-1368
5.51196503639	-1368
5.51268696785	-1368
5.51277208328	-1368
5.51284217834	-1368
5.51603412628	-1368
5.51607203484	-1368
5.51645207405	-1368
5.5182261467	-1368
5.51830911636	-1368
5.5207760334	-1368
5.52107214928	543
5.52298617363	-1368
5.52454900742	-1368
5.52693796158	-1368
5.53437018394	-1368
5.53445911407	-1368
5.5344851017	-1368
5.54655599594	-636
5.57470607758	-543
5.68215107918	-1368
5.72306418419	-717
5.86002612114	-1057
5.86422109604	543
5.86853814125	1368
5.86875104904	1368
5.86875700951	1368
5.86890602112	1368
5.86891102791	1368
5.86967301369	1368
5.93816518784	1368
5.95654416084	1368
6.00554299355	1139
6.04181003571	1368
6.17989206314	746
6.19596600533	-1368
6.19601106644	-1231
6.20341300964	-1368
6.20471715927	-1368
6.20487999916	-1368
6.20504617691	-1368
6.21279907227	-1368
6.2129380703	-1368
6.21309113503	-1368
6.21351099014	-1368
6.21368503571	-1368
6.2143611908	-1368
6.21510505676	-1368
6.21533107758	-1368
6.21590900421	-1368
6.21609115601	-1368
6.21615219116	-1368
6.21647310257	-1368
6.21664404869	-1368
6.21670103073	-1368
6.21688818932	-1368
6.22327804565	-1368
6.22339105606	-1368
6.22343015671	-1368
6.27826213837	1368
6.30892896652	1368
6.33252906799	-636
6.33256316185	464
6.35502314568	-1368
6.35522913933	-1368
6.36076712608	-1368
6.36079216003	-1368
6.36082696915	-1368
6.36119103432	-1368
6.36121606827	-1368
6.36127209663	-1368
6.36180400848	-1368
6.36213612556	-1368
6.362169981	-1368
6.36224412918	-1368
6.36235117912	-1368
6.3624830246	-1368
6.36278009415	-1368
6.36285209656	-1368
6.36313199997	-1368
6.36343717575	-1368
6.36390399933	-1368
6.36392712593	-1368
6.36443519592	-1368
6.36458897591	-1368
6.36465907097	-1368
6.38343000412	-1368
6.38347005844	-1368
6.38362407684	-1368
6.41907715797	-1368
6.41917419434	-1368
6.47060608864	-710
6.47064208984	1057
6.51715302467	-1368
6.52386307716	-1368
6.52395701408	-1368
6.52533602715	-1368
6.52540111542	-1368
6.52557206154	-1368
6.5285410881	-1368
6.52871012688	-1368
6.52888417244	-1368
6.52992606163	-1368
6.5313410759	-1368
6.53281903267	-1368
6.53289914131	-1368
6.53325915337	-1368
6.53430914879	-1368
6.53451800346	-1368
6.53458714485	-1368
6.53774905205	-1368
6.53782916069	-1368
6.53788900375	-1368
6.5413069725	-1368
6.54141306877	-1368
6.54148197174	-1368
6.54282212257	-1368
6.54310107231	-1368
6.60752105713	-1158
6.60755109787	1086
6.68506717682	-1368
6.68512511253	-1368
6.68952417374	-1368
6.69292712212	-1368
6.69296216965	-1368
6.69647598267	-1368
6.70144510269	-1368
6.7016210556	-1368
6.70164513588	-1368
6.70294713974	-1368
6.70308804512	-1368
6.70316910744	-1368
6.70604801178	-1368
6.7074201107	-1368
6.70886301994	-1368
6.70892906189	-1368
6.70895504951	-1368
6.71043014526	-1368
6.71053314209	-1368
6.71069216728	-1368
6.71655702591	-1368
6.71667814255	-1368
6.71677708626	-1368
6.71800017357	-1368
6.71822714806	-1368
6.74458098412	-188
6.74461007118	1086
6.74631619453	-1368
6.74642419815	-1368
6.83137917519	-1368
6.83140611649	-1368
6.83143401146	-1368
6.83645009995	-1368
6.83650898933	-1368
6.83659601212	-1368
6.83714699745	-1368
6.83724808693	-1368
6.83749604225	-1368
6.83758115768	-1368
6.83769512177	-1368
6.83778500557	-1368
6.83789396286	-1368
6.83799815178	-1368
6.83821606636	-1368
6.83868503571	-1368
6.83908414841	-1368
6.83918619156	-1368
6.83970713615	-1368
6.83976101875	-1368
6.83988904953	-1368
6.84094119072	-1368
6.84101700783	-1368
6.84125304222	-1368
6.85333299637	1368
6.85334396362	1368
6.85891509056	-1368
6.85893511772	-1368
6.85906219482	-1368
6.88157105446	-884
6.88160514832	949
6.90311908722	-1368
6.90314006805	-1368
6.9938480854	-1368
6.99388098717	-1368
6.99401712418	-1368
6.99559116364	-1368
6.99619913101	-1368
6.99629712105	-1368
6.99645209312	-1368
6.9971241951	-1368
6.99733519554	-1368
6.99744415283	-1368
6.9994301796	-1368
6.99950504303	-1368
6.99970197678	-1368
6.99985599518	543
6.9998819828	543
6.99990415573	543
7.00055503845	-1368
7.00144004822	-1368
7.00150299072	-1368
7.00168204308	-1368
7.00197410583	-1368
7.00200414658	-1368
7.00224900246	1368
7.00256609917	-1368
7.00728011131	-1368
7.00748801231	-1368
7.01853609085	-984
7.01856017113	232
7.02173399925	-1368
7.02175807953	-1368
7.02204608917	-1368
7.04944300652	-1368
7.04960417747	-1368
7.15214204788	-1368
7.15223097801	-1368
7.15224313736	-1368
7.15351200104	-1368
7.15369415283	-1368
7.15378713608	-1368
7.15456819534	-1368
7.15470910072	-1368
7.15512919426	-1368
7.15527701378	-1368
7.1553041935	-1368
7.15544509888	-1368
7.15553307533	-1368
7.1559510231	-1366
7.15596318245	543
7.15640306473	-1368
7.15660119057	-1368
7.15666604042	-1368
7.15779399872	-1368
7.1578271389	-1368
7.15789103508	-1368
7.15909314156	-1368
7.15925002098	-1368
7.16039204597	-1368
7.18166708946	-1368
7.18173718452	-1368
7.18192601204	-1368
7.20684099197	-1368
7.20697999001	-1368
7.29275798798	-1155
7.29309606552	1057
7.3070089817	-1368
7.30708408356	-1368
7.31156301498	-1368
7.31160712242	-1368
7.31168413162	-1368
7.31223011017	-1368
7.31225800514	-1368
7.31241416931	-1368
7.31248807907	-1368
7.31263303757	-1368
7.31274914742	-1368
7.31311011314	-1368
7.3131980896	-1368
7.31336116791	-1368
7.31372117996	-1368
7.3138461113	-1368
7.31396698952	-1368
7.31432819366	-1368
7.31450510025	-1368
7.31465315819	-1368
7.31748700142	-1368
7.31763219833	-1368
7.31784105301	-1368
7.31849598885	-1368
7.31865906715	-1368
7.31902003288	-1368
7.33523511887	-1368
7.33537507057	-1368
7.33539700508	-1368
7.42997908592	-942
7.43000912666	543
7.46409106255	-1368
7.46424412727	-1368
7.47123503685	-1368
7.47188019753	-1368
7.47196698189	-1368
7.4721300602	-1368
7.47940707207	-1368
7.4794511795	-1368
7.48019313812	-1368
7.4807600975	-1368
7.48079204559	-1368
7.48094201088	-1368
7.48219799995	-1368
7.48222303391	-1368
7.48267507553	-1368
7.48469018936	1368
7.48520612717	1368
7.48533296585	-1368
7.48547101021	-1368
7.48564314842	-1368
7.48624110222	-1368
7.48645210266	-1368
7.48702716827	-1368
7.48790216446	-1368
7.48797917366	-1368
7.48817300797	-1368
7.48827600479	-1368
7.48849606514	-1368
7.48855900764	-1368
7.49092912674	-1368
7.49095201492	-1368
7.49123597145	-1368
7.52133202553	-1368
7.52139210701	-1368
7.52255702019	-1368
7.56667208672	-183
7.56670117378	1007
7.62759518623	-1368
7.62770605087	-1368
7.63516616821	-1368
7.63619709015	-1368
7.6362760067	-1368
7.63782215118	-1368
7.63900017738	-1368
7.63908314705	-1368
7.6399769783	-1368
7.64087319374	-1368
7.64098119736	-1368
7.64186811447	-1368
7.64345407486	-1368
7.64361405373	-1368
7.64510917664	-1368
7.64534401894	-1368
7.64554810524	-1368
7.64804005623	-1368
7.64806604385	-1368
7.64813899994	-1368
7.65024209023	-1368
7.65034008026	-1368
7.65052509308	-1368
7.65690803528	-1368
7.65708208084	-1368
7.65727996826	-1368
7.65733718872	-1368
7.69572019577	-1368
7.69586515427	-1368
7.69659113884	-1368
7.70357918739	-117
7.70360612869	1086
7.7185921669	-543
7.7901070118	-1368
7.79024910927	-1368
7.79083204269	-1368
7.79768013954	-1368
7.79781508446	-1368
7.80396413803	-1368
7.80566000938	-1368
7.80579018593	-1368
7.80726099014	-1368
7.80840015411	-1368
7.80850100517	-1368
7.8092520237	-1368
7.80950307846	-1368
7.80952906609	-1368
7.81137299538	-1368
7.81156516075	-1368
7.81166911125	-1368
7.81377911568	-1368
7.81391501427	-1368
7.81400918961	-1368
7.81611704826	-1368
7.81613302231	-1368
7.81640601158	1368
7.81643104553	-1368
7.81769514084	-1368
7.81791114807	-1368
7.8179371357	-1368
7.81877303123	-1368
7.84071111679	-51
7.84073996544	232
7.85252714157	-1368
7.85268712044	-1368
7.85272717476	-1368
7.91243100166	-543
7.93840312958	-1368
7.93843102455	-1368
7.94566297531	-1368
7.94653511047	-1368
7.94674801826	-1368
7.94678497314	-1368
7.94688606262	-1368
7.9471051693	-1368
7.94728207588	-1368
7.94733715057	-1368
7.94749999046	-1368
7.95027208328	-1368
7.95031905174	-1368
7.95043301582	-1368
7.95107316971	-1368
7.95108604431	-1368
7.95132303238	-1368
7.9521510601	-1368
7.95220804214	-1368
7.95227313042	-1368
7.95271611214	-1368
7.95278000832	-1368
7.95294618607	-1368
7.95324015617	-1368
7.9669251442	-1368
7.96701097488	-1368
7.96708607674	-1368
7.97722315788	-117
7.99188899994	543
8.00894618034	1368
8.00926113129	1368
8.00943517685	1368
8.00944304466	1368
8.00968718529	1368
8.0096950531	1368
8.01039600372	-1368
8.0105240345	-1368
8.01054906845	-1368
8.03784203529	-1368
8.03788018227	-1368
8.04916119576	-543
8.10240912437	-1368
8.10246515274	-1368
8.10253500938	-1368
8.10623717308	-1368
8.10631799698	-1368
8.10643696785	-1368
8.10849118233	-1368
8.10853815079	-1368
8.10857009888	-1368
8.1096739769	-1368
8.10969400406	-1368
8.10981106758	-1368
8.10989809036	1368
8.1110470295	-1368
8.11110806465	-1368
8.11117219925	-1368
8.11262106895	-1368
8.1126601696	-1368
8.1126871109	-1368
8.11331796646	-1368
8.11349916458	-1368
8.11399817467	-1368
8.11403918266	-876
8.11500000954	-1368
8.11522197723	-1368
8.11524796486	-1368
8.11585712433	-1368
8.11595606804	-1368
8.11599898338	-1368
8.14625501633	480
8.16962003708	-1368
8.16986012459	-1368
8.16991019249	-1368
8.23778915405	-1368
8.23783397675	-1368
8.25074315071	-1089
8.26328396797	-1368
8.26333618164	-1368
8.2634601593	-1368
8.26412701607	-1368
8.26427316666	-1368
8.26431703568	-1368
8.26560711861	-1368
8.2656211853	-1368
8.26577806473	-1368
8.26721906662	-1368
8.26737117767	-1368
8.26743102074	-1368
8.2688369751	-1368
8.26894402504	-1368
8.26910305023	-1368
8.26989412308	-1368
8.26999402046	-1368
8.2700381279	-1368
8.27072906494	-1368
8.27090597153	-1368
8.27101111412	1368
8.27149415016	-1368
8.27304196358	-1368
8.27308416367	-1368
8.27383899689	-1368
8.29814910889	-1368
8.29818296432	232
8.29828119278	-1368
8.29843306541	-1368
8.35605812073	-1368
8.35608506203	-1368
8.35612916946	-1368
8.40326809883	-660
8.42194414139	-1368
8.42203116417	-1368
8.42266511917	-1368
8.42284798622	-1368
8.42306017876	-1368
8.42321801186	-1368
8.42336606979	-1368
8.42361617088	-1368
8.42367100716	-1368
8.42573213577	-1368
8.42581915855	-1368
8.42630505562	-1368
8.42730402946	-1368
8.42741107941	-1368
8.42831015587	-1368
8.42847013474	-1368
8.42859816551	-1368
8.42972111702	-1368
8.42980217934	-1368
8.42994403839	-1368
8.43148803711	-1368
8.43274211884	-1368
8.43290710449	-1368
8.43417406082	-1368
8.43427610397	-1368
8.43439507484	-1368
8.43555998802	-1368
8.43558096886	1086
8.44959998131	-1368
8.44975304604	-1368
8.4498090744	-1368
8.47783517838	-1368
8.47788310051	-1368
8.47794508934	-1368
8.51447105408	-1368
8.51464009285	-1368
8.51474499702	-1368
8.539935112	-249
8.57782411575	-1368
8.57786107063	543
8.57787799835	-1368
8.58244419098	-1368
8.58251214027	-1368
8.58264112473	-1368
8.58539199829	-1368
8.58548498154	-1368
8.58574199677	-1368
8.58772110939	-1368
8.58784818649	-1368
8.5879201889	-1368
8.58933997154	-1368
8.58947300911	-1368
8.58953213692	-1368
8.59139299393	-1368
8.59146213531	-1368
8.5922191143	-1368
8.59381103516	-1368
8.59388613701	-1368
8.59393215179	-1368
8.59674715996	-1368
8.59677696228	-1368
8.59693002701	-1368
8.59850597382	-1368
8.59855508804	-1368
8.59864997864	-1368
8.60644006729	-1368
8.63238501549	-1368
8.63254213333	-1368
8.67640113831	-942
8.67667412758	1368
8.67916607857	-1368
8.67930912971	-1368
8.68024802208	-1368
8.7358751297	-1368
8.73592710495	261
8.7359380722	-1368
8.73611497879	-1368
8.7388021946	-1368
8.73889803886	-1368
8.73914909363	-1368
8.73947119713	-1368
8.73949718475	-1368
8.739757061	-1368
8.74000811577	-1368
8.74004817009	-1368
8.74027299881	-1368
8.74145197868	-1368
8.74147415161	-1368
8.74194717407	-1368
8.74218702316	-1368
8.7422850132	-1368
8.74257206917	-1368
8.74277496338	-1368
8.74285006523	-1368
8.74312210083	-1368
8.74360704422	-1368
8.74373817444	-1368
8.74377012253	-1368
8.74404501915	-1368
8.74414300919	-1368
8.74424099922	-1368
8.76382899284	-1368
8.76389718056	-1368
8.7639939785	-1368
8.80294203758	-1368
8.8029961586	-1368
8.803191185	-1368
8.81287407875	-249
8.84197497368	-1368
8.84209799767	-1368
8.8421831131	-1368
8.84248113632	1368
8.89428305626	-1368
8.89433097839	261
8.89447307587	-1368
8.89578509331	-1368
8.89743900299	-1368
8.89767003059	-1368
8.89772510529	-1368
8.89830899239	-1368
8.89854812622	-1368
8.89928102493	-1368
8.89936614037	-1368
8.89942598343	-1368
8.89956212044	-1368
8.89974808693	-1368
8.89986610413	-1368
8.90002417564	-1368
8.90052103996	-1368
8.90066814423	-1368
8.9006960392	-1368
8.90085196495	-1368
8.90105104446	-1368
8.90125918388	-1368
8.90139818192	-1368
8.90150213242	-1368
8.90167212486	-1368
8.90201115608	-1368
8.90218114853	-1368
8.90267896652	-1368
8.92345309258	-1368
8.92355418205	-1368
8.92365217209	-1368
8.94933819771	-183
8.96258807182	-1368
8.96264600754	-1368
8.96300411224	-1368
8.9635951519	-1368
8.9637761116	-1368
9.03111410141	1086
9.05301499367	-1368
9.05308008194	-1368
9.05313396454	-1368
9.05772900581	-1368
9.05777311325	-1368
9.05788707733	-1368
9.05808615685	-1368
9.05825901031	-1368
9.05832004547	-1368
9.05917811394	-1368
9.05923819542	-1368
9.05929613113	-1368
9.05968403816	-1368
9.05984115601	-1368
9.05993199348	-1368
9.06077218056	-1368
9.06089806557	-1368
9.06100416183	-1368
9.06197404861	-1368
9.06208705902	-1368
9.06212306023	-1368
9.06252217293	-1368
9.06254315376	-1368
9.06273603439	-1368
9.06276416779	-1368
9.0628349781	-1368
9.06288719177	-1368
9.06301498413	1368
9.08164811134	-1368
9.08177518845	-1368
9.08189296722	-1368
9.08694005013	-1074
9.1193420887	-1368
9.11939406395	-1368
9.11956810951	-1368
9.14763712883	-1368
9.14772105217	-1368
9.14774608612	-1368
9.20006108284	261
9.2160320282	-1368
9.21614909172	-1368
9.2167840004	-1368
9.21700119972	-1368
9.21714019775	-1368
9.21734118462	-1368
9.21791696548	-1368
9.21796417236	-1368
9.21813702583	-1368
9.21846199036	-1368
9.2184920311	-1368
9.21871614456	-1368
9.21912908554	-1368
9.21918296814	-1368
9.21952319145	-1368
9.22001719475	-1368
9.22004818916	-1368
9.22018504143	-1368
9.22028207779	-1368
9.22046518326	-1368
9.22054719925	-1368
9.22074699402	-1368
9.22080898285	-1368
9.2209341526	-1368
9.22121810913	-1368
9.2213549614	-1368
9.2214050293	-1368
9.22382616997	-183
9.24383115768	-1368
9.24389004707	-1368
9.24400615692	-1368
9.27100896835	-1368
9.27104496956	-1368
9.27111816406	-1368
9.27278900146	1368
9.30931305885	-1368
9.30941510201	-1368
9.30994009972	-1368
9.36013913155	-198
9.36017513275	261
9.36437296867	-1368
9.36462306976	-1368
9.37196612358	-1368
9.37280201912	-1368
9.37292814255	-1368
9.37442016602	-1368
9.37452197075	-1368
9.37467503548	-1368
9.37495613098	-1368
9.37505817413	-1368
9.37508296967	-1368
9.37535715103	-1368
9.37556219101	-1368
9.37559103966	-1368
9.37664318085	-1368
9.37672305107	-1368
9.3767850399	-1368
9.37728619576	-1368
9.37733602524	-1368
9.37749505043	-1368
9.37807607651	-1368
9.37813997269	-1368
9.37832808495	-1368
9.37887811661	-1368
9.37898302078	-1368
9.37903809547	-1368
9.37917613983	-1368
9.37949609756	-1368
9.3795940876	-1368
9.379748106	-1368
9.39167809486	-1368
9.39177298546	-1368
9.43649816513	-1368
9.43659710884	-1368
9.43673610687	-1368
9.496997118	-1074
9.49702596664	1086
9.51595807076	-1368
9.51608800888	-1368
9.53019809723	-1368
9.53113412857	-1368
9.53116703033	-1368
9.53142404556	-1368
9.53236603737	-1368
9.5324780941	-1368
9.53275918961	-1368
9.53300499916	-1368
9.53316617012	-1368
9.5332570076	-1368
9.53344011307	-1368
9.53362298012	-1368
9.53385806084	-1368
9.53453707695	-1368
9.53466105461	-1368
9.53489899635	-1368
9.53513813019	-1368
9.53522801399	-1368
9.53785300255	-1368
9.53797197342	-1368
9.53810596466	-1368
9.53880214691	-1368
9.53894305229	-1368
9.53914403915	-1368
9.53917717934	-1368
9.53936719894	-1368
9.53939414024	-1368
9.53952002525	-1368
9.53996610641	1368
9.54305696487	-1368
9.54308319092	-1368
9.5432779789	-1368
9.57046508789	-1368
9.57049798965	-1368
9.57066011429	-1368
9.62284207344	-1368
9.62292504311	-1368
9.6229391098	-1368
9.63322401047	1368
9.63393902779	-315
9.63395500183	493
9.67882800102	-1368
9.67903709412	-1368
9.69061017036	-1368
9.69097018242	-1368
9.69099998474	-1368
9.69144916534	-1368
9.69237804413	-1368
9.69240403175	-1368
9.6929461956	-1368
9.69297599792	-1368
9.69318509102	-1368
9.69488716125	-1368
9.69498801231	-1368
9.69510602951	-1368
9.69739818573	-1368
9.69748711586	-1368
9.69758105278	-1368
9.70012617111	-1368
9.70037412643	-1368
9.70043110847	-1368
9.70259308815	-1368
9.70270299911	-1368
9.70286107063	-1368
9.70528912544	-1368
9.70532298088	-1368
9.70538806915	-1368
9.70655798912	-1368
9.70828700066	-1368
9.70839905739	-1368
9.70972013474	-1368
9.71677303314	-1368
9.71689605713	-1368
9.71949315071	1368
9.72704815865	-1368
9.72710299492	-1368
9.72723007202	-1368
9.74429416656	-1368
9.74433112144	-1368
9.74451208115	-1368
9.77086019516	-1140
9.77088904381	232
9.83248400688	-1368
9.83259415627	-1368
9.84704899788	-1368
9.84777617455	-1368
9.8478000164	-1368
9.84786701202	-1368
9.84907007217	-1368
9.84914112091	-1368
9.84930610657	-1368
9.84975099564	-1368
9.84984707832	-1368
9.85005998611	-1368
9.85023713112	-1368
9.85029816628	-1368
9.85054707527	-1368
9.85071516037	-1368
9.85085010529	-1368
9.85114216805	-1368
9.85167312622	-1368
9.85185313225	-1368
9.85193896294	-1368
9.85209107399	-1368
9.85212397575	-1368
9.85258316994	-1368
9.85278606415	-1368
9.85287117958	-1368
9.85298609734	-1368
9.85320019722	1368
9.85388207436	-1368
9.85409212112	-1368
9.85418510437	-1368
9.85895299911	-1368
9.85903000832	-1368
9.85914897919	-1368
9.88352513313	-1368
9.88371419907	-1368
9.88476705551	-1368
9.90787696838	-249
9.90790915489	804
9.91069817543	-1368
9.91092896461	-1368
9.91104316711	-1368
9.93851613998	-1368
9.93854808807	-1368
9.93879103661	-1368
10.0056960583	-1368
10.0057351589	-1368
10.0058681965	-1368
10.0070281029	-1368
10.0071351528	-1368
10.0075500011	-1368
10.0077049732	-1368
10.0077810287	-1368
10.0085041523	-1368
10.0085160732	-1368
10.0086340904	-1368
10.0091459751	-1368
10.0091860294	-1368
10.0093510151	-1368
10.0099639893	-1368
10.0100400448	-1368
10.010310173	-1368
10.0106341839	-1368
10.0107040405	-1368
10.010956049	-1368
10.011133194	-1368
10.0115289688	-1368
10.0116090775	-1368
10.0118620396	-1368
10.0120131969	1368
10.0122601986	-1368
10.0123500824	-1368
10.0125551224	-1368
10.0129971504	-1368
10.013174057	-1368
10.0133411884	-1368
10.0134840012	-1368
10.0135221481	-1368
10.0447731018	-1368
10.0448191166	-1368
10.0451261997	-1368
10.0451409817	-663
10.0451521873	261
10.0608069897	-1368
10.0608429909	-1368
10.0610311031	-1368
10.0983409882	-1368
10.0984840393	-1368
10.0986740589	-1368
10.1671249866	-1368
10.1671819687	-1368
10.1673250198	-1368
10.168099165	-1368
10.1681871414	-1368
10.1684579849	-1368
10.1693401337	-1368
10.1695079803	-1368
10.169686079	-1368
10.1706161499	-1368
10.1707360744	-1368
10.1708199978	-1368
10.1728610992	-1368
10.1729681492	-1368
10.1730010509	-1368
10.1737511158	-1368
10.1737861633	-1368
10.1745250225	-1368
10.1751260757	-1368
10.1752521992	-1368
10.1752810478	-1368
10.1768290997	-1368
10.1769959927	-1368
10.1771299839	-1368
10.1780700684	-1368
10.1782441139	-1368
10.1782720089	1368
10.1782751083	-1368
10.1794350147	-1368
10.1794970036	-1368
10.1796851158	-1368
10.1823170185	-792
10.1823329926	261
10.200289011	-1368
10.2003231049	-1368
10.2005701065	-1368
10.2094340324	-1368
10.2094581127	-1368
10.2100601196	-1368
10.2366089821	-1368
10.2366859913	-1368
10.3124001026	-1368
10.3124690056	-1368
10.3125550747	-1368
10.3202660084	-1089
10.3203091621	543
10.3260650635	-1368
10.3261401653	-1368
10.3270981312	-1368
10.3272070885	-1368
10.327340126	-1368
10.3281919956	-1368
10.3283190727	-1368
10.3283700943	-1368
10.3287611008	-1368
10.3290560246	-1368
10.3292081356	-1368
10.3296041489	-1368
10.3296611309	-1368
10.3298130035	-1368
10.3298921585	-1368
10.3301391602	-1368
10.3303031921	-1368
10.3306460381	-1368
10.3309531212	-1368
10.3310611248	-1368
10.3312590122	-1368
10.3320291042	-1368
10.3320541382	-1368
10.3321909904	-1368
10.3323509693	-1368
10.3324840069	-1368
10.3326921463	-1368
10.3379971981	-1368
10.3380231857	-1368
10.3382120132	-1368
10.3384511471	1368
10.3597090244	-1368
10.3598020077	-1368
10.3601140976	-1368
10.3602671623	-1368
10.3604531288	-1368
10.3608241081	-1368
10.3666460514	-1368
10.3667831421	-1368
10.367287159	-1368
10.4568011761	-315
10.4568450451	261
10.4649829865	-1368
10.4650130272	-1368
10.4651041031	-1368
10.4653291702	-1368
10.4803249836	-1368
10.4823319912	-1368
10.4823930264	-1368
10.4849181175	-1368
10.4850239754	-1368
10.4850490093	-1368
10.4851891994	-1368
10.4858000278	-1368
10.4859371185	-1368
10.4860739708	-1368
10.486520052	-1368
10.4867091179	-1368
10.4868721962	-1368
10.4869430065	-1368
10.4873611927	-1368
10.487498045	-1368
10.4879081249	-1368
10.4880590439	-1368
10.4881310463	-1368
10.4887850285	-1368
10.4889400005	-1368
10.489000082	-1368
10.4895541668	-1368
10.4897270203	-1368
10.4905030727	-1368
10.4906280041	-1368
10.4907109737	-1368
10.493927002	-1368
10.4939591885	-1368
10.494104147	-1368
10.4941489697	-1368
10.5191550255	-1368
10.5192451477	-1368
10.5193681717	-1368
10.5437240601	-1368
10.5439040661	-1368
10.5439851284	-1368
10.5714399815	-1368
10.5715250969	-1368
10.5716540813	-1368
10.5933279991	-215
10.5933570862	1086
10.6239621639	-1368
10.6239950657	-1368
10.6251220703	-1368
10.6390969753	-1368
10.6391329765	-1368
10.6391911507	-1368
10.642457962	-1368
10.6425511837	-1368
10.6427111626	-1368
10.6429040432	-1368
10.6429550648	-1368
10.6433479786	-1368
10.6434471607	-1368
10.643736124	-1368
10.644244194	-1368
10.6443271637	-1368
10.6445009708	-1368
10.6454000473	-1368
10.6455061436	-1368
10.6455981731	-1368
10.6469120979	-1368
10.6469371319	-1368
10.6471271515	-1368
10.6479480267	-1368
10.6480920315	-1368
10.6482460499	-1368
10.6484320164	-1368
10.648578167	-1368
10.6486330032	-1368
10.6488471031	-1368
10.6493849754	-1368
10.6495239735	-1368
10.6495521069	-1368
10.6511809826	-1368
10.6512360573	-1368
10.6839280128	-1368
10.6840450764	-1368
10.6841211319	-1368
10.6842141151	1368
10.703327179	-1368
10.7033519745	-1368
10.7036781311	-1368
10.7310509682	-1206
10.7310891151	261
10.7317421436	-1368
10.7319200039	-1368
10.7319450378	-1368
10.7888960838	-1368
10.7889389992	-1368
10.7890760899	-1368
10.7892839909	1368
10.7977361679	-1368
10.7978210449	-1368
10.79819417	-1368
10.798730135	-1368
10.7988431454	-1368
10.7991800308	-1368
10.8004820347	-1368
10.8006939888	-1368
10.8008480072	-1368
10.801074028	-1368
10.8011431694	-1368
10.8020401001	-1368
10.8022081852	-1368
10.8022401333	-1368
10.8039360046	-1368
10.8040351868	-1368
10.8041701317	-1368
10.8048729897	-1368
10.8050851822	-1368
10.805175066	-1368
10.8056790829	-1368
10.8062980175	-1368
10.8063201904	-1368
10.8069870472	-1368
10.8078351021	-1368
10.8080191612	-1368
10.8089780807	-1368
10.8098039627	-1368
10.8099741936	-1368
10.8108050823	-1368
10.81529212	1368
10.8263449669	-1368
10.8264119625	-1368
10.8269491196	-1368
10.8342871666	-1368
10.8344061375	-1368
10.8346261978	-1368
10.8349351883	-1368
10.8350861073	-1368
10.8567330837	-1368
10.8569259644	-1368
10.8570539951	-1368
10.8570611477	1368
10.8679640293	-1338
10.8679921627	182
10.9787449837	1368
11.0046730042	746
11.0124030113	-1368
11.0125110149	-1368
11.0125691891	-891
11.115240097	1368
11.1215560436	1368
11.1411180496	406
11.1725590229	-1368
11.1732571125	-1368
11.1734449863	-1368
11.173525095	-1368
11.1736240387	-1368
11.1737551689	-1368
11.1738700867	-1368
11.1741039753	-1368
11.1741881371	-1368
11.1743919849	-1368
11.1746160984	-1368
11.1746890545	-1368
11.1870181561	-1321
11.1989290714	-1368
11.2144291401	-1368
11.2148010731	-1368
11.2161641121	-1368
11.2163491249	-1368
11.216435194	-1368
11.2168321609	-1368
11.216971159	-1368
11.217208147	-1368
11.2173960209	-1368
11.2179951668	-1368
11.2180199623	-1368
11.218526125	-1368
11.2186989784	-1368
11.2188670635	-1368
11.2190191746	-1368
11.2190470695	-1368
11.2259349823	-1368
11.3234419823	-367
11.3236830235	543
11.3306341171	-1368
11.3336510658	-1368
11.3338170052	-1368
11.3566980362	-1368
11.4485840797	-1368
11.4513061047	-1368
11.4513421059	-1368
11.4515140057	-1368
11.4613630772	-596
11.4972581863	1086
11.5181450844	-1368
11.6342670918	-1289
11.6418921947	543
11.6879620552	-1368
11.6918830872	-1368
11.6919980049	-1368
11.6990971565	-1368
11.7713820934	-298
11.8173441887	543
11.9402251244	-1368
11.9403281212	-1368
11.9408731461	-1368
11.9411840439	-1368
11.941215992	-1368
11.9414181709	-1368
11.9414441586	-1368
11.9415509701	-1368
11.9417769909	-1368
11.9419519901	-1368
11.9467849731	-430
11.9671871662	-1368
12.0833520889	-203
12.1008741856	-1368
12.2204060555	-1289
12.2438471317	1057
12.2641420364	-1368
12.266160965	-1368
12.2662401199	-1368
12.2666931152	-1368
12.2667109966	-1368
12.2668550014	-1368
12.2696840763	-1368
12.2698841095	-1368
12.2699580193	-1368
12.2703700066	-1368
12.2704970837	-1368
12.2706639767	-1368
12.2928819656	-1368
12.2929751873	-1368
12.2930591106	-1368
12.3440129757	1368
12.3533711433	1368
12.3569331169	-272
12.3608880043	1368
12.4174480438	696
12.4217150211	-1368
12.4218800068	-1368
12.4977769852	-891
12.5934920311	1057
12.6708250046	-1086
12.7486190796	-1368
12.7530231476	-1368
12.7531909943	-1368
12.7535870075	-1368
12.7556660175	-1368
12.7556960583	-1368
12.7557120323	-1368
12.7558970451	-1368
12.7561030388	543
12.7562870979	-1368
12.7562980652	-1368
12.7563071251	-1368
12.7563650608	-1368
12.7565410137	-1368
12.7581760883	-1368
12.7590081692	-1368
12.7591760159	-1368
12.7592530251	-1368
12.759428978	-1368
12.7594690323	-1368
12.7596290112	-1368
12.7601439953	-1368
12.7602419853	-1368
12.7603940964	-1368
12.7604460716	-1368
12.760586977	-1368
12.7606341839	-1368
12.7608361244	-1368
12.7613260746	-1368
12.7622439861	-1368
12.7623531818	-1368
12.7634460926	-1368
12.7637660503	1368
12.7646300793	-1368
12.7654480934	-1368
12.7669680119	1368
12.7750751972	1368
12.7793130875	-1368
12.779417038	-1368
12.7889909744	-1368
12.7891860008	-1368
12.789247036	-1368
12.80727005	-1368
12.8079020977	-829
12.8856570721	-1368
12.89032197	1368
12.901209116	986
12.9109151363	-1368
12.9401249886	-1368
12.9403021336	-1368
12.9571311474	-1368
12.9573800564	-1368
12.9574291706	-1368
12.9614710808	1368
12.98259902	-878
12.986082077	-1368
13.037979126	746
13.1023380756	-1368
13.1031551361	-1368
13.1032559872	-1368
13.1112279892	1368
13.1228291988	-841
13.1251571178	-1368
13.2132911682	775
13.2558860779	-1368
13.2564620972	-1368
13.256909132	-1368
13.2569730282	-1368
13.2571730614	-1368
13.2616779804	-1247
13.2729990482	-1368
13.2776300907	-1368
13.2778310776	-1368
13.2949571609	1368
13.3067209721	-1368
13.3074631691	-1368
13.3075520992	-1368
13.3094410896	-1368
13.3261511326	-1368
13.3534991741	-1368
13.3535280228	261
13.398015976	-256
13.3984231949	1368
13.4236631393	1368
13.4318029881	1368
13.4352781773	-1368
13.4453930855	-1368
13.4507060051	1368
13.463050127	-1368
13.4633440971	-1368
13.4634451866	-1368
13.5292570591	899
13.5353441238	-1015
13.538834095	-1368
13.6676990986	543
13.6719391346	-203
13.6774961948	1368
13.7043061256	-1368
13.7181401253	-1368
13.745923996	-1368
13.7773890495	-1368
13.7782740593	-1368
13.7791571617	-1368
13.7792949677	-1368
13.779389143	-1368
13.781288147	-1368
13.7832381725	1368
13.7972011566	1368
13.8052580357	-1368
13.8052949905	182
13.8088400364	-1089
13.8127281666	-543
13.8272271156	1368
13.8349909782	-1368
13.8662230968	-1368
13.9022240639	-1368
13.9024920464	-1368
13.9352719784	-1368
13.9442620277	1368
13.9643311501	-1073
13.9643611908	1007
14.00339818	-1368
14.1011300087	-1260
14.1062150002	543
14.1490490437	-1368
14.1516561508	-1368
14.176222086	-1368
14.1827480793	-1368
14.1851961613	1368
14.202709198	-1368
14.2380530834	-45
14.2544050217	-1368
14.254445076	261
14.3154351711	-1368
14.3160691261	-1368
14.3160870075	-1368
14.3173069954	-1368
14.3174440861	-1368
14.3175110817	-1368
14.3177130222	-1368
14.3178761005	-1368
14.3182621002	-1368
14.3184440136	-1368
14.3186461926	-1368
14.3187451363	-1368
14.3192110062	-1368
14.3196041584	1368
14.3202731609	-1368
14.3213021755	-1368
14.3221290112	-1368
14.3230600357	-1368
14.323210001	-1368
14.3243091106	-1368
14.3253371716	1368
14.325646162	-1368
14.3257331848	-1368
14.3445031643	-1368
14.3609621525	1368
14.3744971752	-412
14.4145991802	-1368
14.4146170616	1239
14.4152650833	-1368
14.4311971664	1368
14.4391431808	-1368
14.5513961315	-124
14.5515091419	261
14.6116480827	-1368
14.6127841473	1368
14.6885120869	-775
14.6885480881	746
14.691491127	-1368
14.6931941509	-1368
14.6933400631	-1368
14.6952681541	-1368
14.710419178	-1368
14.7115139961	-1368
14.7134029865	-1368
14.7142400742	1368
14.7145750523	-1368
14.7146961689	-1368
14.7463309765	-1368
14.7637140751	-1368
14.811259985	1368
14.8175361156	1368
14.8254070282	-1205
14.8254470825	153
14.8297441006	1368
14.9033951759	-1368
14.9075481892	-1368
14.9081640244	-1368
14.9082930088	-1368
14.9094040394	-1368
14.9102129936	-1368
14.9102351665	-1368
14.9103181362	-1368
14.9115860462	-1368
14.9116721153	-1368
14.9117231369	-1368
14.9144589901	-1368
14.9145021439	-1368
14.9173691273	-1368
14.9174890518	-1368
14.9176061153	-1368
14.91781497	-1368
14.917869091	-1368
14.9191219807	-1368
14.9191429615	-1368
14.919560194	-1368
14.919768095	-1368
14.9201409817	-1368
14.9203400612	-1368
14.9204699993	-1368
14.9224209785	-1368
14.9231760502	-1368
14.9231891632	-1368
14.9246661663	-1368
14.9248449802	-1368
14.9249441624	-1368
14.925052166	-1368
14.9255781174	-1368
14.9262700081	-1368
14.9262890816	-1368
14.9269480705	-1368
14.9271249771	-1368
14.9271950722	1368
14.9272680283	-1368
14.9273869991	-1368
14.9275400639	-1368
14.929502964	-1368
14.9296500683	-1368
14.9299411774	-1368
14.9302940369	-1368
14.9303719997	-1368
14.9305381775	-1368
14.9334020615	-1368
14.933519125	-1368
14.9625341892	-57
14.9625601768	493
15.0694611073	-1368
15.0759999752	-1368
15.0760550499	-1368
15.0821790695	-1368
15.0823011398	-1368
15.1003251076	-530
15.1012010574	543
15.1773400307	-1368
15.1774060726	-1368
15.1775560379	-1368
15.1777820587	-1368
15.1781461239	-1368
15.178508997	1368
15.185270071	1368
15.1972870827	-1368
15.1974310875	-1368
15.1975669861	-1368
15.2062571049	-1368
15.2297980785	1368
15.23280406	-1368
15.2369201183	-1368
15.2369589806	-177
15.2387859821	1368
15.2437541485	-1368
15.2437870502	443
15.260420084	-1368
15.3029551506	-1368
15.3075079918	1368
15.3117091656	1368
15.362869978	1368
15.3758699894	-95
15.421585083	1152
15.4904360771	-1368
15.5234270096	-1368
15.5299291611	-1368
15.5311729908	-1368
15.53226614	-1368
15.5337560177	-1368
15.5344860554	-1368
15.5345129967	-1368
15.5347101688	-1368
15.5352911949	-1368
15.5362710953	-1368
15.5364019871	-1368
15.5368981361	-1368
15.5369119644	-1368
15.5370960236	1368
15.5371999741	-1368
15.5372171402	-1368
15.537541151	-1368
15.5394010544	-1368
15.5395011902	-1368
15.5401320457	-1368
15.5413651466	-1368
15.5414421558	-1368
15.5418231487	-1368
15.5420091152	-1368
15.5423190594	-1368
15.542994976	-1368
15.5430850983	-1368
15.5471379757	-1368
15.5472671986	-1368
15.5476551056	-1368
15.5478560925	-1368
15.5480871201	-1368
15.5486140251	-1368
15.5496170521	-1368
15.5497221947	-1368
15.5502569675	-1368
15.5507509708	-1368
15.5507650375	-568
15.551074028	-1368
15.5512771606	-1368
15.552380085	-1368
15.5527350903	-1368
15.5531129837	-1368
15.5534031391	-1368
15.553550005	-1368
15.5537400246	-1368
15.5595610142	-1368
15.559623003	1318
15.5597951412	-1368
15.564538002	-1368
15.5789320469	-1368
15.5791130066	-1368
15.6821501255	-1368
15.6822049618	-1368
15.682352066	-1368
15.6839380264	-1368
15.6862270832	-1368
15.6863100529	-1368
15.6875171661	-599
15.6877000332	-1368
15.6888539791	-1368
15.6909279823	-1368
15.6909580231	-1368
15.6926891804	-1368
15.6943340302	-1368
15.6944971085	-1368
15.6945240498	-1368
15.6959550381	-1368
15.6984181404	-1368
15.7006089687	-1368
15.700630188	1086
15.7030820847	-1368
15.705945015	-1368
15.7060050964	-1368
15.708573103	-1368
15.708605051	-1368
15.708687067	-1368
15.7107100487	-1368
15.7107300758	-1368
15.7127010822	-1368
15.7139129639	-1368
15.7139849663	-1368
15.714069128	-1368
15.7168951035	-1368
15.717359066	-1368
15.7181890011	-1368
15.7195341587	-1368
15.7208411694	-1368
15.7218160629	-1368
15.7228860855	-1368
15.7229261398	-1368
15.7235460281	-1368
15.72422719	-1368
15.7250971794	-1368
15.7277500629	-1368
15.7372100353	-1368
15.7374591827	-1368
15.73756814	-1368
15.7442111969	1368
15.7645590305	1368
15.7653729916	-1368
15.7655141354	-1368
15.7748429775	-1368
15.7800030708	1368
15.7800180912	1368
15.7950069904	1368
15.8242189884	-410
15.8754060268	74
15.9969899654	-1368
15.9970200062	-1368
15.9987311363	-920
16.135807991	-1086
16.2252349854	-1368
16.2253251076	-1368
16.225826025	-1368
16.2637569904	543
16.2726230621	-1181
16.3048591614	-543
16.4011631012	1086
16.4125781059	-1368
16.4948041439	-717
16.5777330399	543
16.6022820473	-1368
16.6315801144	-1260
16.7146441936	1057
16.7685470581	-543
17.0003800392	543
17.0088920593	-1368
17.00893116	-717
17.0115060806	543
17.1454770565	-543
17.2179679871	-1368
17.3304719925	-203
17.3505811691	1057
17.4670569897	-1057
17.4879469872	543
17.7056050301	-543
17.7399330139	-1368
17.7400860786	-1368
17.8669030666	-1368
17.876363039	-580
18.0131521225	-1057
18.019559145	543
18.1498811245	-1057
18.1560461521	543
18.2928590775	1057
18.3751370907	-543
18.5422160625	-1368
18.5535271168	-203
18.6350901127	543
18.7029390335	-1057
18.7048630714	1368
18.7062239647	-1368
18.7071840763	-1368
18.7076530457	-1368
18.7374610901	-1368
18.7714960575	717
18.8173801899	-1368
18.817414999	-1368
18.8399960995	-190
18.9081380367	1086
19.0185751915	-543
19.1550691128	-543
19.2374970913	-1368
19.330696106	-775
19.3623111248	-1368
19.4679121971	-1318
19.4689071178	543
19.5668210983	1368
19.5715970993	1368
19.6047000885	-1086
19.605410099	435
19.7424659729	1057
19.8789651394	1057
19.9088311195	-543
19.9517221451	-1368
19.9527189732	-1368
19.9528300762	-1368
19.9528779984	-1368
19.9529681206	-1368
19.9542939663	-1368
19.9543170929	-1368
19.9550311565	-1368
19.9664430618	1368
19.9793140888	-1368
19.9794740677	-1368
19.9798150063	-1368
19.9798760414	-1368
19.979968071	-1368
19.9803540707	-1368
19.9804670811	-1368
19.9805650711	-1368
19.9808061123	-1368
19.9808340073	-1368
19.9809541702	-1368
19.9810621738	-1368
20.0101451874	-543
20.0537071228	804
20.0881450176	-346
20.0895550251	1368
20.0895690918	1368
20.0941181183	1368
20.0941300392	1368
20.1114161015	-1368
20.1115870476	-1368
20.1328830719	1368
20.1379511356	1368
20.1428861618	1368
20.1454119682	1368
20.1591119766	-1368
20.1593701839	1368
20.2265481949	-66
20.2265720367	828
20.3296411037	-1368
20.3303151131	-1368
20.3304190636	-1368
20.3304340839	-1368
20.3306231499	-1368
20.3307290077	-1368
20.3314909935	-1368
20.3315751553	-1368
20.3318040371	-1368
20.3449890614	-1368
20.3450350761	-1368
20.3562881947	-1368
20.3564031124	-1368
20.363312006	-952
20.4356219769	-1368
20.4357249737	-1368
20.4638981819	-1368
20.463932991	-1368
20.4642560482	543
20.4770581722	-1368
20.4896640778	-1368
20.4897091389	-1368
20.4898171425	-1368
20.4901270866	-1368
20.491268158	-1368
20.4913651943	-1368
20.4922881126	-1368
20.4923601151	-1368
20.4925041199	-1368
20.4926271439	-1368
20.4928410053	-1368
20.4938890934	-1368
20.4939131737	-1368
20.494040966	-1368
20.4946119785	-1368
20.4946551323	-1368
20.4947640896	-1368
20.4961900711	-1368
20.4970071316	-1368
20.4971311092	-1368
20.4977030754	-1368
20.4977281094	-1368
20.4978539944	-1368
20.4980449677	1368
20.498622179	-1368
20.4987411499	-1368
20.4988610744	-1368
20.4990251064	-1368
20.4998891354	-96
20.504994154	-1368
20.5050430298	-1368
20.5052170753	-1368
20.5180931091	1368
20.5190191269	-1368
20.519162178	-1368
20.5192949772	-1368
20.5193250179	-1368
20.5195331573	-1368
20.5198011398	-1368
20.5198659897	-1368
20.519944191	-1368
20.5201420784	-1368
20.5203700066	-1368
20.5204751492	-1368
20.5205450058	-1368
20.5211570263	-1368
20.5212311745	-1368
20.5212931633	1368
20.521351099	-1368
20.588490963	-1368
20.5886001587	-1368
20.6302831173	1326
20.6337311268	-1368
20.6338691711	-1368
20.6359651089	-1368
20.6360120773	-1368
20.6361811161	-1368
20.6419410706	-1216
20.6421461105	1368
20.64975214	-1368
20.6499149799	-1368
20.650316	-1368
20.651061058	-1368
20.6511421204	-1368
20.6517941952	-1368
20.6518800259	-1368
20.6519591808	-1368
20.6525490284	-1368
20.6526141167	-1368
20.6526789665	-1368
20.6541860104	-1368
20.6543431282	-1368
20.6546339989	-1368
20.6574060917	-1368
20.6574780941	-1368
20.6575319767	-1368
20.6588521004	-1368
20.6602170467	-1368
20.6610760689	-1368
20.6623651981	-1368
20.6624011993	-1368
20.6635980606	-1368
20.663626194	-1368
20.6802790165	-1368
20.682721138	-1368
20.6827511787	-1368
20.6844320297	-1368
20.6857531071	1368
20.6965830326	-1368
20.7221810818	1368
20.7236151695	-1368
20.7732360363	-1368
20.7732830048	211
20.7785639763	-921
20.8545291424	-1368
20.8561601639	1368
20.8562860489	-1368
20.8564240932	-1368
20.8564779758	-1368
20.8566989899	-1368
20.85674119	-1368
20.8776140213	-1368
20.9558811188	-907
20.9560611248	804
20.9967870712	-1368
21.0509531498	1368
21.0638561249	-1368
21.0705730915	-1368
21.0707371235	-1368
21.0935740471	-1355
21.0936081409	232
21.0977370739	-1368
21.1552259922	-1368
21.1617200375	-1368
21.2302651405	-1152
21.230298996	543
21.2857580185	-1368
21.2858541012	-1368
21.323829174	-1368
21.3514430523	-1368
21.367151022	-812
21.4861981869	-1368
21.486549139	-1368
21.4868030548	-1368
21.4896731377	-1368
21.4983279705	543
21.5143179893	-1368
21.5145471096	-1368
21.5465931892	-1189
21.5779631138	1368
21.6365981102	1368
21.669080019	1368
21.7149090767	-1057
21.714949131	696
21.7654640675	1368
21.8858380318	-1368
21.8858790398	261
21.8858971596	-203
21.8878581524	1368
22.0222671032	232
22.024597168	-543
22.0252320766	1368
22.0252401829	1368
22.0253481865	1368
22.1150929928	-1368
22.1621930599	-232
22.162225008	1094
22.1628091335	1368
22.1628170013	1368
22.162925005	1368
22.1788291931	-1368
22.1853191853	1368
22.1853330135	1368
22.1854469776	1368
22.1854519844	1368
22.2391741276	-1368
22.2401089668	-1368
22.2401840687	-1368
22.2403030396	-1368
22.2405941486	-1368
22.2407171726	-1368
22.240789175	-1368
22.2412641048	-1368
22.2415671349	-1368
22.2419600487	-1368
22.2425851822	-1368
22.2426919937	-1368
22.2432329655	-1368
22.2438440323	-1368
22.2439370155	-1368
22.2445261478	-1368
22.2446990013	1368
22.2447099686	-1368
22.2447431087	-1368
22.2451269627	-1368
22.2452671528	-1368
22.2460951805	-1368
22.2468671799	-1368
22.2481081486	-1368
22.2491321564	-1368
22.2675120831	-1368
22.2676391602	-1368
22.2679820061	-1368
22.2681670189	-1368
22.268228054	-1368
22.2682850361	-1368
22.2685611248	-1368
22.2686240673	-1368
22.2687141895	-1368
22.2690250874	-1368
22.2693321705	-1368
22.2694079876	-1368
22.2699170113	-1368
22.270471096	-1368
22.271130085	-1368
22.2712171078	-1368
22.2714321613	-1368
22.2718331814	-1368
22.2722640038	-1368
22.2723491192	-1368
22.2727890015	-1368
22.2731850147	-1368
22.2732110023	-1368
22.2736780643	-1368
22.2737541199	-1368
22.2743639946	-1368
22.2749681473	1368
22.2973890305	-1368
22.2975859642	-1368
22.2992429733	-73
22.2992789745	256
22.3726041317	-1368
22.3973400593	-1368
22.3980591297	-1368
22.3990991116	-1368
22.3999049664	-1368
22.4000120163	-1368
22.4001190662	-1368
22.4003770351	-1368
22.4005401134	-1368
22.4013061523	-1368
22.4014880657	-1368
22.4019591808	-1368
22.4022521973	-1368
22.4022979736	-1368
22.4024729729	-1368
22.4026091099	-1368
22.4027650356	-1368
22.4032270908	-1368
22.4032511711	-1368
22.4034750462	-1368
22.4036619663	-1368
22.4042110443	-1368
22.404790163	-1368
22.4048960209	-1368
22.4165151119	1368
22.4174730778	1368
22.4318330288	-1368
22.4363090992	-789
22.4363369942	464
22.4886209965	-1368
22.4887399673	-1368
22.5023581982	-1368
22.5162250996	-1368
22.5167701244	-1368
22.5167961121	-1368
22.5732021332	-1160
22.5732331276	543
22.5957951546	-1368
22.5958840847	-1368
22.5959870815	-1368
22.6100730896	-1368
22.640707016	-1368
22.6409091949	-1368
22.6410131454	-1368
22.6411921978	-1368
22.6414651871	-1368
22.6810750961	-1368
22.6831021309	-1368
22.68506217	-1368
22.7005991936	-1368
22.7092990875	-1368
22.709346056	-1368
22.7097451687	-446
22.7097561359	543
22.7266969681	-1368
22.8209691048	-1368
22.8211531639	-1368
22.8283030987	1368
22.8315091133	-1368
22.8465080261	-1355
22.8465440273	261
22.8486461639	-1368
22.9556729794	1368
22.9829370975	-203
22.9829721451	775
23.0017230511	-1368
23.001871109	-1368
23.0289661884	-1368
23.1196219921	-66
23.1244721413	543
23.2560901642	-543
23.3215069771	-1368
23.3221011162	543
23.348457098	-1368
23.3485150337	-1368
23.4308850765	-1152
23.4414031506	1368
23.4414160252	1368
23.4439210892	1368
23.4828109741	-1368
23.4828441143	124
23.4828500748	-1368
23.487817049	-1368
23.578523159	-609
23.6577591896	1086
23.7548971176	-543
23.8219051361	1368
23.8220281601	203
23.8259031773	-1368
23.8262081146	-1368
23.8281471729	1368
23.8919401169	-949
23.9587721825	232
23.9664461613	-1368
23.9666361809	-1368
23.9702460766	1368
23.9940590858	-1368
23.9941999912	-1368
24.0670921803	-1355
24.1068279743	203
24.1528401375	-1368
24.1567630768	1368
24.2433750629	-232
24.2433950901	1260
24.363268137	-1368
24.3805160522	-1260
24.3805351257	543
24.4361901283	-1368
24.4368040562	-1368
24.4575409889	-1368
24.4576001167	-1368
24.4632980824	-1368
24.5174880028	-1044
24.517524004	543
24.5895881653	1368
24.6183409691	-1368
24.618653059	-1368
24.619287014	-1368
24.6193721294	-1368
24.6195499897	-1368
24.619562149	-1368
24.6196320057	-1368
24.6198129654	-1368
24.6200799942	-1368
24.6202909946	-1368
24.6207761765	-1368
24.6219630241	-1368
24.6221311092	-1368
24.6223399639	-1368
24.6226301193	-1368
24.6234881878	-1368
24.6235251427	-1368
24.6243720055	-1368
24.6256361008	-1368
24.6256670952	-1368
24.6256999969	-1368
24.6267471313	-1368
24.6268031597	-1368
24.627199173	-1368
24.6282410622	-1368
24.6295411587	-1368
24.6296520233	-1368
24.6297650337	-1368
24.6309611797	-1368
24.6309940815	-1368
24.63204813	-1368
24.6331059933	-1368
24.6333150864	-1368
24.6348371506	-1368
24.6348910332	-1368
24.6349670887	-1368
24.6362349987	-1368
24.6362931728	-1368
24.6366770267	1368
24.63748312	-1368
24.638767004	-1368
24.6388261318	-1368
24.6395289898	-1368
24.6396121979	-1368
24.6403961182	-1368
24.6404550076	-1368
24.6404759884	-1368
24.6409070492	-1368
24.6416170597	-1368
24.6420230865	-1368
24.6421701908	-1368
24.6459591389	-1368
24.6460151672	-1368
24.6464221478	-1368
24.6464850903	-1368
24.646739006	-1368
24.6538920403	-247
24.653922081	1007
24.7792580128	-1368
24.7793140411	-1368
24.7798609734	-1368
24.7799789906	-1368
24.7801501751	-1368
24.7807180882	-1368
24.7811470032	-1368
24.7819721699	-1368
24.7820920944	-1368
24.7821490765	-1368
24.7828671932	-1368
24.7829711437	-1368
24.7830600739	-1368
24.7837061882	-1368
24.7845571041	-1368
24.7848131657	-1368
24.7848629951	-1368
24.7864351273	-1368
24.7864761353	-1368
24.7873651981	-1368
24.7874190807	-1368
24.7875421047	-1368
24.7877161503	1368
24.7880980968	-1368
24.7881391048	-1368
24.788859129	-1368
24.7890191078	-1368
24.7892541885	-1368
24.7895979881	-1368
24.7904779911	-1368
24.7908411026	-913
24.7908880711	261
24.7916650772	-1368
24.7923691273	-1368
24.7935221195	-1368
24.7949430943	-1368
24.7950360775	-1368
24.7952141762	-1368
24.7959811687	-1368
24.7960011959	-1368
24.7961070538	-1368
24.8062341213	-1368
24.9275729656	-915
24.9384801388	-1368
24.9385671616	-1368
24.9636471272	-1309
