0	-543
1.18545603752	543
2.79617500305	-543
3.18549513817	543
3.56379103661	543
3.78720903397	-543
3.78744411469	543
4.14461112022	-543
4.14472413063	-1368
4.18576002121	543
4.27384400368	-203
4.29895496368	543
4.47419309616	-543
4.51316404343	-543
4.51367616653	543
4.73025798798	-543
4.73034596443	-1368
4.73042702675	-1368
4.85935497284	-377
4.87242412567	543
5.00154805183	543
5.08699011803	-543
5.25380897522	-543
5.25403618813	543
5.45272707939	-543
5.45279598236	-1368
5.5819041729	-203
5.58489203453	543
6.12915611267	-543
6.12922096252	-1368
6.18585205078	543
6.25831604004	-717
6.278632164	1368
6.27878212929	203
6.78977608681	-543
6.78982710838	-1368
6.78985714912	-1368
6.79000806808	-1368
6.79009413719	-1368
6.79012417793	-1368
6.81424713135	-1368
6.81430506706	-1368
6.82057499886	-1368
6.82088112831	-1368
6.89745306969	543
6.91888713837	-1368
6.91892814636	-1368
6.91895413399	-1368
6.9189581871	-1368
6.91912198067	-1368
6.91917014122	-1368
6.9191801548	-844
6.91932010651	-1368
6.9193520546	-1368
6.91938519478	-1368
6.91942000389	-1368
6.94341516495	-1368
6.94347000122	-1368
6.94347906113	-1368
6.94349002838	-1368
6.94998598099	-1368
6.95004296303	-1368
6.95005011559	-1368
6.95005917549	-1368
6.95007205009	-1368
6.951182127	1368
7.02648997307	261
7.04828619957	-1368
7.04835319519	-1368
7.04839301109	-1368
7.04840111732	-1368
7.04854416847	-1368
7.04857397079	-1368
7.04858112335	-968
7.05077314377	1368
7.15553712845	746
7.17783713341	-1086
7.28471112251	1086
7.429459095	-543
7.42960000038	-1368
7.53196907043	-1368
7.53201317787	-1368
7.53204298019	-1368
7.55402517319	1368
7.55415296555	203
7.55838799477	-298
7.56322908401	-1368
7.56327104568	-1368
7.5650100708	1368
7.68325901031	261
7.69236803055	-920
7.81232714653	1086
7.85735702515	-543
7.86813902855	-1368
7.88300299644	-1368
7.91444396973	-1368
7.9414691925	543
7.99721717834	-1181
7.99858808517	1368
8.07056808472	717
8.12775611877	-1086
8.16816616058	-1368
8.16824817657	-1368
8.23849105835	543
8.2972509861	-920
8.30425405502	1368
8.34047698975	-1368
8.34059810638	-1368
8.34077215195	-1368
8.34091114998	-1368
8.34093499184	-1368
8.34111213684	-1368
8.34114599228	-1368
8.34116411209	-1368
8.36774897575	746
8.36979699135	-1368
8.36986398697	-1368
8.36987805367	-1368
8.36999607086	-1368
8.37047219276	-1368
8.37050509453	-1368
8.37052106857	-1368
8.37056803703	-1368
8.37059402466	-1368
8.37082600594	-1368
8.37085008621	-1368
8.37087702751	-1368
8.37093806267	-1368
8.37097406387	-1368
8.37100100517	-1368
8.37120914459	-1368
8.37124300003	-1368
8.37126207352	-1368
8.42640304565	-391
8.42664909363	-1368
8.42667913437	-1368
8.4267141819	-1368
8.42674016953	-1368
8.42677402496	-1368
8.42681217194	-1368
8.4268321991	-1368
8.42685818672	-1368
8.42688798904	-1368
8.42691516876	-1368
8.42697310448	-1368
8.4269990921	-1368
8.42710399628	-1368
8.42712211609	-1368
8.42715597153	-1368
8.42720413208	-1368
8.42741918564	-1368
8.42744016647	-1368
8.42795109749	1368
8.46983718872	-1368
8.46987009048	-1368
8.46990013123	-1368
8.46991300583	-1368
8.47021698952	-1368
8.47024202347	-1368
8.47030305862	-1368
8.47031807899	-1368
8.47036218643	-1368
8.47038507462	-1368
8.47040319443	-1368
8.47042918205	-1368
8.47052311897	-1368
8.47055506706	-1368
8.47058200836	-1368
8.47060108185	-1368
8.4971101284	1347
8.49912714958	-1368
8.49916219711	-1368
8.49918007851	-1368
8.49921417236	-1368
8.49923300743	-1368
8.49926519394	-1368
8.49981999397	-1368
8.49988508224	-1368
8.49990200996	-1368
8.49993896484	-1368
8.499958992	-1368
8.49998307228	-1368
8.500259161	-1368
8.50028800964	-1368
8.50032019615	-1368
8.50033903122	-1368
8.50045919418	-1368
8.50048899651	-1368
8.50051307678	-1368
8.50054216385	-1368
8.50072407722	-1368
8.50077319145	-1368
8.50080299377	-1368
8.50084710121	-1368
8.50095701218	-1368
8.50098419189	-1368
8.50101208687	-1368
8.50103998184	-1368
8.50116300583	-1368
8.50127196312	-1368
8.50130915642	-1368
8.50134801865	-1368
8.50142097473	-1368
8.50146102905	-1368
8.50149011612	-1368
8.50151896477	-1368
8.50248217583	1368
8.55592513084	-1368
8.55597019196	-1368
8.55600714684	-1368
8.55601406097	-1368
8.55603599548	-1368
8.55605912209	-1368
8.55608510971	-1368
8.55611205101	-1368
8.55617713928	-1368
8.55620718002	-1368
8.55623006821	-1368
8.55625915527	-1368
8.55642199516	-1368
8.55646419525	-1368
8.55650019646	-1368
8.55656218529	-1368
8.55666708946	-1368
8.55671000481	-1368
8.55673718452	-1368
8.55676412582	-1368
8.5567920208	-1368
8.55693101883	-1368
8.55698299408	-1368
8.55704212189	-1368
8.55706596375	-1368
8.55720019341	-1368
8.55724596977	-1368
8.55725717545	-1368
8.55731415749	-1368
8.5574901104	-1368
8.55752897263	-1368
8.55756902695	-1368
8.55759310722	-1368
8.55771303177	-1368
8.55774116516	-1368
8.5577750206	-1368
8.55779409409	-1368
8.56150507927	1368
8.59905004501	-1368
8.59911298752	-1368
8.59914112091	-1368
8.5991461277	-1368
8.59923911095	-1368
8.59925508499	-1368
8.59929203987	-1368
8.59931015968	-1368
8.59941506386	-1368
8.5994720459	-1368
8.59949016571	-1368
8.59952402115	-1368
8.5995490551	-1368
8.5995850563	-1368
8.59960198402	-1368
8.59966111183	-1368
8.59980607033	-1368
8.5998301506	-1368
8.59984707832	-1368
8.59987616539	-1368
8.59993505478	-1368
8.59998011589	-1368
8.60000801086	-1368
8.60003805161	-1368
8.60013318062	-1368
8.60018897057	-1368
8.6002061367	-1368
8.60023617744	-1368
8.60026812553	-1368
8.6005551815	-1368
8.60057902336	-1368
8.60061502457	-1368
8.6006321907	-1368
8.62832403183	-1368
8.62845802307	1036
8.628480196	-1368
8.62850117683	-1368
8.62853217125	-1368
8.62854003906	-1368
8.62855005264	-1368
8.62855601311	-1368
8.62859606743	-1368
8.62861013412	-1368
8.6286380291	-1368
8.6288561821	-1368
8.62889504433	-1368
8.62900400162	-1368
8.62904810905	-1368
8.62913298607	-1368
8.62918615341	-1368
8.62921214104	-1368
8.62924098969	-1368
8.62937903404	-1368
8.62941813469	-1368
8.62944197655	-1368
8.62949800491	-1368
8.62955617905	-377
8.63050699234	1368
8.65446996689	-1368
8.72109508514	-1368
8.72119617462	-1368
8.7587120533	-153
8.75878596306	775
8.76047706604	1368
8.88794517517	203
8.98236703873	-543
8.98252606392	-1368
8.98260498047	-1368
8.98267412186	-1368
8.9827029705	-1368
8.98279809952	-1368
8.98282718658	-1368
8.98285198212	-1368
8.9830801487	-1368
8.98313117027	-1368
8.98314905167	-1368
8.98317718506	-1368
9.01187109947	-1368
9.0169711113	-543
9.1117310524	-1350
9.1120121479	543
9.17287015915	-1368
9.17288804054	-1368
9.17316603661	-1368
9.17318606377	-1368
9.17320513725	-1368
9.17329716682	-1368
9.17342996597	1368
9.17349004745	-1368
9.17356109619	-1368
9.17413711548	-1368
9.17421412468	-1368
9.1742811203	-1368
9.17432308197	-1368
9.18079710007	-1368
9.18081402779	-1368
9.1808450222	-1368
9.18086409569	-1368
9.18088817596	-1368
9.18126106262	-1368
9.18129014969	-1368
9.1812980175	-1368
9.18140006065	-1368
9.18143415451	-1368
9.1814520359	-1368
9.18184304237	-1368
9.18187212944	-1368
9.18188309669	-1368
9.18234014511	-1368
9.18236398697	-1368
9.18238806725	-1368
9.1828520298	-1368
9.18294811249	-1368
9.18297219276	-1368
9.20261597633	-1368
9.20266413689	-1368
9.20269703865	-1368
9.20278501511	-1368
9.20284414291	-1368
9.20286202431	-1368
9.2029800415	-1368
9.20301318169	-1368
9.20304608345	-1368
9.20308113098	-1368
9.20315003395	-1368
9.20316910744	-1368
9.20330119133	-1368
9.20333003998	-1368
9.20336008072	-1368
9.20339298248	-1368
9.20343518257	1368
9.20343899727	-1368
9.20349097252	-1368
9.20356297493	-1368
9.20378899574	-1368
9.20381498337	-1368
9.20384502411	-1368
9.20390701294	-1368
9.20392417908	-1368
9.20397496223	-1368
9.20400905609	-1368
9.20402598381	-1368
9.20436406136	-1368
9.2043941021	-1368
9.2044210434	-1368
9.21013998985	-1368
9.21021699905	-1368
9.21023106575	-1368
9.21025514603	-1368
9.21025800705	-1368
9.21027517319	-1368
9.21031117439	-1368
9.21034502983	-1368
9.21036219597	-1368
9.21057415009	-1368
9.2105910778	-1368
9.2106461525	-1368
9.21077299118	-1368
9.21081519127	-1368
9.21085000038	-1368
9.2109940052	-1368
9.21102309227	-1368
9.21105003357	-1368
9.21120405197	1368
9.21122813225	-1368
9.21124601364	-1368
9.21127319336	-1368
9.21130204201	-1368
9.21132898331	-1368
9.21139597893	-1368
9.2115380764	-1368
9.21157407761	-1368
9.21169710159	-1368
9.21184301376	-1368
9.21188306808	-1368
9.21191716194	-1368
9.21199798584	-1368
9.21203303337	-1368
9.21206998825	-1368
9.21214318275	-1368
9.21217012405	-1368
9.21219801903	-1368
9.23232603073	-1368
9.23237919807	-1368
9.23241400719	-1368
9.23242115974	-1368
9.23243999481	-1368
9.23275899887	-1368
9.23279309273	-1368
9.23281311989	-1368
9.23284602165	-1368
9.23315596581	-1368
9.23318719864	-1368
9.23320412636	-1368
9.2332379818	-1368
9.23326015472	-1368
9.23329305649	-1368
9.23348808289	-1368
9.23351216316	-1368
9.23354005814	-1368
9.23367905617	-1368
9.23372197151	-1368
9.23376011848	-1368
9.23382997513	-1368
9.23386311531	-1368
9.2338950634	-1368
9.23403406143	-1368
9.23414301872	-1368
9.2341799736	-1368
9.23420810699	-1368
9.23430418968	-1368
9.23433017731	-1368
9.23435902596	-1368
9.23508906364	1368
9.24001216888	-1368
9.24006819725	-1368
9.24010419846	-1368
9.24011111259	-1368
9.24012613297	-1368
9.24013209343	-1368
9.24014401436	-1368
9.24032998085	-1368
9.24036312103	-1368
9.24044513702	-1368
9.24048399925	-1368
9.24050998688	-1368
9.24054098129	-1368
9.24057912827	-1368
9.24062013626	-1368
9.2410390377	-482
9.24123311043	-1368
9.24125909805	-1368
9.24128508568	-1368
9.24131298065	1044
9.24133706093	-1368
9.24137806892	-1368
9.24139499664	-1368
9.24149298668	-1368
9.24152112007	-1368
9.24154996872	-1368
9.24157619476	-1368
9.24160218239	-1368
9.24163603783	-1368
9.24166107178	-1368
9.24168896675	-1368
9.24171710014	-1368
9.24182510376	-1368
9.24185013771	-1368
9.24190402031	-1368
9.24194407463	-1368
9.24196314812	-1368
9.24199008942	-1368
9.24201703072	-1368
9.24206805229	-1368
9.24210214615	-1368
9.2438621521	1368
9.26196599007	-1368
9.26201510429	-1368
9.26204013824	-1368
9.26210713387	-1368
9.26212906837	-1368
9.37067103386	-855
9.37075400352	261
9.38869810104	-1368
9.38874816895	-1368
9.38894414902	-1368
9.38906097412	-1368
9.38908600807	-1368
9.38931798935	-1368
9.38934803009	-1368
9.38940310478	-1368
9.38953113556	-1368
9.38955807686	-1368
9.38961315155	-1368
9.38964319229	-1368
9.3896780014	-1368
9.4130730629	-1368
9.41311311722	-1368
9.4131231308	-1368
9.41325116158	-1368
9.41328501701	-1368
9.4133040905	-1368
9.41363096237	-1368
9.41364908218	-1368
9.41365504265	-1368
9.41374015808	-1368
9.41383910179	-1368
9.41385817528	-1368
9.4138841629	-1368
9.41391801834	-1368
9.41393399239	-1368
9.41413116455	-1368
9.41418910027	-1368
9.41420912743	-1368
9.41811418533	-1368
9.41818618774	-1368
9.41821503639	-1368
9.41823101044	-1368
9.41852998734	-1368
9.41855406761	-1368
9.41857218742	-1368
9.41877198219	-1368
9.41880607605	-1368
9.41882610321	-1368
9.41903400421	-1368
9.41906905174	-1368
9.41913199425	-1368
9.41914916039	-1368
9.41918706894	-1368
9.41927719116	-1368
9.41934108734	-1368
9.41936898232	-1368
9.41939806938	-1368
9.41949796677	-1368
9.41956114769	-1368
9.41957807541	-1368
9.42106199265	1368
9.43040919304	-1368
9.4304330349	-1368
9.43045401573	-1368
9.43059206009	-1368
9.43090701103	-1368
9.43092107773	-1368
9.4309360981	-1368
9.43100619316	-1368
9.43103098869	-1368
9.43113517761	1368
9.43120503426	-1368
9.43123197556	-1368
9.4312620163	-1368
9.43161916733	-1368
9.43164801598	-1368
9.4316740036	-1368
9.43193507195	-1368
9.43196296692	-1368
9.43202018738	-1368
9.4378080368	-1368
9.43786001205	-1368
9.43788719177	-1368
9.43792510033	-1368
9.45574212074	232
9.49142408371	-751
9.49352908134	126
9.499958992	-1136
9.50004005432	1065
9.52891516685	-51
9.52934002876	38
9.56406402588	-1368
9.56409406662	-152
9.56491708755	1057
9.60043001175	-543
9.60122919083	543
9.73873019218	-543
9.73961496353	543
9.739757061	1368
9.73976206779	1368
9.73991203308	377
9.74085617065	-543
9.74091696739	-1368
9.74094414711	-1368
9.74554800987	1368
9.74556016922	1368
9.86888313293	891
9.86995911598	-377
9.87646007538	1368
9.92486715317	-543
9.92647600174	1368
9.92660617828	717
10.0056321621	232
10.044159174	-543
10.0596141815	-1368
10.1827349663	-1368
10.1853790283	543
10.1854250431	543
10.1889131069	-1007
10.1959121227	-543
10.1963560581	543
10.2892611027	-1368
10.3163921833	-543
10.3167591095	543
10.318308115	-1289
10.3514080048	-1086
10.3520050049	543
10.40955019	1368
10.4235351086	261
10.4288070202	-1368
10.4288330078	-1368
10.428853035	-891
10.4337611198	1368
10.4337880611	1368
10.4576921463	406
10.5506951809	-1368
10.5507249832	-203
10.6493880749	-1368
10.6494469643	-717
10.6571931839	543
10.6576070786	1368
10.6576151848	1368
10.6914629936	377
10.7205140591	-543
10.7248160839	-1368
10.7248570919	-1368
10.7248651981	-1368
10.7331421375	1368
10.7590169907	-609
10.7591621876	261
10.793364048	543
10.8315620422	-1368
10.8316230774	-1368
10.8316590786	-377
10.831662178	-1368
10.8362469673	543
10.8657979965	-203
10.9077351093	543
10.9419569969	-543
11.018089056	-1368
11.0181369781	-1368
11.0181670189	-1368
11.022988081	-66
11.0272161961	543
11.0994770527	1057
11.1076979637	-1368
11.1077771187	-203
11.1084339619	-1368
11.1084661484	-1368
11.1085031033	-1368
11.1086611748	-1368
11.1086909771	-1368
11.1087100506	-1368
11.1418800354	-675
11.1824491024	-1368
11.1825921535	-1368
11.1826200485	-1368
11.1860060692	543
11.2066030502	-1368
11.2066261768	-1368
11.2066450119	-1368
11.2069339752	-1368
11.2069580555	-1368
11.2069849968	-1368
11.2070021629	-1368
11.2150020599	-1368
11.2150411606	-1368
11.2152421474	543
11.2167921066	-1292
11.2406749725	-1368
11.24081707	-1368
11.2408440113	-1368
11.2474520206	543
11.2662701607	-543
11.2748529911	-66
11.2748811245	1086
11.2810471058	-1368
11.2810671329	-1368
11.281124115	-1368
11.2812240124	-1368
11.3054060936	-1368
11.305464983	-1368
11.3055100441	-1368
11.306068182	-1368
11.3061151505	-1368
11.3061261177	-1368
11.3061909676	-1368
11.3062231541	-1368
11.3062460423	-1368
11.309084177	-952
11.3093400002	-1368
11.3093640804	-1368
11.3093841076	-1368
11.3142261505	-1368
11.314260006	-1368
11.3142800331	-1368
11.3143360615	-1368
11.3143701553	-1368
11.3144061565	-1368
11.3144681454	543
11.3434231281	-169
11.3799791336	-1368
11.3800201416	-1368
11.3800401688	-1368
11.380313158	-1368
11.3803451061	-1368
11.3804111481	-1368
11.4038820267	-1368
11.4039161205	-1368
11.4039430618	-1368
11.4039781094	-1368
11.4039950371	-1368
11.4044210911	-1368
11.4044690132	-1368
11.4045081139	-1368
11.4047231674	543
11.4048120975	-1368
11.4048449993	-1368
11.404859066	-1368
11.4048881531	-1368
11.405411005	-1368
11.4054350853	-1368
11.4056880474	-1368
11.4057769775	-1368
11.4142751694	-694
11.4451889992	-543
11.4453241825	-1368
11.4465830326	-1368
11.4466149807	1086
11.480905056	-717
11.5270681381	1057
11.5630249977	-543
11.5745940208	-203
11.5775430202	1057
11.6208631992	-543
11.7778081894	-1368
11.7778570652	-717
11.783244133	543
11.8120629787	-1368
11.8120970726	-1368
11.8121061325	-377
11.8205621243	-543
11.8207161427	-1368
11.8779280186	-1057
11.8932731152	543
11.9498081207	-746
12.1267971992	-543
12.2253730297	-543
12.2258181572	543
12.4746181965	-543
12.4826061726	-1368
12.4826619625	-1368
12.4826731682	-891
12.5809149742	-1057
12.5934100151	543
12.5951499939	543
12.7930521965	-543
12.7931799889	-1368
12.8411910534	-543
12.9222831726	-203
12.9251041412	543
13.1780030727	-1368
13.1780769825	-1368
13.1780910492	-891
13.178730011	-1368
13.1787631512	-1368
13.1787931919	-1368
13.212239027	-66
13.2197041512	-1368
13.219753027	-1368
13.2197761536	-1368
13.2465391159	-66
13.2813580036	-1368
13.281430006	-203
13.339949131	1368
13.3400931358	203
13.3580889702	1368
13.3742520809	232
13.386783123	1368
13.4020459652	1368
13.4083781242	522
13.5772781372	-1368
13.5773451328	-203
13.6217691898	543
13.6621761322	-543
13.6622300148	-1368
13.6622941494	-1368
13.6625440121	543
13.6674010754	1057
13.6780531406	-1368
13.696310997	-153
13.696709156	1368
13.7304580212	261
13.7787821293	-543
13.7798910141	543
13.8821411133	-543
13.8829231262	543
13.9171819687	-1086
13.9178500175	543
13.9235131741	-1368
13.9235641956	-1368
13.9522490501	-891
13.9523200989	543
13.9562959671	-543
13.956362009	-1368
13.9811010361	-1368
13.981192112	-1368
13.9812400341	-1368
13.9867210388	-609
13.9868011475	543
13.9941561222	1368
14.0283560753	261
14.0367870331	-1368
14.0368020535	-1368
14.0368061066	-891
14.0371410847	-1368
14.0371620655	-1368
14.0435240269	1368
14.0710690022	-891
14.0712189674	261
14.0853831768	-746
14.0911741257	-1368
14.0912070274	-1368
14.0912129879	-1368
14.1059310436	-1123
14.1060349941	1086
14.1428411007	1368
14.1428539753	1368
14.1429781914	1368
14.1429820061	580
14.1654579639	-1368
14.165487051	-203
14.1699101925	543
14.182502985	-1368
14.1825261116	-1368
14.1826100349	-1368
14.1997051239	-580
14.2025141716	-1368
14.20266819	-1368
14.2026851177	-1368
14.2027060986	-1368
14.2066910267	1368
14.2237200737	-1368
14.223760128	261
14.2237660885	-1368
14.223772049	-1368
14.2315120697	-1368
14.2315840721	-1368
14.2338631153	-198
14.257889986	1086
14.2921860218	-543
14.2924661636	543
14.3819060326	-1057
14.3929569721	-1368
14.3932139874	543
14.4270961285	-261
14.4273481369	543
14.4340040684	-543
14.4638440609	-1368
14.4825251102	-543
14.5077471733	-1368
14.5080161095	543
14.5272111893	-1368
14.5356659889	1368
14.5419650078	-1036
14.5631411076	-232
14.5698320866	232
14.6254591942	-1057
14.6270580292	1057
14.6996071339	543
14.7251691818	-1057
14.7300240993	1368
14.7338120937	232
14.7840390205	-1368
14.7841391563	-1368
14.7841660976	-377
14.7888941765	543
14.8237161636	-1057
14.8253741264	1057
14.9223351479	-1368
14.9224171638	-203
14.9293220043	1057
14.9567461014	-543
15.0034761429	543
15.0208981037	-1368
15.0245239735	1368
15.0349841118	-746
15.0512390137	1368
15.0586941242	1007
15.1080219746	-1368
15.1080431938	-203
15.1087200642	1057
15.1422371864	-1086
15.151758194	1368
15.1836721897	261
15.1865441799	543
15.2181100845	-543
15.2740061283	-1368
15.2813990116	-1368
15.2814760208	-1368
15.2925171852	543
15.307101965	-580
15.3577950001	-543
15.3715190887	1057
15.3832101822	-1057
15.3990910053	-1368
15.4058561325	543
15.4177560806	-1289
15.4446291924	-1368
15.4446880817	1086
15.4789819717	-203
15.5140500069	-1368
15.5482091904	-203
15.5502610207	1057
15.6125710011	-543
15.7072851658	-543
15.7075309753	-1368
15.7075641155	-1368
15.7075850964	-1368
15.7078511715	543
15.741724968	-609
15.7498550415	-1368
15.7498881817	1086
15.7499051094	-1368
15.7842590809	-891
15.7843129635	543
15.8409860134	-543
15.8490071297	543
15.9368419647	-1057
15.9393510818	-1368
15.9394981861	-1368
15.9528770447	543
15.9740660191	-891
15.981276989	543
16.0064079762	-543
16.0234911442	543
16.0577840805	-1057
16.0605640411	1057
16.1351110935	543
16.1367990971	-543
16.1795451641	-543
16.1796000004	-1368
16.1858651638	1368
16.1858780384	1368
16.2352161407	-543
16.2641911507	891
16.3070940971	-543
16.3079299927	543
16.3086850643	-203
16.3298091888	-1368
16.3300161362	-1368
16.3300561905	-1368
16.3300850391	-1368
16.3301041126	-1368
16.352823019	-543
16.3575901985	-1368
16.3583180904	-1368
16.3584091663	-1368
16.3593251705	-1368
16.370445013	-543
16.3704781532	1057
16.4047369957	-543
16.4050240517	543
16.4283661842	1086
16.4593629837	-1368
16.4594609737	-1368
16.4595329762	-1368
16.4595651627	-1368
16.4595830441	-1368
16.459592104	-1368
16.4596061707	-1368
16.4596149921	-1368
16.4596381187	-1368
16.4596531391	-1368
16.4596669674	-1368
16.4596920013	-1368
16.4690380096	-1057
16.4709460735	1057
16.4875121117	-1368
16.4875371456	-1368
16.4875581264	-1368
16.4875919819	-1368
16.4884819984	-1368
16.4884970188	-1368
16.488514185	-1368
16.48853302	-1368
16.5058991909	1368
16.5401701927	261
16.5579111576	543
16.5888869762	-1368
16.5889780521	-1368
16.5890421867	-1368
16.5890650749	-1368
16.589081049	-1368
16.5890920162	-1368
16.589097023	-1368
16.5891029835	-1368
16.589110136	-1368
16.5891170502	-1368
16.589163065	-1368
16.5891771317	-1368
16.5893330574	-1368
16.5893790722	-1368
16.5894050598	-1368
16.5894629955	-1368
16.5895750523	-1368
16.5895881653	-1368
16.5896170139	-1368
16.5896551609	-1368
16.5897581577	-1368
16.5897910595	-1368
16.5898230076	-1368
16.5898480415	-1368
16.6064581871	-1368
16.6065020561	-1368
16.6065089703	-891
16.6163761616	543
16.6168110371	-1368
16.6168680191	-1368
16.6168911457	-1368
16.6168971062	-1368
16.6169071198	-1368
16.6169531345	-1368
16.6169710159	-1368
16.6174800396	-1368
16.6174981594	-1368
16.6175200939	-1368
16.6175551414	-1368
16.6175730228	-1368
16.6176161766	-1368
16.6176400185	-1368
16.6176590919	-1368
16.6177229881	1368
16.6178061962	-1368
16.6872060299	804
16.7180249691	-1368
16.7180681229	-1368
16.7180840969	-1368
16.7180931568	-1368
16.7181119919	-1368
16.7181429863	-1368
16.7181711197	-1368
16.7181820869	-369
16.7288630009	-1368
16.7288930416	-717
16.7631809711	-1057
16.8163650036	543
16.8451650143	-1368
16.8451941013	-1368
16.8510761261	-891
16.857542038	543
16.9329121113	-543
16.9329559803	-1368
16.9456810951	543
16.9921591282	-543
16.9925701618	543
17.0267930031	-543
17.0618910789	-203
17.0704979897	1057
17.1048030853	-543
17.1441481113	-1368
17.2006790638	-543
17.2007830143	-1368
17.2010641098	-1368
17.2011041641	-1368
17.2011141777	-1368
17.2017941475	-1368
17.2018179893	-1368
17.2018721104	-1368
17.2262270451	-1368
17.2298150063	-746
17.2318480015	543
17.2351629734	-509
17.3155920506	543
17.3246691227	-543
17.3875169754	543
17.4448461533	-1368
17.4449191093	-203
17.5946249962	-543
17.6934370995	-1057
17.6971111298	1057
17.79185009	-543
17.9106490612	-543
17.9131519794	1057
17.947576046	543
18.1280660629	-543
18.1568291187	543
18.1792221069	1368
18.1792430878	1368
18.1855361462	543
18.3062651157	-543
18.306622982	543
18.3085050583	377
18.350249052	-543
18.3503291607	-1368
18.3503441811	-1368
18.3504841328	-1368
18.3505110741	-1368
18.3505370617	-1368
18.3747611046	-1368
18.3748390675	-1368
18.3748550415	-1368
18.380218029	-1368
18.3802921772	-1368
18.45423913	-543
18.4796411991	-1368
18.4796991348	543
18.4797301292	-1368
18.4797420502	-1321
18.5143430233	-1368
18.5144059658	-1368
18.5144190788	-891
18.51486516	-1368
18.5148820877	-1368
18.5149521828	-1368
18.5149719715	543
18.5486021042	-66
18.5571751595	-1368
18.557322979	-1368
18.5914549828	-377
18.6005091667	-1368
18.6089930534	-232
18.6257891655	-543
18.6347360611	543
18.7382249832	-543
18.902793169	-543
18.9262361526	-565
20.0151081085	-543
20.1860661507	543
20.7319400311	1057
22.1277000904	-1057
