0	543
2.53872680664	543
2.5516769886	543
3.00966095924	-543
3.03310394287	-543
3.20378994942	-1420
3.20385789871	-1420
3.20389699936	-787
3.26728081703	543
3.28236579895	543
3.28371286392	543
3.28393793106	543
3.30188679695	-1420
3.30194783211	-1420
3.30198383331	-787
3.32220387459	543
3.32245588303	543
3.33863997459	543
3.33888983727	543
3.34826898575	-543
3.39782881737	-1368
3.43239498138	-203
3.50850391388	-1420
3.5085299015	-1420
3.50856781006	-787
3.65792393684	-1420
3.65794086456	-1179
3.75525689125	-1420
3.75527477264	-151
3.79416680336	-1420
3.79418182373	-1316
3.80159091949	-891
3.85358095169	-1368
3.89217877388	-1420
3.89219379425	-1420
3.89225077629	-1264
3.89733695984	-240
3.90317988396	543
3.90427994728	-1420
3.90428590775	-1420
3.90433192253	-1264
3.90998077393	543
3.91025400162	543
3.94382786751	-66
4.00171899796	-1420
4.00174188614	-1316
4.00179886818	-1420
4.00180196762	-1420
4.00182890892	-1264
4.0018928051	-1368
4.01217985153	-1420
4.01219677925	-1316
4.01224184036	-1368
4.01837587357	543
4.03045082092	-712
4.05725097656	-1420
4.05731582642	-1316
4.07696485519	-891
4.07802987099	543
4.12105178833	-1368
4.12106895447	-1368
4.16624283791	-1420
4.16626000404	-1420
4.16631984711	-1264
4.16640377045	-414
4.17876982689	-1368
4.21307086945	-746
4.24012994766	-1420
4.24014496803	-1316
4.25966787338	-891
4.27189683914	-1420
4.27195882797	-1316
4.27196383476	-1368
4.30597782135	-66
4.34322881699	-1420
4.34327483177	-1316
4.34732794762	-1420
4.34737277031	-1420
4.34737682343	-1264
4.35287189484	-957
4.36923289299	-1420
4.36929583549	-1316
4.3994178772	-377
4.40085983276	543
4.40149593353	543
4.40183591843	543
4.4561958313	-1420
4.45621299744	-1420
4.45627379417	-787
4.51346683502	-1420
4.51348280907	-1179
4.56096076965	-1420
4.56097698212	-1420
4.56103897095	-787
4.56104183197	-1420
4.56108283997	-1420
4.56108593941	-1264
4.60362887383	-1368
4.60364484787	-1368
4.60400795937	-1368
4.60724687576	-132
4.61049079895	-1368
4.61072278023	-1368
4.61088681221	-1368
4.61686992645	543
4.65397691727	-609
4.70983576775	-1420
4.70985388756	-1316
4.7099108696	-1420
4.70991396904	-1420
4.70994997025	-1264
4.71067976952	543
4.71147584915	-1420
4.71148085594	-1316
4.71160078049	-1368
4.74050879478	-1023
4.74646377563	-1420
4.74646997452	-1420
4.74650883675	-1264
4.78698182106	-609
4.81957793236	-1420
4.81959295273	-1420
4.81965589523	-1420
4.81965899467	-1212
4.81977581978	-1368
4.82039880753	-1420
4.82049798965	-1316
4.82050085068	-1368
4.82111382484	-1420
4.82111787796	-1316
4.82117390633	-1368
4.85577487946	-1368
4.86601877213	-264
4.96570897102	-1057
5.00185585022	543
5.00215792656	-1420
5.00216293335	-1316
5.01222896576	-891
5.10343194008	-1420
5.10344791412	-1420
5.10350084305	-787
5.10695886612	543
5.12339687347	-1368
5.12365293503	-1420
5.12369394302	-1420
5.12369585037	-1420
5.12371182442	-1420
5.12371492386	-1160
5.1252849102	543
5.14986300468	-132
5.18052482605	-1368
5.18058776855	-1420
5.18059182167	-1316
5.18692088127	543
5.20038294792	-1420
5.20038890839	-1420
5.20043897629	-1264
5.20226693153	543
5.22689199448	-132
5.26192784309	-1420
5.26199483871	-1316
5.26199889183	-1420
5.2620408535	-1420
5.26204395294	-1264
5.27343988419	-957
5.28988599777	-1420
5.28995394707	-1420
5.28995895386	-1264
5.31290483475	-1420
5.31291985512	-1420
5.31297492981	-1264
5.33656692505	-675
5.37475395203	-1420
5.374781847	-1316
5.37490677834	-1420
5.37491083145	-1420
5.37495493889	-1264
5.40622377396	-1420
5.40629076958	-1420
5.40629577637	-1264
5.4211769104	-1023
5.42191696167	1057
5.45086693764	-1420
5.45088195801	-1420
5.45093584061	-1264
5.46874880791	-609
5.48500800133	-1420
5.48502492905	-1316
5.48550987244	-1420
5.48551297188	-1316
5.48566794395	-1368
5.485850811	-1420
5.48588180542	-1316
5.48594498634	-1368
5.50439190865	543
5.51222395897	1057
5.53139185905	-509
5.5497238636	-1420
5.54978990555	-1420
5.54979586601	-1264
5.55690693855	543
5.5964179039	-1123
5.6545419693	-1420
5.65456581116	-1316
5.68107891083	-377
5.70690989494	1460
5.70696997643	111
5.71652889252	-1368
5.71691894531	-1420
5.71696281433	-1420
5.71696591377	-1264
5.75174379349	-1420
5.75175189972	-1420
5.75178980827	-1264
5.75191783905	543
5.75395989418	-306
5.75471186638	543
5.75490689278	543
5.84945178032	-1420
5.84946584702	-1420
5.84952497482	-273
5.87604498863	-1420
5.87607979774	-1316
5.87647294998	-1420
5.876516819	-1420
5.87651991844	-1264
5.89600086212	-957
5.89611077309	543
5.93426799774	-1420
5.93427491188	-1420
5.93431687355	-1264
5.94242477417	-66
5.97391486168	-1420
5.9739279747	-1316
5.97398090363	-1368
5.99002981186	-1420
5.99007678032	-1316
6.0205488205	-957
6.044246912	-1420
6.04426598549	-1420
6.04431891441	-1264
6.04752492905	543
6.0697658062	-1420
6.06978178024	-1420
6.06983780861	-1264
6.09061789513	-132
6.09306383133	-543
6.12212300301	543
6.12235283852	543
6.15160298347	-1420
6.15162587166	-1316
6.18254995346	-891
6.25985789299	-1420
6.25987577438	-1420
6.25993895531	-1264
6.26620697975	543
6.26648378372	543
6.27925395966	-580
6.27935481071	543
6.3127617836	-1368
6.33727097511	543
6.33752989769	543
6.34593582153	543
6.34616684914	543
6.35935378075	-1231
6.36695981026	-1420
6.36699795723	-1316
6.41073799133	-1368
6.41359376907	-1094
6.41688394547	1460
6.41693282127	625
6.46999597549	-1420
6.47001099586	-1420
6.47006297112	-787
6.47622799873	-1420
6.47627782822	-1316
6.47639989853	-1368
6.47960686684	-1368
6.49174880981	1460
6.49180388451	111
6.51633381844	-269
6.57886600494	-1420
6.57887196541	-1420
6.57891488075	-787
6.58830881119	-1420
6.58831477165	-1420
6.58835577965	-1264
6.58848285675	543
6.6253387928	-66
6.63691282272	1460
6.63698077202	111
6.63719582558	1460
6.63724780083	111
6.64687490463	543
6.64739084244	543
6.64760684967	543
6.65793395042	-1420
6.657943964	-1316
6.65823578835	543
6.65845298767	543
6.65882587433	543
6.6590077877	543
6.67412996292	543
6.67438077927	1057
6.67488980293	543
6.67511796951	543
6.68363595009	-377
6.71665477753	543
6.71702480316	543
6.71731185913	543
6.71756386757	543
6.77227878571	-1420
6.77229690552	-1420
6.77235984802	-787
6.8022069931	-1420
6.80225992203	-1316
6.80238580704	-1368
6.80277895927	-1420
6.80278396606	-1316
6.80302190781	-1368
6.81864595413	-132
6.86945295334	-1420
6.86946988106	-1316
6.86976790428	-891
6.91083693504	-1420
6.91090488434	-1420
6.91090989113	-1264
6.91203188896	-1420
6.91203784943	-1420
6.91207790375	-1264
6.91249394417	-1420
6.91253590584	-1316
6.91349482536	-1368
6.92740178108	543
6.92763495445	543
6.95645594597	-741
6.96208286285	543
6.96712183952	-1420
6.96712779999	-1420
6.96717190742	-1264
7.00184679031	543
7.00194597244	543
7.01345586777	-66
7.01896882057	-1420
7.01898193359	-1316
7.02034687996	-1368
7.02108883858	-1420
7.02112984657	-1316
7.02141284943	-1420
7.02149581909	-1420
7.02149891853	-1264
7.02153396606	-1420
7.02153682709	-1316
7.02158284187	-1368
7.02345490456	543
7.06025695801	-1089
7.06759881973	543
7.07171487808	-1420
7.07171988487	-1420
7.07175087929	-1264
7.07926487923	543
7.07948088646	543
7.10663795471	-66
7.12988400459	-1420
7.12993884087	-1316
7.12994384766	-1368
7.13001179695	-1420
7.13001489639	-1420
7.13004183769	-1264
7.14795994759	543
7.15289878845	-132
7.16903996468	-1420
7.1691057682	-1420
7.16911077499	-1264
7.1733019352	1460
7.17337799072	625
7.19268393517	543
7.19292497635	543
7.1994137764	-66
7.22723698616	543
7.22745895386	543
7.26627492905	-1420
7.26629281044	-1420
7.26633000374	-787
7.27996492386	-1420
7.28002977371	-1316
7.28003382683	-1420
7.28007698059	-1420
7.28007888794	-1264
7.28028678894	543
7.29010987282	543
7.31295800209	-957
7.32568788528	543
7.32595276833	543
7.34163498878	-1420
7.34164786339	-1316
7.34171295166	-1368
7.35957980156	-66
7.35973978043	543
7.36331391335	-1420
7.36333298683	-1316
7.36389279366	-1368
7.40731096268	-609
7.42677283287	-1420
7.42678499222	-1316
7.42755699158	-1420
7.42756295204	-1316
7.42764377594	-1368
7.44924378395	-1420
7.44925284386	-1420
7.44931292534	-1264
7.45149898529	-1420
7.45150494576	-1420
7.45155286789	-1420
7.45155596733	-1212
7.45369195938	-264
7.55879688263	-1420
7.5588259697	-1316
7.55886387825	-377
7.76566195488	-1420
7.76574087143	-1420
7.76578497887	-787
7.81242084503	-543
7.86283183098	-1420
7.86290693283	-1316
7.86294698715	-891
7.88316679001	-1420
7.88323092461	-1420
7.88326692581	-1264
7.88332080841	-1420
7.88336586952	-1316
7.8834028244	-1368
7.88450479507	543
7.90353894234	543
7.90385890007	543
7.90939688683	-675
7.92096996307	-1420
7.92101693153	-1316
7.92102098465	-1368
7.96003580093	-1420
7.96004986763	-1420
7.96011090279	-1264
7.96721577644	-132
7.99156880379	-1420
7.99158787727	-1420
7.99163293839	-1264
7.99163484573	-1420
7.99165081978	-1316
7.99178695679	-1368
7.99199795723	543
8.03350996971	-1420
8.03352284431	-1316
8.0378267765	-1023
8.04727983475	1057
8.06079292297	543
8.07956385612	-1420
8.07957792282	-1316
8.07963299751	-1368
8.0875518322	543
8.09223389626	543
8.10788297653	-609
8.11710977554	543
8.11900186539	-1420
8.11900687218	-1316
8.11995482445	-1368
8.12013578415	-1420
8.12016892433	-1316
8.12105488777	-1420
8.12109589577	-1420
8.12109899521	-1264
8.12120485306	543
8.15440177917	-1023
8.20562887192	-1420
8.20564198494	-1420
8.20568799973	-787
8.22467684746	-1420
8.2246928215	-1420
8.22474598885	-1264
8.22484779358	-1420
8.22486877441	-1316
8.22487282753	-1368
8.22550177574	-1420
8.22550678253	-1316
8.22552490234	-1368
8.22610783577	543
8.2444767952	543
8.24476099014	543
8.25194382668	-198
8.25876092911	543
8.28474783897	-1420
8.28477287292	-1316
8.28481698036	-1368
8.30552387238	-66
8.35197281837	-1057
8.36088895798	-1420
8.36095380783	-1420
8.36095881462	-1420
8.36100196838	-1212
8.36114478111	-1368
8.36162400246	-1420
8.36162877083	-1420
8.36169290543	-1264
8.36179900169	543
8.36890697479	543
8.3934648037	-1420
8.39348077774	-1316
8.39354586601	-1368
8.40734982491	-575
8.45770788193	-1057
8.50181794167	-1420
8.50182795525	-1316
8.50185990334	-1420
8.50186300278	-1316
8.5018799305	-1368
8.50196385384	-1420
8.5019929409	-1316
8.50212979317	-1368
8.5040409565	-509
8.5711247921	-1420
8.57115483284	-1316
8.57120394707	-891
8.61023283005	-1368
8.6106069088	-1420
8.61070895195	-1316
8.61071181297	-1368
8.61075377464	-1368
8.61095786095	-1368
8.61206889153	-1420
8.61207294464	-1420
8.61212897301	-1264
8.61243796349	543
8.65634083748	-198
8.67178082466	543
8.67201781273	543
8.67218494415	-1420
8.67218995094	-1316
8.6729118824	-1368
8.69190979004	543
8.69251298904	543
8.69269990921	543
8.69305586815	543
8.69324684143	543
8.69360184669	543
8.69379496574	543
8.69414496422	543
8.69431877136	543
8.70727682114	543
8.70749187469	543
8.71913981438	-66
8.75965595245	-1368
8.75987195969	-1420
8.75987792015	-1316
8.7601339817	-1420
8.76013898849	-1316
8.76032185555	-1420
8.76032590866	-1316
8.76053094864	-1420
8.76053380966	-1316
8.76557779312	-198
8.79193997383	-1420
8.79198884964	-1316
8.83825182915	-891
8.83844900131	543
8.84561991692	543
8.88905382156	-1420
8.88907694817	-665
8.90559077263	-1420
8.90559697151	-1420
8.90563988686	-1264
8.9056429863	-1368
8.90592288971	-1420
8.9059278965	-1420
8.90597677231	-1264
8.90612697601	543
8.9103307724	543
8.91137886047	543
8.91189098358	543
8.91215991974	543
8.91234493256	543
8.93305397034	-1420
8.9330599308	-1316
8.93634986877	-1368
8.93635487556	-915
8.98637485504	-1420
8.98639297485	-665
9.00200581551	543
9.04242682457	-1420
9.04243898392	-665
9.04273581505	-1420
9.04274082184	-1316
9.04278278351	-1368
9.04298996925	-1420
9.04302382469	-1316
9.04326295853	-1368
9.08397293091	-1420
9.08398485184	-1420
9.08404278755	-1264
9.08881497383	-198
9.16783690453	-1420
9.1678609848	-665
9.16830897331	-1368
9.16865897179	-1420
9.16871380806	-1316
9.17264795303	-1368
9.1760828495	-1420
9.17608880997	-1316
9.17612099648	-1368
9.19964694977	-1420
9.1997179985	-1420
9.19972276688	-1264
9.21438384056	-401
9.22179293633	1460
9.22185182571	111
9.22393393517	543
9.22416996956	543
9.2243847847	543
9.23213291168	543
9.23239398003	543
9.24056792259	543
9.2408208847	543
9.28429889679	543
9.28461098671	543
9.29206180573	543
9.29228997231	543
9.29671788216	-1420
9.29672288895	-1179
9.29727196693	-1368
9.29768776894	-1420
9.29781198502	-1420
9.29781484604	-1264
9.2978618145	-1420
9.29786491394	-1316
9.29790782928	-1368
9.29805994034	543
9.29824590683	543
9.3045759201	-1420
9.30458283424	-1420
9.3046298027	-1264
9.31727480888	543
9.31756782532	543
9.34316778183	-401
9.37727379799	-1368
9.4068069458	-1420
9.40682196617	-1420
9.40685987473	-1264
9.40686297417	-1368
9.40726900101	-1420
9.40727496147	-1420
9.40731596947	-1264
9.42362689972	-1052
9.47662782669	-1420
9.47664690018	-1420
9.47671484947	-1264
9.49120688438	-1420
9.49125599861	-1316
9.51145792007	-443
9.51541590691	-1420
9.51542282104	-1420
9.51546788216	-1264
9.51576590538	-1420
9.51581382751	-1420
9.51581788063	-1264
9.5289349556	543
9.55221390724	543
9.55246686935	543
9.55802893639	-1189
9.59760093689	-1420
9.59767794609	-1316
9.59768486023	-1368
9.61239886284	-1420
9.61240696907	-1316
9.62444877625	-1368
9.62464380264	-1420
9.62470388412	-1316
9.62470793724	-1420
9.62472677231	-1316
9.62492585182	-1368
9.64427280426	-1089
9.64442396164	543
9.70973086357	-1420
9.70974683762	-1420
9.70980095863	-1330
9.73292779922	-1420
9.73299694061	-1420
9.73300099373	-1264
9.73304390907	-1420
9.7330467701	-1316
9.73314785957	-1368
9.73333597183	-1420
9.73336482048	-1316
9.73354792595	-1368
9.73834180832	543
9.75606799126	-198
9.80690383911	-1420
9.80692195892	-1316
9.80696582794	-1368
9.81393790245	543
9.84094691277	-1420
9.84095287323	-1420
9.84100389481	-1264
9.84129190445	-1420
9.84134292603	-1420
9.84134578705	-1264
9.84189391136	-1420
9.84189891815	-1316
9.84555792809	-1089
9.90392398834	-1420
9.90393686295	-1316
9.90397191048	-1368
9.93239283562	-66
9.98934578896	-1420
9.98937392235	-1420
9.98944187164	-787
9.98970794678	-1420
9.9897108078	-1420
9.98982477188	-1264
9.98982787132	-1420
9.98986387253	-1316
9.98986697197	-1368
9.99032998085	543
9.99254083633	543
10.001270771	-1420
10.0013048649	-1316
10.0013599396	-1368
10.0069379807	543
10.0072128773	543
10.035848856	-741
10.0360069275	543
10.0447309017	543
10.0468649864	543
10.1109418869	-1420
10.1109519005	-1420
10.1110048294	-787
10.1112298965	-1420
10.1112809181	-1420
10.1112837791	-1264
10.1126279831	-1420
10.1126329899	-1420
10.1126778126	-1264
10.1343309879	-1420
10.1343829632	-1420
10.1343867779	-1264
10.1572518349	-198
10.1643238068	-1420
10.1643788815	-1316
10.1643819809	-1368
10.1678109169	543
10.21053195	-66
10.223241806	-1420
10.2233018875	-1420
10.2233059406	-1264
10.2238807678	-1420
10.2238848209	-1420
10.2239217758	-1264
10.2240078449	-1420
10.2240459919	-1316
10.2241477966	543
10.2242689133	-1368
10.2279598713	543
10.2316939831	-1420
10.2317099571	-1316
10.2319099903	-1368
10.2673509121	543
10.2676558495	543
10.2695729733	-264
10.2718579769	543
10.3410348892	-1420
10.3410639763	-1420
10.3411309719	-1264
10.3411338329	-1420
10.3411698341	-1316
10.3413388729	-1368
10.3415849209	-1420
10.3415899277	-1316
10.3470578194	543
10.3549418449	-1023
10.3774249554	-1420
10.3774838448	-1316
10.3774888515	-1368
10.4014489651	-66
10.4068808556	543
10.4482579231	-1057
10.4509429932	-1420
10.4509887695	-1316
10.4510908127	-1420
10.4511389732	-1316
10.4511699677	-1368
10.4519479275	-1420
10.4519529343	-1420
10.4519917965	-1264
10.4857289791	-1420
10.4857919216	-1316
10.4857959747	-1368
10.497469902	-575
10.5439169407	-1057
10.5941288471	-1420
10.5941457748	-1420
10.5942029953	-1420
10.5942058563	-1212
10.5944437981	-1368
10.594865799	-1420
10.5949068069	-1316
10.6217138767	-1420
10.6217319965	-1420
10.621765852	-1264
10.6218178272	-1368
10.631706953	1057
10.633097887	-32
10.6568977833	543
10.6588819027	543
10.6591718197	543
10.7414338589	-1420
10.7414608002	-151
10.7415158749	-1368
10.741784811	-1420
10.7418279648	-1420
10.7418308258	-1264
10.7425777912	-1420
10.7425818443	-1420
10.7426187992	-1264
10.7664318085	-1420
10.7665038109	-1420
10.7665088177	-1420
10.7665507793	-1212
10.7876918316	-61
10.8697319031	-1368
10.8762989044	-203
10.8939418793	-1368
10.8943319321	-1420
10.8943729401	-1316
10.8944349289	-1368
10.8996529579	-1420
10.8996729851	-1420
10.8997399807	-1264
10.8999459743	1057
10.917057991	-1420
10.9170889854	-1420
10.9171309471	-1264
10.9228098392	-886
10.9909479618	-1368
11.0091509819	-717
11.0251219273	-1368
11.0251398087	-1420
11.0251879692	-1420
11.0251908302	-1264
11.0254719257	-1420
11.0254769325	-1316
11.0267779827	-1368
11.0556099415	-849
11.0558919907	1057
11.077578783	543
11.0779778957	543
11.0999507904	543
11.1220347881	-1420
11.1220469475	-1420
11.1220989227	-787
11.1532969475	-1420
11.1533699036	-1420
11.1533749104	-1264
11.1537268162	-1420
11.1537308693	-1420
11.1537799835	-1264
11.1539289951	-1420
11.1540288925	-1316
11.154031992	-1368
11.1685400009	-741
11.229724884	-1420
11.2297408581	-1420
11.2297959328	-787
11.3019218445	-1420
11.3019387722	-1420
11.3019928932	-1127
11.3019959927	-1420
11.3020298481	-1420
11.302041769	-1264
11.3020777702	-1420
11.3020889759	-1316
11.3021228313	-1368
11.3047299385	1057
11.3273928165	-1420
11.3274099827	-1420
11.3274669647	-1264
11.3484838009	-401
11.4420228004	-1420
11.4420588017	-1179
11.4421069622	-1368
11.4430418015	-1420
11.4430937767	-1420
11.4430968761	-1264
11.4445838928	-1420
11.4445888996	-1316
11.4446289539	-1368
11.4507927895	-1420
11.4508337975	-1316
11.4508368969	-1368
11.4883408546	-401
11.4896178246	543
11.5479538441	-1420
11.5479719639	-1179
11.586070776	-1420
11.5860869884	-1420
11.586140871	-1264
11.5863039494	-1420
11.5864038467	-1316
11.5864078999	-1368
11.5944848061	-1189
11.6544098854	-1420
11.6544229984	-1420
11.6544668674	-787
11.7008929253	-543
11.7350897789	-1420
11.7351059914	-1316
11.7351639271	-1368
11.7359428406	-1420
11.7360579967	-1420
11.7360618114	-1264
11.7360990047	-1420
11.7361018658	-1420
11.7361359596	-1264
11.7424588203	543
11.7814948559	-198
11.7891469002	-1420
11.7892048359	-1420
11.7892098427	-1264
11.7893269062	543
11.7980818748	1057
11.8356118202	-66
11.8863449097	-1420
11.88635993	-1316
11.8889889717	-1368
11.8892378807	-1420
11.8892428875	-1316
11.88940382	-1420
11.8894069195	-1316
11.8894848824	-1368
11.9076287746	-1420
11.9076578617	-1420
11.9077048302	-1264
11.9212567806	-1089
11.9885168076	-1420
11.9885389805	-1316
11.9978837967	-1368
11.9982337952	-1420
11.998238802	-1420
11.99827981	-1264
11.9986670017	-1420
11.9986717701	-1420
11.9987909794	-1264
11.9987938404	-1420
11.9988298416	-1316
11.9990170002	543
12.0072848797	-1089
12.0737879276	-1420
12.0738019943	-1316
12.0738458633	-1368
12.0936458111	-66
12.0945949554	1057
12.1194679737	543
12.1450588703	-543
12.1453049183	-1420
12.1453578472	-1316
12.1455559731	-1420
12.1455879211	-1316
12.1456859112	-1368
12.167416811	1057
12.1791949272	543
12.1866538525	-1420
12.1866688728	-1420
12.1867229939	-1264
12.1914429665	-1420
12.1914949417	-1316
12.1914989948	-1420
12.1915338039	-1037
12.1969017982	543
12.1973919868	543
12.1976289749	543
12.1981108189	543
12.2575638294	-1420
12.2575879097	-1420
12.2576429844	-787
12.2576467991	-1420
12.2576789856	-1316
12.2577409744	-1368
12.2785658836	-1420
12.2785828114	-1420
12.2786359787	-1264
12.2986838818	543
12.3038377762	-675
12.3239917755	-1420
12.3240578175	-1420
12.3240609169	-1264
12.3319129944	543
12.3504269123	-66
12.4578568935	-543
12.4633867741	543
12.463629961	1057
12.555574894	-1057
12.6869637966	-543
12.7276279926	-543
12.7318527699	543
12.7452027798	-1057
12.7456698418	-1420
12.7456758022	-1316
12.7572448254	-543
12.7843279839	-1420
12.7843389511	-1420
12.7843968868	-1264
12.789331913	543
12.7895579338	543
12.7918219566	-957
12.7919559479	543
12.8294727802	543
12.8813309669	-1420
12.8813478947	-1179
12.8959338665	-1420
12.8959498405	-1316
12.9279668331	-891
12.9445347786	543
12.964471817	-1420
12.9644899368	-1316
12.964537859	-1368
12.9914469719	-1123
12.992923975	543
13.0017938614	543
13.0049498081	-1420
13.0049569607	-1316
13.0387699604	-891
13.0726008415	-1420
13.0726668835	-1420
13.0726709366	-1264
13.0756549835	-1420
13.075660944	-1316
13.1164097786	-1420
13.116440773	-1316
13.1164829731	-1420
13.1164939404	-1316
13.1165108681	-1420
13.1165127754	-1316
13.116797924	543
13.1169178486	543
13.1193399429	-32
13.1741600037	-1420
13.1741778851	-1316
13.1742198467	-1368
13.2081959248	-66
13.2240757942	-1368
13.2251558304	-1420
13.2251758575	-1316
13.2256929874	-1420
13.2256979942	-1420
13.2257390022	-1264
13.2318439484	543
13.2546179295	-1160
13.2714509964	-1420
13.2715129852	-1420
13.271517992	-1264
13.3180987835	-66
13.3329617977	-1420
13.33304286	-1420
13.333067894	-1264
13.3331198692	-1368
13.3333599567	-1368
13.333398819	-1368
13.333920002	1057
13.3343849182	1057
13.3727588654	-1420
13.3727729321	-1420
13.3728339672	-1264
13.3796198368	-1226
13.415997982	1057
13.4245347977	1057
13.4678959846	-1420
13.4679119587	-1316
13.4679489136	-377
13.5029299259	-1420
13.5029959679	-1316
13.5495028496	-891
13.5497398376	543
13.5595669746	543
13.5648128986	-1368
13.5649487972	-1420
13.5649898052	-1316
13.5964767933	-66
13.6620538235	-1420
13.6620738506	-1420
13.662129879	-787
13.6677048206	543
13.734348774	-1420
13.7343759537	-1179
13.7344207764	-1420
13.7344238758	-1420
13.7344589233	-1264
13.7344617844	-1368
13.7593438625	-1420
13.7593579292	-1420
13.7594108582	-1264
13.7807168961	-335
13.8426599503	-1420
13.8426778316	-1316
13.85627985	-1368
13.8582367897	543
13.8665719032	543
13.8701019287	-66
13.87210989	1057
14.0019338131	-1420
14.0019509792	-1420
14.0020067692	-1420
14.0020098686	-1420
14.0020449162	-1420
14.0020477772	-1420
14.0020809174	-579
14.0020837784	-1420
14.0021169186	-1316
14.0484597683	-675
14.0595488548	543
14.0599319935	543
14.0867669582	-1420
14.0867798328	-1316
14.0868499279	-1368
14.1064260006	-66
14.18689394	543
14.1940908432	-1420
14.1940968037	-1420
14.1941468716	-787
14.1942358017	543
14.2926428318	-1420
14.2926588058	-1420
14.2927119732	-787
14.3389008045	-543
14.3896198273	-1420
14.3896479607	-1316
14.3896849155	-1368
14.4291129112	-66
14.472935915	-1368
14.4729478359	-1368
14.4731009007	-1368
14.4753139019	-66
14.4768099785	543
14.4836268425	543
14.4838969707	543
14.5773599148	-1368
14.5774319172	-1420
14.5774838924	-1382
14.5777189732	543
14.6851439476	-1420
14.685161829	-1420
14.6852238178	-1330
14.8379189968	-1420
14.8379368782	-1420
14.8379747868	-787
14.8842289448	-543
14.9349517822	-1420
14.9349758625	-1420
14.9350159168	-1264
14.9470038414	543
14.972235918	-66
15.0323648453	-1420
15.0323829651	-1316
15.0753188133	-891
15.0918719769	1460
15.0919489861	111
15.0979948044	-1420
15.0980010033	-1420
15.0980417728	-1264
15.1120460033	-1420
15.1121079922	-1420
15.1121118069	-1264
15.1214969158	-132
15.121560812	543
15.1262998581	-1420
15.1263058186	-1316
15.1671638489	-1368
15.1726009846	-66
15.2297217846	-1420
15.2297379971	-1420
15.2297959328	-787
15.2763149738	-543
15.3107309341	-1420
15.3107478619	-1420
15.3108239174	-1264
15.3108279705	-1420
15.3108727932	-1316
15.3109078407	-1368
15.3569948673	-132
15.3631858826	-1420
15.3632459641	-1420
15.3632519245	-1264
15.4037299156	-66
15.4581699371	-1420
15.4581987858	-1420
15.4583637714	-787
15.4583678246	-1420
15.4584088326	-1316
15.458411932	-1368
15.4588208199	-1420
15.4588258266	-1316
15.4588458538	-1368
15.4590408802	-1420
15.4590919018	-1316
15.4591658115	-1420
15.45921278	-1316
15.4592158794	-1368
15.459348917	1057
15.5017688274	-1368
15.5044407845	-264
15.5863649845	-543
15.5985097885	-543
15.6052138805	-1420
15.6052668095	-1316
15.6055028439	-1420
15.605535984	-1316
15.6056749821	-1420
15.6057159901	-1420
15.6057188511	-1264
15.6057529449	-1368
15.6519458294	-1023
15.7031219006	-1420
15.703139782	-1420
15.7031757832	-787
15.715159893	-1420
15.7151699066	-1420
15.7152178288	-1420
15.7152209282	-1212
15.7152559757	-1368
15.71544981	543
15.7159729004	-1368
15.7166728973	-1420
15.7167248726	-1316
15.7171139717	-1368
15.7495458126	-227
15.7798547745	-1420
15.7799139023	-1420
15.7799179554	-1264
15.7958409786	-66
15.8265609741	-1420
15.8266308308	-1420
15.826638937	-1264
15.8266749382	-1420
15.8266777992	-1316
15.8270959854	-1368
15.8276178837	-1420
15.827660799	-1420
15.8276638985	-1264
15.834405899	543
15.8378179073	543
15.8468117714	-1420
15.8468179703	-1420
15.8468518257	-1264
15.87220788	543
15.872469902	543
15.8730299473	-264
15.9355099201	-1420
15.9355318546	-1316
15.9380757809	-1420
15.9380857944	-1316
15.938256979	543
15.9383888245	-1368
15.9385559559	-1420
15.938615799	-1316
15.9386188984	-1368
15.9659068584	-1052
15.9869809151	1460
15.9870688915	1460
15.9871058464	193
16.0068979263	543
16.0318388939	-1420
16.0318567753	-1420
16.0319099426	-787
16.0783829689	-543
16.0847539902	-1420
16.0847687721	-1420
16.084815979	-1264
16.08481884	-1420
16.0848457813	-1316
16.0849487782	-1368
16.0854058266	-1420
16.0854108334	-1420
16.0854649544	-1264
16.0933749676	543
16.1295688152	-1420
16.1295809746	-1316
16.1296358109	-1368
16.1308448315	-264
16.1862709522	543
16.1942667961	-1420
16.1942739487	-1420
16.1943159103	-99
16.1945757866	-1420
16.1946809292	-1316
16.1946849823	-1368
16.2303299904	-1420
16.2303459644	-1420
16.2303829193	-1264
16.240860939	-820
16.2411839962	543
16.267663002	543
16.2679188251	1057
16.327300787	543
16.3275289536	543
16.3280119896	-1420
16.3280169964	-665
16.3281178474	543
16.4488887787	-543
16.4509088993	-1420
16.4509439468	-1316
16.4718809128	1460
16.4719719887	111
16.4976129532	-891
16.5773148537	543
16.5776238441	543
16.5880568027	-1420
16.588064909	-1420
16.5881118774	-787
16.588436842	-1420
16.5884428024	-1420
16.5884928703	-1420
16.5884959698	-1420
16.5885307789	-1160
16.5977928638	543
16.598074913	543
16.6197619438	-1420
16.6197788715	-1420
16.6198339462	-1264
16.634939909	-1023
16.6952288151	-1420
16.6952478886	-1420
16.6953029633	-1330
16.6977958679	-1420
16.6978378296	-1420
16.697840929	-1264
16.6981527805	-1420
16.6981568336	-1420
16.698196888	-1264
16.7117707729	543
16.7123479843	543
16.7125859261	543
16.7418618202	-132
16.7544219494	-1420
16.7544779778	-1420
16.7544817924	-1264
16.8006339073	-66
16.8027129173	-1420
16.8027758598	-1420
16.8027808666	-1264
16.8046269417	543
16.8081908226	-1420
16.8081989288	-1420
16.8082458973	-1264
16.8087117672	-1420
16.8087439537	-1316
16.8088068962	-1368
16.8137409687	543
16.8189578056	543
16.8195757866	543
16.8198339939	543
16.8495287895	-198
16.8522469997	-1420
16.8522868156	-1420
16.8522908688	-1264
16.852440834	543
16.8645679951	543
16.8648598194	543
16.8964397907	-66
16.9102928638	-1420
16.9103388786	-1420
16.9103448391	-1264
16.9429199696	-66
16.9608108997	-1420
16.9608829021	-1316
16.9608869553	-1368
17.0018007755	543
17.0018849373	-1420
17.0018978119	-1316
17.0019178391	-1368
17.0071818829	-132
17.0189368725	-1368
17.019056797	-1420
17.0190989971	-1316
17.0192658901	-1420
17.0193068981	-1420
17.0193099976	-1264
17.0536248684	-132
17.073600769	-1420
17.0736718178	-1316
17.0736768246	-1368
17.0743849277	-1420
17.0743908882	-1316
17.0744338036	-1368
17.0998339653	-132
17.1499660015	-1420
17.1499829292	-1420
17.1500368118	-787
17.1654689312	-1420
17.1655259132	-1420
17.1655299664	-1264
17.1848728657	-1420
17.1848828793	-1316
17.1849198341	-1368
17.1854457855	-1420
17.1854958534	-1420
17.1854999065	-1264
17.1856508255	543
17.1961379051	-741
17.2526438236	-1420
17.2526628971	-1420
17.2527279854	-1264
17.2761359215	-543
17.2764959335	543
17.282145977	-66
17.2929317951	-1420
17.2929739952	-1316
17.2935218811	-1368
17.2968089581	543
17.3375608921	-1420
17.3375778198	-1316
17.337635994	-1420
17.337638855	-1420
17.3376839161	-1264
17.3377277851	-1368
17.3393189907	-198
17.3495597839	-1420
17.3496129513	-1420
17.3496170044	-1264
17.385725975	-66
17.4008378983	-1420
17.4008829594	-1316
17.4012088776	-1368
17.4068558216	543
17.4468259811	-1420
17.4468679428	-1420
17.4469208717	-1264
17.4469249249	-1420
17.4469587803	-1316
17.4469618797	-1368
17.4477329254	-198
17.4481868744	-1420
17.4482328892	-1420
17.4482359886	-1264
17.4943358898	-66
17.5101418495	-1420
17.5102159977	-1420
17.5102229118	-1264
17.5565869808	-66
17.5572497845	-1420
17.5573189259	-1420
17.557322979	-1264
17.5574369431	-1368
17.5574398041	-1420
17.5574829578	-1316
17.5820329189	-1420
17.5820999146	-1316
17.5821049213	-1368
17.5823237896	543
17.6038959026	-198
17.6170239449	-1420
17.6170899868	-1420
17.6170949936	-1264
17.6217617989	543
17.6635029316	-66
17.6690738201	-1420
17.6691458225	-1420
17.6691529751	-1264
17.6691877842	-1420
17.66918993	-1316
17.6705498695	-1368
17.7101278305	-132
17.7145879269	-1420
17.714594841	-1420
17.7146430016	-1264
17.7564349174	-66
17.7609899044	-1420
17.7610008717	-1420
17.7610549927	-1264
17.7824959755	-1420
17.782561779	-1420
17.7825667858	-1264
17.782791853	-1420
17.7827959061	-1316
17.782902956	-1368
17.783066988	543
17.8029689789	-198
17.849613905	-1420
17.8496348858	-1420
17.8496899605	-1264
17.8643989563	543
17.8649749756	543
17.8892319202	-66
17.8908638954	-1420
17.8909199238	-1420
17.8909239769	-1264
17.8915998936	-1420
17.8916049004	-1420
17.8916549683	-1264
17.895198822	-1420
17.8952388763	-1420
17.8952429295	-1264
17.9374089241	-198
17.95282197	-1420
17.9528708458	-1420
17.9528779984	-1264
17.9838778973	-66
17.9998188019	-1420
17.9998929501	-1420
17.9998979568	-1264
18.0036029816	-1420
18.0036199093	-1420
18.0036718845	-1264
18.0044708252	-1420
18.0045108795	-1420
18.0045149326	-1264
18.0056488514	543
18.0313019753	-1420
18.031318903	-1316
18.0313658714	-1368
18.0459518433	-264
18.1146769524	-1420
18.1146957874	-1420
18.1147518158	-787
18.1168348789	-1420
18.11687994	-1420
18.1168828011	-1264
18.1171917915	-1420
18.1171979904	-1316
18.1174399853	-1368
18.117721796	543
18.1255218983	543
18.1257588863	543
18.1609668732	-675
18.1633319855	543
18.1774978638	-1420
18.1775138378	-1316
18.1779139042	-1368
18.1799938679	543
18.1878919601	543
18.2102217674	-66
18.2168929577	-1420
18.2169539928	-1420
18.2169578075	-1264
18.256649971	-66
18.2618789673	-1420
18.2619409561	-1420
18.2619447708	-1420
18.2619879246	-1212
18.2619907856	-1420
18.2620248795	-1316
18.2996459007	-1420
18.299710989	-1420
18.2997159958	-1264
18.3031728268	-198
18.3301718235	-1420
18.3302259445	-1316
18.3302299976	-1368
18.3310129642	1057
18.3418388367	543
18.3730018139	-1420
18.3730168343	-1420
18.3730788231	-1264
18.3731949329	-1420
18.3732409477	-1420
18.3732438087	-1264
18.3734698296	543
18.3764657974	-198
18.3967199326	-1420
18.3967969418	-1420
18.3968019485	-1264
18.4371187687	-1420
18.4371438026	-1420
18.4371879101	-1264
18.4430367947	-132
18.5200078487	-1420
18.5200247765	-1420
18.5200879574	-1264
18.5200908184	-1420
18.5201277733	-1420
18.5201308727	-1264
18.5402197838	-132
18.5446798801	-1420
18.5447368622	-1420
18.5447399616	-1264
18.5864608288	-66
18.5972859859	-1420
18.5973680019	-1420
18.5973758698	-1264
18.6118319035	1460
18.6119167805	111
18.6277318001	-1420
18.6277718544	-1420
18.627835989	-1264
18.62783885	-1420
18.627876997	-1420
18.6278789043	-1264
18.6281149387	543
18.6330349445	-198
18.6526229382	-1420
18.6526978016	-1420
18.6527028084	-1264
18.6988339424	-66
18.7238218784	-1420
18.7238869667	-1316
18.7238929272	-1368
18.7240557671	543
18.7322998047	543
18.7359018326	-1420
18.7359058857	-1420
18.73594594	-1264
18.7360539436	-1420
18.7361009121	-1316
18.7361309528	-1368
18.7363009453	543
18.7600598335	-1420
18.7600758076	-1420
18.7601377964	-1264
18.7700769901	-264
18.8215148449	-1420
18.8215329647	-1420
18.8215987682	-1264
18.8441348076	-1420
18.8442018032	-1420
18.8442058563	-1264
18.8447067738	-1420
18.8447108269	-1420
18.8447499275	-1264
18.8546049595	-198
18.9098119736	-1420
18.9098308086	-1420
18.909886837	-1264
18.9195218086	-1420
18.9195737839	-1420
18.9195768833	-1264
18.9413969517	-675
18.9538118839	-1420
18.9538497925	-1316
18.954199791	-1420
18.9542398453	-1420
18.9542429447	-1264
18.988109827	-957
18.9918029308	543
19.016422987	-1420
19.0164477825	-1316
19.0164837837	-1368
19.0169808865	-1420
19.0170218945	-1420
19.0170238018	-1264
19.0349559784	-132
19.1086859703	-1420
19.1087138653	-1420
19.1087579727	-1264
19.1093127728	-1420
19.1093189716	-1316
19.1099507809	-1368
19.1142168045	-1420
19.1142230034	-1420
19.1142668724	-1264
19.1219348907	-198
19.1220469475	543
19.1247839928	-1420
19.1247889996	-1316
19.1248819828	-1368
19.1249678135	543
19.1453528404	543
19.1684708595	-66
19.2152209282	-1420
19.2152369022	-1420
19.215294838	-1264
19.2152988911	-1420
19.2153329849	-1420
19.2153358459	-853
19.2201218605	-1420
19.2201318741	-1420
19.2201838493	-1264
19.2325179577	-1420
19.232531786	-1420
19.2325918674	-1264
19.2327189445	543
19.2616817951	-675
19.3226850033	-543
19.3236048222	-1420
19.3236098289	-1420
19.3236517906	-1264
19.3238430023	-1420
19.323846817	-1316
19.3294608593	-1420
19.3294677734	-1420
19.3295199871	-1264
19.3409619331	-1420
19.3409759998	-1316
19.3416647911	-1368
19.3654489517	-1368
19.3701078892	-264
19.5775427818	-1420
19.5776028633	-1420
19.5776309967	-273
19.580010891	1460
19.5800828934	111
19.6325159073	1057
19.6748349667	-1420
19.6748518944	-1420
19.6748988628	-273
19.7007479668	-1420
19.7008137703	-1316
19.7215158939	-891
19.7718279362	-1368
19.8103649616	-717
19.9945089817	-1420
19.9945287704	-1420
19.9945659637	-787
19.9947049618	543
20.0104408264	543
20.0632278919	-1057
20.063256979	-1420
20.0632939339	-1316
20.0636429787	-1420
20.0637729168	-1420
20.0637757778	-1264
20.0638139248	-1420
20.0638158321	-1316
20.0639028549	-1368
20.0640308857	543
20.1097409725	-509
20.1228919029	-1420
20.1229298115	-1420
20.1229338646	-1264
20.1691939831	-66
20.2116749287	-1420
20.2116827965	-1420
20.2117388248	-1264
20.2118458748	-1420
20.2118849754	-1420
20.2118878365	-1264
20.2552909851	-132
20.2575979233	-1420
20.2576618195	-1316
20.2576649189	-1368
20.3016638756	-66
20.3194098473	-1420
20.3194229603	-1420
20.3194739819	-1264
20.3195738792	-1420
20.3196158409	-1316
20.3197369576	-1368
20.3197748661	-1420
20.3197779655	-1316
20.3198699951	543
20.3199739456	-1420
20.3199768066	-1420
20.3199779987	-1264
20.32020998	-1420
20.3202137947	-1316
20.3203399181	-1368
20.3481009007	-612
20.3946259022	-543
20.4280738831	-1368
20.4281468391	-1368
20.4282209873	-1368
20.4286859035	-1420
20.4286909103	-1316
20.4288439751	-1368
20.4288468361	-1420
20.4288899899	-1316
20.4288928509	-1368
20.4290218353	543
20.4292018414	543
20.466711998	-1420
20.4667408466	-1316
20.4667878151	-1368
20.4745688438	-264
20.536397934	-543
20.536539793	-1420
20.5365908146	-1316
20.5368039608	-1420
20.536842823	-1316
20.5369918346	-1420
20.537031889	-1420
20.5370349884	-1264
20.5370678902	-1368
20.5390999317	543
20.5832469463	-509
20.6145088673	-1420
20.6145658493	-1420
20.6145708561	-1264
20.6296668053	-66
20.6830878258	-1420
20.6831119061	-1420
20.6832139492	-1264
20.6832168102	-1420
20.6832618713	-1316
20.6832649708	-1368
20.6835069656	-1420
20.6835107803	-1420
20.6835589409	-1264
20.6868798733	543
20.7193288803	-1420
20.7193439007	-1420
20.719399929	-1264
20.7199177742	-264
20.8293609619	-1057
20.8293888569	-1368
20.8302278519	-1420
20.8302338123	-1316
20.8302929401	-1368
20.8308889866	-1420
20.830922842	-1420
20.8309249878	-1264
20.8310198784	543
20.8616518974	-1420
20.8616600037	-1316
20.8617630005	-1420
20.8617658615	-1316
20.8674957752	-1368
20.875772953	-264
20.87585783	543
20.939032793	-1420
20.9390449524	-1179
20.9645838737	-1420
20.96459198	-1420
20.9646458626	-1264
20.985273838	-66
21.0017697811	543
21.0018558502	543
21.0619678497	-1368
21.0739338398	-717
21.1700019836	-543
21.1963489056	-543
21.3799939156	1460
21.3800988197	111
21.4669628143	543
21.5242118835	1057
21.53576684	543
21.8279299736	-543
21.9284329414	-1420
21.9285068512	-1420
21.9285459518	-787
21.9391748905	-1368
21.9399349689	-1420
21.9399797916	-1420
21.9400169849	-1264
21.9746508598	-754
22.0253019333	-1420
22.0253717899	-1316
22.0253989697	-1420
22.0254228115	-14
22.0433847904	-1420
22.0434529781	-1420
22.0434989929	-1264
22.0716907978	-66
22.0868639946	543
22.0876169205	1460
22.0876629353	625
22.1319608688	1057
22.132349968	1057
22.1455478668	-1057
22.1806328297	543
22.3879158497	-543
22.4809818268	-1420
22.4810528755	-1420
22.4810919762	-787
22.4850859642	-1420
22.4851338863	-1316
22.4857108593	-1368
22.5271217823	-66
22.5824069977	-1420
22.5824677944	-151
22.5955548286	-1420
22.5956048965	-1316
22.5973339081	-1420
22.5973877907	-1420
22.5974338055	-1264
22.5975799561	543
22.6288158894	-957
22.6795809269	-1368
22.6795969009	-1420
22.6796569824	-1316
22.7008919716	543
22.720676899	543
22.7209088802	-1420
22.7209157944	-1316
22.7210378647	543
22.7210898399	-1368
22.7214269638	-1420
22.7214779854	-1420
22.7214808464	-1264
22.7215869427	-1420
22.7215898037	-1316
22.7216777802	-1368
22.7256639004	-264
22.7422149181	-1420
22.7422308922	-1316
22.7423517704	-1368
22.7718968391	-66
22.7720530033	543
22.8287677765	-1420
22.8287849426	-1420
22.8288397789	-787
22.8293728828	-1420
22.8294258118	-1420
22.8294289112	-1264
22.8744399548	-1420
22.8744559288	-1420
22.8745110035	-1264
22.8749477863	-161
22.9696547985	1057
22.9709818363	-1420
22.9709877968	-1420
22.9710388184	-273
22.9939777851	543
22.9942748547	543
22.994481802	543
23.0486879349	1460
23.048776865	111
23.1956548691	-543
23.2035858631	1057
23.3286788464	-1420
23.3286979198	-1420
23.3287649155	-787
23.4368269444	-1420
23.4369189739	-1420
23.4369459152	-1127
23.4369637966	-1420
23.4369797707	-1316
23.4370059967	-1368
23.4373857975	543
23.4831318855	-269
23.5276808739	-1420
23.5277488232	-1420
23.5277848244	-1264
23.5279779434	543
23.5443868637	-1420
23.5444018841	-1420
23.5444619656	-1264
23.5447638035	-1420
23.5448048115	-1316
23.5449090004	-1368
23.5451078415	-1420
23.5451118946	-1420
23.5451498032	-1264
23.5452818871	543
23.5690758228	-264
23.6439278126	-1420
23.6439459324	-1420
23.6440019608	-1264
23.6584858894	-66
23.6599478722	-1420
23.659952879	-1316
23.6600198746	-1368
23.6607699394	-1420
23.6607749462	-1316
23.6617047787	-1420
23.6617097855	-1316
23.6617949009	-1368
23.6626238823	-1420
23.6626288891	-1420
23.662678957	-1264
23.6626808643	-1420
23.6627168655	-1420
23.6627209187	-1264
23.6629059315	543
23.7062339783	-612
23.7921710014	-1086
23.8269479275	-1420
23.8269629478	-1316
23.8386478424	-891
23.8720619678	-1420
23.872081995	-1316
23.8853538036	-891
23.8939349651	1057
23.9070317745	1057
23.9582829475	-1420
23.9583008289	-1420
23.9583559036	-787
23.9617228508	543
24.0609779358	543
24.0735709667	-1420
24.0735878944	-151
24.0802898407	543
24.1059579849	543
24.1062698364	543
24.1519269943	543
24.2825119495	-1420
24.2825307846	-151
24.285353899	-1420
24.2853608131	-1316
24.3290119171	-377
24.3723549843	-1420
24.3724069595	-1316
24.418615818	-891
24.4802107811	-1420
24.4802689552	-1420
24.4802889824	-1264
24.5218429565	1057
24.5221898556	1460
24.5222358704	1460
24.5222787857	193
24.5267138481	-580
24.5422668457	1460
24.5423460007	111
24.5428829193	543
24.5431218147	543
24.5747449398	-1368
24.5890629292	-717
24.5944437981	-1420
24.5944519043	-1420
24.5944988728	-1264
24.6358468533	-66
24.6832258701	-1420
24.6832439899	-1420
24.6833119392	-1264
24.7295329571	-66
24.837335825	-1057
24.8395237923	543
24.8423309326	1057
24.8555757999	-1420
24.8555989265	-1420
24.8556449413	-1264
24.8556478024	-1420
24.8556628227	-1420
24.8556649685	-1264
24.8838078976	-132
24.9078328609	-1420
24.9079008102	-1420
24.907905817	-1264
24.9544279575	-66
24.9746809006	-1420
24.9747757912	-1420
24.9747829437	-1264
24.9748198986	-1368
24.9749248028	-1420
24.9749789238	-1316
24.9750089645	-1368
24.9751698971	-1368
24.9752528667	-1368
24.9754238129	543
25.0126497746	-1420
25.0126669407	-1316
25.0127317905	-1368
25.012898922	543
25.0210328102	-264
25.0802278519	-1420
25.0802459717	-1420
25.080302	-787
25.1260697842	-1420
25.1260869503	-1420
25.1261489391	-1264
25.1261518002	-1420
25.1262037754	-1316
25.1264410019	-1368
25.1264429092	-161
25.1269397736	-1420
25.1269447803	-1420
25.1269848347	-1264
25.1273880005	543
25.1438257694	543
25.1524977684	543
25.1728279591	-66
25.2116529942	-1420
25.2117099762	-1420
25.211714983	-1264
25.2361178398	-1420
25.2361319065	-1420
25.2361929417	-1264
25.2361958027	-1420
25.2362298965	-1420
25.2362339497	-1264
25.2364518642	543
25.2583258152	-712
25.3096029758	-1420
25.3096218109	-1420
25.3096768856	-787
25.3136777878	543
25.323928833	543
25.3427147865	-1420
25.3427238464	-1420
25.3427717686	-1264
25.3437860012	-1420
25.3438448906	-1316
25.3438489437	-1368
25.3441059589	-1420
25.3441097736	-1420
25.3441457748	-1264
25.3558838367	-741
25.4079167843	-1420
25.4079339504	-1316
25.4079887867	-1368
25.4098439217	543
25.4432029724	-66
25.4513700008	-1420
25.4514319897	-1420
25.4514358044	-1264
25.4897909164	-1420
25.4898059368	-1420
25.4898607731	-1264
25.4898629189	-1420
25.4898979664	-1420
25.4899017811	-919
25.4938108921	-1420
25.4938189983	-1420
25.4938647747	-1264
25.5400497913	-609
25.5578968525	-1420
25.5579040051	-1316
25.5580399036	-1368
25.604336977	-609
25.637980938	-1420
25.6380009651	-1316
25.6380569935	-1420
25.6380608082	-1420
25.6380958557	-1264
25.6506209373	-957
25.6569828987	543
25.6654539108	-1420
25.6654629707	-1420
25.6655089855	-1264
25.6969988346	-66
25.7045269012	-1420
25.704531908	-1420
25.7045819759	-1264
25.7489237785	-1420
25.748939991	-1420
25.7489988804	-1264
25.750756979	-132
25.7732098103	-1420
25.7732248306	-1316
25.7732868195	-1368
25.805672884	-1420
25.8056828976	-1316
25.8059039116	1057
25.8196427822	-957
25.8202109337	543
25.8204858303	543
25.8543829918	1460
25.8544778824	111
25.8642039299	1460
25.8642988205	111
25.8717908859	1460
25.8718547821	111
25.883387804	1057
25.9501779079	-1420
25.9501948357	-1420
25.9502518177	-787
25.9503798485	543
25.9674549103	1057
25.9876599312	1057
25.9938588142	543
26.0218257904	543
26.0478279591	-1057
26.0596079826	543
26.0661358833	543
26.081114769	-1420
26.0811319351	-1316
26.127175808	-891
26.1458477974	-1368
26.1800909042	-1420
26.1801059246	-1420
26.180161953	-1420
26.180164814	-1212
26.1802079678	-1420
26.1802108288	-1316
26.1934289932	-820
26.2081708908	543
26.2432777882	-1420
26.2432909012	-1420
26.2433419228	-1264
26.2540199757	-1420
26.2540788651	-1420
26.2540829182	-1264
26.2550997734	-132
26.2568378448	543
26.2886838913	-1420
26.288700819	-1316
26.2887737751	-1368
26.3032889366	-1420
26.3033218384	-1420
26.3033249378	-1264
26.3033499718	-132
26.3513128757	-1420
26.3513309956	-1420
26.3513858318	-1264
26.3901867867	-66
26.3973538876	-1420
26.3973619938	-1420
26.3974127769	-1264
26.3975608349	-1420
26.3976039886	-1316
26.3978638649	-1420
26.3979218006	-1316
26.3979249001	-1368
26.3979599476	-1368
26.4366178513	-198
26.4854319096	-1420
26.4854478836	-1420
26.4855108261	-787
26.4918119907	543
26.5035028458	-1420
26.5035119057	-1420
26.5035569668	-1264
26.5054719448	-1420
26.505535841	-1420
26.5055398941	-1264
26.5056397915	-1368
26.5056428909	-1368
26.5057878494	-1368
26.5092658997	543
26.531867981	-741
26.6013259888	-1420
26.6013438702	-1420
26.6014039516	-787
26.6111178398	-1420
26.6111278534	-1420
26.611178875	-1264
26.61398983	-1368
26.6141209602	-1420
26.6141648293	-1316
26.6144418716	-1420
26.6144809723	-1420
26.6144838333	-1264
26.6153759956	-1420
26.6153798103	-1420
26.6154279709	-1264
26.6164479256	543
26.6478199959	-807
26.721654892	-1420
26.7216727734	-1420
26.7217199802	-787
26.7230618	-1420
26.7230827808	-1316
26.7232379913	-1420
26.7232768536	-1420
26.723279953	-1264
26.7233128548	-1368
26.7682929039	-675
26.7959809303	-1420
26.7959959507	-1420
26.7960588932	-1264
26.814538002	-66
26.828127861	543
26.8303108215	-1420
26.830316782	-1420
26.8303568363	-1264
26.83126688	-1420
26.8313088417	-1316
26.8368499279	543
26.8610858917	-986
26.9085907936	1057
26.9275667667	-1420
26.9275858402	-1420
26.9276418686	-1264
26.9553527832	-66
27.0400919914	-1368
27.0423099995	-1231
27.0434269905	543
27.0447478294	543
27.1682128906	-543
27.1759848595	-1420
27.1759939194	-1420
27.1760377884	-787
27.2016568184	-1368
27.2226178646	-1231
27.4668588638	-543
27.4769978523	-543
27.5850348473	-1057
27.6940498352	-1420
27.6940999031	-151
27.791233778	-1420
27.7913019657	-1420
27.7913479805	-787
27.7935268879	543
27.7946398258	543
27.7948877811	543
27.8883419037	-1420
27.8883628845	-151
27.92740798	-543
28.0016548634	543
28.0017688274	543
28.0018439293	543
28.0121939182	-1420
28.0122079849	-1420
28.0122728348	-273
28.1185948849	-1420
28.1186478138	-151
28.2159368992	-543
28.3240208626	-1420
28.3240468502	-1420
28.3240859509	-787
28.3951609135	-1057
28.492276907	-1420
28.4923048019	-151
28.5894098282	-1420
28.5894269943	-1420
28.5894989967	-787
28.6936058998	-1420
28.6936237812	-1316
28.6936838627	-377
28.7901008129	-1057
28.8375558853	-1420
28.8375709057	-1420
28.8376278877	-787
28.8974318504	-1420
28.897482872	-1420
28.8975608349	-787
29.0372128487	-1057
29.1651699543	1057
29.3016359806	-1420
29.3017017841	-1420
29.3017408848	-787
29.3019258976	1057
29.4377679825	-1420
29.4377858639	-1420
29.4378387928	-1330
29.4740347862	543
29.4759778976	543
29.4968709946	543
29.5345189571	-1420
29.534542799	-1316
29.5348348618	-1420
29.5348398685	-14
29.6654708385	-1420
29.6654889584	-1420
29.6655538082	-787
29.7121369839	-543
29.7421188354	543
29.7423968315	543
29.7709858418	-1420
29.7710049152	-1420
29.7710618973	-1264
29.7887489796	-66
29.9010059834	-1420
29.9010238647	-1420
29.9010848999	-787
29.9473268986	-543
30.0092499256	-1420
30.0092658997	-1420
30.009333849	-1264
30.0095179081	543
30.0329699516	-66
30.1272578239	-1420
30.1272749901	-1420
30.1273288727	-787
30.1718199253	543
30.1720848083	543
30.17355299	-543
30.2283768654	-1420
30.2283949852	-1420
30.2284598351	-787
30.2393729687	-1420
30.2394688129	-1420
30.2395169735	-1264
30.2395198345	-1420
30.239554882	-1316
30.2398869991	-1420
30.2399277687	-1316
30.2399318218	-1368
30.2468299866	543
30.261961937	-1368
30.2747528553	-198
30.3414700031	-1420
30.3414878845	-1420
30.3415439129	-787
30.3416779041	543
30.3480899334	-1420
30.3480958939	-1420
30.3481419086	-1264
30.3482508659	-1420
30.3482909203	-1316
30.3482937813	-1368
30.3879919052	-675
30.3988428116	-1420
30.3989098072	-1420
30.3989169598	-1264
30.3998618126	543
30.4158439636	543
30.4342348576	-66
30.449600935	-1420
30.4496388435	-1316
30.449767828	-1368
30.4563758373	-1420
30.4563858509	-1316
30.456745863	-1420
30.4567508698	-1420
30.456818819	-1264
30.4568219185	-1368
30.4568548203	-1420
30.4568588734	-1316
30.496024847	-1089
30.5535538197	-1368
30.5535778999	-1420
30.5536198616	-1316
30.5997378826	-66
30.6015808582	-1420
30.6016449928	-1420
30.6016499996	-1264
30.6478939056	-66
30.6896629333	-1420
30.689677	-1420
30.6897189617	-1264
30.7220618725	-1420
30.7220799923	-1420
30.7221357822	-1264
30.7229578495	-1420
30.7229719162	-1316
30.7361688614	-1023
30.7872259617	-1420
30.7872428894	-1420
30.7873039246	-1264
30.8300538063	-66
30.8321290016	543
30.8361968994	-1368
30.8431749344	-1420
30.8432118893	-1316
30.8767399788	-1094
31.09233284	-1420
31.0923509598	-1179
31.0925889015	-1420
31.0926017761	-1316
31.0926418304	543
31.1177489758	-1420
31.1177649498	-1420
31.1178188324	-1264
31.1387188435	-957
31.1770339012	543
31.2143797874	-1420
31.2144048214	-1316
31.2239468098	-891
31.2315349579	543
31.3514080048	-1368
31.3514699936	-1420
31.3515148163	-1420
31.3515179157	-1420
31.3515408039	-221
31.3546309471	-1420
31.3546669483	-1316
31.3546710014	-1368
31.3980967999	-957
31.4893858433	-1420
31.4894509315	-151
31.6835169792	-1420
31.6835858822	-1420
31.6835918427	-787
31.7809479237	-1420
31.7809658051	-1420
31.7810218334	-1330
31.8430659771	-1420
31.843105793	-151
31.8431677818	-1368
31.8786389828	-1420
31.8786659241	-1420
31.878734827	-1264
31.879021883	543
31.8894929886	-1297
31.8896479607	543
31.9612219334	-1368
31.9722349644	-203
31.9749879837	543
31.9755189419	-1420
31.975525856	-1316
32.0185627937	-891
32.0187089443	543
32.1050589085	-1057
32.1728839874	-1420
32.1729118824	-1179
32.2143838406	1057
32.2236368656	543
32.2325539589	1057
32.3055877686	543
32.4171009064	543
32.4526848793	-1420
32.4527509212	-1420
32.4527897835	-787
32.4824368954	543
32.4826788902	543
32.5625679493	-1420
32.5625939369	-151
32.6701028347	-543
32.9024767876	-543
32.9999527931	-1420
33.0000178814	-1420
33.0000548363	-1330
33.0133328438	543
33.0981948376	-1420
33.0982120037	-665
33.1099238396	543
33.1101748943	1057
33.1653599739	-1420
33.1653769016	-1420
33.1654348373	-787
33.2321867943	-1057
33.3677577972	-1420
33.3678069115	-151
33.5290369987	-543
33.5419478416	1057
33.6259839535	-543
33.7851748466	-1420
33.7851939201	-665
33.9014108181	-1420
33.9014549255	-151
34.0124669075	-1420
34.0124838352	-151
34.1229848862	-1420
34.1230008602	-1420
34.1230587959	-787
34.220250845	-1420
34.2202689648	-151
34.2357869148	-1368
34.2360739708	-1368
34.2422277927	1057
34.2668077946	-406
34.3000729084	-1420
34.3001389503	-1316
34.3465268612	-891
34.3701708317	-1368
34.4145128727	-1420
34.4145288467	-1420
34.4145858288	-1264
34.4164128304	-754
34.5315849781	-1057
34.5317897797	543
34.5534849167	-1420
34.5535008907	-1316
34.578083992	-891
34.6703009605	-1057
34.8077898026	-543
34.8884778023	-543
34.9284889698	-1420
34.9285039902	-1420
34.9285609722	-1330
34.9287798405	543
35.0015859604	543
35.0016899109	543
35.0017399788	543
35.0018949509	543
35.025277853	-1420
35.0252959728	-1420
35.0253579617	-787
35.07178092	-1057
35.0740098953	543
35.0794379711	543
35.1001019478	543
35.5869288445	-543
35.7181367874	-543
35.7195198536	-543
35.7223057747	-543
35.8340837955	-1420
35.8341419697	-1179
35.8356819153	1057
36.0787508488	-543
36.2002258301	-543
36.294962883	-1420
36.2950229645	-1420
36.2950429916	-787
36.3951687813	-1420
36.395236969	-1420
36.395280838	-787
36.4916629791	-543
36.6250407696	-1420
36.6250989437	-1420
36.6251189709	-787
36.7251019478	-1420
36.7251758575	-1420
36.725219965	-787
36.7416758537	543
36.7713849545	-543
36.8258907795	-1420
36.8259079456	-1316
36.8569719791	-891
36.9290938377	-543
36.9998929501	543
37.0264549255	-1420
37.026473999	-1420
37.0265109539	-1330
37.0267729759	543
37.0509428978	-1420
37.0509588718	-1420
37.0510218143	-1264
37.0726649761	-66
37.240447998	-1166
