0	-543
1.44253277779	543
2.44226098061	543
3.44253492355	543
3.44272184372	543
3.93628287315	543
3.98816585541	-543
4.53227186203	-543
4.54028582573	543
5.08991980553	-543
5.09459900856	-1420
5.09464287758	-1316
5.09464788437	-1368
5.09840488434	-1368
5.09977793694	-1368
5.10190296173	-1368
5.12282180786	543
5.17743396759	543
5.21132397652	-1420
5.21134185791	-1420
5.21137881279	-977
5.21821784973	543
5.23507595062	543
5.30218887329	-1420
5.30221700668	-1316
5.32794094086	-406
5.37292289734	-1420
5.37299799919	-1316
5.37439990044	-1368
5.38044881821	-1368
5.38263678551	-1368
5.41888189316	-1420
5.41895794868	-1420
5.4189620018	-1420
5.41900396347	-1212
5.41900587082	-1420
5.41905283928	-1316
5.41920185089	543
5.41938400269	543
5.4972589016	-1420
5.49728488922	-1420
5.49734687805	-1420
5.49734997749	-1212
5.49739289284	-1420
5.49739599228	-1420
5.49743199348	-1264
5.53531289101	-1420
5.53533387184	-1420
5.53537297249	-1420
5.53537678719	-1420
5.53540992737	-1116
5.65183091164	-543
5.65211582184	543
5.66712784767	-1368
5.67243099213	543
5.78396677971	-1318
5.83024978638	-1368
5.94070982933	-232
5.942663908	543
5.96675682068	-1420
5.96677494049	-1420
5.96683192253	-1264
5.9681789875	543
5.96988892555	-1368
5.97023892403	543
5.97353100777	-1420
5.97353696823	-1316
5.97677898407	-1420
5.97678494453	-1316
5.98487997055	-1420
5.98488688469	-1316
6.00937199593	-1368
6.02769994736	-1420
6.02774882317	-1316
6.05760288239	-1420
6.05767178535	-1420
6.05767679214	-1420
6.05772089958	-435
6.06062483788	543
6.0653398037	543
6.23179292679	-543
6.23657989502	-1368
6.23724484444	-1420
6.23724985123	-1316
6.23736095428	543
6.23878788948	-1368
6.2398109436	-1368
6.25532984734	-1368
6.26423096657	543
6.31130290031	-1420
6.31131386757	-1316
6.31422781944	-1368
6.31603598595	543
6.31619882584	-1420
6.31620287895	-1316
6.31949996948	-1368
6.32145094872	-1368
6.32303881645	-1368
6.3236758709	543
6.35341978073	-1420
6.35344791412	-1420
6.35348582268	-1420
6.35348796844	-1420
6.35350394249	-1332
6.4820599556	-543
6.48545598984	-1368
6.48733186722	-1420
6.48733592033	-1316
6.49014687538	-1368
6.4950158596	-1420
6.49502277374	-1316
6.50420188904	-1368
6.50441479683	-1368
6.50862693787	-1368
6.51584386826	-1420
6.51584982872	-1316
6.51852679253	-1368
6.60059499741	-807
6.60519695282	543
6.6102669239	-1420
6.61027193069	-1316
6.61236596107	-1368
6.6161198616	-1420
6.6161468029	-1316
6.61637592316	-1368
6.61942887306	-1368
6.62296199799	-1368
6.63655495644	-1420
6.63656187057	-1420
6.63660883904	-1264
6.6366789341	543
6.64107084274	-1368
6.64388394356	-1420
6.64390683174	-1316
6.6540248394	-1368
6.67462086678	-1368
6.71727895737	-1420
6.71730399132	-1420
6.71735596657	-1264
6.7173769474	-1420
6.71742081642	-1420
6.71742391586	-1264
6.71745800972	-1420
6.71745991707	-1316
6.71749377251	-1187
6.72178387642	543
6.73620581627	-1368
6.73817777634	-1368
6.75326395035	-1420
6.7532749176	-1420
6.75333499908	-1264
6.75333786011	-1368
6.78182578087	-1420
6.78183698654	-1420
6.78189587593	-1264
6.7837369442	-1420
6.78377079964	-1316
6.7912838459	-1368
6.79150485992	543
6.83388781548	-1420
6.83390593529	-1420
6.83397483826	-1420
6.8339779377	-1420
6.83402180672	-1160
6.8529458046	-1250
6.90305685997	-1420
6.90307188034	-1316
6.90457391739	-1368
6.90633583069	543
6.90656995773	-1368
6.90657401085	-1368
6.90900182724	-1368
6.91242289543	543
6.91357493401	-1420
6.91358184814	-1316
6.91849684715	-1368
6.91863489151	543
6.92920589447	-1420
6.9292140007	-1316
6.93096184731	-1368
6.9576728344	-1420
6.95772600174	-1316
6.96966481209	-699
6.97518086433	543
6.97563886642	543
7.01413297653	-1368
7.0371928215	-1368
7.03794288635	-1420
7.03795981407	-1316
7.03804779053	543
7.03953194618	-1420
7.03953886032	-1316
7.04530286789	-1420
7.0453248024	-1316
7.04940080643	-1368
7.05424785614	-1420
7.05431580544	-1316
7.05820083618	-1368
7.05830788612	543
7.08610987663	-293
7.11125087738	-1368
7.15255689621	1460
7.15264582634	111
7.15290284157	543
7.18280386925	543
7.20277881622	-232
7.20296096802	543
7.49581098557	-543
7.49600577354	1057
7.62479496002	-543
7.67249584198	1460
7.67256188393	1460
7.67259788513	1161
7.67270183563	1117
7.67395186424	543
7.67446184158	543
7.67876982689	543
7.67900681496	543
7.67968797684	543
7.78965091705	-543
7.89795684814	-1420
7.89801692963	-1420
7.89804387093	-1264
7.90619897842	-609
7.91461896896	-1368
7.94450592995	543
7.94499397278	543
7.96717190742	-1368
7.96718597412	-1368
7.96744084358	543
7.97512388229	1460
7.97517585754	1460
7.97521090508	707
8.03122591972	-1181
8.04560184479	543
8.04607081413	543
8.08435177803	-1368
8.1073718071	543
8.11465477943	-1368
8.12894797325	543
8.16300392151	-978
8.17249679565	543
8.18966698647	-1420
8.18967890739	-1420
8.18973779678	-1264
8.19056582451	-1368
8.19133687019	-1368
8.20438694954	1057
8.2077498436	-1368
8.20783782005	543
8.21009993553	-1368
8.21017479897	543
8.23116493225	-1368
8.2323319912	-1368
8.28082299232	-227
8.3111679554	-1368
8.31141495705	543
8.31156086922	543
8.31219100952	1460
8.31223893166	111
8.36951494217	-543
8.39737486839	-804
8.40251398087	543
8.40265893936	543
8.45296382904	-1368
8.45584797859	-1420
8.45589399338	-1316
8.4588727951	-1420
8.4589138031	-1420
8.45891690254	-1264
8.45945096016	543
8.459597826	543
8.4615149498	-1420
8.4615240097	-1420
8.46157097816	-1264
8.46467089653	-1420
8.46471595764	-1420
8.46472001076	-1264
8.47411799431	-1420
8.47413277626	-1316
8.52742195129	-1420
8.52743983269	-1420
8.52749586105	-1264
8.52978396416	-1368
8.52994680405	-1368
8.53006386757	543
8.53292179108	-1420
8.53293585777	-1316
8.53614997864	-1368
8.56476783752	-1420
8.56486177444	-1420
8.56486678123	-1420
8.5649638176	-1420
8.56496691704	-1160
8.56500101089	-1420
8.56500387192	-1316
8.56503987312	-1420
8.56504297256	-1316
8.565076828	-1420
8.56507897377	-1420
8.56513381004	-1264
8.56536388397	543
8.56874299049	543
8.57226586342	-473
8.62260293961	543
8.69259691238	543
8.69643688202	-1368
8.69664883614	543
8.71793484688	-1368
8.71814799309	543
8.72126889229	-1420
8.72128391266	-1316
8.72131180763	-1368
8.72325181961	-1368
8.72340798378	543
8.72516679764	-1368
8.72727584839	-1368
8.72857999802	-1168
8.7288248539	-1368
8.73057198524	-1420
8.73057699203	-1316
8.73243880272	-1368
8.73420000076	-1368
8.73574781418	-1420
8.73575377464	-1316
8.73921298981	-1420
8.7392179966	-1316
8.78181600571	-1420
8.7818338871	-1316
8.78202986717	543
8.79081296921	-1420
8.790817976	-1420
8.7908577919	-1264
8.79376482964	-1420
8.79381299019	-1316
8.79407000542	-1368
8.83450388908	-1420
8.83458280563	-1420
8.83463788033	-1420
8.83464193344	-1420
8.83467698097	-1420
8.834679842	-1108
8.8347158432	-1420
8.83471894264	-1420
8.83475399017	-1264
8.83475589752	-1420
8.83478999138	-1316
8.83497285843	543
8.84543299675	-1340
8.84848499298	-1368
8.85244894028	-1368
8.85359883308	-1368
8.86429286003	-1420
8.8642988205	-1420
8.86434292793	-1264
8.8644528389	543
8.8645939827	543
8.86917090416	-1420
8.86917686462	-1316
8.86932182312	-1368
8.87151479721	543
8.89861488342	-1420
8.89863181114	-1420
8.89869379997	-1420
8.89869689941	-1212
8.89873385429	-1420
8.89873600006	-1316
8.89877700806	-1368
8.91766500473	-1368
8.92241191864	543
8.96195793152	-338
9.02994894981	-1368
9.03665781021	-1420
9.03671479225	-1420
9.03671884537	-1264
9.04209780693	-1420
9.04210281372	-1420
9.04215288162	-1264
9.04333877563	-1420
9.04334497452	-1316
9.04410386086	-1368
9.05116295815	-1368
9.05121397972	-1368
9.05204296112	-1368
9.05395078659	-1368
9.05518698692	-1420
9.05519294739	-1316
9.05584692955	-1368
9.05618691444	-1368
9.0765337944	-1368
9.08556699753	543
9.10164880753	543
9.10258698463	-1368
9.10520577431	-1420
9.10525679588	-1420
9.10525989532	-1264
9.10537481308	543
9.10723686218	-1420
9.10724282265	-1316
9.1116938591	-1368
9.11406493187	-1368
9.11416578293	543
9.11469578743	-1368
9.11760997772	-942
9.12207198143	-1420
9.12207579613	-1316
9.13284087181	543
9.15320777893	-1420
9.15321683884	-1420
9.1532638073	-1420
9.15326690674	-1420
9.15329098701	-1160
9.23420095444	-1334
9.25138282776	-1420
9.25138878822	-1420
9.25143194199	-1264
9.25211882591	-1368
9.25441288948	-1420
9.25441789627	-1420
9.25446486473	-1264
9.25497293472	-1368
9.2558119297	-1368
9.26672577858	-1368
9.26853585243	-1368
9.30113983154	-1368
9.31656193733	-1368
9.32041478157	-1420
9.32046079636	-1420
9.32046484947	-1264
9.32326078415	-1420
9.32326579094	-1316
9.32712697983	-1368
9.32783699036	543
9.32866883278	-1420
9.32867383957	-1316
9.34345698357	-1368
9.35082387924	-810
9.36540794373	-1420
9.36543083191	-1316
9.36547398567	-1368
9.38715291023	-1368
9.38766098022	-1420
9.38766694069	-1420
9.38770794868	-1264
9.39224696159	-1368
9.39238381386	1057
9.39464187622	-1420
9.39464879036	-1420
9.3946928978	-1264
9.39734482765	-1368
9.39878678322	-1368
9.40841078758	-1420
9.40844988823	-1316
9.41047978401	-1368
9.42990899086	-1368
9.43327593803	-1368
9.44256997108	543
9.45449900627	-1420
9.45452594757	-1316
9.45503497124	-1420
9.45503997803	-1420
9.45507788658	-1264
9.45514583588	-1368
9.46719288826	-101
9.46903586388	-1420
9.46909594536	-1316
9.46909880638	-1368
9.47241187096	543
9.48797392845	-1420
9.48798084259	-1420
9.4880259037	-1264
9.48818492889	543
9.49031496048	-1420
9.49032998085	-1316
9.49720478058	543
9.49747395515	543
9.49888586998	543
9.50620079041	-1368
9.51062583923	-1368
9.52236890793	-1368
9.52395486832	-1420
9.52398896217	-1316
9.52561998367	-1420
9.52566599846	-1420
9.52566981316	-1264
9.53429794312	-1420
9.5343079567	-1316
9.53580498695	-1368
9.53597593307	543
9.58355998993	-114
9.58372497559	543
9.59164595604	-1368
9.59342479706	-1420
9.59347200394	-1420
9.59347486496	-1264
9.59357500076	543
9.60045790672	-1420
9.60046195984	-1316
9.60193181038	-1420
9.60193800926	-1316
9.60514783859	-1420
9.60515379906	-1420
9.60519599915	-1264
9.60605597496	-1368
9.60934877396	-1420
9.60935497284	-1420
9.60939693451	-1264
9.66182279587	-1420
9.66182994843	-1420
9.66188097	-1264
9.66269493103	-1368
9.66277194023	543
9.66436481476	-1368
9.66584992409	-1420
9.66590499878	-1316
9.66724395752	-1368
9.67553186417	-1368
9.67815685272	-1420
9.67819190025	-1420
9.67819499969	-1264
9.70023488998	-1195
9.70566296577	-1368
9.70591282845	-1368
9.74795079231	-1368
9.7523829937	-1420
9.75242590904	-1316
9.75435686111	-1420
9.75436282158	-1420
9.75441384315	-1264
9.75846982002	-1420
9.75847482681	-1420
9.75852489471	-1264
9.75867390633	543
9.75931477547	-1368
9.75940799713	543
9.76775979996	-1420
9.76776599884	-1420
9.76781797409	-1264
9.76884889603	-1368
9.76910996437	-1368
9.77374887466	-1420
9.77379584312	-1420
9.77379894257	-1264
9.81694793701	-1287
9.83471679688	-1420
9.83478093147	-1420
9.83478593826	-1264
9.83534693718	-1420
9.8353509903	-1316
9.8515458107	-1420
9.85155797005	-1316
9.85538482666	543
9.85607099533	543
9.86662697792	-1420
9.86663579941	-1420
9.86668086052	-1264
9.86805796623	-1368
9.86814379692	-1368
9.87231588364	-1368
9.91854095459	-1368
9.92977190018	-1420
9.92981886864	-1316
9.93362283707	-48
9.93387293816	543
9.99205994606	-1368
10.014081955	-1368
10.0143578053	-1368
10.0501368046	-667
10.1666479111	-543
10.1668438911	543
10.2407279015	-1420
10.2407438755	-1420
10.2408049107	-1264
10.2410008907	543
10.2605719566	-1368
10.2835659981	-298
10.4008078575	-1086
10.4522328377	-1368
10.4643118382	543
10.4724199772	1057
10.4732849598	-1420
10.4733009338	-1316
10.4824008942	543
10.4830548763	543
10.5224637985	-1368
10.5293688774	-1368
10.5295629501	-1420
10.5295670033	-1316
10.5315339565	-1420
10.5315389633	-1316
10.5335378647	-1420
10.5335428715	-1420
10.5335857868	-1264
10.534706831	-1420
10.5347487926	-1316
10.5355799198	-1368
10.5386879444	543
10.5388789177	543
10.54468894	-1368
10.555398941	-1368
10.5567479134	-543
10.5635008812	-280
10.5996978283	-1368
10.6223778725	-1368
10.71616292	-435
10.7164077759	543
10.8206849098	-1420
10.8207027912	-1420
10.8207609653	-1264
10.8212649822	-1368
10.8228509426	-1368
10.8240768909	-1368
10.8255138397	-1420
10.8255288601	-1316
10.826679945	-1368
10.8324828148	-256
10.8325879574	543
10.8392248154	-1368
10.8871648312	-1368
10.9099857807	-1420
10.9100439548	-1316
10.9111409187	-1368
10.9114089012	1057
10.9125888348	-1368
10.9141139984	-1420
10.9141550064	-1316
10.915476799	-1368
10.9169259071	-1368
10.9185628891	-1368
10.9188528061	543
10.9201188087	-1368
10.921574831	-1368
10.9224817753	-1368
10.9287629128	-1420
10.9288008213	-1316
10.949149847	-135
11.0257778168	-1368
11.0259349346	543
11.0287568569	543
11.0480139256	543
11.0955429077	543
11.0981609821	-1368
11.1038467884	-1420
11.1038758755	-1316
11.1043968201	-298
11.1057398319	-1420
11.1057538986	-1316
11.1061248779	543
11.1078457832	-1368
11.1125128269	-1368
11.1142549515	-1368
11.1144077778	-1420
11.1144518852	-1420
11.1144549847	-1264
11.1225759983	-1368
11.1428089142	-1420
11.1428599358	-1316
11.143611908	-1368
11.1643397808	-1420
11.1643519402	-1316
11.1852068901	543
11.1876299381	-1420
11.1876349449	-1316
11.202960968	-1420
11.2029738426	-1420
11.2030289173	-1264
11.206610918	-1420
11.2066488266	-1316
11.2074658871	-1368
11.2086439133	-1368
11.2098197937	-1368
11.2107520103	-1368
11.210837841	543
11.2155258656	543
11.2210938931	-818
11.2286989689	-1368
11.2289199829	543
11.2309029102	-1420
11.230907917	-1420
11.2309508324	-1264
11.233137846	-1368
11.2503428459	-1368
11.2746448517	-1368
11.3071658611	-1368
11.308880806	-1420
11.3089389801	-1316
11.3098099232	-1368
11.3107659817	543
11.3200078011	-1368
11.3202528954	-1368
11.3376779556	-69
11.3449988365	543
11.3469398022	543
11.3941628933	-1420
11.394179821	-1420
11.3942439556	-1264
11.3971138	-1420
11.3971619606	-1420
11.3971657753	-1264
11.4007740021	-1420
11.4007778168	-1316
11.4014368057	-1368
11.4131298065	-1368
11.4543268681	-430
11.489554882	-1420
11.489607811	-1420
11.4896140099	-1264
11.4897489548	-1368
11.4899148941	543
11.4914069176	-1420
11.4914119244	-1316
11.4918727875	-1368
11.4921848774	-1420
11.4922199249	-1316
11.4948019981	-1368
11.4960398674	-1368
11.4977669716	-1420
11.4978067875	-1316
11.4986639023	543
11.4990568161	-1368
11.5002679825	-1368
11.5054659843	-1368
11.5150609016	-1420
11.5151147842	-1316
11.5402197838	-1368
11.550770998	-1420
11.55078578	-1316
11.5548958778	-1368
11.5598819256	-1420
11.5599257946	-1316
11.5605609417	-1368
11.5617558956	-1368
11.5650467873	543
11.5655977726	-1368
11.5677819252	-1420
11.5678229332	-1420
11.5678269863	-1264
11.568767786	-1420
11.5687718391	-1420
11.5688078403	-1264
11.5709269047	-900
11.571048975	543
11.6418998241	-1368
11.663164854	-1420
11.6632249355	-1420
11.6632299423	-1264
11.6660559177	-1420
11.6660599709	-1316
11.6661429405	-1368
11.6668469906	543
11.6669728756	543
11.6671328545	543
11.6860129833	-1368
11.687404871	-625
11.7419610023	-1420
11.7419788837	-1316
11.7769949436	-1368
11.7806398869	-1368
11.7809109688	543
11.7810819149	543
11.7821209431	-1368
11.7831788063	-1368
11.7844419479	-1368
11.7984569073	-1368
11.8041219711	-1110
11.8271288872	-1368
11.8519618511	543
11.9193267822	-1420
11.9193429947	-1316
11.9208459854	-696
11.9251658916	543
11.9278678894	-1368
11.9488708973	-1368
11.9541189671	-1420
11.9541277885	-1316
11.9676218033	-1368
11.9885778427	-1420
11.9886310101	-1420
11.9886348248	-1264
12.0164029598	-1368
12.0374948978	-285
12.0380518436	-1420
12.0380578041	-1316
12.038176775	-1368
12.0382609367	543
12.1539409161	-66
12.2366478443	543
12.2381019592	543
12.2384560108	543
12.2389109135	543
12.2486958504	-1420
12.248705864	-1316
12.2501578331	-1368
12.2516438961	-1368
12.2535588741	-1368
12.2550427914	543
12.2554187775	-1368
12.2572188377	-1420
12.2572648525	-1420
12.257267952	-1264
12.2589738369	-1368
12.2607398033	-1368
12.2623398304	-1368
12.2653949261	-1420
12.2654349804	-1420
12.2654378414	-1264
12.2657198906	-1368
12.2659609318	-1368
12.2703139782	-251
12.2747189999	543
12.3408107758	-1420
12.3408308029	-1420
12.3408679962	-1264
12.3608269691	-1368
12.372882843	543
12.373415947	543
12.3852598667	543
12.3869698048	-812
12.4351258278	543
12.450868845	-1420
12.4508798122	-1316
12.4747719765	-1420
12.4747989178	-1316
12.4763109684	-1368
12.4782428741	-1368
12.4791498184	543
12.4793260098	-1420
12.4793279171	-1316
12.4931168556	-1368
12.5036249161	-1284
12.5269179344	543
12.5363090038	-1368
12.5419409275	-1420
12.5420138836	-1420
12.5420188904	-1264
12.5455617905	543
12.5489168167	-1420
12.548927784	-1316
12.549767971	543
12.5542938709	-1420
12.5543038845	-1420
12.5543489456	-1264
12.5565149784	-1420
12.5565488338	-1316
12.5624718666	543
12.5738627911	-1420
12.5738790035	-1316
12.5753118992	-1420
12.575316906	-1316
12.5768909454	-1420
12.5768938065	-1316
12.6204688549	-765
12.7372620106	-1086
12.7426609993	543
12.8928308487	-543
12.8991978168	-1420
12.899255991	-1420
12.8992598057	-1264
12.9006609917	-1368
12.9008219242	543
12.9009637833	543
12.9029119015	543
12.9033219814	-1368
12.9049987793	-1368
12.9055387974	543
12.9070558548	-1368
12.9071378708	-1420
12.9071707726	-1316
12.9092199802	-1368
12.9108798504	-1368
12.9120748043	-1368
12.9178819656	-1420
12.9178919792	-1316
13.0155718327	-214
13.0224788189	543
13.0691008568	-1420
13.0691189766	-1420
13.0691728592	-1264
13.0852608681	-1368
13.0855507851	543
13.1061968803	-1368
13.1161789894	-1368
13.1181337833	-1368
13.1199719906	-1420
13.1200289726	-1316
13.1213769913	-1368
13.1227898598	-1368
13.123046875	543
13.1232488155	543
13.123639822	-1420
13.1236448288	-1316
13.1273407936	-1368
13.1315908432	1057
13.1387758255	-301
13.1388909817	543
13.1630318165	-1368
13.2554879189	-232
13.3084869385	-1420
13.3085019588	-1316
13.3085598946	-1368
13.3094749451	-1368
13.3111338615	-1420
13.3111608028	-1316
13.3125779629	-1368
13.3140618801	-1368
13.3151328564	-1368
13.3295459747	-1368
13.3531649113	-1368
13.3720657825	-177
13.3737919331	-1368
13.4089069366	-1420
13.4089579582	-1316
13.4115078449	-1420
13.4115138054	-1316
13.4128239155	-1368
13.4129538536	543
13.4141099453	-1368
13.4150819778	-1368
13.4155278206	-1368
13.4164438248	-1368
13.4165809155	-1368
13.417514801	-1368
13.4342048168	-1368
13.4449088573	543
13.4682648182	-1368
13.4886069298	-815
13.489304781	-1368
13.4954218864	-1420
13.4954288006	-1420
13.4954738617	-1264
13.4994878769	-1368
13.5012078285	-1420
13.501213789	-1420
13.5012559891	-1264
13.5024678707	-1368
13.5056948662	-1368
13.507409811	-1420
13.5074357986	-1316
13.5161619186	-1420
13.516220808	-1316
13.5163359642	1057
13.553757906	-1420
13.5537848473	-1316
13.5638167858	-1368
13.5740959644	-1368
13.5755579472	543
13.5825109482	-1368
13.584184885	-1420
13.5842399597	-1420
13.5842437744	-1264
13.5850830078	543
13.5901098251	-1420
13.5901179314	-1420
13.5901689529	-1264
13.5921068192	543
13.5948507786	-1420
13.5948569775	-1420
13.5949008465	-1264
13.5952208042	-1368
13.5956499577	-1420
13.5956549644	-1316
13.6024639606	543
13.6052649021	543
13.6056878567	-921
13.684376955	543
13.7037348747	-1368
13.7616038322	-775
13.7726809978	-1420
13.772690773	-1316
13.7814970016	-1420
13.7815058231	-1316
13.8025319576	-1368
13.8029949665	-1420
13.803000927	-1316
13.8192839622	543
13.8783679008	-335
13.9629769325	543
13.9949579239	-543
14.0851848125	543
14.1115148067	-543
14.1398198605	-1368
14.1926598549	-1368
14.1952347755	543
14.2090499401	-1368
14.211771965	-1420
14.2118217945	-1316
14.228746891	-588
14.2827007771	543
14.3027248383	543
14.3453669548	-543
14.345500946	543
14.345717907	543
14.4908418655	-543
14.512365818	-1420
14.5124228001	-1316
14.5701839924	-1368
14.5845308304	543
14.5848748684	1057
14.6072189808	-1420
14.6072349548	-1420
14.60729599	-1264
14.6073849201	-704
14.6075658798	543
14.6077528	1057
14.6221637726	-1420
14.622179985	-1316
14.6449918747	-1368
14.6830868721	-1420
14.6831018925	-1316
14.6844398975	-1368
14.6853358746	-1420
14.6853408813	-1316
14.6871628761	-1368
14.68876791	-1368
14.6900808811	-1368
14.6999828815	-1420
14.7000308037	-1316
14.701830864	-1368
14.7242019176	-1271
14.7336819172	-1420
14.7336997986	-1316
14.7344279289	-1368
14.7455599308	-1368
14.7508518696	-1420
14.7508819103	-1316
14.7509758472	543
14.755409956	-1420
14.7554159164	-1316
14.7583138943	-1368
14.7599668503	-1368
14.7613677979	-1368
14.7628448009	-1368
14.764289856	-1368
14.7654268742	-1368
14.7734158039	-1420
14.7734367847	-1316
14.8057849407	-1420
14.8058009148	-1420
14.8058638573	-1264
14.8093059063	-1420
14.8093519211	-1420
14.8093547821	-1264
14.8104319572	-1420
14.8104379177	-1316
14.810562849	543
14.8114938736	-1368
14.8115599155	543
14.8157567978	-1368
14.8177847862	-1368
14.8179237843	-1368
14.8180468082	-1368
14.8220047951	-1368
14.8222639561	-1368
14.8390908241	-1368
14.840695858	-241
14.8817768097	-1420
14.8817958832	-1316
14.8818559647	-1368
14.8873918056	-1420
14.8874368668	-1316
14.8874409199	-1368
14.8898508549	-1420
14.8898589611	-1316
14.8902239799	-1368
14.8921020031	-1368
14.8934559822	-1420
14.8934698105	-1316
14.8935599327	543
14.8960049152	-1368
14.8974409103	-1368
14.9102067947	-1368
14.9420909882	543
14.9574558735	-931
14.9946348667	543
15.074202776	-543
15.1031148434	543
15.1215209961	-1420
15.1215388775	-1420
15.121598959	-1264
15.1217679977	543
15.1227779388	-1368
15.1244289875	-1420
15.1244659424	-1316
15.1253678799	-1368
15.1399698257	-1368
15.1717498302	543
15.1906788349	-1139
15.1999638081	-1368
15.2596678734	1460
15.2597699165	111
15.2599909306	543
15.2728569508	543
15.2883868217	543
15.2888958454	543
15.3073468208	-775
15.3474359512	543
15.3977429867	543
15.4477088451	543
15.4601089954	-543
15.4626529217	543
15.4628918171	543
15.6167509556	-1086
15.616973877	543
15.6171188354	543
15.6498639584	-1368
15.6810259819	-1368
15.6812930107	543
15.681427002	543
15.7037978172	-1368
15.7039928436	1057
15.7240769863	543
15.7332289219	-1239
15.7526957989	-1368
15.7533519268	-1420
15.7533559799	-1420
15.7533929348	-1264
15.7559928894	-1368
15.7577228546	-1368
15.759624958	-1420
15.7596600056	-1316
15.7630028725	1460
15.7630488873	111
15.767898798	543
15.7743968964	543
15.7747209072	1460
15.7747678757	1460
15.7748029232	707
15.7756648064	-1368
15.7757468224	543
15.8085417747	-1368
15.8499498367	-1368
15.8532898426	-1420
15.8533368111	-1316
15.8556449413	-1420
15.8556509018	-1420
15.855702877	-1264
15.8693227768	-1163
15.871794939	-1420
15.871847868	-1420
15.8718509674	-1264
15.9068489075	-1420
15.9068639278	-1316
15.906899929	-1368
15.9075129032	-1368
15.9130599499	1460
15.9131138325	111
15.9232218266	-1420
15.9232389927	-1316
15.9285929203	-1420
15.9286179543	-1316
15.9313879013	-1368
15.9338569641	-1368
15.9360728264	-1368
15.9377529621	-1368
15.9391179085	-1368
15.9391667843	543
15.9407639503	-1368
15.9425988197	-1420
15.9426298141	-1316
15.9437248707	-1368
15.9446718693	-1368
15.9592058659	543
15.9661548138	-1368
15.9885699749	-1324
15.9924769402	543
16.0017209053	-1368
16.0019078255	-1368
16.0035629272	-1420
16.003567934	-1316
16.0041418076	-1368
16.0050208569	-1368
16.0079770088	-1420
16.0079858303	-1316
16.0093309879	-1368
16.011895895	-1420
16.0119419098	-1316
16.013646841	-1420
16.0136859417	-1316
16.0249948502	-1420
16.0250267982	-1316
16.0561418533	-1368
16.0596280098	543
16.0598478317	-1420
16.0598528385	-1420
16.0598959923	-1264
16.080024004	-1420
16.0800909996	-1420
16.0800948143	-1264
16.0869588852	-1420
16.0869808197	-1420
16.0870139599	-1264
16.0882329941	543
16.1047899723	-1420
16.1048049927	-1420
16.1048510075	-1264
16.1048529148	-254
16.1075789928	-1420
16.1075899601	-1316
16.1104049683	-1368
16.1148779392	-1420
16.1149578094	-1420
16.1149628162	-1264
16.1185138226	-1420
16.1185348034	-1316
16.1185770035	-1368
16.1232759953	-543
16.1596210003	-1420
16.1596758366	-1316
16.1598370075	543
16.1599709988	543
16.1875679493	-1368
16.1890888214	-1420
16.1891379356	-1316
16.1903338432	-1420
16.1903908253	-1316
16.190392971	-1368
16.1914730072	-1420
16.1914758682	-1420
16.1915118694	-1264
16.1935009956	-1368
16.1944248676	-1420
16.1944298744	-1420
16.1944718361	-1264
16.2065329552	-1420
16.2065968513	-1420
16.2066009045	-1264
16.2240629196	-623
16.2560448647	-1420
16.2561118603	-1420
16.2561159134	-1264
16.2639129162	-1368
16.2640450001	-1420
16.2640838623	-1316
16.2664740086	-1420
16.2665288448	-1420
16.2665328979	-1264
16.2679738998	-543
16.269359827	-1420
16.2693629265	-1316
16.2695858479	-1368
16.269769907	543
16.2811069489	-1420
16.2811307907	-1316
16.2811789513	-1368
16.2819678783	-1368
16.2822299004	-1420
16.2822349072	-1316
16.2844707966	543
16.2955877781	543
16.2961268425	543
16.2963788509	543
16.304984808	-1420
16.3049988747	-1420
16.3050298691	-1264
16.3467519283	-1420
16.3467638493	-1420
16.3468029499	-1264
16.3524618149	543
16.3535308838	-1420
16.3535368443	-1420
16.3535678387	-1264
16.3577568531	-1420
16.3577928543	-1316
16.3579208851	-1368
16.3579618931	543
16.372538805	-1203
16.3735518456	-1420
16.3736047745	-1316
16.3739068508	-1368
16.3743679523	-1420
16.3743708134	-1316
16.3758099079	-1420
16.375813961	-1420
16.3758499622	-1264
16.37657094	-1420
16.3766078949	-1420
16.3766109943	-1264
16.4447178841	543
16.4847128391	-1368
16.4891607761	-264
16.4949128628	-1368
16.4951119423	-1368
16.499699831	-1420
16.4997048378	-1420
16.4997479916	-1264
16.4998719692	543
16.5017168522	-1420
16.501721859	-1316
16.5017988682	-1368
16.5115618706	-1420
16.5116069317	-1420
16.5116097927	-1264
16.5118517876	-1368
16.5254309177	543
16.534776926	-1420
16.5347979069	-1420
16.5348517895	-1264
16.53814888	-1420
16.538189888	-1316
16.5396859646	-1420
16.5397248268	-1420
16.5397298336	-1264
16.5451409817	543
16.545372963	-1420
16.5453779697	-1420
16.5454158783	-1264
16.5457389355	-1368
16.5460128784	543
16.547208786	543
16.5479259491	543
16.5489897728	-1420
16.5489947796	-1316
16.5492529869	-1368
16.5515179634	-1368
16.5516889095	-1368
16.5516929626	-1368
16.5533578396	-1420
16.5533618927	-1316
16.553426981	-1368
16.5541238785	-1420
16.5541698933	-1316
16.6056368351	-589
16.6059257984	543
16.6606779099	543
16.7620949745	-543
16.7693948746	-1420
16.7694478035	-1316
16.7705857754	-1368
16.7719287872	-1420
16.7719388008	-1316
16.7746539116	-1368
16.7747609615	-1420
16.7748029232	-1316
16.7777619362	-1420
16.7778089046	-1420
16.7778120041	-1264
16.7803428173	-1420
16.7803509235	-1316
16.7803969383	-1368
16.7824819088	-1420
16.7825229168	-1316
16.7869148254	-1420
16.7869679928	-1420
16.7869708538	-1264
16.7897849083	543
16.8125720024	1057
16.836553812	-1368
16.8384997845	543
16.8409748077	-1420
16.8409819603	-1316
16.8411238194	543
16.8459289074	-1420
16.8459498882	-1420
16.8460068703	-1264
16.8463318348	-1368
16.8491117954	-1420
16.8491318226	-1316
16.8524608612	-1420
16.8524858952	-1316
16.8532149792	-1368
16.853345871	-1420
16.8533837795	-1316
16.8615729809	-1420
16.8616189957	-1316
16.8617367744	-1368
16.8785619736	-191
16.9441559315	-1420
16.9441728592	-1420
16.9442248344	-1264
16.9647328854	-1420
16.9647469521	-1420
16.9648067951	-1264
16.9881038666	1460
16.9881858826	111
16.9884369373	543
16.9950489998	-675
16.9960958958	543
17.0273067951	-1420
17.0273249149	-1316
17.0275788307	-1368
17.0281028748	-1420
17.0281558037	-1316
17.0308198929	-1368
17.0310618877	543
17.0314769745	-1368
17.0320990086	-1368
17.0416278839	-1368
17.1129779816	543
17.1169610023	543
17.1438009739	-828
17.1459708214	543
17.1475598812	543
17.319259882	-543
17.4309577942	-1368
17.4335207939	543
17.4339449406	-1420
17.433950901	-1316
17.43511796	-1420
17.4351239204	-1316
17.4365038872	-1368
17.4371190071	543
17.439650774	-1420
17.4396579266	-1316
17.4451158047	543
17.4451889992	543
17.4452648163	543
17.4754159451	-53
17.5121049881	-1420
17.512198925	-1316
17.513094902	-1368
17.5145409107	-1368
17.5159518719	-1368
17.5176019669	-1368
17.5188069344	-1368
17.5199229717	-1368
17.5207109451	-1368
17.5218348503	-1420
17.5218398571	-1316
17.5224049091	-1368
17.5304639339	-1368
17.5902178288	-1368
17.595140934	-1420
17.5951747894	-1316
17.6001517773	-1420
17.6001939774	-1420
17.6001977921	-1264
17.6018109322	-1420
17.6018137932	-1316
17.6035149097	-1368
17.6058139801	-1420
17.6058559418	-1316
17.6083908081	-1368
17.6095359325	-1420
17.609541893	-1316
17.6110589504	-1368
17.6129179001	-1368
17.6153848171	-1368
17.6187918186	-1368
17.6288778782	-979
17.7845258713	-543
17.9516878128	-543
17.962471962	543
18.4932978153	-543
18.5805778503	-1368
18.6497089863	-1289
19.2935948372	1460
19.2936859131	625
19.395277977	1057
19.3973789215	543
19.4625198841	1460
19.4626688957	1139
19.46327281	1460
19.4633359909	111
19.4826099873	1057
19.4981517792	543
19.5629799366	543
19.7399878502	-543
19.7613728046	-1368
19.8564579487	-1260
19.86251688	543
19.8626408577	543
19.8807988167	543
19.8814048767	543
19.944868803	-1368
19.9626469612	-1368
19.9629278183	543
19.9666259289	-1420
19.966629982	-1316
19.970717907	-1368
19.9709279537	543
19.9718778133	-1368
19.9719259739	543
19.9727199078	-219
19.9773299694	-1368
19.9983890057	-1420
19.9984009266	-1316
20.079253912	-1420
20.0792739391	-1316
20.0940079689	-559
20.2498757839	-1086
20.2505729198	543
20.2852549553	1460
20.2853457928	111
20.3179199696	-1420
20.3179428577	-1316
20.3188729286	-1368
20.3202929497	-1368
20.3229908943	-1368
20.3230428696	-1368
20.3261988163	-1420
20.3262047768	-1420
20.3262457848	-1264
20.3329567909	543
20.3338999748	543
20.3346278667	543
20.3663389683	-1420
20.3663527966	-407
20.37241292	543
20.3755238056	543
20.4348938465	-1420
20.43491292	-1316
20.482904911	-920
20.4945299625	543
20.5126039982	543
20.6434948444	-543
20.7329039574	-1420
20.7329227924	-1420
20.7329909801	-1264
20.7341477871	-1368
20.7346749306	-1368
20.7443709373	543
20.7487568855	543
20.7521657944	-1368
20.7732348442	-1420
20.773319006	-1316
20.7998929024	-1110
20.829859972	-1368
20.8360738754	-1420
20.8361098766	-1316
20.8495469093	-1420
20.8495957851	-1316
20.8496007919	-1420
20.8496189117	-1420
20.8496208191	-1264
20.8498017788	543
20.8512017727	-1368
20.8900399208	-1420
20.8901219368	-1420
20.8901269436	-1420
20.8901748657	-1420
20.8901767731	-1160
20.9264378548	-1368
20.9527719021	-1420
20.9528479576	-1420
20.9528529644	-1420
20.9528968334	-1420
20.9528999329	-1420
20.9529387951	-1420
20.9529418945	-1420
20.9529869556	-1004
20.9529898167	-1368
20.9660508633	-673
20.9781429768	-1420
20.9782009125	-1420
20.9782049656	-1264
21.0024487972	1460
21.0025367737	111
21.0065088272	-1420
21.0065169334	-1316
21.0386397839	1057
21.0826048851	-1073
21.0955989361	-1420
21.0956509113	-1420
21.0956568718	-1264
21.0979778767	-1420
21.0979897976	-1316
21.0985310078	-1420
21.0985348225	-1316
21.0986628532	543
21.0999388695	-1368
21.1021118164	-1368
21.1038789749	-1420
21.1038849354	-1316
21.106459856	-1368
21.1103718281	-1420
21.1104278564	-1420
21.1104319096	-1264
21.1233479977	-1420
21.1233608723	-1420
21.1234138012	-1264
21.123415947	-1420
21.1234519482	-1420
21.1234560013	-1264
21.1324949265	1057
21.1861557961	-1368
21.1861758232	-1420
21.1862239838	-1420
21.1862268448	-1420
21.1862518787	-1212
21.2151839733	-1420
21.2152359486	-1420
21.2152409554	-1264
21.2152578831	-1420
21.2152609825	-1420
21.2152760029	-1420
21.2152779102	-1212
21.215294838	-1420
21.2152969837	-1420
21.2153120041	-1264
21.2153139114	-1368
21.2156260014	543
21.2188379765	-966
21.2400648594	-1420
21.2401127815	-1316
21.2539827824	-1368
21.2556018829	-1420
21.2556078434	-1316
21.2566318512	-1420
21.2566378117	-1420
21.2566788197	-1264
21.2993118763	-1368
21.3028879166	-1420
21.3028969765	-1420
21.3029229641	-1264
21.3318679333	-1420
21.3318948746	-1420
21.3319468498	-1264
21.3430268764	543
21.346077919	-1368
21.3493058681	-1368
21.3493959904	-1420
21.3493998051	-1316
21.3502578735	-1420
21.3502628803	-1316
21.3554828167	-1368
21.3565378189	-752
21.3852729797	543
21.3901398182	-1368
21.4732468128	-1289
21.5365848541	-1420
21.5366067886	-1316
21.5392258167	-1420
21.5392317772	-1316
21.5433738232	-1368
21.5434758663	-1368
21.5435419083	543
21.5538549423	-1368
21.5584108829	-1420
21.5584700108	-1316
21.5584728718	-1368
21.5623259544	-1368
21.5718848705	-1420
21.5719389915	-1316
21.5899078846	-1126
21.6152949333	-1420
21.6153128147	-1316
21.6179897785	-1368
21.6282298565	-1420
21.6283099651	-1316
21.6283149719	-1368
21.633605957	-1420
21.6336119175	-1316
21.6456079483	-1368
21.6480147839	-1420
21.6480529308	-1316
21.653110981	-1420
21.6531589031	-1316
21.6532948017	543
21.6557347775	-1368
21.6857569218	-543
21.7066287994	-1329
21.7068948746	543
21.7080419064	-1368
21.7112789154	-1420
21.7113208771	-1316
21.7201588154	1460
21.720225811	111
21.7223258018	-1420
21.7223339081	-1316
21.7272160053	-1420
21.7272207737	-1316
21.7303869724	-1368
21.7393348217	-1368
21.7393717766	-1368
21.751926899	-1368
21.8231508732	-662
21.8650438786	-1368
21.8737938404	543
21.8956170082	543
21.9211628437	-1368
21.9215519428	543
21.939770937	-435
22.0562949181	-1057
22.2126829624	-1086
22.2129528522	543
22.2130799294	-1368
22.2146987915	-1420
22.2147238255	-1316
22.2163789272	-1368
22.2179718018	-1368
22.2194309235	-1368
22.2210128307	-1368
22.2225008011	-1368
22.2239048481	-1368
22.2252998352	-1368
22.2255048752	-1368
22.2268188	-1368
22.2329318523	-1368
22.2826609612	-1368
22.2845258713	-1420
22.2845849991	-1420
22.2845900059	-1264
22.2847528458	543
22.2863337994	-1420
22.2863388062	-1316
22.287599802	-1368
22.2876698971	543
22.2891697884	-1368
22.2899589539	-1368
22.2994718552	-1420
22.2994790077	-1316
22.3291928768	-130
22.3307077885	543
22.3767178059	-1368
22.4297628403	-1368
22.4478960037	-435
22.4513459206	543
22.4520168304	543
22.5126149654	1057
22.539372921	543
22.6785597801	-543
22.6826498508	-1368
22.6832709312	-1420
22.683275938	-1316
22.7067527771	-1368
22.7951798439	-812
22.9118368626	-1057
22.9347949028	543
22.9350349903	1057
23.0285148621	-543
23.0287048817	543
23.0842268467	-1368
23.0858559608	-1420
23.085916996	-1316
23.0874629021	-1368
23.0892448425	-1368
23.0901989937	-1368
23.1045908928	-1368
23.1047918797	1460
23.1048460007	111
23.1053688526	543
23.1370739937	-1368
23.1455659866	-111
23.1605858803	-1368
23.2256309986	-543
23.262349844	-746
23.2628188133	543
23.3065128326	543
23.3790659904	-543
23.4634218216	-1420
23.4634399414	-1316
23.4647607803	-1368
23.4668989182	-1368
23.4681289196	-1368
23.4695048332	-1368
23.4709529877	-1368
23.4724988937	-1368
23.4773437977	-1368
23.4956488609	-1313
23.6124298573	-1086
23.6246399879	543
23.6425569057	543
23.785558939	-543
23.7857499123	543
23.7895348072	-1420
23.789539814	-1316
23.7984759808	-1368
23.7996709347	-1368
23.8001749516	-1368
23.8005599976	-1368
23.8089249134	-1420
23.8089318275	-1316
23.9061119556	-1110
24.0227248669	-543
24.1182558537	-1368
24.1784069538	-261
24.1786677837	543
24.1955788136	543
24.1956579685	-1368
24.1965649128	543
24.2427589893	-1420
24.2427778244	-1316
24.2952959538	-124
24.2972679138	543
24.4106829166	-543
24.6240398884	-543
24.6932640076	-1420
24.6933438778	-1420
24.6933917999	-1264
24.6942448616	-1368
24.7104899883	-1420
24.7105438709	-1316
24.7107508183	-1368
24.711042881	-1420
24.7110638618	-1316
24.7113759518	-1368
24.7322659492	-1368
24.8097729683	-1147
24.8100588322	543
24.9268808365	-543
24.9641158581	-1420
24.9641599655	-1420
24.9641637802	-1264
24.9656808376	-1368
24.9667358398	-1368
24.9824309349	-1368
25.0138909817	-1368
25.0360147953	-1420
25.0360310078	-1316
25.0789468288	-1368
25.0791039467	543
25.0796058178	543
25.0804548264	-459
25.0925829411	543
25.1004779339	-1420
25.1004829407	-1316
25.2170898914	-891
25.2266449928	543
25.2279160023	543
25.6893827915	-543
25.7482597828	-1368
25.7496409416	-1368
25.7705729008	-1368
25.8517959118	-1239
26.0080738068	543
26.332600832	543
26.3689348698	-543
26.3751628399	543
26.3997647762	-543
26.4451038837	543
26.5165469646	-543
26.5167229176	543
26.7668488026	-543
26.9927239418	-543
27.0282588005	1057
27.0788319111	-1368
27.1011359692	-1368
27.109017849	-435
27.1124649048	543
27.1438729763	543
27.1455528736	543
27.1475019455	543
27.2058179379	-1420
27.2058367729	-1316
27.2619359493	-406
27.2744569778	543
27.2751989365	543
27.4210908413	-543
27.5027778149	1057
27.552136898	-1368
27.5560648441	-1420
27.5561068058	-1316
27.5577468872	-1368
27.5578649044	543
27.5598008633	-1368
27.561344862	-1368
27.5787529945	-1420
27.5787699223	-1420
27.5788249969	-1264
27.578827858	-1342
27.5790288448	543
27.6336228848	-1368
27.6739668846	-1420
27.6739788055	-1420
27.6740198135	-1420
27.674022913	-1420
27.6740479469	-1160
27.6778869629	-1420
27.6779317856	-1420
27.6779778004	-1264
27.6779799461	-1420
27.6780159473	-1420
27.6780178547	-1264
27.6955449581	-1420
27.6955637932	-1420
27.695625782	-1420
27.6956279278	-1212
27.6956629753	-1420
27.6956658363	-1316
27.6959018707	543
27.7894439697	-1420
27.7894649506	-1420
27.7895209789	-1420
27.78952384	-1420
27.7895579338	-1420
27.7895607948	-1420
27.7895929813	-1420
27.7895948887	-1004
27.7945230007	-1166
27.8123509884	-1368
27.9287598133	-746
27.9293069839	543
27.9386048317	543
27.9875569344	-1420
27.9875769615	-1316
27.9890079498	-1368
27.9891979694	-1368
27.9897148609	-1420
27.9897198677	-1316
27.992399931	543
28.0106678009	-1368
28.032091856	-1420
28.0321538448	-1420
28.0321578979	-1264
28.0462739468	-1002
28.2031228542	-543
28.283561945	-543
28.2872419357	-1368
28.2885038853	-1420
28.2885289192	-1316
28.2900648117	-1368
28.2916049957	-1368
28.292732954	-1368
28.3070838451	-1368
28.3862538338	-1368
28.4037828445	-53
28.4424858093	543
28.4425888062	543
28.4426379204	543
28.5027117729	543
28.5029668808	543
28.5203409195	-1057
28.5326778889	543
28.5978767872	-1420
28.5978929996	-1316
28.6006119251	-1420
28.6006159782	-1316
28.6011250019	-1368
28.6211678982	-1368
28.6768488884	-1218
28.7046349049	-1368
28.7934827805	-775
28.9021677971	-1420
28.9021828175	-1316
28.9101989269	-949
28.9727239609	-1368
29.0268368721	-1260
29.0272238255	543
29.444660902	543
29.5619368553	-543
29.5837028027	-1368
29.6415319443	-1368
29.6631457806	-1368
29.7002530098	-95
29.8887848854	-543
29.9053709507	543
29.9129338264	1460
29.9130058289	111
29.9735558033	543
29.9844257832	543
30.0829479694	543
30.2451999187	543
30.3233969212	543
30.4217538834	-543
30.4415938854	-1420
30.4416527748	-1316
30.5115549564	-1368
30.5194900036	543
30.5579509735	-95
30.7031838894	-1368
30.7055668831	-1420
30.7056159973	-1316
30.7057948112	-1368
30.7125449181	543
30.7126708031	1057
30.7146019936	543
30.7146298885	-327
30.7217559814	-1368
30.772056818	-1368
30.7722268105	543
30.8314139843	-435
30.9479839802	-543
30.9524998665	543
30.987787962	-1420
30.987803936	-1420
30.987869978	-1264
30.9889907837	-1368
30.9905109406	-1368
31.0063769817	-1368
31.0651278496	-1368
31.0693500042	-393
31.1860649586	-1057
31.2629737854	-1420
31.2629919052	-1316
31.2847929001	-1368
31.2881247997	-1368
31.2887649536	543
31.2891998291	-1368
31.2907807827	-1368
31.2922289371	-1368
31.2940108776	-1368
31.3027338982	-1420
31.3027429581	-1420
31.3028049469	-1420
31.3028068542	-1212
31.3028399944	-1368
31.4049069881	-1420
31.4049248695	-1420
31.404987812	-1420
31.4049909115	-1420
31.4050328732	-1160
31.4050359726	-1368
31.4052159786	543
31.4105508327	-1420
31.4105567932	-352
31.4447050095	-1368
31.5293338299	-775
31.53251791	543
31.5542697906	-1420
31.5542809963	-1420
31.5543189049	-1264
31.5596299171	-1420
31.5596709251	-1420
31.5596737862	-1264
31.5609359741	-1420
31.5609469414	-1316
31.5618379116	-1368
31.5621399879	543
31.5696787834	-1368
31.5718519688	-1420
31.571890831	-1316
31.6109619141	-1368
31.611027956	-1420
31.6110479832	-1420
31.6110508442	-1264
31.6338059902	-1420
31.6338219643	-1316
31.6713588238	-1420
31.6713759899	-1420
31.6714298725	-1420
31.671432972	-1420
31.6714677811	-1160
31.6714718342	-1368
31.6822419167	543
31.6864027977	-1420
31.6864118576	-1420
31.6864409447	-1420
31.6864438057	-11
31.7056148052	-1368
31.787321806	-1368
31.7931427956	543
31.8028199673	-406
31.8251259327	1057
31.8383228779	-1420
31.8383347988	-1420
31.8383908272	-1264
31.8401458263	-1420
31.8401708603	-1316
31.8407719135	-1368
31.841892004	-1420
31.841894865	-1316
31.8433418274	-1368
31.8435189724	543
31.8452119827	-1368
31.8475608826	-1368
31.8560090065	-1368
31.8714468479	-1368
31.8941648006	-1368
31.8998749256	-543
31.9195709229	-728
31.9210729599	543
32.0441839695	-543
32.0507888794	1057
32.4946568012	-543
32.5001029968	-1368
32.5164108276	-1420
32.516425848	-1316
32.6110799313	-66
32.7275660038	-543
32.7786598206	-1368
32.8442897797	-746
32.8657348156	543
32.9750509262	-543
33.1317229271	-1086
33.2990679741	-543
33.3359379768	543
33.4159398079	-543
33.422495842	543
33.9481959343	-543
34.0212218761	-1368
34.0430119038	-1420
34.0430588722	-1316
34.0896158218	-543
34.1045188904	-95
34.1088318825	543
34.1130359173	543
34.3211479187	-543
34.3243229389	1057
34.5678188801	-543
34.6658968925	-1368
34.725869894	-1289
34.7548599243	1057
34.8523309231	-543
