0	543
0.282541036606	-543
0.282803058624	543
0.785638093948	-1420
0.785657167435	-1420
0.785706996918	-787
0.786972045898	-1420
0.787028074265	-1176
0.790646076202	-1298
0.792443990707	-1298
0.805583953857	-1420
0.805641174316	-1176
0.80961894989	-1298
0.823590993881	543
0.853321075439	543
0.91304898262	-1420
0.913063049316	-1420
0.913120031357	-1054
0.913123130798	-1298
0.915626049042	-1420
0.915632009506	-1176
0.91984796524	-1420
0.919855117798	-1176
0.920010089874	-1420
0.920022010803	-1176
0.932768106461	-1420
0.932788133621	-1176
0.933163166046	-300
0.933261156082	543
0.951233148575	-1298
0.954691171646	-1298
1.02355599403	543
1.04017114639	-1420
1.04017806053	-1176
1.04259610176	-1420
1.0426030159	-1176
1.04265594482	-1420
1.04265904427	-1176
1.04268598557	-1420
1.04268908501	-1176
1.04313707352	543
1.0471739769	-1420
1.04718208313	-1420
1.04723596573	-1054
1.04723906517	-1420
1.0472881794	-1420
1.04729008675	-1054
1.05990409851	-1420
1.05991506577	-1176
1.07873106003	-1420
1.07874512672	-1176
1.07885503769	-1420
1.07885813713	-1176
1.08649611473	543
1.10205698013	543
1.11785197258	-1420
1.11786103249	-1176
1.16763401031	-1420
1.16764903069	-1420
1.16770410538	-1420
1.16770815849	-932
1.16779899597	-1298
1.16800308228	-1298
1.16963815689	-1420
1.16964197159	-1176
1.16970705986	-1420
1.1697101593	-1176
1.16990208626	-1420
1.16990494728	-1176
1.174077034	-199
1.17442917824	543
1.17457103729	543
1.18502211571	1460
1.18509101868	1139
1.19896316528	543
1.24505615234	543
1.25173401833	543
1.30190205574	-543
1.31100201607	543
1.37049412727	-1420
1.37050795555	-1176
1.37068009377	-1420
1.37068414688	-1176
1.37100815773	-1420
1.37101101875	-1176
1.37194299698	-1420
1.37194705009	-1176
1.37388396263	-1298
1.37716507912	-1420
1.37719416618	-1176
1.37728595734	-1298
1.37780809402	-1420
1.37781214714	-1176
1.37833499908	-1420
1.3783390522	-1176
1.3784840107	-1298
1.37884306908	-1298
1.37903499603	-1420
1.37903904915	-1176
1.37912607193	-1298
1.37975716591	543
1.37993717194	543
1.39783406258	-1420
1.39785695076	-1176
1.39791703224	-1298
1.39870715141	-1420
1.39872717857	-1420
1.39872908592	-1054
1.39910507202	-1298
1.39983606339	543
1.43882513046	-1420
1.43885803223	-1176
1.44571995735	-543
1.49765300751	-1420
1.49766898155	-1176
1.49773406982	-1420
1.49773716927	-1176
1.49825811386	-1420
1.49827098846	-1420
1.49831008911	-1420
1.49831199646	-932
1.49897313118	-1420
1.49897694588	-1176
1.49913215637	-1420
1.4991350174	-1176
1.50443601608	-1420
1.5044400692	-1420
1.50447797775	-1420
1.50448107719	-932
1.5048429966	-1420
1.50489497185	-1420
1.50494503975	-1054
1.5049469471	-1298
1.50504302979	543
1.50544309616	-1420
1.50544810295	-1176
1.50595116615	-1420
1.50595617294	-1176
1.50603604317	-1420
1.50603795052	-1176
1.5062661171	-1420
1.50626897812	-1176
1.50719118118	543
1.5240650177	-1298
1.5248169899	-1420
1.52488207817	-1420
1.52488517761	-1054
1.52583003044	-1420
1.52583312988	-1176
1.52610397339	-1420
1.52610707283	-1176
1.52645516396	-1420
1.52645802498	-1176
1.52737617493	-1420
1.52737903595	-1176
1.52763009071	543
1.53561615944	543
1.53585410118	1460
1.53589916229	625
1.53612613678	543
1.54228115082	543
1.54262208939	543
1.5429661274	543
1.54331207275	543
1.56713199615	-1420
1.5671479702	-1176
1.59479618073	-1298
1.62509298325	-1420
1.62518715858	-1420
1.62520003319	-1054
1.62524795532	-1298
1.62525010109	-1420
1.62533402443	-1420
1.6253361702	-1054
1.62572407722	-1420
1.62572813034	-1420
1.62577915192	-1054
1.62578201294	-1298
1.62594914436	-1420
1.62595295906	-1176
1.62623405457	-1420
1.62624001503	-1176
1.62645411491	-1420
1.62645816803	-1176
1.62681913376	543
1.6314330101	-338
1.6315331459	543
1.63395309448	-1420
1.63395810127	-1176
1.63414502144	1460
1.63419318199	111
1.66801214218	-1298
1.66964006424	543
1.71600604057	-1420
1.71602201462	-1176
1.71607708931	-1298
1.71812796593	543
1.7200729847	1460
1.72428917885	1460
1.72438097	1161
1.72460603714	603
1.7345790863	-1420
1.73460507393	-1176
1.73500394821	-1420
1.73500704765	-1420
1.73507714272	-1054
1.73507905006	-1298
1.73515915871	-1420
1.73516201973	-1176
1.73568701744	-1420
1.73569202423	-1176
1.73584604263	-1420
1.73586416245	-1176
1.73590111732	-1298
1.73621702194	-1420
1.73625802994	-1176
1.73708510399	-1420
1.73712611198	-1176
1.73726415634	543
1.73730516434	-1298
1.73754906654	-1420
1.73755097389	-1176
1.73762202263	-1298
1.73774313927	543
1.74047708511	-1420
1.74048304558	-1176
1.74124503136	-1298
1.75141310692	543
1.75354409218	1460
1.75359916687	1460
1.75363707542	193
1.75854301453	-74
1.81832003593	-1420
1.81833600998	-1176
1.81853103638	-1298
1.81873202324	-1420
1.81875514984	-1176
1.81887817383	-1420
1.8189330101	-1176
1.81937098503	-1420
1.81942009926	-1176
1.81942296028	-1420
1.81946706772	-1176
1.81947016716	-1298
1.81951618195	-1298
1.81998705864	-1420
1.82002496719	-1176
1.82070803642	-1420
1.82072806358	-1176
1.82084608078	-1420
1.8208899498	-1176
1.82098698616	-1298
1.82107901573	-1420
1.82108211517	-1176
1.82111811638	-1298
1.82149195671	-1420
1.8215110302	-1420
1.82151317596	-1054
1.82160210609	-1420
1.82160401344	-1176
1.82168602943	-1298
1.82366204262	1057
1.82379102707	543
1.82391214371	543
1.8431661129	-1420
1.84318304062	-1176
1.84635806084	-1298
1.84785294533	-1298
1.85628294945	-1298
1.86178708076	-1420
1.86183905602	-1420
1.86184310913	-1054
1.86199402809	543
1.86211705208	-1420
1.8621301651	-1420
1.86217212677	-1420
1.86217403412	-932
1.86231398582	-1420
1.86231708527	-1176
1.86240410805	-1420
1.86240696907	-1176
1.86297607422	-1420
1.86298108101	-1176
1.86354613304	-1420
1.86354994774	-1176
1.86386799812	-1420
1.86387300491	-1176
1.86418795586	-1420
1.86419200897	-1176
1.86437511444	-1420
1.86437916756	-1420
1.86441898346	-1054
1.8644220829	-1298
1.86455512047	1057
1.86468195915	-1420
1.86468601227	-1176
1.8648660183	-1420
1.86487102509	-1176
1.86764097214	-1420
1.86764597893	-1176
1.86816096306	-1298
1.86833000183	-1298
1.87896108627	-1298
1.8789870739	-1298
1.88362908363	-1298
1.88576507568	-1298
1.8875579834	-1298
1.88802194595	543
1.90153098106	543
1.9129960537	543
1.94553995132	-1420
1.94555997849	-1420
1.94562005997	-1054
1.94593310356	-1420
1.94596409798	-1176
1.94607710838	-1420
1.94612312317	-1176
1.94664096832	-1420
1.94666099548	-1420
1.94667196274	-1420
1.94668912888	-932
1.9469230175	-1420
1.94696211815	-1176
1.94724202156	-1420
1.94729804993	-1176
1.94729995728	-1420
1.94734406471	-1176
1.94755101204	-1420
1.94759202003	-1420
1.94759511948	-1054
1.94765615463	-1298
1.94778513908	543
1.94786906242	-1420
1.94787311554	-1420
1.94789195061	-1054
1.94816112518	543
1.94819808006	-1298
1.9482011795	-1420
1.9482011795	-1176
1.94832110405	-1420
1.9483590126	-1176
1.94839715958	-1298
1.94852209091	-1420
1.94852495193	-1420
1.94856500626	-1054
1.94861412048	543
1.94868612289	-1420
1.94868803024	-1420
1.94868898392	-1054
1.94879698753	-1420
1.94883704185	-1420
1.9488389492	-1054
1.95129394531	-1420
1.9513001442	-1176
1.95132517815	-1420
1.95132708549	-1176
1.95342516899	543
1.97029399872	-1420
1.97030305862	-1176
1.97508811951	-1420
1.9750931263	-1176
1.97593712807	-1420
1.97594118118	-1176
1.98905897141	-1420
1.98906612396	-1420
1.98910903931	-1420
1.98911213875	-932
1.98924899101	-1420
1.98925209045	-1176
1.98931002617	-1420
1.98931312561	-1176
1.98950505257	-1420
1.98950815201	-1176
1.99001502991	-1420
1.99001908302	-1176
1.9900560379	-1420
1.99006700516	-1420
1.99010300636	-1054
1.99017810822	-1420
1.99022603035	-1176
1.99074912071	-1298
1.99078917503	-1420
1.99079108238	-1176
1.99086713791	-1420
1.99086999893	-1176
1.99103116989	-1420
1.99103403091	-1176
1.99122095108	-1420
1.99122309685	-1176
1.99140095711	-1420
1.99140405655	-1176
1.99161601067	-1420
1.99161911011	-1420
1.99162101746	-1054
1.99172902107	-1420
1.99173116684	-1420
1.99173307419	-1054
1.99203896523	-1420
1.99204206467	-1420
1.99204301834	-1420
1.99204397202	-932
1.9947681427	-1420
1.99477100372	-1176
1.99505996704	-1420
1.99506306648	-1176
1.99543213844	-1420
1.99543595314	-1176
1.9968290329	543
1.99705314636	543
1.99727606773	543
2.00392413139	-1298
2.00685811043	-1420
2.006909132	-1420
2.00691199303	-1054
2.0070400238	543
2.01304411888	-1420
2.013048172	-1176
2.03297996521	-1298
2.04082298279	-1298
2.04112195969	543
2.04118299484	543
2.04260015488	-1298
2.07273697853	-1420
2.07280611992	-1420
2.07281017303	-1054
2.07308006287	-1420
2.07308316231	-1176
2.07315897942	-1420
2.07316207886	-1176
2.07327008247	-1420
2.07327318192	-1176
2.07389998436	-1298
2.07410216331	-1420
2.0741481781	-1420
2.07415103912	-1054
2.07428002357	-1420
2.07428312302	-1176
2.07435297966	-1420
2.0743560791	-1176
2.07468295097	-1420
2.07468605042	-1176
2.07472300529	-1420
2.07472515106	-1176
2.07507514954	-1420
2.07507801056	-1176
2.07528400421	-1420
2.07528710365	-1176
2.07535815239	-1420
2.07536101341	-1176
2.07558512688	-1420
2.0755879879	-1176
2.07564806938	-1420
2.07564997673	-1176
2.07587814331	-1420
2.07588410378	-1176
2.07595705986	-1420
2.0759601593	-1176
2.07639312744	-1420
2.07639598846	-1176
2.07661604881	-1420
2.07661914825	-1176
2.07664704323	-1298
2.07672309875	-1298
2.07836198807	-1420
2.07836413383	-1420
2.07836604118	-1054
2.07839298248	-1298
2.07881903648	-1420
2.07882213593	-1176
2.07943701744	-1420
2.07944011688	-1176
2.07966399193	543
2.07998609543	543
2.08030104637	543
2.08037805557	-1420
2.08045601845	543
2.08050012589	-1176
2.08073616028	-1420
2.08075904846	-1176
2.0807621479	-1420
2.08077907562	-1176
2.08100605011	-1420
2.08102703094	-1176
2.08116698265	-1420
2.08118700981	-1176
2.09786915779	-1420
2.09792208672	-1176
2.09804606438	543
2.10227894783	-1420
2.10228514671	-1176
2.10344004631	-1420
2.10344409943	-1176
2.103495121	-1420
2.10349798203	-1176
2.11622714996	-1420
2.11623716354	-1176
2.11652708054	-1420
2.11653208733	-1176
2.11658096313	-1420
2.11658406258	-1176
2.11667299271	-1420
2.11667513847	-1420
2.11671113968	-1054
2.11671304703	-1298
2.11682915688	-1420
2.1168320179	-1176
2.11707806587	-1420
2.11708116531	-1176
2.11720204353	-1420
2.11720514297	-1176
2.11738014221	-1420
2.11738204956	-1420
2.11738300323	-1054
2.11746311188	543
2.11757111549	-1420
2.11757397652	-1420
2.11766600609	-1054
2.11767101288	-1420
2.11770701408	-1176
2.11775016785	543
2.11781215668	-1420
2.11781406403	-1176
2.11788797379	-1420
2.11789011955	-1420
2.11790800095	-1054
2.1180460453	543
2.11828303337	-1420
2.11828804016	-1176
2.11835813522	-1420
2.11836099625	-1420
2.11840105057	-1420
2.11840415001	-932
2.1184489727	-1298
2.11855006218	-1420
2.11857199669	-1176
2.11868214607	-1420
2.11870408058	-1176
2.11910009384	-1420
2.11912298203	-1420
2.11912512779	-1054
2.11914205551	-1420
2.11914396286	-1420
2.11915898323	-1054
2.119546175	-1420
2.11958813667	-1420
2.11959314346	-1054
2.11968111992	-1420
2.11968398094	-1176
2.11979794502	-1298
2.12019014359	-1420
2.12021112442	-1176
2.12037110329	543
2.12185311317	-1420
2.12185811996	-1176
2.12216711044	-1420
2.12216997147	-1176
2.12225794792	-1420
2.12226009369	-1176
2.12265896797	-1420
2.12266206741	-1176
2.12347412109	543
2.13402104378	-1420
2.13403105736	-1420
2.13408017159	-1352
2.14235901833	-1298
2.1471619606	-1298
2.15109395981	-1298
2.15679907799	543
2.16536998749	543
2.17366814613	-1420
2.17367315292	-1176
2.20439100266	-543
2.20766210556	-1298
2.20989608765	543
2.21143913269	1460
2.21148896217	1139
2.23153495789	-1420
2.23154115677	-1420
2.23159503937	-1054
2.2415599823	1057
2.26111006737	-343
2.26446008682	543
2.33178901672	543
2.43646717072	-1057
2.4367120266	543
2.45917201042	-1298
2.45931100845	543
2.46013903618	-1420
2.46014404297	-1176
2.46028614044	-1298
2.46113109589	-1420
2.46117711067	-1420
2.46117997169	-1054
2.46142506599	-1420
2.46143007278	-1176
2.46149611473	-1298
2.46160817146	-1298
2.46169900894	-1298
2.46182608604	-1298
2.46223711967	-1298
2.46233916283	-1420
2.46236395836	-1176
2.46286296844	-1298
2.46290707588	-1420
2.46291017532	-1420
2.46294903755	-1420
2.4629509449	-932
2.46308708191	543
2.46312618256	-1420
2.4631280899	-1176
2.46341109276	-1298
2.47389411926	-1420
2.4739420414	-1420
2.47394514084	-1054
2.47405099869	543
2.48998808861	-1420
2.49000406265	-1420
2.49006414413	-1054
2.49032211304	-1420
2.49037504196	-1420
2.4903781414	-1054
2.49880814552	-1298
2.50152802467	-1298
2.56362509727	-469
2.60866308212	-1298
2.63145518303	1460
2.63154196739	625
2.63557815552	543
2.68561816216	-1420
2.68563699722	-1420
2.68568396568	-1420
2.68568706512	-932
2.68570494652	-1420
2.68570709229	-1176
2.685942173	543
2.68605208397	-1420
2.68605613708	-1176
2.68618011475	-1420
2.68618297577	-1176
2.68687605858	-1420
2.68688106537	-1176
2.6874871254	-1420
2.68749117851	-1176
2.68759012222	-1420
2.68759298325	-1176
2.68779206276	-1420
2.68779611588	-1176
2.6890900135	-1420
2.68909597397	-1420
2.68913912773	-1054
2.69080710411	-1148
2.69091916084	543
2.69211196899	-1420
2.69211816788	-1176
2.69268918037	-1420
2.69269394875	-1420
2.69273400307	-1054
2.69307613373	-1420
2.69310712814	-1176
2.69351005554	-1298
2.69450807571	543
2.70905709267	-1420
2.70907211304	-1176
2.70925807953	543
2.70964717865	1057
2.71012115479	543
2.71300411224	-1420
2.71300816536	-1176
2.71314811707	-1298
2.71381807327	-1420
2.71386909485	-1420
2.71387314796	-1054
2.71412611008	-1420
2.71413111687	-1420
2.71417212486	-1054
2.71433997154	-1298
2.71450400352	-1420
2.71450805664	-1176
2.71469807625	-1298
2.71588206291	-1420
2.71592402458	-1176
2.7160820961	-1298
2.71622896194	-1420
2.71623396873	-1176
2.71798014641	-1420
2.71798610687	-1176
2.71876311302	-1420
2.71876716614	-1176
2.71888399124	-1298
2.71949696541	-1298
2.72019004822	-1420
2.72019410133	-1176
2.72095894814	-1420
2.72096204758	-1176
2.72131609917	-1420
2.72132110596	-1176
2.72348713875	543
2.75258398056	-1298
2.81807017326	-876
2.84141111374	-1420
2.84142017365	-1176
2.84234809875	-1420
2.84235310555	-1176
2.84312605858	-1420
2.84313011169	-1176
2.84326910973	543
2.84377908707	-1420
2.84378409386	-1420
2.8438141346	-1054
2.84387803078	543
2.84490799904	-1420
2.84491300583	-1176
2.84566497803	-1298
2.8457300663	543
2.84721517563	-1420
2.84722018242	-1420
2.84725904465	-1054
2.84913110733	-1298
2.84926915169	-1298
2.84944105148	-1298
2.85314106941	-1298
2.85352706909	-1420
2.85357308388	-1420
2.8535759449	-1054
2.85364317894	-1420
2.85365509987	-1176
2.85406112671	-1298
2.85439109802	-1420
2.85443496704	-1176
2.85453295708	-1298
2.85496902466	-1420
2.85497498512	-1176
2.85522603989	-1298
2.86909413338	-1420
2.86914110184	-1176
2.86914515495	-1298
2.87073111534	-1420
2.87073707581	-1420
2.87078404427	-1054
2.87087917328	543
2.87121796608	-1298
2.87165117264	-1420
2.87169909477	-1176
2.87209296227	-1420
2.87213802338	-1420
2.87214112282	-1054
2.87258911133	-1298
2.87266898155	543
2.87296295166	-1420
2.87296795845	-1176
2.8731739521	-1298
2.87330818176	-1298
2.8734099865	-1420
2.87342309952	-1176
2.87350702286	-1298
2.87621712685	-1298
2.8767850399	-1420
2.87679004669	-1420
2.87683105469	-1054
2.87687301636	-1298
2.87695908546	543
2.87709498405	-1420
2.87709903717	-1420
2.87713813782	-1054
2.87714314461	-1298
2.87718009949	-1298
2.8774600029	-1298
2.87768006325	-1420
2.87768411636	-1176
2.87781000137	-1420
2.87781405449	-1420
2.87785816193	-1054
2.87821912766	-1420
2.87824106216	-1176
2.87878108025	-1298
2.89712095261	-1420
2.89713001251	-1176
2.89916205406	-1298
2.89925813675	543
2.89939212799	-1420
2.89939808846	-1176
2.89949703217	-1420
2.89949917793	-1420
2.89953517914	-1054
2.89961314201	-1298
2.90013694763	-1420
2.90014100075	-1420
2.90018010139	-1054
2.90018296242	-543
2.90050411224	-1420
2.90054798126	-1176
2.90083599091	-1420
2.90087103844	-1420
2.90087294579	-1054
2.90096211433	543
2.901086092	-1298
2.90118312836	-1298
2.9013030529	-1298
2.90289902687	-1420
2.90292000771	-1176
2.90588903427	-1420
2.90593314171	-1420
2.90593600273	-1420
2.90597510338	-932
2.90603899956	543
2.90687298775	-1420
2.90687704086	-1176
2.90903615952	-1420
2.90904116631	-1176
2.90915894508	-1420
2.90916204453	-1176
2.90945315361	-1420
2.90946698189	-1176
2.90955805779	-1298
2.924929142	-1420
2.92495918274	-1176
2.92496204376	-1298
2.92720794678	-1420
2.92721295357	-1420
2.92726206779	-1054
2.92744612694	-1298
2.92754602432	543
2.92783904076	-1420
2.92784404755	-1176
2.92799115181	-1420
2.92799496651	-1176
2.92810606956	-1298
2.9284350872	-1420
2.92848515511	-1176
2.92848801613	-1298
2.92860603333	-1298
2.92903614044	-1420
2.92908000946	-1176
2.92919611931	-1420
2.92923808098	-1176
2.92929697037	543
2.92974209785	-1420
2.92974615097	-1176
2.92996096611	-1420
2.9299659729	-1176
2.93009400368	-1420
2.93009805679	-1420
2.93013596535	-1054
2.93090415001	-1298
2.93093013763	-1420
2.93093204498	-1176
2.9311580658	-1298
2.94520711899	-892
3.07252907753	-543
3.07272100449	543
3.20025610924	-543
3.31183505058	543
3.33160114288	1460
3.33167505264	625
3.35467100143	-1420
3.35468912125	-1420
3.35474705696	-1054
3.3547501564	-1420
3.35477614403	-1420
3.35477900505	-1054
3.3549079895	-1420
3.35491108894	-1176
3.35498809814	-1420
3.35499215126	-1176
3.35519695282	543
3.35524702072	-1298
3.3583381176	-1298
3.35851812363	543
3.36709403992	-1104
3.38235497475	-1298
3.43559408188	543
3.45185303688	543
3.45229816437	543
3.47565698624	-1420
3.47566699982	-1420
3.4757630825	-1054
3.47576618195	-1420
3.47580099106	-1176
3.47586011887	-1298
3.47610116005	-1420
3.47610497475	-1420
3.47614407539	-1054
3.47702908516	-1420
3.47707295418	-1176
3.47717308998	-1420
3.47721409798	-1176
3.47726416588	543
3.477435112	-1420
3.47743797302	-1176
3.47752213478	543
3.47769212723	-1420
3.47769713402	-1176
3.47777915001	-1298
3.47810602188	-1298
3.47897696495	-1420
3.47898101807	-1176
3.479170084	-1298
3.47929596901	-1420
3.47937107086	-1176
3.4793741703	-1298
3.47972011566	-1420
3.47972416878	-1420
3.47976398468	-1054
3.47989916801	-1420
3.47994017601	-1176
3.48136806488	-1298
3.48233795166	-1420
3.48234295845	-1420
3.48238515854	-1054
3.48245716095	543
3.48303508759	-1298
3.49404001236	-170
3.50350213051	-1420
3.50350809097	-1176
3.50354099274	-1298
3.50393104553	-1420
3.50397610664	-1420
3.50397896767	-1054
3.50764107704	-1298
3.62130999565	-825
3.62156510353	543
3.6346180439	543
3.6349170208	543
3.63514304161	543
3.63564705849	1460
3.63571596146	111
3.63619709015	543
3.64752197266	1460
3.64761710167	111
3.65208315849	-1298
3.65220999718	-1420
3.65225696564	-1176
3.65233206749	543
3.6531291008	-1420
3.65313410759	-1420
3.65317702293	-1054
3.65343999863	-1420
3.65348505974	-1420
3.65348696709	-1054
3.65366101265	-1420
3.65366506577	-1176
3.65380311012	-1420
3.65380501747	-1176
3.65392613411	-1420
3.65392994881	-1176
3.65406608582	543
3.65417003632	-1420
3.65417218208	-1420
3.65421009064	-1054
3.65425610542	-1298
3.65432906151	543
3.65454506874	-1420
3.65454816818	-1176
3.65464115143	543
3.65467715263	-1420
3.65467905998	-1176
3.65487599373	-1420
3.65488100052	-1176
3.6550860405	-1420
3.65509009361	-1420
3.65513014793	-1054
3.65519213676	-1420
3.65523004532	-1420
3.65523195267	-1054
3.65605115891	-1298
3.65610313416	543
3.65638804436	-1420
3.6563911438	-1420
3.6564309597	-1054
3.6807320118	-1420
3.6807911396	-1420
3.68080496788	-1054
3.68082308769	-1420
3.68082499504	-1420
3.68084216118	-1054
3.68144917488	-1420
3.68149495125	-1176
3.68191599846	-1420
3.68195796013	-1420
3.68196105957	-1054
3.68217396736	-1298
3.68269395828	-1420
3.68274211884	-1420
3.68274402618	-1054
3.68353104591	-1420
3.68353509903	-1176
3.68361401558	-1420
3.68361616135	-1176
3.68382501602	-1298
3.68391513824	1057
3.68461704254	-1298
3.70862913132	-1298
3.74860310555	-958
3.74883008003	543
3.74897217751	543
3.78544902802	543
3.8237080574	-1298
3.82459807396	1057
3.84677314758	-1298
3.84772610664	-1420
3.84780812263	-1176
3.84781217575	-1420
3.84784817696	-1420
3.8478500843	-1054
3.84820795059	-1298
3.84841108322	-1420
3.84846305847	-1176
3.84849596024	-1298
3.84859609604	-1298
3.84893202782	-1420
3.84897518158	-1176
3.84936594963	-1420
3.84940910339	-1420
3.84941196442	-1054
3.84954714775	-1420
3.84955096245	-1176
3.8495900631	-1298
3.84985208511	-1420
3.84989905357	-1420
3.84990215302	-1420
3.84993815422	-932
3.85126399994	-1420
3.85128617287	-1176
3.85143613815	-1298
3.85168910027	543
3.8760881424	-971
3.96165895462	-1420
3.96168112755	-1176
3.96230816841	-1420
3.96232414246	-1176
3.96235799789	-1298
3.96248197556	-1298
3.96278595924	-1420
3.96279215813	-1176
3.96307516098	-1420
3.96308016777	-1176
3.96334195137	-1420
3.96334695816	-1420
3.96340107918	-1054
3.96388912201	-1298
3.96441912651	-1420
3.96442508698	-1176
3.96539211273	-1298
3.96552610397	-1420
3.96554613113	-1176
3.96554899216	-1298
3.96755504608	543
3.96769499779	543
3.97064709663	-1420
3.97065496445	-1420
3.970703125	-1054
3.97091913223	-1298
3.97113513947	-1420
3.97113800049	-1176
3.97159409523	-1298
3.97168302536	-1298
3.97193408012	-1298
3.97277903557	-1298
3.9735159874	-1420
3.97351908684	-1420
3.97355508804	-1054
3.97502994537	-1420
3.97507715225	-1176
3.97518515587	-1298
3.97540211678	543
3.97554302216	543
3.97730016708	-1420
3.97730517387	-1420
3.97734713554	-1054
3.9790430069	-1420
3.97906398773	-1176
3.979170084	-1298
3.98002910614	-1420
3.98003315926	-1176
3.98012495041	-1298
3.98039102554	-1420
3.9804110527	-1176
3.98053503036	-1298
3.98240113258	-1420
3.98240613937	-1420
3.98242998123	-1054
3.98250102997	543
3.98280405998	-1420
3.9828081131	-1420
3.98282909393	-1054
3.9829120636	543
3.98302507401	-1420
3.9830300808	-1420
3.98307013512	-1054
3.98323512077	-1420
3.98327803612	-1420
3.98328113556	-1054
3.98347115517	-1420
3.98347616196	-1176
3.98364806175	-1298
3.98365306854	-1420
3.9836730957	-1176
3.98367500305	-1298
3.9838540554	-1420
3.98385715485	-1176
3.98438715935	-1298
3.98469614983	-1420
3.98471498489	-1176
3.98503708839	-1298
3.98527598381	-1420
3.98527908325	-1176
3.98750209808	543
3.98787617683	-1298
3.98801112175	-1420
3.98805499077	-1420
3.98805809021	-1054
3.98878216743	-1420
3.98878717422	-1420
3.98882913589	-1054
3.98898601532	-1298
3.9894759655	-1420
3.98948311806	-1176
3.98965215683	-1420
3.98965501785	-1176
3.98973202705	-1298
3.99021196365	-1298
3.9903011322	543
3.99063301086	-1420
3.99063706398	-1176
3.99101114273	-1298
3.99107909203	543
3.9915599823	-1420
3.99156403542	-1420
3.9916241169	-1054
3.99174118042	-1420
3.99178004265	-1420
3.99178195	-1054
3.99215507507	-1420
3.99215817451	-1176
3.99258899689	-1298
3.99297404289	-1420
3.99299311638	-1176
3.99316000938	-1298
3.99427103996	-1420
3.9942741394	-1420
3.99431109428	-1054
3.99483895302	-1420
3.99485707283	-1420
3.99487709999	-1054
3.99516010284	-1420
3.99516296387	-1176
3.99596810341	-1298
3.99633598328	-1298
3.99768614769	-1298
3.99782514572	-1420
3.99785017967	-1176
3.99801707268	-1420
3.99803900719	-1176
3.99828696251	-1298
3.99920201302	-1420
3.99920701981	-1176
3.99958705902	-1298
4.00010609627	-1420
4.00014805794	-1420
4.00014996529	-1054
4.00192809105	-1420
4.00193095207	-1420
4.00197005272	-1054
4.00298810005	-1420
4.00300812721	-488
4.00367498398	543
4.00390696526	543
4.00400614738	543
4.00439405441	-1420
4.00440001488	-1176
4.00542902946	-1420
4.00543403625	-1420
4.00547409058	-1054
4.00654816628	-1298
4.00666809082	543
4.00825595856	-1298
4.00844407082	-1298
4.00968909264	-1298
4.01339912415	-1420
4.01344299316	-1420
4.01344513893	-1054
4.01377916336	-1420
4.01378202438	-1420
4.01381015778	-1054
4.01442694664	-1420
4.01446413994	-1176
4.01489305496	-1298
4.01713514328	-1420
4.01714015007	-1420
4.01718115807	-1054
4.01845908165	-1298
4.01970505714	-1298
4.01978707314	-1420
4.01983213425	-1176
4.02065515518	-1420
4.02069807053	-1420
4.02070116997	-1054
4.02081108093	543
4.0224480629	-1420
4.02245402336	-1176
4.02303814888	-1298
4.02404212952	-1298
4.02577614784	-1420
4.02577996254	-1176
4.02606105804	-1420
4.02606415749	-1420
4.02610707283	-1054
4.02634000778	-1298
4.02662014961	-1298
4.02675008774	543
4.02708101273	-1298
4.07832717896	543
4.07888102531	543
4.08872795105	-1420
4.08874702454	-1176
4.08963108063	-1420
4.08963608742	-1176
4.08978915215	-1420
4.08980202675	-1420
4.08984017372	-1054
4.08984398842	-1298
4.09001398087	-1420
4.09001708031	-1176
4.09008407593	-1420
4.09008717537	-1176
4.09031105042	-1420
4.09031510353	-1176
4.09038209915	-1298
4.09050011635	543
4.09509706497	543
4.09572315216	1057
4.09619998932	543
4.13033914566	-1042
4.13310098648	-543
4.14405918121	543
4.14438509941	543
4.20476198196	-1298
4.20497703552	543
4.209608078	-1420
4.20961594582	-1420
4.20966815948	-1054
4.22752213478	-1420
4.2275660038	-1176
4.22993707657	543
4.24202513695	-1298
4.25769901276	-825
4.27067017555	-1298
4.28520298004	-1298
4.29117012024	-1420
4.2911760807	-1176
4.29162096977	-1420
4.29162597656	-1176
4.29183006287	-1298
4.2918419838	-1420
4.29186701775	-1176
4.29193902016	-1298
4.29207015038	543
4.29217815399	-1298
4.29246497154	-1420
4.29250001907	-1420
4.29250311852	-1054
4.29263114929	-1420
4.29263401031	-1420
4.29267096519	-1054
4.30058813095	-1420
4.30065011978	-1420
4.3006541729	-1054
4.3085911274	543
4.31086611748	-1420
4.31087303162	-1420
4.31093502045	-1054
4.32332801819	543
4.38158512115	-1420
4.38160204887	-1420
4.38166117668	-1054
4.38194012642	543
4.38472008705	-97
4.39563798904	1057
4.40319609642	543
4.4034640789	543
4.40402603149	543
4.40440106392	543
4.43516016006	543
4.45563411713	-1298
4.46159601212	543
4.47595310211	543
4.48995113373	-1298
4.51155996323	1460
4.51164007187	111
4.51189804077	-90
4.51671600342	-1420
4.51677417755	-1420
4.51677799225	-1054
4.52210903168	-1420
4.52211499214	-1420
4.52215909958	-1054
4.52235603333	-1298
4.52255702019	-1420
4.52256298065	-1420
4.52261614799	-1054
4.52261805534	-1420
4.52265405655	-1176
4.52275300026	-1420
4.52279305458	-1176
4.52289795876	-1420
4.52294707298	-1176
4.52339911461	-1420
4.52344202995	-1176
4.52574396133	-1298
4.52596306801	543
4.52904510498	-1420
4.529047966	-1176
4.53163695335	543
4.54610610008	-1420
4.54612898827	-1176
4.55854201317	543
4.57267904282	-1298
4.59424114227	-1420
4.59430909157	-1420
4.59431409836	-1054
4.59635806084	-1420
4.59636497498	-1420
4.59641098976	-1054
4.60125994682	-1420
4.60129117966	-1176
4.61147904396	543
4.63928604126	-678
4.66501116753	-1420
4.66506910324	-1420
4.66507411003	-1054
4.66526007652	543
4.67243504524	-1420
4.67244315147	-1420
4.67248916626	-1054
4.67654204369	543
4.68751215935	543
4.72139906883	-1298
4.73154997826	543
4.76649808884	-883
4.77156400681	1460
4.77162504196	1460
4.77167201042	193
4.77179503441	1057
4.7750711441	543
4.77850103378	-1298
4.78502511978	543
4.78785204887	543
4.80864906311	-1298
4.8473739624	-1298
4.84766197205	543
4.85889101028	543
4.85918307304	1057
4.89403414726	-935
4.89424014091	543
4.89438009262	543
4.97894501686	-1420
4.978962183	-1420
4.97902703285	-1054
4.97903013229	-1420
4.97905611992	-1176
4.97905898094	-1420
4.97909212112	-1176
4.97922515869	-1420
4.97927212715	-1176
4.97938203812	-1298
4.9794960022	-1420
4.97949910164	-1420
4.97954416275	-1054
4.979596138	-1420
4.9796230793	-1176
4.97962617874	-1298
4.97984814644	-1298
4.97998213768	-1420
4.98002004623	-1420
4.98002195358	-1054
4.98155117035	-1420
4.98155498505	-1176
4.98368906975	543
5.00507497787	-1420
5.0050880909	-1176
5.01625800133	-1420
5.01626396179	-1420
5.01631617546	-1054
5.01631808281	-1420
5.01636314392	-1420
5.01636505127	-1054
5.01688218117	-1420
5.01688504219	-1420
5.01692295074	-1054
5.01743817329	-1298
5.01817917824	-1420
5.01818203926	-1176
5.01869916916	-1420
5.01870203018	-1176
5.01920795441	-1298
5.01992201805	543
5.0201010704	-1420
5.02010297775	-1420
5.0201420784	-1054
5.02021598816	543
5.02092003822	-1298
5.02113413811	-1420
5.02117800713	-1420
5.02118110657	-609
5.02231216431	-1420
5.0223171711	-1420
5.02236008644	-1054
5.02250599861	-1298
5.02348208427	-1420
5.02348709106	-1176
5.03281807899	-1420
5.03283214569	-1420
5.03289103508	-1054
5.03645515442	-1298
5.03703999519	543
5.0444791317	-1420
5.04450511932	-1176
5.0455031395	-1420
5.04550695419	-1420
5.04554605484	-1054
5.04630112648	-1298
5.04660916328	-1298
5.04676103592	-1298
5.04700708389	-1298
5.04785394669	543
5.04946994781	-1420
5.04948401451	-1176
5.05548810959	-1420
5.05550503731	-1420
5.05556201935	-1054
5.05590415001	-1420
5.055945158	-1176
5.05854797363	-1420
5.05858516693	-1176
5.06352210045	543
5.07245111465	-1298
5.09142613411	543
5.1127281189	-1298
5.14022517204	-1420
5.14027404785	-1176
5.14847707748	-222
5.19143915176	-1298
5.19429707527	-1420
5.19434499741	-1420
5.19434809685	-1054
5.20155715942	1460
5.20162510872	111
5.20521903038	543
5.20894908905	-1298
5.23651409149	-1420
5.23659110069	-1420
5.23659515381	-1420
5.23667407036	-1420
5.23667597771	-810
5.23672914505	-1298
5.23673200607	-1420
5.23677706718	-1176
5.23677897453	-1298
5.23708796501	-1420
5.23709106445	-1420
5.23713207245	-1054
5.23717403412	1460
5.23721814156	1460
5.23725509644	193
5.2373521328	-1420
5.23735308647	-1420
5.23740005493	-1054
5.23751807213	543
5.2387881279	-1420
5.23879313469	-1176
5.24613118172	-1420
5.2461400032	-1420
5.24618005753	-1054
5.25558614731	-1298
5.25565314293	-1420
5.25565600395	-1420
5.25568413734	-1054
5.25580096245	-1420
5.2558400631	-1420
5.25584316254	-1054
5.25591802597	-1420
5.25592112541	-1176
5.25604009628	-1298
5.25619697571	543
5.25736498833	543
5.25939702988	-1420
5.25941205025	-1176
5.26358294487	-1420
5.26359701157	-1176
5.26363706589	-1420
5.26363897324	-1176
5.26380896568	-1298
5.26448512077	543
5.26704406738	-1298
5.26939201355	543
5.26959300041	1057
5.26980113983	543
5.27268505096	-1420
5.2727060318	-1176
5.27529001236	-1298
5.27543497086	-1420
5.27548909187	-1420
5.27549099922	-1420
5.27552700043	-932
5.27552914619	-1298
5.27571105957	-1420
5.27571511269	-827
5.27573513985	-1298
5.27591896057	-1298
5.27922916412	-1420
5.27923417091	-1420
5.27927303314	-1054
5.28317403793	-1420
5.28323912621	-1420
5.28324198723	-1420
5.28332400322	-932
5.28332614899	-1420
5.28338313103	-1176
5.28350710869	-1420
5.28352713585	-1420
5.2835290432	-1054
5.28354501724	-1420
5.28354716301	-1176
5.28367209435	543
5.28613805771	-1298
5.28677201271	543
5.29641795158	-1420
5.29642510414	-1176
5.29967999458	-1298
5.29978108406	543
5.30326914787	-1420
5.30327701569	-1176
5.30355596542	-1298
5.3121509552	543
5.32132816315	-1420
5.32134103775	-1420
5.32139706612	-1054
5.32154917717	543
5.33222913742	-1420
5.33223414421	-1176
5.3328139782	-1298
5.33503198624	-1420
5.33508896828	-1420
5.33509206772	-1054
5.33633995056	-1420
5.33634495735	-1420
5.33638906479	-1054
5.34101510048	-1420
5.3410589695	-1420
5.34106206894	-1054
5.34189510345	-1298
5.34330916405	-1420
5.34336304665	-1176
5.34725999832	-1298
5.34965515137	-1420
5.34966015816	-1176
5.34971213341	-1298
5.35195612907	-1298
5.35206103325	-1298
5.35212802887	543
5.35245800018	-1298
5.35848712921	-1420
5.35852909088	-1420
5.3585319519	-1054
5.35977101326	-1298
5.36504817009	-1298
5.40292310715	-740
5.41164398193	543
5.41218209267	543
5.46337008476	-543
5.53034305573	-1086
5.53049206734	1460
5.53054714203	111
5.53465509415	-1420
5.53466105461	-1176
5.53867816925	-1420
5.53868317604	-1176
5.56030607224	-1298
5.56424999237	-1298
5.57152295113	543
5.61653399467	-1298
5.6503880024	-543
5.65360713005	1460
5.65366697311	1139
5.65556716919	543
5.65787410736	-427
5.73066616058	543
5.73662400246	543
5.76393008232	543
5.77530908585	1057
5.78511404991	-1057
5.78832817078	543
5.79051494598	543
5.84164309502	-1420
5.84167313576	-1176
5.84874105453	-1298
5.85046505928	1057
5.86723995209	-1420
5.86724710464	-1176
5.90146017075	-1420
5.90147900581	-1420
5.90151715279	-1054
5.91045308113	543
5.91081809998	543
5.91198515892	-41
5.97791194916	-1298
6.02569007874	-1298
6.0275850296	543
6.02773714066	543
6.0392100811	-119
6.04214596748	1057
6.10849714279	-1298
6.12027001381	-1298
6.1204791069	543
6.15869402885	-1298
6.16077899933	543
6.16129398346	543
6.16675114632	-392
6.16717410088	543
6.19613218307	543
6.19665002823	543
6.19957900047	-1298
6.2320690155	-1420
6.23213410378	-1420
6.23213815689	-1054
6.24104404449	543
6.2483279705	-1420
6.24833607674	-1176
6.26373505592	543
6.26784300804	1057
6.26811408997	-1298
6.28094696999	-1420
6.2809920311	-1176
6.28168296814	543
6.29562997818	-314
6.30145907402	543
6.30166912079	1057
6.40173006058	-1420
6.40174913406	-1176
6.40413117409	-1298
6.40519595146	-1298
6.40551900864	-1420
6.40552306175	-1420
6.40556311607	-1054
6.40570116043	-1420
6.40575098991	-1176
6.40575408936	-1298
6.40604114532	-1298
6.40614295006	-1420
6.40618300438	-1176
6.40657305717	-1420
6.40661406517	-1420
6.40661716461	-1054
6.40676498413	-1298
6.4068479538	543
6.40701198578	-1420
6.40701699257	-1176
6.40740513802	-1420
6.40740895271	-1420
6.40744805336	-1420
6.40744996071	-932
6.40755915642	-1420
6.40756201744	-1176
6.40766716003	543
6.40789198875	-1298
6.40816497803	-1420
6.40820813179	-1420
6.40821099281	-1054
6.40835595131	543
6.40855908394	-1420
6.40856409073	-1176
6.40989899635	-1298
6.42171406746	1057
6.42231297493	543
6.42294096947	-1192
6.42511510849	-1420
6.42516303062	-1176
6.43277215958	-1298
6.43336105347	-1420
6.43336510658	-1420
6.43340301514	-1054
6.4343111515	-1298
6.4344060421	-1298
6.43465805054	-1420
6.43469500542	-1420
6.43469715118	-1054
6.43494009972	-1420
6.43494296074	-1176
6.44075417519	-1298
6.44075918198	-1420
6.44079899788	-1420
6.44080209732	-1054
6.44102096558	543
6.46199297905	-1420
6.46200609207	-1420
6.46207308769	-1054
6.46498513222	-1298
6.54662108421	-1298
6.54681301117	543
6.55013513565	-692
6.5575671196	-1420
6.55762195587	-1176
6.55773806572	543
6.62204694748	-1420
6.62206506729	-1176
6.63157105446	543
6.631772995	1057
6.63814306259	543
6.64179396629	543
6.67161417007	-1298
6.67274618149	543
6.67748999596	-880
6.67942595482	543
6.80484414101	-1420
6.80486106873	-1176
6.8062620163	-1031
6.83276414871	-1420
6.8328139782	-1176
6.83653402328	-1298
6.86628913879	543
6.8934211731	543
6.89545917511	543
6.91097307205	-1298
6.91302895546	543
6.91372895241	543
6.9335000515	-549
6.93393802643	1460
6.93400406837	111
6.93451499939	543
7.01372408867	-1298
7.0139541626	1057
7.01832914352	-1420
7.01833415031	-1420
7.01838111877	-1054
7.06079316139	-1092
7.06295204163	543
7.06365799904	1057
7.1474750042	-1420
7.14749097824	-1176
7.14772701263	543
7.17722606659	-1420
7.17724204063	-1420
7.17729902267	-1054
7.17894697189	543
7.17944908142	543
7.18090105057	-1420
7.18091607094	-1176
7.18821907043	-854
7.19652605057	-1420
7.19658517838	-1176
7.24994301796	-1420
7.24995994568	-1420
7.25002503395	-1054
7.25028014183	543
7.25380301476	-1298
7.26979112625	-1420
7.2698431015	-1420
7.26984715462	-1054
7.27717018127	-1298
7.27917909622	543
7.28209710121	-1298
7.28668808937	543
7.29162406921	543
7.29262304306	543
7.31352615356	-1298
7.31528902054	-76
7.31557202339	543
7.39232516289	-1420
7.39234399796	-1176
7.39966106415	-1420
7.39967894554	-1176
7.4198050499	-1420
7.41982316971	-1176
7.42269515991	1460
7.42274999619	111
7.42298698425	1057
7.44267916679	-610
7.44291305542	543
7.53521108627	-1298
7.53938698769	-1298
7.56984496117	-604
7.57004904747	543
7.66709804535	-1298
7.6982820034	-302
7.72092199326	-1420
7.72093605995	-1176
7.76476812363	-1298
7.76672506332	543
7.77174305916	-1420
7.77174901962	-1420
7.77179408073	-1054
7.77190613747	543
7.79432916641	-1298
7.82567596436	-825
7.82765102386	-1420
7.82765698433	-1176
7.82855606079	543
7.82937812805	-1298
7.83355116844	-1420
7.83364009857	-1420
7.83364415169	-1054
7.85851597786	-1420
7.85853099823	-1176
7.85867905617	-1298
7.85874795914	-1298
7.95287013054	-73
7.95354294777	543
7.95409202576	543
8.03157496452	543
8.08001708984	-543
8.20733499527	-543
8.23126006126	-1420
8.23134803772	-1176
8.25805211067	-1298
8.29344701767	-1420
8.29346299171	-1420
8.29351496696	-1054
8.29364299774	-1420
8.29368495941	-1420
8.2936899662	-1054
8.2943520546	-1420
8.29435706139	-1176
8.29512906075	1057
8.29552316666	-1298
8.29872298241	-1420
8.29876995087	-1420
8.29877305031	-1054
8.29895615578	543
8.29910516739	-1298
8.33966708183	-1298
8.35830116272	-355
8.48532009125	-543
8.4855761528	543
8.64193296432	-543
8.67672300339	-1420
8.6767821312	-1176
8.78953099251	-1420
8.78955101967	-1176
8.79118204117	1057
8.80396914482	-520
8.80411314964	543
8.81773996353	-1298
8.82141017914	-1298
8.9447259903	-32
8.94664311409	543
9.03151416779	543
9.13779807091	-1057
9.14212703705	1057
9.19533705711	543
9.33963608742	-543
9.554708004	-1057
9.60713410378	543
9.63177704811	1460
9.631909132	111
9.76733613014	543
9.76795816422	543
9.80666899681	-543
9.81151914597	543
10.0007450581	-543
10.0293841362	-1298
10.1398370266	-1420
10.1398539543	-1420
10.1399180889	-1054
10.143982172	1057
10.1563811302	-549
10.156922102	543
10.1591031551	543
10.3271400928	-543
10.3273899555	543
10.4545021057	-543
10.5817120075	-543
10.7325701714	-1420
10.7326350212	-1176
10.7491960526	-1031
10.8131380081	-1420
10.8131871223	-1176
10.8143949509	543
10.8763501644	-546
10.9217350483	543
10.9721381664	1057
11.0959181786	-543
11.158342123	-1298
11.1584010124	-1298
11.2117960453	543
11.2124190331	1460
11.2124710083	1460
11.2125079632	707
11.2236750126	-3
11.225921154	543
11.2561099529	-1298
11.2562310696	-1420
11.2563140392	-1176
11.2563171387	-1298
11.2563540936	-1298
11.2566981316	-1298
11.2573311329	-1298
11.2625579834	-1420
11.2626020908	-1420
11.2626039982	-1054
11.2851569653	-1420
11.2851719856	-1176
11.2853441238	-1298
11.28540802	543
11.2879400253	-1420
11.2879450321	-1176
11.2882900238	-1298
11.2903900146	-1420
11.2904319763	-1420
11.2904350758	-1054
11.2909200191	-1420
11.2909340858	-1176
11.2909660339	-1298
11.2925300598	-1420
11.2925710678	-1176
11.2926781178	543
11.2937891483	-1298
11.2944860458	-1420
11.294533968	-1420
11.2945370674	-1054
11.2970149517	-1420
11.2970211506	-1176
11.300508976	-1420
11.30052495	-1176
11.3007011414	543
11.3155491352	-1420
11.3155651093	-1176
11.3455271721	543
11.3505930901	-51
11.5018601418	543
11.601526022	-1057
11.6381030083	543
11.7466781139	-543
11.7523591518	1460
11.7525279522	111
11.8667850494	1460
11.8668830395	111
11.8738050461	-543
11.873978138	543
11.9660520554	-1298
12.0010681152	-816
12.0117630959	1057
12.1519050598	-543
12.2031240463	-1420
12.2031960487	-1420
12.2032420635	-1054
12.2065851688	-1298
12.2111020088	-1420
12.2111539841	-1176
12.2132899761	1057
12.2139101028	1460
12.213958025	625
12.2791249752	-67
12.2810671329	543
12.2820341587	1057
12.4064760208	-1057
12.4152309895	1057
12.5335271358	-543
12.6160700321	-1298
12.6166391373	1057
12.6595821381	543
12.6608610153	-816
12.7881519794	-543
12.8450741768	543
12.9883050919	-543
12.9915471077	543
13.0546901226	-1298
13.1192910671	-787
13.2155151367	1057
13.2465751171	-1057
13.2472000122	543
13.2556240559	543
13.605618	-1420
13.6056351662	-1176
13.6067471504	-3
13.6586921215	543
13.6591441631	543
13.6852040291	543
13.6857750416	543
13.7343020439	-543
13.9070401192	-543
13.9075889587	543
13.9386861324	-1420
13.9386911392	-1176
14.0314950943	543
14.0340120792	-546
14.0341491699	543
14.1287269592	-1298
14.1288671494	543
14.2134289742	-302
14.2252120972	543
14.3158950806	-1420
14.3159029484	-1176
14.33811903	-1420
14.3381249905	-1176
14.3796260357	-6
14.3841440678	543
14.3846940994	543
14.5160629749	-1420
14.5160889626	-1176
14.5448651314	-1420
14.5448801517	-1420
14.5449540615	-1054
14.549131155	-764
14.54925704	543
14.5616209507	543
14.5621809959	543
14.6896359921	-543
14.6897389889	543
14.6970291138	-1420
14.6970341206	-1176
14.7253539562	-1420
14.7253601551	-1176
14.796724081	-1420
14.7967350483	-1420
14.7967879772	-1054
14.8095560074	543
14.8169500828	-796
14.8215811253	-1298
14.9441771507	-273
15.1387531757	-543
15.1394209862	-1420
15.1394269466	-1420
15.1394779682	-1054
15.1394810677	-1420
15.1395189762	-1176
15.1428570747	-1298
15.1673681736	-1298
15.2148451805	-1298
15.2219879627	543
15.265789032	-41
15.2660000324	543
15.6382529736	-543
15.7681601048	-1420
15.7682130337	-1420
15.7682340145	-273
15.7697751522	543
15.7730720043	543
16.0553181171	-543
16.1244499683	-1420
16.1245150566	-1176
16.2231531143	-3
16.2258551121	1057
16.5116500854	-1298
16.5118789673	-787
16.523152113	543
16.7851850986	-543
16.9152650833	-543
16.9517481327	-543
16.9520311356	543
17.0297131538	543
17.0298571587	543
17.223252058	543
17.2331020832	-1420
17.2331149578	-1420
17.2331700325	-273
17.2342309952	543
17.2354111671	543
17.562276125	-1420
17.5622999668	-1176
17.5625851154	-3
17.730287075	-543
17.730987072	391
