0	543
0.000110864639282	543
2.29303884506	-543
3.93276405334	543
4.18188285828	-543
4.18735098839	543
4.66181898117	-1420
4.66183686256	-1420
4.66189098358	-787
4.66793584824	-1420
4.66798901558	-1420
4.66799283028	-1420
4.66803002357	-1212
4.66803193092	-1368
4.66830301285	-1368
4.69612884521	543
4.74347496033	543
4.74438691139	-1368
4.7742228508	-1420
4.77431797981	-1420
4.77432394028	-1420
4.77438998222	-1420
4.77439498901	-1420
4.77446603775	-1108
4.78019404411	-1420
4.78025388718	-1420
4.78025794029	-1420
4.7802939415	-1212
4.78029584885	-1420
4.78032898903	-1316
4.78033089638	-1368
4.78036689758	-1368
4.78064084053	-1420
4.78067803383	-1420
4.78068089485	-1264
4.7808740139	-1368
4.78140687943	543
4.86307501793	543
4.88640904427	-1420
4.88642382622	-1420
4.88648295403	-1420
4.88648605347	-1212
4.88652205467	-1420
4.88652682304	-1420
4.8865609169	-1420
4.88656282425	-1212
4.88675284386	-1420
4.88675689697	-1316
4.88694691658	-1420
4.8869509697	-1316
4.8871819973	-1420
4.88718700409	-1316
4.89265489578	-1420
4.8926718235	-1420
4.89267396927	-1420
4.89267492294	-1420
4.89267587662	-1160
4.89267683029	-1420
4.89267897606	-1316
4.89274787903	-1420
4.8927500248	-1420
4.89275097847	-1264
4.89309287071	-687
4.89578104019	543
4.8959839344	543
4.89610099792	543
4.91218996048	1460
4.91226887703	1139
4.9350528717	543
5.00858187675	-543
5.01458096504	543
5.03084588051	543
5.04791593552	-1420
5.04793095589	-1420
5.04798603058	-1420
5.0479888916	-1420
5.04802489281	-1160
5.04832005501	-1368
5.04873800278	-1420
5.04874181747	-1420
5.04877591133	-1420
5.04877901077	-1420
5.04885292053	-1160
5.05242991447	-1420
5.05243301392	-1316
5.05254387856	-1368
5.05270290375	543
5.05273795128	-1420
5.05273985863	-1420
5.05273985863	-1420
5.05274105072	-1212
5.05284285545	-1368
5.0530860424	-1368
5.05360388756	-1420
5.05360984802	-1420
5.05364990234	-1264
5.05365300179	-1420
5.05368685722	-1316
5.05368900299	-1368
5.0537788868	-1420
5.05378293991	-1316
5.05385899544	1057
5.05398488045	-1420
5.05398797989	-1316
5.05425405502	-1420
5.05425882339	-1316
5.0591378212	-1420
5.05914497375	-1420
5.05919504166	-1264
5.07497096062	543
5.07536888123	543
5.07569289207	543
5.07599687576	543
5.09938597679	543
5.10380196571	-1368
5.10550093651	-1368
5.10928201675	-1368
5.11659002304	-1420
5.11664485931	-1420
5.11664795876	-1264
5.11675786972	543
5.16018795967	-1206
5.16041493416	543
5.21294093132	-1420
5.21295285225	-1316
5.21342492104	-1420
5.21342992783	-1420
5.21347904205	-1264
5.21364402771	-1420
5.21368598938	-1420
5.2136888504	-1264
5.21377897263	-1420
5.21378183365	-1316
5.21390199661	-1368
5.21412992477	-1368
5.21809887886	-1420
5.21810483932	-1420
5.21814489365	-1420
5.21814799309	-1212
5.21818494797	-1420
5.21818804741	-1420
5.2182199955	-1264
5.21822285652	-1420
5.21826386452	-1316
5.21835684776	-1420
5.21837687492	-1420
5.21837997437	-1264
5.21849989891	543
5.21863102913	543
5.21873497963	-1368
5.21898698807	543
5.21915888786	1460
5.21920895576	1139
5.21966004372	543
5.22001290321	543
5.22451400757	-1368
5.22464203835	543
5.22927284241	543
5.23145103455	1460
5.23149895668	1460
5.23153305054	1161
5.234375	89
5.23678898811	-1368
5.23691701889	543
5.23702692986	543
5.24447202682	-1368
5.24459004402	543
5.24471092224	-1420
5.24471497536	-1420
5.24473595619	-1264
5.24474096298	543
5.24491500854	-1420
5.24491882324	-1316
5.24500703812	-1420
5.24500989914	-1420
5.24502682686	-1264
5.24541687965	-1420
5.2454559803	-1420
5.24546003342	-1420
5.24549484253	-1212
5.24570584297	-1420
5.24574589729	-1420
5.24574899673	-1420
5.24578285217	-1212
5.24578499794	-1368
5.24589300156	543
5.2460000515	-1368
5.25620484352	-1368
5.31236386299	-426
5.36394405365	-1420
5.36395597458	-1420
5.36399888992	-1264
5.36454105377	-1420
5.36458086967	-1420
5.36458396912	-1264
5.36465883255	-1420
5.36466193199	-1316
5.36488890648	-1420
5.36489295959	-1420
5.36492800713	-1264
5.36519193649	-1420
5.36519384384	-1316
5.36519598961	-1368
5.36660504341	-1420
5.36660885811	-1420
5.36661100388	-1264
5.36667704582	-1420
5.36667895317	-1316
5.36715292931	-1420
5.36715602875	-1420
5.3671579361	-1264
5.3672208786	-1420
5.36722397804	-1316
5.36747193336	-1420
5.36747598648	-1316
5.36966705322	-1420
5.36967086792	-1420
5.36967301369	-1264
5.36989784241	-1420
5.36990094185	-1420
5.3699028492	-1420
5.36990404129	-1212
5.37032103539	-1420
5.37032389641	-1316
5.37131285667	-1420
5.37131690979	-1420
5.37131905556	-1420
5.37132000923	-1420
5.37132096291	-1420
5.37132191658	-1420
5.37132287025	-1420
5.37132382393	-1004
5.3713889122	-1420
5.37139201164	-1316
5.37148284912	-1420
5.37148690224	-1316
5.3717019558	543
5.37190794945	543
5.37208390236	543
5.37238192558	543
5.37699604034	-1420
5.37700295448	-1420
5.37702584267	-1264
5.37722682953	-1368
5.37793302536	-1420
5.37793684006	-1316
5.37804102898	-1420
5.37804293633	-1316
5.37805891037	-1368
5.37815189362	-1420
5.37818789482	-1316
5.37819004059	-1420
5.37819194794	-1316
5.37845993042	-1420
5.37846183777	-1420
5.37846398354	-1264
5.38026404381	543
5.38044404984	543
5.38060188293	-1420
5.38060593605	-1420
5.3806078434	-1264
5.38114285469	-1420
5.38114786148	-1316
5.38128399849	-1420
5.38128805161	-1316
5.3815009594	-1420
5.38150382042	-1316
5.38161683083	-1420
5.38161993027	-1316
5.38181996346	-1368
5.38348293304	543
5.38379597664	543
5.3838570118	-1420
5.38385891914	-1420
5.38385987282	-1420
5.38386082649	-1212
5.38400697708	543
5.3842689991	1460
5.38432502747	1460
5.38436985016	707
5.38460087776	-1420
5.38460588455	-1316
5.38466691971	-1420
5.38467001915	-1316
5.38500499725	543
5.38525986671	-1420
5.38526391983	-1420
5.38530302048	-1264
5.3889439106	-1368
5.38918399811	-1420
5.3891890049	-1420
5.38922595978	-1264
5.38932490349	-1420
5.38934397697	-1420
5.38934588432	-1264
5.38935995102	-1368
5.39123487473	543
5.39249181747	-1368
5.40853881836	-1420
5.40858697891	-1316
5.42461895943	-1420
5.42465686798	-1316
5.47630000114	-1420
5.47635388374	-1420
5.47641086578	-1420
5.47641396523	-1212
5.47645497322	-1420
5.47645783424	-1316
5.47662687302	543
5.47667193413	-1420
5.47671604156	-1420
5.47671699524	-1420
5.47671794891	-1212
5.47686696053	-1420
5.47686886787	-1316
5.47702503204	-1420
5.47702884674	-1420
5.47703003883	-1420
5.47703099251	-1212
5.47713303566	-1420
5.47713494301	-1420
5.47713589668	-1264
5.47719502449	-1368
5.47747087479	-1420
5.47749495506	-1316
5.47753000259	-1368
5.47760796547	543
5.47773790359	-1420
5.47774291039	-1420
5.47777986526	-1264
5.47885489464	-1420
5.47887992859	-1420
5.47888302803	-1420
5.47889900208	-1212
5.47896885872	543
5.47912883759	-1420
5.47913193703	-1420
5.47914981842	-1264
5.47925305367	-1368
5.47927284241	-1420
5.47927498817	-1316
5.47952198982	-1420
5.47952699661	-1316
5.47964191437	-1420
5.47964382172	-1420
5.47967886925	-1264
5.47972989082	-1368
5.47987890244	-1420
5.47988295555	-1420
5.47991895676	-1264
5.48011994362	543
5.48016881943	-1420
5.48017096519	-1420
5.48017191887	-1420
5.48017191887	-1212
5.48031687737	-1420
5.48031997681	-1316
5.48181986809	-1420
5.48182797432	-1420
5.48187088966	-1264
5.48187398911	-1368
5.48196792603	-1420
5.48197102547	-1316
5.48207497597	-1420
5.48207998276	-1420
5.48211884499	-1264
5.48212099075	-1368
5.48225688934	-1420
5.48225998878	-1316
5.48236489296	-1420
5.48236703873	-1316
5.48251390457	-1420
5.48251700401	-1316
5.48289299011	-1420
5.48289585114	-1420
5.48289704323	-1264
5.4831328392	-1420
5.48313689232	-1316
5.48318791389	-1420
5.48319101334	-1316
5.48329901695	-1368
5.48346185684	-1420
5.48346590996	-1420
5.48346686363	-1420
5.48346781731	-1212
5.4835999012	-1420
5.48360300064	-1316
5.48365187645	-1420
5.48365497589	-1316
5.48379302025	-1420
5.48379588127	-1309
5.48383188248	-1368
5.48414182663	-1420
5.48414587975	-1420
5.48414802551	-1420
5.48414897919	-1420
5.48414993286	-1420
5.48415088654	-1108
5.48425292969	-1420
5.48425483704	-1316
5.48442482948	543
5.48461985588	543
5.48479294777	543
5.48930501938	-1420
5.48931288719	-1420
5.48935604095	-1264
5.48935890198	-1368
5.48945903778	-1420
5.4894618988	-1316
5.48955583572	543
5.49008798599	-1420
5.49009299278	-1420
5.49013590813	-1264
5.49013805389	-1368
5.49023294449	-1368
5.49027705193	-1368
5.49037504196	-1368
5.49040293694	543
5.49061203003	-1420
5.49061703682	-1420
5.49067401886	-1264
5.49067592621	-1420
5.49071002007	-1420
5.49071192741	-1264
5.49076294899	-1420
5.49076485634	-1420
5.49079799652	-1264
5.49090790749	543
5.49106001854	-1420
5.49106383324	-1316
5.49119997025	-1420
5.49120283127	-1420
5.49120497704	-1264
5.49138998985	-1420
5.49139404297	-1420
5.49139499664	-1264
5.49139595032	-1420
5.49139690399	-1316
5.49287295341	-1420
5.49287605286	-1420
5.49287700653	-1264
5.49291682243	-1368
5.49303388596	-1368
5.4932539463	-1420
5.49325585365	-1316
5.49328684807	-1368
5.49335885048	-1368
5.49346089363	-1368
5.49586486816	543
5.52066683769	-1420
5.52067804337	-1420
5.52072882652	-1264
5.53476285934	-1420
5.53484082222	-1420
5.53484582901	-1264
5.53497290611	-1420
5.53497600555	-1316
5.5351228714	543
5.53517198563	-1420
5.53517389297	-1316
5.53522491455	-1368
5.53535199165	-1420
5.53542590141	-1420
5.53542900085	-1264
5.53546094894	-1420
5.53546285629	-1316
5.53548192978	-1368
5.53564190865	-1420
5.53564500809	-1420
5.53564596176	-1264
5.53609895706	-1420
5.53610301018	-1420
5.53610396385	-1264
5.53659582138	-1420
5.53659892082	-1420
5.5365998745	-1264
5.53676891327	-1420
5.53677082062	-1420
5.53677201271	-1264
5.53687381744	-1420
5.53687596321	-1420
5.53687691689	-1264
5.53691387177	-1368
5.53732585907	-1420
5.53732895851	-1420
5.53732991219	-1264
5.53751301765	-1420
5.53751397133	-1420
5.53751587868	-1264
5.53827595711	543
5.53847885132	543
5.53892087936	-1368
5.53915405273	-1420
5.53919792175	-1420
5.53920102119	-1264
5.53925204277	-1420
5.53925490379	-1316
5.53939890862	-1420
5.53940296173	-1316
5.53946590424	1057
5.53953790665	-1420
5.53991389275	-1316
5.53995585442	-1420
5.53995800018	-1420
5.53999400139	-1264
5.54046082497	-1420
5.54051685333	-1420
5.5405189991	-1264
5.54055285454	-1420
5.54055500031	-1420
5.54058694839	-1264
5.54058885574	-1420
5.54065489769	-1316
5.54074382782	-1420
5.54074692726	-1316
5.58856987953	-1420
5.58858585358	-1420
5.58861994743	-1420
5.58862304688	-1212
5.58877491951	-1420
5.58877897263	-1316
5.59224390984	543
5.59609985352	-352
5.63051891327	-1420
5.63057589531	-1316
5.74266290665	-920
5.92273402214	1460
5.92284798622	625
6.19419503212	-1420
6.19425988197	-1420
6.19429087639	-787
6.19863891602	-1420
6.19867491722	-1420
6.19869399071	-1264
6.19963288307	-1420
6.19967699051	-1316
6.19977402687	-1420
6.19981193542	-1316
6.19984483719	-1368
6.20011782646	-1420
6.20015788078	-1420
6.20019388199	-1264
6.20050597191	543
6.20580792427	-1420
6.20581889153	-1420
6.20586895943	-1264
6.20597791672	-1420
6.20599985123	-1316
6.20606994629	-1368
6.20614385605	543
6.20618891716	-1420
6.20619082451	-1316
6.20630288124	-1420
6.20630598068	-1420
6.20632386208	-1264
6.20688700676	-1368
6.210739851	-1420
6.21074700356	-1420
6.21078801155	-1264
6.21086001396	-1420
6.21089792252	-1420
6.21089982986	-1264
6.2109348774	-1368
6.21168494225	-1420
6.2117099762	-1316
6.21178483963	-1368
6.21187186241	543
6.30639100075	-697
6.35970401764	1460
6.36436390877	1460
6.36442089081	1161
6.36451482773	89
6.36807584763	1460
6.36812782288	1139
6.40351891518	543
6.42339682579	543
6.45491600037	543
6.45536398888	543
6.47371792793	543
6.47417187691	543
6.4955599308	1460
6.49563384056	111
6.49612784386	543
6.50462198257	1460
6.50469088554	111
6.50516486168	543
6.5099568367	-1420
6.50996184349	-1420
6.51003885269	-787
6.51004099846	-1420
6.51007699966	-1420
6.51007890701	-1264
6.51030302048	-1368
6.51261401176	-1420
6.51261901855	-1420
6.51266002655	-1420
6.5126619339	-1420
6.51269483566	-1160
6.51458883286	-1420
6.51459383965	-1420
6.51465392113	-1264
6.51465702057	-1420
6.51469087601	-1316
6.51477193832	543
6.51490783691	543
6.51493287086	-1420
6.51493597031	-1316
6.51495504379	-1368
6.5150539875	-1420
6.51509094238	-1420
6.51509404182	-1264
6.52187991142	-1420
6.52188491821	-1420
6.52196192741	-1264
6.52196383476	-1420
6.52199888229	-1420
6.52200102806	-1264
6.52236604691	-1420
6.5223710537	-1420
6.52240800858	-1264
6.52240991592	-1420
6.52244281769	-1316
6.52251386642	-1420
6.52251601219	-1316
6.5226328373	543
6.52272796631	-1420
6.52272987366	-1420
6.52276587486	-1264
6.5228509903	-1420
6.52288794518	-1316
6.52293586731	-1368
6.52466988564	-1420
6.5246758461	-1420
6.52469801903	-1420
6.52470088005	-1212
6.52476596832	-1420
6.52476787567	-1420
6.52480697632	-1264
6.52486586571	-1420
6.52490186691	-1316
6.52490401268	-1368
6.52500581741	-1420
6.52500987053	-1316
6.52522301674	1057
6.52656793594	-1420
6.52657389641	-1420
6.5266149044	-1420
6.52661800385	-1212
6.52670001984	-1420
6.52670192719	-1420
6.52673697472	-1264
6.52673983574	-1368
6.52687883377	-1420
6.52688193321	-1420
6.52691602707	-1264
6.52698683739	-1420
6.52698993683	-1420
6.5269908905	-1264
6.52716684341	-1420
6.5271718502	-1420
6.5271730423	-1264
6.53386497498	-1420
6.53387284279	-1420
6.5339179039	-1420
6.53392004967	-1420
6.53399205208	-1160
6.53399395943	-1420
6.53404998779	-1316
6.53405284882	-1420
6.53408694267	-1420
6.53409004211	-1264
6.53412890434	-1420
6.53413105011	-1316
6.53413200378	-1420
6.53413295746	-1316
6.53429603577	543
6.54576396942	-1368
6.55926394463	-1420
6.55931901932	-1316
6.55932283401	-1420
6.5593419075	-1420
6.55934405327	-1264
6.55957102776	-1420
6.55957388878	-1420
6.55964684486	-1264
6.55964994431	-1420
6.55968284607	-1420
6.55968499184	-1264
6.55971884727	-1368
6.55978083611	1057
6.559871912	-1420
6.55987381935	-1420
6.55987501144	-1264
6.55992293358	-1420
6.55992484093	-1316
6.56005501747	-1420
6.56005883217	-1420
6.56006002426	-1264
6.56008481979	543
6.56034898758	543
6.56047582626	-1420
6.56047987938	-1420
6.56051683426	-1264
6.56154894829	1460
6.56159090996	-1368
6.561606884	111
6.56396102905	-1420
6.56401205063	-1420
6.56401491165	-1264
6.56404995918	-1368
6.56411600113	-1420
6.56415390968	-1420
6.56415605545	-1264
6.56421399117	-1368
6.56443285942	-1368
6.57105183601	-1420
6.57105898857	-1316
6.61215186119	-1368
6.61733603477	543
6.62213802338	-837
6.63240194321	-1420
6.63244199753	-1316
6.63257789612	-1420
6.63260793686	-1420
6.63260984421	-1264
6.63262581825	-1420
6.63262891769	-1316
6.63264393806	-1368
6.63273000717	-1368
6.63293385506	543
6.63297200203	-1368
6.63305187225	1460
6.63309001923	-1420
6.6330909729	-1420
6.63309192657	-1264
6.63311100006	1460
6.63315582275	193
6.63319802284	-1420
6.63320088387	-1420
6.63320183754	-1420
6.63320183754	-1212
6.63324594498	-1420
6.63324785233	-1316
6.63332796097	-1420
6.63332891464	-1316
6.63339591026	543
6.63344597816	-1420
6.63345098495	-1420
6.63345193863	-1264
6.6336388588	-1420
6.63364195824	-1316
6.63384795189	-1420
6.63385105133	-1420
6.633852005	-1264
6.63470101357	543
6.63481593132	543
6.63516187668	543
6.63580083847	-1420
6.63580703735	-1316
6.6376619339	-1420
6.63766694069	-1316
6.63772892952	-1368
6.63785791397	-1420
6.63787889481	-1316
6.63788104057	-1368
6.63795089722	543
6.63808703423	-1420
6.63808989525	-1316
6.63811182976	-1420
6.63811397552	-1316
6.63826203346	-1420
6.63826489449	-1420
6.63831782341	-1264
6.63831996918	-1368
6.63843393326	543
6.63846898079	-1368
6.63852405548	-1420
6.63856101036	-1420
6.63856387138	-1264
6.63861393929	-1420
6.63861703873	-1316
6.63864803314	-1368
6.63873696327	-1368
6.63886499405	543
6.63897204399	-1368
6.65019488335	-1420
6.65025782585	-1420
6.65026283264	-1264
6.66350102425	-1368
6.66393995285	-1420
6.66402101517	-1420
6.66402387619	-1420
6.66405892372	-1212
6.66406202316	-1420
6.66410088539	-1316
6.66467404366	-1368
6.66490387917	-1420
6.66490697861	-1420
6.66494083405	-1264
6.66511392593	-1420
6.66511583328	-1420
6.66511797905	-1264
6.66591501236	-1420
6.66591787338	-1316
6.66597390175	-1420
6.66597604752	-1316
6.66600894928	-1368
6.6662838459	-1420
6.66628694534	-1420
6.66628789902	-1420
6.66628885269	-1212
6.66649484634	-1420
6.66649794579	-1420
6.66649985313	-1264
6.66659402847	-1420
6.66659593582	-1420
6.66659784317	-1264
6.66728186607	-1420
6.66728496552	-1420
6.66728591919	-1264
6.66802883148	-1420
6.66803193092	-1420
6.6680328846	-1264
6.67152094841	-1420
6.6715259552	-1420
6.67152786255	-1420
6.67152905464	-1420
6.67153000832	-1420
6.67153191566	-1108
6.67174100876	543
6.67187404633	543
6.6719918251	543
6.67228484154	543
6.67241191864	543
6.67326188087	-1420
6.67326784134	-1316
6.67329192162	-1368
6.67353391647	-1368
6.67370986938	-1420
6.67371296883	-1316
6.67388391495	543
6.72097682953	543
6.7221930027	-1368
6.72243690491	-1420
6.72247886658	-1420
6.72248196602	-1264
6.72253799438	-1420
6.72254085541	-1420
6.7225830555	-1264
6.72258496284	-1368
6.72321486473	-1420
6.72321987152	-1420
6.7232568264	-1420
6.72325992584	-1212
6.72331285477	-1420
6.72331595421	-1420
6.72331690788	-1264
6.72353100777	-1420
6.72353482246	-1316
6.72353601456	-1420
6.72353696823	-1316
6.72388482094	543
6.72548389435	-1420
6.72548890114	-1316
6.72618985176	-1420
6.7261929512	-1316
6.73018503189	543
6.74465489388	-376
6.75478696823	543
6.75530290604	543
6.76444101334	-1420
6.76444482803	-1316
6.7657430172	-1368
6.76602196693	-1420
6.76604199409	-1420
6.76604390144	-1264
6.76631689072	-1368
6.76652503014	-1420
6.7665438652	-1316
6.76674604416	-1420
6.76681494713	-1316
6.76681685448	-1420
6.76681900024	-1420
6.76681995392	-1420
6.76682090759	-1212
6.76696395874	-1420
6.76696681976	-1316
6.76696801186	-1420
6.76696896553	-1420
6.7669699192	-1264
6.767141819	-1420
6.76714491844	-1316
6.76723694801	-1420
6.76723885536	-1420
6.76724100113	-1264
6.76746487617	-1420
6.76746892929	-1420
6.76746988297	-1264
6.7687869072	-1420
6.76879882812	-1420
6.76880097389	-1264
6.76886892319	-1420
6.7688729763	-1316
6.76921582222	-1368
6.76940488815	-1420
6.76940798759	-1420
6.76940989494	-1420
6.76941084862	-1420
6.76941204071	-1420
6.76941394806	-1108
6.77008986473	-1420
6.77009391785	-1420
6.77009987831	-1420
6.77010083199	-1420
6.77010297775	-1420
6.77010393143	-1420
6.7701048851	-1420
6.77010583878	-1004
6.77037000656	-1368
6.77040100098	543
6.77072691917	1057
6.77191591263	-1420
6.77192187309	-1316
6.77208995819	-1420
6.77209496498	-1420
6.7721350193	-1264
6.77226996422	-1368
6.7756960392	543
6.77769088745	-1420
6.77769804001	-1420
6.7777428627	-1264
6.77802491188	-1420
6.77804994583	-1316
6.77816295624	-1420
6.77820181847	-1420
6.77820491791	-1264
6.77843689919	-1420
6.77844190598	-1420
6.77848005295	-1264
6.77860283852	-1420
6.77862501144	-1316
6.77873802185	-1368
6.77875804901	-1420
6.77876091003	-1316
6.7787759304	-1368
6.77890205383	-1420
6.7789208889	-1316
6.77895402908	1057
6.77900004387	-1420
6.77900099754	-1420
6.77900195122	-1264
6.77944397926	-1420
6.77946686745	-1316
6.77967691422	-1420
6.77973198891	-1316
6.77973389626	-1368
6.77994203568	-1368
6.78067088127	-1420
6.78070783615	-1420
6.78070998192	-1264
6.78096485138	-1420
6.78096795082	-1420
6.78098583221	-1420
6.78098797798	-1212
6.7810819149	-1420
6.78108501434	-1316
6.7813539505	-1420
6.78135704994	-1420
6.78135800362	-1420
6.78135895729	-1212
6.78147602081	-1420
6.78147792816	-1316
6.78161692619	-1420
6.78162002563	-1316
6.78187298775	-1368
6.7822740078	-1420
6.78227686882	-1420
6.78227901459	-1264
6.78402805328	-1420
6.78403091431	-1420
6.78403186798	-1264
6.78416085243	-1420
6.78416395187	-1420
6.78416490555	-1264
6.78442502022	543
6.78954982758	-1420
6.78955698013	-1420
6.78960490227	-1264
6.78986382484	-1420
6.78990387917	-1420
6.78990602493	-1264
6.79043793678	-1420
6.79044103622	-1420
6.79048585892	-1264
6.79048800468	-1368
6.79058599472	-1420
6.79058885574	-1420
6.79059004784	-1264
6.79061698914	-1368
6.7907910347	-1420
6.79079389572	-1420
6.7907948494	-1420
6.79079604149	-1212
6.79091000557	-1420
6.79091286659	-1420
6.79091382027	-1264
6.79095101357	-1420
6.79095292091	-1316
6.79119300842	-1420
6.79119896889	-1316
6.7913980484	-1420
6.79140090942	-1316
6.79151082039	-1420
6.7915148735	-1316
6.79161286354	-1420
6.79161500931	-1420
6.79161596298	-1264
6.79170203209	1057
6.79198503494	543
6.79203701019	-1420
6.79203891754	-1316
6.79249000549	-1420
6.79249501228	-1420
6.79253196716	-1264
6.79264903069	-1368
6.79278302193	1057
6.79281997681	-1368
6.79297184944	-1420
6.79301095009	-1420
6.79301404953	-1264
6.79304695129	-1368
6.79333090782	-1420
6.79337286949	-1420
6.79337596893	-1264
6.7934858799	-1420
6.79348897934	-1316
6.79350805283	-1368
6.7938170433	-1368
6.80545186996	-1420
6.80546283722	-1316
6.80589699745	-1420
6.80590200424	-1420
6.80594396591	-1264
6.80738186836	-1420
6.80742692947	-1420
6.80743098259	-1264
6.80898785591	543
6.81107282639	-1368
6.81731796265	-1368
6.82058095932	543
6.83445000648	543
6.84441685677	543
6.84728193283	543
6.8505589962	543
6.86241984367	-1368
6.86773991585	-388
6.86951994896	543
6.86979198456	1057
6.87094092369	543
6.89752602577	-1420
6.8975379467	-1420
6.89759993553	-1264
6.90305185318	-1420
6.90311098099	-1420
6.9031150341	-1264
6.91360497475	-1420
6.91360998154	-1420
6.91365289688	-1264
6.91376686096	543
6.9149389267	-1420
6.91494488716	-1420
6.91499495506	-1264
6.91679883003	-1368
6.93836688995	-1420
6.93837404251	-1420
6.93842792511	-1264
6.93858385086	543
6.93892788887	-1420
6.93893384933	-1420
6.93897294998	-1264
6.93904900551	543
6.94595098495	-1368
6.96077799797	-1420
6.96086096764	-1420
6.96086502075	-1264
6.96090197563	-1420
6.96090388298	-1420
6.96093893051	-1264
6.96118283272	-1420
6.96123099327	-1316
6.96154689789	-1420
6.96160697937	-1420
6.96160888672	-1264
6.96166205406	-1420
6.96166491508	-1420
6.96169686317	-1264
6.96169996262	-1368
6.9618139267	-1420
6.96181988716	-1316
6.96185588837	-1368
6.96191596985	-1420
6.96193385124	-1316
6.96197390556	-1368
6.96212387085	543
6.96215796471	-1420
6.96215987206	-1420
6.96216082573	-1264
6.96237683296	-1420
6.9623799324	-1316
6.96238088608	-1420
6.96238183975	-1316
6.96249294281	-1420
6.96249604225	-1316
6.96301794052	-1420
6.96302199364	-1420
6.96306800842	-1264
6.96317481995	543
6.96571803093	-1420
6.96572399139	-1420
6.96576905251	-1264
6.96580886841	-1368
6.96591091156	543
6.97189998627	-1420
6.97190690041	-1316
6.97977495193	-60
7.0009739399	-1368
7.00118494034	543
7.00344395638	-1420
7.00344991684	-1316
7.00376296043	-1420
7.00376796722	-1316
7.00393486023	543
7.00428891182	-1420
7.00429391861	-1420
7.00437688828	-1420
7.00437998772	-1420
7.00441598892	-1420
7.00441884995	-1108
7.00446891785	-1420
7.00447201729	-1316
7.00452685356	-1420
7.00452899933	-1420
7.00456190109	-1264
7.00456404686	-1420
7.00456595421	-1420
7.00456690788	-1264
7.00556087494	-1420
7.00556588173	-1420
7.00558805466	-1264
7.00566101074	543
7.01875782013	-1420
7.01876401901	-1420
7.0188729763	-1264
7.05083799362	-1368
7.06264305115	-1368
7.06693696976	543
7.10986995697	-1420
7.10988903046	-1316
7.11312699318	-1116
7.11558485031	543
7.12161397934	-1368
7.15433692932	543
7.15470194817	543
7.15544390678	543
7.155823946	543
7.15615701675	543
7.15983700752	543
7.16800189018	543
7.17322683334	543
7.2017288208	543
7.2023370266	543
7.22058296204	543
7.23413085938	-775
7.2372879982	543
7.24553585052	1057
7.25475096703	543
7.28608584404	-1420
7.28610301018	-1316
7.29055595398	-1420
7.29056096077	-1420
7.29060792923	-1264
7.29073500633	543
7.29736089706	-1420
7.29736685753	-1316
7.29919600487	-1420
7.29919981956	-1420
7.29924297333	-1264
7.29943490028	-1420
7.29947304726	-1420
7.29947590828	-1264
7.30141782761	-1420
7.3014228344	-1420
7.30148482323	-1264
7.30148696899	-1420
7.30152082443	-1420
7.3015229702	-1264
7.30158185959	-1368
7.30243802071	-1420
7.30247402191	-1420
7.30247688293	-1264
7.3025188446	-1420
7.30252194405	-1316
7.30724692345	543
7.30953598022	-1368
7.31259703636	-1368
7.31469082832	-1420
7.31469702721	-1316
7.3172929287	543
7.31744503975	543
7.31755185127	543
7.32132101059	-1420
7.32132482529	-1420
7.32136392593	-1264
7.34651088715	-1368
7.34655690193	-784
7.35740494728	-1420
7.35744786263	-1316
7.35763597488	-1420
7.35765886307	-1316
7.35766196251	-1420
7.3576798439	-1316
7.35794186592	-1420
7.35798287392	-1420
7.35798501968	-1264
7.35803890228	-1420
7.35804200172	-1420
7.35807394981	-1264
7.35830497742	-1420
7.35834097862	-1420
7.35834288597	-1264
7.3588809967	-1420
7.35888504982	-1316
7.35910701752	-1420
7.35910987854	-1316
7.35916304588	-1420
7.35916495323	-1420
7.35916590691	-1264
7.35919690132	-1368
7.35939192772	-1420
7.35939502716	-1420
7.35939693451	-1264
7.35954904556	-1368
7.35967993736	-1420
7.3596830368	-1420
7.35968399048	-1264
7.35977697372	-1420
7.35977983475	-1420
7.35978102684	-1264
7.35986995697	-1420
7.35987186432	-1420
7.35987401009	-1264
7.36004185677	-1420
7.36004495621	-1420
7.36004590988	-1264
7.36014199257	-1420
7.36014485359	-1420
7.36014604568	-1420
7.36014699936	-1212
7.36355805397	-1420
7.36356282234	-1420
7.36356782913	-1420
7.36356902122	-1420
7.3635699749	-1420
7.36366200447	-1420
7.36366486549	-1420
7.36366581917	-1420
7.36366701126	-1420
7.36366796494	-1420
7.36366891861	-1420
7.36366987228	-1420
7.36367082596	-1420
7.36367201805	-1420
7.36367297173	-1420
7.3636739254	-1420
7.36367487907	-536
7.36381793022	543
7.36398887634	543
7.36435198784	543
7.36508202553	1460
7.36514186859	169
7.36912584305	-1420
7.36913204193	-1316
7.40565991402	-543
7.41565394402	-1368
7.4248650074	543
7.43201398849	-1368
7.43730902672	1460
7.43737387657	1460
7.43740987778	193
7.44613289833	543
7.44636297226	543
7.4585108757	-47
7.46479082108	543
7.51347088814	1460
7.51358985901	111
7.571007967	-1086
7.57120704651	543
7.61329698563	-1420
7.61331391335	-1316
7.65126991272	-1420
7.65128493309	-1420
7.65134882927	-1264
7.68315005302	-443
7.6848950386	543
7.79071497917	543
7.7965669632	543
7.8044219017	543
7.80859994888	543
7.8161418438	543
7.90771389008	-1420
7.90773081779	-1420
7.90776896477	-273
7.90894985199	543
7.94709181786	-1420
7.94712781906	-1316
7.95881295204	-1368
8.01449394226	543
8.01963996887	-580
8.02441883087	543
8.02494692802	543
8.06473302841	-1420
8.06474494934	-1316
8.07648897171	-1420
8.07650399208	-1420
8.07655787468	-1264
8.12799286842	-1368
8.14688181877	543
8.14722800255	543
8.14744901657	1057
8.14790701866	543
8.17695903778	-1189
8.24274897575	-1420
8.2427649498	-1316
8.2431910038	-1420
8.2431948185	-1420
8.24323797226	-1264
8.25122404099	-1420
8.25126981735	-1420
8.25127291679	-1264
8.25147795677	543
8.25151586533	-1420
8.25151801109	-1420
8.25151896477	-1264
8.25167393684	543
8.2542848587	-1368
8.26466584206	543
8.2651758194	543
8.28913283348	-1420
8.28914904594	-1316
8.28926801682	-1420
8.28927087784	-1316
8.28951096535	-1368
8.29328298569	1460
8.29333090782	1460
8.29336595535	193
8.29341602325	-1420
8.29341888428	-1420
8.29341983795	-1420
8.29342103004	-1212
8.29350686073	-1420
8.2935090065	-1316
8.33888483047	-1420
8.33890199661	-1420
8.33896398544	-1264
8.33896684647	-1420
8.33900904655	-1316
8.34141993523	543
8.34147787094	-1311
8.34161400795	543
8.34349894524	-1420
8.3435049057	-1316
8.34436988831	-1368
8.35010004044	-1420
8.35012984276	-1316
8.3615758419	1057
8.39170789719	-1420
8.39172387123	-1316
8.39177894592	-1420
8.39178204536	-1420
8.39182591438	-1264
8.39189004898	-1368
8.39210796356	543
8.39727187157	-1420
8.39728188515	-1316
8.39736390114	-1420
8.39736795425	-1420
8.39740395546	-1264
8.39770293236	-1368
8.40450787544	543
8.44984602928	-1420
8.44986200333	-1420
8.44992303848	-1264
8.44992589951	-1420
8.44996905327	-1420
8.44997191429	-1264
8.45367503166	-296
8.45370483398	1057
8.45486783981	-1420
8.45487189293	-1420
8.45492887497	-1420
8.45493197441	-1420
8.45496487617	-1160
8.45496702194	-1368
8.50341200829	-1420
8.50342702866	-1316
8.50348186493	-1420
8.50348496437	-1420
8.50351881981	-1264
8.50773692131	-1420
8.50778198242	-1420
8.50778794289	-1420
8.50780391693	-1212
8.50780701637	-1420
8.50782203674	-1316
8.51531386375	-1368
8.51547789574	543
8.56118988991	-1420
8.56120681763	-1316
8.56164002419	-1420
8.56164503098	-1420
8.56170487404	-1264
8.56170797348	-1420
8.56174182892	-1420
8.56174492836	-1264
8.56178402901	-1368
8.56572604179	-80
8.56597805023	-1420
8.56598186493	-1316
8.5660610199	-1368
8.56772899628	543
8.56790590286	543
8.61677885056	-1420
8.61682581902	-1420
8.61690497398	-1264
8.61690783501	-1420
8.61696195602	-1316
8.61696505547	-1420
8.61699795723	-1316
8.61699986458	-1368
8.62045383453	543
8.62148284912	-1420
8.621489048	-1316
8.62155294418	-1368
8.62411093712	-1368
8.67515397072	-1420
8.67516684532	-1316
8.67561483383	-1420
8.67561793327	-1316
8.67585992813	-1368
8.67777895927	-259
8.68452692032	543
8.68703699112	-1420
8.68704199791	-1420
8.6870880127	-1264
8.73917388916	-543
8.79011082649	-609
8.79114103317	543
8.79155182838	543
8.90231204033	-543
9.00451302528	543
9.01467084885	-543
9.01502990723	1057
9.06338691711	-1368
9.12765693665	-775
9.12790584564	1057
9.12845087051	543
9.1346039772	543
9.17100787163	-543
9.20896100998	-1420
9.2089779377	-1420
9.20903301239	-1264
9.20958685875	1460
9.20963788033	111
9.22458100319	543
9.240046978	-580
9.25225996971	-1368
9.27850794792	-1420
9.27852296829	-1316
9.29385590553	543
9.29438996315	1057
9.31795287132	-1368
9.33447289467	543
9.33634090424	543
9.36475992203	-1420
9.36477184296	-1245
9.38744187355	1057
9.41953492165	-1368
9.42787694931	543
9.47716403008	-435
9.48790192604	-1420
9.4879629612	-1316
9.48802185059	-1420
9.48808884621	-1316
9.48809194565	-1368
9.49218297005	-1420
9.49218702316	-1420
9.49222683907	-1264
9.49721002579	543
9.49922990799	-1368
9.51112389565	-1368
9.514564991	543
9.5147600174	1057
9.5270678997	543
9.54162502289	-1368
9.54180288315	543
9.58937597275	-633
9.66862297058	-1368
9.70151305199	-775
9.70425200462	1460
9.70432496071	111
9.70483088493	543
9.70544505119	543
9.71034502983	-1420
9.7103509903	-1316
9.77175593376	-1368
9.77242398262	543
9.77276182175	543
9.81362390518	-580
9.81966304779	1057
9.82015490532	543
9.82679486275	-1368
9.8905339241	-1368
9.92429590225	-1420
9.92435288429	-1316
9.92944097519	-1326
10.0045180321	543
10.016381979	-1420
10.0163948536	-1316
10.0165560246	-1420
10.016561985	-1316
10.016628027	-1368
10.0212638378	-1420
10.0212709904	-1420
10.021324873	-1264
10.0213279724	-1420
10.021365881	-1316
10.0213689804	-1368
10.0281229019	-1368
10.0353159904	-1420
10.0353958607	-1420
10.0353999138	-1420
10.0354378223	-1420
10.0354399681	-1160
10.0356600285	543
10.0395278931	-1420
10.0395338535	-1420
10.0395760536	-1264
10.0400600433	-1420
10.0401039124	-1420
10.0401070118	-1264
10.0406558514	-1368
10.041465044	-528
10.0434348583	543
10.0436110497	543
10.055011034	-1420
10.0550270081	-1316
10.0554368496	-1420
10.0554418564	-1316
10.0554668903	-1368
10.0599579811	-1420
10.0600118637	-1420
10.0600159168	-1264
10.0600538254	-1420
10.0600569248	-1420
10.0600919724	-1264
10.0666799545	-1368
10.0693130493	543
10.0772869587	-1420
10.0773019791	-1420
10.0773570538	-1420
10.0773599148	-1420
10.0773940086	-1160
10.077600956	543
10.0810730457	-1420
10.0810899734	-1420
10.0811338425	-1264
10.0886518955	-1420
10.0887110233	-1420
10.088714838	-1264
10.096228838	543
10.1113059521	-1368
10.1254298687	543
10.1277258396	543
10.1373429298	1460
10.137406826	111
10.1398630142	1057
10.1535949707	-499
10.165585041	543
10.1658790112	1057
10.2659528255	-543
10.2679679394	-1420
10.2680039406	-1316
10.351172924	-1420
10.3511888981	-1420
10.3512508869	-1264
10.3532919884	543
10.3628900051	-1368
10.3781168461	-617
10.3844330311	543
10.3883759975	-1368
10.4227728844	-1368
10.42304492	543
10.4252529144	543
10.425714016	543
10.4674289227	-1368
10.4680800438	543
10.4762918949	-543
10.4902348518	-95
10.4908709526	1057
10.4913659096	543
10.5999469757	-1420
10.5999648571	-1420
10.6000199318	-1264
10.6024708748	-609
10.6025688648	543
10.6067409515	-1368
10.645318985	-1420
10.6453268528	-1316
10.6456618309	543
10.64762187	543
10.6485869884	1057
10.6515979767	543
10.6820809841	-1368
10.6940250397	-1368
10.6990718842	1460
10.6991529465	111
10.7146990299	-530
10.7249879837	543
10.756182909	543
10.7969229221	-1420
10.7969388962	-1420
10.7969939709	-1264
10.8056600094	-1368
10.8059258461	-1420
10.8059308529	-1420
10.8059709072	-1264
10.8071830273	-1420
10.8072240353	-1420
10.8072268963	-1264
10.8101978302	-1420
10.8102078438	-1420
10.8102560043	-1420
10.8102588654	-1212
10.8137550354	543
10.826818943	-185
10.9389760494	-1086
10.9403078556	543
11.0411789417	-1368
11.041410923	543
11.0527009964	-261
11.0555348396	1057
11.0749330521	-1420
11.0749490261	-1316
11.0912270546	-1368
11.1651039124	-1094
11.1671459675	543
11.1679940224	543
11.2441949844	-1420
11.2442128658	-1316
11.2555680275	-1368
11.2774119377	-580
11.2794249058	543
11.2801179886	543
11.3896570206	-543
11.5019128323	-543
11.5345759392	-1420
11.5346410275	-1420
11.5346479416	-1264
11.5347979069	-1420
11.5348010063	-1316
11.5348198414	-1368
11.537045002	-1420
11.5370509624	-1316
11.5373330116	-1368
11.5386118889	-1420
11.5386178493	-1316
11.5387039185	-1368
11.5388259888	543
11.5391469002	-1368
11.5392298698	-1420
11.5392520428	-1316
11.5395479202	-1420
11.5395698547	-1316
11.5396668911	-1368
11.5397498608	543
11.5398540497	-1368
11.5400278568	-1420
11.5400488377	-1316
11.5481548309	-1420
11.5482058525	-1316
11.6464810371	-325
11.6653289795	543
11.6725029945	-1368
11.6752018929	-1420
11.6752619743	-1420
11.6752648354	-1264
11.6776268482	-1420
11.6776330471	-1420
11.6776750088	-1264
11.6869299412	-1420
11.686975956	-1316
11.743268013	-1420
11.7432858944	-1316
11.7549860477	-1368
11.7849040031	-1263
11.9415199757	-543
11.9417920113	543
12.0044929981	543
12.1999850273	-1420
12.200001955	-1420
12.2000570297	-787
12.31208992	-1057
12.3132808208	543
12.3145840168	543
12.5322449207	-543
12.5958750248	-1368
12.6945738792	-1231
12.6960568428	1057
12.8847420216	543
12.9292049408	-1057
12.9332408905	1057
13.223968029	-1057
13.2864508629	543
13.317440033	1460
13.3175280094	111
13.4261519909	-543
13.4345719814	543
13.4674508572	543
13.4685878754	543
13.6014888287	-1420
13.6015050411	-1420
13.6015589237	-787
13.6021049023	543
13.6045348644	543
13.6649940014	-1368
13.6806139946	1057
13.6846408844	543
13.7101149559	-1368
13.7134518623	-435
13.7172298431	543
13.8172080517	-1368
13.8257219791	-1231
13.8344519138	543
13.8955059052	543
13.8957879543	543
13.895993948	543
13.89615798	543
13.9379599094	-1086
13.9550018311	543
14.0441479683	-1420
14.0441679955	-1420
14.0442318916	-1264
14.1045148373	-609
14.1156139374	543
14.1834619045	543
14.2619159222	543
14.2844469547	-543
14.2945969105	543
14.3029830456	1057
14.3923149109	-1368
14.3966858387	-717
14.4444508553	-1420
14.4444658756	-1316
14.4877719879	-1368
14.4956338406	-1420
14.4956870079	-1316
14.495775938	-1368
14.4969370365	1057
14.4977929592	543
14.5009870529	-1420
14.5009908676	-1316
14.501019001	-1420
14.501021862	-1420
14.5010390282	-1264
14.5010800362	-1368
14.507655859	-1420
14.5076649189	-1316
14.507694006	-1420
14.5076959133	-1316
14.5078279972	-1420
14.5078308582	-1316
14.5079460144	-1420
14.5079498291	-1316
14.5080628395	-1420
14.5080668926	-1420
14.5081079006	-1264
14.50827384	-1368
14.5086250305	-557
14.5128588676	-1420
14.5129058361	-1420
14.5129079819	-1264
14.5129089355	-1420
14.5129098892	-1420
14.5129108429	-1264
14.5131850243	-1420
14.513188839	-1316
14.5132138729	543
14.513327837	-1368
14.5135018826	543
14.5194108486	-1368
14.620652914	-401
14.6378979683	-1368
14.6598629951	-1368
14.6948590279	543
14.6950540543	543
14.6971578598	543
14.7158148289	-1368
14.7326688766	-95
14.8656699657	543
14.8746378422	543
14.8750870228	543
14.8753499985	543
14.9047420025	543
14.9049940109	543
14.9052159786	543
14.9053668976	543
14.9055588245	543
14.9057049751	543
14.9653608799	543
14.9660048485	543
15.0295908451	-543
15.0297548771	1460
15.0298058987	111
15.0466630459	-1368
15.0628209114	-1368
15.0956728458	-1368
15.0958440304	1057
15.142457962	-95
15.1425590515	543
15.1879658699	1460
15.1880838871	111
15.2820620537	-1420
15.2820780277	-1179
15.2822890282	543
15.2869329453	1057
15.3962728977	-543
15.4284789562	-1420
15.4285259247	-1316
15.450373888	-1368
15.4552998543	-1420
15.4553148746	-1420
15.4553689957	-1264
15.4620628357	-1420
15.4621369839	-1316
15.4621479511	-1368
15.4651868343	543
15.5003638268	-1368
15.5066208839	-401
15.5209178925	543
15.5274899006	543
15.5902628899	-1420
15.5902700424	-1316
15.607462883	-1420
15.6074678898	-1316
15.6187460423	-1268
15.6213309765	543
15.62160182	1057
15.7107989788	-1368
15.7308468819	-232
15.733921051	1057
15.7345900536	543
15.797317028	-1420
15.7973349094	-1316
15.8136909008	-1420
15.8137028217	-1316
15.8434679508	-240
15.878911972	543
15.9066948891	543
15.9069008827	543
15.9194450378	-1420
15.9194509983	-1316
15.9314169884	-1368
15.9539549351	-1368
15.9553868771	-269
15.9555709362	543
15.9848949909	-1368
16.0676429272	-746
16.1782109737	-1368
16.1784729958	543
16.1797349453	-232
16.2921960354	-543
16.2925970554	543
16.3064630032	-1420
16.3064780235	-1316
16.3115069866	-1420
16.3115198612	-1420
16.3115718365	-1264
16.3182358742	-1420
16.3183000088	-1316
16.3184900284	543
16.3858649731	-1420
16.3858809471	-1316
16.398015976	-1368
16.405354023	-886
16.4073460102	543
16.5798718929	-1420
16.579887867	-1420
16.579941988	-273
16.5810780525	543
16.5823199749	543
16.7673268318	-543
16.8872139454	-543
16.9630429745	-1420
16.9630608559	-1179
17.0015659332	543
17.0750489235	-543
17.0762078762	1057
17.1590778828	-543
17.2305989265	-543
17.3649790287	-1368
17.3823709488	-717
17.3929848671	543
17.6440639496	-543
17.6443488598	543
17.8924469948	-1420
17.8924770355	-1420
17.8925499916	-273
17.8942289352	543
17.8973858356	543
18.0000238419	543
18.136605978	-543
18.19292593	-1368
18.2884318829	-1231
18.2913048267	543
18.5121409893	-1057
18.5241718292	543
18.8579809666	-543
18.8582680225	543
18.9074389935	543
18.907943964	543
19.0038559437	543
19.003964901	543
19.2048919201	-1420
19.2049109936	-1420
19.2049479485	-211
