0	-543
2.42028307915	543
3.29703497887	-543
3.42031288147	543
3.42042708397	543
3.82723689079	-543
3.88346910477	-543
3.99498105049	543
4.02595090866	543
4.25172710419	-543
4.42049193382	543
4.45959687233	-543
4.45967698097	-1420
4.45972299576	-1316
4.46036601067	-1420
4.46041703224	-1420
4.4604549408	-1264
4.48134088516	-1420
4.48140907288	-1420
4.48145794868	-1264
4.50079393387	543
4.52826690674	-1368
4.53129696846	543
4.58077907562	543
4.58102107048	543
4.59359192848	-1420
4.59359693527	-1420
4.59366297722	-1420
4.59366607666	-1212
4.59370088577	-1368
4.6110200882	543
4.61138701439	543
4.62118792534	-1420
4.62121605873	-1420
4.62127590179	-1420
4.62127900124	-1212
4.62132406235	-1420
4.6213259697	-1316
4.62137103081	-1420
4.62137293816	-1316
4.63036298752	543
4.65110707283	543
4.65146803856	543
4.67772006989	543
4.69090294838	543
4.69126009941	543
4.72769498825	-1420
4.72770690918	-1420
4.7277700901	-1420
4.72777295113	-1420
4.72781705856	-1420
4.72782087326	-1420
4.72786402702	-1056
4.74493193626	543
4.74547505379	543
4.74569106102	543
4.75521397591	-1420
4.75522398949	-1420
4.75527191162	-274
4.75540995598	543
4.87799191475	-1420
4.87801098824	-1420
4.87806797028	-1420
4.87807202339	-1420
4.87811493874	-1160
4.87811803818	-1368
4.88766598701	-1420
4.88767409325	-1316
4.887789011	1460
4.88784408569	1139
4.88873696327	-1368
4.89342093468	-1420
4.89346790314	-1316
4.90271306038	-1176
4.93670487404	-1368
5.00411701202	-1368
5.01202702522	-1368
5.02646398544	-1420
5.02648210526	-1420
5.02652192116	-1264
5.02699589729	1460
5.02704405785	625
5.03672599792	-335
5.03992605209	-1368
5.04152488708	-1420
5.04153108597	-1420
5.04157304764	-1264
5.05798697472	-1420
5.05803608894	-1420
5.05803894997	-1264
5.09300208092	-1368
5.16566205025	-1420
5.16567897797	-1316
5.17050099373	-32
5.21051692963	543
5.21105098724	543
5.23988890648	-1368
5.29190707207	-1420
5.29192495346	-1316
5.30447006226	-1152
5.36624193192	-1368
5.39033603668	-1368
5.39091992378	-1420
5.39097499847	-1316
5.43848490715	-1326
5.45043087006	543
5.48424196243	-1368
5.53897309303	-1420
5.53898906708	-1316
5.61804795265	-638
5.63117098808	543
5.63136386871	543
5.63154506683	543
5.63170695305	543
5.63188099861	543
5.63205909729	543
5.63221788406	543
5.63239192963	1460
5.63243293762	625
5.63257789612	1460
5.63261890411	111
5.63724589348	543
5.63746905327	543
5.7507610321	543
5.75100803375	543
5.7657558918	-543
5.85654187202	1460
5.85665607452	111
5.85689401627	1460
5.85694098473	111
5.87046790123	1460
5.87054991722	111
5.8714389801	-1420
5.87144398689	-1420
5.87148690224	-1264
5.87149906158	-1420
5.87153506279	-1316
5.8716878891	543
5.87216091156	-1368
5.87257599831	-1420
5.87264108658	-1420
5.8726439476	-1264
5.87284898758	-1368
5.87317800522	-1420
5.87322306633	-1316
5.87357997894	-1420
5.87362599373	-1316
5.88898992538	1460
5.88908004761	111
5.89118289948	-1420
5.89118909836	-1420
5.89123797417	-1264
5.89127898216	-1420
5.89130687714	-1316
5.89154291153	543
5.89199995995	543
5.89772987366	-1368
5.90745806694	-1368
5.98868608475	-1420
5.988697052	-1316
6.0066549778	-1420
6.00667095184	-1420
6.00673890114	-1420
6.00674200058	-1420
6.00678706169	-1420
6.00679087639	-1108
6.00683689117	-1368
6.00683999062	-1368
6.01749706268	-1420
6.01751089096	-1420
6.01758599281	-1264
6.01758909225	-1368
6.01762890816	-1420
6.01763105392	-1420
6.01766610146	-1420
6.0176680088	-1212
6.01770210266	-1420
6.01770591736	-1420
6.01776099205	-1264
6.0193169117	543
6.04148006439	-1420
6.04149389267	-1420
6.04155993462	-1420
6.04156303406	-1212
6.04160809517	-1420
6.04161095619	-1420
6.04165005684	-1264
6.04165196419	-1420
6.04168796539	-1420
6.04168987274	-1264
6.05468606949	543
6.05494594574	543
6.05542802811	543
6.05582308769	543
6.14085388184	-1420
6.14087200165	-1420
6.14098501205	-1420
6.14098787308	-1420
6.14102506638	-1160
6.14102697372	-1420
6.14107203484	-1420
6.14107489586	-1264
6.14111304283	-1420
6.14116096497	-1316
6.1411960125	-1420
6.14119887352	-1316
6.14126896858	-1420
6.14127206802	-1420
6.14130687714	-1264
6.14130997658	-1420
6.14135408401	-1316
6.14135694504	-1368
6.14157605171	543
6.15434908867	543
6.15470504761	543
6.15498209	543
6.15520596504	543
6.18013596535	-1420
6.18016791344	-1420
6.18027305603	-1420
6.18027687073	-1212
6.18031597137	-1420
6.18031907082	-1420
6.1803560257	-1420
6.18035888672	-1212
6.18039393425	-1420
6.18039608002	-1316
6.18150806427	543
6.20321393013	-1420
6.2032289505	-1420
6.20331907272	-1420
6.20333099365	-1420
6.20336699486	-1160
6.2033700943	-1420
6.20341396332	-1420
6.20341587067	-1264
6.20350503922	-1368
6.20350790024	-1420
6.20354294777	-1316
6.20354509354	-1420
6.20358705521	-1316
6.20371699333	543
6.27509903908	-1420
6.2751159668	-1420
6.27517390251	-1420
6.27517700195	-1212
6.27519392967	-1420
6.27519702911	-1316
6.27522492409	-1420
6.27522706985	-1420
6.27524209023	-1264
6.27535104752	-1420
6.27537298203	-1316
6.27537488937	-1368
6.27548408508	543
6.27552294731	-1420
6.27552604675	-1420
6.27552700043	-1264
6.27552700043	-1368
6.28099799156	1057
6.28221106529	-1420
6.28221702576	-1420
6.28227996826	-1264
6.2822830677	-1420
6.28233909607	-1316
6.28234100342	-1420
6.28242206573	-1316
6.29893803596	-1420
6.29900407791	-1316
6.30581188202	543
6.33026599884	-1420
6.33032298088	-1420
6.33038401604	-1420
6.33039593697	-1420
6.33045101166	-1420
6.33045387268	-1108
6.33048987389	-1420
6.33049201965	-1316
6.33052587509	-1014
6.33081293106	543
6.33712697029	-1368
6.35161304474	-1368
6.35168004036	-1420
6.35168504715	-1420
6.35171103477	-1264
6.39313197136	-1420
6.39314508438	-1420
6.39318704605	-1420
6.39318990707	-1212
6.39322710037	-1368
6.40143108368	-1420
6.40143799782	-1316
6.40923500061	-1420
6.40924692154	-1316
6.4152328968	-1420
6.41524100304	-1316
6.42879104614	543
6.42889499664	543
6.44901490211	543
6.46407294273	-1368
6.46436905861	-1420
6.46443104744	-1420
6.46443510056	-1264
6.46447205544	-1420
6.46447396278	-1316
6.46795487404	-1420
6.46796107292	-1420
6.46800708771	-1264
6.46814703941	543
6.46858596802	543
6.4710059166	-905
6.47501397133	543
6.47524809837	543
6.50342392921	-1368
6.55614995956	-1420
6.55616188049	-1316
6.57128095627	543
6.59315109253	-1368
6.59547591209	543
6.59576296806	543
6.63719010353	-327
6.6407558918	543
6.6426460743	543
6.70287799835	-1368
6.73263502121	-1420
6.73270893097	-1420
6.73271489143	-1264
6.74889492989	-1368
6.76590704918	-1420
6.7659740448	-1420
6.76597809792	-1264
6.78483986855	-1368
6.78492498398	-1368
6.83701705933	-1031
6.84075188637	-1368
6.88805699348	-1420
6.88808202744	-1420
6.88812088966	-1264
6.90395188332	-1420
6.9040210247	-1420
6.90402507782	-1264
6.91383695602	543
6.9280359745	-1368
6.9280500412	-1420
6.92809796333	-1316
6.93144202232	-1368
6.93219089508	-1420
6.9321949482	-1420
6.93222308159	-1264
6.94034194946	-1420
6.94039297104	-1420
6.94039607048	-1264
6.94457888603	543
6.9463698864	543
6.94706988335	543
6.94748091698	543
6.94768404961	543
6.9665620327	-1368
6.97462296486	-85
7.09763407707	-1368
7.09868788719	543
7.10835003853	-261
7.26601099968	-543
7.37502503395	-543
7.40718007088	-1420
7.40719795227	-1420
7.40726208687	-1264
7.41461896896	-1368
7.41975188255	543
7.44067692757	-356
7.45757389069	543
7.5479528904	-1420
7.54797101021	-1316
7.54864692688	-1420
7.54865193367	-1316
7.54869389534	-1368
7.56496787071	-1368
7.5651640892	-1420
7.56517791748	-1316
7.5919380188	-543
7.61602401733	-1368
7.61622405052	543
7.61868906021	-770
7.65721392632	1057
7.67053508759	1057
7.82301807404	-1420
7.82304286957	-491
7.83265805244	-1368
7.83326005936	543
7.83372306824	1057
7.83894491196	-1368
7.83895587921	-1420
7.83900904655	-1316
7.87047886848	1057
7.8738451004	-1368
7.9567630291	-219
7.95740389824	543
7.95787501335	1057
8.08637595177	-1420
8.08639407158	-1420
8.08645105362	-1264
8.09213709831	-609
8.12946200371	543
8.13153886795	543
8.1656730175	-1368
8.16568899155	-1368
8.20218491554	-1368
8.22402906418	-1368
8.22660803795	-1368
8.22666501999	-1420
8.22669506073	-1316
8.22679495811	-1368
8.24228000641	-1368
8.2606549263	-1368
8.26071095467	-1368
8.27265095711	-293
8.28703808784	543
8.2898080349	543
8.36233186722	543
8.38557100296	-1420
8.38558697701	-1316
8.38562893867	-1368
8.3860180378	543
8.38634800911	-1420
8.3863530159	-1316
8.38644504547	-1368
8.43741106987	-1420
8.43741989136	-1420
8.43746399879	-1264
8.45934891701	-1313
8.56983590126	-1368
8.59355998039	-261
8.59393692017	-1420
8.59394288063	-1316
8.59456896782	-1368
8.5947060585	543
8.5948240757	-1420
8.59482693672	-1316
8.59499692917	-1420
8.59500098228	-1420
8.59504103661	-1264
8.59510588646	543
8.59538793564	543
8.59604597092	-1368
8.59616494179	-1420
8.59619688988	-1316
8.61024188995	-1420
8.61030197144	-1420
8.61030602455	-1264
8.62644791603	-1420
8.62646389008	-1316
8.69193696976	-1368
8.70731592178	-1420
8.70737504959	-1316
8.72764086723	-1229
8.8014190197	-1368
8.80228304863	543
8.81861400604	-1420
8.81862592697	-1316
8.83078098297	543
8.84371209145	-1420
8.84372591972	-1420
8.84377908707	-1264
8.90269088745	-733
8.9028968811	543
9.07968997955	-543
9.21371006966	-1086
9.28080701828	-1420
9.28082990646	-1316
9.33474802971	-1368
9.33540987968	543
9.33587908745	1057
9.34748005867	-95
9.34922194481	543
9.35171508789	1057
9.35513997078	1057
9.36184406281	1057
9.42040109634	543
9.4205429554	543
9.59499287605	-543
9.5950820446	-1420
9.59512805939	-1316
9.65311002731	-1368
9.66790795326	-1420
9.667979002	-1420
9.66802597046	-1264
9.6685988903	-1368
9.66876888275	-1420
9.66881108284	-1316
9.66938710213	-1368
9.69198203087	-1420
9.6920568943	-1316
9.70876407623	-1420
9.70882296562	-1316
9.71093797684	543
9.71815991402	543
9.7248339653	-1368
9.72491788864	-1368
9.72508192062	543
9.72898888588	-193
9.73139309883	543
9.73161792755	1460
9.73166298866	625
9.791918993	-1420
9.79193592072	-1420
9.79200387001	-1264
9.80756807327	-1368
9.84370589256	-1420
9.84372496605	-1420
9.84378004074	-1264
9.84621191025	543
9.86575698853	-965
9.89082694054	543
9.9304459095	543
9.96871209145	543
9.99968695641	-543
10.1335499287	-1086
10.1966400146	-1420
10.1966559887	-1420
10.1967179775	-1264
10.1972589493	-1420
10.1972639561	-1420
10.1973080635	-1264
10.1975119114	-1368
10.1985270977	-1420
10.1985330582	-1420
10.1986310482	-1264
10.1986339092	-1420
10.1986711025	-1316
10.1989209652	-1420
10.1989889145	-1420
10.1989920139	-1264
10.1990280151	-1368
10.1992030144	543
10.2007799149	-1368
10.2010540962	-1420
10.2011048794	-1316
10.2011079788	-1420
10.20114398	-1420
10.2011470795	-1264
10.2016289234	-1368
10.2016699314	-1368
10.2016880512	-1368
10.2133979797	-1420
10.213463068	-1420
10.2134668827	-1264
10.2135119438	-1368
10.2135760784	-1368
10.2137439251	543
10.2140390873	-1420
10.2140440941	-1316
10.2288379669	-1420
10.2288470268	-1420
10.2288970947	-1264
10.2291479111	-1420
10.2291870117	-1420
10.2291898727	-1264
10.2295079231	-1420
10.2295110226	-1420
10.2295370102	-1264
10.2349848747	543
10.2364580631	1460
10.2365190983	1139
10.2471840382	-1420
10.2471959591	-1420
10.247232914	-1264
10.2472360134	-1420
10.2472519875	-1420
10.2472538948	-1264
10.2473480701	-1420
10.2473509312	-1316
10.2474749088	-1420
10.2474780083	-1316
10.247713089	-1420
10.24771595	-1420
10.2477340698	-1264
10.2477359772	-1368
10.2477519512	-1368
10.2478280067	-1420
10.2478659153	-1316
10.2480340004	543
10.3248140812	-1420
10.3248319626	-1316
10.3330719471	-1420
10.3330888748	-1420
10.3331320286	-1264
10.3331348896	-1420
10.33314991	-1420
10.333163023	-1420
10.3331799507	-1212
10.3331820965	-1420
10.3331980705	-1316
10.3334140778	543
10.3335950375	-1420
10.3335990906	-1420
10.333632946	-1420
10.3336360455	-1420
10.3336520195	-1160
10.333739996	-1420
10.3337900639	-1420
10.3337919712	-1264
10.3338649273	-1420
10.3338680267	-1420
10.3339030743	-1420
10.3339049816	-1212
10.3339459896	-1368
10.3340609074	543
10.347784996	-1420
10.347878933	-1420
10.3479979038	-1420
10.3480050564	-1420
10.348088026	-1420
10.3480930328	-1420
10.3481750488	-1420
10.3481800556	-1420
10.3482608795	-1420
10.3482658863	-900
10.3483479023	-1368
10.3483541012	-1420
10.3484399319	-1316
10.3484458923	-1368
10.3485639095	-1420
10.34856987	-1316
10.3492069244	543
10.3532888889	-1420
10.3533039093	-1420
10.3534059525	-1420
10.3534119129	-1212
10.3535370827	-1420
10.3535439968	-1316
10.3628690243	-1368
10.3812839985	-1368
10.3813591003	-1368
10.3815550804	-1420
10.3816208839	-1420
10.3816299438	-1264
10.3816850185	-1420
10.3816928864	-1420
10.3817389011	-1420
10.3817439079	-1420
10.3817799091	-1160
10.3817849159	-1420
10.3818209171	-1420
10.3818259239	-1264
10.3818619251	-1420
10.3818659782	-1316
10.3820700645	543
10.3824660778	543
10.4243879318	-1420
10.424405098	-1420
10.4245638847	-1420
10.424571991	-1212
10.4247300625	-1420
10.4247379303	-1420
10.4249920845	-1264
10.4249999523	-1420
10.4250838757	-1420
10.4250900745	-1264
10.4251708984	-1420
10.4251770973	-1420
10.4252569675	-1264
10.4252619743	-1420
10.425342083	-1420
10.4253470898	-1420
10.4254469872	-1212
10.4254539013	-1420
10.425606966	-1420
10.4256188869	-1264
10.4276499748	543
10.467416048	-1420
10.4674379826	-1316
10.4675378799	-1420
10.4675469398	-1420
10.4676020145	-1420
10.4676098824	-1212
10.4676599503	-1420
10.4676690102	-1420
10.4677190781	-1264
10.4677250385	-1420
10.4677629471	-1420
10.4677679539	-1264
10.4681289196	543
10.4686069489	543
10.4818749428	-1420
10.4818890095	-1420
10.4820690155	-1420
10.4820780754	-1420
10.4824380875	-1420
10.4824440479	-1420
10.4825630188	-1056
10.4825699329	-1420
10.4826519489	-1316
10.4826569557	-1420
10.4827389717	-1420
10.4827449322	-1264
10.4828259945	-1420
10.4828310013	-1420
10.4829120636	-1420
10.4829180241	-1212
10.4830229282	-1420
10.4830310345	-1420
10.4831159115	-1264
10.483123064	-1420
10.4832029343	-1316
10.4832088947	-1368
10.4832119942	-1420
10.4832139015	-1420
10.483217001	-1264
10.4841840267	543
10.4872140884	-1420
10.4872288704	-1420
10.487349987	-1264
10.4873569012	-1420
10.4875400066	-1316
10.4875490665	-1368
10.4878110886	-1420
10.4879288673	-1316
10.4881350994	-1368
10.4881398678	-1420
10.4882280827	-1420
10.4882330894	-1420
10.4883179665	-1420
10.4883229733	-1160
10.4884068966	-1420
10.4884119034	-1420
10.4885249138	-1264
10.4885308743	-1420
10.4886159897	-1420
10.4886219501	-1264
10.4887030125	-1420
10.4887089729	-1316
10.4891130924	543
10.4896268845	543
10.4979660511	-1368
10.5563089848	-1420
10.5563290119	-1420
10.5563929081	-1420
10.5563969612	-1420
10.55645895	-1420
10.5564630032	-1420
10.5565149784	-1056
10.5565180779	-1420
10.5565800667	-1316
10.5565829277	-1420
10.5566329956	-1316
10.556636095	-1368
10.5566840172	-1420
10.5566859245	-1316
10.5567250252	-1368
10.5570418835	-1368
10.5570909977	-1420
10.5570940971	-1420
10.5571329594	-1264
10.5571360588	-1420
10.55717206	-1316
10.5572500229	543
10.5574409962	543
10.5674169064	-1420
10.5674250126	-1420
10.5674729347	-1264
10.567481041	-1420
10.5675270557	-1420
10.5675299168	-1264
10.5675649643	-1368
10.5675680637	-1420
10.5676028728	-1316
10.5676720142	-1420
10.5677108765	-1316
10.5678019524	-1420
10.5678400993	-1420
10.5678429604	-1264
10.5679059029	-1368
10.5679090023	-1420
10.5679500103	-1420
10.5679528713	-1264
10.5679869652	-1368
10.5681920052	-1420
10.5682139397	-1420
10.5682160854	-1264
10.5682170391	-1420
10.5682179928	-1316
10.5682189465	-1420
10.5682199001	-1316
10.5684258938	543
10.569382906	1057
10.6090359688	-1420
10.6090528965	-1420
10.6091210842	-1420
10.6091239452	-1420
10.6091780663	-1420
10.6092391014	-1420
10.6092779636	-1056
10.6092810631	-1420
10.6093149185	-1316
10.609318018	-1420
10.609359026	-1420
10.6093609333	-1264
10.6093959808	-1420
10.6093990803	-1420
10.609431982	-1264
10.6094338894	-1368
10.609623909	543
10.6100029945	543
10.6202390194	-1420
10.6202440262	-1420
10.6202919483	-1420
10.6202940941	-1212
10.6203448772	-1420
10.6203479767	-1316
10.6203949451	-1420
10.6203970909	-97
10.6207978725	543
10.6210279465	543
10.6404109001	1057
10.6679799557	543
10.6682450771	543
10.6809029579	543
10.6812639236	543
10.681732893	543
10.6819529533	543
10.7652549744	-543
10.8300900459	1057
10.8307380676	543
10.8309838772	543
10.8655788898	-543
10.8659009933	-1420
10.8659329414	-1316
10.8673698902	-1420
10.8674149513	-1420
10.8674180508	-1264
10.8675200939	-1420
10.8675239086	-1316
10.8678100109	-1368
10.8680360317	-1420
10.8680820465	-1420
10.8680849075	-1264
10.8811280727	-1420
10.88113904	-1420
10.8811900616	-1264
10.9052650928	-1420
10.905328989	-1316
10.9053339958	-1368
10.9055049419	543
10.960819006	543
10.9611120224	543
10.9727129936	-1368
10.9747970104	-1368
10.9760639668	-1420
10.9760699272	-1316
10.9774200916	-1420
10.9774250984	-1420
10.9774689674	-1264
10.9781038761	-1420
10.9781310558	-1316
10.9791889191	-1368
10.9796760082	543
10.9799110889	543
10.9805369377	543
10.9807529449	543
10.9860448837	-1420
10.9860498905	-1316
10.9861478806	543
10.9926099777	-1420
10.9926159382	-1316
10.9997270107	-950
11.0018360615	-1420
11.0018820763	-1420
11.001885891	-1264
11.0466370583	-1368
11.0998530388	-1420
11.0998599529	-1420
11.0999109745	-1264
11.1357960701	-907
11.186809063	-1368
11.216850996	-1420
11.2168679237	-1316
11.2327749729	-1420
11.2327890396	-1420
11.2328550816	-1264
11.2646710873	-1420
11.2646820545	-1420
11.2647409439	-1264
11.2667610645	543
11.2674090862	543
11.2751488686	-1368
11.2805559635	-1420
11.2806210518	-1420
11.2806251049	-1264
11.2826039791	543
11.2832551003	543
11.2923979759	-1368
11.3122410774	-1420
11.3123049736	-1420
11.3123090267	-1264
11.314289093	543
11.3149700165	543
11.3206479549	-570
11.3596479893	-1368
11.4934470654	-261
11.495388031	543
11.5007588863	543
11.5980200768	-1368
11.5991969109	-1420
11.5992488861	-1420
11.5992538929	-1264
11.5995650291	-1420
11.5995700359	-1420
11.5996379852	-1264
11.5996410847	-1420
11.5996930599	-1316
11.600176096	-1420
11.6002299786	-1420
11.600233078	-1264
11.6004099846	-1420
11.6004149914	-1316
11.6004359722	-1368
11.6005449295	543
11.6007130146	-1420
11.6007180214	-1316
11.6007599831	-1368
11.6008169651	-1420
11.6008369923	-1316
11.6009318829	543
11.6072809696	-1420
11.6072878838	-1316
11.630614996	1057
11.6820230484	-1420
11.6820480824	-1420
11.6820960045	-1264
11.6830310822	-1368
11.6831400394	-1420
11.6831469536	-1420
11.6833069324	-1264
11.683314085	-1420
11.6834080219	-1420
11.6834158897	-1264
11.6836140156	-1420
11.683619976	-1316
11.6839520931	-1420
11.6839609146	-1316
11.684691906	-1368
11.684896946	-1420
11.6849548817	-1316
11.685133934	543
11.685530901	-974
11.6856811047	-1420
11.6857340336	-1316
11.6859719753	-1368
11.6863510609	-1420
11.6863610744	-1420
11.686455965	-1264
11.68689394	-1420
11.6869950294	-1420
11.6870009899	-1264
11.6875479221	-1420
11.6875600815	-1420
11.6876599789	-1264
11.6878819466	-1420
11.6879839897	-1420
11.6879899502	-1264
11.6909120083	543
11.6976919174	-1420
11.6977128983	-1420
11.6977369785	-1264
11.6978120804	543
11.7024869919	-1420
11.7025029659	-1420
11.7025609016	-1264
11.7030758858	-1368
11.7031838894	-1420
11.7031900883	-1316
11.7032849789	-1420
11.7034039497	-1420
11.7035200596	-1264
11.7035269737	-1368
11.7041730881	-1420
11.7041859627	-1316
11.7044479847	-1420
11.7044610977	-1316
11.7045331001	-1368
11.7049019337	-1420
11.7050449848	-1316
11.7050540447	-1368
11.7053079605	543
11.7055640221	-1368
11.7056770325	-1420
11.7057309151	-1420
11.7057368755	-1264
11.7059860229	-1420
11.7059950829	-1316
11.7060890198	-1368
11.7061839104	-1420
11.7062439919	-1316
11.706250906	-1368
11.717717886	-1420
11.7177319527	-1420
11.717979908	-1420
11.7179908752	-1420
11.7180969715	-1160
11.7181038857	-1420
11.7181880474	-1316
11.7181940079	-1368
11.7182750702	-1420
11.718280077	-1316
11.7183630466	-1420
11.7183699608	-1316
11.7185499668	-1420
11.7187039852	-1420
11.7187979221	-1420
11.7188050747	-1420
11.7189080715	-1420
11.7189159393	-1420
11.718998909	-1056
11.7190048695	-1420
11.7190868855	-1420
11.7190918922	-1420
11.7190949917	-1420
11.7190980911	-1420
11.7190999985	-1108
11.7191019058	-1420
11.7191050053	-1316
11.7195169926	543
11.7198860645	543
11.7206640244	543
11.7332279682	-1368
11.7333199978	-1420
11.7333750725	-1420
11.7333788872	-1264
11.733479023	-1420
11.733481884	-1420
11.7335278988	-1264
11.7335309982	-1368
11.7335720062	-1420
11.7335748672	-1420
11.7336108685	-1264
11.7336130142	-1368
11.7412559986	-1420
11.7412669659	-1420
11.7413189411	-1264
11.7413220406	-1420
11.7413589954	-1420
11.7413630486	-1264
11.7414228916	-1368
11.7415149212	-1420
11.7415540218	-1420
11.7415568829	-1264
11.7416069508	-1420
11.7416100502	-1420
11.7416570187	-1264
11.7416610718	-1420
11.7417199612	-1420
11.7417230606	-1264
11.7417578697	-1420
11.7417609692	-1316
11.7418839931	543
11.7420790195	543
11.7565989494	-1420
11.7566149235	-1420
11.7566759586	-1264
11.7566790581	-1420
11.7567210197	-1420
11.7567229271	-1264
11.7672710419	-1420
11.7672820091	-1420
11.7673339844	-1420
11.7673370838	-1212
11.7673709393	-1420
11.7673740387	-1316
11.7675659657	543
11.8203048706	-1420
11.8203499317	-1420
11.8204240799	-1420
11.8204269409	-1420
11.8205609322	-1160
11.8205640316	-1420
11.8206090927	-1316
11.8206129074	-1420
11.820679903	-1420
11.8206830025	-1420
11.8207318783	-1420
11.820734024	-1160
11.8207910061	-1420
11.8207941055	-1420
11.8208589554	-1264
11.8208620548	-1420
11.820909977	-1420
11.8209140301	-1264
11.8209939003	-1420
11.8209969997	-1316
11.8211390972	-1420
11.8211660385	-1420
11.8211679459	-1264
11.8211688995	-1420
11.8211700916	-1420
11.821171999	-1420
11.8211729527	-1212
11.8211739063	-1368
11.8213639259	-1420
11.821367979	-1420
11.8213698864	-1264
11.8213710785	-1368
11.8216068745	543
11.8218140602	543
11.8315639496	-1420
11.8315749168	-1420
11.8316760063	-1264
11.8316788673	-1420
11.8317410946	-1316
11.8317439556	-1420
11.8317809105	-1316
11.8318688869	-1420
11.8319089413	-1420
11.831911087	-1264
11.8319599628	-1368
11.8320999146	-1420
11.832146883	-1420
11.8321499825	-1264
11.8321959972	-1368
11.8362689018	-1420
11.8363208771	-1420
11.8363239765	-1420
11.8363690376	-1212
11.8363718987	-1368
11.8365199566	1057
11.8519940376	-1420
11.8520109653	-1420
11.8520588875	-1264
11.8520619869	-1420
11.8520860672	-1316
11.8522028923	-1368
11.8523600101	-1420
11.8523640633	-1420
11.8524119854	-1420
11.8524150848	-1212
11.8524580002	-1420
11.8524599075	-1420
11.8525118828	-1264
11.8525140285	-1420
11.8525850773	-1420
11.8525879383	-1264
11.8526480198	-1420
11.8526508808	-1420
11.8526859283	-1420
11.8526880741	-1212
11.8527770042	-1368
11.8527810574	-1420
11.8528280258	-1420
11.8528308868	-1264
11.8528320789	-1420
11.8528330326	-1316
11.8528339863	-1420
11.8528358936	-756
11.8531088829	543
11.8533160686	543
11.8604929447	-1420
11.8605060577	-1316
11.8605360985	-1420
11.8605380058	-1420
11.8605570793	-1264
11.8606059551	-1420
11.8606250286	-1316
11.8607308865	-1420
11.8607509136	-1316
11.8608789444	1057
11.8674440384	-1420
11.8674619198	-1420
11.8675169945	-1264
11.867650032	-1420
11.8676888943	-1420
11.8676919937	-1420
11.8677260876	-1420
11.8677289486	-1160
11.8677721024	-1420
11.8677749634	-1316
11.8678400517	-1420
11.867841959	-1420
11.8678839207	-1264
11.8679790497	-1420
11.8680179119	-1420
11.8680200577	-1420
11.8680820465	-1212
11.8680860996	-1368
11.868129015	-1420
11.8681309223	-1420
11.8681659698	-1264
11.8681678772	-1420
11.868170023	-1316
11.8756449223	-1420
11.875658989	-1420
11.8756608963	-1264
11.8808178902	543
11.8912780285	-1420
11.8912949562	-1420
11.8913340569	-1264
11.8930149078	-1368
11.8932359219	-1420
11.893239975	-1316
11.9013559818	-1420
11.9013650417	-1420
11.9014120102	-1420
11.9014139175	-1420
11.9014489651	-1420
11.9014508724	-1420
11.9014980793	-1056
11.9015009403	-1420
11.9015378952	-1420
11.901540041	-1264
11.9016990662	1057
11.9169890881	-1420
11.9170489311	-1420
11.9171059132	-1420
11.9171090126	-1212
11.917142868	-1420
11.9171459675	-1316
11.917222023	-1420
11.9172239304	-1316
11.9172608852	-1420
11.9172639847	-1420
11.9173030853	-1420
11.9173560143	-1420
11.9174010754	-1160
11.9174029827	-1420
11.9174389839	-1420
11.9174408913	-1264
11.917536974	-1420
11.9175419807	-1420
11.9175610542	-1420
11.9175639153	-1420
11.9175870419	-1160
11.9176809788	-1420
11.9176840782	-1420
11.9176859856	-1264
11.9176859856	-1420
11.9176869392	-1316
11.91802001	543
11.9274909496	-1420
11.9275078773	-1420
11.9275760651	-1264
11.9275789261	-1420
11.927615881	-1316
11.9276189804	-1420
11.9276559353	-1316
11.9281539917	543
11.9547379017	-1420
11.9547538757	-1316
11.9685380459	-1420
11.9685518742	-1316
11.9686169624	-1420
11.9686188698	-1316
11.9686610699	-1368
11.9712610245	-1420
11.9713089466	-1420
11.9713129997	-1264
11.9726700783	-1368
11.9733638763	-1420
11.9734089375	-1316
11.9741039276	-1368
11.9757130146	-1420
11.9757170677	-1316
11.9757640362	-1368
11.9758648872	543
11.976418972	-1420
11.9764239788	-1316
11.9769010544	-1368
11.9773509502	-1420
11.9773728848	-1316
11.9862580299	-1420
11.9863169193	-1420
11.9863209724	-1264
11.9863569736	-1420
11.986358881	-1420
11.9864230156	-1264
11.9864249229	-1420
11.986495018	-1420
11.986497879	-1264
11.9865670204	-1420
11.9865698814	-1316
11.9866058826	-1420
11.9866080284	-1420
11.9866449833	-1264
11.9866480827	-1420
11.9867300987	-1420
11.9867420197	-1264
11.9867870808	-1420
11.9867899418	-1420
11.9868249893	-1264
11.9870710373	543
11.9871211052	-1420
11.9871230125	-1420
11.9871249199	-1420
11.9871258736	-1420
11.9871270657	-1160
11.9872019291	-1420
11.987279892	-1316
11.9872839451	-1420
11.9872848988	-1347
11.9874210358	543
11.9878089428	543
11.996186018	-1420
11.9961979389	-1316
11.9986379147	-1368
11.9986538887	-1420
11.9986898899	-1316
11.9990370274	-1420
11.9990820885	-1420
11.9990839958	-1264
11.999407053	-1368
11.9995548725	-1420
11.9995970726	-1316
12.0017368793	-1420
12.0017988682	-1420
12.0018029213	-1264
12.0018429756	-1368
12.0018889904	-1420
12.0019290447	-1316
12.0159509182	-1420
12.0160388947	-1420
12.0160429478	-1264
12.0160830021	-1420
12.0160849094	-1316
12.0162699223	543
12.0166010857	-1420
12.0166060925	-1420
12.0166449547	-1264
12.0167069435	543
12.0168809891	-1420
12.0168850422	-1316
12.0187709332	-1368
12.0203950405	-1420
12.0204401016	-1420
12.0204429626	-1264
12.0205209255	-1420
12.020524025	-1316
12.0206429958	-1368
12.021171093	-1368
12.0212569237	-1420
12.0212600231	-1316
12.0217239857	-1420
12.0217289925	-1420
12.0217680931	-1264
12.0269138813	-1420
12.0269579887	-1420
12.0269610882	-1264
12.0270240307	-1420
12.0270268917	-1420
12.027066946	-1264
12.0352358818	-1420
12.0352880955	-1420
12.0352909565	-1264
12.0487959385	-1420
12.0488100052	-1420
12.0488650799	-1264
12.0501010418	-1420
12.050137043	-1316
12.050139904	-1368
12.0502529144	543
12.0505990982	-1420
12.0506050587	-1420
12.0506460667	-1264
12.050962925	-1368
12.0510849953	-1368
12.0524179935	-1420
12.0524439812	-1316
12.0524919033	-1368
12.052601099	543
12.0529448986	-1420
12.0529499054	-1316
12.0530149937	-1368
12.0530879498	543
12.0534930229	-1420
12.0534980297	-1420
12.0535180569	-1264
12.0686850548	-1420
12.0687539577	-1420
12.0687589645	-1264
12.0689110756	-1420
12.0689139366	-1420
12.0689520836	-1264
12.0710599422	-1368
12.0713920593	-1420
12.071395874	-1316
12.0727050304	-1420
12.0727119446	-1420
12.0727639198	-1264
12.0727670193	-1420
12.0728149414	-1316
12.0729238987	543
12.0729689598	-1368
12.0742990971	-1420
12.0743420124	-1420
12.0743448734	-1264
12.0748860836	-1368
12.075001955	-1420
12.075026989	-1316
12.0868699551	-1420
12.0869400501	-1420
12.0869450569	-1420
12.0869879723	-1212
12.0869910717	-1420
12.0870258808	-1316
12.0870280266	-1420
12.087061882	-1420
12.0870640278	-1264
12.0873329639	543
12.1012489796	-1368
12.1051580906	-1420
12.1052470207	-1420
12.1052510738	-1264
12.1052899361	-1420
12.1052930355	-1316
12.1054959297	-1368
12.1056749821	-1420
12.1057460308	-1420
12.1057519913	-1264
12.1057910919	-1420
12.1057929993	-1316
12.1058340073	-1420
12.1058368683	-1316
12.1058790684	-1368
12.1076159477	543
12.1114370823	-1420
12.1114430428	-1420
12.1114890575	-1264
12.1206200123	-1420
12.1206851006	-1420
12.1206889153	-1264
12.1207809448	-1420
12.1207849979	-1316
12.1208209991	-1420
12.1208240986	-1316
12.1215689182	-658
12.1217479706	543
12.1222569942	-1420
12.122262001	-1316
12.1232509613	-1368
12.1234250069	-1420
12.1234719753	-1316
12.1255199909	-1368
12.1258878708	-1420
12.1258928776	-1316
12.1259629726	-1420
12.1259660721	-1316
12.1260778904	-1420
12.1260819435	-1316
12.1262009144	-1420
12.1262049675	-1420
12.1262428761	-1264
12.126308918	543
12.1266469955	-1420
12.1266510487	-1316
12.1266980171	-1368
12.1267650127	543
12.1276609898	-1420
12.1276669502	-1316
12.1276919842	-1368
12.1310238838	-1420
12.1310710907	-1420
12.1310749054	-1264
12.1363060474	-1420
12.136318922	-1420
12.1363730431	-1264
12.1677000523	-1420
12.1677730083	-1420
12.1677770615	-1264
12.1678490639	-1420
12.1678519249	-1420
12.1678950787	-1264
12.1679489613	-1420
12.1679770947	-1420
12.167979002	-1264
12.1681790352	543
12.1682269573	-1420
12.1682310104	-1420
12.1682879925	-1420
12.1682910919	-1212
12.168364048	-1420
12.168366909	-1316
12.1688609123	-1420
12.1688659191	-1420
12.1689059734	-1264
12.1703209877	-1420
12.1703629494	-1420
12.1703650951	-1264
12.1745390892	-1368
12.1746799946	-1368
12.1761980057	-1420
12.1762020588	-1316
12.1762709618	-1420
12.1762740612	-1420
12.1763150692	-1264
12.176363945	-1368
12.1764450073	543
12.1766130924	543
12.1778268814	-1420
12.1778318882	-1420
12.1778728962	-1264
12.1784451008	-1420
12.1785039902	-1420
12.1785070896	-1264
12.1790180206	-1420
12.1790220737	-1420
12.1790630817	-1264
12.1799559593	-1420
12.1800010204	-1420
12.1800038815	-1264
12.1802949905	-1420
12.1802990437	-1316
12.180588007	-1368
12.1825399399	-1420
12.1825819016	-1420
12.182585001	-1264
12.1836979389	-1368
12.1840400696	-1420
12.1840629578	-1316
12.1847879887	-1420
12.184830904	-1420
12.1848340034	-1264
12.2077159882	-1420
12.2077310085	-1420
12.2077770233	-1264
12.2082409859	-1420
12.2082788944	-1316
12.2082819939	-1420
12.2083010674	-1316
12.2085599899	-1368
12.2094449997	543
12.2095139027	-1368
12.2095859051	543
12.2101418972	-1420
12.2101480961	-1420
12.2102251053	-1264
12.2102279663	-1420
12.2102639675	-1316
12.211261034	-1420
12.2113029957	-1420
12.2113060951	-1264
12.2119159698	543
12.212733984	-1420
12.2127408981	-1316
12.2230350971	-1420
12.2230529785	-1316
12.2262079716	-1368
12.2263019085	-1420
12.2263259888	-1316
12.2278900146	-1368
12.2280108929	-1368
12.2280600071	-1368
12.2285170555	-1368
12.2287969589	-1420
12.2288630009	-1316
12.2288661003	-1368
12.2301769257	-1420
12.2301809788	-1420
12.2302289009	-1264
12.23031497	543
12.2308249474	-1420
12.2308299541	-1420
12.2308580875	-1264
12.2314150333	-1420
12.2314350605	-1316
12.231664896	-1368
12.2328579426	-1420
12.2328629494	-1316
12.2328870296	-1368
12.2394011021	-1420
12.2394609451	-1420
12.2394649982	-1264
12.2395150661	-1420
12.2395169735	-1420
12.2395780087	-1264
12.2395808697	-1420
12.239618063	-1316
12.2396199703	-1368
12.2412290573	543
12.2561950684	-1080
12.2587509155	-1420
12.2588059902	-1420
12.2588100433	-1264
12.26009202	-1420
12.2600989342	-1316
12.2608280182	-1368
12.2610180378	-1420
12.2610418797	-1316
12.2616760731	-1368
12.2619960308	-1420
12.2620000839	-1316
12.2623069286	-1368
12.2623848915	543
12.2625720501	-1420
12.2625770569	-1420
12.2626159191	-1264
12.2637028694	-1420
12.2637279034	-1316
12.275621891	-1420
12.2756850719	-1420
12.2756979465	-1264
12.2758440971	-1368
12.2802789211	-1420
12.2803339958	-1420
12.2803380489	-1264
12.280534029	543
12.2806639671	-1420
12.2806658745	-1420
12.2807109356	-1264
12.281635046	-1420
12.2816798687	-1420
12.2816829681	-1264
12.2819559574	-1420
12.2819600105	-1316
12.2831559181	-1420
12.2831609249	-1420
12.2832000256	-1264
12.2832729816	543
12.2846269608	-1420
12.2846319675	-1420
12.2846839428	-1264
12.2846870422	-1368
12.2868468761	-1368
12.2869119644	-1420
12.2869138718	-1316
12.2873060703	-1420
12.287348032	-1420
12.287350893	-1264
12.287446022	543
12.3034389019	-1420
12.3034620285	-1420
12.3035218716	-1264
12.303524971	-1420
12.3035619259	-1420
12.3035640717	-1264
12.3103399277	-1420
12.3103559017	-1316
12.3104150295	-1368
12.3121409416	-1420
12.3121840954	-1420
12.3121860027	-1264
12.3129529953	-1368
12.3131520748	-1420
12.3131759167	-1316
12.3133239746	-1420
12.3133449554	-1316
12.3134889603	-1368
12.3136270046	-1368
12.3137040138	543
12.314011097	-1420
12.3140161037	-1316
12.3143239021	-1420
12.3143289089	-1420
12.3143670559	-1264
12.3151118755	-1368
12.3275909424	-1368
12.3277699947	-1420
12.3278090954	-1316
12.3279879093	543
12.3317890167	-1420
12.3317980766	-1316
12.3319160938	543
12.3322379589	-1420
12.332242012	-1316
12.332777977	-1420
12.3327829838	-1316
12.3328619003	-1368
12.333532095	-1420
12.3335750103	-1420
12.3335769176	-1264
12.334966898	-1368
12.3363490105	-1420
12.3363990784	-1420
12.3364019394	-1264
12.3373539448	-1420
12.3373610973	-1420
12.337403059	-1264
12.3374729156	-1420
12.3375120163	-1420
12.3375139236	-1264
12.3389129639	-1420
12.338917017	-1420
12.3389589787	-1264
12.3395690918	543
12.3396759033	-1420
12.3396799564	-1420
12.3397181034	-1264
12.3430769444	-1420
12.3431270123	-1316
12.3443338871	-1368
12.3623459339	-1420
12.3623600006	-1316
12.3624219894	-1368
12.3627669811	-1420
12.3627898693	-1316
12.3628540039	-1368
12.3642010689	-1420
12.3642048836	-1316
12.3643240929	-1368
12.3651099205	543
12.3654549122	-1420
12.3654589653	-1316
12.3655490875	-1368
12.365598917	543
12.3661329746	-1420
12.3661379814	-1316
12.3662440777	-1368
12.3672800064	-1368
12.3674609661	-1420
12.3674650192	-1316
12.3797240257	-1368
12.3798758984	-1420
12.3799130917	-1316
12.380366087	-1368
12.3849420547	-1420
12.3849508762	-1420
12.3849980831	-1420
12.3850009441	-1212
12.3850359917	-1368
12.3852279186	-1420
12.3852629662	-1316
12.3852670193	-1368
12.3853580952	543
12.3855059147	-1420
12.3855090141	-1420
12.3855400085	-1264
12.38560009	-1368
12.3868539333	-1420
12.3868589401	-1316
12.3869578838	-1368
12.3883879185	-1420
12.3884298801	-1420
12.3884320259	-1264
12.3907330036	-1420
12.3907380104	-1420
12.3907780647	-1264
12.3908989429	-1420
12.3909208775	-1316
12.3910439014	-1368
12.391135931	-1368
12.3911859989	543
12.391274929	-1420
12.3912780285	-1316
12.3913519382	543
12.3926250935	-1420
12.3926301003	-1420
12.3926680088	-1420
12.3926699162	-192
12.3939580917	-1420
12.3939630985	-1316
12.3939869404	-1368
12.4148440361	-1420
12.4149060249	-1420
12.414908886	-1264
12.4165389538	-1420
12.4165458679	-1420
12.4165899754	-1264
12.4169490337	-1420
12.4169929028	-1420
12.4169960022	-1264
12.4176769257	-1368
12.4180779457	543
12.4187300205	-1420
12.4187350273	-1420
12.4187729359	-1264
12.4190719128	-1420
12.4190950394	-1316
12.4191570282	-1368
12.4205880165	543
12.4221279621	-1420
12.4221329689	-1420
12.4221749306	-1264
12.422606945	-1420
12.422647953	-1420
12.4226510525	-1264
12.4365749359	-1420
12.4365859032	-1420
12.4366428852	-1264
12.4377839565	-1420
12.4378180504	-1316
12.4391880035	-1368
12.4392609596	-1420
12.4392650127	-1316
12.4392900467	-1368
12.4395670891	-1420
12.4395880699	-1316
12.4396719933	-1420
12.4397110939	-1316
12.4406580925	543
12.4407379627	-1420
12.4407429695	-1316
12.4409029484	543
12.4415769577	-1420
12.4415819645	-1420
12.4416229725	-1264
12.442180872	-1420
12.4422039986	-1316
12.442250967	-1368
12.4435958862	-1420
12.443600893	-1316
12.4438328743	-1420
12.4438378811	-1316
12.4442639351	-1420
12.4442679882	-1316
12.444329977	-1368
12.4444050789	543
12.4469749928	-1420
12.4469790459	-1420
12.4470191002	-1264
12.4687600136	-1420
12.4688179493	-1420
12.4688229561	-1264
12.4689240456	-1420
12.4689269066	-1316
12.4690170288	-1368
12.4697110653	-1368
12.4698069096	-1420
12.4698109627	-1316
12.4703440666	-1420
12.4703490734	-1420
12.4703960419	-1264
12.4704649448	-1368
12.4715640545	-1420
12.4715678692	-1316
12.4716820717	543
12.4721190929	-1368
12.4721820354	543
12.4723188877	-1420
12.4723238945	-1316
12.4823698997	-1368
12.4826750755	-1420
12.4827029705	-1316
12.4905619621	-1420
12.4906249046	-1420
12.4906289577	-1264
12.4908549786	-1420
12.490860939	-1420
12.4909029007	-1264
12.4926249981	-1420
12.4926970005	-1420
12.4927010536	-1264
12.4943928719	-1368
12.4949650764	-1420
12.4949939251	-1316
12.4957070351	-1368
12.4957900047	-1420
12.4957940578	-1316
12.4961960316	543
12.4979650974	-1420
12.4979701042	-1420
12.4980099201	-1264
12.4991829395	-1420
12.4992249012	-1420
12.4992280006	-1264
12.5008449554	-1368
12.5014009476	-1420
12.5014259815	-1316
12.5017859936	-1420
12.501830101	-1420
12.501832962	-1264
12.5023810863	-1420
12.5023860931	-1420
12.5024240017	-1264
12.5026340485	-1420
12.502655983	-1316
12.5027248859	543
12.5038468838	-1420
12.5038518906	-1316
12.5039350986	543
12.5206480026	-1420
12.5206639767	-1420
12.5207259655	-1264
12.5221569538	-1420
12.5221850872	-1316
12.5221879482	-1368
12.5224878788	-1420
12.5224919319	-1316
12.5227079391	-1368
12.5229840279	-1420
12.5230059624	-1316
12.5232288837	-1368
12.523884058	-1420
12.5238878727	-1420
12.523927927	-1264
12.5246839523	-1420
12.5247058868	-1316
12.5247590542	-1368
12.5278000832	-471
12.5278770924	543
12.5357570648	-1420
12.535763979	-1316
12.5358080864	-1368
12.5384171009	-1420
12.5384590626	-1420
12.5384619236	-1264
12.5429449081	-1420
12.5429530144	-1420
12.5429990292	-1264
12.5435678959	-1420
12.5436110497	-1420
12.5436139107	-1264
12.544342041	-1420
12.5443460941	-1420
12.5443849564	-1264
12.5446140766	-1368
12.5448999405	-1420
12.5449039936	-1420
12.5449430943	-1264
12.5450069904	-1420
12.5450088978	-1316
12.5451350212	543
12.5452570915	543
12.5470221043	-1420
12.5470268726	-1420
12.5470709801	-1264
12.5472819805	-1420
12.5473070145	-1316
12.5473799706	-1368
12.5488638878	-1420
12.5488688946	-1420
12.5489110947	-1264
12.5493719578	-1420
12.5493969917	-1316
12.5494580269	-1368
12.5509250164	-1420
12.5509309769	-1420
12.5509719849	-1264
12.5510289669	-1420
12.5510668755	-1316
12.5514030457	543
12.5738449097	-1420
12.57385993	-1420
12.5739159584	-1264
12.57593894	-1368
12.5765109062	-1420
12.5765171051	-1420
12.5765850544	-1264
12.5765879154	-1368
12.5766899586	-1368
12.5775499344	-1420
12.5775949955	-1420
12.5775980949	-1264
12.578357935	-1420
12.5783638954	-1420
12.5784060955	-1264
12.5787060261	-1368
12.5881040096	-1420
12.5881199837	-1316
12.5882749557	543
12.5884399414	-1420
12.5884449482	-1316
12.588588953	543
12.5886340141	-1368
12.5936539173	-1420
12.5936989784	-1316
12.5937030315	-1368
12.5938310623	-1368
12.5939519405	-1420
12.5939929485	-1316
12.595113039	-1368
12.5960319042	-1420
12.596036911	-1420
12.596075058	-1264
12.5962979794	-1420
12.5963199139	-1316
12.5963220596	-1368
12.5971019268	-1420
12.5971069336	-1420
12.5971460342	-1264
12.599091053	-1420
12.5991330147	-1420
12.599134922	-1264
12.5996170044	-1420
12.5996210575	-1420
12.5996608734	-1264
12.5997309685	-1420
12.5997540951	-1316
12.5998408794	543
12.6025090218	-1420
12.6025140285	-1420
12.6025528908	-1264
12.6026098728	-1368
12.6028439999	-1420
12.6028490067	-1420
12.6028878689	-1264
12.6039149761	-1368
12.6041829586	-1368
12.6226830482	-1420
12.622729063	-1316
12.6228590012	543
12.6260120869	-1368
12.6261069775	-1420
12.6261479855	-1420
12.6261510849	-1264
12.6271491051	-1420
12.6271538734	-1316
12.6272640228	-1420
12.6272668839	-1316
12.6273469925	-1368
12.6273980141	543
12.6280899048	-1420
12.6280939579	-1316
12.6282269955	-1420
12.6282300949	-1316
12.6283528805	-1420
12.6283559799	-1316
12.628772974	-1368
12.6388640404	-1420
12.6388950348	-1316
12.6411209106	-1420
12.6411509514	-1316
12.6412360668	543
12.6470060349	-1368
12.6472890377	-1420
12.6473150253	-1316
12.6478428841	-1420
12.6478860378	-1420
12.6478888988	-1264
12.6484370232	-1420
12.64844203	-1316
12.6496999264	-1420
12.6497058868	-1420
12.6497719288	-1264
12.6497750282	-1420
12.6498110294	-1316
12.6500771046	-1420
12.6501169205	-1420
12.6501190662	-1420
12.6501638889	-1212
12.6502699852	543
12.6524698734	-1368
12.6525259018	543
12.6526269913	-1420
12.6526319981	-1316
12.6531980038	-1420
12.6532020569	-1420
12.6532409191	-1264
12.6534800529	-1420
12.6535010338	-1316
12.6544930935	-1420
12.6545360088	-1420
12.6545388699	-1264
12.6545810699	-1420
12.654583931	-1316
12.6573998928	-1420
12.657407999	-1316
12.6579799652	-1420
12.6579830647	-1420
12.6580228806	-1264
12.6757500172	-759
12.6777200699	-1368
12.6778869629	543
12.6783280373	-1420
12.6783330441	-1316
12.6806459427	-1368
12.6810250282	-1420
12.6810948849	-1420
12.681098938	-1264
12.681137085	-1420
12.6811389923	-1316
12.6818130016	-1420
12.6818180084	-1316
12.6818819046	-1368
12.6823279858	-1420
12.682352066	-1316
12.6823549271	-1368
12.682847023	-1368
12.6829040051	-1368
12.6830239296	-1368
12.6830689907	-1368
12.6928420067	-1420
12.6928560734	-1316
12.6932559013	543
12.698431015	-1368
12.6985139847	-1420
12.6985650063	-1316
12.6986420155	-1420
12.6986808777	-1316
12.6987168789	-1368
12.6988289356	543
12.6994359493	-1368
12.7012929916	-1420
12.7013449669	-1316
12.7013499737	-1420
12.7013680935	-1420
12.7013700008	-1264
12.7026379108	-1420
12.7026450634	-1420
12.7026879787	-1264
12.7033269405	-1368
12.7056698799	-1420
12.7056760788	-1420
12.7057180405	-1264
12.7069890499	-1420
12.7070329189	-1420
12.7070350647	-1264
12.707146883	543
12.7074699402	-1420
12.707474947	-1316
12.7077429295	-1368
12.7080440521	-1420
12.7080659866	-1316
12.7087180614	-1368
12.709143877	-1420
12.7091479301	-1316
12.710381031	-1420
12.710408926	-1420
12.7104480267	-1264
12.7104508877	-1368
12.7250599861	-1420
12.7250740528	-1316
12.7292239666	-1420
12.7292289734	-1316
12.7293429375	543
12.7306540012	-1420
12.730659008	-1420
12.7306799889	-1264
12.7310819626	-1368
12.7311999798	-1368
12.732352972	-1420
12.732378006	-1316
12.73250103	-1368
12.7328150272	543
12.7347359657	-1420
12.7348239422	-1420
12.734924078	-1264
12.734926939	-1420
12.7349770069	-1316
12.7349789143	-1368
12.7412950993	-1368
12.7413139343	-1420
12.7413570881	-1420
12.7413599491	-1264
12.7466108799	-1420
12.7466249466	-1316
12.7467639446	543
12.750056982	-1368
12.7501358986	-1368
12.7505300045	-1368
12.7507269382	-1368
12.7529649734	-1420
12.7529709339	-1420
12.7530150414	-1264
12.7530169487	-1368
12.7532010078	-1420
12.753205061	-1316
12.7534379959	-1368
12.7535600662	-1420
12.7535810471	-1316
12.7545940876	-1368
12.7547140121	-1420
12.7547168732	-1316
12.7562739849	-1368
12.75634408	543
12.756526947	-1420
12.7565319538	-1420
12.756551981	-1264
12.7570960522	-1368
12.758368969	-1420
12.7583739758	-1420
12.7584130764	-1264
12.7584729195	543
12.7587809563	-1420
12.7587850094	-1420
12.7588369846	-1264
12.7599520683	-1420
12.759980917	-1316
12.7599840164	-1368
12.7610549927	-1420
12.7610599995	-1316
12.7806839943	-1420
12.7806949615	-1420
12.7807540894	-1264
12.7812709808	-1420
12.7813169956	-1420
12.781318903	-1264
12.7824800014	-1420
12.7824840546	-1316
12.7847490311	-1420
12.7847549915	-1420
12.7848160267	-1264
12.7848188877	-1368
12.7849290371	543
12.7854380608	-1368
12.7856810093	-1420
12.7857038975	-1316
12.785877943	-1420
12.7858998775	-1316
12.7871050835	-1368
12.7871279716	-1368
12.7873079777	-1420
12.7873280048	-1316
12.7962749004	-1420
12.7963249683	-1420
12.7963280678	-1264
12.8022680283	-1368
12.8023970127	543
12.8024530411	-1420
12.8024559021	-1316
12.8028700352	-1420
12.802875042	-1316
12.8029010296	-1368
12.8029658794	543
12.8052740097	-1368
12.8055660725	-1420
12.8055899143	-1316
12.8058428764	-1420
12.8058700562	-1316
12.8058729172	-1368
12.8067789078	-1368
12.8073139191	-1420
12.8073410988	-1316
12.8076350689	-1420
12.8076770306	-1420
12.8076798916	-1264
12.808369875	-1420
12.8083729744	-1316
12.8084259033	-1368
12.8103749752	-1368
12.8110098839	-1368
12.8112459183	-1420
12.8112869263	-1316
12.8114299774	-480
12.8114500046	543
12.81208992	-1420
12.8121330738	-1420
12.8121359348	-1264
12.8121879101	-1420
12.8121910095	-1316
12.8151118755	-1420
12.8151209354	-1420
12.8151700497	-1420
12.8151729107	-1420
12.8152089119	-1160
12.8152461052	-1368
12.8296370506	-1368
12.8298110962	543
12.8348128796	-1420
12.8348200321	-1316
12.8372499943	-1368
12.8374919891	-1420
12.8375160694	-1420
12.8375179768	-1264
12.8375990391	-1368
12.838654995	543
12.8391618729	-1420
12.839165926	-1420
12.8392078876	-1264
12.8396089077	-1420
12.8396310806	-1316
12.8399250507	-1368
12.8400020599	-1420
12.8400058746	-1316
12.8502440453	-1420
12.8502578735	-1420
12.8503110409	-1264
12.8503859043	-1420
12.8504259586	-1316
12.8507649899	-1368
12.8509809971	-1420
12.8509860039	-1316
12.8545730114	-1368
12.8547139168	543
12.8582708836	-1420
12.8583190441	-1420
12.8583669662	-1264
12.8583700657	-1420
12.8584048748	-1316
12.8584079742	-1368
12.8584880829	-1368
12.8587050438	-1420
12.8587470055	-1420
12.8587501049	-1264
12.8588120937	-1420
12.8588149548	-1316
12.8589758873	-1420
12.8589839935	-1316
12.8590970039	-1368
12.859637022	-1420
12.8596589565	-1316
12.8597249985	-1368
12.8598098755	543
12.8638720512	-1420
12.8638839722	-1420
12.8639349937	-1420
12.8639380932	-1420
12.8639719486	-1420
12.8639750481	-1108
12.8640620708	-1368
12.864233017	-1420
12.8642549515	-1316
12.865101099	543
12.8660349846	-1420
12.8660409451	-1420
12.8660840988	-1264
12.8825309277	-1420
12.8825960159	-1420
12.882600069	-1264
12.8848040104	-1368
12.8848888874	-1420
12.884914875	-1316
12.8862719536	-1368
12.888491869	-1420
12.8884980679	-1420
12.8885428905	-1264
12.88854599	-1420
12.8885810375	-1316
12.8886530399	543
12.8899669647	-1368
12.8912250996	-1420
12.8912670612	-1420
12.8912699223	-1264
12.8917500973	-1420
12.8917551041	-1420
12.8917970657	-1264
12.9003479481	-1420
12.900400877	-1420
12.9004049301	-1264
12.9175169468	-1420
12.9175329208	-1420
12.9175879955	-1264
12.9177238941	543
12.9400160313	-1420
12.9400310516	-1420
12.9400680065	-1420
12.9400699139	-1212
12.9403460026	543
12.9403879642	-1420
12.9405050278	-1316
12.9409890175	-1420
12.9409980774	-1420
12.9410228729	-1264
12.9415009022	-1420
12.941521883	-1316
12.9460339546	-1245
12.9718990326	-1420
12.9719130993	-1420
12.9719588757	-1264
12.9760189056	-1420
12.9760739803	-1420
12.9760780334	-1264
12.9903829098	-1368
12.9903979301	-1368
13.0415859222	-1420
13.0416030884	-1420
13.041656971	-1264
13.0422480106	543
13.0431330204	-1420
13.0431380272	-1420
13.0431799889	-1264
13.0433728695	-1420
13.0433959961	-1420
13.0433979034	-1264
13.0438780785	-1420
13.0438830853	-1316
13.0440030098	-1420
13.0440070629	-1316
13.0441470146	-1420
13.0441510677	-1420
13.0441889763	-1264
13.0444440842	-1420
13.0444979668	-1420
13.0445020199	-1264
13.0445370674	-1420
13.0445399284	-1316
13.0446100235	-1368
13.044698	-1368
13.045044899	-1420
13.0450489521	-1316
13.045183897	543
13.0453701019	-1420
13.0453739166	-1420
13.0454108715	-1264
13.0454730988	543
13.0572068691	-1420
13.0572209358	-1420
13.0572760105	-1420
13.0572779179	-1212
13.1058320999	-62
13.1467900276	-1420
13.1468019485	-1420
13.1468439102	-1264
13.1482560635	-1420
13.1482620239	-1420
13.1483030319	-1264
13.1486139297	-1420
13.1486179829	-1316
13.1486999989	-1368
13.1488039494	-1420
13.1488258839	-1316
13.1488900185	543
13.1489078999	-1368
13.149116993	-1368
13.1491799355	-1420
13.1491820812	-1316
13.1495530605	-1368
13.1498529911	-1420
13.1498758793	-1316
13.1506569386	-1420
13.1506979465	-1420
13.150701046	-1264
13.1507918835	-1420
13.1507949829	-1420
13.1508319378	-1264
13.1509289742	543
13.1512680054	-1420
13.1512730122	-1420
13.1513118744	-1264
13.152007103	-1420
13.1520490646	-1420
13.1520519257	-1264
13.1521840096	543
13.1522738934	-1420
13.1522789001	-1316
13.1523230076	-1368
13.1530239582	-1420
13.1530668736	-1420
13.153069973	-1264
13.163572073	-1420
13.1635859013	-1420
13.1636419296	-1264
13.1636450291	-1368
13.1977880001	-1420
13.1978030205	-1316
13.2398030758	-1011
13.3772249222	-543
13.410048008	543
13.5743839741	-543
13.6311578751	1460
13.6312510967	625
13.765583992	-543
13.9774060249	-543
14.1457278728	-543
14.1503770351	-543
14.3635499477	-543
14.4206199646	543
14.5929820538	-1368
