0	543
0.040177822113	-543
3.75414991379	-543
4.01788902283	543
4.06253290176	543
4.18723797798	-543
4.35384988785	-543
4.35552191734	-1368
4.35595393181	-1420
4.35600090027	-1316
4.35621285439	-1368
4.35649991035	-1368
4.35669183731	-1420
4.35671591759	-1316
4.35683393478	-1368
4.36930084229	-1368
4.36948800087	543
4.39445590973	543
4.42997789383	543
4.46575593948	-1420
4.46577095985	-1316
4.46750497818	-1420
4.46751284599	-1316
4.4677939415	-1420
4.46780800819	-1420
4.46780991554	-1264
4.46809482574	-1420
4.46809887886	-1316
4.46831393242	-1368
4.46844387054	-1368
4.46877384186	-1420
4.4687769413	-1420
4.46877884865	-1264
4.46880292892	-1420
4.4688038826	-1316
4.47172498703	543
4.4766459465	543
4.47700691223	543
4.47752785683	543
4.4812078476	-1420
4.48123478889	-1316
4.53064584732	543
4.53101491928	543
4.57778382301	-1420
4.57779884338	-1420
4.57780098915	-1264
4.57942581177	-1420
4.57943081856	-1420
4.57949399948	-406
4.58116698265	543
4.58152079582	543
4.6461288929	543
4.65567493439	-1368
4.65568685532	-1420
4.65568995476	-1316
4.6561729908	1460
4.65623998642	1460
4.65628385544	-1420
4.65628695488	-1316
4.65631389618	1161
4.65637278557	-1368
4.65649390221	89
4.65669989586	-1368
4.65689182281	-1420
4.65693688393	-1316
4.65887784958	543
4.65905880928	543
4.66646695137	-1368
4.6781039238	-1368
4.67825078964	-1368
4.69146490097	-1213
4.72535800934	-1368
4.77675199509	-565
4.80337786674	-1347
4.83884882927	-1368
4.84137392044	-1368
4.850222826	-1368
4.85113501549	-1420
4.85114002228	-1316
4.85997581482	543
4.86128497124	-1368
4.86782383919	-1368
4.87686991692	-1420
4.87688279152	-1420
4.87693786621	-1264
4.87706494331	543
4.88503479958	-1420
4.88503980637	-1316
4.89851689339	-1368
4.89881181717	-1368
4.94913101196	-1368
4.9505238533	-794
4.96627688408	543
4.97026586533	543
4.99985599518	543
4.99994778633	543
5.06255483627	-1086
5.06343984604	543
5.06395792961	543
5.1812608242	-543
5.23525285721	-543
5.259141922	-543
5.34880781174	-1368
5.37097501755	-261
5.37130999565	543
5.3714928627	543
5.37165689468	543
5.37182092667	543
5.37198090553	543
5.3721549511	543
5.37233781815	1460
5.37238287926	1139
5.37289690971	543
5.37308883667	543
5.39749479294	-1368
5.48271989822	-261
5.50266098976	543
5.50289487839	543
5.52997994423	-1368
5.53008794785	-1368
5.5303838253	-1368
5.53076982498	-1420
5.53083395958	-1316
5.53086781502	-1368
5.53106188774	-1368
5.54833292961	-1368
5.54928898811	-1368
5.54975295067	-1368
5.54978895187	-1368
5.54983997345	-1368
5.55003786087	-1420
5.55004096031	-1316
5.55032491684	-1368
5.55061483383	-1368
5.55076599121	-1368
5.55100798607	-1420
5.55105495453	-1316
5.55132484436	-1368
5.55568790436	-1420
5.55569386482	-1316
5.55608487129	543
5.55654788017	543
5.59497284889	-1420
5.59498286247	-1316
5.59517097473	543
5.64218592644	-1420
5.64219379425	-1420
5.64223980904	-1264
5.64269781113	-1420
5.64275383949	-1420
5.64275598526	-1420
5.64275789261	-1212
5.64295387268	-1420
5.6429579258	-1420
5.64295887947	-1264
5.64994502068	543
5.65039491653	543
5.66122698784	-1420
5.66123199463	-1420
5.66123390198	-1264
5.66164493561	-1420
5.6616499424	-1316
5.66194200516	-1368
5.66206097603	-1420
5.6621119976	-1420
5.66211390495	-1420
5.66211485863	-1212
5.66226100922	543
5.66242480278	-1420
5.66242790222	-1420
5.66245079041	-1264
5.66302895546	-1420
5.6630718708	-1420
5.66307497025	-1420
5.66307687759	-1212
5.66550779343	1460
5.665558815	1460
5.6655960083	1161
5.66573596001	1460
5.66577291489	171
5.66749382019	-1420
5.66750693321	-1316
5.66750884056	-1420
5.66751098633	-1316
5.70703101158	-1420
5.70704293251	-1420
5.70710396767	-1264
5.74044585228	543
5.74389600754	543
5.74419999123	543
5.7444357872	543
5.75420594215	-1420
5.75421500206	-1420
5.75421690941	-1420
5.75421786308	-1212
5.75463795662	-1420
5.75464296341	-1316
5.75469779968	-1420
5.75470995903	-1420
5.7547109127	-1264
5.75471282005	-1368
5.75488781929	-1420
5.75489187241	-1420
5.75489282608	-1264
5.75498986244	543
5.75531697273	543
5.75574398041	543
5.77319192886	-1420
5.77320384979	-1420
5.77320599556	-1420
5.77320694923	-1212
5.77364993095	-1420
5.77365493774	-1420
5.77369785309	-1264
5.77384781837	543
5.77389883995	-1420
5.77402901649	-1420
5.77407097816	-1264
5.77407598495	-1420
5.77407693863	-1420
5.77407884598	-1264
5.77430987358	-1420
5.7743139267	-1420
5.77431488037	-1264
5.77485084534	1057
5.77494597435	-1420
5.77495098114	-1420
5.77495193481	-1264
5.7750120163	-1420
5.77501392365	-1346
5.77525901794	543
5.77570986748	543
5.77600288391	543
5.80562281609	-1368
5.81936192513	-1420
5.81942200661	-1316
5.81974387169	543
5.81989383698	-1368
5.82007288933	-1368
5.82020878792	-1368
5.83548283577	-1368
5.84726285934	-1368
5.84982585907	-1368
5.86641979218	-1420
5.86648797989	-1420
5.86649179459	-1420
5.86649298668	-1420
5.86649394035	-1420
5.8664958477	-1108
5.86649680138	-1420
5.86649894714	-1316
5.86657500267	-1368
5.86681580544	543
5.86721587181	543
5.86845898628	-1368
5.8766708374	-1420
5.87671780586	-1316
5.88089680672	-1368
5.88728094101	-934
5.88752484322	543
5.89995193481	-1420
5.89996790886	-1316
5.90051794052	-1368
5.90121889114	-1368
5.91111183167	-1368
5.91122078896	-1368
5.9175388813	-1368
5.91833591461	-1420
5.9184088707	-1420
5.91841101646	-1264
5.92535281181	-1420
5.92536878586	-1316
5.92552399635	-1368
5.92563199997	-1368
5.92579698563	-1368
5.92621088028	-1368
5.92631101608	543
5.92645597458	-1368
5.93389391899	-1368
5.93432188034	-1368
5.9345228672	-1368
5.94107079506	-1368
5.94132781029	-1368
5.94145488739	-1368
5.94161987305	-1368
5.94178080559	-1368
5.94207692146	-1420
5.9420800209	-1420
5.94208192825	-1264
5.94748282433	-1368
5.94785284996	543
5.94842195511	-1368
5.94961094856	-1420
5.94965481758	-1316
5.94975590706	-1368
5.96176481247	-1420
5.96176981926	-1420
5.96181082726	-1264
5.96983098984	543
5.97854590416	-1420
5.97856497765	-1420
5.97862482071	-1420
5.97862792015	-1420
5.97864890099	-1160
5.97864985466	-1420
5.9786529541	-1420
5.97866296768	-1264
5.97866487503	-1368
5.9786658287	-1368
5.98245286942	-1368
5.98303079605	-1420
5.98308300972	-1316
5.99234485626	-1368
5.9939699173	-1368
5.99414086342	-1368
5.99575185776	543
5.99909996986	-1009
6.00128102303	543
6.00654196739	-1420
6.00654697418	-1420
6.00654888153	-1264
6.02963781357	-1420
6.02965092659	-1316
6.03752684593	-1368
6.03769683838	-1368
6.03782486916	-1368
6.03830385208	-1420
6.03836083412	-1316
6.03846001625	-1368
6.03868293762	-1368
6.0388739109	-1368
6.03914284706	-1368
6.04812479019	-1368
6.05385684967	543
6.05644583702	543
6.05675983429	543
6.05745387077	543
6.0601439476	-1368
6.06029582024	543
6.06225585938	-1368
6.06281685829	-1420
6.06289291382	-1316
6.06289601326	-1368
6.0840318203	-1368
6.10660886765	-1368
6.11835098267	-304
6.15961790085	543
6.15992283821	543
6.22610092163	-1368
6.22655081749	-1420
6.22655487061	-1316
6.2269179821	-1420
6.2269217968	-1420
6.22692489624	-1264
6.23481988907	-1368
6.23833489418	-1368
6.25942587852	-1420
6.25943589211	-1316
6.26363992691	-1368
6.27051997185	-894
6.27371501923	-1368
6.28512001038	-1420
6.28512501717	-1316
6.30097389221	543
6.32152295113	543
6.32176184654	543
6.38260698318	-1239
6.38418102264	543
6.52012300491	-1368
6.53433179855	-261
6.59786295891	-1420
6.59788393974	-1420
6.5979449749	-1264
6.60988879204	-1420
6.60995793343	-1316
6.64526486397	-1368
6.64559197426	-1368
6.64594197273	-1368
6.64608979225	-1420
6.64609384537	-1316
6.64612984657	-1420
6.64613294601	-328
6.64642190933	-1368
6.64650797844	-1420
6.64651083946	-1316
6.64811587334	543
6.65340685844	543
6.66830587387	543
6.70952296257	-1368
6.7578868866	-414
6.78985595703	543
6.80010199547	543
6.80041599274	543
6.80070281029	1057
6.90175080299	-543
6.98967599869	-1368
7.00999593735	543
7.04914188385	-1420
7.04915690422	-1316
7.05071496964	543
7.05346989632	-211
7.08623600006	-1368
7.08644795418	543
7.09777283669	-1368
7.10015892982	543
7.10142683983	543
7.12509179115	-1368
7.12779593468	-1368
7.12973880768	-1368
7.14142394066	-1368
7.15512990952	-1368
7.19808983803	-596
7.19870495796	543
7.19914197922	1057
7.20667982101	-543
7.30553293228	-1368
7.30554890633	-1368
7.30584383011	-586
7.30985379219	-464
7.37471580505	-1420
7.37473392487	-1316
7.37576794624	1057
7.39630198479	543
7.41130685806	543
7.4219520092	-1007
7.45387887955	543
7.4541349411	543
7.53391480446	-543
7.53453087807	543
7.62202000618	-1420
7.62203788757	-1316
7.62244081497	-1368
7.62306284904	-1420
7.62306690216	-1316
7.6231739521	-1420
7.62317681313	-1316
7.62341189384	-1368
7.63919782639	-1368
7.64594984055	-1031
7.65106701851	-1368
7.71803998947	-1420
7.71807599068	-1316
7.7180788517	-1368
7.71844387054	-1368
7.71885991096	-1368
7.73859500885	-1368
7.75177788734	-1368
7.75795483589	-857
7.77706980705	-1420
7.77708482742	-1420
7.77708888054	-1264
7.79093599319	-1368
7.79248285294	-1420
7.79250788689	-1420
7.79250979424	-1420
7.79251194	-1212
7.79251289368	-1420
7.79251480103	-1316
7.7926068306	-1368
7.79261088371	-1420
7.79261183739	-1420
7.79261398315	-1264
7.79271197319	-1368
7.79289197922	-1368
7.79323387146	543
7.79342579842	-1368
7.79344797134	543
7.79426693916	543
7.79510688782	-1368
7.79600191116	-1368
7.79709982872	-1368
7.79727602005	543
7.7979388237	-1420
7.79794502258	-1316
7.79812788963	543
7.79859495163	-1368
7.79953193665	543
7.79976582527	543
7.80623984337	-1368
7.80643081665	-1368
7.82711386681	-1368
7.84014081955	-1368
7.86973690987	-233
7.87101793289	543
7.92461180687	-543
7.96044778824	-1368
7.97334194183	-1420
7.97340798378	-1316
7.99305891991	-1368
7.99322581291	543
8.00084996223	-1420
8.00087499619	-1316
8.00101685524	-1368
8.00119900703	-1420
8.00120282173	-1316
8.00227093697	-1420
8.00227689743	-1316
8.00236582756	-1420
8.002368927	-1420
8.00237083435	-1264
8.00246191025	-1368
8.00284600258	-1368
8.00295996666	-1368
8.00316691399	-1420
8.00321292877	-1316
8.00369095802	-1368
8.00404000282	-1368
8.00410699844	543
8.00439596176	-1420
8.00439882278	-1316
8.0044939518	543
8.00521683693	-1368
8.00655293465	-1420
8.00658297539	-1316
8.00669980049	-1368
8.00681996346	-1420
8.00682401657	-1316
8.0069129467	-1368
8.0073018074	-1368
8.00775980949	-1368
8.00852799416	-1368
8.00876879692	-1368
8.00909495354	-1420
8.00913786888	-1420
8.00914001465	-1264
8.01302289963	-1368
8.01357984543	-1368
8.01391983032	-1420
8.01392483711	-1316
8.01398086548	-1368
8.01404500008	543
8.01425886154	-1420
8.01426386833	-1420
8.01430487633	-1264
8.01960396767	-1368
8.02051401138	-1420
8.02051901817	-1316
8.02104592323	-1368
8.02108597755	-1368
8.02128195763	-1368
8.02151489258	-1368
8.02203083038	-1204
8.02241683006	-1368
8.02255582809	-1368
8.02267098427	-1368
8.02299380302	-1420
8.02299785614	-1316
8.08527994156	-1420
8.08529686928	-1420
8.08535480499	-1420
8.08535790443	-1212
8.0856089592	543
8.08576893806	543
8.1125998497	-1420
8.11261796951	-1420
8.1126768589	-1264
8.112803936	-1420
8.11280679703	-1420
8.11280798912	-1264
8.11322379112	-1368
8.11357784271	-1420
8.11362195015	-1316
8.11414790154	-1420
8.11417388916	-1420
8.11417579651	-1420
8.1141769886	-1420
8.11417889595	-1160
8.11425995827	-1420
8.11426281929	-1316
8.11469984055	-1420
8.11470484734	-1420
8.11474585533	-1264
8.11481285095	543
8.11495900154	-1420
8.11496186256	-1420
8.11498093605	-1264
8.1149828434	-1368
8.1158208847	-1420
8.11582589149	-1420
8.11585092545	-1264
8.11621189117	-1420
8.11621594429	-1420
8.11621689796	-1264
8.11850690842	-1420
8.11851501465	-1420
8.11856293678	-1264
8.11856484413	-1368
8.11865592003	-1420
8.11865782738	-1316
8.11873579025	-1420
8.11873793602	-1316
8.11892390251	543
8.11927199364	-1420
8.11927700043	-1420
8.11929893494	-1264
8.11937379837	543
8.1206510067	-1420
8.12065696716	-1420
8.12069892883	-1264
8.12094497681	-1420
8.12098693848	-1420
8.12098884583	-1264
8.12099099159	-1368
8.12496495247	-1368
8.12515592575	-1420
8.12519884109	-1316
8.12573289871	-1420
8.12577390671	-1420
8.12577700615	-1264
8.12577795982	-1368
8.1260778904	-1420
8.12608194351	-1420
8.12610292435	-1264
8.12617087364	543
8.12621998787	-1420
8.12622189522	-1316
8.13293981552	-1420
8.13294696808	-1420
8.13298988342	-1420
8.13299298286	-1212
8.13316202164	-1420
8.13317394257	-1420
8.13317489624	-1264
8.13440585136	-1420
8.13442587852	-1420
8.13448381424	-1264
8.13448786736	-1420
8.13448882103	-1316
8.1344909668	-1420
8.13449192047	-1420
8.13449382782	-1264
8.13482785225	-1420
8.13485097885	-1420
8.13489198685	-1264
8.13489484787	-1368
8.13504481316	543
8.13519001007	543
8.19732189178	-1420
8.19734191895	-1420
8.1974029541	-1420
8.19740581512	-1420
8.19740700722	-1160
8.2245619297	-1420
8.22457885742	-1420
8.22464799881	-1420
8.22465085983	-1212
8.22485899925	-1420
8.22486281395	-1420
8.22486400604	-1264
8.22492480278	-1368
8.22558999062	-1420
8.22562384605	-1420
8.2256269455	-1420
8.22562789917	-1212
8.22605085373	-1420
8.22605490685	-1420
8.22605586052	-1420
8.22605681419	-1212
8.22631192207	-1420
8.22631502151	-1420
8.22631597519	-1420
8.22631788254	-1420
8.22631883621	-1160
8.2264289856	-1368
8.22662091255	-1420
8.22662687302	-1420
8.22662901878	-1420
8.22662997246	-1212
8.22700381279	-1420
8.22700786591	-1316
8.22703695297	-1368
8.22706794739	543
8.22710394859	-1368
8.22761082649	-1420
8.22763490677	-1316
8.22775197029	-1368
8.22775483131	-1420
8.22775697708	-1316
8.22807693481	-1420
8.22807979584	-1420
8.2280819416	-1264
8.22816801071	-1368
8.22821378708	543
8.22835898399	543
8.23044681549	-1420
8.2304918766	-1420
8.23053479195	-1420
8.23053693771	-1212
8.23053884506	-1420
8.23053979874	-1420
8.23054099083	-352
8.26249194145	1057
8.2631289959	543
8.263630867	543
8.26385378838	543
8.26637101173	543
8.30969882011	543
8.34233689308	-543
8.36979389191	543
8.42839884758	-1368
8.42934393883	-1368
8.42984080315	-1368
8.43031382561	-1368
8.43038201332	-1368
8.4304997921	-1420
8.43050289154	-1316
8.43096995354	-1368
8.43122601509	-1368
8.43205690384	-1368
8.4321398735	-1420
8.43214297295	-1420
8.43214392662	-1264
8.43224096298	-1368
8.4326980114	-1420
8.4327018261	-1316
8.43297386169	-1368
8.43305397034	543
8.43332099915	-1368
8.43343997002	-1420
8.43348884583	-1420
8.43349194527	-1264
8.43368291855	-1368
8.43890190125	-1368
8.44914197922	-1368
8.44939398766	-1368
8.46874189377	-1368
8.48210501671	-776
8.49004292488	543
8.49408793449	-1368
8.51621699333	-1368
8.52261090279	543
8.535353899	-1420
8.53536200523	-1316
8.57371592522	-1368
8.5940849781	-1102
8.65229892731	543
8.75254297256	-543
8.75324892998	-1368
8.77032399178	-1368
8.78315997124	-1368
8.8653318882	-1268
8.89531493187	543
8.91765499115	543
8.92790293694	-1368
8.94682979584	-1368
8.95772886276	-1368
8.98191595078	543
9.01749587059	-182
9.02088689804	543
9.02139902115	543
9.02163100243	543
9.07014083862	543
9.09509587288	543
9.09536981583	543
9.23063492775	-543
9.23910999298	-1368
9.25131392479	-1368
9.28824090958	-1368
9.28838181496	-1368
9.28933787346	-1420
9.28934192657	-1420
9.28934288025	-1264
9.28994178772	-1420
9.28994584084	-1420
9.2899479866	-1264
9.29020094872	-1420
9.29020500183	-1420
9.29020595551	-1264
9.29066801071	-1368
9.29087901115	-1420
9.29088187218	-1316
9.29101681709	-1420
9.29101991653	-1420
9.29102087021	-1264
9.29126882553	-1420
9.29127192497	-1420
9.29127383232	-1264
9.29176998138	-1420
9.29177498817	-1420
9.29177594185	-1264
9.29206085205	-1420
9.29206395149	-1316
9.29215288162	-1368
9.29550695419	543
9.2958548069	543
9.30634880066	-1368
9.33211898804	-1420
9.33217787743	-1316
9.33218097687	-1368
9.33516001701	-1368
9.34664678574	-1368
9.35076785088	-191
9.36374187469	-1368
9.36437487602	543
9.3667140007	543
9.3669359684	1057
9.46277189255	-232
9.47981882095	543
9.54603290558	-1368
9.54635190964	-1368
9.54680991173	-1368
9.54706287384	-1368
9.54771399498	-1368
9.54788279533	-1420
9.54793787003	-1316
9.54816794395	-1368
9.54838681221	-1368
9.54856491089	-1368
9.54878997803	-1420
9.54879283905	-1316
9.54893088341	-1368
9.54939699173	-1368
9.54946684837	-1368
9.549877882	-1368
9.55005598068	-1368
9.55015897751	543
9.55026984215	-1368
9.55047988892	-1420
9.55050301552	-1316
9.55054497719	-1368
9.55077600479	-1368
9.55101180077	-1368
9.55148983002	-1420
9.55149483681	-1420
9.55153489113	-1264
9.55180692673	-1420
9.55184793472	-1316
9.55217289925	-1420
9.55221486092	-1316
9.5525867939	-1368
9.5527408123	-1368
9.55278801918	-1368
9.55285000801	543
9.55348300934	-1368
9.55368685722	-1368
9.55411100388	-1368
9.55416178703	543
9.55438899994	-1368
9.55514883995	-1368
9.55585694313	-1368
9.55679678917	-1368
9.55698394775	-1368
9.55745697021	-1368
9.55762290955	-1368
9.55780100822	-1368
9.55829286575	-1420
9.55829691887	-1420
9.55834698677	-1264
9.55834889412	-1420
9.55835080147	-1316
9.5585808754	-1368
9.558770895	-1368
9.55897498131	-1368
9.56833600998	-1368
9.56874394417	-1368
9.56917285919	-1368
9.56925201416	543
9.56930589676	-1368
9.56954097748	-1368
9.56971502304	-1368
9.57000780106	-1420
9.57004880905	-1316
9.5705769062	-1368
9.5708220005	-1420
9.5708258152	-1316
9.57129597664	-1420
9.57129979134	-1420
9.57134795189	-1264
9.57202482224	-1420
9.57206702232	-1420
9.57206892967	-1264
9.57278394699	-1420
9.57278895378	-1420
9.57282781601	-1264
9.57299685478	-1368
9.5730779171	543
9.57315301895	-1368
9.57380580902	-1420
9.57384586334	-1316
9.57384800911	-1368
9.5739569664	543
9.57489180565	-1420
9.57489585876	-1420
9.57493495941	-616
9.5754199028	-1420
9.57546782494	-1316
9.57547092438	-1420
9.57547187805	-1316
9.57578086853	-1420
9.57578396797	-1316
9.57588100433	-1368
9.5764029026	-1368
9.57661390305	-1420
9.57665586472	-1316
9.57683086395	-1368
9.57723784447	-1368
9.5774269104	-1420
9.57747387886	-1316
9.5775308609	-1420
9.57754182816	-1316
9.57766985893	543
9.65828990936	-1420
9.65829586983	-1420
9.65840792656	-1264
9.66214799881	-1420
9.66219186783	-1420
9.66219496727	-1264
9.66271281242	-1420
9.66271901131	-1316
9.66289591789	-1368
9.66389298439	-1368
9.6639509201	-1368
9.66418600082	-1420
9.66422796249	-1316
9.66523790359	-1368
9.66533684731	-1368
9.66537380219	543
9.66570401192	-1420
9.66570901871	-1420
9.66577386856	-1264
9.66577601433	-1420
9.66577792168	-1316
9.66593885422	543
9.66602993011	-1368
9.66611099243	-1368
9.66645693779	-1368
9.66682600975	-1368
9.66955685616	-1420
9.66956186295	-1316
9.67011380196	-1420
9.67011880875	-1316
9.67053794861	-1368
9.67072796822	-1420
9.67076992989	-1316
9.67104387283	-1420
9.67108392715	-1316
9.67135095596	-1368
9.6728708744	-1368
9.67411994934	-1420
9.67416191101	-1420
9.67416501045	-1264
9.67976379395	-1420
9.67976880074	-1420
9.67980790138	-1264
9.67987179756	543
9.68693685532	-648
9.71256494522	543
9.71987581253	543
9.72009396553	-1368
9.75038290024	543
9.79890680313	-232
9.83529281616	-1368
9.83538889885	-1420
9.83539390564	-1316
9.83557081223	-1368
9.84615492821	543
9.84643983841	1460
9.84649896622	1139
9.84675097466	543
9.85597586632	-1368
9.87226581573	-1368
9.91099596024	-878
9.91704583168	-1420
9.91711688042	-1420
9.91712498665	-1420
9.91712784767	-1212
9.91757798195	-1420
9.91758680344	-1420
9.91758990288	-1264
9.91773200035	-1420
9.91773581505	-1316
9.91785478592	-1368
9.91793179512	543
9.91809988022	-1368
9.91847491264	-1420
9.91859197617	-1420
9.91859793663	-1264
9.91860079765	-1368
9.91886591911	-1368
9.91903996468	-1368
9.91915297508	-1368
9.91977000237	-1368
9.9198679924	-1420
9.9198718071	-1420
9.91987490654	-1264
9.91987800598	-1420
9.919921875	543
9.91999387741	-1316
9.93449687958	-1420
9.93451285362	-1316
9.9458489418	-1368
9.96732401848	-1420
9.967471838	-1420
9.96748185158	-1264
9.96748590469	-1420
9.96748900414	-1316
9.99030900002	-1368
9.9998049736	-1368
10.000043869	-1368
10.0001139641	543
10.0002439022	-1368
10.0002949238	-1368
10.000469923	-1368
10.0004739761	-1368
10.0006468296	543
10.0007829666	-1368
10.0010988712	-1368
10.0014379025	-1420
10.0014488697	-1316
10.0015358925	-1368
10.0016019344	543
10.0018918514	-1368
10.0020208359	-1368
10.0025229454	-1420
10.0025279522	-1316
10.0027298927	-1368
10.0034029484	-1420
10.0034279823	-1316
10.0034999847	-1368
10.0038228035	-1368
10.0045399666	-1420
10.0045440197	-1316
10.0046257973	-1368
10.00481987	-1368
10.0049819946	543
10.0051867962	-1368
10.0066850185	-1368
10.0068428516	-1368
10.0070428848	-1368
10.0071539879	-1368
10.0073349476	-1420
10.0073609352	-1316
10.0074729919	-1420
10.0074768066	-1316
10.0076189041	-1368
10.0076727867	-1368
10.0077269077	-1368
10.0078887939	-1420
10.0079109669	-1316
10.0080599785	-1368
10.0082759857	-1420
10.0082788467	-1316
10.0084040165	-1420
10.0084059238	-1316
10.0085778236	-1420
10.0085818768	-1316
10.0087180138	543
10.008907795	-1420
10.0089128017	-1316
10.0090329647	-1368
10.0090370178	-1368
10.0091159344	543
10.0102138519	-1368
10.0104808807	-1420
10.010504961	-1316
10.0107488632	-1368
10.0121548176	-1368
10.0124340057	-1368
10.0128409863	-1420
10.012845993	-1316
10.0129859447	-1420
10.0129909515	-1316
10.0139009953	-1368
10.0142028332	-1368
10.0145189762	-1368
10.0148019791	-1420
10.0148429871	-1316
10.0149049759	543
10.0152008533	-1368
10.0228488445	-1420
10.0228848457	-1316
10.0289459229	-1420
10.0289947987	-1420
10.0289978981	-1420
10.0289988518	-1420
10.0290009975	-1160
10.0293898582	-1420
10.0293939114	-1420
10.0294349194	-1420
10.0294368267	-1212
10.0297288895	-1420
10.0297319889	-1420
10.0297329426	-1264
10.0298647881	-1420
10.0298678875	-1316
10.0299489498	-1368
10.0301468372	-1420
10.0301499367	-1420
10.0301508904	-1264
10.0302138329	-1368
10.0302858353	543
10.030632019	-1420
10.0306367874	-1420
10.0306589603	-1264
10.0307328701	543
10.0309379101	-1420
10.0309429169	-1420
10.0309820175	-1264
10.0316298008	-1420
10.0316729546	-1420
10.0316758156	-1420
10.0316770077	-1212
10.0316779613	-1420
10.0317208767	-1420
10.0317218304	-1420
10.0317230225	-205
10.0467889309	-1368
10.0615777969	-1368
10.0616459846	-1368
10.0792758465	-1420
10.0793919563	-1420
10.0793998241	-1420
10.0794038773	-1420
10.079406023	-1420
10.079408884	-1420
10.0794107914	-1056
10.0834360123	-1368
10.1118268967	-1420
10.1118929386	-1420
10.1118969917	-1264
10.1124010086	-1420
10.1124069691	-1420
10.1124908924	-1420
10.1124939919	-1212
10.1124958992	-1420
10.1125149727	-1420
10.1125159264	-1264
10.1125178337	-1368
10.1126608849	543
10.1129918098	-1420
10.112995863	-1316
10.1130578518	-1368
10.1134409904	-1420
10.1134939194	-1420
10.1134970188	-1264
10.1138048172	-1420
10.1138079166	-1420
10.1138088703	-1264
10.113945961	543
10.11439991	-1420
10.1144058704	-1420
10.1144299507	-1420
10.1144318581	-1212
10.1145780087	543
10.1152019501	543
10.1155569553	-1420
10.1155629158	-1420
10.1155648232	-1264
10.1155660152	-1368
10.1157138348	-1420
10.1157178879	-1420
10.1157188416	-1264
10.1164319515	-1420
10.1164369583	-1316
10.1438949108	-1209
10.1480529308	543
10.1493139267	543
10.40147686	-543
10.4027369022	-1368
10.4029150009	-1420
10.4029200077	-1316
10.4033019543	-1420
10.4033079147	-1316
10.4035348892	-1368
10.4038119316	-1368
10.4043908119	-1368
10.404848814	-1420
10.4048960209	-1316
10.405217886	-1368
10.4053769112	-1368
10.4062600136	-1420
10.4063048363	-1316
10.4063079357	-1420
10.4064259529	-1420
10.4064278603	-1264
10.4065887928	-1368
10.4068357944	-1368
10.407132864	-1368
10.4072048664	543
10.4072449207	-1368
10.4073557854	543
10.4073917866	-1368
10.4075717926	-1420
10.4075767994	-1316
10.4078090191	-1368
10.4079818726	-1368
10.4084060192	-1368
10.4087069035	-1368
10.4089539051	-1368
10.4091289043	-1420
10.4091320038	-1316
10.4093558788	-1420
10.4093689919	-1316
10.4095449448	-1420
10.4095478058	-1316
10.4097368717	-1420
10.4097409248	-1316
10.4099597931	-1368
10.4102568626	-1420
10.4102599621	-1316
10.410533905	-1368
10.4107627869	-1368
10.4112758636	-1420
10.4112789631	-1316
10.4129648209	543
10.4269278049	-1368
10.4269919395	-1368
10.4271748066	-1368
10.4274280071	-1368
10.4277248383	-1368
10.4278998375	-1368
10.4280979633	-1368
10.4282808304	-1368
10.4286708832	-1368
10.4289720058	-1368
10.4291369915	-1368
10.4294610023	-1368
10.4299988747	-1420
10.4300279617	-1316
10.4302198887	-1368
10.4303128719	543
10.4303538799	-1368
10.4305958748	-1368
10.4306759834	543
10.4307668209	-1368
10.430934906	-1368
10.4311590195	-1420
10.4311628342	-1420
10.4311649799	-1264
10.4313659668	-1368
10.4315209389	-1368
10.431940794	-1368
10.4322648048	-1368
10.4324979782	-1368
10.4326808453	-1368
10.4329140186	-1420
10.4329178333	-1316
10.4331948757	-1368
10.4335830212	-1368
10.4338588715	-1368
10.4340720177	-1420
10.4340949059	-1316
10.4345338345	-1368
10.4348487854	-1368
10.4350168705	-1368
10.4351818562	-1368
10.435354948	-1420
10.4353590012	-1316
10.4354009628	-1368
10.4357888699	-1368
10.4358959198	-1368
10.4361789227	-1368
10.4363698959	-1368
10.4367418289	-1420
10.4367449284	-1316
10.4371769428	543
10.4372298717	-1368
10.4374539852	-1420
10.4374568462	-1316
10.4378199577	-1368
10.4382410049	-1368
10.4384768009	-1368
10.4386508465	-1420
10.4386548996	-1316
10.438918829	-1368
10.439319849	-1368
10.4410419464	-1368
10.4411377907	-1368
10.4412388802	543
10.4413177967	-1420
10.4413199425	-1316
10.4414157867	543
10.4419219494	-1420
10.4419269562	-1316
10.4423639774	-1368
10.4424638748	-1368
10.4426319599	-1368
10.4428219795	-1420
10.4428248405	-1316
10.4429719448	-1368
10.4432599545	-1420
10.4432628155	-1316
10.4433038235	-1368
10.443420887	-1368
10.4435968399	-1420
10.4435999393	-1316
10.4437658787	-1368
10.4439659119	-1368
10.444152832	-1368
10.444934845	543
10.4794788361	543
10.4797489643	543
10.5148818493	-1420
10.5149028301	-1420
10.5149068832	-1264
10.5150949955	-1420
10.5150969028	-1420
10.5150978565	-1264
10.5151648521	-1420
10.5151689053	-1420
10.5151698589	-1264
10.5159299374	-1420
10.5159349442	-1420
10.5159928799	-1264
10.5167028904	-1420
10.516753912	-1420
10.5167570114	-1264
10.5167589188	-1368
10.5169098377	543
10.5170638561	543
10.517154932	-1420
10.5180559158	-1420
10.5181078911	-1264
10.5181109905	-1420
10.5181128979	-1420
10.5181138515	-1264
10.5182030201	-1420
10.5182049274	-1420
10.5182058811	-1264
10.5182418823	-1368
10.5200829506	-1420
10.5200898647	-1420
10.5201900005	-1264
10.5201928616	-1420
10.5201938152	-1420
10.520195961	-1420
10.5201969147	-1212
10.5201978683	-1420
10.520198822	-1420
10.5202009678	-1420
10.5202019215	-1212
10.5202038288	-1420
10.5202059746	-1316
10.5204558372	543
10.5205478668	-1420
10.5209448338	-1420
10.5209679604	-1264
10.5209698677	-1420
10.5209720135	-1316
10.5210428238	-1420
10.5210449696	-1316
10.5211939812	-1420
10.5211968422	-1420
10.5211977959	-1264
10.5213928223	-1420
10.5213959217	-1420
10.5213968754	-1264
10.5216310024	-1420
10.5216338634	-1420
10.5216348171	-1264
10.5221138	-1420
10.5221178532	-1420
10.5221188068	-1420
10.5221199989	-1212
10.5225830078	-1368
10.5226609707	-1420
10.5226638317	-1316
10.523100853	-1420
10.5231039524	-1420
10.5231058598	-1264
10.5255730152	543
10.5257120132	543
10.5389859676	-1420
10.5389988422	-1420
10.5390589237	-1264
10.5393428802	-1420
10.5393879414	-1420
10.5393898487	-1264
10.5397658348	-1420
10.5397708416	-1420
10.5398128033	-1264
10.5398797989	543
10.5401120186	-1420
10.5401158333	-1420
10.540145874	-1264
10.5408859253	-1420
10.5409319401	-1420
10.5409348011	-1264
10.5413208008	-1420
10.5413258076	-1316
10.5415439606	-1368
10.5419018269	-1420
10.5419478416	-1420
10.5419499874	-1264
10.5424818993	-1420
10.5424869061	-1420
10.5425128937	-1264
10.5425930023	543
10.5426738262	-1420
10.5426769257	-1316
10.542757988	-1368
10.5429828167	-1420
10.5430088043	-1316
10.5430109501	-1368
10.5431108475	-1420
10.5431149006	-1316
10.543211937	543
10.5433638096	-1420
10.5433678627	-1316
10.5434269905	-1368
10.5442118645	-1420
10.5442528725	-1420
10.5442550182	-1264
10.5445659161	-1420
10.5445690155	-1420
10.5445699692	-1264
10.5447068214	-1420
10.5447099209	-1420
10.5447108746	-1264
10.5455179214	-1420
10.5455219746	-1420
10.5455229282	-1264
10.5459308624	-1420
10.5459339619	-1420
10.5459349155	-1264
10.5460448265	-1368
10.5461969376	543
10.5471198559	-1420
10.5471248627	-1420
10.5471479893	-1264
10.547151804	-1420
10.5471529961	-1316
10.54733181	-1420
10.5473349094	-1420
10.5473358631	-1264
10.5473380089	-1368
10.547713995	-1420
10.547716856	-1420
10.5477190018	-1264
10.5479857922	543
10.548032999	-1420
10.5480358601	-1420
10.5480358601	-1264
10.5485489368	-1420
10.5485548973	-1420
10.5486118793	-1264
10.5486149788	-1368
10.5487289429	543
10.5495150089	-1420
10.5495200157	-1420
10.5495808125	-1264
10.5495829582	-1368
10.5496180058	-1368
10.5500957966	-1420
10.550098896	-1420
10.5500998497	-1264
10.5504889488	-1420
10.5504918098	-1420
10.5504930019	-1264
10.5505378246	-1094
10.5511748791	-1420
10.5511779785	-1420
10.5511798859	-1264
10.5527589321	543
10.5529739857	-1420
10.5529789925	-1316
10.553000927	-1368
10.5532310009	-1420
10.5532538891	-1316
10.5536258221	-1368
10.554142952	-1368
10.55458498	-1368
10.5546488762	-1368
10.5547559261	-1420
10.5547587872	-1316
10.5549337864	-1420
10.5549368858	-1420
10.5549378395	-1264
10.555066824	-1420
10.5550699234	-1420
10.5550708771	-1264
10.5550999641	-1368
10.5552108288	-1420
10.5552139282	-1316
10.5553729534	-1368
10.5555188656	-1368
10.5558478832	-1420
10.5558509827	-1316
10.5559639931	-1420
10.5559668541	-1316
10.556126833	-1368
10.556344986	-1368
10.5573508739	-1420
10.5573549271	-1316
10.5576999187	543
10.5578877926	543
10.627120018	-1420
10.6271858215	-1420
10.6272408962	-1420
10.6272439957	-1420
10.6272449493	-1160
10.6272468567	-1420
10.6272478104	-1420
10.6272490025	-1264
10.6272509098	-1368
10.6272518635	-1420
10.6272528172	-1420
10.6272540092	-1264
10.627699852	543
10.6278820038	-1420
10.6278848648	-1420
10.6278870106	-1420
10.6278889179	-1212
10.6285328865	-1420
10.6285378933	-1420
10.6285707951	-1420
10.6285729408	-1212
10.6291339397	-1420
10.6291499138	-1420
10.6292059422	-1420
10.6292078495	-1212
10.6292099953	-1368
10.6297190189	543
10.6299078465	-1420
10.6299128532	-1316
10.6299138069	-1368
10.63002491	-1420
10.6300289631	-1316
10.630147934	-1420
10.630150795	-1316
10.6302340031	-1368
10.6305418015	543
10.6320838928	-1420
10.6320919991	-1316
10.6321368217	-1420
10.6321389675	-1316
10.6321778297	-1420
10.6321809292	-1420
10.6321818829	-1264
10.6322748661	-1420
10.6322779655	-1316
10.6324369907	-1420
10.6324408054	-1316
10.6326799393	-1420
10.6326828003	-1420
10.6326839924	-1264
10.6326858997	-1368
10.6328239441	-1420
10.6328258514	-1420
10.6328268051	-1264
10.6328859329	-1420
10.632889986	-1420
10.6328918934	-1264
10.6328928471	-1420
10.6328938007	-1316
10.6330900192	-1420
10.6330938339	-1420
10.6330959797	-1264
10.6331269741	-1420
10.6331298351	-1316
10.6331717968	-1420
10.6331739426	-1316
10.6332859993	-1420
10.6332888603	-1316
10.6334328651	-1420
10.6334350109	-1420
10.6334369183	-1264
10.633466959	-1368
10.6335690022	-1420
10.6335718632	-1316
10.6336288452	-1420
10.633630991	-1316
10.6338269711	543
10.6339199543	-1420
10.6339409351	-1420
10.6339418888	-1264
10.6339459419	-1368
10.6340529919	-1368
10.6343538761	543
10.6345498562	-1420
10.6345539093	-1316
10.6346018314	543
10.6346387863	-1420
10.6346409321	-1316
10.6350460052	-1420
10.6350498199	-1316
10.6350719929	-1368
10.6351540089	-1368
10.6510357857	-1420
10.6510548592	-1420
10.6511368752	-1420
10.6511409283	-1212
10.6511428356	-1368
10.6512248516	-1420
10.6512289047	-1420
10.6512308121	-1264
10.6517407894	-1420
10.6517457962	-1420
10.6517469883	-1420
10.6517488956	-1212
10.65209198	-1420
10.6520957947	-1420
10.6520979404	-1264
10.6520998478	-1368
10.653015852	-1420
10.6530258656	-1420
10.6530280113	-1420
10.6530299187	-1212
10.6532878876	-1420
10.653293848	-1420
10.6532959938	-1264
10.6537809372	543
10.653842926	-1420
10.6538469791	-1420
10.6538479328	-1264
10.6538498402	-1368
10.6540079117	-1368
10.6541199684	543
10.6543698311	543
10.6544418335	-1420
10.6544458866	-1420
10.6544468403	-1264
10.6545209885	-1420
10.6545238495	-1420
10.6545248032	-1264
10.654624939	-1368
10.6549098492	-1420
10.654914856	-1420
10.6549158096	-1264
10.6549179554	-1368
10.6550209522	-1420
10.6550238132	-1420
10.655025959	-1264
10.6550269127	-1368
10.6552019119	543
10.6555829048	-1420
10.6555919647	-1316
10.6556298733	-1368
10.6561048031	-1420
10.656111002	-1316
10.6561129093	-1420
10.6561148167	-1316
10.6563458443	-1368
10.656539917	-1420
10.6565458775	-1420
10.6565480232	-1264
10.6565499306	-1420
10.6565518379	-1316
10.6567008495	-1420
10.6567058563	-1420
10.6567080021	-1264
10.6574468613	-1420
10.6574549675	-1420
10.6574559212	-1420
10.6574590206	-1212
10.6578068733	-1420
10.6578118801	-1420
10.6578137875	-1264
10.6578159332	-1368
10.6591718197	-1420
10.6591858864	-1420
10.6591877937	-1264
10.6626839638	-1420
10.6626868248	-1420
10.6626880169	-1420
10.6626889706	-1420
10.6626889706	-1420
10.6626899242	-1420
10.6626908779	-1420
10.6628158092	-1420
10.662817955	-1420
10.6628189087	-1420
10.6628198624	-1420
10.662820816	-1420
10.6628220081	-1420
10.6628229618	-1420
10.6628229618	-1420
10.6628248692	-1420
10.6628258228	-1420
10.6628258228	-1420
10.6628270149	-1420
10.6628279686	-1420
10.6628289223	-1420
10.6628298759	-1420
10.6628298759	-1420
10.6628417969	-1420
10.662842989	-1420
10.6628439426	-1420
10.66284585	-16
10.6629610062	-232
10.6709318161	543
10.6715888977	543
10.6720759869	543
10.6723809242	543
10.6725649834	543
10.6847999096	-1420
10.6848158836	-1420
10.6848189831	-1264
10.6851379871	-1420
10.6851508617	-1420
10.6851918697	-1264
10.6857719421	-1420
10.68582201	-1420
10.6858248711	-1264
10.6861798763	-1420
10.6861839294	-1316
10.686455965	-1420
10.6866128445	-1420
10.6866438389	-1264
10.6866459846	-1368
10.6867640018	543
10.687073946	-1420
10.6870779991	-1316
10.6871910095	-1368
10.6875100136	-1420
10.6875519753	-1420
10.6875548363	-1264
10.6880400181	-1420
10.6880447865	-1420
10.6880857944	-1264
10.6883308887	-1420
10.6883628368	-1420
10.6883659363	-1264
10.6891589165	-1420
10.6891639233	-1420
10.6892049313	-1264
10.6894419193	-1420
10.6894459724	-1420
10.6894469261	-1264
10.6952469349	-1420
10.6952559948	-1420
10.6952939034	-1264
10.69541502	543
10.6956849098	-1420
10.6956899166	-1316
10.696354866	-1420
10.6963589191	-1420
10.6963980198	-1264
10.6964559555	543
10.6968889236	-1420
10.6968939304	-1420
10.6968958378	-1264
10.7389369011	-1420
10.7389528751	-1420
10.7390239239	-1420
10.7390348911	-1420
10.7390367985	-1420
10.7390379906	-1420
10.7390389442	-1056
10.7390398979	-1420
10.7390408516	-1420
10.7390418053	-1264
10.739043951	-1420
10.7390449047	-1316
10.7391579151	-1420
10.7391610146	-1420
10.7391629219	-1264
10.7394177914	543
10.7397489548	-1368
10.7400770187	-1420
10.7401227951	-1420
10.7401258945	-1420
10.7401268482	-1212
10.740434885	-1420
10.7404398918	-1420
10.740489006	-1264
10.7404909134	-1420
10.7404918671	-1316
10.7409830093	-1420
10.7409880161	-1420
10.7410299778	-1264
10.7410678864	-1420
10.7410697937	-1316
10.7419919968	-1420
10.742005825	-1420
10.7420589924	-1264
10.7420608997	-1368
10.7420618534	-1420
10.7421789169	-1420
10.7421808243	-1264
10.7421820164	-1420
10.7421858311	-1420
10.7423779964	-1264
10.7423818111	-1420
10.7423830032	-1316
10.7427449226	543
10.7439618111	-1420
10.7439658642	-1420
10.7440078259	-1420
10.7440109253	-1212
10.7441108227	-1420
10.7441139221	-1420
10.7441148758	-1264
10.7443029881	-1420
10.7443068027	-1420
10.7443079948	-1264
10.7444038391	-1420
10.7444069386	-1316
10.7445278168	-1420
10.7445309162	-1316
10.744576931	-1420
10.7445788383	-1316
10.744661808	-1420
10.7446649075	-1316
10.7447128296	-1420
10.744715929	-1316
10.7448358536	-1368
10.7449419498	-1420
10.7449448109	-1316
10.7450590134	-1420
10.7450618744	-1420
10.7450628281	-1264
10.7451069355	-1420
10.7451097965	-1316
10.7456169128	-1420
10.745620966	-1420
10.7456228733	-1420
10.745623827	-1420
10.7456250191	-1420
10.7456259727	-1420
10.7456269264	-1420
10.7456278801	-1004
10.7456920147	-1420
10.7456948757	-1420
10.7456958294	-1264
10.7457809448	-1420
10.7457828522	-1420
10.7457838058	-1264
10.7459349632	-1420
10.7459390163	-1420
10.74593997	-1264
10.7460269928	-1420
10.7460308075	-1420
10.7460567951	-1420
10.7460598946	-1212
10.7460608482	-1420
10.7460618019	-1420
10.746062994	-1264
10.7460639477	-1368
10.7462379932	543
10.7463059425	-1420
10.7463078499	-1420
10.7463088036	-1264
10.7463099957	-1420
10.7463109493	-1316
10.7463829517	-1420
10.7463848591	-1420
10.7463858128	-1264
10.7465248108	-1420
10.7465288639	-1420
10.7465298176	-1264
10.7466239929	-1420
10.7466259003	-1316
10.7466988564	543
10.7470149994	543
10.7471539974	543
10.7474269867	543
10.74761796	543
10.7839570045	-1136
10.7840988636	543
10.7850799561	-1420
10.7850840092	-1420
10.7850868702	-1264
10.7855739594	-1420
10.7855789661	-1420
10.7856199741	-1264
10.7859148979	-1420
10.785918951	-1316
10.78627491	-1368
10.7866859436	-1368
10.7867269516	-1420
10.7867298126	-1316
10.7869968414	-1420
10.7870008945	-1316
10.7874338627	-1368
10.7874369621	-1420
10.7875859737	-1420
10.7875878811	-1264
10.787706852	-1420
10.7877099514	-1316
10.7878289223	-1368
10.7879889011	543
10.7883369923	-1420
10.7883419991	-1420
10.7883849144	-1264
10.7883880138	-1420
10.7883889675	-1420
10.7883899212	-1264
10.7887489796	-1420
10.7887539864	-1420
10.78875494	-1264
10.7891049385	-1420
10.7891099453	-1420
10.789110899	-1264
10.7892279625	-1368
10.7908039093	-1420
10.7908070087	-1316
10.7916398048	-1420
10.7916429043	-1316
10.7920138836	-1420
10.792016983	-1316
10.7927718163	-1420
10.7927758694	-1420
10.7927780151	-1264
10.7929739952	543
10.7931318283	543
10.7932109833	-1420
10.7933428288	-1420
10.793366909	-1264
10.793599844	-1420
10.7936038971	-1316
10.7938878536	-1420
10.7938919067	-1420
10.7938928604	-1264
10.7943270206	-1420
10.7943329811	-1420
10.7943339348	-1264
10.7947039604	-1420
10.7947089672	-1420
10.7947099209	-1264
10.7948257923	-1368
10.7950239182	-1420
10.7950289249	-1420
10.7950298786	-1264
10.7954227924	-1368
10.7955389023	543
10.7956199646	-1420
10.7956218719	-1316
10.7960109711	-1420
10.7960147858	-1420
10.7960548401	-1264
10.797410965	-1420
10.797454834	-1420
10.7974588871	-1264
10.8028838634	-1420
10.802891016	-1420
10.8029317856	-1264
10.8029990196	543
10.8039388657	-1420
10.8039429188	-1316
10.8045368195	-1368
10.8046548367	543
10.8053088188	-1420
10.8053119183	-1420
10.8053138256	-1264
10.8061449528	-1420
10.8061499596	-1420
10.8061909676	-1264
10.8062939644	-1420
10.8063359261	-1420
10.8063378334	-1264
10.806566	-1368
10.8066518307	-1420
10.8066749573	-1316
10.8070578575	-1420
10.8070979118	-1420
10.8071010113	-1264
10.8073987961	-1420
10.8074028492	-1420
10.8074038029	-1264
10.8076198101	543
10.8077039719	-1420
10.8077058792	-1420
10.80772686	-1264
10.8077619076	-1368
10.8082118034	-1420
10.8082168102	-1316
10.8083348274	-1368
10.8085238934	-1420
10.80854702	-1316
10.8089418411	-1420
10.8089828491	-1420
10.8089859486	-1264
10.8090569973	-1368
10.8092739582	-1420
10.8092758656	-1316
10.8185758591	-1420
10.8185839653	-1420
10.8186278343	-1264
10.8186299801	-1368
10.8188729286	-1368
10.8193278313	543
10.8195738792	-1420
10.819578886	-1420
10.8195807934	-1264
10.8196909428	543
10.8200728893	-1420
10.8200769424	-1420
10.820098877	-1264
10.8202269077	-1420
10.8202309608	-1420
10.8202319145	-1264
10.8205399513	-1420
10.8205449581	-1420
10.8205659389	-1264
10.8212609291	-1420
10.8212838173	-1316
10.8213758469	-1420
10.8213789463	-1316
10.8218159676	-1420
10.8218188286	-1420
10.8218209743	-1264
10.8227198124	-1420
10.8227248192	-1316
10.8227648735	-1368
10.8229389191	-1420
10.8229429722	-1420
10.8229439259	-1264
10.8229758739	-1420
10.8229780197	-1316
10.8232769966	-1420
10.8232820034	-1316
10.8233687878	-1368
10.8235449791	-1420
10.8235487938	-1420
10.8235499859	-1264
10.8236889839	-1368
10.8239238262	-1368
10.8323328495	543
10.832887888	543
10.8464028835	543
10.8471198082	1057
10.8475158215	1057
10.8507649899	-1420
10.8507728577	-1420
10.8507750034	-1264
10.8508889675	-1420
10.8508908749	-1420
10.8508918285	-1420
10.8508930206	-1212
10.8508939743	-1368
10.8509669304	-1420
10.8509688377	-1420
10.8509697914	-1264
10.851099968	-1420
10.8512029648	-1420
10.8512058258	-1264
10.8512070179	-1420
10.8512079716	-1316
10.8513019085	-1420
10.8513038158	-1420
10.8513050079	-1420
10.8513059616	-1212
10.8513929844	543
10.852096796	-1420
10.8521039486	-1420
10.8521440029	-1264
10.8521468639	-1368
10.8522238731	-1420
10.8522279263	-1316
10.8524959087	-1420
10.8524990082	-1420
10.8524999619	-1264
10.8526878357	-1368
10.8526899815	-1420
10.8526909351	-1420
10.8526918888	-1264
10.8529839516	-1420
10.8529880047	-1420
10.8529889584	-1264
10.8531029224	-1420
10.8531048298	-1420
10.8531060219	-1264
10.8531849384	-1368
10.8538358212	-1420
10.8538959026	-1420
10.8538990021	-1264
10.8538999557	-1368
10.8543829918	-1420
10.8543858528	-1420
10.8543879986	-1264
10.8544340134	-1420
10.8544359207	-1420
10.8544378281	-1264
10.8544819355	-1420
10.8544847965	-1420
10.8544859886	-1264
10.8546338081	-1368
10.8546369076	-1420
10.8546378613	-1316
10.8562419415	543
10.8562970161	-1420
10.8562998772	-1420
10.8563008308	-1264
10.8563349247	-1368
10.8564739227	-1420
10.8564779758	-1420
10.8564789295	-1264
10.8564798832	-1420
10.8564808369	-1316
10.8566567898	-1420
10.8566608429	-1420
10.8566617966	-1264
10.8566629887	-1368
10.8567669392	-1420
10.8567709923	-1420
10.856771946	-1264
10.8569078445	-1420
10.8569118977	-1316
10.8580539227	-1420
10.8580589294	-1420
10.8581008911	-1264
10.8712818623	-1420
10.8713328838	-1316
10.8928239346	-1368
10.8930408955	543
10.893299818	-1420
10.8933138847	-1316
10.8933157921	-1420
10.8933169842	-1316
10.8939578533	-1420
10.8939628601	-1420
10.8940048218	-1264
10.8942799568	-1420
10.8943309784	-1316
10.8943338394	-1368
10.8949108124	-1420
10.8949158192	-1420
10.8949568272	-1264
10.8950679302	-1420
10.8950707912	-1420
10.895072937	-1264
10.8957479	-1420
10.8957529068	-1420
10.8957948685	-1264
10.8961319923	-1420
10.89615798	-1316
10.8965768814	-1420
10.8966338634	-1420
10.8966369629	-1264
10.8966879845	-1368
10.8968708515	-1420
10.8968749046	-1420
10.8968758583	-1264
10.896876812	-51
10.8975088596	-1420
10.8975148201	-1420
10.8975598812	-1264
10.905605793	-1420
10.9056358337	-1316
10.9063818455	-1368
10.9068229198	-1420
10.9068279266	-1420
10.9068288803	-1264
10.9076189995	-1420
10.9076240063	-1420
10.9076638222	-1264
10.907741785	-1420
10.9077448845	-1316
10.907779932	-1368
10.9079389572	543
10.9080059528	-1420
10.9080078602	-1420
10.9080088139	-1264
10.9081268311	-1368
10.9083139896	-1420
10.9083168507	-1316
10.908370018	-1368
10.9086828232	-1420
10.9086868763	-1420
10.9086890221	-1264
10.9089779854	-1420
10.9089829922	-1420
10.9090309143	-1264
10.9090328217	-1420
10.9090349674	-1420
10.9090359211	-1264
10.9091889858	-1420
10.9091928005	-1316
10.9092819691	-1368
10.9094188213	-1420
10.9094610214	-1420
10.9094629288	-1264
10.9096019268	-1368
10.9098088741	-1420
10.9098320007	-1316
10.9099309444	-1420
10.9099509716	-1316
10.9101798534	-1420
10.9102208614	-1420
10.9102239609	-1264
10.9165148735	-1368
10.9168448448	-1420
10.9168729782	-1316
10.9171319008	-1368
10.9174928665	-1420
10.9174969196	-1316
10.9175798893	-1368
10.9177298546	543
10.917881012	-1368
10.9179298878	-1420
10.9179329872	-1316
10.9186749458	-1420
10.9186799526	-1420
10.9187238216	-1264
10.9188029766	543
10.9193389416	-1420
10.9193439484	-1420
10.9193840027	-1264
10.9198069572	-1368
10.919962883	-1420
10.9199669361	-1316
10.9205667973	-1420
10.9205708504	-1420
10.9206218719	-1264
10.9213008881	-1420
10.9213438034	-1420
10.9213469028	-1264
10.9216108322	-1420
10.9216148853	-1420
10.921653986	-1264
10.9221858978	-1368
10.9221889973	-1420
10.9221899509	-1316
10.9224648476	-1420
10.922470808	-1420
10.9225349426	-1264
10.92253685	-1368
10.9321489334	-1420
10.9321608543	-1420
10.9321990013	-1264
10.949878931	-1420
10.949944973	-1420
10.9499499798	-1264
10.9512498379	-1420
10.9512548447	-1316
10.9513099194	-1368
10.9514420033	-1420
10.9514458179	-1316
10.9515399933	-1420
10.9515419006	-1420
10.9515428543	-1264
10.951543808	-1420
10.9516057968	-1316
10.9517009258	-1420
10.9517028332	-1316
10.9518918991	-1420
10.9518949986	-1420
10.9518959522	-1264
10.9524998665	-1420
10.9525098801	-1420
10.9525117874	-1264
10.9527997971	-1420
10.9528028965	-1420
10.9528048038	-1264
10.953166008	-1420
10.953168869	-1316
10.953360796	-1368
10.9535238743	-1420
10.9535269737	-1420
10.9535288811	-1264
10.9537398815	-1420
10.953742981	-1316
10.9542758465	-1368
10.9542798996	-1420
10.9542808533	-1420
10.9542818069	-1264
10.9545879364	-1420
10.9545919895	-1316
10.9546928406	-1420
10.95469594	-1316
10.9696688652	1057
10.9700248241	-1420
10.970033884	-1420
10.9700348377	-1420
10.9700357914	-1420
10.9700379372	-1420
10.9700388908	-1420
10.9700398445	-1420
10.9700407982	-1420
10.9700419903	-1420
10.970042944	-1420
10.9700448513	-1420
10.970045805	-1420
10.9700469971	-1420
10.9700479507	-1420
10.9700489044	-1420
10.9700498581	-1420
10.9700648785	-1420
10.9700679779	-1420
10.9700689316	-1420
10.9700698853	-1420
10.9700708389	-1420
10.9700717926	-1420
10.9700729847	-1420
10.9700739384	-1420
10.970074892	-1420
10.9700758457	-1420
10.9700767994	-1420
10.9700779915	-1420
10.9700798988	-1420
10.9700808525	-1420
10.970083952	-1420
10.9700849056	-1420
10.9700968266	-1420
10.9700989723	-1420
10.9701008797	-1420
10.9701018333	-1420
10.970102787	-1420
10.9701068401	-812
10.9713299274	-1420
10.9713349342	-1420
10.9713358879	-1420
10.9713377953	-1420
10.9713478088	-1420
10.9713499546	-1420
10.9713509083	-1420
10.971351862	-1420
10.9713528156	-952
10.9715809822	-1420
10.9715847969	-1420
10.971585989	-1264
10.9717049599	-1368
10.9719188213	-1420
10.9719619751	-1316
10.9721620083	543
10.9723408222	543
10.9725799561	-1420
10.9725840092	-1420
10.9725849628	-1264
10.9727489948	543
10.9727928638	-1368
10.972878933	-1420
10.9728808403	-1316
10.9731209278	-1420
10.9731237888	-1316
10.9732038975	-1368
10.9735000134	-1368
10.9738068581	-1420
10.9738190174	-1316
10.9739978313	-1368
10.9749879837	543
10.9752018452	543
10.9757897854	543
10.9802789688	-1420
10.9803028107	-1420
10.980342865	-1264
10.9806759357	-1420
10.9806799889	-1316
10.9878249168	-1420
10.9878330231	-1420
10.9878737926	-1264
10.9880487919	543
10.9981019497	-1420
10.9981269836	-1316
10.9992239475	-1420
10.999229908	-1420
10.9992759228	-1264
10.9993679523	543
11.0002260208	-1420
11.000235796	-1420
11.0003428459	-1264
11.0003550053	-1420
11.0003569126	-1316
11.0004220009	-1368
11.0007259846	-1420
11.0007297993	-1316
11.0010929108	-1420
11.0010979176	-1316
11.001199007	-1368
11.0014488697	-1420
11.0014798641	-1420
11.0014829636	-1264
11.0018708706	-1420
11.00187397	-1420
11.0018758774	-1264
11.002245903	-1420
11.0022490025	-1420
11.0022499561	-1264
11.002655983	-1420
11.002658844	-1316
11.0026609898	-1368
11.0029928684	-1420
11.0029959679	-1420
11.0029978752	-1264
11.0034618378	-1420
11.0034649372	-1420
11.0034658909	-1264
11.0049328804	543
11.0092978477	-775
11.0099859238	-1420
11.0100619793	-1420
11.0100739002	-1264
11.0215079784	-1420
11.0215318203	-1316
11.0336518288	-1368
11.0337669849	543
11.037763834	-1368
11.0380527973	-1420
11.0380599499	-1316
11.038394928	-1420
11.0384068489	-1420
11.0384089947	-1264
11.0387129784	-1368
11.0393087864	-1420
11.0393218994	-1420
11.0393238068	-1264
11.039760828	-1420
11.0397648811	-1420
11.0397658348	-1264
11.0399079323	-1420
11.0399098396	-1420
11.0399107933	-1264
11.0403130054	-1420
11.0403258801	-1420
11.0403277874	-1264
11.0405008793	543
11.0408740044	-1420
11.0408778191	-1420
11.0408799648	-1264
11.0412788391	-1420
11.0412838459	-1420
11.0412847996	-1264
11.0536189079	-1420
11.0536339283	-1420
11.0536999702	-1264
11.0866978168	543
11.0907578468	543
11.0912048817	1057
11.0940868855	-1420
11.0940988064	-1420
11.0941100121	-1264
11.094689846	543
11.1214668751	-1140
11.1217489243	-1420
11.121753931	-1316
11.1220338345	543
11.1222789288	-1420
11.1222918034	-1420
11.1223638058	-1264
11.1223750114	-1420
11.1223769188	-1316
11.1229789257	-1420
11.1229808331	-1420
11.1229817867	-1264
11.1231470108	-1420
11.1231520176	-1420
11.1231529713	-1264
11.1232919693	543
11.1235268116	-1420
11.1235308647	-1420
11.1235618591	-1264
11.1239359379	-1420
11.123980999	-1420
11.12398386	-1264
11.1243228912	-1420
11.1243259907	-1420
11.124327898	-1264
11.1249599457	-1420
11.1249639988	-1420
11.1249649525	-1264
11.1253099442	-1420
11.1253139973	-1316
11.1253569126	-1368
11.1254827976	-1368
11.1255319118	-1368
11.1256468296	-1420
11.125649929	-1316
11.1259038448	-1420
11.1259078979	-1420
11.1259088516	-1264
11.1263840199	-1420
11.1263868809	-1316
11.126516819	-1420
11.1265199184	-1316
11.1265478134	-1368
11.1269218922	-1368
11.1271078587	-1420
11.1271109581	-1420
11.1271128654	-1264
11.1287999153	-1420
11.1288039684	-1316
11.1289517879	543
11.1290318966	-1420
11.1290359497	-1420
11.1290369034	-1264
11.1290400028	-1368
11.1296248436	543
11.129835844	543
11.1343739033	-1420
11.1343920231	-1316
11.1396439075	-1368
11.1405618191	-1420
11.1406040192	-1420
11.1406068802	-1264
11.1410160065	-1368
11.1411209106	543
11.1417579651	-1420
11.1417629719	-1316
11.142441988	-1420
11.1424479485	-1420
11.1425068378	-1264
11.1428189278	-1420
11.1428790092	-1316
11.1428809166	-1368
11.1440148354	-1420
11.1440207958	-1316
11.1445839405	-1368
11.1445889473	-1420
11.1446428299	-1420
11.1446459293	-1264
11.1453738213	-1420
11.145378828	-1420
11.1454019547	-1264
11.1460719109	-1420
11.1460938454	-1420
11.1460969448	-1264
11.1467897892	-1420
11.1467959881	-1420
11.1468369961	-1264
11.1469140053	543
11.1474289894	-1420
11.1474349499	-1420
11.1474568844	-1264
11.1483089924	-1420
11.1483747959	-1420
11.1483778954	-1264
11.1485300064	543
11.1488819122	-1420
11.1488850117	-1316
11.1489198208	-1368
11.1552608013	-1420
11.1552708149	-1420
11.1552968025	-1420
11.155299902	-1212
11.1557509899	-1368
11.1559150219	-1368
11.1559958458	543
11.1562929153	-1420
11.1562969685	-1420
11.1562979221	-1264
11.157269001	-1420
11.1572740078	-1316
11.1573619843	-1368
11.1581189632	-1420
11.1581618786	-1316
11.1582508087	-1420
11.1582918167	-1316
11.1589829922	-1420
11.1590249538	-1316
11.159126997	-1368
11.1595799923	-1420
11.159583807	-1316
11.1597177982	-1368
11.1614668369	-1420
11.1615149975	-1420
11.1615188122	-1264
11.1618440151	-1420
11.1618478298	-1420
11.1618499756	-1264
11.1620399952	543
11.1621878147	-1420
11.1621918678	-1420
11.1621928215	-1264
11.1630039215	-1420
11.1630089283	-1420
11.1630308628	-1264
11.1631219387	543
11.1640539169	-1420
11.1640570164	-1420
11.16405797	-1264
11.1643178463	-1420
11.1643218994	-1316
11.1809709072	-1368
11.1811008453	-1368
11.1816539764	-1420
11.1816589832	-1316
11.1822779179	-1368
11.1823549271	543
11.1833319664	-1420
11.1833369732	-1316
11.1840000153	-1420
11.18400383	-1420
11.1840438843	-1264
11.2076458931	-1420
11.2077159882	-1420
11.2077188492	-1264
11.2077209949	-1368
11.2333598137	-308
11.2437849045	-1420
11.2438428402	-1316
11.2558219433	-1420
11.2558917999	-1420
11.2558968067	-1264
11.2843108177	-1420
11.2843267918	-1420
11.2843840122	-1420
11.2843868732	-1420
11.2843878269	-1160
11.2846210003	543
11.3092830181	-1420
11.3092978001	-1316
11.3094029427	-1420
11.3094058037	-1316
11.3226509094	-1420
11.3226649761	-1420
11.322701931	-1264
11.3230199814	-1420
11.3230628967	-1420
11.3230648041	-1420
11.3230669498	-1212
11.3231878281	543
11.3234159946	-1420
11.3234198093	-1420
11.32345891	-1264
11.3350977898	-1420
11.3351538181	-1420
11.3351578712	-1264
11.3351588249	-1420
11.3351609707	-1420
11.3351619244	-1264
11.3354628086	-1420
11.3354659081	-1316
11.3356199265	543
11.336124897	-1420
11.3361299038	-1420
11.3361899853	-1420
11.3361918926	-1212
11.3361938	-1368
11.3365228176	-1420
11.3365268707	-1316
11.3453769684	-974
11.3464848995	-1420
11.3465378284	-1316
11.3467228413	-1368
11.3469958305	-1368
11.3474028111	-1368
11.3475339413	-1368
11.3478398323	-1368
11.3480370045	-1368
11.3481178284	-1368
11.3484079838	-1368
11.3486959934	-1420
11.3487379551	-1316
11.3490278721	-1368
11.3493998051	-1368
11.3496949673	-1368
11.3497779369	543
11.3499789238	-1420
11.3499820232	-1316
11.3501098156	543
11.3502619267	-1368
11.3503448963	-1368
11.3508119583	-1368
11.3514018059	-1420
11.351444006	-1316
11.3515329361	-1368
11.3518218994	-1420
11.3518259525	-1316
11.352175951	-1368
11.3526480198	-1420
11.3526899815	-1316
11.3528699875	-1368
11.3533878326	-1368
11.3534808159	-1368
11.3538858891	-1420
11.3538899422	-1316
11.3540539742	-1368
11.3541078568	543
11.3542428017	-1368
11.3591578007	-1368
11.359318018	-1368
11.3595089912	-1420
11.3595528603	-1316
11.3596448898	-1420
11.3596479893	-1316
11.3598518372	-1368
11.3599998951	-1368
11.3601779938	-1368
11.3603827953	-1368
11.3604569435	-1420
11.3604598045	-1316
11.3607468605	-1420
11.3607518673	-1316
11.3610618114	-1420
11.3610668182	-1316
11.3613948822	-1420
11.3613989353	-1316
11.3615479469	-1368
11.3615739346	543
11.3617968559	-1368
11.3618569374	543
11.3621888161	-1420
11.3621928692	-1316
11.3623700142	-1368
11.3626639843	-1368
11.3629360199	-1368
11.3636798859	-1368
11.3639409542	-1368
11.3642318249	-1368
11.3645818233	-1368
11.3647398949	-1368
11.3651518822	-1420
11.365156889	-1316
11.3659210205	-1368
11.366027832	-1368
11.3666269779	-1368
11.3667359352	-1368
11.3673779964	-1368
11.3674559593	-1368
11.3675398827	543
11.367980957	-1368
11.3681538105	-1368
11.37180686	-1368
11.3720109463	-1368
11.3722529411	-1368
11.3726258278	-1368
11.3728978634	-1420
11.3729009628	-1316
11.3733229637	-1368
11.3740069866	-1368
11.3743100166	-1368
11.3744628429	-1420
11.3744659424	-1316
11.3752708435	-1420
11.3752739429	-1420
11.3752748966	-1264
11.3758738041	-1420
11.3758769035	-1420
11.3758778572	-1264
11.3762857914	-1420
11.3762888908	-1420
11.3762907982	-1264
11.3762919903	-1420
11.376292944	-1420
11.3762938976	-1264
11.377614975	-1420
11.3776187897	-1420
11.3776209354	-1264
11.3783679008	543
11.3785078526	543
11.3786838055	-1420
11.3786869049	-1420
11.3786888123	-1264
11.3791098595	-1420
11.3791158199	-1420
11.3791408539	-1264
11.3797979355	-1368
11.3799748421	-1420
11.3799788952	-1316
11.3807938099	-1420
11.3807988167	-1420
11.3808000088	-1264
11.3833899498	543
11.3846619129	-1420
11.3846688271	-1420
11.3846719265	-1264
11.3853018284	-1420
11.3853058815	-1420
11.3853068352	-1264
11.3854827881	-1420
11.3854849339	-1316
11.3855919838	-1368
11.3865048885	-1368
11.3867239952	-1420
11.3867268562	-1316
11.3873009682	-1420
11.3873050213	-1420
11.3873069286	-1264
11.3881809711	-1420
11.3881847858	-1420
11.3881859779	-1264
11.3887839317	-1420
11.3887879848	-1420
11.3887898922	-1264
11.3895149231	543
11.3897209167	-1420
11.3897259235	-1420
11.3897669315	-1264
11.3900279999	-1420
11.3900318146	-1420
11.3900330067	-1264
11.3912408352	-1420
11.391245842	-1420
11.3912479877	-1264
11.3925788403	-1420
11.3925828934	-1420
11.3925848007	-1264
11.3930518627	-1420
11.3930568695	-1420
11.3930578232	-1264
11.3938558102	-1420
11.393860817	-1420
11.393862009	-1264
11.394974947	-1420
11.3949799538	-1420
11.3949809074	-1264
11.3977909088	-1420
11.397799015	-1420
11.3978009224	-1264
11.3978338242	543
11.3980908394	543
11.3982989788	-1420
11.3983018398	-1316
11.3983039856	-1368
11.3992369175	-1420
11.3992409706	-1420
11.399242878	-1264
11.3997428417	-1420
11.3997468948	-1420
11.3997478485	-1264
11.3998708725	-1420
11.3998739719	-1420
11.3998749256	-1264
11.4009048939	-1420
11.400924921	-1420
11.4009289742	-1264
11.4011919498	-1420
11.401196003	-1420
11.4011979103	-1264
11.4017448425	-1420
11.4017498493	-1420
11.4017519951	-1264
11.4024689198	-1420
11.4024739265	-1420
11.4024748802	-1264
11.4043879509	-1420
11.4043939114	-1420
11.404394865	-1264
11.4185810089	-1420
11.418587923	-1420
11.4186358452	-1420
11.418637991	-1420
11.4186429977	-1420
11.4186439514	-1420
11.4186449051	-1420
11.4186458588	-1420
11.4186468124	-1420
11.4186480045	-1420
11.4186489582	-1420
11.4186499119	-1420
11.4186518192	-1420
11.4186530113	-1420
11.418653965	-1420
11.4186549187	-1420
11.4186668396	-1420
11.4186689854	-484
11.4200248718	1057
11.4206328392	543
11.4218709469	-1420
11.421877861	-1316
11.4572918415	-814
11.4574828148	543
11.4811449051	1460
11.4812169075	111
11.5135087967	-1368
11.5136778355	-1420
11.5136828423	-1316
11.5141379833	-1420
11.5141429901	-1420
11.5141839981	-1264
11.5143020153	543
11.5144958496	-1420
11.5145058632	-1420
11.5145459175	-1264
11.5149948597	-1420
11.5150380135	-1420
11.5150408745	-1420
11.5150418282	-1212
11.5232338905	-1420
11.5232508183	-1316
11.5279119015	-1368
11.5286779404	-1420
11.5287089348	-1420
11.5287117958	-1264
11.5290138721	-1420
11.5290188789	-1420
11.5290398598	-1264
11.5291039944	543
11.529253006	-1420
11.5292580128	-1316
11.5295398235	-1368
11.5302448273	-1420
11.5302679539	-1420
11.5302708149	-1264
11.5304498672	-1368
11.5305500031	-1368
11.5308468342	-1420
11.530851841	-1420
11.5308949947	-1264
11.5314559937	-1420
11.5314788818	-1316
11.531583786	-1420
11.5315868855	-1316
11.5413370132	-1420
11.5413508415	-1420
11.5414068699	-1264
11.5423049927	-1420
11.5423529148	-1420
11.5423560143	-1264
11.5424828529	543
11.542650938	543
11.543325901	-1420
11.5433309078	-1420
11.5433328152	-1264
11.5435109138	-1420
11.5435159206	-1316
11.5436339378	-1368
11.5437948704	-1420
11.543817997	-1420
11.5438199043	-1264
11.5439949036	-1420
11.5439989567	-1316
11.5441308022	-1368
11.5443508625	-1420
11.544372797	-1316
11.5447587967	-1420
11.544798851	-1420
11.5448019505	-1264
11.5448489189	-1368
11.5450408459	-1420
11.5450439453	-1420
11.5450458527	-1264
11.5450778008	-1368
11.5451710224	-1420
11.5451757908	-1316
11.5453429222	-1420
11.5453469753	-1420
11.545347929	-1264
11.54555583	543
11.5455899239	-1368
11.5457618237	-1420
11.5457649231	-1316
11.5475649834	-1368
11.5481569767	-1420
11.5481979847	-1316
11.5488288403	-1420
11.5488708019	-1420
11.5488739014	-1264
11.5489778519	543
11.549505949	-1420
11.5495100021	-1420
11.5495109558	-1264
11.5496349335	543
11.5502438545	-1420
11.5502479076	-1420
11.5502870083	-1264
11.5502889156	-1368
11.5508229733	-1420
11.55082798	-1316
11.5532169342	-1420
11.553221941	-1420
11.5532608032	-1264
11.5532639027	-1368
11.55326581	-1420
11.5532670021	-1316
11.5533850193	-1420
11.5533878803	-1316
11.5540449619	-1420
11.554049015	-1316
11.5541489124	-1420
11.5541520119	-1420
11.5541529655	-1264
11.5544319153	543
11.5545217991	-1420
11.5545248985	-1316
11.5545809269	-1368
11.5551137924	-1420
11.5551400185	-1420
11.5551428795	-1264
11.5557219982	-1420
11.555727005	-1420
11.5557658672	-1264
11.5558288097	-1420
11.5558319092	-1420
11.5558328629	-1264
11.5692818165	-307
11.5817220211	-1368
11.6045157909	-1420
11.6045329571	-1420
11.6045348644	-1264
11.6047568321	-1420
11.6047599316	-1420
11.6047618389	-1264
11.6048657894	543
11.6050319672	-1420
11.6050338745	-1316
11.6052749157	543
11.6060438156	-1420
11.6060488224	-1420
11.6060709953	-1264
11.6062138081	-1420
11.6062178612	-1420
11.6062188148	-1264
11.6063878536	-1420
11.6063909531	-1316
11.6064929962	-1368
11.606762886	-1420
11.6068139076	-1420
11.6068170071	-1264
11.6069338322	543
11.6070477962	-1420
11.6070518494	-1420
11.6070539951	-1264
11.6076169014	-1420
11.6076219082	-1420
11.6076619625	-1264
11.60815382	-1420
11.6081998348	-1420
11.6082019806	-1264
11.6086018085	-1420
11.6086039543	-1420
11.608604908	-1264
11.6220879555	-1420
11.6221039295	-1420
11.6221878529	-1264
11.6235308647	-1420
11.6235749722	-1420
11.6235778332	-1420
11.6235787868	-1212
11.62377882	543
11.6242117882	-1420
11.6242158413	-1316
11.6242818832	-1420
11.6242837906	-1420
11.624368906	-1264
11.6244399548	543
11.6246759892	-1368
11.6250119209	-1420
11.6250538826	-1420
11.6250557899	-1264
11.6253869534	-1420
11.6253919601	-1316
11.6369609833	-1420
11.6369760036	-1420
11.6370329857	-1264
11.6406178474	-1368
11.6418700218	-1420
11.6418747902	-1420
11.6418759823	-1264
11.6467468739	-1368
11.6470348835	-1420
11.647056818	-1316
11.6477189064	543
11.6481947899	-1420
11.6481997967	-1420
11.6482429504	-1264
11.6486859322	-1420
11.6487109661	-1420
11.6487138271	-1264
11.6492238045	-1420
11.6492288113	-1420
11.6492710114	-1264
11.6539859772	-1420
11.6540398598	-1420
11.6540429592	-1264
11.6744368076	-1420
11.674451828	-1420
11.6745209694	-1420
11.6745238304	-1212
11.6812758446	-543
11.6813960075	543
11.7149159908	-1368
11.7149329185	-1420
11.714936018	-1420
11.7149369717	-1264
11.7149989605	-1368
11.715212822	543
11.7156879902	-1420
11.715692997	-1420
11.715734005	-1264
11.7171909809	-1420
11.7172369957	-1420
11.7172398567	-1264
11.7177488804	-1420
11.7177529335	-1420
11.7177939415	-1264
11.7181348801	-1420
11.7181580067	-1316
11.71844697	-1368
11.7191929817	-1420
11.7191979885	-1420
11.7191989422	-1264
11.7195129395	-1420
11.7195179462	-1316
11.7196400166	543
11.7199578285	-1368
11.7201459408	-1420
11.7201948166	-1420
11.7202398777	-1264
11.7202408314	-1420
11.720241785	-1420
11.7202448845	-1264
11.720402956	-1420
11.7204098701	-1420
11.7204108238	-1264
11.732364893	-1420
11.7323830128	-1420
11.7324450016	-1264
11.7330358028	-1420
11.7330789566	-1420
11.7330818176	-1264
11.7344977856	-1420
11.7345089912	-1420
11.7345328331	-1264
11.7346158028	543
11.7346549034	-1368
11.7352228165	543
11.7352609634	-1420
11.7352650166	-1420
11.7352659702	-1264
11.7355120182	-1420
11.7355167866	-1316
11.735724926	-1368
11.7359418869	-1420
11.7359838486	-1316
11.7364850044	-1420
11.7365310192	-1420
11.7365338802	-1420
11.7365348339	-1212
11.7368168831	-1420
11.7368218899	-1316
11.7371768951	-1420
11.7371819019	-1420
11.7372210026	-1264
11.7375249863	-1420
11.7375659943	-1420
11.7375688553	-1264
11.7376739979	543
11.7382450104	-1368
11.7382488251	-1420
11.738286972	-1420
11.7382898331	-1264
11.7384319305	-1420
11.7384359837	-1316
11.7384798527	-1368
11.7614049911	-1420
11.7614159584	-1420
11.761469841	-1264
11.7623028755	-1420
11.7623338699	-1420
11.7623369694	-1264
11.7627279758	-1368
11.7636208534	-1420
11.7636649609	-1316
11.7637388706	543
11.7643299103	-1420
11.7643349171	-1420
11.7643759251	-1264
11.7645227909	-1420
11.7645258904	-1316
11.7646348476	-1368
11.7647609711	543
11.7651889324	-1420
11.7651929855	-1420
11.7652339935	-1264
11.765283823	-1420
11.7652869225	-1420
11.7652878761	-1264
11.7732288837	-1420
11.77323699	-1420
11.7732789516	-1264
11.7822799683	-1420
11.7823159695	-1316
11.7833549976	-1420
11.783397913	-1420
11.7834010124	-1264
11.7835288048	543
11.7844460011	-1420
11.7844498158	-1420
11.7844698429	-1420
11.7844719887	-1212
11.7850029469	-1420
11.785007	-1420
11.7850458622	-1264
11.7855699062	-1420
11.7856118679	-1420
11.7856149673	-1264
11.7932908535	-950
11.800937891	-1420
11.8009979725	-1420
11.8010017872	-1264
11.8013458252	-1420
11.8013498783	-1316
11.802546978	-1368
11.8026249409	543
11.8033499718	-1420
11.8033549786	-1420
11.8033568859	-1264
11.8038158417	-1420
11.8038218021	-1420
11.8038449287	-1264
11.8039269447	543
11.8045299053	-1368
11.8048088551	-1420
11.8048508167	-1316
11.805398941	-1420
11.805423975	-1316
11.805672884	-1368
11.8067657948	-1420
11.8067688942	-1316
11.8069047928	-1420
11.8069078922	-1316
11.8069958687	-1420
11.8069989681	-1316
11.8072009087	-1420
11.8072040081	-1316
11.8072879314	-1368
11.8078110218	-1420
11.8078138828	-1420
11.8078148365	-1264
11.8081610203	-1420
11.8081638813	-1420
11.808164835	-1264
11.8083968163	-1420
11.8084008694	-1316
11.8084828854	-1368
11.8090829849	-1420
11.8090858459	-1420
11.8090858459	-1264
11.8093628883	543
11.8095338345	-1420
11.8095369339	-1420
11.8095748425	-1264
11.8301370144	-1368
11.8301889896	-1368
11.8305559158	-1420
11.8305599689	-1316
11.8310639858	543
11.8312427998	-1420
11.8312468529	-1420
11.8312489986	-1264
11.8313570023	543
11.8316049576	-1420
11.8316090107	-1420
11.831610918	-1264
11.8316478729	-1368
11.8320548534	-1420
11.8320598602	-1316
11.8324258327	-1420
11.8324308395	-1316
11.8326258659	-1420
11.8326289654	-1420
11.8326308727	-1264
11.8446519375	-1368
11.8628158569	-1368
11.8653478622	-1368
11.8654239178	543
11.8660159111	-1420
11.8660199642	-1420
11.8660218716	-1264
11.8662979603	-1368
11.8667218685	-1420
11.8667638302	-1420
11.866765976	-1264
11.8670659065	-1420
11.8670699596	-1420
11.8671088219	-1264
11.8674058914	-1420
11.8674468994	-1420
11.8674488068	-1264
11.8837478161	-1420
11.8837637901	-1420
11.8838179111	-1420
11.8838210106	-1212
11.8868739605	-1420
11.8868789673	-1316
11.8870580196	-1420
11.8870608807	-1420
11.887062788	-1264
11.8875589371	-1420
11.8875629902	-1420
11.8875639439	-1264
11.887650013	543
11.8877899647	543
11.8879308701	-1420
11.8879349232	-1420
11.8879749775	-1264
11.8882949352	-1368
11.8888738155	-1368
11.8892028332	-1368
11.8892428875	-1420
11.8892459869	-1420
11.8892478943	-1264
11.8893039227	-1368
11.8895218372	-1420
11.8895449638	-1316
11.889729023	-1368
11.8899469376	-1420
11.8899509907	-1420
11.8899519444	-1264
11.8900609016	543
11.8903429508	-1420
11.8903470039	-1420
11.8903679848	-1264
11.8906648159	-1420
11.8907079697	-1316
11.8910679817	-1420
11.8911089897	-1420
11.8911118507	-1264
11.8911650181	-1368
11.9031088352	-1420
11.9031908512	-1420
11.9031949043	-1264
11.9053859711	-1003
11.9164259434	-1420
11.9164907932	-1420
11.9164948463	-1264
11.9268779755	-1368
11.9270179272	543
11.9271798134	-1420
11.9271838665	-1316
11.9279029369	-1420
11.9279079437	-1420
11.9279649258	-1264
11.9280459881	-1420
11.9280488491	-1316
11.9280788898	543
11.9282448292	-1368
11.9288098812	-1420
11.9288489819	-1316
11.929145813	-1368
11.929350853	-1420
11.9293549061	-1316
11.9296410084	-1420
11.9296448231	-1420
11.9296469688	-1264
11.9300580025	-1420
11.9300618172	-1420
11.9301009178	-1420
11.9301028252	-1212
11.930243969	543
11.9304249287	-1420
11.9304277897	-1316
11.930824995	-1420
11.9308288097	-1420
11.9308309555	-1420
11.9308319092	-1212
11.931208849	-1420
11.9312119484	-1420
11.9312129021	-1264
11.9315919876	-1420
11.931593895	-1420
11.9315948486	-1264
11.9384279251	-1420
11.938436985	-1316
11.9458708763	-1368
11.9599838257	-1420
11.9600698948	-1316
11.9600739479	-1368
11.9605708122	-1420
11.9607617855	-1420
11.9607648849	-1264
11.960973978	-1420
11.9609768391	-1316
11.9609928131	543
11.9611258507	-1368
11.9611968994	543
11.9615428448	-1420
11.9615478516	-1420
11.9615898132	-1264
11.9618468285	-1420
11.9618508816	-1420
11.9618527889	-1264
11.9623548985	-1420
11.9623599052	-1420
11.9624009132	-1264
11.9627809525	-1420
11.9628078938	-1420
11.9628098011	-1264
11.9632430077	-1420
11.9632489681	-1420
11.9632718563	-1264
11.9633328915	543
11.9638149738	-1420
11.9638199806	-1420
11.963821888	-1264
11.964430809	-1420
11.9644358158	-1420
11.9644768238	-1264
11.9650919437	-1420
11.9651179314	-1420
11.9651207924	-1264
11.9787669182	-1420
11.9787838459	-1420
11.9788408279	-1264
11.9790558815	-1420
11.9790809155	-1420
11.9790840149	-1264
11.9905610085	-1368
12.0085949898	-1368
12.0088989735	543
12.0100488663	-1420
12.0100560188	-1420
12.0100588799	-1264
12.0101959705	543
12.0106499195	-1420
12.0106549263	-1316
12.0112638474	-1420
12.0112688541	-1420
12.0112907887	-1264
12.0118699074	-1420
12.011911869	-1420
12.0119149685	-1264
12.0122759342	-1420
12.012280941	-1316
12.0125470161	-1420
12.0125520229	-1420
12.0126099586	-1264
12.0173668861	-1171
12.0337259769	-1368
12.0337429047	-1368
12.033949852	543
12.0342957973	-1420
12.0343019962	-1420
12.0343039036	-1264
12.0348129272	-1420
12.0348169804	-1420
12.0348579884	-1264
12.0351679325	-1420
12.0352098942	-1420
12.0352129936	-1420
12.035214901	-1212
12.035681963	-1420
12.035684824	-1420
12.0356869698	-1264
12.0476589203	-1420
12.047675848	-1420
12.0477209091	-1264
12.0516238213	-1420
12.0517020226	-1420
12.0517058372	-1264
12.0521638393	-1420
12.0521688461	-1420
12.0522098541	-1264
12.0523388386	-1420
12.052341938	-1420
12.0523428917	-1264
12.0523598194	543
12.0525519848	543
12.0529839993	-1420
12.052989006	-1316
12.0530469418	-1368
12.0532209873	-1420
12.0532438755	-1420
12.0532469749	-1264
12.0536007881	-1420
12.0536057949	-1420
12.0536448956	-1264
12.0537137985	-1368
12.0544788837	-1420
12.0544829369	-1316
12.0546729565	-1420
12.0546779633	-1316
12.0547859669	-1420
12.0547888279	-1420
12.05479002	-1264
12.0550429821	-1368
12.0553028584	-1420
12.0553069115	-1420
12.0553078651	-1264
12.0553379059	543
12.055533886	-1368
12.0556759834	-1420
12.0556979179	-1316
12.0718820095	-1420
12.0719499588	-1420
12.0719540119	-1264
12.0733368397	-1368
12.0739138126	-1420
12.0739569664	-1420
12.0739588737	-1420
12.0739610195	-1212
12.0742177963	-1420
12.0742228031	-1316
12.0743298531	543
12.0744729042	-1420
12.0744769573	-1420
12.0745019913	-1264
12.074562788	543
12.0748608112	-1420
12.0748648643	-1420
12.0748670101	-1264
12.0752120018	-1420
12.0752158165	-1420
12.0752658844	-1264
12.0756108761	-1420
12.0756518841	-1420
12.0756537914	-1264
12.0979399681	-1420
12.0979559422	-1420
12.0980119705	-1264
12.0981519222	-1420
12.0981559753	-1316
12.0999779701	-1420
12.0999839306	-1420
12.1000249386	-1264
12.100099802	543
12.1004099846	-1420
12.1004137993	-1420
12.1004710197	-1264
12.1004738808	-1368
12.1008398533	-1420
12.1008439064	-1420
12.100883007	-1264
12.1011538506	-1420
12.1011769772	-1316
12.1013708115	-1368
12.1135509014	-1420
12.1135618687	-1420
12.1135649681	-1264
12.1196990013	-1420
12.1197068691	-1420
12.1197519302	-1264
12.1197547913	-1368
12.1202158928	-1420
12.1202199459	-1316
12.120320797	-1368
12.1204948425	-1420
12.1205258369	-1316
12.1207389832	-1368
12.1213929653	543
12.1215379238	543
12.1254079342	-1420
12.1254189014	-1420
12.1254668236	-1264
12.1255848408	-1420
12.1256058216	-1420
12.1256070137	-1264
12.1291208267	-328
12.1386609077	-1420
12.1387109756	-1316
12.1387147903	-1368
12.1400249004	-1420
12.1400399208	-1420
12.1400969028	-1264
12.1403439045	-1420
12.1403698921	-1420
12.1403808594	-1264
12.1405379772	543
12.1409258842	-1420
12.1409299374	-1420
12.1409709454	-1264
12.1420168877	-1420
12.1420710087	-1420
12.1420738697	-1264
12.142444849	-1420
12.1424508095	-1420
12.1424930096	-1264
12.1600940228	-1420
12.1601989269	-1420
12.16020298	-1264
12.1602888107	-1420
12.1602928638	-1420
12.1602938175	-1264
12.1610949039	-1368
12.1622219086	-1420
12.1622259617	-1420
12.162227869	-1420
12.1622288227	-1212
12.1624119282	-1420
12.1624147892	-1316
12.162473917	-1420
12.1624770164	-1316
12.1625678539	-1368
12.162820816	-1420
12.1628239155	-1316
12.162883997	-1420
12.1628859043	-1420
12.1628878117	-1264
12.1634860039	543
12.1636548042	543
12.1770188808	-1420
12.1770339012	-1420
12.1770849228	-1264
12.1793189049	-1420
12.179363966	-1316
12.1799628735	-1368
12.1800708771	543
12.180524826	-1420
12.1805298328	-1316
12.1806259155	-1368
12.1955888271	-1420
12.1956598759	-1420
12.195663929	-1264
12.2125217915	-1420
12.2125458717	-1420
12.212594986	-1264
12.2414460182	-790
12.4905278683	1057
12.7036697865	-543
13.3333098888	543
13.4989078045	-543
13.5018758774	-1420
13.5019288063	-1420
13.5019338131	-1264
13.502327919	-1420
13.5023419857	-1420
13.5023839474	-1420
13.5023868084	-1212
13.5147337914	-1368
13.5293858051	-1420
13.5294418335	-1420
13.5294458866	-1264
13.5294468403	-1420
13.529447794	-1316
13.5297298431	-1420
13.5297329426	-1316
13.5298218727	543
13.5298569202	-1368
13.5299758911	543
13.5300548077	-1368
13.5302569866	-1368
13.5305168629	-1368
13.5314459801	-1368
13.53170681	-1420
13.5317118168	-1316
13.5320549011	-1368
13.5324678421	-1368
13.5328450203	-1368
13.5331599712	-1420
13.5331850052	-1316
13.5334618092	-1420
13.5335109234	-1316
13.533602953	543
13.5584778786	-1368
13.5586519241	-1368
13.5590369701	-1368
13.5591390133	-1368
13.6141188145	-1420
13.6141369343	-1420
13.61419487	-1420
13.6141979694	-1420
13.6141998768	-1160
13.6143159866	-1420
13.614317894	-1420
13.6143188477	-1420
13.6143188477	-1212
13.61459589	-1368
13.64138484	-1420
13.6414628029	-1420
13.6414678097	-1420
13.6414690018	-1420
13.6414699554	-1160
13.6414709091	-1420
13.6414728165	-1420
13.6414740086	-1264
13.6415598392	-1420
13.641561985	-1420
13.6415638924	-1264
13.6418089867	543
13.6419188976	-1420
13.6419229507	-1316
13.6420547962	543
13.6420929432	-1420
13.6420958042	-1420
13.6420958042	-1264
13.6433689594	-1420
13.6433749199	-1316
13.6434009075	-1368
13.6435170174	-1420
13.6435208321	-1420
13.6435217857	-1264
13.6443779469	-1420
13.6443829536	-1420
13.644425869	-1264
13.6445047855	543
13.6452169418	-1420
13.6452629566	-1420
13.645264864	-1420
13.6452670097	-1212
13.6452679634	-1420
13.6452689171	-1420
13.6452698708	-1264
13.6706478596	-1420
13.6706728935	-1420
13.6707119942	-1264
13.6710488796	-1420
13.6710529327	-1420
13.6710548401	-1264
13.7261068821	-1420
13.7261259556	-1420
13.7261710167	-1420
13.7261738777	-1420
13.7261757851	-1160
13.7262978554	-1420
13.7263000011	-1420
13.7263009548	-1264
13.7263019085	-1368
13.7264328003	-1368
13.7265868187	543
13.7267138958	-1368
13.7267508507	543
13.7267928123	-1420
13.7267949581	-1316
13.7532789707	-1420
13.7532949448	-1420
13.7533409595	-1420
13.7533519268	-1420
13.7533528805	-1160
13.7533538342	-1420
13.7533559799	-1420
13.7533569336	-1264
13.7534048557	-1368
13.7537817955	-1420
13.7537868023	-1420
13.7538368702	-1420
13.753839016	-1212
13.7538487911	-1368
13.7539579868	-1420
13.7539608479	-1316
13.7540829182	-1420
13.7540860176	-1420
13.7540869713	-1264
13.75415802	-1420
13.7541599274	-1316
13.7543239594	543
13.7553038597	-1420
13.7553179264	-1420
13.7553679943	-1264
13.7553699017	-1420
13.755371809	-1420
13.7553730011	-1264
13.7553739548	-1420
13.7554109097	-1316
13.756280899	-1420
13.7562839985	-1420
13.7562868595	-1420
13.7562890053	-1212
13.7569489479	-1420
13.7569518089	-1420
13.7569539547	-1420
13.756955862	-1212
13.7570898533	-1420
13.7570939064	-1420
13.7570958138	-1264
13.7573130131	-1420
13.7573149204	-1316
13.7617199421	543
13.7618849277	543
13.7825918198	-1420
13.7826168537	-1420
13.7826728821	-1420
13.7826759815	-1212
13.7830369473	-1420
13.7830510139	-1420
13.7830908298	-1420
13.7830929756	-1212
13.8382558823	-1420
13.8382718563	-1420
13.838326931	-1420
13.838329792	-1420
13.8383319378	-1160
13.8383338451	-1368
13.8384180069	-1420
13.8384208679	-1420
13.8384230137	-1420
13.8384239674	-1212
13.8385498524	-1420
13.8385539055	-1420
13.8385558128	-1264
13.8387618065	-1420
13.8387649059	-1420
13.8387668133	-1420
13.8387680054	-1212
13.8389108181	543
13.8659489155	-1420
13.8660128117	-1420
13.8660697937	-1264
13.8660728931	-1420
13.8660748005	-1420
13.8660759926	-1420
13.8660769463	-1212
13.8660778999	-1420
13.8660798073	-1420
13.8660809994	-1264
13.866081953	-1420
13.8660829067	-1420
13.8660838604	-1264
13.8660860062	-1368
13.8661789894	-1420
13.8661818504	-1316
13.8661839962	-1368
13.8664529324	-1420
13.8664569855	-1420
13.8664579391	-1420
13.8664598465	-1212
13.8665628433	-1420
13.8665659428	-1420
13.8665678501	-1264
13.8665709496	-1368
13.8666388988	-1420
13.8666880131	-1420
13.8666908741	-1264
13.8666930199	-1368
13.866866827	543
13.867002964	543
13.8672268391	-1420
13.8672299385	-1420
13.8672308922	-1264
13.8672327995	-1420
13.8672339916	-1316
13.8673479557	-1420
13.8673520088	-1420
13.8673539162	-1264
13.8674678802	-1420
13.8674719334	-1316
13.867472887	-1368
13.8676609993	543
13.8681809902	-1420
13.868185997	-1420
13.868227005	-1420
13.868229866	-1420
13.8682308197	-1160
13.8688960075	543
13.8689959049	-1420
13.868999958	-1420
13.8690009117	-1420
13.8690018654	-1212
13.8691058159	-1420
13.8691079617	-1420
13.8691089153	-1264
13.8691558838	-1420
13.8691577911	-1316
13.8692259789	543
13.8692770004	-1420
13.8692789078	-1420
13.8692798615	-1264
13.8949949741	-1420
13.8950200081	-1420
13.8950779438	-1420
13.8950819969	-1420
13.8950829506	-1420
13.8950939178	-1420
13.8950948715	-1056
13.8951299191	-1420
13.8951318264	-1420
13.8951330185	-1264
13.8955438137	543
13.9501829147	-1420
13.9502007961	-1420
13.9502389431	-1420
13.9502418041	-1420
13.9502429962	-1420
13.9502449036	-1108
13.9502458572	-1420
13.950248003	-1316
13.9502489567	-1368
13.9504239559	-1420
13.950428009	-1420
13.9504380226	-1264
13.9504389763	-1368
13.9505507946	-1420
13.9505529404	-1316
13.9506418705	-1420
13.9506440163	-1316
13.9508988857	543
13.9510118961	-1420
13.9510138035	-1420
13.9510149956	-1420
13.9510159492	-1420
13.9510169029	-1160
13.9511489868	543
13.9780828953	-1420
13.9780988693	-1420
13.9782068729	-1420
13.9782099724	-1420
13.9782118797	-1420
13.9782128334	-1420
13.9782137871	-1056
13.9782238007	-1420
13.9782249928	-1316
13.9782259464	-1420
13.9782278538	-1420
13.9782288074	-1264
13.9782299995	-1368
13.9783918858	-1420
13.9783937931	-1420
13.9783949852	-1264
13.9783959389	-1368
13.9784488678	-1420
13.9784510136	-1420
13.9784529209	-1264
13.9787650108	-1368
13.9787979126	543
13.9789099693	-1420
13.9789309502	-1420
13.9789328575	-1420
13.9789338112	-1420
13.9789350033	-1160
13.9789419174	-1420
13.9789428711	-1420
13.9789438248	-1264
13.9789450169	-1368
13.9791018963	-1420
13.9791049957	-1420
13.9791069031	-1264
13.9791679382	-1420
13.9791707993	-1420
13.9791719913	-24
