0	-543
0.437245130539	543
1.43774819374	543
1.43786001205	543
1.43791007996	543
1.44841217995	-543
1.44954204559	-543
2.17211198807	-543
2.43778920174	543
2.8420290947	-543
3.00106811523	-543
3.0142891407	543
3.04453802109	543
3.2729511261	-543
3.35353708267	-543
3.36924815178	1057
3.43966603279	543
3.43976902962	543
3.61381602287	-543
3.70723819733	-1368
3.70763111115	-1368
3.71347212791	-891
3.71566510201	543
3.7176630497	543
3.72284698486	543
3.72309017181	543
3.73961305618	543
3.96979308128	-543
4.07093214989	-543
4.12044715881	-1368
4.130671978	-232
4.14916706085	-1368
4.14970397949	-1368
4.19100308418	-891
4.19335913658	543
4.19353604317	543
4.47837805748	-543
4.97939109802	-1368
4.97958803177	-1368
4.97974514961	-891
4.98145413399	-1368
4.9818341732	-1368
5.02910399437	-1368
5.02928209305	-1368
5.02937698364	543
5.04094004631	-1268
5.06893420219	-1368
5.06916213036	-1368
5.06954312325	-1368
5.07126116753	-1368
5.07182717323	-1368
5.07217407227	-1368
5.07258701324	-1368
5.07290816307	-1368
5.0731651783	-1368
5.07373404503	-1368
5.07381820679	543
5.07400107384	-1368
5.08086800575	1057
5.08902621269	-1368
5.0894100666	-1368
5.0911719799	-1368
5.09167003632	1057
5.09384012222	1057
5.11629414558	-1368
5.12946414948	-1368
5.12966799736	-1368
5.13105010986	-1368
5.13138699532	-1368
5.13160514832	-56
5.24301099777	1057
5.24466919899	1057
5.24626803398	1057
5.26093006134	1057
5.26296901703	1057
5.26456618309	1057
5.26620817184	1057
5.3064031601	1057
5.32102799416	1057
5.39322400093	-543
5.45500206947	-1368
5.46184515953	-1368
5.4620141983	-1368
5.46233010292	-1368
5.48194909096	-1368
5.48223304749	-1368
5.48267316818	-1368
5.48342704773	-1368
5.48500919342	543
5.49346017838	-1368
5.49385404587	-1368
5.49427700043	-1420
5.49428105354	-9
5.50265002251	543
5.5029091835	1460
5.50295615196	625
5.52820301056	-1368
5.54625606537	-1368
5.5464630127	-1368
5.54886698723	-1368
5.54921317101	-1368
5.54960203171	543
5.55813217163	-45
5.56030011177	-1368
5.5606970787	-1368
5.56102800369	-1368
5.58639121056	-1368
5.5865650177	543
5.58669710159	-1368
5.58886313438	-1368
5.58915710449	-1368
5.58934998512	543
5.58963418007	-1368
5.5910050869	-1368
5.59140706062	-1368
5.59179711342	-1368
5.59355521202	-1368
5.5970261097	-1368
5.59904408455	-1368
5.59920215607	543
5.59932613373	-1368
5.60114002228	-1368
5.60149002075	-1368
5.60177516937	-1368
5.60196304321	543
5.61106801033	-1368
5.6113820076	-1368
5.61176514626	-1368
5.61205601692	-1368
5.61394000053	543
5.61897802353	-1063
5.62194514275	543
5.62745213509	-1368
5.62769913673	-1368
5.63622713089	-1368
5.63632106781	-1368
5.63670516014	-1368
5.63718700409	-1368
5.63751006126	-1368
5.64660000801	543
5.68081307411	-1368
5.6812942028	-1368
5.68165802956	-1368
5.6856071949	-343
5.69039320946	543
5.69109916687	543
5.69132113457	543
5.6991109848	-1368
5.74124002457	-1368
5.74566411972	-406
5.75234913826	543
5.76676702499	-1368
5.76701712608	-1368
5.80591702461	-891
5.88033699989	-1420
5.88038921356	-151
5.8814702034	-1368
5.88841700554	-1368
5.89127707481	543
5.89158916473	543
5.89223599434	-1368
5.8926320076	-1368
5.89302206039	-1368
5.89340806007	-1368
5.89349913597	543
5.89596509933	-1368
5.8962790966	-1368
5.89876699448	-1368
5.89917802811	-1368
5.89965009689	-1368
5.90347003937	-1368
5.90388011932	-1368
5.90427708626	-1368
5.90680003166	-1368
5.90728020668	-1368
5.90888500214	-1368
5.91144704819	-1368
5.91200518608	-1368
5.91244220734	-1368
5.91280603409	-1368
5.91421699524	-1368
5.9145731926	-1368
5.91518998146	-1368
5.91531610489	543
5.91750717163	-1368
5.91792416573	-1368
5.92493414879	-1368
5.92529511452	-1368
5.92612600327	-1368
5.92659115791	-1368
5.926872015	-1368
5.92733716965	-1368
5.92778420448	-1368
5.92816209793	-1368
5.92847204208	-1368
5.92922616005	-1368
5.92967820168	-1368
5.93003702164	-1368
5.93033504486	-1368
5.93065905571	-1368
5.93106508255	-1368
5.93134307861	543
5.93150520325	-1368
5.93189501762	-1368
5.93198919296	543
5.93220710754	-1368
5.93254899979	-1368
5.93305420876	-1368
5.93350720406	-1368
5.93375921249	-1368
5.9341340065	-1368
5.93459606171	-1368
5.93494415283	-1368
5.9352850914	-1368
5.93567419052	-1368
5.93621301651	-1368
5.9405670166	-131
5.94095110893	-1368
5.94142413139	-1368
5.94152402878	543
5.94352316856	-1368
5.94378209114	-1368
5.96916413307	-1368
5.9694750309	-1368
5.96983599663	-1368
5.97028017044	-1368
5.97067809105	-1368
5.9710919857	-1368
5.97149610519	-1368
5.97180914879	-1368
5.97230410576	-1368
5.97269010544	-1368
5.97307109833	-1368
5.97350502014	-1368
5.97388005257	-1368
5.97428512573	-1368
5.97473502159	-1368
5.97507619858	-1368
5.97598004341	-1368
5.97632598877	-1368
5.97679901123	-1368
5.98796510696	-1368
5.98819303513	-1368
5.98840618134	543
5.9892141819	-1368
6.00304412842	-1368
6.00328397751	-1368
6.00366997719	-1368
6.00614714622	543
6.00818705559	1460
6.00824117661	1460
6.0082859993	1161
6.00836014748	1460
6.00842905045	1460
6.00846409798	253
6.00927519798	-1029
6.01738810539	1057
6.01775717735	-1368
6.01802420616	1057
6.01813602448	-1368
6.01854109764	-1368
6.01860499382	1057
6.01898598671	1057
6.02116298676	-1368
6.02161502838	-1368
6.02191615105	-1368
6.02312803268	-1368
6.0235850811	-1368
6.02432513237	-1368
6.0255022049	-1368
6.02603602409	-1368
6.02642297745	-1368
6.02716207504	-1368
6.02725100517	543
6.02743721008	-1368
6.02946305275	-1368
6.02980709076	-1368
6.03122615814	-1368
6.0315580368	-1368
6.03192520142	-1368
6.0330760479	-1368
6.03345108032	-1368
6.0339050293	-1368
6.03439116478	-1368
6.06194210052	-1368
6.07159209251	1057
6.08085799217	-470
6.10111403465	-1368
6.15163516998	-1260
6.1607542038	543
6.18053507805	1057
6.19822120667	1460
6.19831418991	111
6.22157001495	-1086
6.2674779892	-1368
6.2677230835	-1368
6.28058505058	-1368
6.28110909462	-1368
6.28128099442	-1368
6.28170418739	-1368
6.28212308884	-1368
6.28252601624	-1368
6.2829451561	-1368
6.28341007233	-1368
6.28352212906	543
6.28389310837	-1368
6.28416204453	-1368
6.28447818756	-1368
6.28495907784	-1368
6.28532004356	-1368
6.28575801849	-1368
6.28580117226	-543
6.28608107567	-1368
6.28668212891	-1368
6.2868771553	-1368
6.2872300148	-1368
6.28737401962	543
6.28763818741	-1368
6.28798699379	-1368
6.28844404221	-1368
6.28893113136	-1368
6.28926610947	-1368
6.28965616226	-1368
6.29017901421	-1368
6.29055809975	-1368
6.29092311859	-1368
6.29124999046	-1368
6.29178500175	-1368
6.29208517075	-1368
6.29244208336	-1368
6.29283499718	-1368
6.29321098328	-1368
6.29356813431	-1368
6.29396009445	-1368
6.29434299469	-1368
6.29491901398	-1368
6.29523015022	-1368
6.29569220543	-1368
6.29600715637	-1368
6.29650998116	-1420
6.29651498795	-445
6.29944014549	-1368
6.29977917671	-1368
6.30022907257	-1368
6.30030918121	543
6.30061006546	-1368
6.30091810226	-1368
6.30135416985	-1368
6.30187916756	-1368
6.3019721508	543
6.30221915245	-1368
6.30251502991	-1368
6.30301904678	-1368
6.30322599411	-1368
6.30374217033	-1368
6.30417704582	-1368
6.30464720726	-1368
6.30496811867	-1368
6.30525016785	-1368
6.30566310883	-1368
6.30607199669	-1368
6.30646014214	-1368
6.30681419373	-1368
6.30717802048	-1368
6.30758404732	-1368
6.30798816681	-1368
6.3085231781	-1368
6.3088350296	-1368
6.30892419815	543
6.30926918983	-1368
6.3095600605	-1368
6.30997800827	-1368
6.31032919884	-1368
6.31074810028	-1368
6.31116104126	-1368
6.31148815155	-1368
6.31191205978	-1368
6.31276321411	-1368
6.31312608719	-1368
6.32591319084	-1368
6.32633519173	-1368
6.3267800808	-1368
6.32714414597	-1368
6.32755708694	-1368
6.32802915573	-1368
6.32894706726	-1368
6.32930397987	-1368
6.33095908165	-1368
6.33104300499	1057
6.33126807213	-1368
6.33171010017	-1368
6.33201313019	-1368
6.33242416382	-1368
6.33288407326	-1368
6.33321499825	-1368
6.35906100273	-1368
6.35923910141	-1368
6.36009716988	-1368
6.36207604408	-442
6.36995410919	543
6.37113118172	1460
6.37119817734	111
6.3803730011	1460
6.38043618202	1460
6.3804731369	1161
6.38057899475	89
6.38160920143	1460
6.38167309761	1460
6.38171815872	193
6.38913798332	-1368
6.3894879818	-1368
6.38973402977	-1368
6.39015316963	-1368
6.40113902092	-1368
6.40138506889	-1368
6.40179204941	-1368
6.40359520912	-1368
6.40389418602	-1368
6.40418815613	-1368
6.40593314171	-1368
6.41007900238	543
6.41112709045	1460
6.42029213905	1460
6.42034602165	193
6.42414116859	-575
6.42608213425	543
6.4263241291	1460
6.42636919022	1460
6.42641115189	193
6.44042301178	543
6.44894814491	-1368
6.44896411896	-1368
6.48331904411	-891
6.49355602264	-1368
6.49362111092	-1368
6.49626398087	543
6.49649906158	1460
6.49654507637	1460
6.4965801239	193
6.51877117157	-1368
6.51894116402	-1368
6.51968598366	-1368
6.51989507675	-1368
6.52008914948	-1368
6.52085113525	-1368
6.52104711533	-1368
6.52126002312	-1368
6.52147698402	-1368
6.52174115181	-1368
6.52196002007	-1368
6.52335309982	-1368
6.52346301079	543
6.52588415146	-1368
6.52601218224	-1368
6.52622699738	-1368
6.52661919594	-1368
6.52684402466	-1368
6.52726221085	-1368
6.5274541378	-1368
6.52768421173	-1368
6.52872800827	-1368
6.52894210815	-1368
6.52913212776	-1368
6.52931404114	-1368
6.52965807915	-1368
6.5298511982	-1368
6.5300450325	-1368
6.53080105782	-1368
6.53098702431	-1368
6.53246712685	-1368
6.54089403152	-1368
6.54112505913	-1368
6.54122114182	-1368
6.54319000244	-589
6.59208607674	-1420
6.59210300446	-1316
6.5933110714	-1368
6.59605002403	-1420
6.59609699249	-1316
6.59714007378	-1368
6.5973880291	-1368
6.59802818298	543
6.59828400612	1460
6.5983300209	1460
6.59836411476	193
6.59877705574	-1368
6.60341715813	-1368
6.60358715057	-1368
6.60379099846	-1368
6.60448718071	-1420
6.60449099541	-1316
6.60580921173	-1368
6.60601115227	-1155
6.60624217987	-1368
6.60641908646	-1368
6.60664606094	-1368
6.60857319832	-1368
6.60867118835	1057
6.60883712769	-1368
6.60960102081	-1368
6.61036705971	-1368
6.61064314842	-1368
6.61086320877	-1368
6.61103510857	-1368
6.61121702194	-1368
6.61160707474	-1368
6.61904001236	-1420
6.61904716492	-1316
6.62085413933	-1368
6.62114500999	-1368
6.62136912346	-1368
6.62151217461	-1368
6.62169313431	-1368
6.62199997902	-1368
6.62328505516	-1368
6.62352013588	-1368
6.62385702133	-1368
6.62402701378	-1368
6.62413215637	543
6.62420511246	-1368
6.62434601784	-1368
6.6257891655	-1368
6.62601613998	-1368
6.62626504898	-1368
6.62648415565	-1368
6.62665820122	-1368
6.62685418129	-1368
6.62706708908	-1368
6.62732505798	-1368
6.6286380291	-1368
6.62882018089	-1368
6.62906098366	-1368
6.62949800491	-1368
6.6296889782	-1368
6.62991499901	-1368
6.63893198967	-1368
6.6390581131	1057
6.65603208542	-1368
6.65605711937	-1368
6.6562461853	-1368
6.65659403801	-1368
6.65885615349	-1368
6.65899205208	-1368
6.65923905373	-1368
6.65945315361	-1368
6.65963506699	-1368
6.65972113609	543
6.65986013412	-1368
6.65996909142	-1368
6.66027712822	-1368
6.66055798531	-1368
6.66066598892	-1368
6.66102313995	-1368
6.6613380909	-1368
6.66147613525	-1368
6.66178107262	-1368
6.66207313538	-1368
6.66234517097	-1368
6.66358017921	-1368
6.66394114494	-1368
6.6641600132	-1368
6.66632819176	-1368
6.66658401489	-1368
6.66672801971	-1368
6.66700410843	-1368
6.66715812683	-1368
6.66738414764	-1368
6.66776108742	-1149
6.6680021286	-1368
6.66826510429	-1368
6.668582201	-1368
6.6695151329	543
6.6699590683	-1368
6.67021512985	-1368
6.67103815079	-1368
6.67172813416	-1368
6.67184305191	-1368
6.67210698128	-1368
6.67336916924	-1368
6.67358899117	-1368
6.67379999161	-1368
6.67403697968	-1368
6.6742811203	-1368
6.67448210716	-1368
6.67516899109	543
6.67582702637	-1368
6.67597198486	-1368
6.67626714706	-1368
6.67649006844	-1368
6.6767411232	-1368
6.67894101143	-1368
6.67908120155	-1368
6.67924213409	-1368
6.67953920364	-1368
6.68003606796	-1368
6.68018817902	-1368
6.68078613281	-1368
6.68123006821	-1368
6.68345999718	-1368
6.68368315697	-1368
6.68392705917	-1368
6.6841571331	-1368
6.68470311165	-1368
6.68576908112	-1368
6.68597912788	-1368
6.68621110916	-1368
6.68639302254	-1368
6.68668818474	-1368
6.68690419197	-1368
6.68705320358	543
6.68713021278	-1368
6.6886510849	-1368
6.69360399246	-1368
6.69378614426	-1368
6.69587016106	-1368
6.69689512253	-1368
6.69701313972	543
6.69892907143	-1368
6.69896602631	-1368
6.69930911064	-1368
6.6996281147	-1368
6.69992399216	-1368
6.70231199265	-1368
6.70337200165	-1368
6.70355415344	-1368
6.70645499229	-1368
6.70663619041	543
6.70872020721	-1368
6.70895600319	-1368
6.71091198921	-1368
6.71617007256	-1368
6.7162361145	-1368
6.71632504463	-1368
6.71874904633	-1368
6.71933102608	-1368
6.72024798393	-1368
6.72203612328	-1368
6.72622609138	-1368
6.72646307945	-1368
6.72649717331	-1368
6.72882318497	-627
6.7292470932	-1368
6.72944712639	-1368
6.73075699806	-1368
6.73102116585	-1368
6.73369717598	-1368
6.73393797874	-1368
6.73404598236	-1368
6.73653697968	-1368
6.73950219154	-1368
6.73973798752	-1420
6.73976898193	-1316
6.74341201782	-1368
6.74373006821	-1368
6.74766111374	-1368
6.74786710739	543
6.74800419807	-1368
6.75076317787	-1368
6.75101709366	-1368
6.75160813332	543
6.75330710411	-1368
6.75353097916	-1368
6.75582313538	-1368
6.75597000122	-1368
6.75625109673	-1368
6.75998616219	-1368
6.76015710831	-1368
6.760461092	-1368
6.76187300682	-1368
6.76214003563	-1368
6.76242208481	-1368
6.76365208626	-1368
6.76386213303	-1368
6.76407504082	-1368
6.76507711411	-1368
6.76616811752	-1368
6.76641321182	-1368
6.76702213287	-1368
6.76710009575	543
6.76729798317	-1368
6.76925206184	-1368
6.76989412308	-1368
6.77017712593	-1368
6.77045607567	-1368
6.7708170414	-1368
6.7712931633	-1368
6.77137708664	543
6.77153420448	-1368
6.77171516418	-1368
6.77585911751	-1368
6.77617812157	-1368
6.77640008926	-1368
6.77657008171	-1368
6.77859997749	-1368
6.77891016006	-1368
6.77915215492	-1368
6.78163909912	-1368
6.78179121017	-1368
6.78345918655	-1368
6.7847161293	-1368
6.78489208221	-1368
6.78681898117	-1368
6.78693318367	543
6.78934907913	-1368
6.78955602646	-1368
6.78976416588	-1368
6.7908141613	-31
6.79885411263	-1368
6.79892206192	-1368
6.80011200905	-1368
6.8003180027	-1368
6.80170798302	-1368
6.80182504654	543
6.80192399025	-1368
6.80222415924	-1368
6.80279517174	-1368
6.80294418335	-1368
6.80338716507	-1368
6.80397105217	-1368
6.80485606194	-1368
6.80502009392	-1368
6.80515313148	-1368
6.80556106567	-1368
6.80580806732	-1368
6.80598211288	-1368
6.80704212189	-1420
6.80704808235	-1316
6.80732011795	-1368
6.80895113945	-1368
6.8089761734	-1368
6.80920100212	-1368
6.80997014046	-1368
6.81017613411	-1368
6.81055498123	-1368
6.81076598167	-1368
6.81115007401	-1368
6.81139302254	-1368
6.81164216995	-1368
6.8118891716	-1368
6.81236815453	-1420
6.81237220764	-1316
6.81280207634	-1368
6.81289100647	543
6.81300520897	-1368
6.81318306923	-1368
6.81379318237	-1368
6.81401920319	-1368
6.81417918205	-1368
6.81516003609	-1368
6.81539511681	-1368
6.81564903259	-1368
6.83110117912	-1420
6.83112001419	-1316
6.83132719994	-1368
6.83352017403	-1368
6.83520507812	1460
6.83526015282	625
6.83548998833	-1368
6.83589816093	-1368
6.83664917946	-1368
6.8369410038	-1368
6.83709406853	-1368
6.83912420273	-1368
6.8392431736	543
6.83932900429	-1368
6.83956503868	-1368
6.84072303772	-1368
6.84097719193	-1368
6.8411090374	-1368
6.84190201759	-1420
6.84193205833	-1316
6.84213900566	-1368
6.84239411354	-1368
6.84353113174	-1368
6.84370517731	-1368
6.84445714951	-1368
6.84503102303	543
6.84526801109	543
6.84555602074	-1368
6.84570598602	1057
6.84602403641	-1368
6.84620118141	-1368
6.84669113159	-1368
6.84716916084	-1368
6.84744119644	-1368
6.84755921364	-1368
6.848331213	-1368
6.84840512276	543
6.84844303131	-1368
6.84888601303	-1368
6.85048317909	-1368
6.8507540226	-1368
6.85091900826	-1368
6.85135316849	-1368
6.85156106949	-1368
6.85220098495	-1368
6.85229420662	543
6.85284304619	-1368
6.85395908356	-1368
6.85424613953	-1368
6.85443115234	-1368
6.85462808609	-1368
6.85533809662	-1368
6.85551810265	-1368
6.85574913025	-1368
6.85622215271	-886
6.85699701309	-1368
6.85721802711	-1368
6.85773015022	-1368
6.85791707039	-1368
6.8581840992	-1368
6.85900521278	-1368
6.85968804359	-1368
6.85989308357	-1368
6.8601911068	-1368
6.86043310165	-1368
6.86066818237	-1368
6.86217808723	-1368
6.86227416992	543
6.86348104477	543
6.86354517937	-1368
6.86582899094	-1368
6.86598205566	-1368
6.8661801815	-1368
6.86643218994	-1368
6.86674213409	-1368
6.86698913574	-1368
6.86730599403	-1368
6.86741113663	543
6.86749100685	-1368
6.86782813072	-1368
6.86801600456	-1368
6.86820912361	-1368
6.86849617958	-1368
6.86881518364	-1368
6.86896705627	-1368
6.87094211578	-1368
6.87120914459	-1368
6.87127614021	543
6.87139511108	-1368
6.87360906601	-1368
6.8736770153	-1368
6.87387800217	-1368
6.87411904335	-1368
6.87434720993	-1368
6.87455201149	-1368
6.9101960659	-1368
6.91045999527	-1368
6.91091513634	-1368
6.91192913055	-1368
6.9120221138	-1368
6.91221499443	-1368
6.91256117821	-1368
6.91280198097	-1368
6.91305303574	-1368
6.91340303421	-1368
6.91349101067	-1368
6.91370105743	-1368
6.91377902031	543
6.9139380455	-1368
6.91409611702	-1368
6.91434001923	-1368
6.91456007957	-1368
6.91480016708	-1368
6.91500520706	-1368
6.91522717476	-1368
6.91552114487	-1368
6.91573500633	-1368
6.915995121	-1368
6.91631007195	-1368
6.91639614105	-1368
6.91641616821	543
6.91667819023	-1368
6.91739416122	-1368
6.91762900352	-1420
6.91765618324	-132
6.91772007942	543
6.91891908646	-1368
6.91943502426	-1368
6.91965198517	-1368
6.91990804672	-1368
6.92011618614	-1368
6.92035698891	-1368
6.93348312378	-1368
6.93358802795	-1368
6.93370914459	-1368
6.95889902115	-1368
6.95895004272	-1368
6.95914506912	-1368
6.95931100845	-1368
6.95957398415	-1368
6.9598300457	-1368
6.96022105217	-1420
6.96027398109	-1316
6.97919607162	-1163
7.04684114456	-1368
7.04694914818	-1420
7.04699206352	-839
7.04710817337	543
7.10570907593	-543
7.11344504356	-1368
7.14688205719	-1368
7.14689898491	-1368
7.14915513992	-1368
7.15620112419	-1368
7.15636610985	-1368
7.15664219856	-1368
7.15674304962	543
7.15688204765	-1368
7.15703201294	-1368
7.15726017952	-1368
7.15744805336	-1368
7.1580619812	-1368
7.15818119049	-1368
7.15971398354	543
7.16885709763	-1368
7.16902804375	543
7.16910004616	-1368
7.16911101341	-1368
7.17076206207	-1076
7.17112112045	1057
7.27387499809	-1420
7.2738931179	-151
7.39109611511	-1057
7.4504570961	543
7.4659371376	-1368
7.46607398987	-1368
7.46637415886	-1368
7.46649813652	-1368
7.4667429924	-1368
7.46887516975	-1368
7.46954607964	-1368
7.46975708008	-1368
7.46989703178	-1368
7.48345112801	-1368
7.48359918594	-1368
7.4844520092	-1368
7.49078607559	-807
7.49097108841	543
7.50882506371	-1368
7.50891804695	-1368
7.55086898804	-891
7.64102506638	-1368
7.65039515495	543
7.65164208412	-232
7.6519010067	543
7.7508251667	-1057
7.755423069	1057
7.9035050869	-1368
7.90357398987	-1420
7.90363001823	-839
7.90395307541	-1368
7.90421915054	-1368
7.90426802635	-1368
7.90449619293	-1368
7.94995117188	-1420
7.94996619225	-1316
7.96769714355	-675
8.02975511551	-1057
8.03616118431	-1368
8.03658604622	-1368
8.03689098358	-1368
8.03735113144	-1368
8.03790712357	-1368
8.0381500721	-1368
8.03890419006	-1368
8.03936219215	-1368
8.03972816467	-1368
8.04025411606	-1368
8.04064297676	-1368
8.0411131382	-1368
8.04159998894	-1368
8.04200410843	-1368
8.04305100441	543
8.0432510376	543
8.04368901253	-1368
8.04484915733	543
8.04537916183	-1368
8.04572916031	-1368
8.04691314697	-1368
8.04787611961	-1368
8.04812812805	-1368
8.04840111732	-1368
8.04956912994	-1368
8.05019617081	-1368
8.0871720314	-1368
8.08758807182	-1368
8.08806610107	-1368
8.08896398544	-1368
8.08953499794	-1368
8.09119701385	-1368
8.09146308899	-1368
8.09180808067	-1368
8.09424304962	-1319
8.09440016747	543
8.0952091217	-1368
8.09581708908	-1368
8.09786605835	-1368
8.10072207451	-1368
8.10114812851	-1368
8.10333919525	-1368
8.1045191288	-1368
8.10485100746	-1368
8.10518813133	-1368
8.10707902908	-1368
8.1074950695	-1368
8.10901403427	-1368
8.10912704468	543
8.12374520302	-1368
8.12404298782	-1368
8.12437605858	-1368
8.1292860508	-1368
8.12962007523	-1368
8.12996912003	-1368
8.13007998466	543
8.15342402458	-396
8.22971606255	-1368
8.23014712334	543
8.23099708557	-1260
8.33677220345	1057
8.3970541954	-1420
8.3970720768	-665
8.39774799347	543
8.398250103	1057
8.44041109085	543
8.54181218147	-1368
8.54196500778	-1368
8.54224514961	-891
8.5432741642	-1368
8.54355311394	-1368
8.54404711723	-1368
8.54559898376	-1368
8.54591202736	-1368
8.54716014862	-1368
8.54833006859	-1368
8.54864406586	-1368
8.54983615875	-1368
8.55330300331	-1368
8.55366921425	-1368
8.55399608612	-1368
8.55511403084	-1368
8.55551099777	-1368
8.55595707893	-1368
8.55606603622	543
8.55627918243	-1368
8.55672907829	-1368
8.55704712868	-1368
8.55741119385	-1368
8.55784416199	-1368
8.55825805664	-1368
8.5587990284	-1368
8.55914616585	-1368
8.55966711044	-1368
8.56082510948	-1368
8.56091809273	543
8.56120204926	-1368
8.56152820587	-1368
8.56268906593	-1368
8.56318998337	-1368
8.56351613998	-1368
8.56598305702	-1368
8.56635403633	-1368
8.56672906876	-1368
8.56980419159	-1368
8.56987714767	543
8.57017302513	-1368
8.57057619095	-1368
8.57322001457	-1368
8.57358598709	-1368
8.5739941597	-1368
8.57638311386	-1368
8.57666707039	-1368
8.57710814476	-1368
8.59308505058	-543
8.61196398735	-1368
8.6122200489	-1368
8.612637043	-1368
8.61386108398	-1368
8.62881016731	-165
8.65992903709	-1368
8.71308898926	-203
8.75282216072	-1368
8.77667498589	-1260
8.79056310654	-1368
8.79086399078	-1368
8.79116010666	-1368
8.8356461525	-66
8.83767414093	543
8.84622597694	-1368
8.84654307365	-1368
8.84694004059	-1368
8.84874010086	543
8.85072612762	543
8.87419605255	1057
8.89399409294	-66
8.90228509903	543
8.90265202522	1057
8.90313911438	543
8.90336918831	543
8.9528491497	1057
8.95346617699	1057
9.05737805367	-543
9.10626411438	-543
9.1108250618	-1368
9.1110022068	-1368
9.1243391037	-1368
9.12673902512	543
9.14204907417	543
9.14241600037	543
9.14260101318	543
9.17461919785	-609
9.18276500702	543
9.19363808632	-1420
9.19364309311	-1316
9.2059969902	-1368
9.20893907547	-1368
9.20900201797	-1368
9.20916104317	-891
9.21337199211	-1368
9.21357917786	-1368
9.21380209923	-1368
9.21417713165	-1368
9.21436405182	-1368
9.21450304985	-1368
9.21472215652	-1368
9.21489906311	-1368
9.21552920341	543
9.21570205688	543
9.21581912041	-1368
9.22351098061	-1368
9.22355818748	-1368
9.22395610809	-1368
9.23968315125	-1420
9.23975110054	-1420
9.23975515366	-1264
9.24746704102	543
9.25188207626	543
9.25215315819	543
9.26410913467	-1368
9.26880812645	-496
9.29196000099	-675
9.29597997665	-1368
9.29605007172	-1368
9.29622912407	-1368
9.29833698273	543
9.32906103134	-580
9.36998701096	1057
9.37084817886	543
9.37596416473	543
9.37638115883	543
9.3766810894	543
9.3878262043	-1368
9.38879299164	-1260
9.40069913864	1460
9.40080904961	111
9.40281319618	543
9.40311217308	543
9.41851902008	-543
9.45498514175	-543
9.47985100746	-1057
9.57489204407	-1057
9.62665915489	-1086
9.65067219734	-543
9.68936920166	-1368
9.69664621353	-543
9.70091509819	-1368
9.70103502274	-1368
9.70129799843	-1368
9.71147918701	-269
9.71439504623	1460
9.71445703506	625
9.78507399559	-1420
9.78509902954	-151
9.79952907562	543
9.80027604103	543
9.80052018166	543
9.80952906609	-1057
9.81090903282	1460
9.8109691143	1460
9.81100606918	1161
9.81108498573	1460
9.81112217903	1460
9.81115603447	1161
9.81125211716	1177
9.88625311852	-543
9.91369009018	-1368
9.92231011391	-543
9.9730181694	-203
9.99052619934	543
10.0349872112	-1057
10.0426521301	1460
10.0427341461	1460
10.042771101	193
10.0509850979	-1057
10.090473175	-1057
10.1611070633	-543
10.2539801598	-1057
10.2761151791	-543
10.3769631386	-543
10.387868166	1057
10.3910710812	-1368
10.4032640457	543
10.4486169815	-203
10.4499111176	1057
10.6304039955	-543
10.6742742062	-1368
10.6802761555	-1368
10.7360889912	-891
10.7589390278	-1368
10.7997729778	-1231
10.8041222095	543
10.8062710762	543
10.8760089874	-543
10.8783559799	543
10.8788480759	-1368
10.8790900707	-1368
10.9366910458	-891
10.9718220234	-1368
10.9974451065	-1231
10.9984509945	543
10.9995319843	1057
11.1387281418	-543
11.1953721046	-1420
11.195387125	-1316
11.2288691998	-1368
11.2288839817	-1368
11.2290990353	-1368
11.2561740875	-957
11.2564971447	543
11.3262541294	-1420
11.326280117	-665
11.3392841816	1057
11.3858370781	-543
11.461425066	-1368
11.4614441395	-1368
11.4635601044	-1368
11.4959821701	-66
11.5018510818	543
11.5088500977	-1368
11.5089170933	-1368
11.541011095	-1368
11.5410780907	-1368
11.5615491867	-754
11.5617229939	543
11.680961132	-543
11.7837891579	-543
11.9174690247	-1368
11.9177770615	-1420
11.9178440571	-325
11.9207210541	543
11.9239821434	543
11.9272041321	543
12.1504981518	543
12.1507220268	543
12.2719190121	-543
12.3992040157	-543
12.4675540924	-1420
12.4676220417	-665
12.4718341827	1057
12.5548770428	-543
12.8194460869	-543
12.8323609829	-543
13.9028291702	-543
14.1541781425	1057
14.4381101131	543
