0	543
0.296897172928	-543
0.512771129608	-543
1.99991798401	543
3.70764899254	543
3.89899611473	-543
3.90278100967	543
4.10355806351	-543
4.11412906647	543
4.30686712265	-543
4.3070731163	543
4.50081801414	-1420
4.50083708763	-1420
4.50090003014	-787
4.50301599503	543
4.51390814781	543
4.53560304642	543
4.69928717613	-543
4.91551613808	-1057
4.92371702194	1057
5.20524811745	-1420
5.20526504517	-1420
5.20533204079	-787
5.22214412689	-1368
5.34952807426	-203
5.34968400002	543
5.35158205032	543
5.35219311714	543
5.69878315926	-543
6.12869310379	-543
6.20381712914	-1420
6.20388507843	-1316
6.22178697586	-1420
6.22185206413	-1420
6.22189211845	-1264
6.224214077	-1368
6.22427201271	-1368
6.24871611595	-1420
6.24877715111	-1316
6.29818201065	-1420
6.29824995995	-1316
6.37725400925	-1420
6.37738609314	-1316
6.37744307518	-1368
6.37753200531	-1368
6.37757897377	-1368
6.37764596939	-1368
6.37777113914	-1368
6.37794494629	543
6.38486814499	543
6.39312696457	-1368
6.39320611954	-1368
6.39325213432	-1368
6.39341115952	-1420
6.39346313477	-1316
6.39359402657	-1368
6.3937420845	-1368
6.39702415466	543
6.40429210663	543
6.52942109108	-1420
6.52944397926	-339
6.55549907684	543
6.55719017982	543
6.56026315689	543
6.56186103821	543
6.56345796585	543
6.5754711628	543
6.57713317871	543
6.61389303207	543
6.61603713036	543
6.70747208595	-1057
6.70766496658	1057
6.80636715889	-1368
6.89433598518	-1231
6.89467406273	1460
6.89472413063	1139
6.89824509621	-1368
7.03981614113	-1231
7.04014801979	1460
7.04019498825	1139
7.1138780117	-1420
7.11390399933	-1316
7.13152098656	-1420
7.13153815269	-1316
7.13159704208	-1368
7.18187999725	-957
7.18460297585	1460
7.18465614319	625
7.30508899689	-1368
7.32355999947	-1420
7.32362103462	-1316
7.32362604141	-1368
7.32581400871	-754
7.32680702209	543
7.34384298325	-1420
7.34386014938	-1316
7.34404110909	-1368
7.34414601326	543
7.34457111359	-1368
7.3446161747	-1368
7.34475708008	-1368
7.34575414658	-1368
7.34586215019	-1368
7.34592413902	-1368
7.34791016579	543
7.350481987	543
7.36191105843	-1368
7.3620891571	-1420
7.36214399338	-1420
7.36214709282	-1264
7.36220097542	-1368
7.37205505371	-1368
7.37470316887	543
7.46739315987	-1420
7.46742010117	-1420
7.46750807762	-1264
7.46751117706	-1368
7.46758198738	-1368
7.46770405769	-1368
7.46781897545	-1368
7.46790909767	-1368
7.47046113014	543
7.47615003586	543
7.48460912704	543
7.49034905434	-1420
7.49035406113	-1316
7.49070000648	-1420
7.49070501328	-1316
7.49076104164	-1368
7.49083209038	-1368
7.49092102051	-1368
7.49105000496	-1368
7.49122810364	-1368
7.50358510017	-1368
7.50379800797	-1420
7.50380206108	-1316
7.50389504433	-1420
7.50389814377	-1316
7.50409007072	-1368
7.50419616699	-1368
7.50442910194	-1420
7.50444507599	-951
7.50467610359	543
7.50701904297	543
7.52371001244	543
7.52624201775	543
7.52886414528	543
7.53128314018	543
7.53156208992	543
7.61131501198	-1368
7.61133098602	-1368
7.61919999123	-1368
7.6194460392	-1368
7.6194729805	-1368
7.63608908653	-1368
7.63622903824	-1368
7.63629603386	-1420
7.63632512093	-1316
7.63653516769	-1368
7.63662695885	-1368
7.64216804504	-1368
7.6426410675	-1368
7.64268994331	-1368
7.64283108711	-1368
7.64291095734	-1368
7.64300894737	-1368
7.64680194855	-1221
7.6469039917	543
7.66057801247	-1420
7.66058707237	-1316
7.66197896004	-1368
7.66198515892	-1368
7.66201114655	-1368
7.66212797165	-1368
7.6722471714	-1368
7.67225217819	-1368
7.67235302925	-1368
7.69267296791	-1368
7.69299411774	-1420
7.69299817085	-1420
7.69305300713	-1420
7.69305610657	-1212
7.69311499596	-1368
7.6931180954	-1368
7.69322896004	-1368
7.69335794449	-1368
7.70117902756	-1420
7.70118808746	-1316
7.70201015472	543
7.70213699341	543
7.76713109016	-1420
7.76714801788	-1316
7.76724600792	-1368
7.76725006104	-1368
7.76735711098	-1368
7.77558302879	-1420
7.77561616898	-1316
7.7756280899	-1368
7.78438401222	-1420
7.78438901901	-1316
7.78448796272	-1368
7.78459501266	-1368
7.78472614288	-1368
7.78489398956	-1368
7.7849650383	-1368
7.78507614136	-1368
7.78520417213	-1368
7.78529214859	-1368
7.78542804718	-1368
7.78550696373	-1368
7.78561115265	-1368
7.78580403328	-1368
7.78585195541	-1368
7.78607797623	-1420
7.78608107567	-1316
7.78620409966	-1368
7.78994297981	543
7.81378412247	-1420
7.8137960434	-1316
7.8138589859	-1368
7.81397008896	-1420
7.81401801109	-1316
7.81422114372	-1368
7.81430315971	-1368
7.81430697441	-1368
7.81462597847	-1420
7.81463098526	-1420
7.81468009949	-375
7.8147611618	543
7.81490015984	543
7.83568406105	-1368
7.83575797081	-1368
7.83585715294	-1368
7.83596897125	-1368
7.83608102798	-1368
7.8362390995	-1368
7.86727809906	-1420
7.86729097366	-1420
7.86735701561	-1264
7.86736011505	-1368
7.8674800396	-1368
7.86759209633	-1368
7.86777901649	-1420
7.86778211594	-1316
7.8679599762	-1368
7.86806917191	-1368
7.86820197105	-1368
7.86829900742	-1368
7.8684091568	-1368
7.87381601334	543
7.91778612137	-1420
7.91780400276	-1420
7.91786313057	-1264
7.91797208786	-1420
7.9179930687	-1316
7.91811609268	-1368
7.91825008392	-1368
7.91851496696	-1420
7.91854405403	-1316
7.91861104965	-1368
7.93963003159	-1420
7.93964505196	-1316
7.93970417976	-1368
7.93981599808	-1420
7.93985509872	-1316
7.9399330616	-1368
7.94004607201	-1368
7.94022297859	-1368
7.94033813477	-1368
7.94379711151	543
7.94416999817	543
7.96424508095	-597
7.96445012093	543
8.02466011047	-1420
8.02467608452	-1316
8.11739516258	-891
8.25560116768	1460
8.25569105148	111
8.25691008568	1460
8.25696110725	1460
8.25701403618	1161
8.25709700584	1460
8.25713515282	1460
8.25718617439	767
8.25811100006	1460
8.25815916061	111
8.25862812996	543
8.25909113884	543
8.2594499588	543
8.31194901466	-1368
8.31434106827	-1231
8.32993102074	543
8.36957502365	-543
8.3840379715	543
8.40055012703	1057
8.41519999504	1057
8.45377111435	543
8.51102614403	-1420
8.51104903221	-1420
8.51111006737	-787
8.52901506424	-1368
8.52908396721	-1368
8.52908802032	-1368
8.5379049778	-1420
8.53791308403	-1316
8.53923511505	-1368
8.55670595169	-1368
8.55679702759	-1420
8.5568010807	-1316
8.55707502365	-1368
8.55708003044	-1368
8.55710315704	-1368
8.55724811554	-1368
8.55733203888	-1368
8.55754613876	-1368
8.58011698723	-1420
8.58014512062	-1316
8.58031916618	-1368
8.58050012589	1460
8.58054995537	111
8.5828461647	-1368
8.58297204971	-1368
8.58305907249	-1368
8.59476900101	-1420
8.59483003616	-1316
8.59483408928	-1368
8.59515213966	-1368
8.59523010254	-1368
8.59536099434	-1368
8.60676217079	-1420
8.60683107376	-1316
8.60683608055	-1368
8.61673116684	-1420
8.61674594879	-1420
8.61680102348	-1264
8.66044712067	-1420
8.66046404839	-1316
8.66051506996	-1368
8.66057801247	-1368
8.66072916985	-1368
8.66083312035	-1368
8.66090607643	543
8.66094112396	-1368
8.66107416153	543
8.66122317314	-1368
8.66129994392	-1368
8.69060015678	-1420
8.69061517715	-1316
8.69081497192	-1368
8.6996011734	-1368
8.6996409893	-1368
8.69977807999	-1368
8.69985198975	543
8.70369410515	-940
8.71391010284	-1420
8.71397209167	-1316
8.7139749527	-1368
8.77232003212	-1420
8.77234697342	-1316
8.77243113518	-1368
8.7724339962	-1368
8.77250504494	-1368
8.77260899544	-1368
8.77271914482	-1368
8.7729010582	-1420
8.77294111252	-1316
8.77310395241	-1368
8.77321910858	-1420
8.7732231617	-1316
8.78287816048	-1368
8.78289008141	-1368
8.78302812576	-1368
8.78312897682	-1368
8.78327417374	-1368
8.78333902359	543
8.78349113464	-1368
8.78358507156	-1368
8.78370308876	-1368
8.78381109238	-1368
8.78389596939	-1368
8.78395199776	543
8.78408813477	-1368
8.78426504135	-1368
8.78880405426	-1420
8.78881216049	-1316
8.78893494606	-1368
8.81398105621	-1420
8.81406211853	-1420
8.81406617165	-1264
8.81412601471	-1368
8.81418395042	-1368
8.81434512138	-1368
8.81441116333	-1368
8.8145339489	-1368
8.81482815742	-1368
8.87345910072	-1420
8.87348198891	-1316
8.87353801727	-1368
8.87360811234	-1368
8.87369704247	-1368
8.87383913994	-1368
8.87393116951	-1368
8.87404608727	-1368
8.87415909767	543
8.87419700623	-1368
8.88447713852	-1420
8.88454508781	-1316
8.88468313217	-1368
8.88472294807	-1368
8.8848221302	-1368
8.88493895531	-1368
8.88511300087	-1420
8.88515210152	-1316
8.88530111313	-1368
8.88538098335	-1368
8.88549113274	-1368
8.8856241703	-1368
8.88570213318	-1368
8.88581204414	-1368
8.88583612442	543
8.88592195511	-1368
8.90576004982	-1368
8.90582895279	-1368
8.90583300591	-1368
8.90598607063	-1368
8.90606808662	543
8.90619111061	-1368
8.90629196167	-1368
8.90646100044	-1420
8.90646505356	-1316
8.90655994415	-1368
8.90674996376	-1368
8.9068441391	543
8.90688204765	-1368
8.906883955	-1368
8.9070250988	-1368
8.90717601776	-1368
8.90726113319	-535
8.90731406212	1460
8.90735912323	111
8.96701407433	-1420
8.96705794334	-1420
8.96712708473	-1264
8.96712994576	-1368
8.96717715263	-1368
8.96726799011	-1368
8.96737408638	-1368
8.9674911499	-1368
8.96761417389	-1368
8.96778106689	-1368
8.96797513962	-1368
8.96797895432	-1368
8.98243403435	-1420
8.9824590683	-1316
8.98249816895	-1368
8.98261213303	-1368
9.01364707947	543
9.03432202339	543
9.04906415939	-960
9.07868409157	-1420
9.07879114151	-1420
9.07879495621	-1264
9.07886195183	-1368
9.07886505127	-1368
9.07892203331	-1368
9.07913208008	-1368
9.07923316956	-1368
9.07928705215	543
9.0794570446	-1420
9.07946205139	-1316
9.07950901985	-1368
9.0797419548	-1368
9.08696103096	-1368
9.08705401421	-1368
9.08714294434	-1368
9.08737516403	-1420
9.08741402626	-1316
9.08747005463	-1368
9.08760809898	-1368
9.08771014214	-1368
9.08784008026	-1368
9.08792710304	-1368
9.08807706833	-1368
9.09101605415	-1368
9.09110212326	-1368
9.0912129879	-1368
9.12568497658	1460
9.12578511238	111
9.17044615746	-1420
9.1704659462	-1316
9.17054200172	-1368
9.17054510117	-1368
9.17083501816	-1368
9.17098712921	-1420
9.17103004456	-1420
9.1710319519	-1264
9.17109704018	-1368
9.1712141037	-1368
9.17136096954	-1368
9.171448946	-1368
9.17987394333	-1368
9.179885149	-1368
9.17998313904	-1368
9.18009614944	-1368
9.18024206161	-1368
9.18028402328	543
9.18033599854	-1368
9.18044805527	-1368
9.18059301376	-1368
9.18068313599	1057
9.18071103096	-1368
9.1808180809	-1368
9.18089604378	-1368
9.18102407455	-1368
9.18622803688	-1420
9.18624401093	-1316
9.18638801575	-1368
9.18650507927	-1368
9.1866350174	-1368
9.18670415878	-1368
9.1869571209	-1368
9.18696212769	-1368
9.18701100349	-1368
9.1871740818	-1368
9.22086906433	-543
9.22460317612	-1420
9.22462916374	-1316
9.2246799469	-1420
9.22468209267	-899
9.25678515434	1057
9.27200913429	-1420
9.27203607559	-1420
9.27210211754	-1264
9.27210497856	-1368
9.27222514153	-1368
9.27233695984	-1368
9.27244710922	-1368
9.27279901505	-1420
9.2728331089	-1316
9.27294301987	-1420
9.27298307419	-1420
9.27298498154	-1264
9.27311301231	543
9.28136706352	-1368
9.28138208389	-1420
9.28144001961	-1316
9.2815310955	-1368
9.28167700768	-1368
9.28168106079	-1368
9.28193902969	-1420
9.28194403648	-1316
9.28209996223	-1368
9.28223705292	-1368
9.282310009	-1368
9.28244996071	543
9.28946709633	543
9.29107713699	543
9.29415297508	1057
9.31475114822	-1420
9.31476616859	-1316
9.31484913826	-1368
9.31486105919	-1368
9.31494307518	-1368
9.31512117386	-1368
9.31519794464	-1368
9.31527400017	-1368
9.31538796425	-1368
9.31558799744	-1368
9.31565594673	-1368
9.3159301281	-1420
9.31593298912	-1316
9.31600213051	-1368
9.3160879612	-1368
9.31634998322	-1420
9.31635308266	-1316
9.31643605232	-1368
9.31660699844	-1368
9.31667399406	-1368
9.31686210632	-1420
9.31686496735	-1316
9.31703209877	-1368
9.31719207764	-1368
9.31725811958	-1368
9.31735396385	-1368
9.3175110817	-1368
9.32604312897	543
9.3287229538	543
9.33729910851	543
9.33783507347	1460
9.33788204193	1460
9.33792710304	1161
9.33801007271	89
9.3753349781	-1420
9.37534713745	-1316
9.37543916702	-1368
9.37544202805	-1368
9.37556815147	-1368
9.37572312355	-1368
9.37576603889	-1368
9.37581300735	543
9.37593412399	-1368
9.37601304054	-1368
9.37606501579	543
9.37615513802	-1368
9.3762409687	-1368
9.40388512611	-1420
9.40390110016	-1316
9.40395903587	-1368
9.40404105186	-1368
9.40423703194	-1368
9.40433502197	-1420
9.40435695648	-1316
9.40452408791	-1368
9.40460205078	-1368
9.40473294258	-1368
9.40489411354	-1368
9.40496897697	-1368
9.40510010719	-1368
9.4052259922	-1368
9.40532302856	-1368
9.40541911125	-1368
9.40554904938	-1368
9.40564703941	-1420
9.40567016602	-230
9.41217017174	543
9.41404795647	543
9.42321705818	543
9.42355895042	1460
9.42360496521	1460
9.42364096642	193
9.4264819622	1460
9.42655110359	1460
9.4265871048	1161
9.42668509483	89
9.43473100662	1460
9.43482613564	1460
9.43486809731	1161
9.43497300148	89
9.43923997879	543
9.44008517265	543
9.56978416443	-1420
9.56980204582	-1316
9.56985998154	-1345
9.5699429512	-1368
9.57017302513	543
9.57022309303	-1368
9.57022595406	-1420
9.57022595406	-1316
9.57035398483	-1368
9.57049298286	-1368
9.57060909271	-1368
9.570759058	-1368
9.57083916664	-1368
9.57915711403	-1420
9.57916307449	-1316
9.57924509048	-1368
9.57934904099	543
9.57960009575	-1420
9.57960510254	-1420
9.57963514328	-1264
9.57972002029	-1368
9.57987809181	-1368
9.58007717133	-1368
9.5801820755	-1368
9.58024215698	543
9.58028817177	-1368
9.58038806915	-1368
9.5839600563	-1368
9.5840420723	-1368
9.58413815498	-1368
9.58424401283	-1368
9.5843629837	-1368
9.59044003487	-1420
9.59046411514	-1316
9.59061098099	-1368
9.59354400635	-1368
9.67982912064	-1420
9.67984700203	-1316
9.67993497849	-1368
9.67993807793	-1368
9.68005204201	-1368
9.68026709557	-1420
9.6803150177	-1316
9.68038105965	-1368
9.68052601814	-1368
9.68062615395	-1368
9.68070602417	543
9.68075013161	-1368
9.68090701103	-1368
9.6896071434	-1420
9.68961596489	-1316
9.6897110939	-1368
9.68982601166	-1368
9.6899831295	-1368
9.69012498856	-1420
9.69016599655	-1316
9.69064712524	-1420
9.69069695473	-1420
9.69070005417	-1264
9.69074511528	-1368
9.69079113007	-1368
9.69093394279	543
9.69106817245	543
9.69382596016	-1420
9.69383215904	-1316
9.69396805763	-1368
9.69413208961	-1368
9.6942191124	-1368
9.69438505173	-1420
9.69442510605	-1316
9.69456410408	-1368
9.6947259903	-1368
9.69476294518	-1368
9.69491815567	-1420
9.69492197037	-1316
9.72573900223	-1420
9.72575616837	-1228
9.76815104485	-1420
9.76817202568	-1316
9.76821994781	-1368
9.7687830925	-1420
9.76882696152	-1420
9.76883006096	-1420
9.76887607574	-1420
9.76887917519	-1160
9.76891517639	-1368
9.7689640522	-1368
9.76915407181	-1368
9.76921796799	-1368
9.76933717728	543
9.7767021656	-1420
9.77671504021	-1316
9.77691102028	-1368
9.77691602707	-1368
9.77700996399	-1368
9.77707195282	-1368
9.77721095085	-1368
9.77737998962	-1368
9.77748608589	-1368
9.77756595612	-1368
9.77763009071	543
9.77766704559	-1368
9.77785015106	-1368
9.78258395195	-1420
9.78259801865	-1316
9.78267908096	-1368
9.78284311295	-1368
9.78290200233	-1368
9.78297996521	543
9.78301715851	-1368
9.78330516815	-1420
9.78333210945	-1316
9.78338003159	-1368
9.79636311531	543
9.79758405685	543
9.82158207893	-1420
9.82159399986	-1316
9.82165002823	-1368
9.82176303864	-1368
9.82195806503	-1368
9.82195997238	-1368
9.86175704002	-1420
9.86178302765	-1316
9.86186909676	-1368
9.86188101768	-1368
9.86191916466	-1368
9.86202597618	-1368
9.86214494705	-1368
9.86233615875	-1368
9.86253094673	-1368
9.86253499985	-1368
9.86264204979	-1368
9.86274194717	-1368
9.86279606819	543
9.86681103706	-1368
9.86688399315	-1368
9.86700105667	-1368
9.86711597443	-1368
9.86721014977	-1368
9.86730003357	-1368
9.86745595932	-1368
9.86759805679	-1420
9.86761808395	-1316
9.86780810356	-1368
9.86791801453	-1368
9.86800408363	-1368
9.86972403526	543
9.871104002	-1368
9.87118697166	-1368
9.87132096291	-1368
9.88774204254	-1420
9.88779807091	-1316
9.88780212402	-1368
9.89250612259	-1420
9.89252209663	-1316
9.89296102524	-1420
9.89296507835	-1126
9.89570808411	543
9.97475099564	-1420
9.97477698326	-1316
9.97482395172	-1368
9.97493195534	-1368
9.97501707077	-1368
9.97513699532	-1368
9.97524595261	-1368
9.97536015511	-1368
9.97548913956	-1368
9.97562599182	-1368
9.97569513321	-1368
9.97579407692	-1368
9.98399615288	-1420
9.98400402069	-1316
9.98412108421	-1368
9.98433494568	-1420
9.98435997963	-1316
9.98448204994	-1368
9.98460316658	-1368
9.98466205597	543
9.98470497131	-1368
9.9848279953	-1420
9.98485708237	-1316
9.98510909081	-1368
9.98519706726	-1368
9.9852771759	543
9.98981595039	-1368
9.98995900154	-1420
9.9899930954	-1316
9.99023795128	-1368
9.99048709869	-1420
9.99049210548	-1316
9.99054098129	-1368
9.99058914185	-1368
10.0067579746	-1420
10.0067830086	-1420
10.0068500042	-1264
10.00685215	-1368
10.00695014	-1368
10.0070719719	543
10.0071191788	-1368
10.0072431564	-1368
10.0450661182	-655
10.0625841618	-1420
10.0626521111	-1316
10.0626561642	-1368
10.0627441406	-1368
10.0628290176	-1368
10.0629360676	-1368
10.0630421638	-1368
10.0632221699	-1368
10.0633080006	-1368
10.0634660721	-1420
10.0634710789	-1316
10.0636711121	-1368
10.0701780319	-1420
10.070207119	-1316
10.0702841282	543
10.0704350471	-1368
10.0705411434	-1420
10.0705730915	-1316
10.0706441402	-1368
10.0707709789	-1368
10.0708680153	-1368
10.0710151196	-1368
10.0710840225	-1368
10.07122612	-1368
10.0713119507	-1368
10.0715589523	543
10.0772330761	-1420
10.0772409439	-1316
10.0773310661	-1368
10.0906770229	-1368
10.0907549858	-1368
10.0907680988	-1368
10.0945751667	-1368
10.0946700573	-1368
10.0947589874	-1368
10.1650969982	-1420
10.1651229858	-1316
10.1651601791	-1368
10.1652719975	-1368
10.1653590202	-1368
10.1655051708	-1368
10.1655910015	-1368
10.1657090187	-1368
10.1658740044	-1368
10.165995121	-1368
10.1661140919	-1368
10.166118145	-1368
10.1662831306	543
10.1683430672	543
10.17334795	-1368
10.1735060215	-1368
10.1735470295	-1368
10.1737191677	-1368
10.1737420559	-1368
10.1738300323	-1368
10.1739640236	-1368
10.1740870476	-1368
10.1742081642	-1368
10.1742470264	-1368
10.1744000912	-1368
10.1746060848	-1368
10.1777961254	-1420
10.1778039932	-1420
10.1778509617	-1264
10.1778969765	-1368
10.1780469418	1057
10.1782491207	-1420
10.1782519817	-1420
10.1783001423	-1264
10.1783721447	-1368
10.1785140038	-1368
10.1788730621	-1420
10.1789200306	-1420
10.17892313	-1264
10.1816630363	543
10.2309360504	-1083
10.2641999722	-1420
10.2642631531	-1316
10.2642691135	-1368
10.2643101215	-1420
10.2645709515	-1316
10.2645940781	-1368
10.2646450996	-1368
10.2649490833	-1368
10.2649540901	-1368
10.2649831772	-1368
10.2651090622	-1368
10.2655279636	-1368
10.2656161785	543
10.2710440159	-1420
10.2710621357	-1316
10.2710981369	-1368
10.2712190151	-1368
10.2713079453	-1368
10.2714240551	-1368
10.271531105	543
10.2715811729	-1368
10.2717959881	-1368
10.2718160152	-1368
10.2718551159	-1368
10.2720470428	-1368
10.2754471302	-1368
10.2783350945	-1368
10.2784500122	-1368
10.2816989422	-1368
10.2818260193	543
10.2872350216	-1420
10.2872431278	-1316
10.2873599529	-1368
10.2892780304	-1368
10.2893459797	-1368
10.2894580364	-1368
10.2971270084	-1420
10.2971360683	-1316
10.2972540855	-1368
10.3195569515	-1420
10.3196079731	-1316
10.3196120262	-1368
10.3197569847	543
10.3631920815	-1420
10.3632111549	-1316
10.3632581234	-1368
10.3632609844	-1368
10.3633630276	-1368
10.3636050224	-1420
10.3636469841	-1316
10.3637201786	-1368
10.3638660908	-1368
10.3639550209	-1368
10.3641409874	-1368
10.3642680645	-1368
10.3668119907	543
10.3671989441	543
10.3701300621	-1420
10.3701479435	-1420
10.370196104	-1264
10.3701989651	-1368
10.3702299595	-1368
10.3703780174	-1368
10.3704950809	-1368
10.3705821037	-1368
10.3707129955	-1368
10.3710901737	-1420
10.3711330891	-1420
10.3711359501	-1264
10.3712489605	543
10.3743569851	-1420
10.3743810654	-1316
10.3744261265	-1368
10.3745191097	-1368
10.3745889664	-1368
10.374753952	-1368
10.3747720718	543
10.3809540272	-1368
10.3810200691	-1368
10.4220349789	-1368
10.4220869541	-1420
10.4220919609	-1316
10.4221200943	-1368
10.4222049713	-1420
10.4222331047	-396
10.4825630188	-1368
10.4983870983	543
10.5929629803	-203
10.6082320213	543
10.8155081272	-1057
10.8165221214	1057
10.8670120239	-1420
10.8670389652	-1420
10.8671040535	-1264
10.8671071529	-1368
10.8674271107	-1368
10.8674321175	-1368
10.8678660393	-1368
10.8682899475	-1368
10.8686430454	-1368
10.8688001633	-1420
10.8688421249	-1316
10.8781940937	-1368
10.8845281601	-1420
10.8845350742	-1316
10.8888700008	-1420
10.8888781071	-1316
10.8889329433	-1368
10.8890349865	543
10.8955490589	-1420
10.8955760002	-1316
10.8956079483	-1368
10.8983490467	-1420
10.8984050751	-1316
10.899009943	-1368
10.9616401196	-1420
10.9616589546	-1316
10.9617171288	-1368
10.9619350433	-1420
10.9619779587	-1420
10.9619801044	-1264
10.9620611668	-1368
10.9622011185	-1368
10.9623000622	543
10.9624760151	-1420
10.9624791145	-1316
10.9626200199	-1368
10.9626231194	-1368
10.9627649784	-1368
10.9628679752	543
10.9707510471	-1420
10.9707591534	-1316
10.9708211422	-1368
10.9709601402	-1420
10.9710011482	-1316
10.9711961746	-1368
10.9713320732	-1368
10.9714090824	-1368
10.9715521336	-1368
10.9716460705	-1368
10.9717609882	-1368
10.9718871117	-1368
10.9748921394	-1420
10.9748980999	-1316
10.9750349522	-1368
10.9751811028	-1368
10.9752759933	-1368
10.9784390926	-1368
10.9813160896	-1368
10.9813230038	-1368
10.9832260609	-1275
10.9833159447	543
10.9848611355	-1368
10.9849891663	-1368
10.9879350662	-1368
11.0099620819	-1368
11.0100800991	-1368
11.0598120689	-1368
11.0599679947	543
11.1068999767	543
11.1340310574	-1189
11.134747982	543
11.1352350712	543
11.2654180527	-1368
11.3212039471	-717
11.3741910458	543
11.5587561131	-543
11.55904603	543
11.5791909695	-1368
11.7194361687	-717
11.7196471691	543
11.7384300232	543
11.7684540749	543
11.8054959774	-1420
11.8055119514	-1316
11.8055529594	-1368
11.8057460785	543
11.8418531418	1057
11.8457021713	-1368
11.9008791447	-783
11.9031629562	543
11.9138610363	543
11.9144051075	543
11.9261100292	-543
11.9262201786	543
12.0037260056	543
12.0126149654	-1420
12.012622118	-1316
12.0286180973	-1368
12.0433340073	-66
12.0462970734	543
12.0996751785	-543
12.0999209881	543
12.1081960201	-1420
12.1082060337	-1316
12.126486063	-1368
12.1290490627	543
12.1889021397	-66
12.1907401085	543
12.30341506	-1368
12.318187952	1460
12.3182859421	625
12.3355109692	-232
12.3625221252	-543
12.3756210804	-1368
12.3756480217	-1420
12.3756520748	-839
12.377779007	543
12.3839931488	543
12.4772410393	-1057
12.4779341221	543
12.4912371635	-543
12.5088670254	-1420
12.5089330673	-1420
12.5089390278	-787
12.5159790516	543
12.5268931389	543
12.5603599548	-1368
12.5619151592	1057
12.5925340652	-543
12.5927510262	543
12.6218521595	-232
12.6565890312	-543
12.7021870613	-1368
12.7036161423	1057
12.7451660633	-543
12.7493979931	543
12.7656559944	-1260
12.7668190002	1057
12.8305840492	-543
12.9007380009	-1368
12.9070081711	-717
12.9267780781	543
12.9332010746	-1057
13.0485930443	-1057
13.0861470699	-1057
13.0876071453	1460
13.0877850056	1460
13.0878281593	193
13.1946451664	-1057
13.1948390007	543
13.1962809563	543
13.3404171467	-543
13.3406009674	543
13.4058971405	-1420
13.4059131145	-1316
13.4208221436	-543
13.4281811714	-1368
13.4822609425	-66
13.4843349457	543
13.4851000309	543
13.5327651501	-543
13.6271009445	-543
13.7016880512	-1420
13.7017159462	-1316
13.7235929966	-1368
13.7688200474	-580
13.771900177	543
13.7750680447	543
13.9027349949	-1368
13.9123170376	-717
13.9156999588	543
14.05382514	-543
14.3102400303	-1420
14.3103141785	-665
14.3119580746	1057
14.6077129841	-1057
14.608369112	543
14.6088910103	543
14.9054839611	-543
14.9153921604	543
14.9290709496	543
15.0036151409	543
15.0584480762	-543
15.0586390495	543
15.2061121464	-543
15.2064871788	543
15.4035730362	-1420
15.403594017	-1420
15.4036540985	-787
15.4195649624	-1420
15.419629097	-1316
15.4196331501	-1368
15.4197850227	543
15.4204750061	543
15.4209580421	543
15.4357409477	-1420
15.435762167	-1316
15.5699629784	-443
15.5782141685	543
15.5830769539	-543
15.6051700115	-1420
15.6051840782	-1316
15.6272220612	-1420
15.6272380352	-1316
15.7113261223	-1268
15.7158370018	543
15.7160820961	543
15.8527121544	-543
15.8529160023	543
15.9017820358	-1420
15.9017989635	-1316
15.9240701199	-1368
15.9240870476	-1368
15.9943680763	-1268
15.9945580959	543
16.0000910759	543
16.0002379417	543
16.1148240566	-1420
16.1148409843	-1316
16.1405720711	-1420
16.1405880451	-1316
16.1406521797	-1368
16.1410331726	-1368
16.1410889626	-1368
16.1413221359	-1368
16.1490001678	-1368
16.1546449661	-198
16.1906151772	543
16.2047591209	-1420
16.2047660351	-1316
16.2636020184	-1368
16.2958950996	-66
16.3004760742	543
16.6043169498	-543
16.604539156	543
16.797494173	-543
16.8225030899	543
16.8228590488	543
16.9772620201	-543
17.0036251545	543
17.0159370899	-1420
17.0160081387	-1420
17.0160529613	-273
17.0184390545	543
17.0190651417	543
17.3994250298	-543
17.4512660503	-543
17.6206321716	-543
17.6207790375	543
17.8216431141	-1420
17.8216600418	-665
17.823210001	1057
18.2004230022	-543
