0	543
1.00000405312	543
1.12124300003	-543
2.25999093056	-543
3.01387190819	-543
3.66037201881	543
3.68413186073	543
3.89781689644	-543
4.20964193344	-543
4.22046995163	1057
4.39028406143	-543
4.41505599022	-1420
4.41511583328	-1316
4.54321789742	-891
4.54543089867	543
4.54753494263	543
4.54836392403	543
4.54857993126	543
4.56086802483	543
4.7231938839	-543
4.85972094536	-1420
4.85980200768	-1420
4.85984587669	-1264
4.89444494247	-609
4.92179584503	543
4.92374491692	543
4.92995905876	543
4.93863606453	-543
5.02262997627	-1057
5.17876696587	-543
5.30374598503	-1368
5.36131906509	-232
5.36240005493	543
5.99328494072	543
5.9933848381	543
6.082228899	-1420
6.08224701881	-1179
6.08393502235	543
6.08666205406	-1368
6.21036291122	-1420
6.21043586731	-1420
6.21047401428	-1264
6.25461101532	-1420
6.25467705727	-1316
6.33854389191	-1420
6.33861994743	-1420
6.33865904808	-1420
6.33870100975	-1212
6.38298487663	-1420
6.38305997849	-1420
6.38311100006	-1264
6.39490199089	1057
6.39871883392	1057
6.41139888763	1057
6.46676087379	-1420
6.46677684784	-1420
6.46683287621	-1420
6.46683692932	-1420
6.46687293053	-1160
6.46703886986	543
6.51122903824	-1420
6.51124691963	-1420
6.511302948	-1420
6.51130604744	-1212
6.59496998787	-1420
6.59498596191	-1316
6.59505796432	-984
6.63400006294	1057
6.63563203812	1057
6.63721394539	1057
6.63885784149	1057
6.64052891731	1057
6.65045690536	1057
6.65250992775	1057
6.67792105675	-1420
6.67794585228	-1420
6.67799687386	-1264
6.67895698547	-1420
6.67898893356	-1316
6.68665194511	-1368
6.68698787689	-1420
6.68699502945	-1316
6.69123601913	1057
6.70689105988	1057
6.73854899406	-1420
6.73856496811	-1420
6.73862600327	-1264
6.74119496346	543
6.74985098839	543
6.75068998337	1460
6.75074887276	625
6.76235389709	-1420
6.76237487793	-1316
6.80591201782	-496
6.80871796608	543
6.84322094917	-1420
6.84323692322	-1420
6.84329104424	-1264
6.84573101997	-1368
6.84588289261	543
6.86523389816	-1368
6.86595582962	-1368
6.87679600716	-1420
6.87682104111	-1316
6.88256192207	543
6.88336706161	-1420
6.88337182999	-1316
6.88630390167	-1420
6.88631391525	-1316
6.88636183739	-1368
6.89116501808	-1420
6.89122390747	-1420
6.89122891426	-1264
6.9123249054	543
6.9198589325	543
6.97143888474	-1420
6.97146606445	-1420
6.97149991989	-1420
6.97150301933	-1420
6.97152090073	-1160
6.97562384605	543
6.97829198837	-543
6.99351501465	-1420
6.99353098869	-1420
6.99358797073	-1264
7.0050740242	-1420
7.00514602661	-1420
7.00514984131	-1420
7.00518894196	-1212
7.00765800476	543
7.01152992249	-1369
7.01449584961	543
7.01475191116	543
7.0197789669	-1368
7.01984500885	543
7.01996302605	-1368
7.02989983559	-1420
7.02995300293	-1420
7.02995705605	-1264
7.03428888321	-1420
7.03429293633	-1420
7.03433203697	-1264
7.09979104996	-1420
7.09980893135	-1420
7.09988284111	-1420
7.09988689423	-1420
7.0999519825	-1420
7.09995484352	-1108
7.12158083916	-1420
7.12160587311	-1420
7.12164497375	-1420
7.1216468811	-1212
7.13330101967	-1420
7.13331794739	-1420
7.1333630085	-1420
7.13336706161	-1420
7.13338398933	-1160
7.13968706131	-1420
7.13979196548	-1420
7.13979887962	-1264
7.14011502266	543
7.14028787613	543
7.14819383621	-1420
7.1482000351	-1420
7.14824295044	-1264
7.15827703476	-1420
7.15834188461	-1420
7.15834593773	-1420
7.15839385986	-1212
7.16264796257	-1420
7.1626958847	-1420
7.16269898415	-1420
7.16274499893	-1212
7.1628279686	543
7.16310191154	543
7.16330504417	543
7.16988396645	543
7.17018294334	1460
7.17023706436	1139
7.17041492462	1460
7.17045783997	1460
7.1704928875	1161
7.17059397697	89
7.17110896111	543
7.17135000229	543
7.18029785156	543
7.18052792549	543
7.18092799187	543
7.18115901947	543
7.22841596603	-1420
7.22843289375	-1420
7.22848892212	-1420
7.22849202156	-1420
7.22852683067	-1420
7.22852897644	-1108
7.24988698959	-1420
7.24990606308	-1420
7.24996900558	-1420
7.24997186661	-1420
7.25001001358	-1160
7.25001192093	-1368
7.26136398315	-1420
7.26137900352	-1420
7.26142787933	-1420
7.2614300251	-1420
7.26146483421	-1160
7.26796984673	-1420
7.26803088188	-1420
7.26803588867	-1420
7.2680709362	-1420
7.26807403564	-1160
7.27257084846	543
7.27280402184	543
7.27659702301	-1420
7.27660989761	-1420
7.27666306496	-1420
7.27666592598	-1212
7.28649401665	-1420
7.28650999069	-1420
7.2865550518	-1420
7.28655791283	-1212
7.28657388687	-1368
7.29078698158	-1420
7.29084992409	-1420
7.29085302353	-1420
7.29088997841	-1212
7.29089283943	-1368
7.29592084885	543
7.33999085426	1057
7.34300899506	543
7.34488487244	543
7.3457570076	543
7.3459918499	543
7.35686397552	-1420
7.35689401627	-1420
7.35696101189	-1264
7.35696387291	-1420
7.35700798035	-1316
7.35701084137	-1368
7.37014198303	543
7.37797284126	-1420
7.37798690796	-1420
7.3780708313	-1420
7.37807393074	-1420
7.37814092636	-1160
7.37814283371	-1420
7.37819099426	-1316
7.37819385529	-1420
7.37822794914	-1316
7.3896780014	-1420
7.38972592354	-1316
7.38972997665	-1420
7.38977503777	-1420
7.38977694511	-1264
7.39001202583	543
7.39026689529	543
7.39612793922	-1420
7.39613485336	-1420
7.39620995522	-1264
7.39621305466	-1420
7.39625692368	-1420
7.39626002312	-1420
7.39630198479	-1212
7.40476799011	-1420
7.40484189987	-1420
7.40484499931	-1420
7.40488195419	-1212
7.40488386154	-1368
7.41469788551	-1420
7.41471004486	-1420
7.41476583481	-1420
7.41476798058	-1420
7.41481804848	-1160
7.41910600662	-1420
7.41918802261	-1420
7.41919088364	-1420
7.41923499107	-1420
7.41923689842	-1160
7.41927504539	-1368
7.42487001419	-1420
7.42490005493	-1316
7.48531699181	-1420
7.4853348732	-1420
7.48539090157	-1420
7.48539400101	-1420
7.48543095589	-1160
7.48543405533	-1420
7.485476017	-1316
7.50633692741	-1420
7.50635099411	-1420
7.50641584396	-1420
7.50642800331	-1420
7.5064740181	-1160
7.50647592545	-1368
7.50655794144	-1420
7.50655984879	-1420
7.50661683083	-1264
7.50662088394	-1420
7.50665593147	-1420
7.50665903091	-1264
7.50669288635	-1368
7.50688099861	543
7.51791286469	-1420
7.51793003082	-1420
7.51797485352	-1264
7.51797795296	-1420
7.51801204681	-1420
7.51801395416	-1264
7.51804900169	-1368
7.52440595627	-1420
7.52445793152	-1420
7.52446198463	-1420
7.52449798584	-1212
7.52449989319	-1420
7.52453398705	-1420
7.52453589439	-1264
7.52456998825	-1368
7.52477502823	543
7.53306698799	-1420
7.53308200836	-1420
7.53312492371	-1420
7.53312802315	-1420
7.53314399719	-1420
7.53315091133	-1108
7.5430829525	-1420
7.54310584068	-1420
7.54316496849	-1420
7.54316782951	-1420
7.54323887825	-1160
7.54324197769	-1368
7.54725289345	-1420
7.54725885391	-1420
7.54731893539	-1420
7.54732084274	-1212
7.54736495018	-1420
7.54736685753	-1420
7.54740786552	-1264
7.54741001129	-1420
7.54745197296	-1316
7.55317997932	-1420
7.55322504044	-1420
7.55322790146	-1264
7.55336284637	1057
7.61371803284	-1420
7.61374592781	-1420
7.6138010025	-1420
7.61380386353	-1420
7.61383986473	-1160
7.61384296417	-1420
7.61387705803	-1420
7.61387896538	-1420
7.61391997337	-1420
7.6139228344	-1160
7.634567976	-1420
7.6345808506	-1420
7.63467288017	-1420
7.63467597961	-1212
7.63472986221	-1420
7.63473296165	-1420
7.63478899002	-1264
7.63479185104	-1420
7.63482689857	-1316
7.63482999802	-1420
7.63489890099	-1316
7.6349029541	-1420
7.63494086266	-1420
7.6349439621	-1264
7.63497805595	-1420
7.63498091698	-1316
7.64003396034	543
7.64604902267	-1420
7.64607787132	-1420
7.6461379528	-1420
7.64614105225	-1212
7.64618086815	-1420
7.64618301392	-1420
7.64621686935	-1264
7.6462199688	-1368
7.64629101753	-1368
7.64643096924	543
7.64665389061	543
7.65273094177	-1420
7.6527838707	-1420
7.65283894539	-1420
7.65284085274	-1212
7.65287590027	-1420
7.65287899971	-1420
7.65291285515	-1264
7.65291500092	-1420
7.65294885635	-1420
7.6529519558	-1264
7.66120386124	-1420
7.66121792793	-1420
7.6612598896	-1420
7.66126203537	-1420
7.66127991676	-1420
7.66128087044	-1420
7.66130590439	-1056
7.66130900383	-1368
7.66132497787	-1368
7.67139983177	-1420
7.67146492004	-1420
7.67146897316	-1420
7.67150497437	-1420
7.67150688171	-1420
7.67154097557	-1108
7.67154288292	-1368
7.67458486557	1460
7.67466688156	111
7.67530083656	-1420
7.67530703545	-1420
7.67538094521	-1264
7.67538285255	-1420
7.67542099953	-1316
7.67548084259	-1420
7.6755259037	-1316
7.67561793327	-1420
7.67566490173	-1316
7.6756670475	-1368
7.675812006	-1420
7.67581486702	-1420
7.67585206032	-1264
7.67752194405	543
7.68144488335	-1420
7.68146395683	-1420
7.68152785301	-1420
7.68153095245	-1212
7.70548796654	543
7.70846390724	543
7.71441888809	543
7.71682786942	543
7.72031497955	1460
7.72037100792	111
7.73772287369	1460
7.73780584335	1460
7.73784399033	1161
7.73788690567	1460
7.73793292046	1460
7.73801088333	1161
7.73808193207	1460
7.73815202713	1460
7.73819804192	1161
7.73827004433	1460
7.73830604553	291
7.73945093155	1460
7.73949885368	1460
7.73954296112	1161
7.73965501785	1117
7.74191594124	-1420
7.74192404747	-1420
7.74200296402	-1264
7.74200701714	-1420
7.74204492569	-1420
7.74204802513	-1420
7.74208283424	-1212
7.74213886261	-1420
7.7421810627	-1420
7.74218392372	-1244
7.74430799484	543
7.74722599983	543
7.74800992012	1460
7.74805903435	111
7.74824595451	1460
7.74829101562	111
7.90860199928	-543
7.92282795906	-1368
7.9314558506	-1368
7.93310499191	-1420
7.93316197395	-1420
7.93316602707	-1264
7.93423891068	-1420
7.93424606323	-1420
7.9342880249	-1264
7.94083690643	-1420
7.94089102745	-1316
7.94222402573	-1420
7.94227004051	-1420
7.94227194786	-1264
7.94378685951	-1420
7.94379091263	-1420
7.9438290596	-1264
7.9488568306	-1420
7.94893288612	-1420
7.94893693924	-1420
7.94897484779	-1420
7.94897699356	-1160
7.94901204109	-1368
7.9491610527	543
7.9493060112	543
7.96548604965	-1420
7.9655020237	-1420
7.96556091309	-1264
7.96990203857	-1420
7.96996688843	-1420
7.96997189522	-1264
7.97103595734	-1420
7.97104096413	-1316
7.97521805763	-1420
7.97522997856	-1316
7.98627901077	-1420
7.98629593849	-1420
7.98635292053	-1264
7.98993086815	-1368
7.99001502991	-1420
7.99001789093	-1316
7.99199485779	543
7.99326086044	543
7.99437594414	-1420
7.99438285828	-1316
7.99887704849	-1420
7.99888896942	-1420
7.99892306328	-1264
8.00782084465	-1420
8.00788593292	-1420
8.00789093971	-1264
8.0090110302	-1420
8.00901603699	-1420
8.00905704498	-1264
8.00995492935	-1420
8.00999689102	-1420
8.00999903679	-1264
8.02179694176	-1420
8.02181887627	-1420
8.0218629837	-1264
8.03006696701	-1420
8.0301220417	-1420
8.0301258564	-1264
8.03106999397	-1420
8.0310819149	-1420
8.03112101555	-1264
8.03554606438	-1420
8.03559088707	-1420
8.03559398651	-1264
8.03619289398	-1420
8.0361969471	-1420
8.0362329483	-1264
8.03747701645	-1420
8.03752589226	-1420
8.03752803802	-1264
8.03779387474	-1420
8.03779697418	-1420
8.03783392906	-1264
8.03993296623	1057
8.04240298271	-1368
8.04660701752	-1420
8.04665899277	-1316
8.04690885544	-1420
8.04694700241	-1420
8.04694890976	-1264
8.04743790627	-1368
8.04809594154	-1368
8.04859495163	543
8.05158686638	-1420
8.05160284042	-1419
8.06218385696	-1420
8.0622048378	-1316
8.06226205826	-1368
8.0627720356	-1420
8.06281089783	-1316
8.06289100647	-1368
8.06317090988	-1420
8.06318187714	-1316
8.06321883202	-1368
8.0689868927	-1420
8.0690279007	-1420
8.06903100014	-1264
8.06920099258	543
8.06944990158	543
8.07026600838	-1420
8.07027196884	-1316
8.07670283318	-1368
8.08623385429	-1420
8.0863199234	-1420
8.08632397652	-1420
8.08639001846	-1420
8.08639287949	-1160
8.08644390106	-1368
8.08644604683	-1420
8.08648204803	-1316
8.0866830349	543
8.09846496582	-1420
8.09848189354	-1420
8.09854102135	-1420
8.09854388237	-1212
8.10280299187	-1420
8.10280990601	-1420
8.10285401344	-1264
8.10450792313	-1368
8.11295604706	-1420
8.11297702789	-1420
8.11302900314	-1420
8.11303186417	-1212
8.1130669117	-1368
8.11326599121	-1368
8.11415696144	-1368
8.13007092476	-1420
8.13013100624	-1316
8.13595604897	-1420
8.1360039711	-1316
8.13613796234	543
8.14166593552	-1420
8.14168095589	-1420
8.14173197746	-1264
8.17962098122	-360
8.36557197571	-1057
8.56769704819	-1420
8.56772303581	-1420
8.56777787209	-787
8.56795096397	543
8.57448101044	-1420
8.57449603081	-1316
8.57465696335	-1368
8.57704687119	-1420
8.57709503174	-1316
8.57713198662	-1368
8.57957983017	-1420
8.57958984375	-1316
8.5796558857	-1368
8.58204984665	-1420
8.58211183548	-1420
8.5821158886	-1264
8.58763003349	-1420
8.58765506744	-1316
8.58792996407	-1368
8.5896730423	-1368
8.58993601799	-1420
8.58993983269	-1316
8.59245586395	-1420
8.59246087074	-1316
8.59323191643	-1368
8.59546089172	-1420
8.59548997879	-1420
8.59549283981	-1264
8.59577798843	-1420
8.59578299522	-1420
8.59582400322	-1264
8.59731602669	-1420
8.59737896919	-1316
8.59738087654	-1368
8.60056090355	-1420
8.6005730629	-1420
8.60062599182	-1264
8.60359597206	-1368
8.60363698006	-1420
8.60363984108	-1316
8.60529994965	-1420
8.60530591011	-1316
8.60535097122	-1368
8.60701203346	-1368
8.60716795921	1057
8.60730290413	-1420
8.60730695724	-1316
8.61136198044	-1420
8.6113679409	-1420
8.61140990257	-1264
8.61422991753	-1368
8.61907196045	-1420
8.61907887459	-1316
8.62059688568	-1420
8.62060284615	-1420
8.62064695358	-1264
8.62531399727	-1420
8.62536406517	-1420
8.62536692619	-1264
8.6311109066	-1420
8.63111805916	-1420
8.63116693497	-1264
8.63256692886	-1368
8.66724085808	-1420
8.66725206375	-1316
8.67218399048	-1420
8.67218899727	-1316
8.67256498337	-1368
8.67644095421	-1420
8.67648792267	-1420
8.67649102211	-1264
8.67705702782	1057
8.68126106262	-1420
8.68126797676	-1420
8.68130087852	-1264
8.68142986298	543
8.68450093269	-1420
8.68450784683	-1420
8.6845510006	-1264
8.69043803215	-1420
8.69048500061	-1420
8.69048905373	-1264
8.6956949234	-1165
8.69991183281	543
8.7070119381	-1368
8.70708990097	-1368
8.70825600624	-1420
8.70826101303	-1420
8.70830488205	-1264
8.72041296959	-1420
8.720484972	-1420
8.72048997879	-1264
8.73803591728	-1420
8.7380490303	-1420
8.73810505867	-1264
8.73994994164	-1368
8.74246191978	543
8.78144788742	-1420
8.78146386147	-1316
8.78427886963	-1420
8.78428387642	-1420
8.78432202339	-1264
8.81300783157	-1420
8.81306600571	-1420
8.8130710125	-1420
8.81308794022	-1420
8.81309103966	-1160
8.82558202744	-1368
8.82843899727	-354
8.82894086838	-1368
8.82903790474	-1368
8.83001089096	-1368
8.83024287224	-1420
8.83029484749	-1316
8.83598184586	-1420
8.83603286743	-1420
8.83603692055	-1264
8.83983302116	-1420
8.83983683586	-1420
8.83987784386	-1264
8.84100294113	-1368
8.84449005127	543
8.85053801537	-1420
8.85055685043	-1316
8.8530049324	-1420
8.85301589966	-1420
8.85307598114	-1264
8.85776996613	-1420
8.8578119278	-1316
8.85781502724	-1368
8.85793399811	543
8.86179184914	-1420
8.86179804802	-1316
8.86182999611	-1368
8.86446499825	-1368
8.86914896965	-1420
8.86915683746	-1420
8.86920499802	-1264
8.87109303474	543
8.87312984467	-1420
8.87313604355	-1316
8.87335801125	-1368
8.87543797493	-1420
8.87549090385	-1420
8.8754940033	-1264
8.87728786469	-1420
8.8772919178	-1420
8.87733197212	-1264
8.88022685051	543
8.88055706024	1057
8.88297891617	543
8.88411092758	-1420
8.88411593437	-1420
8.88416194916	-1264
8.88799595833	-1420
8.88805294037	-1420
8.88805699348	-1264
8.89567899704	543
8.89616203308	543
8.89913606644	-1420
8.89916205406	-1420
8.89919495583	-1264
8.89966392517	-1420
8.89970183372	-1420
8.89970493317	-1264
8.90071105957	-1368
8.90085601807	-1420
8.90090203285	-1316
8.91061496735	-1420
8.91068100929	-1420
8.91068601608	-1264
8.91518902779	-1420
8.91520500183	-1420
8.91526293755	-1264
8.91573405266	543
8.92667484283	-1420
8.92669200897	-1420
8.92674899101	-1264
8.92688083649	543
8.95068597794	-1420
8.95070004463	-1420
8.95075392723	-1264
8.95247793198	-1420
8.95251989365	-1420
8.95252299309	-1264
8.95289587975	543
8.95653891563	-909
8.95662689209	543
8.97033786774	-1420
8.97035384178	-1420
8.9704220295	-1264
8.97327589989	-1420
8.97331404686	-1316
8.97341799736	-1368
8.98606085777	-1420
8.98607587814	-1420
8.98613190651	-1264
8.99437403679	-1420
8.99441289902	-1316
8.99460101128	-1368
8.99476790428	543
8.99960684776	-1420
8.99961686134	-1316
9.00000286102	-1368
9.00051689148	-1420
9.00056505203	-1316
9.00114989281	-1368
9.01032686234	-1420
9.01034283638	-1420
9.01040005684	-1264
9.01127886772	-1420
9.01131796837	-1420
9.01131987572	-1264
9.02251005173	-1420
9.02253603935	-1420
9.02257490158	-1264
9.03406095505	-1420
9.03413200378	-1420
9.03413701057	-1264
9.03430700302	543
9.04845905304	-1420
9.04847884178	-1420
9.04851388931	-1264
9.04917883873	-1420
9.04922604561	-1420
9.04922795296	-1264
9.06817793846	-1420
9.06819295883	-1420
9.06824684143	-1264
9.06840896606	543
9.07947683334	-1420
9.07948589325	-1420
9.07954001427	-1264
9.0851688385	-924
9.09740591049	-1420
9.09741997719	-1316
9.09746599197	-1368
9.10933494568	-1420
9.1094019413	-1420
9.10940694809	-1264
9.12083292007	-1420
9.12085795403	-1420
9.12089586258	-1264
9.13871002197	-1420
9.13876986504	-1316
9.13877391815	-1368
9.13894987106	543
9.16757702827	-1420
9.16759204865	-1316
9.16766500473	-1368
9.16766786575	-1420
9.16776895523	-1316
9.18589496613	-1420
9.18595290184	-1420
9.18595600128	-1264
9.18930792809	-1368
9.19677090645	-1420
9.19684004784	-1420
9.19684386253	-1264
9.19701290131	543
9.20152783394	-1420
9.20153689384	-1316
9.20156598091	-1368
9.20358300209	-1420
9.20362186432	-1316
9.2039399147	-1368
9.20818185806	543
9.2095220089	-1420
9.20952796936	-1420
9.20957303047	-1264
9.21468806267	-1420
9.21473503113	-1316
9.22555398941	-1132
9.22992801666	-1368
9.23757886887	-1420
9.23761701584	-1316
9.29449892044	-1368
9.2968120575	543
9.30000090599	543
9.30025005341	543
9.35802698135	-870
9.39402699471	-1420
9.39407587051	-1316
9.39457583427	-1420
9.39461803436	-1420
9.39462089539	-1264
9.40633106232	-1420
9.40634799004	-1420
9.40638494492	-1264
9.42320084572	-1368
9.44303393364	-1368
9.51374793053	-1368
9.52204489708	-633
9.58997488022	1057
9.59569001198	543
9.64278292656	-1420
9.64280104637	-1316
9.64924001694	-1420
9.64924502373	-1420
9.6492869854	-1264
9.65005397797	-957
9.65021491051	543
9.65353488922	-1420
9.65353989601	-1420
9.65357899666	-1264
9.65365099907	543
9.65665102005	-1420
9.65665483475	-1420
9.65669298172	-1264
9.69218206406	-1420
9.69224905968	-1420
9.69225406647	-1264
9.78165698051	-1255
9.79022789001	543
10.0211939812	543
10.0720200539	-543
10.1942329407	-1420
10.1942989826	-1316
10.2000370026	-891
10.2025468349	-1420
10.202589035	-1420
10.2026238441	-1264
10.2056670189	-1420
10.2057189941	-1420
10.2057549953	-1264
10.319437027	-1368
10.3280670643	-364
10.3472809792	543
10.3479230404	543
10.3481719494	543
10.3489818573	-1420
10.3489880562	-1316
10.3560948372	-1420
10.3561069965	-1420
10.3561689854	-1264
10.3563559055	543
10.3563969135	-1420
10.3563990593	-1316
10.3564610481	-1368
10.3594808578	-1420
10.3595440388	-1420
10.3595468998	-1264
10.3719909191	1057
10.3998639584	-1420
10.3998818398	-1316
10.4082758427	-1420
10.4082930088	-1316
10.4084289074	-1368
10.4105389118	-1420
10.4105968475	-1420
10.410599947	-1264
10.4168589115	-1420
10.4168720245	-1420
10.4169068336	-1264
10.4371979237	-1420
10.4372639656	-1420
10.4372689724	-1264
10.437486887	1057
10.4415800571	-1420
10.4415860176	-1420
10.4416270256	-1264
10.4449748993	-1420
10.4450240135	-1420
10.4450280666	-1264
10.4491729736	-1420
10.4491779804	-1420
10.4492180347	-1264
10.4559910297	-415
10.4789409637	-1420
10.4789638519	-1420
10.4790029526	-1264
10.4845499992	-1420
10.4846060276	-1420
10.4846088886	-1264
10.4955949783	-1420
10.495609045	-1420
10.4956710339	-1264
10.4958410263	543
10.5091888905	-1420
10.5092048645	-1420
10.509239912	-1264
10.5339708328	-1420
10.5340359211	-1420
10.5340399742	-1264
10.5453598499	-1368
10.6070449352	-533
10.6075308323	543
10.702477932	-1368
10.7353010178	-717
10.7404098511	-1420
10.7404229641	-1316
10.7910659313	-1368
10.7914168835	543
10.8634500504	-66
10.9115409851	-1368
10.9916658401	-203
10.9999639988	543
11.0000479221	543
11.0505750179	1057
11.1319160461	-1420
11.1319320202	-1316
11.1319768429	-891
11.1321668625	543
11.1358408928	-1420
11.1358458996	-1316
11.1360969543	-1368
11.1417250633	-1420
11.1417820454	-1420
11.1417849064	-1264
11.1419570446	543
11.1446888447	-1420
11.1447088718	-1316
11.1451189518	-1368
11.1939778328	-1420
11.1939918995	-1420
11.1940360069	-1264
11.2022068501	-1420
11.20221591	-1316
11.2022638321	-1368
11.2093789577	-1420
11.209389925	-1420
11.2094390392	-1264
11.2102630138	-1420
11.2102680206	-1316
11.2105648518	-1368
11.2481398582	-1420
11.2481558323	-1420
11.2482118607	-1264
11.250510931	-1420
11.2505168915	-1420
11.2505588531	-1264
11.2506859303	543
11.2575788498	-1420
11.257586956	-1420
11.2576310635	-1264
11.2586648464	-1368
11.2588219643	-1420
11.2588260174	-1316
11.2600028515	-1269
11.3031928539	-1420
11.3032100201	-1420
11.3032448292	-1420
11.3032479286	-1212
11.3115818501	-1368
11.3119719028	-1420
11.3120248318	-1316
11.3121678829	543
11.3124918938	-1368
11.3128359318	-1420
11.3128759861	-1316
11.3130128384	-1368
11.3428459167	-1420
11.3428628445	-1316
11.3430390358	543
11.4208290577	-543
11.4274868965	-1010
11.4980828762	-1420
11.4981079102	-1316
11.5111210346	-1368
11.5500788689	543
11.5534219742	543
11.5679080486	-543
11.6053850651	-66
11.607311964	543
11.9801969528	-1057
11.9822518826	1057
11.9999518394	-1420
11.9999759197	-1316
12.0002779961	543
12.000344038	543
12.0121769905	-1420
12.0121910572	-1316
12.0122320652	-1368
12.0286319256	-1420
12.0286769867	-1316
12.0290310383	-1368
12.0295438766	-1420
12.0295479298	-1420
12.0295889378	-1264
12.0325238705	-1420
12.0325648785	-1420
12.0325679779	-1264
12.0326778889	543
12.0343630314	-1368
12.1110758781	-1358
12.1630740166	1057
12.2304079533	-1368
12.2393739223	-717
12.2645869255	1057
12.5806419849	1057
12.6190030575	-543
12.6572749615	-1420
12.657335043	-1316
12.6668858528	-1368
12.6900119781	-1368
12.6923968792	543
12.693297863	-1420
12.6933040619	-1316
12.7003469467	543
12.7014770508	-1368
12.7218120098	543
12.7474348545	-849
12.7643079758	543
12.7645869255	543
12.9137048721	-543
12.9198958874	543
12.9871609211	-1368
13.077051878	-543
13.0825328827	-1289
13.0839328766	1057
13.2105898857	-1057
13.2116868496	1057
13.3506929874	-543
13.3520948887	543
13.3827469349	-543
13.5342969894	-1057
13.557710886	1057
13.5741848946	543
13.59025383	1057
13.5909080505	1460
13.5909659863	625
13.7067010403	-543
13.8244519234	-1420
13.8244700432	-1420
13.824532032	-1264
13.8347349167	-66
13.8359289169	-1368
13.9194829464	-1420
13.9195020199	-1420
13.919549942	-1264
13.9219248295	543
13.9228520393	543
13.9342429638	-1420
13.9342589378	-1316
13.9629969597	-617
13.9642579556	543
13.9653170109	1057
14.1379740238	-543
14.3925509453	-543
14.4651169777	-1420
14.4652500153	-1316
14.4770019054	-1420
14.477077961	-1420
14.477134943	-1264
14.4830880165	543
14.4910030365	-1420
14.4910180569	-1316
14.499423027	-1420
14.4994380474	-1316
14.4996600151	543
14.502603054	-1420
14.5026190281	-1316
14.5026779175	-1368
14.513864994	-1420
14.5139410496	-1316
14.5604979992	-612
14.5787699223	1057
14.8615920544	-543
15.1115419865	-543
15.2577579021	-1420
15.2578308582	-1316
15.2794089317	-377
15.2820658684	543
15.2853369713	543
15.2919158936	543
15.3255448341	-543
15.7061479092	-543
15.8024048805	-1368
15.8956799507	-1260
15.8987770081	1057
16.3855140209	-543
16.5109670162	-543
