0	543
0.0809829235077	-543
0.645141839981	-543
0.862342834473	1057
1.34437799454	-543
1.70254302025	-1420
1.70260286331	-1420
1.70262289047	-787
1.70498800278	543
1.7227628231	543
1.72315788269	543
1.72339487076	543
1.81952381134	-543
1.82136392593	543
1.86558699608	-543
2.21328902245	-1420
2.21334695816	-665
2.35136294365	-543
3.30541491508	-543
3.79182887077	-1420
3.79189801216	-1420
3.79194498062	-273
4.00705981255	543
4.00716400146	543
4.77963781357	-543
5.04475092888	-543
5.46248483658	-1057
5.46444392204	543
5.46496891975	543
6.05478000641	-543
6.21728682518	1057
6.49001598358	-1420
6.4900829792	-1420
6.49012088776	-787
6.60691785812	-1057
6.92664694786	-1420
6.92670297623	-151
7.36036896706	-1420
7.36044692993	-1420
7.36049604416	-787
7.47733688354	-1057
7.5171790123	543
7.53050804138	1460
7.53060388565	111
7.53454589844	1057
7.57147598267	1057
7.83090782166	-543
8.00705885887	543
8.14252090454	-1420
8.14257001877	-1179
8.18172693253	-1368
8.20434594154	-1368
8.2594769001	-949
8.577657938	-543
8.58496284485	-1420
8.58501982689	-1420
8.58506393433	-273
8.66550588608	-1420
8.66559100151	-1316
8.68886804581	-1368
8.70194292068	-66
8.70389699936	543
8.70410084724	1460
8.70414686203	1139
8.75363993645	-543
8.99964785576	543
9.28138303757	-543
9.70836901665	-1420
9.70841598511	-151
10.1371729374	-1420
10.137239933	-1420
10.1372668743	-273
11.4003589153	-1420
11.4004099369	-1420
11.4004309177	-787
11.4216718674	-1420
11.421738863	-1316
11.4268839359	-1368
11.5530970097	-609
11.9756069183	-543
12.0019249916	543
12.9996478558	543
13.0806078911	-1420
13.0807659626	-1420
13.080799818	-787
13.0809218884	1057
13.1049559116	-1368
13.1413779259	-1420
13.1414430141	-1420
13.1414480209	-1264
13.1650819778	-1420
13.1650989056	-1316
13.1977288723	-1420
13.1977438927	-768
13.9709188938	-1420
13.970938921	-1420
13.9709939957	-273
14.9757988453	-1420
14.9758489132	-151
14.9759998322	543
17.1386048794	-543
17.9997370243	543
18.0779190063	-1420
18.1179828644	-1420
18.1180210114	-273
18.2493519783	-1420
18.249409914	-151
18.4568419456	-543
18.5285198689	-1420
18.5285968781	-1420
18.5286438465	-273
18.6295030117	-543
18.9558458328	-1420
18.955904007	-151
18.9776279926	-1368
18.9996409416	543
18.9997389317	543
18.9997868538	543
18.9998509884	543
18.9999408722	543
19.0725948811	-203
19.1113839149	-1368
19.1440439224	-543
19.1895029545	-203
19.650480032	-543
19.7868540287	-543
19.8266990185	-1420
19.8267669678	-1420
19.82680583	-787
19.8447198868	-1368
19.9441280365	-1231
19.9558458328	-543
19.9996318817	543
20.2442548275	-1420
20.2443058491	-151
20.2679350376	-1420
20.267993927	-1316
20.3611168861	-377
20.3612999916	543
20.6768269539	-1420
20.6768460274	-151
20.6785788536	-1368
20.7051849365	-1368
20.7576088905	1057
20.7939288616	-406
21.1094269753	-1420
21.1095108986	-1420
21.1095578671	-273
21.3218538761	-543
21.7516019344	-1420
21.7516758442	-1420
21.751721859	-787
21.7518930435	543
21.8687648773	-543
21.8707458973	543
21.8709590435	543
21.9754509926	-1420
21.9754829407	-1316
21.9879899025	-891
22.0033898354	-1420
22.0034348965	-1316
22.0038819313	-1368
22.1048560143	-66
22.4064588547	-1420
22.4065129757	-151
22.4336829185	-1420
22.4337489605	-1316
22.5232508183	-920
22.8566939831	-1420
22.8567550182	-1179
22.8843998909	1057
22.8899998665	1057
22.9738118649	-543
23.3978860378	-543
23.5234458447	-543
23.74427104	-1420
23.7443430424	-1420
23.7443828583	-787
23.8612020016	-543
23.8630959988	543
23.8657228947	-1420
23.8657279015	-1316
23.8879449368	-1368
23.8982019424	-543
23.9781088829	-66
23.9801599979	543
23.9803919792	543
24.3588118553	-543
24.5157530308	-543
24.8140058517	-1420
24.8140718937	-1420
24.8141100407	-787
24.8152298927	-1420
24.8152618408	-1316
24.8163919449	-1368
24.8169009686	-1420
24.8169529438	-1420
24.8169898987	-1264
24.8392438889	-1368
24.9309270382	-1420
24.9309768677	-971
24.9993779659	543
25.0975630283	-543
25.1280398369	-1057
25.9996340275	543
26.9996390343	543
26.9997429848	543
27.9873080254	1057
28.2399718761	-543
31.9996500015	543
34.0001659393	543
34.2080109119	-543
34.6172578335	1460
34.617347002	111
35.1260750294	-543
35.4312028885	-1420
35.4312689304	-1420
35.4313049316	-787
35.4578280449	-1420
35.4578919411	-1420
35.4579279423	-1264
35.4589648247	-1368
35.4590849876	1057
35.4797608852	543
35.4875268936	1057
35.5001049042	1057
35.5176098347	1057
35.5481538773	-269
35.9377949238	-543
35.99909091	543
35.9991929531	543
36.03210783	-543
36.1928749084	-543
36.2455108166	-543
36.3659329414	-1420
36.3659808636	-1420
36.366008997	-787
36.4505319595	-543
36.4827508926	-543
36.4847228527	543
36.4849188328	1057
36.5301439762	-1420
36.5301609039	-1316
36.5508630276	-1420
36.5508818626	-1316
36.5996320248	-754
36.6002218723	543
36.6007928848	1057
36.6011559963	1057
36.9282019138	-543
36.9791610241	-543
36.9996488094	543
36.9997458458	543
36.999838829	543
37.06833601	-1368
37.0903828144	-1420
37.0904438496	-1316
37.1153600216	-1368
37.1363949776	-298
37.297880888	-1420
37.2979559898	-151
37.4147698879	-543
37.4397280216	-1420
37.4397850037	-1316
37.4645400047	-1368
37.4739718437	-543
37.5316638947	-609
37.5337710381	543
37.5341589451	543
37.6485488415	-543
37.7737410069	-1420
37.773761034	-1420
37.7738149166	-787
37.8908748627	-543
37.8928039074	543
37.8930048943	543
37.9701769352	-543
37.9995629787	543
38.0182819366	-543
38.3445730209	-1420
38.3446240425	-665
38.3881018162	-1420
38.3881678581	-1420
38.3882038593	-1264
38.4615340233	-609
38.4635629654	543
38.4641358852	1460
38.4641828537	111
38.6913540363	-1420
38.6913728714	-151
38.782750845	-543
39.0249829292	-1420
39.0249979496	-1420
39.0250608921	-273
39.4063379765	-543
39.9003889561	-1420
39.900457859	-1420
39.9004998207	-787
40.0172719955	-1057
40.0191919804	543
40.350083828	-543
40.7154049873	-543
40.7399909496	-543
40.7529659271	-1368
40.8322839737	-543
40.8818068504	-717
41.4200229645	-543
41.4219999313	543
41.4223108292	543
41.4228599072	543
41.4230840206	543
41.8331189156	-543
42.0070898533	543
42.0071928501	543
42.007242918	543
42.0073919296	565
42.101847887	-543
42.2591400146	-565
42.5966620445	-1420
42.5967140198	-151
43.4292159081	-543
43.4481019974	-543
44.9996628761	543
45.5881669521	-1420
45.5883278847	-151
46.0108649731	-1420
46.0109138489	-665
46.0110518932	543
46.0132260323	543
46.0137579441	543
46.7024438381	-543
46.8792588711	-543
47.1384060383	-1420
47.1384708881	-1420
47.1385128498	-787
47.139015913	543
47.1576619148	1057
47.161438942	1057
47.2551920414	-543
47.4010648727	-543
47.7778799534	-543
47.8947799206	-543
47.9460208416	-543
47.9996869564	543
48.2170369625	-1420
48.2171039581	-1420
48.2171428204	-273
48.2674069405	-1420
48.2674729824	-1316
48.2928249836	-1368
48.3338470459	-1094
48.3359849453	543
48.336566925	543
48.7158179283	-1420
48.7158370018	-665
48.7180249691	543
48.7197568417	543
48.9781138897	-543
48.9996488094	543
48.9997508526	543
48.9998049736	543
48.9999098778	543
49.1965968609	-1420
49.1966679096	-665
49.2207980156	-543
49.4170458317	-543
49.4177088737	543
49.4716210365	-543
49.5005018711	-1420
49.5005218983	-1316
49.5339670181	-891
49.6128239632	-543
49.7048099041	-1057
50.0048468113	543
50.0049479008	543
50.004997015	543
50.263710022	-543
51.9996738434	543
52.2712059021	-543
52.4496109486	-543
53.6046659946	-543
53.999658823	543
54.3976049423	-543
58.0071220398	543
58.0072348118	543
58.988036871	-543
58.9995789528	543
59.216629982	-1420
59.2168149948	-1420
59.2168169022	-787
59.2399480343	-1368
59.3336069584	-1231
59.5270729065	-543
60.0019178391	543
60.4350378513	-543
62.904706955	-543
66.3075549603	-543
68.1742868423	-543
68.9996669292	543
69.5226349831	-1057
69.9996709824	543
70.8700349331	-543
73.662104845	-543
77.3928308487	-543
77.9996750355	543
79.2311608791	-543
80.9996709824	543
81.9996800423	543
81.9997808933	543
83.5442228317	-543
84.129639864	-543
84.8961470127	-543
89.7395858765	-543
89.8044259548	-1057
89.9996919632	543
90.805316925	-543
90.9996769428	543
92.3411548138	-543
92.7456488609	-543
94.3809130192	-543
96.1838128567	-543
96.336097002	-543
98.0071568489	543
98.007267952	543
100.415132999	-1057
100.999132872	543
100.999231815	543
101.140780926	-543
102.003651857	543
102.253944874	-1057
102.37091589	-1057
102.999680042	543
103.060050011	-543
103.322345972	-543
103.344573975	-1057
103.69290185	-1057
104.843734026	-543
105.581305981	-1420
105.581485033	-1420
105.581511974	-787
105.698293924	-1057
106.00436902	543
106.576869011	-1420
106.576925993	-151
107.99968195	543
108.001150846	-543
109.481961012	-1057
110.002601862	543
110.002705812	543
110.413538933	-543
111.246897936	-543
114.941440821	-543
115.007123947	543
