0	-543
2.47520279884	1057
2.98384189606	-543
3.30539798737	-543
3.30548882484	-1368
3.3151049614	-1368
3.43547677994	-949
3.43768692017	543
3.44689583778	543
3.46893501282	543
3.46925282478	543
3.46952486038	543
3.66940593719	-543
3.77862000465	-1368
3.83966398239	-746
3.96941399574	-543
4.09937000275	-543
4.4005689621	-1420
4.40062189102	-491
4.42895579338	-1368
4.53071689606	-949
4.53265881538	543
4.53313994408	543
5.07516980171	-543
5.34102296829	-543
5.39466786385	-543
5.39471793175	-1420
5.3947467804	-1316
5.39888691902	-1420
5.39892888069	-1420
5.39896392822	-1264
5.4047088623	-1420
5.40475082397	-1316
5.52427792549	-849
5.56428194046	543
5.58037686348	1460
5.58047485352	111
5.59093785286	1460
5.5910179615	111
5.61758899689	1460
5.61768388748	111
5.71496295929	543
6.08811283112	-543
6.09032988548	-1368
6.143876791	-1368
6.15382695198	-1368
6.15506601334	-1420
6.1551129818	-1420
6.15515089035	-1264
6.15683197975	-1368
6.15975999832	-1368
6.15988588333	543
6.17247796059	-1368
6.21821188927	-1420
6.21826291084	-1316
6.22002387047	-1263
6.39378285408	-543
6.39397883415	543
6.44244384766	-1368
6.47357487679	-1420
6.47364783287	-1420
6.47365188599	-1264
6.52144980431	-1368
6.52306985855	-16
6.54119992256	-1420
6.54121494293	-1316
6.56065297127	-1420
6.56066989899	-1316
6.57938981056	-1420
6.57940578461	-1316
6.58424782753	-1368
6.59030985832	-1368
6.5944879055	-1368
6.60043978691	-1368
6.60060977936	543
6.60670185089	-1368
6.61306285858	-1368
6.65332579613	-1321
6.72817397118	-1420
6.7281908989	-1316
6.79916286469	-1420
6.7991797924	-1316
6.80079293251	-1420
6.8007979393	-1420
6.80084180832	-1264
6.80131793022	-1368
6.80666399002	-1420
6.80666995049	-1316
6.80739688873	-1420
6.80740094185	-1316
6.80767679214	-1368
6.80786395073	-1420
6.80786800385	-1316
6.80797481537	-1368
6.80809497833	543
6.80818200111	-1420
6.80818581581	-1316
6.80826878548	-1368
6.80892395973	-1420
6.8089659214	-1316
6.80903983116	-1368
6.82239484787	-238
6.82254290581	543
6.83541488647	-1368
6.87247180939	-1420
6.87253189087	-1316
6.8905069828	543
6.91882896423	543
6.91918087006	1057
6.92320585251	1057
6.9309527874	1057
6.9536459446	-638
7.06391787529	-1420
7.0639359951	-1316
7.07239294052	-1368
7.08424186707	-638
7.1049888134	-1368
7.10605978966	1057
7.10641288757	1057
7.13594484329	-1420
7.13596081734	-1420
7.13602399826	-1420
7.13602685928	-1212
7.13606190681	-1368
7.1370549202	-1420
7.13710379601	-1316
7.13710689545	-1368
7.13721394539	543
7.13850593567	-1420
7.13850998878	-1420
7.13854789734	-1264
7.13976097107	-1420
7.1397998333	-1420
7.13980197906	-1420
7.1398358345	-1212
7.13983798027	-1420
7.13986992836	-1420
7.13987278938	-1264
7.13999795914	-1420
7.14000082016	-1420
7.14001893997	-1264
7.14310193062	-1420
7.1431479454	-1420
7.14315080643	-1264
7.14356899261	-1420
7.1435739994	-1420
7.14361691475	-1420
7.1436188221	-1420
7.14365291595	-1160
7.14371991158	543
7.14382696152	-1368
7.14389300346	543
7.14404177666	-1368
7.14415884018	-1420
7.14418196678	-1420
7.1441848278	-1264
7.14440989494	-1368
7.14458394051	-1420
7.14460992813	-1316
7.14465594292	-1368
7.14487886429	-1420
7.14488387108	-1316
7.17291092873	-1420
7.17292785645	-1316
7.17299199104	-1368
7.19384098053	-1368
7.19406795502	543
7.21062994003	-1368
7.21404385567	-766
7.3965959549	-543
7.39885997772	-1368
7.40995287895	-1368
7.41079998016	-1368
7.44161987305	-1368
7.46814680099	-1420
7.4681968689	-1420
7.46820187569	-1264
7.46864390373	-1420
7.46864891052	-1420
7.46868681908	-1264
7.46868991852	-1420
7.46872282028	-1316
7.46928882599	-1368
7.46949291229	-1368
7.46971178055	-1368
7.46979999542	-1420
7.46980285645	-1420
7.46983981133	-1420
7.46984291077	-1212
7.46989488602	-1420
7.46989679337	-1420
7.46993088722	-1264
7.46993279457	-1368
7.47004890442	-1420
7.47005200386	-1420
7.47008895874	-1264
7.47015380859	-1368
7.47024488449	543
7.4704079628	543
7.47057986259	-1420
7.47058296204	-1316
7.47086381912	-1368
7.47148680687	-1420
7.47151184082	-1316
7.47201395035	-1368
7.47230792046	-1420
7.47231292725	-1316
7.47323083878	-1368
7.47340583801	-1420
7.47342395782	-1316
7.47405290604	-1368
7.47459578514	-1368
7.47474193573	-1420
7.47475886345	-1420
7.47476100922	-1264
7.47482895851	-1420
7.47483086586	-1420
7.47486495972	-1264
7.47513389587	-1420
7.47514986992	-1316
7.47651195526	543
7.53040480614	-1420
7.53042292595	-1316
7.53123092651	-1209
7.53358387947	-1368
7.53385281563	-1368
7.53589200974	-1420
7.53594779968	-1316
7.53741693497	-1368
7.53745985031	-1368
7.53750801086	-1368
7.53762984276	543
7.5388917923	-1420
7.53889679909	-1316
7.5397028923	-1368
7.5397799015	543
7.54068899155	-1368
7.54213500023	-1368
7.54322099686	-1420
7.54322695732	-1316
7.54365897179	-1368
7.54513382912	-1368
7.54636788368	-1368
7.54834794998	-1368
7.62629795074	-1368
7.66312599182	-114
7.73799681664	-1420
7.73801493645	-1420
7.73807287216	-1264
7.74739980698	-1420
7.74745082855	-1316
7.77153682709	-1420
7.77158594131	-1316
7.77171897888	543
7.78160691261	-1420
7.78161692619	-1316
7.79467988014	-1420
7.7946908474	-1316
7.80509901047	-1368
7.80525684357	-1368
7.8137049675	-1368
7.82318496704	-1420
7.82323288918	-1420
7.82323694229	-1264
7.82441282272	-1368
7.82470297813	-1420
7.82472395897	-1316
7.82576799393	543
7.83012890816	-1368
7.83050298691	-1420
7.83055281639	-1316
7.83355593681	-1420
7.83361577988	-1420
7.83361887932	-1264
7.83852982521	-1420
7.83854293823	-1420
7.83859395981	-1264
7.84053587914	-1420
7.84055685997	-1316
7.84066295624	1057
7.8451898098	-1420
7.84520697594	-1316
7.84686493874	-1420
7.84686994553	-1316
7.84857177734	-1368
7.84857678413	-1420
7.8486289978	-1420
7.84863185883	-1264
7.84921097755	-1420
7.84921479225	-1316
7.849588871	-1420
7.84959387779	-105
7.85007500648	-1368
7.85023379326	-1368
7.85112690926	-1368
7.85180592537	-1420
7.85183787346	-1316
7.85239481926	-1368
7.85314583778	-1420
7.8531498909	-1316
7.85322380066	-1368
7.85329794884	543
7.8535888195	-1420
7.85359287262	-1316
7.85407280922	-1368
7.85470199585	-1420
7.85474181175	-1316
7.85499787331	-1368
7.85620880127	-1368
7.85716199875	-1368
7.8585729599	-1420
7.85857796669	-1316
7.8590939045	-1420
7.85909795761	-1316
7.85960197449	-1368
7.86002087593	-1420
7.86004090309	-1316
7.86014199257	-1368
7.86070489883	-1420
7.86070895195	-1420
7.86074399948	-1264
7.86081290245	1057
7.86114692688	-1420
7.86115098	-1316
7.86121892929	-1368
7.86222100258	-1368
7.86257886887	-1420
7.86258292198	-1316
7.86328101158	-1420
7.86328577995	-1316
7.86386299133	-1420
7.86386680603	-1316
7.86434292793	-1420
7.86434578896	-1316
7.86522889137	-1420
7.86523294449	-1316
7.86574578285	-1368
7.86650180817	-1420
7.86654400826	-1316
7.8665728569	-1368
7.86684894562	543
7.8672978878	-1420
7.86730194092	-1316
7.8676469326	-1368
7.86815690994	-1368
7.87048101425	-1368
7.87066888809	-1368
7.87144994736	-1368
7.87272787094	-1420
7.87275195122	-1316
7.87430381775	-1420
7.8743429184	-1420
7.87434577942	-1264
7.87474799156	543
7.87521290779	-1368
7.87538194656	543
7.87581396103	-1420
7.87581801414	-1316
7.88307094574	-1420
7.88308000565	-1316
7.89257478714	-1368
7.89271593094	543
7.97875189781	-1368
7.97888994217	543
7.97957587242	-1278
8.01332378387	-1368
8.05067801476	-1420
8.05069494247	-1420
8.05075097084	-1264
8.05265784264	543
8.05319786072	543
8.08006000519	-1420
8.08007478714	-1420
8.08011198044	-1264
8.08209586143	543
8.08262395859	543
8.08282899857	-1368
8.0832529068	-1420
8.08327698708	-1316
8.08363485336	-1420
8.08365678787	-1316
8.08365988731	-1368
8.08986186981	-1368
8.10933995247	-214
8.12466788292	-1420
8.12468290329	-1316
8.13778591156	-1368
8.13811087608	-1420
8.13813996315	-1316
8.15400886536	-1368
8.15432786942	-1420
8.15433287621	-1316
8.15438079834	-1420
8.15438294411	-1420
8.15441679955	-1264
8.15469789505	-1368
8.15495300293	-1368
8.15513896942	-1368
8.15520882607	543
8.15555596352	-1420
8.15556097031	-1316
8.15568780899	-1368
8.1557598114	-1368
8.15681886673	-1420
8.15682387352	-1316
8.15774393082	-1368
8.1580529213	-1420
8.15809178352	-1420
8.15809488297	-1264
8.15818095207	543
8.15863895416	-1420
8.15864300728	-1316
8.15867996216	-1368
8.15872693062	-1368
8.15893483162	-1368
8.15899085999	543
8.15918183327	-1420
8.15918588638	-1316
8.15929698944	-1420
8.15930080414	-1316
8.15964484215	-1368
8.15973687172	-1368
8.15975689888	-1420
8.15975999832	-1316
8.15988683701	-1420
8.15989089012	-1316
8.16000890732	-1368
8.16054391861	-1420
8.16058588028	-1420
8.16058897972	-1264
8.16111278534	-1420
8.16111683846	-1316
8.16113686562	-1368
8.16131782532	-1368
8.16133880615	-1420
8.16134190559	-1316
8.18769478798	-1420
8.18771100044	-1420
8.18776583672	-1264
8.18776893616	-1420
8.1878027916	-1316
8.1879298687	543
8.18822693825	-1420
8.18823194504	-1316
8.18859291077	-1368
8.18859791756	-1368
8.18867683411	-1420
8.18868088722	-1316
8.18974590302	-1420
8.18975281715	-1316
8.18981099129	-1368
8.18989491463	543
8.19073796272	-1368
8.19092082977	-1368
8.1928999424	-1368
8.19921088219	-1420
8.19927692413	-1420
8.19928097725	-1264
8.19943881035	543
8.2002158165	-1420
8.20022177696	-1420
8.2002530098	-1264
8.20049381256	-1420
8.20051288605	-1316
8.20129585266	-1420
8.20133900642	-1316
8.2018828392	-1420
8.20190501213	-1316
8.20203399658	-1368
8.20539999008	-1368
8.20586180687	-1420
8.20592093468	-1316
8.20642900467	-1368
8.20712995529	-1420
8.20713496208	-1316
8.20718979836	-1368
8.20727396011	543
8.20759797096	-1420
8.20760178566	-1316
8.2076728344	-1368
8.20783782005	-1420
8.20785784721	-1316
8.20802998543	-1368
8.2081258297	-1420
8.20812988281	-1316
8.20840477943	-1368
8.20848679543	-1368
8.20868897438	-1420
8.20869398117	-1316
8.20879793167	543
8.22638487816	-1368
8.22732877731	-1368
8.22742700577	-1368
8.22764086723	-1368
8.22775697708	-1420
8.22776198387	-1316
8.22818183899	-1368
8.22828578949	-1420
8.22832798958	-1316
8.22897601128	-1420
8.22901582718	-1316
8.22901892662	-1368
8.22912478447	543
8.23032283783	-1420
8.23032784462	-1420
8.2303647995	-1264
8.23058700562	-1368
8.23106980324	-1368
8.23123383522	-1420
8.23127293587	-1316
8.2314260006	-1420
8.23144578934	-1316
8.23176193237	-1420
8.23178291321	-1316
8.23183584213	-1368
8.23207187653	-1368
8.23223996162	-1420
8.2322769165	-1316
8.23298001289	-1420
8.23301792145	-1316
8.23323297501	-1420
8.23326683044	-1420
8.23326897621	-1264
8.23370480537	543
8.2337667942	-1368
8.25439882278	-1217
8.43169093132	-543
8.43197488785	-1368
8.44080901146	-1420
8.4408249855	-1420
8.44087481499	-1264
8.44182682037	-1368
8.44185996056	-1368
8.4422647953	543
8.44451379776	-1368
8.44677495956	-1420
8.44682979584	-1316
8.45104384422	-1368
8.45108389854	-1368
8.46227288246	-1420
8.46232295036	-1316
8.46244597435	543
8.46915078163	-1420
8.46916985512	-1316
8.46970081329	-1420
8.46970582008	-1420
8.46974992752	-1264
8.47162699699	-1420
8.47168087959	-1420
8.47168397903	-1264
8.52640891075	-1368
8.53069496155	-1368
8.5335547924	-1368
8.53571987152	-1368
8.53848481178	-1420
8.53849387169	-1316
8.5400159359	-1368
8.54007291794	-1368
8.54219889641	-1420
8.54220795631	-1420
8.54225277901	-1264
8.5433678627	-1420
8.54342699051	-1420
8.54342985153	-1264
8.54355382919	543
8.54516983032	-1420
8.54517793655	-1316
8.54520177841	-1368
8.54640984535	-1420
8.54645681381	-1316
8.54651379585	-1368
8.54781484604	-1368
8.54791879654	543
8.54868078232	-1368
8.54953098297	-1420
8.54957699776	-1420
8.54957985878	-1264
8.55062580109	-1420
8.55063199997	-1316
8.55175185204	-1368
8.56161689758	-948
8.56178283691	543
8.57944488525	1057
8.65035796165	-1368
8.66268086433	-1368
8.68386077881	-1368
8.68432188034	-1420
8.68437600136	-1316
8.69112992287	-45
8.83292388916	-1420
8.83294081688	-1420
8.83299684525	-1420
8.83300089836	-1212
8.8337597847	-1420
8.83376479149	-1420
8.83380293846	-1264
8.83869791031	-1420
8.83873796463	-1316
8.83874082565	-1368
8.86163783073	-915
8.87223696709	-1368
8.91722583771	543
8.99155187607	-232
9.00059986115	-543
9.08882880211	-1420
9.08884596825	-1420
9.08891201019	-1264
9.09047198296	-1420
9.09047794342	-1420
9.09051799774	-1264
9.09739899635	-1368
9.12119698524	-393
9.12190079689	1460
9.12197089195	1139
9.1223449707	1057
9.25140500069	-1086
9.30112695694	1057
9.72109889984	-543
9.78943300247	-543
9.78961396217	-1420
9.78964185715	-1316
9.80027890205	-1368
9.80870580673	-1420
9.80875682831	-1316
9.81838989258	-1420
9.8184428215	-1420
9.81847882271	-1264
9.82593488693	543
9.83369898796	-1368
9.83402180672	-1368
9.91934394836	-1002
10.0890088081	-543
10.2188239098	-543
10.2199130058	543
10.2200210094	-1420
10.2200248241	-1316
10.2204508781	1057
10.231400013	-1368
10.3450198174	-1420
10.3450357914	-1316
10.3470599651	543
10.3472428322	543
10.3482909203	-1015
10.4795467854	-543
10.4814829826	543
10.4816679955	1057
10.7404179573	-543
10.9137179852	543
10.9414188862	-543
11.1105499268	-1086
11.2269089222	-1420
11.2269599438	-1316
11.236522913	-1368
11.3208889961	-638
11.322906971	543
11.3230829239	543
11.4510519505	-543
11.4513888359	543
11.8344898224	-543
11.8677427769	-543
11.9134688377	565
11.9135718346	543
11.9136250019	543
11.9136719704	543
12.0253698826	-1368
12.1013569832	-746
12.110809803	-543
12.2309639454	-543
12.2440719604	-565
12.2471039295	543
12.7654287815	-1420
12.7654488087	-1420
12.7654998302	-439
12.7754127979	-1420
12.775482893	-1316
12.8959479332	-812
13.2087388039	-543
13.3902258873	-543
14.912997961	543
15.8847308159	-543
15.9683828354	-543
