0	-543
0.079705953598	-543
0.151587963104	543
0.151657819748	543
0.151741981506	543
0.151788949966	543
1.55014896393	-543
1.85574698448	543
1.98369288445	543
2.12902188301	-543
2.1506550312	543
2.26874780655	-543
2.52504301071	-1368
2.5253329277	-203
2.53771495819	-1368
2.65322494507	-1231
2.66347289085	543
2.66550302505	1057
3.01747083664	-543
3.0747089386	-543
3.19500684738	-543
3.36197781563	-543
3.51371002197	-1368
3.51375699043	-203
3.51539897919	543
3.93943881989	-1368
3.93948793411	-1368
3.93989086151	-891
4.06774997711	-1057
4.19406795502	-1368
4.19414281845	-1368
4.19579696655	-377
4.20659184456	-1368
4.32367491722	-203
4.45187687874	-1368
4.45212292671	-717
4.49466395378	543
4.5096039772	1368
4.51819491386	1368
4.54578995705	1368
4.6226170063	638
4.91072201729	-1368
4.91113686562	-1231
4.97857284546	-1368
4.97872686386	-1368
5.0390818119	-920
5.16726994514	-1368
5.16734194756	-203
5.16764187813	543
5.18027186394	-1368
5.23297691345	-1368
5.23304796219	-1368
5.29519486427	-580
5.29581880569	543
5.30309987068	-1368
5.30321884155	-1368
5.30328297615	-1368
5.42298293114	-66
5.42742300034	1368
5.44177794456	-1368
5.44188380241	1260
5.44189596176	-1368
5.44312596321	-1368
5.49589490891	-1368
5.49592399597	-1368
5.55095386505	-957
5.6829829216	-1368
5.69502592087	-1368
5.71551084518	-406
5.74589800835	-1368
5.74593281746	-1368
5.75841188431	-1368
5.84406495094	-580
5.93818593025	-1368
5.93824696541	-1368
5.97228002548	-920
6.0102918148	-1368
6.01037788391	-1368
6.02368593216	-1368
6.02371692657	-1368
6.10024380684	-240
6.10070300102	543
6.1181678772	-1368
6.1205239296	-1368
6.19340181351	-1368
6.19347500801	-1368
6.22833895683	-1297
6.260627985	-1368
6.2607178688	-1368
6.27141499519	-1368
6.27369999886	-1368
6.33404994011	1057
6.35958790779	-1368
6.35962295532	-1368
6.38852095604	-1160
6.41928601265	-1368
6.45487380028	-1368
6.45491480827	-1368
6.49993991852	543
6.51684784889	-580
6.51786184311	-1368
6.51789498329	-1368
6.53062582016	-1368
6.61586880684	-1368
6.61592888832	-1368
6.61594891548	-1368
6.64606881142	-1160
6.66165590286	-1368
6.70705485344	-1368
6.70708680153	-1368
6.72369289398	-1368
6.72374081612	-1368
6.77403903008	-986
6.82141900063	-1368
6.82144784927	-1368
6.8352189064	-1368
6.83587884903	543
6.86983299255	1368
6.87198781967	-1368
6.87201881409	-1368
6.90215086937	-957
6.92872881889	-1368
6.92876195908	-1368
6.9305369854	-1368
6.96315598488	-1368
6.9762198925	-1368
6.97625184059	1289
6.9762609005	-1368
7.01220798492	-1368
7.03090882301	-1368
7.0309419632	-1368
7.05703783035	-1226
7.07635903358	-1368
7.13861298561	-1368
7.1387488842	1086
7.13880491257	-1368
7.13883399963	-1368
7.17325401306	-1368
7.17334699631	-1368
7.20462989807	-617
7.3875348568	-543
7.39611387253	-1368
7.40027880669	-1368
7.4003469944	-1368
7.40067887306	543
7.4399600029	-1368
7.44363284111	-1368
7.44369602203	-1368
7.51551294327	-161
7.59246301651	-1368
7.59249186516	-1368
7.59511995316	-1368
7.63932085037	-1368
7.63935184479	-1368
7.63937091827	-1368
7.64340901375	-1189
7.65235090256	-1368
7.68536686897	-1368
7.69837403297	-1368
7.71175289154	-1368
7.71179389954	-1368
7.71180200577	-1368
7.77127099037	-675
7.77807497978	543
7.89556884766	-1368
7.89560198784	-1368
7.89563202858	-1368
7.89964389801	-66
7.90764188766	1086
7.90870285034	-1368
7.90873193741	-1368
8.02745389938	-891
8.15148091316	543
8.15162086487	-1368
8.15230202675	-1368
8.15232992172	-1368
8.15236902237	-1368
8.15238380432	-1368
8.15241384506	-1368
8.1654458046	-1368
8.19311881065	-1363
8.32093787193	-543
8.40816998482	-1368
8.40821695328	-1368
8.40825390816	-1368
8.41782879829	-1368
8.42035579681	-1368
8.42039895058	-1368
8.44923782349	-1160
8.44957494736	1057
8.5086479187	-1368
8.50871491432	-1368
8.50874996185	-1368
8.50875687599	-1368
8.5087659359	-1368
8.51534581184	-1368
8.51541090012	-1368
8.5154209137	-1368
8.53250598907	-1368
8.53260993958	-1368
8.53267598152	-1368
8.5771780014	-546
8.66310191154	-1368
8.66409087181	-1368
8.66419100761	-1368
8.66421794891	-1368
8.67409682274	-1368
8.67415595055	-1368
8.67418694496	-1368
8.67624902725	-1368
8.70522093773	-1023
8.83331990242	-1057
8.87418484688	543
8.88814687729	1368
8.9297850132	-1368
8.93838691711	-1368
8.93842697144	-1368
8.94396185875	-1368
8.94399881363	-1368
8.94400501251	-1368
8.96206092834	-1160
9.00216794014	232
9.15108799934	543
9.17542982101	-1368
9.17546892166	-1368
9.17579388618	-891
9.17590093613	-1368
9.17593288422	-1368
9.17605781555	-1368
9.17642784119	543
9.18635392189	-1368
9.18878984451	-1368
9.1888449192	-1368
9.18885493279	-1368
9.30369997025	-878
9.30479383469	543
9.43172192574	-1368
9.43267989159	-1368
9.43271899223	-1368
9.43272781372	-1368
9.43301296234	-1368
9.4330599308	-1368
9.43329787254	-161
9.44262099266	-1368
9.44269680977	-1368
9.44272685051	-1368
9.44274282455	-1368
9.57072091103	-1326
9.68723487854	-1368
9.68728995323	-1368
9.68955588341	-1368
9.68961787224	-1368
9.6902449131	543
9.69035387039	-1368
9.69037294388	-1368
9.69040203094	-1368
9.6987349987	-1363
9.7001760006	-1368
9.70021080971	-1368
9.82675290108	-377
9.82788681984	543
9.96066880226	-543
10.2462179661	-1368
10.2462458611	-1368
10.2465968132	-891
10.4118349552	-1057
10.5025599003	-1368
10.5025939941	-1368
10.5405189991	-1368
10.5405528545	-1094
10.5506789684	543
10.9714798927	-543
10.9735708237	543
11.1019937992	1057
11.3884530067	-543
11.555546999	-543
11.8009588718	-1368
11.8010578156	-1368
11.8010759354	-891
11.9289460182	-543
11.9355518818	543
12.0639979839	1057
12.1519958973	543
12.3713839054	-543
12.6457998753	-543
12.6700668335	543
13.0860068798	-1368
13.0862920284	-203
13.0970590115	-1368
13.0971119404	-1368
13.0991029739	-1368
13.2142159939	-580
13.2147109509	543
13.3422079086	-1057
14.2544879913	-543
14.4966628551	-543
