0	-543
0.389163970947	-543
0.415665864944	-543
2.75170588493	-543
3.36551189423	1057
3.61533689499	-543
3.70951795578	-543
3.74398589134	1057
4.10473299026	-543
4.19030785561	-1380
4.19034790993	-1380
4.21645784378	-867
4.27738904953	-1380
4.328166008	-1219
4.33959889412	543
4.37707591057	543
4.45135998726	543
4.70069098473	-543
4.90521597862	-1380
4.90527391434	-1380
4.90528798103	-867
4.90538787842	-1380
4.90541195869	-1380
4.90545487404	-1380
4.91530585289	-1380
4.91551089287	-1380
4.91554999352	-1380
4.9155819416	-1380
4.95409297943	1057
5.01695895195	-1380
5.01699304581	-1380
5.01701283455	-1380
5.0170340538	-1380
5.01706290245	-1380
5.01709794998	-1380
5.01712799072	-1380
5.0171558857	-1380
5.01726293564	-1380
5.01730203629	-1380
5.01733899117	-1380
5.01736903191	-1380
5.02703094482	-827
5.03165698051	1380
5.06573605537	763
5.07803106308	-1380
5.0780570507	-1380
5.07822799683	-1380
5.07831597328	-1380
5.0783469677	-1380
5.07837796211	-1380
5.1287958622	-1380
5.13883090019	-765
5.23838686943	-1380
5.23841404915	-1380
5.23843598366	-1380
5.25047683716	-573
5.25992894173	-543
5.32474684715	-1380
5.37727403641	543
5.37734389305	543
5.39854001999	-191
5.40309786797	543
5.40331983566	1380
5.51506686211	1219
5.54183888435	-543
5.54838490486	-1380
5.54841303825	-1380
5.63403201103	-1380
5.660187006	-1058
5.80142784119	-543
5.80853891373	-1380
5.80870389938	-1380
5.80873394012	-1380
5.80874085426	-1380
5.80876302719	-1380
5.80878901482	-1380
5.80888986588	-1380
5.80896997452	-1380
5.80900001526	-1380
5.8131518364	-1380
5.8132019043	-1380
5.81323289871	-1380
5.81324791908	-1380
5.81325101852	-1380
5.81327486038	-1380
5.81330299377	-1380
5.81353187561	543
5.89515089989	-1380
5.89517593384	-1380
5.89566683769	-1380
5.89570784569	-1380
5.8957388401	-1380
5.89576983452	-1380
5.89582490921	-1380
5.89585399628	-1380
5.89623999596	-1380
5.89626598358	-1380
5.89629983902	-1380
5.89632701874	-1380
5.89635491371	-1380
5.89638996124	-1380
5.89642190933	-1380
5.89651799202	-1380
5.89657688141	-1380
5.89927697182	-1380
5.89930295944	-1380
5.89932894707	-1380
5.89936184883	-1380
5.8993909359	-1380
5.92032885551	-1380
5.92035198212	-303
5.96439695358	1086
5.98084592819	-1380
5.98087286949	-1380
5.98089885712	-1380
5.98096895218	-1380
5.98100090027	-1380
5.98102998734	-1380
5.9812040329	-1380
5.981361866	-1380
5.98139405251	-1380
5.98145294189	-1380
5.98148298264	-1380
5.98151302338	-1380
5.98154401779	-1380
5.98157596588	-1380
5.98161101341	-1380
5.98164391518	-1380
5.98172187805	-1380
5.98175787926	-1380
5.98186397552	-1380
5.98189401627	-1380
5.98192501068	-1380
5.9819560051	-1380
5.98198485374	-1380
5.98206806183	-1380
5.98542904854	-1380
5.98545098305	-1380
5.98548388481	-1380
5.98572897911	-1380
5.98580002785	-1380
5.98583292961	-1380
6.03199696541	-785
6.07627296448	1086
6.15316295624	-1380
6.15319991112	-1380
6.15320897102	-1380
6.1533100605	-1380
6.15334296227	-1380
6.15337085724	-1380
6.15341591835	-1380
6.15344905853	-1380
6.1536359787	-1380
6.15385198593	-1380
6.15387892723	-1380
6.15390896797	-1380
6.15400099754	-1380
6.15403199196	-1380
6.15410685539	-1380
6.15426802635	-1380
6.15429592133	-1380
6.1543970108	-1380
6.15449786186	-1380
6.1545279026	-1380
6.15459895134	-1380
6.15477204323	-1380
6.15482187271	-1380
6.15485596657	-1380
6.15496087074	-1380
6.15498590469	-1380
6.15501499176	-1380
6.1550488472	-1380
6.15508294106	-1380
6.15511393547	-1380
6.15564990044	1380
6.18260288239	-300
6.22446298599	249
6.23441004753	-1380
6.23452305794	-1380
6.23455095291	-1380
6.2345559597	-1380
6.23456192017	-1380
6.23456501961	-1380
6.2345700264	-1380
6.23457598686	-1380
6.234582901	-1380
6.23462104797	-1380
6.23463797569	-1380
6.33453202248	-957
6.35092902184	1380
6.35098099709	1380
6.35113096237	1380
6.35114598274	1380
6.35383486748	1380
6.3545730114	1380
6.35530495644	1380
6.35605287552	1380
6.44034290314	15
6.57322692871	1057
6.63522601128	-543
6.72569704056	-1380
6.72572302818	-1380
6.72574806213	-1380
6.78649187088	-30
6.81172800064	-1380
6.81174898148	-1380
6.8117749691	-1380
6.81215286255	-1380
6.81219506264	-1380
6.8122279644	-1380
6.89822983742	-1380
6.89825701714	-1380
6.89827799797	-1380
6.89840483665	-1380
6.89843201637	-1380
6.89846086502	-1380
6.8984940052	-1380
6.89852285385	-1380
6.89855885506	-1380
6.89856386185	-92
6.898665905	543
6.98494386673	-1380
6.98496985435	-1380
6.98500084877	-1380
6.98545002937	-1380
6.9854798317	-1380
6.98551106453	-1380
6.98581194878	-1380
6.98584389687	-1380
6.98587489128	-1380
6.98611903191	-1380
6.98614692688	-1380
6.98666405678	-1380
6.9866938591	-1380
7.01028490067	-1339
7.01031684875	543
7.07112598419	-1380
7.07118296623	-1380
7.07119488716	-1380
7.07144594193	-1380
7.07146787643	-1380
7.07148003578	-1380
7.07184290886	-1380
7.07185697556	-1380
7.07186102867	-1380
7.07198786736	-1380
7.07211589813	-1380
7.07212090492	-1380
7.07219600677	-1380
7.07229185104	-1380
7.07233691216	-1380
7.12197899818	-1207
7.1572599411	-1380
7.15728783607	543
7.1573009491	-1380
7.1573548317	-1380
7.15738391876	-1380
7.15747189522	-1380
7.15817093849	-1380
7.15820384026	-1380
7.15823984146	-1380
7.15830087662	-1380
7.15844297409	-1380
7.15847086906	-1380
7.15853095055	-1380
7.15860795975	-1380
7.15866303444	-1380
7.15877795219	-1380
7.15880703926	-1380
7.15883684158	-1380
7.1589858532	-1380
7.15901684761	-1380
7.15904593468	-1380
7.15920686722	-1380
7.15923595428	-1380
7.15926384926	-1380
7.18498492241	-1380
7.18590688705	-1380
7.1859369278	-1380
7.18596887589	-1380
7.23372197151	-270
7.24466490746	-1380
7.24469304085	-1380
7.24491500854	-1380
7.2449529171	-1380
7.24500703812	-1380
7.24517703056	1380
7.24517798424	-1380
7.24523806572	-1380
7.24526596069	-1380
7.24558186531	-1380
7.24565792084	-1380
7.2458178997	-1380
7.24584698677	-1380
7.24587893486	-1380
7.24605798721	-1380
7.24608802795	-1380
7.2461810112	-1380
7.24621295929	-1380
7.24624490738	-1380
7.26461601257	-1380
7.26468205452	-1380
7.26469492912	-1380
7.26477694511	-1380
7.26502585411	-1380
7.26504206657	-1380
7.26506996155	-1380
7.26512789726	-1380
7.26530194283	-1380
7.30847001076	1335
7.32566094398	-1380
7.32572197914	-1380
7.32574391365	-1380
7.32575106621	-1380
7.3302719593	-1380
7.3303258419	-1380
7.33036088943	-1380
7.33050203323	-1380
7.33053684235	-1380
7.33056497574	-1380
7.33062791824	-1380
7.33065104485	-1380
7.33065891266	-1380
7.33091783524	-1380
7.33094882965	-1380
7.330960989	-1380
7.35116100311	-1380
7.35120606422	-1380
7.35124087334	-1380
7.35131692886	-1380
7.3513469696	-1380
7.35137605667	-1380
7.35153603554	-1380
7.35156583786	-1380
7.35159397125	-1380
7.35623884201	-187
7.37694191933	543
7.41302704811	-1380
7.41305184364	-1380
7.41308093071	-1380
7.41311788559	-1380
7.41314101219	-1380
7.41317892075	-1380
7.41331195831	-1380
7.41333985329	-1380
7.41337203979	-1380
7.41669392586	-1380
7.41716694832	-1380
7.41719484329	-1380
7.41722798347	-1380
7.4172539711	-1380
7.43698000908	-1380
7.43700003624	1086
7.43701291084	-1380
7.43703389168	-1380
7.43706202507	-1380
7.43748402596	-1380
7.43752193451	-1380
7.43756103516	-1380
7.43773293495	-1380
7.4377720356	-1380
7.43780088425	-1380
7.46792984009	-240
7.54374194145	1380
7.54375195503	1380
7.54387784004	1380
7.55468392372	1380
7.57204294205	1380
7.57758283615	1380
7.57801103592	1380
7.57801699638	1380
7.5781378746	1380
7.57814288139	1380
7.57836103439	1380
7.57836699486	1380
7.57848501205	1380
7.57870984077	1380
7.57871484756	1380
7.57883095741	1380
7.5788359642	1380
7.5790810585	1380
7.63038396835	-543
7.63040995598	1380
7.63041400909	1380
7.65580201149	1380
7.65580701828	1380
7.65592694283	1380
7.65593290329	1380
7.65604996681	1380
7.65605401993	1380
7.68402504921	1223
7.85251188278	-543
7.86421585083	-1380
7.86451101303	-1380
7.86452794075	-1380
7.86453986168	-1380
7.86496305466	-1380
7.86499190331	-1380
7.86512184143	-1380
7.8651509285	-1380
7.86517906189	-1380
7.86847496033	-1380
7.86855983734	-1380
7.86860084534	-1380
7.87735295296	-1380
7.87767386436	543
7.95102787018	-1380
7.95114088058	-1380
7.95116400719	-1380
7.95117497444	-1380
7.95118403435	-1380
7.95151901245	-1380
7.9516210556	-1380
7.95165896416	-1380
7.95177698135	-1380
7.95181488991	-1380
7.95183897018	-1380
7.95189595222	-1380
7.95193505287	-1380
7.95195794106	-1380
7.95210886002	-1380
7.95478606224	-1380
7.95484685898	-1380
7.9549908638	-1380
7.95502185822	-1380
7.95504903793	-1380
7.97597193718	-1329
7.98947501183	1086
8.03733801842	-1380
8.03736400604	-1380
8.03737401962	-1380
8.03784704208	-1380
8.03785896301	-1380
8.03788399696	-1380
8.03809785843	-1380
8.03812885284	-1380
8.03834295273	-1380
8.03854298592	-1380
8.03856992722	-1380
8.03884983063	-1380
8.03914284706	-1380
8.03916096687	-1380
8.04106283188	-1380
8.04117393494	-1380
8.04121804237	-1380
8.04124593735	-1380
8.04153084755	-1380
8.04156184196	-1380
8.04167103767	-1380
8.0418419838	-1380
8.04186987877	-1380
8.0424258709	-1380
8.04244685173	1380
8.04263591766	-1380
8.04266285896	-1380
8.10130786896	-1136
8.10134887695	249
8.12379288673	-1380
8.12389397621	-1380
8.12392306328	-1380
8.12404704094	-1380
8.12407398224	-1380
8.12410187721	-1380
8.12428593636	-1380
8.1243159771	-1380
8.12451386452	-1380
8.12474989891	-1380
8.12477993965	-1380
8.125041008	-1380
8.12521100044	-1380
8.12559485435	-1380
8.12563085556	-1380
8.12587094307	-1380
8.12590193748	-1380
8.12593102455	-1380
8.1261048317	1380
8.12713503838	-1380
8.12716388702	-1380
8.12719106674	-1380
8.13455891609	-1380
8.13460493088	-1380
8.13462805748	-1380
8.13503789902	-1380
8.13531184196	-1380
8.13539600372	-1380
8.13545703888	-1380
8.13548803329	-1380
8.1355240345	-1380
8.13573503494	-1380
8.13576793671	-1380
8.13579702377	-1380
8.16523385048	1380
8.21002793312	-1380
8.21005392075	-1380
8.21006393433	-1380
8.21050786972	-1380
8.2106180191	-1380
8.21064686775	-1380
8.21067905426	-1380
8.21070599556	-1380
8.21073698997	-1380
8.21077084541	-1380
8.21080803871	-1380
8.21083283424	-1380
8.21300196648	-935
8.21302700043	1012
8.21335983276	-1380
8.21337294579	-1380
8.21344995499	-1380
8.21381497383	-1380
8.21383285522	-1380
8.21384692192	-1380
8.21391296387	-1380
8.21394395828	-1380
8.21397089958	-1380
8.21404886246	-1380
8.21408605576	-1380
8.21412086487	-1380
8.2213408947	-1380
8.22136902809	-1380
8.22138905525	-1380
8.24797201157	-1380
8.24803900719	-1380
8.24804592133	-1380
8.24805092812	-1380
8.24808001518	-1380
8.24811601639	-1380
8.24825906754	-1380
8.24828004837	-1380
8.24830698967	-1380
8.26092600822	1380
8.29607892036	-1380
8.29610705376	-1380
8.29613089561	-1380
8.29656291008	-1380
8.2965939045	-1380
8.29662489891	-1380
8.29677987099	-1380
8.29680895805	-1380
8.29684090614	-1380
8.29695391655	-1380
8.29698395729	-1380
8.29701590538	-1380
8.3074119091	-1380
8.30744600296	-1380
8.30746889114	-1380
8.30755186081	-1380
8.30758094788	-1380
8.30762386322	-1380
8.30779695511	-1380
8.30782794952	-1380
8.30785894394	-1380
8.30800485611	-1380
8.30803704262	-1380
8.30806493759	-1380
8.32475399971	-480
8.32477402687	792
8.33219003677	-1380
8.33221197128	-1380
8.33223295212	-1380
8.33236503601	-1380
8.33239293098	-1380
8.33242297173	-1380
8.37683606148	543
8.37686800957	543
8.37688088417	543
8.37689495087	543
8.38270688057	-1380
8.38274002075	-1380
8.38277292252	-1380
8.38300395012	-1380
8.383040905	-1380
8.38308000565	-1380
8.38313984871	-1380
8.38317799568	-1380
8.38320994377	-1380
8.38339185715	1380
8.38345098495	-1380
8.38348197937	-1380
8.38351988792	-1380
8.38382697105	-1380
8.38387393951	-1380
8.38391900063	-1380
8.38412690163	-1380
8.38415884972	-1380
8.38418793678	-1380
8.38436698914	-1380
8.38439297676	-1380
8.3844268322	-1380
8.41849088669	-1380
8.41852784157	-1380
8.41856002808	-1380
8.4198820591	-1380
8.41990590096	-1380
8.41993784904	-1380
8.41996884346	-1380
8.4199988842	-1380
8.42003893852	-1380
8.42006993294	-1380
8.42009997368	-1380
8.42013001442	-1380
8.42029285431	-1380
8.42035198212	-1380
8.42038083076	-1380
8.43650794029	-963
8.43653583527	1335
8.46870589256	-1380
8.46874690056	-1380
8.46875905991	-1380
8.46878385544	-1380
8.46881103516	-1380
8.4692440033	-1380
8.46927785873	-1380
8.46930789948	-1380
8.46949791908	-1380
8.46954393387	-1380
8.46958088875	-1380
8.46973204613	-1380
8.4698638916	-1380
8.46989583969	-1380
8.46995091438	-1380
8.4700050354	-1380
8.47003388405	-1380
8.50440597534	-1380
8.50448584557	-1380
8.50450587273	-1380
8.50459098816	-1380
8.50461792946	-1380
8.5046620369	-1380
8.50470399857	-1380
8.50499391556	1380
8.50624704361	-1380
8.50629401207	-1380
8.50637698174	-1380
8.50640106201	-1380
8.50643205643	-1380
8.50663399696	-1380
8.50666594505	-1380
8.50669503212	-1380
8.50685286522	-1380
8.50693202019	-1380
8.50696206093	-1380
8.50717496872	-1380
8.50719285011	-1380
8.50720787048	-1380
8.51164603233	1380
8.54380393028	1380
8.54845690727	-1227
8.54848885536	175
8.55579090118	-1380
8.5558218956	-1380
8.55583906174	-1380
8.55587100983	-1380
8.55590200424	-1380
8.55593705177	-1380
8.55606603622	-1380
8.55610799789	-1380
8.55613994598	-1380
8.55621194839	-1380
8.55624604225	-1380
8.5562980175	-1380
8.55659198761	-1380
8.55662202835	-1380
8.55720591545	1380
8.58973193169	1380
8.59087896347	-1380
8.59090995789	-1380
8.59094190598	-1380
8.59097695351	-1380
8.59106993675	-1380
8.59219002724	-1380
8.59222388268	-1380
8.59225296974	-1380
8.5924949646	-1380
8.59252405167	-1380
8.59261798859	-1380
8.59275102615	-1380
8.59288096428	-1380
8.59291005135	-1380
8.59293794632	-1380
8.59304690361	-1380
8.5930929184	-1380
8.5931289196	-1380
8.59329104424	-1380
8.59332895279	-1380
8.59336495399	-1380
8.59356594086	1380
8.63302183151	1380
8.6364710331	-1380
8.63707304001	-1380
8.63708591461	-1380
8.66009402275	-1227
8.66012191772	880
8.6765768528	-1380
8.67659902573	-1380
8.67662501335	-1380
8.67665600777	-1380
8.67668485641	-1380
8.67672085762	-1380
8.6767539978	-1380
8.6767809391	-1380
8.67681288719	-1380
8.67711901665	-1380
8.67721986771	-1380
8.67725801468	-1380
8.67729687691	-1380
8.67732691765	-1380
8.67736291885	-1380
8.67844796181	-1380
8.67847895622	-1380
8.67850899696	-1380
8.67856097221	-1380
8.67859387398	-1380
8.67866301537	-1380
8.67896389961	1380
8.70582294464	1380
8.71906399727	1380
8.72286701202	-1380
8.72294998169	-1380
8.72300004959	-1380
8.72305583954	-1380
8.72308087349	-1380
8.72310805321	-1380
8.72313594818	-1380
8.72319984436	-1380
8.72321891785	-1380
8.72336792946	-1380
8.72339391708	-1380
8.72342705727	-1380
8.72346305847	-1380
8.72353005409	-1380
8.72454094887	-1380
8.72457194328	-1380
8.7245900631	-1380
8.72960805893	1380
8.73062086105	1380
8.73404502869	1380
8.7381670475	1380
8.74223089218	1380
8.76313185692	-1380
8.76315999031	-1380
8.76318287849	-1380
8.76336503029	-1380
8.76339483261	-1380
8.763422966	-1380
8.76348304749	-1380
8.76349592209	1380
8.76354694366	-1380
8.76357793808	-1380
8.76360702515	-1380
8.76363492012	-1380
8.7636680603	-1380
8.76370406151	-1380
8.7637360096	-1380
8.76376199722	-1380
8.76441693306	-1380
8.7644469738	-1380
8.76447892189	-1380
8.77198195457	-777
8.77200889587	836
8.80446195602	1380
8.80486798286	-1380
8.80488991737	-1380
8.80489683151	-1380
8.80516695976	-1380
8.80517792702	-1380
8.80519795418	-1380
8.81045389175	-1380
8.8104929924	-1380
8.81049895287	-1380
8.81058692932	-1380
8.81062293053	-1380
8.81064987183	-1380
8.81081700325	1380
8.81151604652	-1380
8.81153297424	-1380
8.8115439415	-1380
8.8117518425	-1380
8.81177687645	-1380
8.81180787086	-1380
8.81186699867	-1380
8.81190299988	-1380
8.81192994118	-1380
8.84361696243	1380
8.84933805466	-1380
8.84937405586	-1380
8.84940004349	-1380
8.85087585449	-1380
8.8508939743	-1380
8.85090684891	-1380
8.85099196434	-1380
8.8510260582	-1380
8.85105490685	-1380
8.85112595558	-1380
8.85115599632	-1380
8.85118484497	-1380
8.85140705109	-1380
8.8514649868	-1380
8.85151696205	-1380
8.85155105591	-1380
8.85158205032	-1380
8.8516099453	-1380
8.86355996132	1380
8.86983895302	-1380
8.86991500854	-1380
8.86992096901	-1380
8.88369202614	-420
8.88374495506	851
8.89731383324	-1380
8.89733600616	-1380
8.89736485481	-1380
8.89773797989	-1380
8.89777088165	-1380
8.89780092239	-1380
8.89880990982	-1380
8.89884090424	-1380
8.8988699913	-1380
8.89912700653	-1380
8.89916586876	-1380
8.8991959095	-1380
8.89931797981	-1380
8.89934802055	-1380
8.89937806129	-1380
8.89965105057	-1380
8.89970302582	-1380
8.89973402023	-1380
8.90041303635	1380
8.93693184853	-1380
8.93695783615	-1380
8.9371919632	-1380
8.93722391129	-1380
8.93725395203	-1380
8.93728303909	-1380
8.9373459816	-1380
8.93740797043	-1380
8.93747091293	-1380
8.93749904633	-1380
8.93755888939	-1380
8.93762302399	-1380
8.93765091896	-1380
8.94437885284	1380
8.94465589523	1380
8.95603299141	-1380
8.9560918808	-1380
8.95612096786	-1380
8.95615386963	-1380
8.95620894432	-1380
8.95623683929	-1380
8.95763993263	1380
8.96496200562	-1380
8.96728086472	1380
8.98562002182	-1380
8.98564887047	-1380
8.98565983772	-1380
8.98569703102	-1380
8.98573589325	-1380
8.98606300354	-1380
8.98612093925	-1380
8.98615288734	-1380
8.98618388176	-1380
8.98643994331	-1380
8.98646903038	-1380
8.986536026	-1380
8.98656606674	-1380
8.98660087585	-1380
8.98764705658	1380
8.99547386169	-1215
8.99550700188	748
9.00968599319	-1380
9.00971293449	-1380
9.0097489357	-1380
9.0098669529	-1380
9.00989985466	-1380
9.0099298954	-1380
9.02453398705	-1380
9.02461099625	-1380
9.02463984489	-1380
9.02466893196	-1380
9.02469992638	-1380
9.02473092079	-1380
9.02546095848	1380
9.03302192688	-1380
9.03317689896	-1380
9.03320884705	-1380
9.03329801559	-1380
9.03335595131	-1380
9.03338599205	-1380
9.03367805481	1380
9.04396390915	-1380
9.0440659523	-1380
9.04409599304	-1380
9.04412698746	-1380
9.04415583611	-1380
9.04418802261	-1380
9.04494094849	1380
9.06641697884	-1380
9.07204699516	-1380
9.07215189934	-1380
9.07216691971	-1380
9.07217288017	-1380
9.0721950531	-1380
9.07257199287	-1380
9.07264590263	-1380
9.07268095016	-1380
9.07272100449	-1380
9.07275295258	-1380
9.07278084755	-1380
9.07280898094	-1380
9.07287883759	-1380
9.07298493385	-1380
9.07301092148	-1380
9.07304000854	-1380
9.07395005226	1380
9.10725283623	-743
9.1072769165	967
9.1097099781	-1380
9.1097369194	-1380
9.10984897614	-1380
9.10987901688	-1380
9.11155986786	1380
9.11915183067	-1380
9.11917304993	-1380
9.11920285225	-1380
9.11958289146	-1380
9.11961293221	-1380
9.11964392662	-1380
9.11970996857	-1380
9.1197450161	-1380
9.11977291107	-1380
9.1200978756	-1380
9.12019491196	-1380
9.1202340126	-1380
9.12029695511	-1380
9.12032699585	-1380
9.12035393715	-1380
9.1236410141	1380
9.12365293503	1380
9.12470698357	1380
9.14446187019	-1380
9.14449501038	-1380
9.14451503754	-1380
9.14466190338	-1380
9.14469099045	-1380
9.14472198486	-1380
9.15064191818	-1380
9.15884804726	-1380
9.1589679718	-1380
9.15898394585	-1380
9.15907287598	-1380
9.1590950489	-1380
9.15912485123	-1380
9.15926194191	-1380
9.15928888321	-1380
9.15935897827	-1380
9.15948700905	-1380
9.15951800346	-1380
9.15968394279	-1380
9.15971183777	-1380
9.15974187851	-1380
9.19156694412	1380
9.20521783829	-1380
9.20524597168	-1380
9.20545196533	-1380
9.20548391342	-1380
9.20553398132	-1380
9.20559287071	-1380
9.20562195778	-1380
9.21895098686	-716
9.21897697449	1013
9.23109102249	-1380
9.23111701012	-1380
9.23114800453	-1380
9.23133206367	-1380
9.23136496544	-1380
9.23139405251	-1380
9.2317738533	-1380
9.23180389404	-1380
9.23183488846	-1380
9.23186683655	-1380
9.23189592361	-1380
9.23193192482	-1380
9.23276805878	-1380
9.23280000687	-1380
9.23283195496	-1380
9.23285984993	-1380
9.23289299011	-1380
9.2329249382	-1380
9.24604701996	-1380
9.24608492851	-1380
9.24610185623	-1380
9.24613904953	-1380
9.24616885185	-1380
9.24620389938	-1380
9.24625587463	-1380
9.24635100365	-1380
9.24641489983	-1380
9.24644303322	-1380
9.24647593498	-1380
9.24651789665	-1380
9.24685883522	1380
9.30579185486	-1380
9.30582690239	-1380
9.30584597588	-1380
9.30586194992	-1380
9.30595993996	-1380
9.30607795715	-1380
9.30611085892	-1380
9.30616998672	-1380
9.30619692802	-1380
9.3062338829	-1380
9.30626296997	-1380
9.31858897209	-1380
9.31863188744	-1380
9.3186378479	-1380
9.31866693497	-1380
9.31869792938	-1380
9.31874704361	-1380
9.31949496269	-1380
9.3195309639	-1380
9.31956887245	-1380
9.31960105896	-1380
9.31963300705	-1380
9.31967687607	-1380
9.31971096992	-1380
9.3197388649	-1380
9.31976890564	-1380
9.33070087433	-350
9.3307299614	1335
9.33207297325	-1380
9.33209991455	-1380
9.33213186264	-1380
9.3322558403	-1380
9.33229494095	-1380
9.33232688904	-1380
9.33248400688	-1380
9.33256697655	-1380
9.33259797096	-1380
9.37399101257	-543
9.38724684715	-1380
9.38728189468	-1380
9.38730692863	-1380
9.38774490356	-1380
9.38777494431	-1380
9.38780403137	-1380
9.38783502579	-1380
9.38786387444	-1380
9.3995718956	-1380
9.39960098267	-1380
9.39962291718	-1380
9.39990401268	-1380
9.39993286133	-1380
9.39996504784	-1380
9.40384602547	1380
9.40497899055	-1380
9.40500402451	-1380
9.40503501892	-1380
9.40547204018	-1380
9.40550684929	-1380
9.40554499626	-1380
9.40557098389	-1380
9.40560388565	-1380
9.40563988686	-1380
9.40566897392	-1380
9.40582585335	-1380
9.40585684776	-1380
9.40588903427	-1380
9.40591883659	-1380
9.40617895126	-1380
9.44241499901	-199
9.44244384766	792
9.4718978405	-1380
9.47192883492	-1380
9.47195792198	-1380
9.4719889164	-1380
9.47201895714	-1380
9.47205591202	-1380
9.47235989571	-1380
9.47239089012	-1380
9.47241997719	-1380
9.47246193886	-1380
9.47249102592	-1380
9.47251987457	-1380
9.48585987091	-1380
9.48589706421	-1380
9.48630094528	-1380
9.4863319397	-1380
9.48636198044	-1380
9.48639202118	-1380
9.48641991615	-1380
9.48716187477	-1380
9.48720693588	-1380
9.4872379303	-1380
9.48753285408	-1380
9.48772001266	-1380
9.48775792122	-1380
9.49179291725	-1380
9.49185800552	-1380
9.4918859005	-1380
9.49191594124	-1380
9.49198102951	-1380
9.49201083183	-1380
9.49222397804	-1380
9.4922618866	-1380
9.49228906631	-1380
9.49232196808	-1380
9.49234986305	-1380
9.49238204956	-1380
9.49257802963	-1380
9.49278283119	-1380
9.49281597137	-1380
9.49284386635	-1380
9.49633193016	1380
9.53751897812	1380
9.55413103104	-229
9.55416893959	469
9.57239198685	-1380
9.5724170208	-1380
9.57275891304	-1380
9.57290792465	-1380
9.57294893265	-1380
9.5729868412	-1380
9.57302594185	-1380
9.57306289673	-1380
9.57310199738	-1380
9.57313489914	-1380
9.57316493988	-1380
9.5731959343	-1380
9.57322597504	-1380
9.57374596596	-1380
9.57376790047	-1380
9.57401394844	-1380
9.5740249157	-1380
9.57404494286	-1380
9.57436704636	-1380
9.5744509697	-1380
9.574477911	-1380
9.57462406158	-1380
9.57465696335	-1380
9.57471489906	-1380
9.57474088669	-1380
9.57872796059	-1380
9.57874894142	-1380
9.57882189751	-1380
9.57884788513	-1380
9.57887387276	-1380
9.57890701294	-1380
9.57899904251	-1380
9.57903194427	-1380
9.57905697823	-1380
9.57926797867	1380
9.57928395271	-1380
9.57931900024	-1380
9.57935500145	-1380
9.57939505577	-1380
9.579433918	-1380
9.63744902611	1380
9.64753103256	-1380
9.66147589684	-1380
9.66150689125	-1380
9.66187596321	-1380
9.66206288338	-1380
9.662088871	-1380
9.66212201118	-1380
9.6621940136	-1380
9.66240286827	-1380
9.66243386269	-1380
9.66246294975	-1380
9.66278290749	-1380
9.66281294823	-1380
9.66284203529	-1380
9.66287088394	-1380
9.66289997101	-1380
9.66589999199	-1274
9.66592884064	1012
9.66659188271	-1380
9.66662502289	-1380
9.66665506363	-1380
9.66704487801	-1380
9.66707491875	-1380
9.66710686684	-1380
9.66719102859	-1380
9.66722488403	-1380
9.66725301743	-1380
9.66746687889	-1380
9.66749787331	-1380
9.66752791405	-1380
9.66762185097	-1380
9.66765189171	-1380
9.66768288612	-1380
9.71303892136	-543
9.73740506172	-1380
9.73743605614	-1380
9.73746585846	-1380
9.73748683929	-1380
9.73751592636	-1380
9.73755288124	-1380
9.73758292198	-1380
9.73760986328	-1380
9.7376408577	-1380
9.7428560257	1380
9.74618887901	-1380
9.74621701241	-1380
9.74639797211	-1380
9.74643397331	-1380
9.74645996094	-1380
9.74663591385	-1380
9.74666404724	-1380
9.74682688713	-1380
9.74686098099	-1380
9.74689102173	-1380
9.74692392349	-1380
9.74695086479	-1380
9.74698591232	-1380
9.75050091743	-1380
9.7505710125	-1380
9.75060296059	-1380
9.75063085556	-1380
9.75098395348	-1380
9.75101184845	-1380
9.7512819767	-1380
9.75139904022	-1380
9.75143384933	-1380
9.75165104866	-1380
9.75177884102	-1380
9.75180983543	-1380
9.75191688538	-1380
9.75210285187	-1380
9.75213384628	-1380
9.75215888023	-1380
9.75359201431	1380
9.76004695892	1380
9.76051092148	1380
9.76085186005	1380
9.77771902084	-378
9.77774405479	72
9.82137203217	-1380
9.82141900063	-1380
9.82146596909	-1380
9.82150387764	-1380
9.82152891159	-1380
9.82188200951	-1380
9.82199501991	-1380
9.82203102112	-1380
9.82205486298	-1380
9.82221484184	-1380
9.82729887962	1380
9.83284687996	-1380
9.83287191391	-1380
9.83287596703	-1380
9.83310890198	-1380
9.83313393593	-1380
9.83316802979	-1380
9.83333802223	-1380
9.83336591721	-1380
9.83339595795	-1380
9.83348703384	-1380
9.83352804184	-1380
9.83356785774	-1380
9.83372187614	-1380
9.83378005028	-1380
9.83381104469	-1380
9.83737492561	-1380
9.83740901947	-1380
9.83743405342	-1380
9.83752894402	-1380
9.83756995201	-1380
9.83760499954	-1380
9.83765101433	-1380
9.8377020359	-1380
9.83774495125	-1380
9.83791184425	-1380
9.83794403076	-1380
9.83797502518	-1380
9.83800792694	-1380
9.83804488182	-1380
9.83811688423	-1380
9.83870196342	1380
9.88929104805	-581
9.88932800293	498
9.90900683403	-1380
9.9090988636	-1380
9.90910983086	-1380
9.90931391716	-1380
9.9093439579	-1380
9.90937805176	-1380
9.90965604782	-1380
9.90968585014	-1380
9.90974187851	-1380
9.9097700119	-1380
9.90980505943	-1380
9.91915297508	-1380
9.91929292679	-1380
9.91930890083	-1380
9.91931891441	-1380
9.91932487488	-1380
9.91932988167	-1380
9.92320799828	-1380
9.92326188087	-1380
9.92329692841	-1380
9.92348599434	-1380
9.92351293564	-1380
9.92354488373	-1380
9.92360305786	-1380
9.92365288734	-1380
9.92368388176	-1380
9.98526406288	-1380
9.98528695107	-1380
9.98531103134	-1380
9.98534297943	-1380
9.98537397385	-1380
9.98540687561	-1380
9.98558688164	-1380
9.98561787605	-1380
9.98565006256	-1380
9.9857749939	-1380
9.9858109951	-1380
9.98584985733	-1380
9.98609685898	-1380
9.98612689972	-1380
9.98615598679	-1380
9.99074888229	-543
9.99679684639	-1380
9.99682784081	-1380
9.99685502052	-1380
9.99700498581	-1380
9.99708604813	-1380
9.99711298943	-1380
9.99717283249	-1380
9.99720287323	-1380
9.99724888802	-1380
9.99726295471	1380
10.0010018349	-891
10.0011210442	792
10.009469986	-1380
10.0094919205	-1380
10.009526968	-1380
10.0097439289	-1380
10.009775877	-1380
10.0098049641	-1380
10.0103180408	-1380
10.0103478432	-1380
10.0103828907	-1380
10.0106549263	-1380
10.0106880665	-1380
10.0107238293	-1380
10.0107648373	-1380
10.010807991	-1380
10.0108389854	-1380
10.0397238731	-1380
10.0397560596	-1380
10.0397808552	-1380
10.0744419098	-1380
10.0744659901	-1380
10.0745098591	-1380
10.0746648312	-1380
10.0747039318	-1380
10.0747418404	-1380
10.0748779774	-1380
10.0749089718	-1380
10.0749418736	-1380
10.0750169754	-1380
10.0750730038	-1380
10.0751159191	-1380
10.0956268311	-1380
10.0957078934	-1380
10.0958330631	-1380
10.0958590508	-1380
10.0958919525	-1380
10.0960149765	-1380
10.0960700512	-1380
10.0960988998	-1380
10.0961899757	-1380
10.0962309837	-1380
10.096282959	-1380
10.0963490009	-1380
10.0963819027	-1380
10.0970139503	1380
10.1127729416	-611
10.1128070354	792
10.1260359287	-1380
10.1260590553	-1380
10.1261689663	-1380
10.1261980534	-1380
10.126226902	-1380
10.1263380051	-1380
10.1263680458	-1380
10.1264259815	-1380
10.1264569759	-1380
10.1264920235	-1380
10.1265230179	-1380
10.1265799999	-1380
10.1266100407	-1380
10.1266469955	-1380
10.136507988	1380
10.1608889103	-1380
10.1609158516	-1380
10.1609418392	-1380
10.1874258518	-1380
10.1874969006	-1380
10.1875178814	-1380
10.1886739731	-1380
10.1887478828	-1380
10.188781023	-1380
10.1891849041	-1380
10.1893479824	-1380
10.1893780231	-1380
10.1895458698	-1380
10.1895890236	-1380
10.1896698475	-1380
10.1897969246	1380
10.2141859531	-1380
10.2142188549	-1380
10.2142238617	-1380
10.2143080235	-1380
10.2143418789	-1380
10.2143728733	-1380
10.2144088745	-1380
10.2144498825	-1380
10.2144899368	-1380
10.2145240307	-1380
10.2145550251	-1380
10.2245669365	-494
10.2245819569	440
10.2425818443	-1380
10.2426838875	-1380
10.2428479195	-1380
10.2428929806	-1380
10.2429249287	-1380
10.2429709435	-1380
10.2430000305	-1380
10.2430520058	-1380
10.2430620193	-1380
10.2430980206	-1380
10.243229866	-1380
10.2432689667	-1380
10.2684569359	-1380
10.2684829235	-1380
10.2686128616	-1380
10.268643856	-1380
10.2686738968	-1380
10.2687048912	-1380
10.2687699795	-1380
10.2688000202	-1380
10.2689778805	-1380
10.2690639496	-1380
10.2690939903	-1380
10.2691249847	-1380
10.2691819668	-1380
10.2692170143	-1380
10.2986969948	-1380
10.2987179756	-1380
10.298732996	-1380
10.2989499569	1380
10.3004720211	-1380
10.3004848957	-1380
10.3005180359	-1380
10.3005490303	-1380
10.300577879	-1380
10.3006129265	-1380
10.3007569313	-1380
10.3007879257	-1380
10.3008470535	-1380
10.3009619713	-1380
10.300994873	-1380
10.3235280514	-1380
10.3361618519	-171
10.3361859322	249
10.3547420502	-1380
10.3547608852	-1380
10.3549079895	-1380
10.3549199104	-1380
10.3549530506	-1380
10.354984045	-1380
10.3551280499	-1380
10.3551700115	-1380
10.3553130627	-1380
10.3553240299	-1380
10.3553569317	-1380
10.3554439545	-1380
10.3554749489	-1380
10.3555059433	-1380
10.3563508987	-1380
10.3563630581	-1380
10.3564040661	-1380
10.356441021	-1380
10.3566269875	-1380
10.3566439152	-1380
10.3567409515	-1380
10.3567919731	-1380
10.3568499088	-1380
10.356938839	1380
10.377202034	543
10.377229929	543
10.3863818645	-1380
10.3863999844	-1380
10.3864040375	-1380
10.3868989944	-1380
10.386911869	-1380
10.3869349957	-1380
10.3870098591	-1380
10.3870539665	-1380
10.3870830536	-1380
10.4105348587	-1380
10.4105539322	-1380
10.4105670452	-1380
10.410588026	-1380
10.4106180668	-1380
10.4412679672	-1380
10.4413478374	-1380
10.4413750172	-1380
10.4414770603	-1380
10.4415519238	-1380
10.4416189194	-1380
10.4416868687	-1380
10.4419789314	-1380
10.4420108795	-1380
10.4420418739	-1380
10.4420740604	-1380
10.4421088696	-1380
10.4422109127	-1380
10.4423539639	-1380
10.4423840046	-1380
10.4480009079	-1128
10.4480199814	763
10.4726848602	-1380
10.4727180004	-1380
10.4727249146	-1380
10.4729578495	-1380
10.4729700089	-1380
10.4730558395	-1380
10.4730858803	-1380
10.4731180668	-1380
10.4731709957	-1380
10.4731960297	-1380
10.4732580185	-1380
10.4733169079	-1380
10.4733550549	-1380
10.473389864	-1380
10.4734489918	-1380
10.491631031	-1380
10.4916520119	-1380
10.4916758537	-1380
10.528072834	-1380
10.5281088352	-1380
10.528113842	-1380
10.5282309055	-1380
10.5282599926	-1380
10.528290987	-1380
10.5283420086	-1380
10.5284018517	-1380
10.5284318924	-1380
10.5284669399	1380
10.5291829109	-1380
10.5291948318	-1380
10.5292160511	-1380
10.5292448997	-1380
10.5292830467	-1380
10.5293169022	-1380
10.5294039249	-1380
10.529433012	-1380
10.5294640064	-1380
10.5295360088	-1380
10.5295660496	-1380
10.5295979977	-1380
10.559666872	-361
10.5596959591	792
10.5771968365	-1380
10.5772268772	-1380
10.5772440434	-1380
10.5773999691	-1380
10.5776388645	-1380
10.577671051	-1380
10.5776998997	-1380
10.5777928829	-1380
10.57782197	-1380
10.5780260563	-1380
10.5780570507	-1380
10.5780880451	-1380
10.5781190395	-1380
10.5781488419	-1380
10.578193903	-1380
10.6135928631	-1380
10.6136200428	-1380
10.6136388779	-1380
10.6139099598	-1380
10.6139390469	-1380
10.6139688492	-1380
10.6140089035	-1380
10.6140389442	-1380
10.614068985	-1380
10.6143460274	-1380
10.6144139767	-1380
10.6144509315	-1380
10.6145319939	-1380
10.6145598888	-1380
10.61459589	-1380
10.614634037	-1380
10.6146669388	-1380
10.6146998405	-1380
10.6155838966	-1380
10.6156129837	-1380
10.6156430244	-1380
10.6157128811	-1380
10.6157538891	-1380
10.6157958508	-1380
10.6158330441	-1380
10.6194629669	1380
10.6241488457	-543
10.6613669395	-1380
10.6614019871	-1380
10.6638460159	-1380
10.6640079021	-1380
10.6640388966	-1380
10.664069891	-1380
10.6642038822	-1380
10.6642358303	-1380
10.6643788815	-1380
10.6644098759	-1380
10.6645789146	-1380
10.6646058559	-1380
10.6646339893	-1380
10.6647398472	-1380
10.6647808552	-1380
10.6714420319	-1216
10.6714708805	792
10.7024359703	-1380
10.7024619579	-1380
10.7024848461	-1380
10.7026150227	-1380
10.7026460171	-1380
10.702673912	-1380
10.7029459476	-1380
10.7029738426	-1380
10.7030029297	-1380
10.703125	-1380
10.7031550407	-1380
10.7031860352	-1380
10.7037298679	-1380
10.7037580013	-1380
10.7037889957	-1380
10.704105854	-1380
10.7041430473	-1380
10.7041790485	-1380
10.7042469978	-1380
10.7042839527	-1380
10.704310894	-1380
10.7407898903	-1380
10.7408249378	-1380
10.740844965	-1380
10.7501900196	-1380
10.7502179146	-1380
10.7502498627	-1380
10.7832429409	-1327
10.7832639217	1086
10.7875778675	-1380
10.7876038551	-1380
10.7876348495	-1380
10.7876639366	-1380
10.7876930237	-1380
10.78794384	-1380
10.7880220413	-1380
10.7880530357	-1380
10.7881610394	-1380
10.788189888	-1380
10.7882180214	-1380
10.7884638309	-1380
10.7885210514	-1380
10.7885489464	-1380
10.7892558575	-1380
10.7892889977	-1380
10.7893178463	-1380
10.7894420624	-1380
10.7894759178	-1380
10.7895259857	-1380
10.7897639275	-1380
10.7897920609	-1380
10.7898640633	-1380
10.7900049686	-1380
10.7900400162	-1380
10.7900679111	-1380
10.7901289463	-1380
10.7901599407	-1380
10.7901909351	-1380
10.826488018	-1380
10.8265309334	-1380
10.8265688419	-1380
10.8266270161	-1380
10.8266620636	-1380
10.8266899586	-1380
10.836108923	-1380
10.8361370564	-1380
10.8364319801	1380
10.8728809357	-1380
10.8729000092	-1380
10.8729200363	-1380
10.8730108738	-1380
10.8730268478	-1380
10.873059988	-1380
10.873087883	-1380
10.8731248379	-1380
10.874270916	-1380
10.8743169308	-1380
10.8747990131	-1380
10.8748328686	-1380
10.8748719692	-1380
10.8749480247	-1380
10.8749809265	-1380
10.8750188351	-1380
10.8950419426	-1290
10.8950688839	792
10.9085168839	-1380
10.9085400105	-1380
10.9085679054	-1380
10.9085998535	-1380
10.9086308479	-1380
10.9086649418	-1380
10.9088389874	-1380
10.9088690281	-1380
10.9088988304	-1380
10.9089579582	-1380
10.9089920521	-1380
10.9090240002	-1380
10.9092559814	-1380
10.9093148708	-1380
10.9093549252	-1380
10.9224059582	-1380
10.9224319458	-1380
10.9224569798	-1380
10.9226579666	-1380
10.9226899147	-1380
10.9227218628	-1380
10.9590380192	-1380
10.9590640068	-1380
10.9590899944	-1380
10.9593520164	-1380
10.9594140053	-1380
10.9594409466	-1380
10.9603419304	-1380
10.960367918	-1380
10.9603989124	-1380
10.9605870247	1380
10.9608509541	-1380
10.9608950615	-1380
10.96094203	-1380
10.9609849453	-1380
10.9610240459	-1380
10.9610979557	-1380
10.9611279964	-1380
10.9611558914	-1380
10.9611859322	-1380
10.9948689938	-1380
10.9949028492	-1380
10.9949378967	-1380
11.0068130493	-420
11.0068309307	249
11.0087499619	-1380
11.0087809563	-1380
11.0088088512	-1380
11.0090880394	-1380
11.0091240406	-1380
11.0091488361	-1380
11.0094468594	-1380
11.0094809532	-1380
11.009513855	-1380
11.0095460415	-1380
11.0095748901	-1380
11.0096108913	-1380
11.0096719265	-1380
11.0097088814	-1380
11.0453619957	-1380
11.0453839302	-1380
11.0456290245	-1380
11.0456569195	-1380
11.0456838608	1380
11.0457880497	-1380
11.0458259583	-1380
11.0458528996	-1380
11.0468199253	-1380
11.0468490124	-1380
11.0468800068	-1380
11.0472989082	-1380
11.047328949	-1380
11.0473558903	-1380
11.0821559429	-1380
11.082187891	-1380
11.0822148323	-1380
11.0825259686	-1380
11.0825560093	-1380
11.0825879574	-1380
11.0826179981	-1380
11.0826468468	-1380
11.0827040672	-1380
11.0827639103	-1380
11.0828149319	-1380
11.082928896	-1380
11.0853769779	1380
11.0949530602	-1380
11.0949809551	-1380
11.0950000286	-1380
11.0951719284	-1380
11.0952498913	-1380
11.0952808857	-1380
11.1001529694	1380
11.1185069084	-935
11.1185388565	631
11.1313889027	-1380
11.1314120293	-1380
11.1314549446	-1380
11.1315090656	-1380
11.1315360069	-1380
11.1319849491	-1380
11.1321139336	-1380
11.132144928	-1380
11.1321809292	-1380
11.1331489086	-1380
11.133177042	-1380
11.1334018707	1380
11.1335020065	-1380
11.1335270405	-1380
11.1335558891	-1380
11.1336328983	-1380
11.1336989403	-1380
11.1337299347	-1380
11.1337599754	-1380
11.1338260174	-1380
11.1338560581	-1380
11.183521986	-1380
11.1835508347	-1380
11.1839530468	-1380
11.1841578484	-1380
11.1841888428	-1380
11.1842198372	-1380
11.1844758987	-1380
11.1845078468	-1380
11.1845369339	-1380
11.1848778725	-1380
11.1849079132	-1380
11.1849389076	-1380
11.1850409508	-1380
11.1850688457	-1380
11.1850988865	-1380
11.2172448635	-1380
11.2172679901	-1380
11.2172968388	-1380
11.2176840305	-1380
11.2177138329	-1380
11.2177429199	-1380
11.2180638313	-1380
11.2180919647	-1380
11.2181270123	-1380
11.2182998657	-1380
11.2183308601	-1380
11.2192919254	-1380
11.2193229198	-1380
11.2193520069	-1380
11.2194259167	-1380
11.2194559574	-1380
11.2194869518	-1380
11.2197918892	1380
11.2303869724	-614
11.2304079533	498
11.2494790554	-1380
11.2495038509	-1380
11.2496409416	-1380
11.2496728897	-1380
11.2498919964	-1380
11.249920845	-1380
11.249961853	-1380
11.2682020664	-1380
11.2682240009	-1380
11.2682569027	-1380
11.2682850361	-1380
11.2683148384	-1380
11.2683670521	-1380
11.2685658932	-1380
11.2686588764	-1380
11.2686879635	-1380
11.2687950134	-1380
11.2688229084	-1380
11.2688510418	-1380
11.2688829899	-1380
11.2689130306	-1380
11.2689468861	-1380
11.3115370274	-1380
11.3164820671	1380
11.3420629501	-592
11.342099905	734
11.3670899868	1380
11.3704090118	1380
11.3704209328	1380
11.3776228428	1380
11.3778779507	1380
11.3789839745	1380
11.3793020248	1380
11.4539730549	-543
11.4540319443	823
11.5634059906	-1380
11.5643968582	1380
11.5656549931	-220
11.5657038689	191
11.5666458607	1380
11.6077709198	1380
11.6114549637	1380
11.6615550518	-1380
11.6615839005	-1380
11.6622149944	-1380
11.6622269154	-1380
11.6636178493	-1380
11.6636350155	-1380
11.6638548374	-1380
11.6638839245	-1380
11.6639139652	-1380
11.6646440029	-1380
11.6646649837	-1380
11.6647179127	-1380
11.664785862	-1380
11.6647968292	-1380
11.6648459435	-1380
11.6648578644	-1380
11.6649188995	-1380
11.6649599075	-1380
11.6649899483	-1380
11.665019989	-1380
11.665060997	-1380
11.6650650501	1380
11.6651208401	-1380
11.6651508808	-1380
11.6651830673	-1380
11.6761338711	-1380
11.676213026	-1380
11.6774208546	-50
11.6774568558	308
11.7477509975	-1380
11.7542350292	-543
11.7652468681	-1380
11.7652740479	-1380
11.7652950287	-1380
11.7661299706	1380
11.7768628597	1380
11.7796649933	1380
11.77967906	1380
11.7891550064	-1307
11.7891988754	1278
11.815956831	-1380
11.8255529404	-1380
11.8256139755	-1380
11.8256449699	-1380
11.825674057	-1380
11.8257029057	-1380
11.8340489864	1380
11.8346810341	-1380
11.9011468887	-1308
11.9011728764	1306
11.9070749283	1380
11.91279006	-1380
11.9128148556	-1380
11.9128389359	-1380
11.9450850487	-1380
11.9730460644	-1380
12.0128898621	-470
12.0129220486	1306
12.0295288563	-1380
12.0295569897	-1380
12.0295789242	-1380
12.0998768806	-1380
12.1043429375	1380
12.1192438602	-1380
12.1192719936	-1380
12.1192920208	-1380
12.1246268749	-251
12.124655962	792
12.1977770329	-1380
12.2019078732	-1380
12.2152030468	-1380
12.2280590534	-1380
12.2280950546	-1380
12.2288310528	1380
12.229542017	1380
12.2363510132	-557
12.2363760471	440
12.2937538624	-1380
12.3380508423	-1380
12.3380818367	-1380
12.3480789661	-1087
12.3481049538	543
12.3790130615	-1380
12.4075729847	-1380
12.4254858494	1380
12.4254989624	1380
12.4256188869	1380
12.4598228931	-954
12.4599769115	30
12.4647600651	-1380
12.5193638802	-1380
12.5320880413	-1380
12.5321159363	-1380
12.5479738712	1380
12.5716650486	-793
12.5716860294	220
12.6020429134	1380
12.6020569801	1380
12.6021790504	1380
12.6029958725	-1380
12.6530630589	-1380
12.6646718979	-543
12.68323493	-411
12.6832678318	573
12.6894118786	-1380
12.7662348747	-1380
12.7662899494	-1380
12.7750999928	-1380
12.7761490345	-1380
12.7761819363	-1380
12.7763669491	-1380
12.7763979435	-1380
12.7950408459	-985
12.7950699329	1086
12.8520958424	-1380
12.8578808308	-1380
12.8580460548	-1380
12.8580989838	-1380
12.8639910221	-1380
12.8659629822	1380
12.8762888908	-1380
12.9066989422	-118
12.9067139626	1335
12.9378969669	-1380
12.9481139183	-1380
12.9679720402	1380
12.9679839611	1380
13.0183930397	-440
13.0184090137	896
13.025949955	-1380
13.0259978771	-1380
13.0260038376	-1380
13.1104559898	-1380
13.1302089691	-735
13.1303260326	1086
13.2116289139	-1380
13.242087841	-249
13.242251873	543
13.3343720436	-1380
13.3539369106	-249
13.377450943	543
13.3774828911	543
13.4656128883	-543
13.5877900124	-1380
13.5878260136	-1380
13.6176459789	-1380
13.6176810265	-1380
13.6185219288	-1336
13.6255970001	1057
13.6289079189	1380
13.6864960194	-1380
13.7302110195	-734
13.7408080101	220
13.8419919014	-1057
13.8924479485	1057
13.9904069901	-543
13.9910218716	1380
14.0041339397	734
14.0539879799	-1380
14.054017067	-1380
14.0540349483	-1380
14.0540678501	-1380
14.0540938377	-1380
14.0541298389	-1380
14.0542788506	-1380
14.0543110371	-1380
14.0543379784	-1380
14.0544500351	-1380
14.0544860363	-1380
14.0545339584	-1380
14.0548238754	-1380
14.0548539162	-1380
14.05488801	-1380
14.0550479889	-1380
14.0550780296	-1380
14.055109024	-1380
14.055287838	-1380
14.0553219318	-1380
14.0553479195	-1380
14.0555620193	-1380
14.0555980206	-1380
14.055629015	-1380
14.0556559563	-1380
14.0556900501	-1380
14.0572369099	-1380
14.0572628975	-1380
14.057559967	-1380
14.0576300621	-1380
14.0576720238	-1380
14.0577058792	-1380
14.0577349663	-1380
14.0577659607	-1380
14.0578780174	-1380
14.0579638481	-1380
14.0579919815	-1380
14.0580220222	-1380
14.058120966	1380
14.1020109653	-170
14.1157238483	249
14.1403820515	-1380
14.1404080391	-1380
14.1406879425	-1380
14.1407179832	-1380
14.1407499313	-1380
14.1408629417	-1380
14.1409609318	-1380
14.1410520077	-1380
14.1411068439	-1380
14.1411528587	-1380
14.141283989	-1380
14.1413190365	-1380
14.1415410042	-1380
14.1415998936	-1380
14.1416358948	-1380
14.1416759491	-1380
14.141710043	-1380
14.1417369843	-1380
14.143791914	-1380
14.1440069675	-1380
14.1440498829	-1380
14.1440689564	-1380
14.1443419456	-1380
14.1443829536	-1380
14.1449389458	-1380
14.1450419426	-1380
14.1450748444	-1380
14.1451380253	-1380
14.1452579498	-1380
14.1453070641	-1380
14.1453900337	-1380
14.1454389095	-1380
14.1455030441	-1380
14.1455540657	-1380
14.1456580162	-1380
14.1457109451	-1380
14.1457698345	-1380
14.1457929611	1380
14.1458179951	-1380
14.1458649635	-1380
14.1459078789	-1380
14.1459610462	-1380
14.1460130215	-1380
14.1460449696	-1380
14.1460790634	-1380
14.1461088657	-1380
14.1461439133	-1380
14.2265520096	-1380
14.2265748978	-1380
14.2266089916	-1380
14.2267999649	-1380
14.2268218994	-1380
14.2268538475	-1380
14.2273778915	-1380
14.2274048328	-1380
14.227437973	-1380
14.2274508476	792
14.2274549007	-159
14.2278718948	-1380
14.2279210091	-1380
14.2279670238	-1380
14.228014946	-1380
14.2280628681	-1380
14.2281138897	-1380
14.2281680107	-1380
14.2282140255	-1380
14.2282538414	-1380
14.3390979767	543
14.3396060467	-633
14.3440189362	-1380
14.344039917	-1380
14.3440690041	-1380
14.3917250633	-1380
14.4513390064	-1278
14.451374054	543
14.563035965	-543
14.5630688667	543
14.7123608589	1057
14.730864048	-543
14.7829508781	1380
14.8603279591	734
14.8978259563	-543
15.1063718796	-543
15.2091889381	-1380
15.2098259926	1057
15.2429699898	-1380
15.2430109978	-1380
15.2430200577	-1380
15.2543859482	-250
15.263051033	1380
15.3214559555	220
15.5738480091	-543
15.7265398502	-1057
15.8383069038	-1086
15.8391518593	543
15.9501068592	-543
15.9508650303	1057
16.3169388771	-543
16.3344829082	-1380
16.3345088959	-1380
16.4158470631	-1380
16.4204699993	-1380
16.4309558868	-543
16.4461688995	-735
16.4519138336	543
16.5640058517	543
16.7491710186	-543
16.9228088856	-1057
16.9251129627	543
17.2229959965	-1057
17.2393989563	1057
17.3769519329	543
17.6445479393	-543
17.7471139431	-1380
17.7471468449	-1380
17.7944989204	-353
17.79753685	543
17.9090960026	1057
18.0938739777	-543
18.2676420212	-543
18.3639788628	-1380
18.3774559498	543
18.3792688847	-705
18.3827888966	1057
18.6800210476	-1057
18.6937930584	1057
18.8655459881	1057
18.9918959141	-1057
19.0037448406	1057
19.041561842	-543
19.3448219299	-543
19.3774080276	543
19.3774390221	543
19.3774518967	543
19.4441559315	-1380
19.4442110062	-1380
19.4943330288	-353
19.4998128414	543
19.6115159988	543
19.7906639576	-543
19.9690868855	-1057
19.9724669456	543
20.3776488304	543
20.3809518814	-1380
20.381000042	-191
20.3974149227	1057
20.6979939938	-543
20.7193849087	-1380
20.7194209099	-1380
20.800303936	-1380
20.8052809238	-1380
20.8310818672	-735
20.8401968479	543
20.9519078732	543
21.0156788826	-543
21.1421329975	-543
21.1424078941	543
21.3361759186	-1380
21.3362150192	-705
21.349686861	543
21.6784539223	-543
21.8017950058	543
21.9134678841	1057
22.0842850208	-1380
22.0843689442	-705
22.3350439072	-543
22.690518856	-543
23.3776350021	543
24.6863479614	-1057
24.6881148815	-1380
24.7690680027	-1380
24.7730779648	-1380
24.7980768681	-1116
25.7386498451	-543
25.9252479076	-543
26.0369799137	-543
