0	543
1.63247299194	-543
3.07949304581	231
3.12741613388	228
3.20969700813	-750
3.21039009094	126
3.25737810135	-744
3.27077794075	126
3.34022212029	-51
3.35045313835	38
3.40009903908	-51
3.40037608147	38
3.48060297966	-1420
3.48062896729	-89
3.49060297012	1057
3.52915501595	-1368
3.52950906754	-127
3.5307290554	1057
3.62068414688	-543
3.63057398796	543
3.66024398804	-543
3.67057013512	543
3.76154208183	-543
3.77058005333	543
3.82443714142	-543
3.8305850029	543
3.92018008232	-543
3.92403006554	543
4.00110912323	-543
4.05444598198	-543
4.05486512184	543
4.19906902313	-543
4.21060395241	543
4.37484812737	-543
4.38066506386	543
4.9104809761	-543
4.91068410873	543
5.20314192772	-543
5.224848032	543
5.63959813118	-543
5.63982415199	543
6.03899598122	-1420
6.03901410103	-1420
6.03907108307	-787
6.08113002777	-543
6.16664409637	-1420
6.16669511795	-1179
6.1689479351	543
6.16971302032	543
6.74961495399	-1420
6.74963307381	-1420
6.74969100952	-787
6.7597899437	-1420
6.75991201401	-1316
6.75996899605	-1368
6.77303910255	-1368
6.84493613243	543
6.85416293144	543
6.87807202339	-1420
6.87815213203	-1420
6.87819695473	-1420
6.87823605537	-1212
6.88813114166	-1420
6.88817214966	-1316
6.90088796616	-1420
6.90092897415	-1316
7.0058760643	-1420
7.00595402718	-1420
7.00599503517	-1420
7.00599908829	-1212
7.00617599487	543
7.01623392105	-1420
7.01624107361	-1316
7.01637601852	543
7.0294470787	-1420
7.02947211266	-1316
7.04939413071	543
7.13358592987	-1420
7.13361310959	-1316
7.14025712013	-1420
7.14026594162	-1316
7.14406609535	-1420
7.14407300949	-1316
7.15778708458	-1420
7.15780210495	-28
7.38741493225	-1057
7.38791108131	1057
7.7701280117	-543
7.77034497261	543
7.8071410656	-1420
7.80715608597	-1316
7.82064008713	-1420
7.82066011429	-1420
7.82070207596	-1264
7.83212304115	-1420
7.83217000961	-1316
7.83411192894	543
7.83491706848	1460
7.83496594429	1139
7.89857292175	-820
7.90141510963	543
7.99450802803	543
8.13823413849	-1420
8.13825297356	-1316
8.13829803467	-891
8.16241598129	-1368
8.22846293449	-1420
8.22848200798	-1316
8.23049092293	543
8.24519014359	-1368
8.24533605576	-1368
8.2594871521	-1368
8.26589393616	-1420
8.26595902443	-1316
8.27408695221	-1368
8.29080915451	-1420
8.29082608223	-1316
8.35636997223	-1420
8.35638713837	-1316
8.37387704849	-1420
8.37389397621	-1316
8.3935611248	-1420
8.39357805252	-1316
8.4032740593	-1368
8.41864013672	-1420
8.41870093346	-1316
8.41888713837	1057
8.42452597618	-1368
8.4840490818	-1420
8.48410892487	-1316
8.50165104866	-1420
8.50166702271	-1316
8.52192592621	-1420
8.52194213867	-1316
8.53476715088	-1368
8.54641103745	-1420
8.54642415047	-1316
8.55284810066	-1368
8.60443902016	-1368
8.61213612556	-1420
8.61220097542	-1316
8.62974905968	-1420
8.6297659874	-1316
8.64985394478	-1306
8.65007710457	543
8.67491292953	-1420
8.67492794991	-1420
8.6749830246	-1264
8.67498493195	-1368
8.73994803429	-1420
8.73997592926	-1420
8.74004912376	-1264
8.74005198479	-1368
8.75820994377	-1420
8.75822615623	-1316
8.77774810791	-1420
8.77776408195	-1316
8.80286812782	-1420
8.8028819561	-1316
8.84717512131	-1368
8.84727597237	-1368
8.8681371212	-1368
8.86815309525	-1368
8.8683321476	543
8.86854696274	543
8.88633704185	-1368
8.88635706902	-1420
8.88641500473	-1420
8.88641810417	-1264
8.90575194359	-1368
8.90582895279	-1368
8.930560112	-1420
8.93057608604	-1316
8.97545003891	-1420
8.97546696663	-1316
8.99628806114	-1420
8.99630093575	-1316
9.01432514191	-1420
9.01433897018	-1316
9.01439404488	-1420
9.01439714432	-1316
9.03400611877	-1420
9.03402209282	-1420
9.03407907486	-1202
9.05044794083	543
9.05829000473	-1368
9.06020712852	-1368
9.103110075	-1420
9.10312700272	-1316
9.12401914597	-1420
9.12403607368	-1316
9.14233899117	-1420
9.14235401154	-1420
9.14240908623	-1420
9.14241194725	-1212
9.16220211983	-1420
9.16222810745	-1316
9.18639802933	-1420
9.1864130497	-1420
9.18649792671	-1420
9.18650007248	-1212
9.23124313354	-1420
9.23125505447	-1316
9.25196814537	-1420
9.25198507309	-1316
9.25217008591	1057
9.27032709122	-1420
9.27034306526	-1316
9.27040410042	-1420
9.27040600777	-1316
9.29159712791	-1420
9.29161405563	-1316
9.31456804276	-1420
9.31457996368	-1420
9.31464409828	-1420
9.3146469593	-1212
9.35917496681	-1420
9.35918807983	-1316
9.37988495827	-1420
9.37989997864	-1420
9.37995409966	-767
9.39840602875	-1420
9.39851403236	-1316
9.39851808548	-1420
9.3985619545	-1316
9.50810098648	-1326
9.50830602646	543
9.50899004936	1460
9.50903892517	1460
9.5090739727	1161
9.5096681118	1146
9.51010107994	543
9.51060795784	543
9.5111041069	543
9.51146292686	543
9.55204510689	543
9.56838512421	543
9.8248090744	543
9.84120297432	-1420
9.84121394157	-1420
9.84127497673	-787
9.84718799591	-1420
9.84723496437	-1420
9.84723806381	-1264
9.85102200508	-1420
9.85102796555	-1316
9.8510529995	-1368
9.86472296715	-1368
9.92004513741	543
9.96965193748	-1420
9.96966004372	-1420
9.96971607208	-1420
9.96971893311	-1212
9.96976208687	-1420
9.96976494789	-1316
9.97031593323	1057
9.97494602203	-1420
9.97495102882	-1420
9.97500300407	-1264
9.97500514984	-1368
9.97515106201	1057
9.97547912598	543
9.97874999046	-1420
9.97875595093	-1420
9.97879815102	-1264
9.97880101204	-1368
9.98714709282	543
9.99266600609	-1420
9.99267196655	-1316
9.99287199974	543
10.0117630959	543
10.0191159248	543
10.03789711	-543
10.0978281498	-1420
10.0978720188	-1420
10.0980010033	-1420
10.0980091095	-1420
10.0980989933	-1160
10.0981061459	-1420
10.0982079506	-1316
10.0982151031	-1420
10.0982980728	-1316
10.0983040333	-1368
10.098845005	1057
10.0993440151	543
10.1000130177	543
10.1032969952	-1420
10.1033029556	-1316
10.103397131	-1420
10.103399992	-1316
10.1063599586	-1420
10.1063699722	-1420
10.1063959599	-1264
10.1063990593	-1368
10.1204371452	-1420
10.1204440594	-1316
10.140681982	1460
10.1407470703	111
10.1998429298	-1368
10.2090680599	543
10.2112820148	1460
10.2113349438	111
10.2256669998	-1420
10.2256820202	-1420
10.2257621288	-372
10.2257649899	-1420
10.2258009911	-1420
10.2258040905	-1264
10.2258651257	-1368
10.2258689404	-1420
10.2259161472	-1420
10.2259190083	-1264
10.2262229919	543
10.227504015	-1420
10.2275099754	-1316
10.2276239395	543
10.2278101444	543
10.2279429436	1057
10.2280681133	543
10.2309579849	-1420
10.2309629917	-1316
10.2311050892	543
10.2312340736	543
10.2313599586	-1368
10.2339739799	-1420
10.2340331078	-1420
10.2340359688	-1264
10.23407197	-1368
10.248363018	-1368
10.2484309673	-1368
10.2806191444	1460
10.2807080746	111
10.3149149418	-1368
10.3152720928	543
10.3378410339	-1420
10.3378551006	-1316
10.3533639908	-723
10.3614010811	543
10.3616359234	543
10.3619260788	543
10.3744521141	-1368
10.3846559525	1057
10.3883841038	-1420
10.3883919716	-1420
10.3884439468	-1264
10.3887219429	543
10.3904380798	-1420
10.3904440403	-1316
10.3905539513	-1368
10.3966441154	-1420
10.3966870308	-1316
10.3985590935	543
10.3993711472	1460
10.3994209766	1460
10.3994560242	1161
10.3995559216	89
10.4503800869	-1420
10.4504001141	-1420
10.4504671097	-1264
10.4507200718	-1420
10.4507441521	-1316
10.4507470131	-1368
10.4532661438	543
10.4535701275	1460
10.4536170959	1460
10.4536521435	1161
10.4537520409	89
10.465430975	-1420
10.4654459953	-1420
10.4655020237	-1420
10.4655051231	-1212
10.465569973	-1368
10.4657349586	543
10.4657919407	-1420
10.4657940865	-1316
10.4659409523	-1420
10.4659440517	-1316
10.4730470181	-1368
10.4972910881	-1368
10.5172901154	-1420
10.5173070431	-1420
10.5173709393	-1420
10.5173740387	-1212
10.5175740719	543
10.5177481174	543
10.5180850029	543
10.5184240341	-1420
10.5184290409	-1316
10.5186750889	543
10.5242240429	-1420
10.5242331028	-1316
10.5245521069	543
10.5274150372	-1420
10.5274209976	-1316
10.5785450935	-1420
10.5785601139	-1420
10.5786240101	-1420
10.5786280632	-1420
10.5786700249	-1420
10.5786731243	-1108
10.5788691044	543
10.5883290768	-1368
10.5936510563	-1368
10.5937111378	-1420
10.5937161446	-1420
10.5937321186	-1264
10.5937349796	-1420
10.5937490463	-1316
10.5939950943	-1420
10.5940179825	-1316
10.6018710136	-1368
10.6147539616	-1420
10.6147689819	-1316
10.6204559803	543
10.6450679302	-1420
10.6450829506	-1420
10.6451380253	-1420
10.6451411247	-1212
10.6453509331	543
10.6462869644	-1420
10.6462929249	-1316
10.6520979404	-1368
10.6522171497	-1368
10.6552650928	-1420
10.6552700996	-1420
10.6553120613	-913
10.7065091133	-1420
10.7065229416	-1420
10.7065711021	-1264
10.7065739632	-1368
10.706690073	-1420
10.7066941261	-1316
10.7069151402	543
10.7137730122	-1368
10.7218101025	-1420
10.7218770981	-1316
10.7218811512	-1420
10.7218990326	-1316
10.7219009399	-1368
10.7220330238	-1420
10.7220361233	-1420
10.7220821381	-1264
10.7220840454	-1368
10.7221269608	-1368
10.7226450443	543
10.7426681519	-1420
10.7426841259	-1316
10.7428979874	543
10.7540960312	-1368
10.772714138	-1420
10.772783041	-1316
10.7729151249	-1420
10.7729620934	-1316
10.7739479542	-1420
10.7739930153	-1316
10.779957056	-1420
10.7800090313	-1316
10.7831981182	-1368
10.7832350731	-1420
10.7832379341	-1316
10.7833931446	-1368
10.7852261066	543
10.7860569954	1460
10.7861070633	1460
10.7861421108	1161
10.7862401009	89
10.8344321251	-1420
10.8344709873	-1420
10.8345420361	-1420
10.8345451355	-1212
10.8345880508	-1420
10.8345911503	-1283
10.8346350193	-1368
10.849583149	-1420
10.8496699333	-1316
10.8496749401	-1420
10.8497281075	-1420
10.8497400284	-1264
10.8498060703	-1420
10.8498079777	-1420
10.8498561382	-1264
10.8498589993	-1368
10.8499960899	-1420
10.8500080109	-1420
10.8500440121	-1264
10.850249052	1057
10.8705670834	-1420
10.8705821037	-1316
10.9004609585	-1420
10.9004740715	-1316
10.9010560513	-1420
10.9010620117	-1316
10.902048111	-1368
10.9021580219	-1368
10.9077949524	-1420
10.9078021049	-1316
10.9079401493	543
10.9109320641	-1420
10.9109380245	-1420
10.9109680653	-1420
10.9109699726	-1212
10.9211061001	-1368
10.9622530937	-1420
10.9622659683	-1420
10.9623091221	-1264
10.9625990391	-1420
10.9626040459	-1420
10.9626510143	-1264
10.9646379948	543
10.9654259682	1460
10.9654760361	1460
10.9655120373	1161
10.9656300545	89
10.9774291515	-1420
10.9774451256	-1316
10.9776370525	-1420
10.9776411057	-1420
10.9777231216	-211
10.9777259827	-1368
10.97787714	-1420
10.9778800011	-1420
10.9779279232	-1264
10.9779319763	-1368
10.9779880047	-1420
10.9779911041	-1316
10.9781780243	-1420
10.9781820774	-1316
10.9782290459	-1368
10.9783480167	543
10.9785740376	543
10.9812259674	543
10.9854249954	1460
10.9855220318	1460
10.9855599403	1161
10.9856989384	89
10.9985251427	-1420
10.9985420704	-1316
11.0284781456	-1420
11.0284900665	-1316
11.0287950039	-1420
11.028799057	-1316
11.0299551487	-1420
11.0299601555	-1316
11.0318369865	543
11.0360400677	-1420
11.0360450745	-1316
11.0391061306	-1420
11.0391120911	-1420
11.0391521454	-1420
11.0391550064	-1212
11.0494930744	-1368
11.0902061462	-1420
11.0902209282	-1316
11.0902719498	-1420
11.0902750492	-1316
11.0905640125	-1420
11.0905680656	-1316
11.0907571316	-1368
11.0908689499	-1368
11.1052999496	-1368
11.1053800583	-1368
11.1055791378	-1420
11.1055910587	-740
11.1057200432	-1420
11.1057231426	-1420
11.1057901382	-1264
11.1058011055	-1420
11.1058549881	-1316
11.1059861183	543
11.1060230732	-1368
11.106151104	543
11.1061761379	-1368
11.1062841415	-1420
11.1063220501	-1316
11.1065709591	-1368
11.1068301201	-1368
11.106981039	-1368
11.1090750694	543
11.1156971455	543
11.1263310909	-1420
11.126349926	-1316
11.1562521458	-1420
11.1562669277	-1316
11.1566040516	-1420
11.1566081047	-1316
11.1575829983	-1368
11.1576960087	-1368
11.1635971069	-1420
11.1636030674	-1316
11.1668400764	-1420
11.1668460369	-1420
11.1668889523	-1420
11.166893959	-1212
11.1693501472	543
11.1772320271	-1368
11.2178421021	-1420
11.2178580761	-1316
11.2181699276	-1420
11.2181839943	-1316
11.2182199955	-1420
11.2182230949	-1420
11.2182409763	-622
11.2190220356	-1420
11.219066143	-1316
11.2197549343	543
11.2262001038	543
11.2334120274	-1420
11.2334361076	-1316
11.2336299419	-1420
11.2336330414	-1420
11.2336740494	-1264
11.2336759567	-1420
11.2337100506	-1316
11.23376894	-1420
11.2337961197	-1316
11.2338719368	-1368
11.2343919277	-1368
11.2345190048	-1420
11.2345690727	-1316
11.2345709801	-1368
11.2348380089	-1368
11.2349140644	-1368
11.239043951	543
11.2391779423	543
11.2452161312	-1368
11.2544009686	-1420
11.2544600964	-1316
11.2840139866	-1420
11.284070015	-1316
11.2852389812	-1420
11.2852900028	-1420
11.2852921486	-1264
11.2853269577	-1368
11.2856400013	-1420
11.2856781483	-1316
11.2914340496	-1420
11.291478157	-1316
11.2947089672	-1420
11.2947869301	-1316
11.2947900295	-1420
11.2948400974	-1316
11.3461630344	-1420
11.3461720943	-1316
11.346280098	-1420
11.346282959	-1349
11.3463349342	-1420
11.3463380337	-1316
11.3465359211	-1368
11.3466510773	543
11.3467800617	-1368
11.3468990326	-1368
11.3469691277	543
11.3614549637	-1420
11.3614771366	-1420
11.3615100384	-1264
11.3616781235	-1420
11.3617269993	-1316
11.3617291451	-1420
11.3617949486	-1420
11.3618061543	-1264
11.3618519306	-1420
11.3618540764	-1316
11.3619730473	543
11.3621809483	-1420
11.3621840477	-1316
11.362331152	-1420
11.3623349667	-1316
11.3628110886	-1368
11.3628900051	-1368
11.3637390137	543
11.3725171089	-1368
11.373016119	-1420
11.3730640411	-1316
11.3825531006	-1420
11.3826150894	-1316
11.4118330479	-1420
11.4118840694	-1316
11.4129240513	-1420
11.4129550457	-1420
11.4129590988	-867
11.4136359692	-1420
11.4136481285	-1420
11.4136850834	-1264
11.4136879444	-1368
11.4180629253	543
11.4202980995	-1420
11.42030406	-1316
11.4230310917	-1420
11.4230370522	-1420
11.4230771065	-1420
11.4230799675	-1212
11.4738709927	-1420
11.4738869667	-1420
11.4739661217	-1420
11.4739689827	-1420
11.4740130901	-1160
11.4740159512	-1420
11.4740600586	-1316
11.4744610786	-1368
11.474503994	-1420
11.4745070934	-1316
11.4803740978	543
11.482614994	543
11.4902601242	-1420
11.4902689457	-1420
11.4903230667	-1420
11.4903259277	-1212
11.4903669357	-1420
11.4903700352	-1316
11.4904999733	-1420
11.4905040264	-1420
11.4905569553	-1420
11.4905591011	-1420
11.4906001091	-1160
11.4906580448	-1368
11.490901947	543
11.4919960499	-1420
11.4920010567	-1316
11.4920520782	-1368
11.4921319485	-1420
11.4921529293	-772
11.4984970093	543
11.5002901554	543
11.5006320477	1460
11.5006780624	625
11.5008919239	1057
11.5016081333	-1420
11.5016131401	-1420
11.5016620159	-1264
11.5016651154	-1368
11.5068600178	543
11.5101959705	-1420
11.5102009773	-1316
11.5395479202	-1420
11.5395691395	-1316
11.5407581329	-1420
11.5407631397	-1420
11.5408511162	-1264
11.5408539772	-1368
11.5414450169	543
11.5414869785	-1420
11.5414979458	-1316
11.5481760502	-1368
11.5482609272	-1420
11.5482859612	-1316
11.5482881069	-1368
11.5511190891	-1420
11.5511231422	-1420
11.5511910915	-1264
11.5511939526	-1368
11.5603301525	543
11.5604970455	543
11.6022100449	-1420
11.6022260189	-1420
11.6022920609	-1420
11.6022949219	-1420
11.6023309231	-1160
11.6023330688	-1420
11.6023659706	-1316
11.6031060219	-1368
11.6031320095	-1368
11.6032640934	-1368
11.6131589413	-1368
11.6181190014	-1420
11.6181759834	-1420
11.6181881428	-1420
11.6182410717	-1212
11.6182470322	-1420
11.6183030605	-1316
11.6183059216	-1368
11.6183400154	-1368
11.6184160709	-1420
11.6184689999	-1420
11.6184720993	-1264
11.6185131073	-1368
11.6199190617	-1420
11.6199829578	-1420
11.6200051308	-1264
11.6200520992	-1420
11.6200540066	-1316
11.6200890541	-1368
11.6201889515	543
11.6234230995	543
11.6236100197	543
11.6238801479	543
11.6297180653	-1420
11.6297230721	-1420
11.6297659874	-1420
11.6297690868	-1212
11.6382761002	-1420
11.6382911205	-1316
11.6385650635	543
11.6416130066	543
11.6502070427	-1368
11.6678459644	-1420
11.6678950787	-1316
11.6691679955	-1420
11.669219017	-1316
11.6693201065	-1420
11.6693661213	-1316
11.6695079803	-1420
11.6695449352	-1316
11.6766331196	-1420
11.6766960621	-1420
11.6766989231	-1420
11.6767349243	-1212
11.679254055	-1420
11.6792919636	-1420
11.6792941093	-1420
11.6793301105	-1212
11.6794991493	543
11.6802270412	543
11.6805040836	1057
11.6842911243	543
11.7009019852	543
11.7014729977	543
11.7115581036	-1368
11.7305829525	-1420
11.7306699753	-1420
11.7306830883	-1264
11.7307569981	-1368
11.7307691574	-1420
11.7308189869	-1420
11.7308211327	-1264
11.7308769226	-1368
11.7310810089	-585
11.7390999794	-1368
11.7410240173	-1420
11.7410891056	-1316
11.7419700623	1057
11.7421140671	543
11.7463810444	-1420
11.7463941574	-1420
11.7464561462	-1264
11.7464590073	-1368
11.7464971542	-1420
11.7465000153	-1316
11.7465429306	-1368
11.7466320992	-1420
11.7466859818	-1316
11.7466890812	-1368
11.7474911213	1057
11.7479400635	543
11.7485351562	543
11.749076128	-1420
11.7490799427	-1420
11.7491221428	-1264
11.7491760254	-1368
11.7492599487	543
11.7493989468	-1368
11.7494959831	-1420
11.7495279312	-1420
11.749530077	-1264
11.7495810986	543
11.7576789856	-1420
11.7576971054	-1420
11.757735014	-1420
11.7577381134	-1212
11.7658951283	-1368
11.7659461498	-1368
11.790708065	1460
11.7908010483	625
11.7914550304	543
11.7953240871	-1420
11.7953290939	-1316
11.7953820229	-1420
11.7953851223	-1316
11.797524929	-1420
11.7975289822	-1316
11.7976150513	-1420
11.7976181507	-1316
11.7979390621	-1420
11.7979419231	-1316
11.7990269661	543
11.7993359566	1057
11.8043649197	-1420
11.8043711185	-1420
11.8044130802	-1264
11.8044960499	-1368
11.8068680763	543
11.8073430061	-1420
11.8073489666	-1420
11.8074290752	-1
11.8074309826	-1420
11.8074710369	-1316
11.8203139305	1057
11.8584370613	-1420
11.8584499359	-1420
11.8585190773	-1264
11.8585219383	-1420
11.8585760593	-1316
11.8585789204	-1420
11.858631134	-1316
11.8586330414	-1368
11.8588719368	-1420
11.8588759899	-1316
11.8663620949	-1368
11.8665781021	543
11.8668010235	543
11.8685779572	-1420
11.8685939312	-1316
11.8741481304	-1420
11.874199152	-1420
11.8742489815	-1420
11.8742520809	-1212
11.8742890358	-1420
11.8742909431	-1420
11.8743259907	-1264
11.8746781349	-1368
11.8747010231	-1368
11.8748750687	-1368
11.8755719662	-1420
11.8755760193	-1316
11.8769431114	-1420
11.8769490719	-1316
11.877669096	-1420
11.8776741028	-1420
11.877726078	-1264
11.8777279854	-1368
11.8780250549	-1420
11.8780281544	-1316
11.8853521347	-1420
11.8853769302	-1420
11.8854160309	-1264
11.8854191303	-1368
11.8936929703	-794
11.9002270699	543
11.9010851383	1057
11.9019079208	543
11.9024040699	1460
11.9024541378	1139
11.9138000011	-1368
11.9230670929	-1420
11.923126936	-1316
11.9232399464	543
11.9233050346	-1368
11.9257111549	-1368
11.9257781506	-1420
11.9257791042	-1420
11.9258389473	-1264
11.9258420467	-1420
11.9258959293	-1420
11.9258990288	-1264
11.9259340763	-1368
11.9259359837	-1368
11.9261660576	543
11.9321770668	-1420
11.9321961403	-1316
11.9349291325	-1420
11.9349350929	-1316
11.9351010323	-1420
11.9351041317	-1420
11.9351530075	-1264
11.9351551533	-1368
11.9410030842	-1368
11.960299015	543
11.963091135	543
11.9716701508	543
11.9719469547	543
11.9862151146	-1368
11.9863231182	-1420
11.9863860607	-1420
11.9863889217	-598
11.9864311218	-1420
11.9864339828	-1316
11.9867241383	-1420
11.986727953	-1316
11.9870290756	-1420
11.9870331287	-1316
11.9910581112	543
11.9943809509	-1368
11.9964060783	-1420
11.9964549541	-1316
12.0021650791	-1420
12.0023150444	-1420
12.0023190975	-1420
12.0023639202	-1420
12.0023670197	-1160
12.0024020672	-1420
12.0024049282	-1316
12.0024631023	-1420
12.0024650097	-1316
12.0025100708	-1368
12.0027019978	543
12.0031290054	-1420
12.0031340122	-1316
12.0031859875	-1420
12.0031890869	-1316
12.0048820972	-1368
12.0052130222	-1368
12.0056021214	-1368
12.0058009624	-1420
12.0058569908	-1420
12.0058600903	-1264
12.0058970451	-1368
12.0059411526	-1368
12.0060589314	543
12.0137979984	-1420
12.013808012	-1420
12.0138919353	-1264
12.0138950348	-1368
12.0214021206	-1420
12.0214080811	-1196
12.0420670509	1057
12.0515780449	-1420
12.0515871048	-1316
12.051623106	-1420
12.0516250134	-1316
12.0540299416	-1368
12.0541701317	-1420
12.0542280674	-1420
12.0542299747	-1420
12.0542731285	-1212
12.0543291569	-1368
12.0544540882	-1420
12.0544559956	-1420
12.054502964	-1264
12.0545060635	-1368
12.0598771572	-1420
12.0598859787	-1316
12.0602240562	543
12.060475111	543
12.0606219769	543
12.0627250671	-1420
12.0627310276	-1316
12.0627970695	-1420
12.0627999306	-1316
12.0656590462	543
12.06894207	-1420
12.0689480305	-1316
12.0796830654	-1368
12.1010930538	543
12.1147229671	-1420
12.1147451401	-1420
12.1147990227	-1420
12.1148021221	-1420
12.1148531437	-1160
12.114855051	-1420
12.1148941517	-1420
12.1148970127	-1420
12.1149320602	-1420
12.1149339676	-1160
12.1204340458	543
12.1239659786	-1420
12.1239819527	-1420
12.12403512	-1264
12.124037981	-1368
12.1297941208	-1368
12.1299550533	-1420
12.1300060749	-1420
12.130010128	-1036
12.1301219463	-1420
12.1301259995	-1316
12.1302189827	-1368
12.1304569244	-1420
12.1304979324	-1420
12.1305010319	-1264
12.1307880878	543
12.1312479973	-1420
12.1312539577	-1420
12.1312971115	-1420
12.1312990189	-1212
12.133079052	-1420
12.1330881119	-1420
12.1331169605	-1264
12.1331191063	-1368
12.133245945	543
12.1335909367	-1420
12.1335959435	-1316
12.1337659359	-1420
12.133769989	-1316
12.1338701248	-1420
12.1338739395	-1316
12.1418139935	-1420
12.1418459415	-1316
12.1420390606	543
12.1496720314	-1420
12.1496860981	-1420
12.149739027	-1420
12.1497421265	-1212
12.171298027	1460
12.1713790894	625
12.1796190739	-1420
12.1796300411	-1420
12.1796901226	-1264
12.1796929836	-1368
12.1820039749	-1420
12.1820089817	-1420
12.1820681095	-1264
12.1820709705	-1420
12.1821250916	-1316
12.1822719574	-1368
12.182543993	1057
12.1826019287	-1420
12.1826050282	-1420
12.1826050282	-1264
12.1826541424	-1368
12.1827831268	543
12.1880550385	-1420
12.1880669594	-1420
12.188117981	-654
12.1914069653	-1420
12.1914720535	-1420
12.191475153	-1420
12.1915099621	-1212
12.1967899799	-1420
12.1968579292	-1316
12.2122180462	-1368
12.2428131104	-1420
12.2428350449	-1420
12.2429010868	-1420
12.2429039478	-1420
12.2429771423	-1420
12.2429790497	-1108
12.2430169582	-1420
12.243019104	-1420
12.2430541515	-1264
12.2430560589	-1368
12.2432320118	543
12.2434329987	543
12.2487010956	-1420
12.2487089634	-1316
12.2514710426	-1368
12.2516019344	-1368
12.257609129	-1420
12.2576160431	-1316
12.2576479912	-1368
12.2577590942	-1420
12.2577810287	-1316
12.2577829361	-1368
12.2578830719	-1368
12.2580981255	-1368
12.2583429813	543
12.2584190369	-1420
12.2584221363	-1420
12.25842309	-1420
12.2584240437	-446
12.2590799332	-1420
12.259086132	-1316
12.2591090202	-1368
12.259223938	-1368
12.2592730522	543
12.2606301308	-1420
12.2606360912	-1316
12.2608561516	-1420
12.2608590126	-1316
12.2612409592	-1420
12.2612440586	-1316
12.2613220215	-1420
12.2613251209	-1316
12.261482954	-1420
12.2614860535	-1316
12.2694571018	-1368
12.2695419788	-1368
12.2698769569	543
12.2702629566	1057
12.2710249424	543
12.277367115	-1420
12.2773780823	-1420
12.2774479389	-1264
12.2775390148	-1368
12.2903449535	-1368
12.3019850254	1057
12.3075759411	-1420
12.307585001	-1316
12.3077719212	-1420
12.3077759743	-1316
12.3096151352	-1368
12.3097109795	-1420
12.3097360134	-1420
12.3097379208	-1264
12.3097729683	-1420
12.3097751141	-1316
12.3104579449	-1420
12.3104629517	-1420
12.3105289936	-1264
12.310532093	-1335
12.3159489632	-1420
12.3159549236	-1420
12.3159971237	-1264
12.3160970211	-1368
12.3161981106	543
12.3189971447	-1420
12.3190040588	-1316
12.3190281391	-1420
12.3190310001	-1316
12.3192999363	543
12.3243470192	-1420
12.3243539333	-1420
12.3243999481	-1264
12.3512461185	1460
12.3513319492	111
12.3705909252	-1420
12.3706121445	-1420
12.3706560135	-1420
12.3706591129	-1212
12.3708701134	-1420
12.3710079193	-1420
12.3710391521	-1420
12.3710410595	-1212
12.3710570335	-1420
12.3710589409	-1316
12.3713340759	1057
12.3714749813	-1368
12.3718731403	-1368
12.3768050671	-1420
12.3768119812	-1316
12.3797371387	-1420
12.3797430992	-1316
12.3854141235	-1368
12.3855099678	-1368
12.385584116	-1420
12.3855879307	-1420
12.3856060505	-1420
12.3856170177	-1212
12.3857209682	-1420
12.3857240677	-1316
12.385944128	-1420
12.3859479427	-197
12.3861300945	-1368
12.3861329556	-1368
12.3869390488	-1368
12.3870720863	-1420
12.3871171474	-1420
12.3871200085	-1264
12.3884210587	-1420
12.3884260654	-1316
12.3884670734	-1420
12.3884689808	-1316
12.3889260292	-1420
12.3889291286	-1316
12.3889930248	-1420
12.3889961243	-1420
12.3890120983	-1264
12.3890869617	-1420
12.3891060352	-1316
12.3892071247	-1368
12.3980810642	-1420
12.3980879784	-1316
12.3982679844	543
12.4058949947	-1368
12.4059529305	-1368
12.4061729908	1460
12.4062299728	111
12.4152679443	-1368
12.4184730053	-1420
12.4185259342	-1316
12.435600996	-1368
12.4356610775	-1420
12.4356651306	-1420
12.4356930256	-1264
12.4372889996	-1420
12.4373450279	-1420
12.4373481274	-796
12.4373841286	-1368
12.4377989769	-1368
12.4378769398	-1368
12.4381949902	-1368
12.4383461475	-1420
12.4383490086	-1420
12.438377142	-1264
12.4385690689	543
12.44384408	-1368
12.4438560009	-1420
12.4439101219	-1420
12.4439129829	-1264
12.4472870827	-1420
12.4472980499	-1420
12.4473490715	-1264
12.4473519325	-1368
12.4474959373	543
12.4523961544	-1420
12.4524109364	-1420
12.4524729252	-1264
12.4524760246	-1368
12.4661459923	-1368
12.4988479614	-1420
12.4988999367	-1316
12.4990329742	-1368
12.4991080761	-1420
12.4991109371	-1316
12.4991400242	-1368
12.4992830753	-1420
12.4993231297	-476
12.499532938	-1420
12.499573946	-1316
12.4996750355	1460
12.4997200966	111
12.4998850822	543
12.4999289513	-1368
12.499931097	-1368
12.5000741482	1460
12.5001170635	625
12.5002441406	543
12.5047149658	-1420
12.5047240257	-1316
12.5073299408	-1368
12.5075170994	-1368
12.5134670734	-1420
12.5134820938	-1420
12.5135469437	-1420
12.5135490894	-1420
12.513584137	-1420
12.513586998	-1108
12.5136220455	-1420
12.5136239529	-1316
12.5139780045	-1420
12.5140011311	-1316
12.51405406	-1368
12.5142300129	-1420
12.5142729282	-1420
12.514275074	-1264
12.5144519806	543
12.5148179531	-1420
12.5148289204	-1420
12.5148880482	-1264
12.5148899555	-1368
12.5160541534	-1420
12.5160601139	-1316
12.5161399841	-1368
12.5163249969	-1368
12.5165100098	-1420
12.5165150166	-1316
12.5165829659	-1420
12.5165860653	-1316
12.5167751312	-1420
12.516780138	-1051
12.5168731213	543
12.5261571407	-1420
12.5261700153	-1420
12.5262210369	-1420
12.5262229443	-1212
12.5303571224	543
12.5338051319	-1368
12.534373045	-1368
12.5461061001	-1420
12.5461149216	-1316
12.546172142	-1420
12.5461740494	-1316
12.5637459755	-1420
12.5637691021	-1420
12.5638029575	-1264
12.563806057	-1368
12.5656950474	-1420
12.5657000542	-1420
12.5657799244	-1420
12.5657830238	-1212
12.5658280849	-1420
12.565830946	-1316
12.5659501553	-1420
12.5659530163	-1316
12.5659811497	-1368
12.566049099	-1368
12.5715200901	-1420
12.5715279579	-1316
12.571586132	-1420
12.5715880394	-1316
12.5717771053	543
12.5749599934	-1368
12.575042963	-1368
12.575067997	-1368
12.5753791332	-1368
12.580299139	-1420
12.5803060532	-1420
12.5803489685	-1264
12.5803511143	-1368
12.5938811302	-1420
12.5939071178	-1316
12.6264359951	-1420
12.6264519691	-1316
12.6280479431	-1420
12.6280620098	-1420
12.6281120777	-1420
12.6281149387	-565
12.6281671524	-1420
12.6281700134	-1420
12.6282329559	-1264
12.6282360554	-1368
12.628287077	-1420
12.628289938	-1316
12.6284141541	-1420
12.6284170151	-1316
12.628674984	543
12.6323060989	-1368
12.6323940754	-1368
12.6357090473	-1420
12.6357159615	-1316
12.6358580589	543
12.6410689354	-1420
12.6410751343	-1316
12.6412169933	-1420
12.6412210464	-1316
12.6412501335	-1368
12.6413469315	-1420
12.6413879395	-1316
12.6414740086	-1368
12.6418261528	-1420
12.6418309212	-1316
12.6421840191	-1420
12.6421880722	-1420
12.6422469616	-1264
12.642250061	-1368
12.6423511505	543
12.6426970959	-1420
12.642701149	-1420
12.6427330971	-1420
12.642745018	-649
12.6436140537	-1368
12.6437549591	-1368
12.6440250874	-1368
12.6441111565	-1368
12.6442360878	-1420
12.6442389488	-1316
12.6444821358	-1368
12.6446831226	-1420
12.6447019577	-1316
12.6447041035	-1368
12.6454260349	543
12.6455750465	543
12.6456830502	543
12.6523180008	-1368
12.6538619995	-1420
12.6539349556	-1316
12.653938055	-1420
12.6539559364	-1316
12.6619040966	-1420
12.6619570255	-1316
12.673774004	-1368
12.6741149426	-1420
12.6741211414	-1420
12.6741640568	-1264
12.6886630058	-1368
12.6915020943	-1420
12.6915080547	-1316
12.6933050156	-1420
12.6933100224	-1420
12.6933989525	-1264
12.6934020519	-1420
12.693447113	-1316
12.6934490204	-1368
12.6935040951	-1420
12.6935069561	-297
12.6938691139	-1420
12.6938741207	-1316
12.6939239502	-1420
12.6939270496	-1316
12.6996171474	-1420
12.6996221542	-1420
12.6996660233	-1420
12.6996691227	-1212
12.7030210495	-1420
12.7030260563	-1316
12.7079739571	-1420
12.7079780102	-1316
12.7080070972	-1368
12.7081921101	543
12.7082331181	-1420
12.7082359791	-1420
12.7082369328	-1264
12.7084579468	543
12.7166309357	-1368
12.7223570347	-1420
12.7224180698	-1316
12.7396290302	-1368
12.7545111179	-1420
12.7545189857	-1316
12.7559549809	-1420
12.755959034	-1420
12.7559981346	-1264
12.7560091019	-1420
12.7560560703	-1420
12.7560579777	-1264
12.7560961246	-1420
12.7560989857	-1316
12.7562289238	-1420
12.7562320232	-1316
12.7563679218	-1420
12.7563719749	-1316
12.7599670887	-1420
12.7599711418	-1316
12.7600460052	-1306
12.7630710602	543
12.7631809711	-1420
12.7631850243	-1316
12.763420105	543
12.7687680721	-1420
12.7687730789	-1316
12.7689239979	-1368
12.7689919472	-1368
12.7690660954	-1420
12.7690689564	-1316
12.7691709995	-1368
12.7692301273	-1368
12.7697880268	-1420
12.7697911263	-1316
12.7701499462	-1420
12.7701539993	-1316
12.7702050209	-1420
12.7702069283	-1316
12.7702519894	-1420
12.7702901363	-1316
12.77038908	-1420
12.7703909874	-1316
12.77135396	-1368
12.7715251446	-1368
12.772028923	-1420
12.7720320225	-1316
12.7721581459	-1420
12.7721610069	-1316
12.7724490166	-1420
12.772452116	-1316
12.7725400925	-1420
12.7725419998	-1316
12.7735059261	-1420
12.7735090256	-1316
12.7750799656	543
12.7753751278	543
12.7815620899	-1368
12.7815690041	-1368
12.7815930843	-1368
12.7816979885	543
12.7818350792	-1368
12.7897040844	-1420
12.789730072	-371
12.7973320484	-1368
12.8021299839	-1420
12.80214715	-1420
12.8022079468	-1420
12.8022110462	-1212
12.8196070194	-1420
12.819633007	-1420
12.819726944	-1420
12.8197300434	-1212
12.8212161064	-1420
12.8212220669	-1420
12.8212649822	-1264
12.8213329315	-1420
12.8213720322	-1420
12.8213739395	-1264
12.8214890957	-1420
12.8214919567	-1316
12.8216929436	-1420
12.821696043	-1420
12.8217351437	-1264
12.8217661381	543
12.8217990398	-1368
12.821928978	543
12.8275060654	-1368
12.8278729916	-1420
12.8279049397	-1420
12.8279080391	-1264
12.8311989307	-1420
12.8312211037	-1420
12.8312799931	-1264
12.8312821388	-1368
12.8359410763	-1368
12.836097002	-1368
12.8361189365	-1368
12.8361830711	-1368
12.8407480717	-1368
12.8501110077	-1420
12.8501529694	-1316
12.8567969799	-1368
12.8603179455	543
12.882240057	-1368
12.8823421001	-1368
12.8837361336	-1420
12.8837411404	-1420
12.8837990761	-1420
12.8838019371	-1212
12.8838510513	-584
12.8838970661	-1420
12.8839230537	-1316
12.8840420246	-1420
12.8840770721	-1420
12.8840789795	-1264
12.8841221333	-1368
12.8843500614	-1420
12.8843779564	-1316
12.8876669407	-1368
12.8877990246	-1368
12.8914959431	-1420
12.8915600777	-1420
12.8915650845	-1420
12.891600132	-1212
12.8917491436	543
12.8921530247	543
12.8966140747	-1368
12.8966219425	-1368
12.8966491222	-1368
12.8969249725	-1420
12.8970191479	-1316
12.8970210552	-1420
12.8970561028	-1420
12.8970589638	-1264
12.8976719379	-1420
12.8976769447	-1316
12.8978710175	-1420
12.8978750706	-1420
12.8978950977	-1264
12.8979899883	-1420
12.8980660439	-1420
12.8980679512	-1264
12.8981029987	-1420
12.8981051445	-1316
12.8983399868	543
12.8983881474	-1420
12.8983900547	-102
12.8992640972	-1420
12.8992700577	-1316
12.8998861313	-1420
12.8998911381	-1420
12.899930954	-1264
12.9000229836	-1368
12.9002919197	-1420
12.9002969265	-1420
12.9003369808	-1264
12.9003670216	-1368
12.9014451504	-1368
12.9016079903	-1368
12.9095380306	-1420
12.9095430374	-1316
12.909858942	-1368
12.9101600647	-1368
12.9161851406	-1368
12.9162559509	1057
12.9176621437	-1420
12.9176681042	-1316
12.9177789688	543
12.92979002	-1368
12.9299800396	-1420
12.9300339222	-1420
12.9300370216	-1264
12.9469609261	-1368
12.9471950531	-1420
12.9472520351	-1420
12.9472551346	-1420
12.947302103	-1212
12.9490280151	-1420
12.9490840435	-1420
12.9490871429	-1264
12.9491789341	-1420
12.9491839409	-1316
12.9492599964	-1420
12.9492630959	-1420
12.9493260384	-1264
12.9493370056	-1335
12.9495091438	-1420
12.9495120049	-1316
12.9496381283	543
12.9557981491	-1420
12.9558041096	-1316
12.9558889866	-1420
12.9558999538	-1420
12.9559381008	-1264
12.9559500217	-1368
12.9588260651	-1368
12.9601809978	-1368
12.9638869762	-1420
12.9638929367	-1316
12.9639179707	-1420
12.9639201164	-1420
12.963946104	-1264
12.964015007	-1368
12.968558073	-1368
12.9701840878	-1368
12.9779679775	-1420
12.9779751301	-1316
12.9781291485	543
12.998568058	-1368
12.9988520145	543
13.0008029938	1460
13.0008659363	111
13.0013041496	543
13.0102519989	-1420
13.0102760792	-1316
13.0115201473	-1368
13.0115871429	-1368
13.0120170116	-1420
13.0120220184	-1420
13.0121331215	-1420
13.0121359825	-1420
13.0121729374	-1160
13.0121760368	-1420
13.0122179985	-1420
13.0122210979	-1264
13.0122771263	-1420
13.0122799873	-1420
13.0123150349	-1264
13.0123181343	-1368
13.0157520771	-1420
13.0157630444	-1316
13.0194699764	-1420
13.0194859505	-1316
13.0195231438	-1420
13.0195260048	-872
13.0250849724	-1368
13.0252511501	-1420
13.0253009796	-1316
13.0253551006	-1420
13.0253739357	-1420
13.0253851414	-1264
13.0255050659	-1420
13.0255079269	-1316
13.0256371498	-1420
13.0256400108	-1316
13.025728941	-1420
13.0257320404	-1420
13.0257520676	-1264
13.0257549286	-1368
13.0258779526	-1420
13.025881052	-1316
13.0261969566	-1368
13.0263030529	-1420
13.0263431072	-1316
13.0269069672	-1368
13.026927948	-1420
13.0269310474	-1316
13.0279331207	-1368
13.0281529427	-1420
13.0281751156	-1420
13.0281779766	-1420
13.028192997	-1420
13.0281951427	-1160
13.028275013	-1420
13.0282781124	-1420
13.0283141136	-1264
13.0283200741	-1368
13.0291199684	1057
13.029489994	-1420
13.0294940472	-1316
13.0295591354	543
13.0378000736	-1420
13.0378141403	-1316
13.0381691456	-1420
13.0381720066	-429
13.038875103	543
13.0455551147	-1420
13.045568943	-1316
13.0505590439	543
13.0527639389	543
13.0577039719	-1420
13.0577099323	-1316
13.0577340126	-1420
13.05773592	-1316
13.0607619286	543
13.0623941422	543
13.0756950378	-1420
13.0757141113	-1420
13.0757739544	-1420
13.0757761002	-1420
13.075813055	-1160
13.0758149624	-1368
13.0759820938	543
13.0767960548	-1368
13.077023983	-1420
13.0770659447	-1316
13.0770680904	-1368
13.0771119595	-1368
13.077162981	-1420
13.0771911144	-1316
13.0773179531	-1420
13.0773639679	-1316
13.0773661137	-1368
13.0774099827	-1420
13.0774581432	-1316
13.0837929249	-1420
13.083796978	-1316
13.0842790604	-1420
13.0842819214	-1420
13.0843200684	-1420
13.0843219757	-1212
13.0878720284	-1420
13.087886095	-1316
13.0881450176	543
13.0883021355	543
13.0914120674	-1368
13.0918049812	-1420
13.0918550491	-1420
13.0918569565	-1264
13.0918951035	-821
13.0921311378	543
13.0962791443	-1420
13.0962870121	-1316
13.0964260101	543
13.105700016	-1420
13.105711937	-1316
13.1057550907	-1368
13.1058940887	-1368
13.1167359352	543
13.1213150024	543
13.1291761398	-1420
13.1291811466	-1316
13.1379561424	-1368
13.1379649639	-1368
13.1396160126	-1420
13.139621973	-1316
13.1399991512	-1420
13.1400039196	-1316
13.1401729584	-1420
13.1401770115	-1420
13.1402051449	-1264
13.1402070522	-1420
13.1402320862	-1316
13.1402339935	-1368
13.1403541565	-1420
13.1403660774	-1420
13.140403986	-1264
13.1404061317	-1368
13.1404941082	543
13.1434340477	-1420
13.1434400082	-1316
13.1472520828	-1420
13.1472580433	-1420
13.1473100185	-1264
13.147313118	-1368
13.1520111561	543
13.1530349255	-1420
13.153042078	-1316
13.1531851292	-1368
13.1532270908	-1368
13.1532580853	-1368
13.1533751488	-1420
13.153414011	-1316
13.1535110474	-1420
13.1535589695	-1316
13.1537201405	-1420
13.153758049	-1316
13.1537599564	-1420
13.1538040638	-1316
13.1551680565	-1420
13.1552100182	-1420
13.1552140713	-1264
13.1563940048	-1368
13.1565139294	-1420
13.15655303	-1316
13.1576991081	-1420
13.1577191353	-1420
13.1577301025	-1264
13.1598660946	-1368
13.1599960327	-1420
13.1599991322	-1316
13.1602101326	543
13.1604919434	1057
13.1624190807	543
13.1637399197	-1368
13.1638319492	-1420
13.1638560295	-1316
13.165117979	-1420
13.1651411057	-1316
13.1651439667	-1368
13.1680221558	-1368
13.1681160927	-1368
13.1698260307	-1420
13.1698429585	-1316
13.1698710918	-1368
13.1713161469	-1420
13.1713619232	-1420
13.1713650227	-1264
13.1714019775	-1368
13.1732780933	543
13.1736330986	-1368
13.1736760139	-1368
13.1767959595	543
13.1809971333	-1368
13.1848809719	543
13.1859240532	-1420
13.1859300137	-1420
13.1859719753	-1420
13.1859741211	-1212
13.1951310635	543
13.1956329346	543
13.203441143	-1368
13.2035541534	-1420
13.20363307	-1316
13.2036449909	-1420
13.2036840916	-1420
13.2036859989	-1264
13.2046689987	-1368
13.2048380375	-1420
13.2048890591	-1316
13.2049460411	-1420
13.2050290108	-1420
13.2050311565	-1264
13.2050681114	-1368
13.2051451206	543
13.205201149	-1420
13.2052030563	-1316
13.20520401	-1368
13.2053029537	-1420
13.2053041458	-1316
13.2054800987	-1420
13.2055029869	-1316
13.2055280209	543
13.2114651203	-1420
13.2114710808	-1316
13.2118339539	-1420
13.2118389606	-1420
13.2118809223	-1264
13.2120759487	-1368
13.214756012	-1420
13.2147619724	-1316
13.2194199562	-1420
13.219424963	-1316
13.2240829468	-1368
13.2240891457	-1368
13.224132061	-1420
13.224134922	-1316
13.2292690277	-1368
13.2336220741	-1420
13.2336709499	-1316
13.2341170311	-1335
13.2430949211	-1368
13.2576220036	-1420
13.257682085	-1316
13.2656199932	-1420
13.265663147	-1316
13.2657589912	543
13.2693891525	-1420
13.269395113	-1420
13.2694690228	-1264
13.2694721222	-1420
13.2695169449	-1420
13.2695190907	-1264
13.2695770264	-1420
13.2695801258	-1316
13.2697560787	-1420
13.2697589397	-1316
13.2699389458	-1420
13.2699420452	-1316
13.2699921131	-1420
13.2699940205	-1316
13.2701201439	543
13.2711961269	-1420
13.2712020874	-1316
13.2713179588	-1420
13.2713220119	-1316
13.2714130878	543
13.2748749256	-1368
13.2749400139	-1368
13.2808499336	-1368
13.2809360027	-1368
13.2812349796	-1368
13.2813251019	-1368
13.2816250324	-1420
13.2816300392	-1316
13.2817511559	-1368
13.2818830013	-1420
13.2819149494	-1188
13.2819900513	-1420
13.2820129395	-1420
13.2820150852	-1264
13.2820830345	-1420
13.282086134	-1316
13.2822179794	-1368
13.2830851078	-1368
13.2832100391	-1420
13.2832131386	-1420
13.2832510471	-1264
13.2833189964	543
13.2843251228	-1368
13.284528017	-1368
13.2862150669	-1420
13.2862200737	-1420
13.286260128	-1264
13.286262989	-1368
13.2877559662	-1368
13.2878339291	-1368
13.2914969921	-1420
13.2915029526	-1316
13.2916049957	-1368
13.2916810513	-1368
13.2917561531	543
13.2926311493	-1368
13.292855978	-1382
13.295814991	-1420
13.2958259583	-1316
13.2974939346	-1420
13.2974989414	-1316
13.2976019382	543
13.2991220951	-1420
13.2991271019	-1316
13.2993071079	-1420
13.2993121147	-1316
13.3013739586	-1420
13.3013789654	-1316
13.308660984	-1420
13.3086659908	-1316
13.3136770725	-1420
13.3136820793	-1420
13.3137271404	-1264
13.3140051365	-1420
13.3140499592	-1420
13.3140521049	-1264
13.3318490982	-1420
13.3318560123	-1420
13.3319010735	-1420
13.3319039345	-1420
13.3319499493	-1420
13.331952095	-1108
13.3320951462	543
13.3327190876	-1368
13.3328480721	-1420
13.3328909874	-1420
13.3328940868	-1344
13.3329689503	-1368
13.3330619335	-1368
13.3333830833	-1420
13.3333880901	-1420
13.3334360123	-1420
13.3334391117	-1212
13.3334851265	-1420
13.3334870338	-1420
13.3335220814	-1264
13.333616972	543
13.3393671513	-1420
13.3393731117	-1316
13.3408670425	-1420
13.340873003	-1420
13.3409049511	-1264
13.3409769535	-1368
13.3410711288	543
13.3430409431	-1420
13.3430459499	-1316
13.3473169804	-1420
13.3473229408	-1316
13.3474011421	-1368
13.347481966	543
13.3475301266	-1368
13.3524501324	-1420
13.3525159359	-1420
13.3525190353	-1264
13.3525550365	-1368
13.3617601395	-1420
13.3618121147	-1316
13.3711359501	-1420
13.3711819649	-1420
13.371186018	-13
13.3856060505	-1420
13.3856110573	-1316
13.3936200142	-1420
13.393625021	-1316
13.397300005	-1420
13.3973059654	-1316
13.3976140022	-1420
13.3976199627	-1316
13.3977799416	-1420
13.397783041	-1316
13.3978619576	543
13.3979151249	-1420
13.3979170322	-1420
13.3979260921	-1264
13.3979270458	-1420
13.3979279995	-1420
13.3979289532	-1264
13.3980231285	-1420
13.3980250359	-1316
13.3982310295	543
13.3991911411	-1420
13.3991971016	-1316
13.3992381096	-1368
13.3994021416	-1368
13.4027979374	-1420
13.4028029442	-1316
13.4086401463	-1420
13.4086461067	-1420
13.4086990356	-1264
13.4087021351	-1368
13.4088909626	543
13.4090199471	543
13.4091460705	-1368
13.4092230797	-1420
13.4092719555	-1316
13.4092750549	-1368
13.4096059799	-1420
13.4096119404	-1420
13.4096519947	-311
13.4097459316	-1368
13.409913063	-1368
13.4102880955	543
13.4395289421	-1368
13.447658062	543
13.4512751102	543
13.4920721054	-1368
13.500316143	543
13.5005321503	543
13.5375909805	-986
13.7509860992	-1420
13.7510590553	-1420
13.7511000633	-787
13.7733471394	-1368
13.7933609486	543
13.835214138	-1368
13.8787720203	-949
13.9402689934	1460
13.940349102	111
13.9411430359	543
13.9473891258	-1368
13.9482450485	1460
13.9483010769	111
13.9489531517	1460
13.9490020275	111
13.9494450092	1057
13.9497470856	1460
13.949794054	111
13.9500980377	1460
13.9501600266	1460
13.9502060413	1161
13.9503269196	603
13.9509129524	1460
13.9509599209	111
13.9549839497	543
13.9568269253	543
14.0091919899	-746
14.0101900101	1460
14.0102541447	111
14.1837780476	-543
14.1942629814	1460
14.1943500042	111
14.2297639847	-1368
14.234236002	1460
14.2343120575	111
14.2349381447	543
14.2623920441	-1420
14.2624080181	-1316
14.2851729393	1460
14.2852900028	111
14.2855930328	1460
14.2856490612	1460
14.2856850624	193
14.28621912	543
14.3227031231	-1210
14.3229320049	543
14.3231370449	543
14.3304769993	543
14.4151930809	-1368
14.4515731335	-232
14.5662410259	-1368
14.5664160252	1460
14.566478014	111
14.5791649818	-1260
14.5831029415	543
14.6182100773	-1420
14.6182250977	-1316
14.7458610535	-920
14.7460589409	543
14.7465100288	1057
14.7510681152	543
14.8375921249	-1368
14.8745720387	-232
14.9269800186	-1420
14.9269919395	-1420
14.9270560741	-1264
14.9270601273	-1420
14.9271030426	-1420
14.92710495	-1264
14.9364950657	543
14.9432089329	-1420
14.9432229996	-1420
14.9432790279	-1264
14.9496600628	-1420
14.9497270584	-1420
14.9497311115	-1264
14.9548919201	543
14.957529068	543
14.961933136	543
14.9621860981	543
15.0023150444	-235
15.0102190971	543
15.011234045	543
15.0431540012	1460
15.0432529449	625
15.0883481503	-1368
15.0920860767	543
15.1718890667	-1289
15.1724040508	1057
15.1760599613	543
15.192494154	-1368
15.2477190495	-1368
15.2479839325	543
15.2512531281	-1368
15.2659571171	1460
15.2660801411	1460
15.2661299706	193
15.2666139603	543
15.2681770325	543
15.2742400169	-1368
15.2975051403	-1368
15.299487114	-530
15.3026471138	543
15.4688360691	-543
15.5180079937	-1420
15.5180180073	-1316
15.5180881023	-1368
15.5183660984	543
15.5408780575	-1368
15.5646800995	-1368
15.5666861534	543
15.5678961277	543
15.5966179371	-472
15.5968780518	543
15.6489069462	-1368
15.696876049	-1420
15.6968910694	-1316
15.697409153	1057
15.725317955	-638
15.7529580593	543
15.7691731453	-1420
15.7691860199	-1316
15.8201160431	-1368
15.8433680534	-1368
15.8454120159	543
15.8463289738	543
15.8819150925	-269
15.9564449787	-1420
15.956469059	-1316
15.961796999	-1368
16.0329179764	-1368
16.0348551273	543
16.0357620716	543
16.0827379227	-783
16.0964009762	1460
16.0965220928	1460
16.0965600014	193
16.1728219986	-1368
16.1812500954	-543
16.2105431557	-232
16.2107031345	543
16.3332750797	-1368
16.3335261345	543
16.338504076	-261
16.4717710018	-1057
16.6075310707	-1420
16.6075489521	-1420
16.6076049805	-1264
16.6080880165	1057
16.6305730343	-1368
16.6737530231	-269
16.6756930351	543
16.6766400337	543
16.700083971	-1368
16.8015210629	-746
16.8475670815	543
16.9295649529	-543
16.9352750778	1057
17.0003070831	543
17.0004160404	543
17.0004680157	543
17.0573370457	-543
17.0647890568	-1420
17.0648469925	-1420
17.0648510456	-1420
17.064868927	-1420
17.0648720264	-1160
17.0655610561	-1420
17.0655660629	-1420
17.0656089783	-1264
17.0793030262	-1420
17.0793509483	-1420
17.0793540478	-1264
17.0794560909	-1368
17.080958128	-1420
17.0810050964	-1316
17.0811741352	-1368
17.0813291073	-1368
17.0815060139	-1420
17.081551075	-1420
17.081553936	-1264
17.0816991329	543
17.081758976	-1420
17.0817611217	-1420
17.0817620754	-1264
17.0817630291	-1420
17.0817630291	-1420
17.0817639828	-1264
17.0817649364	-1368
17.0819270611	-1368
17.0821220875	-1420
17.0821261406	-1420
17.0821630955	-1264
17.0821659565	-1368
17.0894351006	-1420
17.0894551277	-1420
17.0895199776	-1264
17.089523077	-1420
17.0895791054	-1316
17.0895810127	-1368
17.0896179676	-1420
17.0896201134	-1316
17.0897490978	-1420
17.0897519588	-1420
17.0897901058	-1264
17.0897951126	-1368
17.0899860859	-1420
17.089990139	-1420
17.0900099277	-1264
17.0900120735	-1368
17.0900859833	543
17.090255022	543
17.097397089	-1420
17.0974111557	-1420
17.0974750519	-1420
17.0974781513	-1212
17.0975160599	-1420
17.0975179672	-1420
17.0975720882	-1264
17.0975749493	-1368
17.0976951122	-1420
17.0976979733	-1420
17.0977349281	-1264
17.097921133	-1368
17.0980429649	543
17.1028850079	-1420
17.1028969288	-1420
17.1029479504	-1264
17.109044075	-1420
17.1091239452	-1420
17.1091361046	-1264
17.1091740131	-1420
17.1091759205	-1420
17.1092119217	-1264
17.1106281281	-1420
17.1106929779	-1420
17.1106960773	-1264
17.1107540131	-1420
17.1107571125	-1316
17.1108920574	543
17.1109931469	-1420
17.1109960079	-1316
17.1110730171	-1420
17.1110739708	-1420
17.1111190319	-1264
17.1111209393	-1420
17.1111581326	-1316
17.1112589836	543
17.1127579212	-1420
17.1127669811	-1420
17.1128211021	-1264
17.1129300594	-1368
17.1130230427	-1420
17.11302495	-1420
17.1130709648	-1420
17.1130731106	-1212
17.1131079197	-1368
17.1141021252	-1368
17.1144599915	-1420
17.1144659519	-1420
17.1144869328	-1264
17.1145370007	-1420
17.1145801544	-1420
17.1145830154	-1264
17.1147079468	543
17.1147770882	-1420
17.1147789955	-1420
17.1147799492	-1264
17.1245560646	-1368
17.1246650219	-1420
17.124669075	-1316
17.1261320114	-1368
17.1262459755	-1420
17.1262719631	-1316
17.1262750626	-1368
17.1263780594	-1420
17.1263809204	-1316
17.1264021397	-1368
17.1265101433	543
17.1269090176	-1420
17.1269140244	-1316
17.127010107	543
17.127051115	-1420
17.1270530224	-1420
17.1270539761	-1264
17.1271290779	-1368
17.1273770332	-1368
17.1274671555	-1420
17.127491951	-1316
17.1276760101	-1420
17.1276991367	-1316
17.1277689934	-1420
17.12779212	-1316
17.1277940273	-1368
17.1281409264	-1368
17.1394600868	-1368
17.1852829456	-1420
17.1852941513	-1316
17.192453146	-1420
17.1924591064	-1420
17.1925339699	-1420
17.1925461292	-1212
17.1926000118	-1420
17.1926040649	-1316
17.1926691532	-1368
17.1926720142	-1368
17.1928441525	543
17.193187952	-1420
17.1931929588	-1420
17.1932480335	-1264
17.193251133	-1368
17.2073180676	-1420
17.2073230743	-1420
17.2073669434	-1264
17.2074649334	-1368
17.2090330124	-1420
17.2090389729	-1420
17.2090899944	-1264
17.2091021538	-1368
17.2092289925	543
17.2095861435	-1420
17.2096030712	-1420
17.2096741199	-1420
17.209676981	-1212
17.2097210884	-1420
17.2097239494	-1420
17.2097580433	-1264
17.2098200321	-1368
17.2099609375	-1420
17.2099649906	-1420
17.2100660801	-1264
17.2100710869	-1420
17.2101180553	-1316
17.2101211548	-1420
17.2101631165	-1316
17.2102169991	543
17.2102630138	-1420
17.2102649212	-1420
17.2102739811	-1264
17.2103819847	-1420
17.2103819847	-1420
17.2103829384	-102
17.2104580402	-1420
17.2104589939	-1420
17.2104599476	-1264
17.2105250359	-1368
17.2108809948	543
17.2170650959	-1420
17.2170710564	-1420
17.2171149254	-1420
17.2171170712	-1212
17.2172060013	-1420
17.217208147	-1420
17.2172441483	-1264
17.2172470093	-1368
17.2172999382	-1368
17.2173509598	-1368
17.2174551487	-1420
17.2174580097	-1316
17.2174770832	-1420
17.2174789906	-1420
17.2174949646	-1264
17.2176499367	543
17.2823400497	-1420
17.2823591232	-1316
17.2825191021	543
17.2831809521	-1420
17.2831859589	-1316
17.2832090855	-1368
17.2835030556	-1368
17.2835481167	-1420
17.2835509777	-1316
17.2836649418	-1368
17.2837901115	-1420
17.2838449478	-1420
17.2838480473	-1264
17.2838830948	-1420
17.283894062	-1316
17.2920379639	-1420
17.2920429707	-1316
17.2922141552	-1368
17.2924799919	-1420
17.292509079	-1420
17.2925109863	-1264
17.2927360535	-1368
17.2928490639	-1420
17.2929370403	-1420
17.2929401398	-1264
17.2929739952	-1420
17.2929770947	-1316
17.293033123	-1420
17.293035984	-1316
17.293172121	-1420
17.2931749821	-1316
17.2933039665	-1368
17.293612957	-1420
17.2936320305	-1316
17.2940411568	-1420
17.294080019	-1316
17.294424057	-1420
17.2944619656	-1420
17.294465065	-1420
17.2944989204	-1420
17.2945020199	-1420
17.294604063	-1420
17.2946069241	-1056
17.2946429253	-1420
17.294645071	-1420
17.2946810722	-1264
17.2946839333	-1420
17.2947280407	-1316
17.2947311401	-1420
17.2947840691	-1316
17.2947859764	-1420
17.2948250771	-1316
17.2949800491	543
17.2952611446	543
17.2953770161	543
17.2989170551	-1420
17.2989239693	-1316
17.2990660667	-1368
17.3069710732	-1368
17.3070211411	-1420
17.3070249557	-1316
17.3183970451	-1368
17.3184671402	-1420
17.3184959888	-1420
17.3184981346	-1264
17.3185169697	-1420
17.3185191154	-1316
17.3186700344	-1420
17.3186731339	-1316
17.3189971447	-1420
17.3190000057	-1420
17.3190920353	-1420
17.3190951347	-1212
17.3191289902	-1420
17.3191311359	-1420
17.3191649914	-1264
17.3191671371	-1368
17.3195230961	-1420
17.3195259571	-1420
17.3195641041	-1420
17.3195660114	-1420
17.3196001053	-1160
17.3196029663	-1368
17.3196730614	-1420
17.3196749687	-1420
17.3197109699	-1420
17.3197131157	-1212
17.3198609352	-1420
17.3198640347	-1420
17.3199350834	-1264
17.3199379444	-1420
17.319988966	-1316
17.3199911118	-1420
17.3200259209	-1316
17.3201019764	-1420
17.3201470375	-1316
17.3202121258	-1420
17.320248127	-1316
17.322042942	543
17.3223509789	543
17.3224971294	543
17.3385739326	-763
17.3617620468	-1368
17.3619301319	543
17.381082058	-1420
17.3810970783	-1316
17.3813209534	-1420
17.3813259602	-1316
17.3813791275	-1368
17.3821201324	-1420
17.3821840286	-1420
17.3821949959	-1264
17.3822431564	-1420
17.3822460175	-1316
17.3822801113	-1368
17.3828411102	-1420
17.3828620911	-1420
17.3828639984	-1264
17.3985891342	-1420
17.3986029625	-1316
17.3989701271	-1368
17.3993160725	-1420
17.3993599415	-1316
17.3995471001	-1420
17.3995771408	-1316
17.3998401165	-1368
17.3999609947	-1420
17.3999640942	-1420
17.4000389576	-1264
17.400042057	-1420
17.4000909328	-1316
17.4000940323	-1368
17.400165081	-1368
17.4002189636	-1420
17.400247097	-1316
17.4003901482	-1368
17.4032289982	543
17.4033989906	543
17.4039320946	-1420
17.4039390087	-1316
17.4039850235	-1368
17.4344270229	-1420
17.4345059395	-1420
17.4345109463	-1264
17.4522819519	-1420
17.4523010254	-1316
17.4525239468	543
17.4525671005	-1368
17.4525699615	-1420
17.4525699615	-1316
17.4526600838	-1368
17.4527599812	543
17.4537320137	-1368
17.4538969994	-1420
17.4539420605	-1316
17.4540121555	-1368
17.4541649818	-1368
17.4543869495	-1420
17.4544320107	-1316
17.4572160244	-1368
17.457406044	-1420
17.4574120045	-1316
17.4575209618	543
17.4686260223	-1420
17.4686300755	-1420
17.4686739445	-1264
17.4697721004	-1420
17.4698319435	-1316
17.4699320793	543
17.4699709415	-1368
17.4701609612	-1420
17.4702129364	-1420
17.4702160358	-1264
17.4703159332	-1420
17.4703190327	-1420
17.4703550339	-1264
17.4703669548	-1420
17.4704091549	-1316
17.4704871178	-1420
17.4705410004	-1420
17.4705431461	-1264
17.4705779552	-1368
17.4893159866	-1186
17.490170002	-1368
17.4904270172	-1368
17.4905920029	-1368
17.491122961	-1420
17.4911699295	-1420
17.4911730289	-1264
17.4912641048	543
17.4929270744	-1420
17.4929320812	-1316
17.4930019379	-1420
17.4930050373	-1420
17.4930610657	-1264
17.493062973	-1368
17.4931099415	-1420
17.4931221008	-1316
17.4932141304	-1368
17.4932899475	-1368
17.4933941364	-1368
17.4946990013	-1368
17.494893074	-1420
17.4948990345	-1316
17.4950039387	-1420
17.4950079918	-1420
17.4950480461	-1264
17.4950780869	-1368
17.4951610565	543
17.4953241348	-1420
17.4953291416	-1420
17.4953689575	-1420
17.495372057	-1212
17.4954111576	543
17.4954891205	-1420
17.4954919815	-1316
17.497303009	-1368
17.4973640442	-1368
17.4975090027	-1368
17.4975140095	-1420
17.4975349903	-1316
17.4976069927	-1368
17.5025191307	-1368
17.5026080608	-1420
17.5026421547	-1316
17.5088810921	-1420
17.5089349747	-1420
17.5089399815	-1264
17.5089769363	-1420
17.5089800358	-1316
17.5091071129	543
17.5132880211	-1420
17.5133030415	-1420
17.5133569241	-1420
17.5133590698	-1420
17.5134050846	-1160
17.5134079456	-1368
17.5135121346	-1368
17.5136539936	-1420
17.5136950016	-1316
17.5138540268	-1368
17.5176200867	-1420
17.5176260471	-1420
17.5176701546	-1264
17.5176730156	-1420
17.5177381039	-1316
17.5178370476	543
17.5178930759	-1420
17.5178949833	-1420
17.517895937	-1264
17.5180470943	543
17.5182621479	-1420
17.5182681084	-1420
17.5183079243	-1264
17.5183110237	-1368
17.5213820934	-1420
17.5213880539	-1316
17.5215210915	-1420
17.5215239525	-1420
17.5215620995	-1264
17.5217311382	-1420
17.5217649937	-1316
17.5263710022	-1420
17.5264110565	-1316
17.5265491009	-543
17.526610136	-1368
17.5266840458	-1420
17.5266859531	-1316
17.5321540833	-1368
17.5717101097	1460
17.5717670918	111
17.5839660168	-1420
17.5839810371	-1420
17.5840349197	-1420
17.5840380192	-1420
17.5840740204	-1420
17.5840759277	-1108
17.5842440128	543
17.5844359398	-1420
17.5844500065	-1420
17.584510088	-1264
17.5845150948	-1420
17.584551096	-1316
17.584954977	-1420
17.5849990845	-1420
17.5850009918	-1264
17.5954229832	-1420
17.5954401493	-1420
17.595500946	-1420
17.5955040455	-1212
17.6003389359	543
17.6170840263	-570
17.6187591553	-1368
17.6238279343	-1420
17.6238429546	-1420
17.6238851547	-1264
17.6238880157	-1420
17.6239221096	-1316
17.6240170002	-1368
17.6241779327	543
17.6254360676	-1420
17.6254520416	-1420
17.625494957	-1420
17.6254980564	-1420
17.6255331039	-1420
17.625535965	-1108
17.6255779266	-1368
17.6397480965	-1420
17.6397769451	-1420
17.6397800446	-1264
17.64625597	-1420
17.6462669373	-1420
17.6463270187	-1264
17.6504089832	-1368
17.650534153	-1368
17.6507539749	-1368
17.6508979797	-1420
17.6509010792	-1420
17.6509399414	-1264
17.6510300636	543
17.6569650173	-1420
17.6569919586	-1420
17.6570460796	-1264
17.6570489407	-1368
17.6572010517	-1420
17.6572041512	-1420
17.657241106	-1264
17.6807060242	1057
17.7097859383	-1420
17.7098071575	-1420
17.7098741531	-1264
17.7328879833	-1368
17.734251976	-1368
17.7349081039	543
17.7463710308	-25
17.7488870621	543
17.803839922	543
17.9060270786	-543
18.0177800655	-543
18.0426120758	-1368
18.0457961559	543
18.0461161137	543
18.07340312	-203
18.0769290924	1057
18.0776700974	543
18.20531106	-1086
18.2055151463	543
18.4893200397	-1057
18.6652009487	-1368
18.66527915	-1368
18.6654660702	543
18.6673500538	-920
18.6685869694	543
18.8723881245	-1420
18.8724141121	-1420
18.8724710941	-787
19.0000360012	-1086
19.0023610592	543
19.0470039845	543
19.099298954	-1368
19.1277730465	-232
19.1539349556	543
19.255521059	-543
19.2560060024	1057
19.6438009739	-1420
19.6438200474	-151
19.6504011154	1057
19.7713420391	-543
19.7715139389	543
19.9559421539	-1057
20.1573250294	-1420
20.1573989391	-1420
20.1574361324	-787
20.1817550659	-1368
20.2850401402	-717
20.2874910831	543
20.2909259796	543
20.6355450153	-543
20.808093071	-1057
20.8094041348	543
21.0002999306	543
21.1732339859	-1057
21.1810820103	543
21.4882929325	-543
21.4884810448	543
21.9099919796	-1420
21.9100120068	-1420
21.9100720882	-273
21.9114141464	543
21.913161993	543
22.2402911186	-543
22.4075131416	-543
22.4077279568	543
22.6357450485	-1420
22.6357629299	-665
22.6374750137	1057
22.8399291039	-1057
22.8437039852	1057
23.0387721062	-1057
23.050853014	543
23.2622089386	-543
23.2624161243	543
23.4868690968	-1420
23.4868891239	-1420
23.4869480133	-273
23.4891340733	543
23.4948120117	543
23.6788780689	-543
23.846873045	-1057
23.8480319977	543
24.0506660938	1057
24.1784660816	-1420
24.1784830093	-151
24.190969944	543
24.4882659912	-543
24.4884750843	543
24.5675549507	-543
24.7702319622	-1420
24.7702510357	-1420
24.7703149319	-787
24.8156049252	-1368
24.8990869522	-717
24.9013130665	543
24.9021990299	543
25.1568930149	-543
25.2964291573	-1368
25.3256659508	-717
25.341643095	543
25.4660749435	-543
25.5580251217	-543
25.6841061115	543
25.6923520565	1057
25.8675291538	-1420
25.8675780296	-665
25.8677470684	543
26.1584119797	-543
26.4886341095	-1420
26.4887290001	-1420
26.4888081551	-787
26.4909379482	543
26.5005309582	-1368
26.5474641323	-543
26.6055960655	-543
26.6165421009	-1231
27.0004091263	543
27.0004661083	543
28.2733199596	-543
29.0532929897	-543
29.1808559895	-543
29.6164879799	-543
29.7010319233	-543
