0	-565
0.261425971985	-543
0.388589143753	-543
3.28145813942	1057
3.85008215904	-543
3.97628498077	-543
4.00226616859	543
4.15112709999	543
4.30255317688	-543
4.44802618027	-1368
4.44810295105	-1368
4.44812512398	-1368
4.44881606102	543
4.45123314857	-95
4.45554018021	-1368
4.60442209244	-717
4.70574402809	543
4.89449810982	543
4.9971549511	-543
5.22582507133	-543
5.22681999207	-1368
5.22683811188	-1368
5.2269961834	-1368
5.22703695297	-1368
5.23060917854	-1368
5.23069500923	-1368
5.24978709221	-1368
5.25012207031	-1368
5.25013899803	-1368
5.26292800903	-543
5.26769399643	1057
5.3746380806	-1368
5.37466216087	-1368
5.37567615509	-1368
5.37569904327	-1368
5.37573504448	-1368
5.37575507164	-1368
5.37578105927	-1368
5.37581396103	-1368
5.37584710121	-1368
5.37594795227	-1368
5.37946105003	-1368
5.37950205803	-1368
5.37961196899	-1368
5.3796710968	-1368
5.38464903831	1368
5.39861702919	-1368
5.39870595932	-1368
5.41673803329	-1368
5.41676712036	232
5.41677713394	-1368
5.41678094864	-1368
5.41684818268	-1368
5.52350401878	-1368
5.52353405952	-1368
5.52355909348	-1368
5.52356410027	-1368
5.52442002296	-1368
5.52443695068	-589
5.56801795959	543
5.56832313538	1368
5.67320013046	-1086
5.67528796196	-1368
5.69125795364	-1368
5.69872403145	-1368
5.71742510796	1260
5.82295298576	-1152
5.94347405434	-1368
5.94387507439	-1368
5.94390416145	-1368
5.94398713112	-1368
5.94429302216	-1368
5.94439506531	-1368
5.94441413879	-1368
5.94555497169	-1368
5.94737410545	-1368
5.94739794731	-1368
5.94741511345	-1368
5.95561504364	-1368
5.95575904846	-1368
5.95579099655	-1368
5.95582008362	-1368
5.96334695816	-1368
5.96386504173	543
5.96777915955	-1368
5.96783709526	-1368
5.96787309647	-1368
5.96841216087	-1368
5.96845507622	-1368
5.96875810623	-1368
5.96886014938	-1368
5.96921110153	-1368
5.97110009193	-1368
5.97112512589	-1368
5.97497916222	-1368
5.97502708435	-1368
5.97506117821	-1368
5.975233078	-1368
5.97532200813	-1368
5.9754049778	-1368
5.97590517998	-1368
5.97597312927	-1368
5.99276018143	-1368
5.99347305298	-1368
5.99357509613	-1368
5.99360513687	-1368
5.99370098114	-1368
5.99373197556	-1368
5.99380517006	-1368
5.99390697479	-1368
5.99400615692	-1368
6.01083016396	-1368
6.01090312004	-1368
6.04694104195	-543
6.09262514114	-1368
6.09267902374	-1368
6.09272813797	-1368
6.09278702736	-1368
6.09285211563	-1368
6.09291315079	-1368
6.09296917915	-1368
6.09300017357	-1368
6.09315896034	-1368
6.09321808815	-1368
6.09326195717	-1368
6.09327411652	-1368
6.09418702126	1368
6.09430503845	-1368
6.09441494942	-1368
6.09444212914	-1368
6.09445810318	-1368
6.0960650444	-1368
6.09617614746	-1368
6.09622311592	-1368
6.09624910355	-1368
6.10443496704	-1368
6.10459709167	-1368
6.10463309288	-1368
6.10466313362	-1368
6.10469698906	-1368
6.10472798347	-1368
6.10475802422	-1368
6.10478615761	-1368
6.11217212677	-1368
6.1121931076	-1368
6.11221313477	-1368
6.11227917671	-1368
6.11351299286	1347
6.11664509773	-1368
6.11669611931	-1368
6.11671900749	-1368
6.11675095558	-1368
6.11724114418	-1368
6.11725401878	-1368
6.11728715897	-1368
6.11732506752	-1368
6.11752700806	-1368
6.11755895615	-1368
6.11759495735	-1368
6.11766505241	-1368
6.11799407005	-1368
6.11802911758	-1368
6.11805415154	-1368
6.11809301376	-1368
6.11981916428	-1368
6.11993408203	-1368
6.11998701096	-1368
6.12000703812	-1368
6.12390208244	-1368
6.12400698662	-1368
6.12407207489	-1368
6.12409114838	-1368
6.1241080761	-1368
6.12411618233	-1368
6.12413215637	-1368
6.12413716316	-1368
6.12414312363	-1368
6.12415099144	-1368
6.12425613403	-1368
6.1242711544	-262
6.13577318192	1368
6.13607311249	1368
6.1360809803	1368
6.13728308678	1368
6.13806414604	1368
6.14500904083	1368
6.25451612473	-543
6.26244902611	1368
6.2624540329	994
6.32570815086	-543
6.33503699303	-1368
6.33507299423	-1368
6.33508014679	-1368
6.33632302284	-1368
6.33635210991	-1368
6.33641195297	-1368
6.3547680378	-1368
6.35511803627	-1368
6.35518503189	-1368
6.35521411896	-1368
6.35540699959	-1368
6.35542702675	-1368
6.35544514656	-1368
6.35863804817	-1368
6.358741045	-1368
6.35879707336	-1368
6.36219716072	-1368
6.36229205132	-1368
6.36232709885	-1368
6.36235308647	-1368
6.36254310608	-1368
6.37856602669	-1368
6.37897706032	-1368
6.37900900841	-1368
6.37903594971	-1368
6.37913417816	-1368
6.37917494774	-1368
6.37930798531	-1368
6.37932896614	-1368
6.37950110435	1368
6.38656115532	-1368
6.38663506508	-1368
6.38675498962	-1368
6.38679409027	-1368
6.38681912422	-1368
6.38683915138	-1368
6.38699913025	-1368
6.38701915741	-1368
6.40364003181	-1368
6.40366506577	-1368
6.40381407738	-1368
6.40397715569	-1368
6.40399503708	-1368
6.40400099754	-1368
6.41080904007	-1368
6.41130900383	775
6.45015716553	-1368
6.47843694687	-1368
6.47860002518	-1368
6.4786260128	-1368
6.47872400284	-1368
6.4838039875	-318
6.48480415344	-1368
6.48481798172	-1368
6.48483300209	-1368
6.4848921299	-1368
6.48580503464	-1368
6.48584103584	-1368
6.48590517044	-1368
6.53664708138	-1368
6.63246512413	-596
6.95945215225	543
6.95946598053	543
7.27227807045	1368
7.27239608765	1231
7.28822398186	1368
7.30079197884	1368
7.3075401783	1368
7.30754899979	1368
7.30765914917	1368
7.30791497231	1368
7.42113494873	1368
7.42118406296	1368
7.43726015091	1368
7.44967317581	1368
7.4567091465	1368
7.45671415329	1368
7.45680999756	1368
7.45682215691	1368
7.48330211639	-543
7.49090003967	-1368
7.50047016144	-543
7.5021071434	-1368
7.50212597847	-1368
7.50220704079	-1368
7.50224113464	-1368
7.50242209435	-1368
7.50244307518	-1368
7.50257110596	-1368
7.51472902298	-1368
7.51477217674	-1368
7.5147960186	-1368
7.51489114761	-1368
7.51491713524	-1368
7.51495409012	-1368
7.52236413956	-1368
7.52238416672	-1368
7.52250313759	-1368
7.52271413803	-1368
7.52272605896	-1368
7.522824049	-1368
7.52307796478	-1368
7.52315998077	-1368
7.53954696655	-1368
7.53961396217	-1368
7.53965997696	-1368
7.53970098495	-1368
7.539716959	-1368
7.53975200653	-1368
7.53976917267	-1368
7.54716300964	-1368
7.54720401764	-1368
7.54729914665	-1368
7.54745912552	-1368
7.54757714272	-1368
7.54763507843	-1368
7.54804205894	-1368
7.5480530262	-1368
7.57055711746	1368
7.57056999207	1368
7.57069015503	1368
7.57069897652	1368
7.59869003296	1368
7.5986969471	1368
7.5988099575	35
7.6321041584	-1368
7.63213515282	-1368
7.63992094994	-1368
7.64005017281	-1368
7.65093898773	-1368
7.65104198456	-1368
7.65108108521	-1368
7.651086092	-1368
7.65111613274	-1368
7.65113115311	-1368
7.65115714073	-1368
7.65118598938	-1368
7.65121412277	-1368
7.65126109123	-1368
7.65127205849	-1368
7.65130114555	-1368
7.65140008926	-1368
7.65142607689	-1368
7.66345596313	-1368
7.6635491848	-1368
7.66357517242	-1368
7.66360616684	-1368
7.66365695	-1368
7.66369009018	-1368
7.66371798515	-1368
7.66375398636	-1368
7.66377210617	-1368
7.66381502151	-1368
7.66384005547	-1368
7.66386198997	-1368
7.66464114189	1368
7.67121315002	-1368
7.67126703262	-1368
7.6713039875	-1368
7.67130994797	-1368
7.67133116722	-1368
7.67133402824	-1368
7.67145109177	-1368
7.67146015167	-1368
7.67151713371	-1368
7.67153000832	-1368
7.67183113098	-1368
7.67189502716	-1368
7.67194914818	-1368
7.67197418213	-1368
7.6885240078	-1368
7.6885881424	-1368
7.68863415718	-1368
7.6886370182	-1368
7.68864297867	-1368
7.68867111206	-1368
7.68869400024	-1368
7.68878507614	-1368
7.68886399269	-1368
7.6888730526	-1368
7.68889117241	-1368
7.68895316124	-1368
7.68896818161	-1368
7.68898010254	-1368
7.68903303146	-1368
7.68908405304	-1368
7.68916296959	1368
7.69596099854	-1368
7.69599199295	-1368
7.69600915909	-1368
7.69606614113	-1368
7.69618296623	-1368
7.69624400139	-1368
7.69627213478	-1368
7.69632601738	-1368
7.69638800621	-1368
7.69641399384	-1368
7.69644618034	-1368
7.69649600983	-1368
7.69656705856	1368
7.69676709175	-1368
7.69682002068	-1368
7.69687199593	-1368
7.69690704346	-1368
7.74766397476	240
7.78096604347	-1368
7.78100705147	-1368
7.7810280323	-1368
7.78103113174	-1368
7.78897404671	-1368
7.78900098801	-1368
7.78902411461	-1368
7.78910303116	-1368
7.79986000061	-1368
7.79990696907	-1368
7.79993796349	-1368
7.79994511604	-1368
7.79995512962	-1368
7.79997515678	-1368
7.8000459671	-1368
7.8000831604	-1368
7.80011916161	-1368
7.80017805099	-1368
7.80026507378	-1368
7.80031704903	-1362
7.84188699722	-543
7.89647507668	1086
7.9005651474	-1368
7.90058803558	-1368
7.90838503838	-1368
7.90841603279	-1368
7.90843510628	-1368
7.9084379673	-1368
7.91610407829	-1368
7.91617512703	-1368
7.91621899605	-1368
7.91622400284	-1368
7.91625118256	-1368
7.91631412506	-1368
7.91634202003	-1368
7.91639709473	-1368
7.91642212868	-1368
7.91645717621	-1368
7.91647601128	-1368
7.91654610634	-1368
7.91664004326	-1368
7.91670203209	-1368
7.91672205925	-1368
7.91678309441	-1368
7.91685914993	-1368
7.91692304611	-1368
7.91693902016	-1368
7.91710495949	-1368
7.91712617874	-1368
7.91715312004	-1368
7.91717410088	-1368
7.91720700264	-1368
7.9176170826	1368
7.9238910675	-1368
7.92398095131	-1368
7.92400503159	-1368
7.92403507233	-1368
7.92408394814	-1368
7.92412900925	-1368
7.92415714264	-1368
7.92418909073	-1368
7.93170714378	-1368
7.93173718452	-1368
7.93176317215	-1368
7.93179106712	-1368
7.93182516098	-1368
7.93184614182	-1368
7.93225002289	1368
7.93946695328	-1368
7.939494133	-1368
7.93953204155	-1368
7.93961715698	-1368
7.93965411186	-1368
7.93967199326	-1368
7.94712901115	-1368
7.94722604752	-1368
7.94728207588	-1368
7.94731211662	-1368
7.94733810425	-1368
7.94740414619	-1368
7.94742798805	-1368
7.94746017456	-1368
7.94761705399	-1368
7.94906401634	-545
7.95494318008	-1368
7.95500016212	-1368
7.955037117	-1368
7.955119133	-1368
7.95514202118	-1368
7.95521807671	-1368
7.95529508591	-1368
7.95531201363	-1368
7.9626750946	-1368
7.96269702911	-1368
7.96273398399	-1368
7.96282815933	-1368
7.96373295784	1368
8.0299050808	-1368
8.03004717827	-1368
8.0300681591	-1368
8.03247904778	-1368
8.03265500069	-1368
8.03334116936	-1368
8.03341698647	-1368
8.03344607353	-1368
8.03348207474	-1368
8.03349900246	-1368
8.03362703323	-1368
8.03380799294	-1368
8.03384017944	-1368
8.03394603729	-1368
8.03396701813	-1368
8.03401517868	-1368
8.03416395187	-1368
8.03419208527	-1368
8.03430008888	-1368
8.03431510925	-1368
8.03434205055	-1368
8.03439307213	-1368
8.03446412086	-1368
8.03448200226	-1368
8.03462100029	-1368
8.03465199471	-1368
8.03467011452	-1368
8.03475213051	-1368
8.03476905823	-1368
8.0349149704	-1368
8.03494405746	-1368
8.03497409821	-1368
8.03498911858	1368
8.03504395485	-1368
8.03507995605	-1368
8.03509807587	-1368
8.03767704964	-1368
8.03778600693	-1368
8.0378010273	-1368
8.04010796547	1368
8.04043912888	-1368
8.04052901268	-1368
8.04074597359	-1368
8.04081916809	-1368
8.04095196724	-1368
8.04098105431	-1368
8.04156208038	1368
8.04771709442	-1368
8.04774713516	422
8.04775810242	-1368
8.04776501656	-1368
8.04802417755	-1368
8.04808402061	-1368
8.04818415642	-1368
8.04823303223	-1368
8.04825305939	-1368
8.0482840538	-1368
8.05584812164	-1368
8.05589699745	-1368
8.05593800545	-1368
8.05603694916	-1368
8.05607295036	-1368
8.05609202385	-1368
8.05843400955	1368
8.06081295013	-1368
8.06083703041	-1368
8.06101202965	-1368
8.06318712234	-1368
8.06321811676	-1368
8.06323003769	-1368
8.06352114677	-1368
8.06354618073	-1368
8.06358003616	-1368
8.06370997429	-1368
8.06881809235	-1368
8.06885910034	-1368
8.07088708878	-1368
8.07092308998	-1368
8.07094502449	-1368
8.07129716873	-1368
8.07137298584	-1368
8.07140398026	-1368
8.07628798485	-1368
8.07635998726	-1368
8.07646417618	-1368
8.0765080452	-1368
8.07888007164	-1368
8.07904696465	-1368
8.07911515236	-1368
8.07918000221	-1368
8.07924413681	-1368
8.08057403564	1368
8.08059000969	1368
8.08652710915	-1368
8.08662104607	-1368
8.08665013313	-1368
8.08665394783	-1368
8.08697795868	-1368
8.08701109886	-1368
8.08707714081	-1368
8.09197807312	-1368
8.09201097488	-1368
8.09201717377	-1368
8.09412002563	-1368
8.09413909912	-1368
8.09418296814	-1368
8.09434008598	1368
8.094810009	-1368
8.09482097626	-1368
8.09488511086	-1368
8.09775900841	-307
8.09970903397	-1368
8.09977602959	-1368
8.0998301506	-1368
8.10035896301	1368
8.10195803642	-1368
8.10200214386	-1368
8.10202217102	-1368
8.10241103172	-1368
8.10244297981	-1368
8.1024620533	-1368
8.1030189991	1368
8.10770010948	-1368
8.10772800446	-1368
8.10775303841	-1368
8.1102001667	-1368
8.11023497581	-1368
8.11024808884	-1368
8.1102809906	-1368
8.11030507088	-1368
8.1103219986	-1368
8.11525201797	-1368
8.11539697647	-1368
8.11541604996	-1368
8.11672401428	1368
8.11811900139	-1368
8.11816501617	-1368
8.11823105812	-1368
8.14923715591	-1368
8.14937710762	-1368
8.14939498901	-1368
8.14940714836	-1368
8.14942598343	-1368
8.1494410038	-1368
8.14944696426	-1368
8.14946103096	-1368
8.14951705933	-1368
8.14968514442	-1368
8.14971613884	-1368
8.14973497391	-1368
8.14987111092	-1368
8.14994907379	-1368
8.14997816086	-1368
8.15013813972	-1368
8.15020704269	-1368
8.1502301693	-1368
8.15032410622	-1368
8.15037703514	-1368
8.15042114258	-1368
8.15049910545	-1368
8.15053415298	-1368
8.15056204796	-1368
8.15060710907	-1368
8.15065002441	-1368
8.15068006516	-1368
8.15084314346	-1368
8.15086603165	-1368
8.15096902847	-1368
8.15100598335	-1368
8.1510181427	-1368
8.15105509758	-1368
8.15463805199	-1368
8.15470099449	-1368
8.15476608276	-1368
8.15609097481	-1368
8.15612816811	-1368
8.15615415573	-1368
8.17891597748	-1368
8.17896008492	-1368
8.18142700195	-1368
8.18147706985	-1368
8.18926095963	1368
8.18927097321	1368
8.19431614876	-1368
8.19434714317	1368
8.19436001778	-1368
8.19436812401	-1368
8.19449496269	-1368
8.1945540905	-1368
8.19456315041	-1368
8.194699049	-1368
8.19471597672	-1368
8.19474601746	-1368
8.19477415085	-1368
8.19479799271	-1368
8.19489312172	-1368
8.19511198997	-1368
8.19516396523	-1368
8.19518899918	-1368
8.19526004791	-1368
8.19528508186	-1368
8.19530296326	-1368
8.19534802437	-1368
8.19537305832	-1368
8.1954240799	-1368
8.19554901123	-1368
8.19565701485	-1368
8.19567513466	-1368
8.19573807716	-1368
8.19576096535	-1368
8.19581604004	-1368
8.20738816261	1368
8.2073931694	1368
8.22989916801	757
8.23371911049	-1368
8.23379802704	-1368
8.23384213448	-1368
8.23384809494	-1368
8.23388314247	-1368
8.23389816284	-1368
8.2339990139	-1368
8.23408007622	-1368
8.2341029644	-1368
8.23423814774	-1368
8.23427009583	-1368
8.23428797722	-1368
8.2343890667	-1368
8.23444199562	-1368
8.23451304436	-1368
8.2345199585	-1368
8.23454809189	-1368
8.23458313942	-1368
8.23472213745	-1368
8.23481607437	-1368
8.23486995697	-1368
8.2349691391	-1368
8.23500013351	-1368
8.23503518105	-1368
8.23506402969	-1368
8.23509311676	-1368
8.23513102531	-1368
8.2351629734	-1368
8.23519706726	-1368
8.23522615433	-1368
8.23547506332	-1368
8.23557114601	-1368
8.23570513725	-1368
8.23575115204	-1368
8.23592305183	1368
8.24657416344	-36
8.24662804604	1368
8.25221610069	1368
8.28175902367	1368
8.29913711548	1368
8.31187796593	-1368
8.31190514565	-1368
8.31192517281	-1368
8.31196904182	-1368
8.31202912331	-1368
8.31205511093	-1368
8.31210708618	-1368
8.31212496758	-1368
8.31215405464	-1368
8.31222200394	-1368
8.31229615211	-1368
8.31235814095	-1368
8.31237411499	-1368
8.31245017052	-1368
8.31252598763	-1368
8.31258702278	-1368
8.31262516975	-1368
8.31264305115	-1368
8.31273698807	-1368
8.31277704239	-1368
8.31282305717	-1368
8.31293916702	-1368
8.3129940033	-1368
8.31304812431	-1368
8.31311607361	-1368
8.3132891655	-1368
8.31332111359	-1368
8.31339001656	-1368
8.31971311569	-1368
8.31982707977	-1368
8.32000017166	-1368
8.32021212578	-1368
8.32025694847	-1368
8.32028603554	-1368
8.32040596008	-1368
8.3274641037	-1368
8.32749915123	-1368
8.3275141716	-1368
8.33511209488	-1368
8.33514904976	-1368
8.33517599106	-1368
8.33527898788	-1368
8.33542895317	-1368
8.33545804024	-1368
8.33552718163	-1368
8.33831596375	1368
8.3383231163	1368
8.34288811684	-1368
8.34303617477	-1368
8.34309506416	-1368
8.34310102463	-1368
8.34312701225	-1368
8.34320616722	-1368
8.35081005096	-1368
8.3508310318	1368
8.35084104538	-1368
8.35086107254	-1368
8.3508939743	-1368
8.35091114044	-1368
8.35094308853	-1368
8.35654211044	1368
8.35654711723	1368
8.35670614243	-1368
8.3567481041	-1368
8.35840606689	-1368
8.35845899582	-1368
8.35849905014	-1368
8.35854005814	-1368
8.3585960865	-1368
8.36442399025	-1368
8.36464905739	-1368
8.36616516113	-1368
8.36635994911	-1368
8.36688303947	-1368
8.36691498756	-1368
8.37214803696	-1368
8.37383794785	-1368
8.37392997742	-1368
8.37396597862	-1368
8.37402009964	-1368
8.37405204773	-1368
8.37976098061	-1368
8.37979006767	1368
8.37980103493	-1368
8.37995815277	-1368
8.38164997101	-1368
8.38167095184	-1368
8.3873500824	-1368
8.38738012314	1368
8.38742017746	-1368
8.38744807243	-1368
8.38936114311	-1368
8.38940405846	-1368
8.38943099976	-1368
8.39521098137	-1368
8.395373106	-1368
8.3954410553	-1368
8.39547300339	-1368
8.39548707008	-301
8.3955180645	1368
8.39709711075	-1368
8.39716911316	-1368
8.40290403366	-1368
8.40293717384	1368
8.40295004845	-1368
8.40297412872	-1368
8.40307402611	-1368
8.40489602089	-1368
8.40493702888	-1368
8.40497112274	-1368
8.41068315506	-1368
8.41071295738	-1368
8.41073298454	-1368
8.4128241539	-1368
8.41286706924	-1368
8.41287398338	-1368
8.41289997101	-1368
8.41292500496	-1368
8.41864800453	-1368
8.42044901848	-1368
8.42058110237	-1368
8.42060112953	-1368
8.4268989563	-1368
8.42695403099	-1368
8.42717814445	-1368
8.42856216431	-1368
8.42858505249	-1368
8.42860507965	-1368
8.43400216103	-1368
8.434030056	1368
8.43404006958	-1368
8.43413209915	-1368
8.43423199654	-1368
8.43604516983	-1368
8.43612003326	-1368
8.43625998497	-1368
8.4362859726	-1368
8.43637108803	-1368
8.4421710968	-1368
8.44219017029	-1368
8.44360208511	-1368
8.44362401962	-1368
8.44364309311	-1368
8.44371604919	-1368
8.44386315346	-1368
8.44968605042	-1368
8.44972205162	1368
8.45139217377	-1368
8.4515349865	-1368
8.45162415504	-1368
8.45164108276	-1368
8.45166611671	-1368
8.45665502548	-1368
8.45913004875	-1368
8.45922803879	-1368
8.45928001404	-1368
8.46518397331	-1368
8.46521401405	-1368
8.46527099609	-1368
8.46541404724	-1368
8.46730399132	-1368
8.46736717224	-1368
8.46783494949	-1368
8.46788907051	-1368
8.48063707352	-1368
8.48097300529	-1368
8.48114395142	-1368
8.48117899895	-1368
8.48130011559	-1368
8.48132705688	-1368
8.48150515556	-1368
8.48712897301	1368
8.48713517189	1368
8.48724198341	1368
8.50361299515	-1368
8.50376200676	1368
8.50378894806	1368
8.50569009781	1368
8.50570607185	188
8.51104807854	-1368
8.51107907295	-1368
8.51956415176	-1368
8.51990413666	-1368
8.5200150013	-1368
8.52004909515	-1368
8.52768206596	-1368
8.5277121067	-1368
8.52782011032	-1368
8.52784609795	-1368
8.52787804604	-1368
8.53525710106	-1368
8.53530812263	-1368
8.5353269577	-1368
8.53540205956	-1368
8.53543710709	-1368
8.53549098969	-1368
8.53559994698	-1368
8.53833317757	1368
8.53835105896	1368
8.54256916046	-1368
8.54259109497	1368
8.54263496399	-1368
8.54266214371	-1368
8.54279112816	-1368
8.54308915138	-1368
8.54317712784	-1368
8.5432009697	-1368
8.54437994957	-997
8.54439496994	1368
8.55034208298	-1368
8.55036115646	-1368
8.55051112175	-1368
8.55052804947	-1368
8.55062508583	-1368
8.55071401596	-1368
8.55818104744	-1368
8.55821299553	1368
8.55822396278	-1368
8.55833411217	-1368
8.55836415291	-1368
8.55839705467	-1368
8.56595516205	-1368
8.56604099274	-1368
8.56610012054	-1368
8.56611895561	-1368
8.56614112854	-1368
8.56626105309	-1368
8.57329010963	-1368
8.57331705093	-1368
8.57333707809	-1368
8.57381415367	-1368
8.5738389492	-1368
8.57386803627	-1368
8.58135199547	-1368
8.58143401146	-1368
8.58161902428	-1368
8.58179712296	-1368
8.58187103271	-1368
8.58189702034	-1368
8.58193302155	-1368
8.58194994926	-1368
8.58962512016	-1368
8.58978104591	1368
8.58985996246	-1368
8.58988714218	-1368
8.5899181366	-1368
8.58993196487	-1368
8.58994698524	-1368
8.5980091095	-1368
8.59804105759	-1368
8.59811997414	-1368
8.59815907478	-1368
8.59818315506	-1368
8.59820103645	-1368
8.59827804565	-1368
8.63607001305	1368
8.63607597351	1368
8.63621616364	1368
8.65431714058	-1368
8.65433597565	-1368
8.65449500084	-1368
8.65455913544	-1368
8.65476107597	-1368
8.6547729969	-1368
8.65478301048	-1368
8.65479397774	944
8.65483903885	-1368
8.65490198135	-1368
8.67256307602	-1368
8.67264509201	-1368
8.67267012596	-1368
8.67325401306	-1368
8.67330598831	-1368
8.67336606979	-1368
8.673402071	-1368
8.67342114449	-1368
8.67351412773	-1368
8.67359399796	-1368
8.67368102074	-1368
8.67370796204	-1368
8.6737780571	-1368
8.67389702797	-1368
8.67392706871	-1368
8.67395114899	-1368
8.67401218414	-1368
8.67414116859	-1368
8.67415904999	-1368
8.6741631031	-1368
8.67425704002	-1368
8.67433595657	-1368
8.67436218262	-1368
8.67440915108	-1368
8.67443704605	-1368
8.67453503609	1368
8.67456007004	-1368
8.67460107803	-1368
8.67463612556	-1368
8.67466807365	-1368
8.67480111122	-1368
8.67482018471	-1368
8.69278597832	-1368
8.69282913208	-1368
8.69289708138	-1368
8.69332909584	-1368
8.69337511063	-1368
8.69348812103	-1118
8.69384098053	-1368
8.6939239502	-1368
8.69404602051	-1368
8.69411706924	-1368
8.69414997101	-1368
8.69416809082	-1368
8.69422411919	-1368
8.69433307648	-1368
8.70158004761	-1368
8.7015941143	-1368
8.70161104202	-1368
8.70213007927	-1368
8.70249414444	-1368
8.70250701904	-1368
8.70260310173	-1368
8.70813798904	-1368
8.70816206932	-1368
8.70846104622	-1368
8.70848417282	-1368
8.70856118202	-1368
8.7085981369	-1368
8.70865416527	-1368
8.70881199837	1368
8.71597194672	-1368
8.71601510048	-1368
8.71607303619	-1368
8.71625304222	-1368
8.7162771225	-1368
8.71630907059	-1368
8.72393703461	-1368
8.72399616241	-1368
8.72407412529	-1368
8.72409915924	-1368
8.72413015366	-1368
8.73176717758	-1368
8.73180198669	-1368
8.73183202744	-1368
8.73186206818	-1368
8.73209095001	-1368
8.73219013214	-1368
8.74673914909	1368
8.77043604851	-1368
8.77047395706	-1368
8.77057409286	-1368
8.77075505257	-1368
8.7708530426	-1368
8.7709031105	-1368
8.77092003822	-1368
8.77095007896	-1368
8.77098298073	-1368
8.77125811577	-1368
8.77136397362	-1368
8.77139616013	-1368
8.77168607712	-1368
8.77178907394	-1368
8.77180600166	-1368
8.77200698853	-1368
8.77204704285	-1368
8.77206397057	-1368
8.77221703529	-1368
8.77224516869	-1368
8.77227115631	-1368
8.77237010002	-1368
8.77242398262	-1368
8.77244997025	-1368
8.77251815796	-1368
8.77253508568	-1368
8.77262306213	-1368
8.77268815041	-1368
8.77276396751	-1368
8.77281904221	-1368
8.77291917801	-1368
8.77782797813	-1368
8.77787709236	-1368
8.77797603607	-1368
8.78610515594	-1368
8.7861289978	-1368
8.7937271595	-1368
8.79377913475	-1368
8.7938041687	-1368
8.79383516312	-1368
8.79388904572	-1368
8.79397797585	-1368
8.79418897629	1368
8.80175495148	-1368
8.8018860817	-1368
8.80190300941	-1368
8.80208110809	-1368
8.80234098434	-1368
8.80236816406	-1368
8.80246806145	-1368
8.80256915092	-1368
8.80260300636	-1368
8.80909109116	-1368
8.80910897255	1015
8.80919504166	-1368
8.80929017067	-1368
8.80936002731	-1368
8.80945396423	-1368
8.80948400497	-1368
8.81725096703	-1368
8.84218597412	-889
8.88164806366	-1368
8.88168907166	-1368
8.88177108765	-1368
8.88179898262	-1368
8.88182806969	-1368
8.88191199303	-1368
8.8819360733	-1368
8.88195705414	-1368
8.88212895393	-1368
8.88215398788	-1368
8.88221001625	-1368
8.8824031353	-1368
8.88251709938	-1368
8.88265109062	-1368
8.88288998604	-1368
8.88295316696	-1368
8.88297009468	-1368
8.88323903084	-1368
8.88329195976	-1368
8.88341212273	-1368
8.88344812393	-1368
8.88347196579	-1368
8.88349199295	-1368
8.88365197182	1368
8.8836991787	-1368
8.88379907608	-1368
8.88390111923	-1368
8.88395094872	-1368
8.88396811485	-1368
8.88399815559	-1368
8.88927006721	-1368
8.88931798935	-1368
8.88934612274	-1368
8.89707517624	-1368
8.89710998535	-1368
8.89712309837	-1368
8.8972761631	-1368
8.89736914635	-1368
8.89738512039	-1368
8.89746904373	-1368
8.9047729969	-1368
8.90478610992	-1368
8.91246700287	-1368
8.91252207756	-1368
8.91253995895	-1368
8.95787715912	804
8.9599840641	543
8.97442603111	-1368
8.97444701195	-1368
8.97447299957	-1368
8.97472715378	-1368
8.97475409508	-1368
8.97478318214	-1368
8.97483611107	-1368
8.9748840332	-1368
8.97509813309	-1368
8.97515106201	-1368
8.97517895699	-1368
8.97523498535	-1368
8.97529196739	-1368
8.9753921032	-1368
8.97542595863	-1368
8.97544407845	-1368
8.97552704811	-1368
8.97565102577	-1368
8.97571611404	-1368
8.97574114799	-1368
8.97576904297	-1368
8.97585701942	-1368
8.97587704659	-1368
8.97591209412	-1368
8.97597813606	-1368
8.97608613968	-1368
8.97615218163	-1368
8.97618103027	-1368
8.9762070179	-1368
8.9768819809	1368
8.98207902908	-1368
8.98209810257	-1368
8.98989105225	-1368
8.98996114731	-1368
8.98998498917	-1368
8.99015307426	-1368
8.99025297165	-1368
8.99029302597	-1368
8.99754595757	-1368
8.99759411812	-1368
8.99764704704	-1368
8.99767518044	-1368
9.00527715683	-1368
9.0052921772	-1368
9.00534296036	-1368
9.01304602623	-1368
9.01306414604	-1368
9.01314997673	-1368
9.01322197914	-1368
9.01325011253	-1368
9.01330709457	-1368
9.02134895325	-1368
9.02163815498	-1368
9.02170801163	-1368
9.02173900604	-1368
9.03038215637	-433
9.03060817719	-1368
9.03066205978	-1368
9.03815817833	-1368
9.03817200661	-1368
9.03822112083	-1368
9.03825211525	-1368
9.03828406334	-1368
9.03855705261	1368
9.03863811493	-1368
9.04622101784	-1368
9.04629206657	-1368
9.04633808136	-1368
9.05364894867	-1368
9.05367898941	-1368
9.05373215675	-1368
9.05384016037	-1368
9.0538649559	-1368
9.05389499664	-1368
9.11674499512	-1368
9.11677408218	1065
9.11681008339	-1368
9.11683607101	-1368
9.1170270443	-1368
9.11707806587	-1368
9.11713314056	-1368
9.11715912819	-1368
9.1173081398	-1368
9.11737895012	-1368
9.11742210388	-1368
9.1174659729	-1368
9.11750602722	-1368
9.11761903763	-1368
9.11766314507	-1368
9.11770200729	-1368
9.11774396896	-1368
9.1177880764	-1368
9.1178381443	-1368
9.11791110039	-1368
9.11800003052	-1368
9.11810112	-1368
9.11814904213	-1368
9.11819005013	-1368
9.11822605133	-1368
9.11830997467	-1368
9.11839699745	-1368
9.11844205856	-1368
9.118486166	-1368
9.11869716644	1368
9.12160396576	-1368
9.12163901329	-1368
9.12470602989	-1368
9.12478399277	-1368
9.12481307983	-1368
9.12483906746	-1368
9.13111114502	-1368
9.13113903999	-1368
9.13115215302	-1368
9.13213706017	-1368
9.13216495514	-1368
9.13224506378	-1368
9.13919210434	-1368
9.13924098015	-1368
9.13930106163	-1368
9.13995313644	-1368
9.14001703262	-1368
9.1400411129	-1368
9.14478302002	-1368
9.14492201805	-1368
9.1449611187	-1368
9.14775800705	-1368
9.14778399467	-1368
9.14781904221	-1368
9.15243411064	-1368
9.15247011185	-1368
9.15256595612	-1368
9.15535998344	-1368
9.15538597107	-1368
9.15542197227	-1368
9.16063904762	-1368
9.16065502167	-1368
9.16068315506	-1368
9.1610519886	1368
9.16217708588	-1368
9.1621940136	-1368
9.16222214699	-1368
9.16811609268	-1368
9.16818404198	-1368
9.16829705238	-1368
9.16974616051	-1368
9.16978001595	-1368
9.16979813576	-1368
9.17599010468	-1368
9.17601704597	-1368
9.1760430336	-1368
9.1781539917	-1368
9.17816305161	-1368
9.17821216583	-1368
9.17840695381	-1368
9.17923808098	-135
9.18348908424	-1368
9.18358612061	-1368
9.18525099754	-1368
9.18539500237	-1368
9.18541097641	-1368
9.19030308723	-1368
9.19039106369	-1368
9.19041895866	-1368
9.19052505493	1368
9.19263696671	-1368
9.19267010689	-1368
9.19268703461	-1368
9.24020695686	-1368
9.24024105072	-1368
9.24031400681	-1368
9.24045610428	-1368
9.2404820919	-1368
9.2405090332	-1368
9.2405359745	-1368
9.24067306519	-1368
9.24070215225	-1368
9.24076795578	-1368
9.24084210396	-1368
9.24086904526	-1368
9.24090003967	-1368
9.24095511436	-1368
9.24098205566	-1368
9.24101400375	-1368
9.24110603333	-1368
9.24115800858	-1368
9.24125504494	-1368
9.24130797386	-1368
9.24134516716	-1368
9.24141097069	-1368
9.24151206017	-1368
9.24163603783	-1368
9.24167108536	-1368
9.24199414253	-1368
9.24209594727	-1368
9.24212908745	-1368
9.26755809784	783
9.28673696518	-1368
9.2869579792	-1368
9.28702902794	-1368
9.28716301918	-1368
9.28719902039	-1368
9.2872171402	-1368
9.28774213791	-1368
9.28782296181	-1368
9.28786897659	-1368
9.28807115555	-1368
9.28810596466	-1368
9.28812408447	-1368
9.28826713562	-1368
9.28836512566	-1368
9.28840017319	-1368
9.28841805458	-1368
9.28847408295	-1368
9.28853106499	-1368
9.28861403465	-1368
9.28878617287	-1368
9.28891801834	-1368
9.28893399239	-1368
9.28897213936	-1368
9.28898906708	-1368
9.28902316093	-1368
9.28905296326	-1368
9.28909611702	-1368
9.28912115097	1368
9.33233809471	-909
9.34092497826	-1368
9.34102511406	-1368
9.34110403061	-1368
9.34117913246	-1368
9.3412771225	-1368
9.34129405022	-1368
9.34135007858	-1368
9.34137511253	-1368
9.34142613411	-1368
9.34145307541	-1368
9.34152317047	-1368
9.34158015251	-1368
9.34163498878	-1368
9.34169101715	-1368
9.3417160511	-1368
9.34186506271	-1368
9.34193706512	-1368
9.3419470787	-1368
9.34206700325	-1368
9.3421189785	-1368
9.34219813347	-1368
9.34227013588	-1368
9.3422961235	-1368
9.34232401848	-1368
9.3423769474	-1368
9.34241104126	-1368
9.342441082	-1368
9.34857702255	-1368
9.34867310524	-1368
9.34869813919	-1368
9.3489921093	-1368
9.34904098511	-1368
9.34909415245	-1368
9.35675096512	-1368
9.35687208176	-1368
9.35691714287	-1368
9.4274251461	-1368
9.42745900154	1347
9.42746400833	-1368
9.4274699688	-1368
9.42755007744	-1368
9.42758607864	-1368
9.42760515213	-1368
9.42766404152	-1368
9.42767906189	-1368
9.42780399323	-1368
9.42787504196	-1368
9.42790603638	-1368
9.4279460907	-1368
9.42798113823	-1368
9.42810916901	-1368
9.42814016342	-1368
9.42820310593	-1368
9.42824101448	-1368
9.42829799652	-1368
9.42832612991	-1368
9.42839217186	-1368
9.42841815948	-1368
9.4285030365	-1368
9.42853617668	-1368
9.42855405807	-1368
9.42861008644	-1368
9.42865204811	-1368
9.42867016792	-1368
9.42869615555	-1368
9.43507599831	-1368
9.43512511253	-1368
9.43514108658	-1368
9.43616914749	1368
9.44034314156	1368
9.4405400753	1368
9.44054603577	1368
9.44071412086	1368
9.44071912766	1368
9.44082808495	1368
9.4425611496	-1368
9.44268107414	-1368
9.44269800186	-1368
9.44270205498	1368
9.44275808334	1368
9.45045208931	-1368
9.45055413246	-1368
9.45064401627	-1368
9.45441102982	1368
9.45819616318	-1368
9.45821714401	-1368
9.45830106735	-1368
9.45832514763	-1368
9.45835614204	-1368
9.45840215683	-1368
9.46034216881	1368
9.46770715714	-1368
9.46773004532	-1368
9.46792006493	-1368
9.47397112846	-1368
9.47401404381	-1368
9.47410202026	-1368
9.47413301468	-1368
9.47422218323	-1368
9.47425103188	-1368
9.48171806335	-1368
9.4817481041	-1368
9.48180317879	-1368
9.48936915398	-1368
9.4894220829	-1368
9.48960018158	-1368
9.48973298073	-678
9.49748897552	-1368
9.49751400948	-1368
9.49752998352	-1368
9.49754714966	-1368
9.49756217003	-1368
9.49763011932	-1368
9.50474309921	-1368
9.5048019886	-1368
9.50482201576	-1368
9.51261210442	-1368
9.5126490593	-1368
9.51266217232	-1368
9.5126991272	-1368
9.51271700859	-1368
9.51274800301	-1368
9.5131289959	1368
9.52081298828	-1368
9.52084207535	-1368
9.52086496353	-1368
9.5288939476	-1368
9.5289440155	-1368
9.52896809578	-1368
9.53645515442	-1368
9.53648614883	-1368
9.53651118279	-1368
9.53675603867	-1368
9.53680300713	-1368
9.53683495522	-1368
9.54409694672	-1368
9.54412603378	-1368
9.5441801548	-1368
9.54546308517	1368
9.55225014687	-1368
9.55227994919	-1368
9.55229902267	-1368
9.55282402039	-1368
9.55287504196	-1368
9.55292415619	-1368
9.55986595154	-1368
9.55993008614	-1368
9.5600271225	-1368
9.56006407738	-1368
9.560090065	-1368
9.56010913849	-1368
9.56763410568	-1368
9.56764912605	-1368
9.56767106056	-1368
9.56790399551	-1368
9.56792616844	-1368
9.56794714928	-1368
9.57510304451	-1368
9.57519197464	-1368
9.57521605492	-1368
9.57533502579	-1368
9.57536911964	-1368
9.57538795471	-1368
9.58351802826	-1368
9.58355212212	1368
9.58356404305	-1368
9.58359098434	-1368
9.58369207382	-1368
9.58379411697	-1368
9.58385705948	-1368
9.58909606934	1368
9.58910012245	1368
9.58951997757	1368
9.58952307701	1368
9.58963108063	1368
9.58963298798	1092
9.59084606171	-1356
9.59086894989	-1356
9.59089899063	-1356
9.59092497826	-1356
9.59110116959	-1356
9.59114217758	-1356
9.5911591053	-1356
9.59872412682	-1356
9.59874606133	-1356
9.59876704216	-1356
9.59884405136	-1356
9.59888005257	-1356
9.59889912605	-1356
9.60644006729	-1368
9.60652709007	-1368
9.60654807091	-1368
9.6067199707	-1368
9.6067481041	-1368
9.60677599907	-1368
9.61423301697	-1368
9.61427116394	-1368
9.61432099342	-1368
9.61445498466	-1368
9.61448407173	-1368
9.61450815201	-1368
9.62195515633	-1368
9.62201714516	-1368
9.62209510803	-1368
9.6221280098	-1368
9.62215709686	-1368
9.6222281456	-1368
9.62236905098	-1368
9.62239408493	-1368
9.62241196632	-1368
9.62992715836	-1368
9.63003802299	-1368
9.6300611496	-1368
9.6300971508	-1368
9.63012313843	-1368
9.63014006615	-1368
9.6302921772	1368
9.63749408722	-1368
9.63754796982	-1368
9.63757514954	-1368
9.63836503029	-1032
9.66564011574	1368
9.67611908913	-1368
9.67618703842	-1368
9.6762111187	-1368
9.67636799812	-1368
9.67645907402	-1368
9.67650508881	-1368
9.67653012276	-1368
9.67655205727	-1368
9.67660307884	-1368
9.67664694786	-1368
9.67667198181	-1368
9.67669200897	-1368
9.67679095268	-1368
9.67685699463	-1368
9.6769361496	-1368
9.67705202103	-1368
9.67708206177	-1368
9.6771299839	-1368
9.6771671772	-1368
9.67730712891	-1368
9.67732405663	-1368
9.67740607262	-1368
9.67749595642	-1368
9.67755699158	1368
9.67756295204	-1368
9.67760109901	-1368
9.67763209343	-1368
9.67766499519	-1368
9.69203996658	1368
9.73871898651	957
9.78716802597	-1137
9.85824418068	-1368
9.85832595825	-1368
9.85882115364	-1368
9.85886907578	-1368
9.85889911652	-1368
9.85898017883	-1368
9.85901808739	-1368
9.85903596878	-1368
9.85931396484	-1368
9.85933995247	-1368
9.85936808586	-1368
9.85942101479	-1368
9.85963010788	-1368
9.85965800285	-1368
9.85986304283	-1368
9.85988998413	-1368
9.85991716385	-1368
9.86022400856	-1368
9.86025905609	-1368
9.86028695107	-1368
9.86040115356	-1368
9.860435009	-1368
9.86045408249	-1368
9.86057209969	-1368
9.86065006256	-1368
9.86067605019	-1368
9.86073112488	-1368
9.86596703529	-1368
9.86600208282	-1368
9.86604809761	-1368
9.8664021492	-1368
9.86645317078	-1368
9.86652302742	-1368
9.87364315987	-1368
9.87379407883	-1368
9.87382411957	-1368
9.87461805344	1368
9.88132596016	-1368
9.88134717941	-1368
9.88136005402	-1368
9.8813970089	-1368
9.88141298294	-1368
9.8888220787	-1368
9.88883018494	261
9.88889598846	-1368
9.88898897171	-1368
9.89676594734	-1368
9.89681196213	-1368
9.89687299728	-1368
9.89690995216	-1368
9.89698410034	-1368
9.90479207039	-1368
9.90485501289	-1368
9.90491294861	-1368
9.91226696968	-1368
9.91233897209	-1368
9.91238498688	-1368
9.91252708435	-1368
9.91260695457	-1368
9.91263604164	-1368
9.92011809349	-1368
9.92020511627	-1368
9.92036914825	-1368
9.92040705681	-1368
9.92787504196	-1368
9.92789411545	-1368
9.92791008949	-1368
9.92795610428	-1368
9.93634700775	-1368
9.9364221096	-1368
9.94338917732	-1368
9.94340801239	-1368
9.94342803955	-1368
9.94345903397	-1368
9.94359207153	-1368
9.94399905205	1368
9.95101499557	-1368
9.95103812218	-1368
9.95105910301	-1368
9.95114612579	-1368
9.95118999481	-1368
9.95124197006	-1368
9.97478699684	-833
10.0207810402	-1368
10.0208511353	-1368
10.0210001469	-1368
10.0210690498	-1368
10.0210950375	-1368
10.0211141109	-1368
10.0211510658	-1368
10.0211701393	-1368
10.0212960243	-1368
10.0213229656	-1368
10.0213489532	-1368
10.0215339661	-1368
10.0215661526	-1368
10.0216059685	-1368
10.0217301846	-1368
10.0217649937	-1368
10.0218040943	-1368
10.0219299793	-1368
10.0219490528	-1368
10.0219759941	-1368
10.0221400261	-1368
10.022206068	-1368
10.0222239494	-1368
10.0222530365	-1368
10.0222949982	-1368
10.0223309994	-1368
10.0223491192	-1368
10.0227031708	-1368
10.0227639675	-1368
10.0227820873	-1368
10.0231561661	-1368
10.0232081413	-1368
10.0263409615	1368
10.0286331177	-1368
10.028676033	-1368
10.0287251472	-1368
10.0288031101	-1368
10.0288760662	-1368
10.0289020538	-1368
10.0366561413	-1368
10.0367510319	-1368
10.0368311405	-1368
10.0368490219	-1368
10.0368659496	-1368
10.0368740559	-1368
10.0442049503	-1368
10.0442371368	522
10.0442490578	-1368
10.0443241596	-1368
10.0443520546	-1368
10.0443880558	-1368
10.0444040298	-1368
10.0520851612	-1368
10.0521171093	-1368
10.0521230698	-1368
10.0522830486	-1368
10.0523731709	-1368
10.0524041653	-1368
10.0604140759	-1368
10.0604569912	-1368
10.0604641438	-1368
10.060516119	-1368
10.060544014	-1368
10.0605871677	-1368
10.0672190189	-1368
10.0673010349	-1368
10.0673129559	-1368
10.0674381256	-1368
10.067481041	-1368
10.0675849915	-1368
10.0750420094	-1368
10.0751011372	-1368
10.0751559734	-1368
10.0752580166	-1368
10.0752739906	-1368
10.0753440857	-1368
10.0755300522	1368
10.0830790997	-1368
10.0830950737	-1368
10.0831241608	-1368
10.0833261013	-1368
10.0833539963	-1368
10.0833871365	-1368
10.0834050179	-1368
10.0904910564	-1368
10.0905170441	-1368
10.1393530369	-543
10.1598670483	-1368
10.159883976	-1368
10.1599171162	-1368
10.1600260735	-1368
10.1600539684	-1368
10.1600830555	-1368
10.1601090431	-1368
10.1601350307	-1368
10.1601691246	-1368
10.1601991653	-1368
10.1602361202	-1368
10.1602530479	-1368
10.1603791714	-1368
10.1604411602	-1368
10.1604940891	-1368
10.1607739925	-1368
10.1608631611	-1368
10.1610369682	-1368
10.161055088	-1368
10.161082983	-1368
10.1611089706	-1368
10.1611790657	-1368
10.1613171101	-1368
10.1615381241	-1368
10.1616110802	-1368
10.1616361141	-1368
10.1616640091	-1368
10.1617200375	-1368
10.1621229649	-1368
10.1623339653	1368
10.1623530388	-1368
10.1624729633	-1368
10.1628069878	-1368
10.1629459858	-1368
10.1629700661	-1368
10.1673390865	-1368
10.1674520969	-1368
10.1675021648	-1368
10.1675281525	-1368
10.1675450802	-1368
10.1675729752	-1368
10.1695981026	-563
10.1753160954	-1368
10.1753361225	-1368
10.1754291058	-1368
10.1830630302	-1368
10.1831490993	-1368
10.1831641197	-1368
10.1832971573	-1368
10.1834080219	-1368
10.1834380627	-1368
10.190582037	-1368
10.1906750202	-1368
10.1907000542	-1368
10.1907310486	-1368
10.1908500195	-1368
10.1908681393	-1368
10.1986391544	-1368
10.1986701488	1065
10.1986880302	-1368
10.1987290382	-1368
10.1988661289	-1368
10.1988830566	-1368
10.1989271641	-1368
10.2062461376	-1368
10.2062840462	-1368
10.2063269615	-1368
10.2066371441	-1368
10.2067320347	-1368
10.2067601681	-1368
10.2140660286	-1368
10.2141110897	-1368
10.2142291069	-1368
10.2142460346	-1368
10.2142751217	-1368
10.2143189907	-1368
10.2216980457	-1368
10.2217800617	-1368
10.2217960358	-1368
10.2219891548	-1368
10.222009182	-1368
10.222066164	-1368
10.2294671535	1368
10.2294840813	-1368
10.2294919491	-1368
10.2295181751	-1368
10.2296299934	-1368
10.229722023	-1368
10.2297811508	-1368
10.2372350693	-1368
10.2372641563	-1368
10.2372820377	-1368
10.2373700142	-1368
10.2374551296	-1368
10.2374811172	-1368
10.2375199795	-1368
10.2375380993	-1368
10.2456140518	1368
10.2456510067	1368
10.2470800877	1368
10.2599170208	1368
10.2619621754	1368
10.2652220726	1368
10.2658100128	1368
10.2660050392	1368
10.2661299706	1368
10.2707221508	1368
10.2761671543	1368
10.3183891773	-985
10.3216350079	1368
10.3784990311	1242
10.486823082	-543
10.5100700855	-1368
10.5120379925	1368
10.5219290257	-1368
10.529458046	-1368
10.5294830799	1260
10.5403161049	-1368
10.5456459522	-1368
10.5485379696	-1368
10.5492739677	1368
10.5495460033	1368
10.5598471165	1368
10.5788180828	1368
10.5788309574	1368
10.6093430519	1368
10.6544861794	-1368
10.6589181423	-53
10.6769990921	-1368
10.6982171535	733
10.6989181042	-1368
10.7639529705	-1368
10.7639911175	-1368
10.7664921284	-1368
10.7677481174	-1368
10.7741470337	-1368
10.7741861343	-1368
10.7742421627	-1368
10.7805609703	-1368
10.7817699909	-1368
10.7818231583	-1368
10.7818491459	-1368
10.7984900475	-1368
10.8058781624	1368
10.8079669476	-873
10.8831820488	-1368
10.8832571507	1347
10.9948940277	-1347
11.0075831413	1368
11.019411087	-543
11.0679831505	-1368
11.0681290627	232
11.156594038	-1347
11.1681439877	1368
11.1909921169	-1368
11.1914291382	-543
11.2147510052	-1368
11.2221670151	-1368
11.2222089767	232
11.2316009998	1368
11.2366070747	-1368
11.2367169857	-1368
11.2382481098	1368
11.2382850647	1368
11.2493729591	1368
11.2494881153	-1368
11.3025090694	-1368
11.3073720932	1368
11.3102619648	-1368
11.3172969818	-256
11.3805379868	530
11.4537460804	-1368
11.4538011551	-1368
11.4538390636	-1368
11.4539380074	-1368
11.4618430138	-1368
11.4618771076	-1368
11.4618961811	-1368
11.466078043	-364
11.4692800045	-1368
11.492208004	-1368
11.4996750355	-1368
11.5070080757	1368
11.5173680782	-1368
11.5174369812	-1368
11.5248441696	-1368
11.5248780251	-1368
11.5249249935	-1368
11.5373790264	-1368
11.5374081135	1347
11.5686600208	-1368
11.5825581551	1368
11.5831820965	1368
11.5834469795	1368
11.59217906	-1368
11.5998191833	1368
11.6148951054	-836
11.6864440441	899
11.7168250084	-1368
11.7887210846	-1368
11.7962760925	-1368
11.8107290268	-240
11.834002018	1368
11.834015131	1368
11.8745009899	377
11.8832380772	-1368
11.8832771778	-1368
11.8833761215	-1368
11.9069609642	-1368
11.9594740868	-327
12.0233721733	1086
12.0561261177	-1368
12.150755167	-261
12.1878681183	-1368
12.2281930447	-1368
12.2459180355	-1368
12.2996571064	-240
12.3702750206	-1368
12.3703930378	-1368
12.4485659599	-891
12.5966720581	-1368
12.5966999531	-1368
12.5967240334	-1368
12.5967299938	-1368
12.5967400074	-1368
12.5968191624	-1368
12.5968770981	-1368
12.5968940258	-1368
12.5969231129	-1368
12.5969719887	-1368
12.5970711708	-1368
12.5971541405	-1368
12.5972349644	-1368
12.5972940922	-1368
12.5973041058	-185
12.5974299908	-1368
12.5974841118	543
12.5975010395	-1368
12.5975310802	-1368
12.5976290703	-1368
12.5976951122	-1368
12.5977730751	-1368
12.5978281498	-1368
12.5978541374	-1368
12.5979681015	-1368
12.597990036	-1368
12.5980141163	-1368
12.5981070995	-1368
12.5982370377	-1368
12.5982630253	-1368
12.6048381329	-1368
12.6049630642	-1368
12.6050109863	-1368
12.6050310135	-1368
12.6120259762	-1368
12.6120660305	-1368
12.6121461391	-1368
12.6121921539	-1368
12.6122319698	-1368
12.6124639511	-1368
12.6201250553	-1368
12.6201660633	-1368
12.6277079582	-1368
12.6277480125	-1368
12.6277561188	-1368
12.6277980804	-1368
12.6278691292	-1368
12.6279060841	-1368
12.6354830265	-1368
12.635602951	-1368
12.6356601715	-1368
12.6434011459	-1368
12.6434800625	-1368
12.6435620785	-1368
12.6436181068	-1368
12.6438000202	1368
12.650949955	-1368
12.6509981155	-1368
12.6510710716	-1368
12.6512310505	-1368
12.651252985	-1368
12.6513309479	-1368
12.7459759712	-476
12.7824800014	804
12.959788084	543
12.9598190784	543
13.2275271416	1057
13.2946431637	1368
13.2958929539	1368
13.3089950085	1368
13.3763730526	696
13.4955461025	-543
13.5032351017	-1368
13.5032739639	-1368
13.5191991329	-1368
13.5193271637	-1368
13.5193550587	-1368
13.5266571045	-1368
13.5560090542	-1368
13.5561470985	-1368
13.5561590195	-1368
13.557664156	-1368
13.5618209839	-1368
13.5655369759	543
13.6065649986	-1368
13.6136209965	1368
13.6334691048	-1368
13.6518349648	-98
13.6523940563	1368
13.676707983	1368
13.7506101131	124
13.8005740643	-543
13.8719899654	-1368
13.8796801567	-1368
13.9073290825	-1368
13.9118170738	543
13.9866230488	-153
14.1106591225	-1368
14.1106891632	543
14.1747231483	-261
14.2298469543	1368
14.2702360153	1368
14.3104600906	435
14.3628871441	-543
14.4592781067	1057
14.5448331833	-543
14.6322009563	-1368
14.6432511806	1057
14.7308430672	-775
14.7493040562	-1368
14.7567901611	-1368
14.7568390369	-1368
14.7568721771	-1368
14.7645530701	-1368
14.8982219696	-559
14.904086113	543
15.0530431271	-1086
15.0531051159	543
15.2018690109	-543
15.3907411098	-1086
15.3960111141	543
15.6075911522	-543
15.7949340343	-543
15.8045361042	1057
16.0140900612	-543
16.0628731251	-1368
16.0628991127	-1368
16.2027561665	-406
16.2077281475	543
16.3566520214	1057
16.4071600437	-543
16.5945751667	-543
16.6162781715	-1368
16.7653779984	-746
16.7685651779	1057
16.9602849483	543
16.9603290558	543
16.9989709854	-543
17.0259511471	-543
17.2146770954	-543
17.2275111675	1057
17.4842720032	-543
17.5326039791	-543
17.6707110405	-543
17.6884291172	1057
17.8887629509	-543
17.9403469563	-1368
17.9403941631	-1368
18.0541141033	-543
18.0748770237	-406
18.0797240734	543
18.2285921574	543
18.2807049751	-543
18.5056660175	-543
18.6907379627	-543
18.6925470829	543
18.9599981308	543
19.0093650818	-543
19.2340340614	1057
19.2348611355	-1057
19.3829619884	1057
19.422850132	-543
19.593485117	-543
19.6306140423	-1368
19.6306650639	-1368
19.6307411194	-1368
19.6315481663	543
19.6548490524	-1368
19.7793710232	-870
19.7853691578	543
19.934139967	543
19.9958381653	-543
20.1646120548	-1368
20.1827521324	-232
20.1962931156	543
20.2520811558	-543
20.3892021179	-543
20.5464131832	543
20.7337889671	-543
20.7338500023	1057
20.7413980961	-1368
20.8826479912	-203
20.9599909782	543
21.031537056	-543
21.1806781292	-543
21.2154150009	-1368
21.2220079899	-1368
21.2237110138	543
21.2459211349	-1368
21.3643741608	-1268
21.4105091095	543
21.959758997	543
22.0022280216	-543
22.8990790844	-543
24.2172579765	-543
24.2183711529	543
24.3659911156	-543
25.0020151138	-543
