0	543
0.999522924423	543
2.09957003593	-543
2.50980901718	543
2.52987408638	543
2.92586803436	-543
3.00611209869	543
3.1553299427	-543
3.15593099594	-1298
3.156883955	-1298
3.15726900101	-1298
3.15831804276	-1298
3.15990996361	-1298
3.18344402313	-1298
3.18605494499	-1420
3.18610215187	-1176
3.18640208244	-1298
3.24601507187	1057
3.25111699104	1057
3.27927994728	-1420
3.27935314178	-1176
3.27938294411	-1179
3.27960109711	543
3.38542294502	-1298
3.38561701775	-1298
3.38586902618	-1420
3.38587594032	-1176
3.3860449791	-1298
3.38628101349	-1420
3.38631296158	-1176
3.40303111076	-1057
3.41326904297	-1298
3.41342711449	543
3.41704511642	-1420
3.41705298424	-1176
3.4177031517	-1420
3.41771006584	-1176
3.41774010658	-1420
3.41774392128	-1176
3.4202709198	543
3.44075703621	543
3.50927495956	-1420
3.50929498672	-1176
3.50934004784	-1420
3.50934505463	-1420
3.50937199593	-1420
3.50937604904	-932
3.50971007347	-1298
3.53686714172	-50
3.58657002449	543
3.58688092232	543
3.62454509735	-1298
3.62483406067	-1298
3.62496399879	-1420
3.62496995926	-1176
3.62532114983	-1420
3.62532711029	-1176
3.62570810318	-1420
3.62571310997	-1176
3.62586903572	-1420
3.62587499619	-1420
3.62590312958	-1054
3.62612009048	543
3.62629699707	-1298
3.6329460144	-1298
3.64605307579	543
3.64729309082	543
3.65269708633	-1298
3.65581393242	-1420
3.65585803986	-1176
3.65685105324	-1298
3.65710306168	-1298
3.65739297867	-1420
3.65742206573	-1176
3.65807199478	543
3.67577600479	-1298
3.67841696739	-1298
3.70743203163	-1420
3.70744800568	-1176
3.71663308144	543
3.71690201759	1057
3.74866008759	-1298
3.74870896339	-1420
3.74876713753	-1176
3.74877095222	-1420
3.74882912636	-1176
3.74883294106	-1420
3.74886202812	-1420
3.74886608124	-1054
3.74928307533	-1298
3.74940395355	-1420
3.74943304062	-1176
3.74962806702	-1420
3.74965810776	-636
3.75615406036	543
3.75718903542	543
3.76378202438	1057
3.85753297806	-1298
3.85849404335	-1298
3.85856103897	-1298
3.8587679863	-1298
3.85889101028	-1298
3.85899209976	-1298
3.85943698883	-1298
3.87319397926	-1057
3.87839508057	-1298
3.87866902351	-1298
3.88548994064	-1298
3.90733599663	-1420
3.90739798546	-1420
3.90740299225	-1054
3.91608405113	543
3.93339395523	1460
3.93350315094	1460
3.93355607986	1161
3.93371891975	1460
3.93377614021	171
3.93433713913	543
3.93459010124	543
3.93492913246	543
3.93514895439	543
3.94247198105	-1420
3.94248008728	-1176
3.94523096085	543
3.94546198845	543
3.98778605461	543
3.98811793327	543
3.99684095383	-244
3.99869394302	543
4.00060105324	543
4.00662112236	543
4.1277859211	-1298
4.12906503677	1460
4.12913393974	1460
4.12918996811	1161
4.12930202484	1460
4.12935900688	171
4.13029909134	1460
4.1303601265	1460
4.13041496277	1161
4.13051700592	1460
4.13057303429	171
4.13084411621	-331
4.13940405846	-1298
4.16978812218	-1298
4.21607208252	-1298
4.21631097794	-1298
4.22696995735	1460
4.22705602646	1460
4.22710895538	1161
4.22722411156	1460
4.22728204727	171
4.24079298973	-1298
4.24556899071	-1298
4.24627113342	-1298
4.26307010651	-29
4.31336212158	-1298
4.31830310822	-1298
4.34678196907	-1420
4.34680104256	-1176
4.34687113762	-543
4.34691405296	-1298
4.34691810608	-1298
4.34704494476	-1298
4.34725403786	543
4.34742999077	-1298
4.34751701355	-1298
4.3476960659	-1420
4.34770107269	-1176
4.348279953	-1420
4.34828805923	-1420
4.34833312035	-1054
4.34833693504	-1298
4.34836411476	-1298
4.35836791992	1460
4.35848402977	1460
4.35854792595	193
4.37497496605	-1298
4.37687301636	1460
4.37695097923	625
4.38661503792	-334
4.42691493034	-1298
4.52890014648	-1298
4.53463411331	-1298
4.53485798836	-1298
4.5353910923	-1298
4.53636598587	-1298
4.53665494919	-1298
4.53718805313	-1420
4.53719592094	-1176
4.53810596466	-1420
4.53811192513	-1176
4.55040597916	-665
4.5581240654	-1298
4.56285595894	-1298
4.59853601456	-1420
4.59860992432	-1176
4.60192108154	-1420
4.60192799568	-1176
4.60208797455	-1298
4.60223007202	-1420
4.60228300095	-1176
4.60228705406	-1298
4.62239909172	-1298
4.62628102303	-1298
4.65381097794	-1298
4.65498900414	-1298
4.6554889679	-1298
4.65575504303	-1298
4.66094613075	543
4.66304111481	543
4.68181109428	-1089
4.68624210358	543
4.68829393387	543
4.69000697136	-1298
4.69062900543	-1420
4.69068408012	-1420
4.69068813324	-1054
4.69073915482	-1298
4.69074392319	-1298
4.69133996964	-1298
4.69583392143	-1298
4.69811296463	-1298
4.75106501579	-1298
4.75134015083	-1298
4.75176405907	-1420
4.75177001953	-1176
4.75210309029	-1298
4.75219202042	-1298
4.75233006477	-1298
4.7524330616	-1420
4.75246405602	-1176
4.75282692909	-1420
4.75285792351	-1176
4.75292897224	543
4.7532479763	-1298
4.75339698792	-1298
4.7539601326	-1420
4.75396704674	-1420
4.75399708748	-1054
4.75605511665	-1298
4.75620102882	-1298
4.75663208961	-1298
4.76858210564	-1298
4.77002000809	-1298
4.77692914009	-1420
4.77693915367	-1176
4.77879810333	-1298
4.77910804749	-1420
4.77913999557	-1420
4.77914404869	-1054
4.78487014771	-1420
4.78487896919	-1176
4.8121509552	-1298
4.81216812134	-1298
4.8140630722	-1420
4.81406807899	-1176
4.81413793564	-1420
4.81414294243	-520
4.81801795959	-1298
4.81873106956	543
4.81914305687	-1298
4.81929707527	-1298
4.82174110413	-1298
4.82348799706	-1298
4.82549309731	-1298
4.8254981041	-1298
4.82677507401	543
4.86178708076	-1420
4.86180496216	-1176
4.87489199638	-1298
4.875041008	-1298
4.87521910667	-1420
4.87522411346	-1176
4.87535595894	-1420
4.87536096573	-1176
4.87580895424	-1298
4.88330507278	-1298
4.88361001015	-1420
4.88361597061	-1176
4.88372206688	-1298
4.88408493996	-1420
4.8841149807	-1420
4.88411998749	-1054
4.88417005539	-1420
4.88417410851	-1176
4.88434910774	-1298
4.88590407372	-1420
4.88593912125	-1176
4.91015791893	-1298
4.91395902634	-1298
4.91399097443	-1298
4.91434311867	-1298
4.91456007957	-1298
4.9154510498	-1298
4.91576600075	-1420
4.91579699516	-1176
4.91593194008	-1298
4.91665911674	-1298
4.93763303757	-703
4.93784213066	543
4.97773599625	-1298
5.00845694542	-1298
5.00865507126	-1298
5.00873303413	-1298
5.01061296463	543
5.03429293633	-1298
5.03431105614	-1420
5.0343670845	-1176
5.03679895401	-1420
5.03685212135	-1176
5.0383810997	-1420
5.03847408295	-1176
5.03896594048	-1298
5.03916406631	543
5.05695509911	-1420
5.05697393417	-1176
5.05709695816	-1298
5.05743503571	-1298
5.05769300461	-1298
5.05849194527	-1420
5.0585501194	-1420
5.0585539341	-1054
5.05859494209	-1298
5.05948710442	-1420
5.05952000618	-1420
5.05952501297	-1054
5.05955195427	-1298
5.05971813202	543
5.06002902985	-1420
5.06003594398	-1176
5.06014513969	-1298
5.06283211708	-1298
5.06434106827	-1420
5.06434798241	-1176
5.06478595734	-1420
5.06479310989	-1420
5.06483006477	-1054
5.09376692772	-1298
5.09421396255	-1298
5.09824299812	-1298
5.0984480381	-1298
5.09889292717	-1298
5.09920406342	-1298
5.09933495522	-1298
5.09946703911	543
5.09959101677	-1298
5.10018205643	-1298
5.10028815269	543
5.10045409203	-1420
5.10045814514	-1176
5.10072898865	-1420
5.10073494911	-1176
5.10083007812	-1420
5.10083293915	-1176
5.10102891922	-1420
5.10103392601	-976
5.1268889904	-1298
5.15522813797	-1298
5.22479510307	-604
5.29124903679	-1298
5.29155898094	-1420
5.291629076	-1176
5.2918639183	-1298
5.29230999947	-1298
5.29241895676	-1298
5.29262709618	-1298
5.29279398918	-1420
5.29288911819	-1420
5.29289412498	-1420
5.29296302795	-932
5.29296708107	-1420
5.29302000999	-1420
5.29302406311	-1054
5.2933409214	-1420
5.29334497452	-1420
5.29340100288	-1054
5.29359698296	543
5.29395008087	-1298
5.29450392723	-1420
5.29456496239	-1420
5.29456996918	-1054
5.29476714134	-1420
5.29477214813	-1420
5.29483914375	-1054
5.29484200478	-1420
5.29489398003	-1176
5.30566811562	-1298
5.30599808693	-1298
5.30611205101	-1420
5.3061439991	-1176
5.30623793602	543
5.30680394173	-1298
5.30712103844	-1298
5.30767607689	-1298
5.30775594711	-1298
5.30823302269	-1420
5.30823898315	-1176
5.30833601952	-1420
5.30834102631	-1176
5.3084769249	543
5.32001399994	-1298
5.32260298729	-1298
5.32297706604	-1420
5.3229830265	-1176
5.32301497459	-1298
5.32315993309	-1298
5.32339096069	-1420
5.32339692116	-1420
5.32342910767	-1054
5.32354402542	-1420
5.32357311249	-1176
5.32371711731	-1298
5.32382392883	-1298
5.3239569664	-1298
5.32422494888	-1298
5.32437300682	-1420
5.32440495491	-1176
5.32462096214	-1420
5.32465195656	-1176
5.32477998734	-1420
5.32484698296	-1176
5.32485103607	-1298
5.32501292229	543
5.32506299019	-1298
5.3252351284	-1420
5.3252620697	-1176
5.32551503181	-1298
5.39859008789	-1420
5.3986120224	-1176
5.41531801224	-1298
5.41575598717	-1420
5.41584396362	-1176
5.41584897041	-1298
5.41600012779	543
5.41618704796	543
5.41667199135	-1298
5.41710615158	-1298
5.41752099991	-1298
5.41785597801	-1420
5.41794300079	-1176
5.41794705391	-1420
5.4180059433	-1176
5.41809201241	-1420
5.41809511185	-1176
5.41817593575	-1420
5.41817903519	-1176
5.41828393936	-1420
5.41828608513	-1176
5.4183909893	-1420
5.41839504242	-1176
5.4184679985	-1420
5.41847109795	-1420
5.41847205162	-430
5.41940903664	543
5.52988314629	-1298
5.52998614311	-1298
5.53047299385	-1298
5.53068804741	-1298
5.53094100952	-1298
5.5311229229	-1420
5.53118395805	-1176
5.53168797493	-1298
5.53213000298	-1298
5.53228092194	-1298
5.53264403343	-1298
5.53303694725	-1420
5.53307294846	-1176
5.53316497803	543
5.53322100639	-1420
5.53322505951	-1176
5.53338599205	-1298
5.5420601368	-459
5.56217813492	-1298
5.59065914154	-1298
5.66548204422	-61
5.7681350708	-1420
5.76815509796	-1176
5.77167606354	-1298
5.77297592163	-1298
5.7740790844	-1420
5.77411699295	-1176
5.77633309364	-1420
5.77634215355	-1176
5.77648115158	543
5.7781059742	-1298
5.7788579464	-1298
5.78005003929	-1298
5.78091192245	-1298
5.78158593178	-1298
5.78272914886	-1298
5.78289103508	543
5.78333997726	-1298
5.78373599052	-1298
5.78393697739	-1298
5.78925895691	-1130
5.78994703293	-1420
5.78995394707	-1176
5.91295194626	-1031
5.96146202087	-1298
5.96178293228	-1298
5.96208310127	-1420
5.96212792397	-1176
5.96282410622	-1298
5.96311712265	-1298
5.96334409714	-1298
5.96347212791	-1420
5.9634771347	-1176
5.96383404732	-1298
5.96453595161	-1298
5.964854002	-1298
5.96517896652	-1298
5.96526098251	543
5.98872709274	-1420
5.98874402046	-1176
5.98882508278	-1298
6.00002908707	-1420
6.00010108948	-1420
6.00010514259	-1054
6.0454621315	-1298
6.07657313347	-1037
6.26550602913	-543
6.27168893814	-1298
6.28080105782	-1298
6.28482294083	-1298
6.28798294067	-1298
6.28808999062	543
6.2903110981	-1298
6.2912530899	-1298
6.29295301437	-1298
6.29414415359	-1298
6.29601597786	-1298
6.2981159687	-1298
6.29886507988	-1298
6.39521598816	-1179
6.39548110962	543
6.39585900307	543
6.42726206779	1057
6.45650315285	543
6.49623513222	543
6.57648611069	543
6.57676315308	543
6.59364295006	-543
6.78943514824	-543
6.85875606537	-1420
6.8587949276	-1176
6.85915803909	-1298
6.85919213295	-1298
6.859375	-1298
6.85958313942	-1298
6.85968899727	-1298
6.86339402199	-1420
6.86345696449	-1420
6.86351513863	-1054
6.88716602325	-1298
6.91600799561	-1298
6.93600010872	543
6.94638609886	543
6.94668197632	543
6.95219492912	-395
7.05621409416	543
7.05655503273	1460
7.05661797523	625
7.10622811317	1460
7.10633611679	111
7.10661697388	1460
7.10669207573	111
7.13655304909	-1086
7.146515131	1057
7.14680314064	543
7.15677595139	-1298
7.15691304207	-1298
7.23128509521	-1298
7.23150205612	-1420
7.231580019	-1420
7.23158407211	-1054
7.23173213005	-1420
7.23173713684	-1176
7.23182606697	-1298
7.23202013969	-1298
7.23225212097	-1420
7.23225712776	-1176
7.2399520874	543
7.2595770359	-1298
7.26013302803	-1182
7.33989095688	-1298
7.34066295624	-1420
7.3407189846	-1176
7.3409781456	-1298
7.36895704269	-1298
7.39558005333	1057
7.39597511292	1057
7.39653706551	543
7.39679002762	543
7.39753603935	-1298
7.42624402046	-697
7.42644500732	543
7.46805596352	-1420
7.468075037	-1176
7.49441599846	-1420
7.49443101883	-1176
7.51449012756	-1298
7.51497006416	-1420
7.51503515244	-1176
7.5151309967	-1298
7.51524400711	-1298
7.5156879425	-1420
7.5157251358	-1176
7.51573014259	-1420
7.51576304436	-1176
7.51583814621	-1298
7.52326011658	-1298
7.54348111153	-1420
7.5435321331	-1176
7.54468894005	-1298
7.5449719429	-1298
7.54550504684	-1420
7.54556798935	-1420
7.54557204247	-1054
7.54581594467	543
7.54586696625	-1420
7.54587006569	-1176
7.54596996307	-1298
7.54614305496	-1298
7.54637408257	-1420
7.5463809967	-1176
7.54649400711	-1298
7.54660511017	-1298
7.5497469902	-488
7.66868901253	-1298
7.66955399513	-1298
7.67656111717	543
7.67688798904	543
7.67717313766	543
7.67740011215	543
7.69823908806	-1420
7.69825315475	-1176
7.70691299438	-1298
7.71256709099	543
7.71342206001	-453
7.71569800377	-1420
7.71573901176	-1176
7.71601009369	-1420
7.71606898308	-1176
7.71629714966	-1298
7.71651291847	-1298
7.7173640728	-1298
7.71747899055	543
7.72000908852	543
7.72706604004	1460
7.72715497017	625
7.72770214081	-1298
7.73748493195	-1298
7.73866510391	-1298
7.73875498772	-1420
7.73882508278	-1420
7.73882913589	-1054
7.73888397217	-1420
7.73888993263	-1176
7.73899412155	-1298
7.73913693428	-1420
7.73919892311	-1420
7.7392039299	-1054
7.73925805092	-1298
7.74632406235	-1298
7.74651694298	543
7.76488494873	-1420
7.76490092278	-1176
7.76495909691	-1298
7.76510500908	-1420
7.76513600349	-1176
7.7704269886	-1420
7.77046608925	-1176
7.77062392235	-1420
7.77068710327	-1420
7.77069211006	-1054
7.77075314522	-1420
7.77075695992	-1420
7.77081799507	-1054
7.77082204819	-1298
7.77100396156	-1298
7.7711391449	-1298
7.79321193695	-1298
7.79323101044	-1298
7.79824709892	-1298
7.80673599243	543
7.8221809864	-1420
7.82220005989	-1176
7.82225394249	-1298
7.82245612144	543
7.8367459774	-1420
7.83676195145	-1176
7.83915710449	-1420
7.83916401863	-1176
7.83932900429	543
7.8395049572	-1420
7.83950901031	-1176
7.83999896049	-1420
7.84000611305	-1176
7.8406150341	-1420
7.84062194824	-1176
7.84075593948	-1420
7.84075903893	-1176
7.84444999695	543
7.84476804733	543
7.84506201744	543
7.84529995918	543
7.85111093521	-1420
7.85111713409	-1176
7.8610830307	-1420
7.8610970974	-1176
7.86221408844	-1420
7.8622200489	-1420
7.86235594749	-1054
7.86236095428	-1420
7.8624329567	-1420
7.86243700981	-1054
7.86251091957	-1298
7.86251401901	-1298
7.86276602745	-628
7.86704301834	543
7.88629412651	543
7.88663196564	543
7.95789313316	-1420
7.957914114	-1176
7.95803594589	-1298
7.99076199532	-935
8.01986503601	-1420
8.01988101006	-1176
8.02027702332	-1298
8.02058005333	-1298
8.0209031105	-1420
8.02090907097	-1176
8.02096915245	-1298
8.02122998238	-1420
8.02126598358	-1176
8.02136898041	-1298
8.02186894417	-1298
8.02199006081	-1420
8.02199292183	-1420
8.02199411392	-1054
8.02199602127	-1298
8.02217292786	-1298
8.02232599258	543
8.02262496948	-1298
8.02276706696	-1298
8.02298498154	543
8.02644991875	-1298
8.02690696716	-1298
8.03307294846	-1420
8.03308010101	-1176
8.04725003242	-1420
8.04726815224	-1420
8.04736113548	-1054
8.04832315445	-1298
8.05857801437	-1420
8.05859708786	-1176
8.06224608421	-1298
8.06313705444	-1298
8.0632390976	-1298
8.07019901276	543
8.0825510025	-1298
8.09713101387	-1298
8.0971930027	-1298
8.09805393219	-1298
8.09855604172	-1298
8.09879302979	-1298
8.11430692673	-285
8.15441298485	-1298
8.1571419239	-1298
8.16591000557	-1298
8.17654800415	543
8.18319511414	-1420
8.18320012093	-1176
8.19334292412	-1298
8.20629692078	543
8.2345700264	-1298
8.23506999016	-1298
8.23561811447	-1420
8.23562407494	-1176
8.2362010479	-1420
8.23620605469	-1420
8.23626112938	-1054
8.23660612106	-1298
8.23677492142	-1298
8.23720502853	-1420
8.23726296425	-1420
8.23726701736	-1054
8.23745512962	-93
8.23888802528	543
8.24670600891	543
8.25053501129	543
8.25854110718	543
8.2592189312	543
8.25945210457	543
8.33217215538	-1298
8.37082695961	-845
8.41002011299	-1298
8.41025710106	-1420
8.41034007072	-1420
8.41034507751	-1054
8.41060614586	-1420
8.41061115265	-1176
8.41087698936	-1420
8.41088199615	-1176
8.41120505333	-1420
8.41121006012	-1176
8.41186404228	-1298
8.41331410408	-1298
8.41615104675	543
8.42077708244	543
8.42613315582	543
8.42636704445	543
8.42658901215	1057
8.426831007	543
8.43094205856	-1298
8.43816304207	-1298
8.48685312271	-1298
8.50103497505	-543
8.5333070755	-70
8.57653808594	-1298
8.58607697487	543
8.59633302689	543
8.59662795067	543
8.59710693359	543
8.59733009338	543
8.59772515297	543
8.59793710709	543
8.5983300209	543
8.59853792191	543
8.61408305168	-1298
8.63566207886	-1298
8.63610196114	-1298
8.6385281086	-1298
8.63883805275	-1298
8.63899207115	-1298
8.63931393623	-1420
8.63932108879	-1176
8.63965702057	-1298
8.63978910446	-1298
8.63985300064	543
8.64001893997	-1420
8.6400270462	-1420
8.64008712769	-1054
8.64103102684	-1420
8.64109396935	-1176
8.64109802246	-1420
8.6411550045	-1176
8.6428360939	-1420
8.64290094376	-1176
8.64347910881	-1298
8.64397907257	-1298
8.64451003075	-1298
8.64462995529	-1298
8.64491796494	-1298
8.64770793915	-1298
8.65026712418	-1298
8.66601395607	543
8.69313597679	-1420
8.69315505028	-1176
8.69629907608	-157
8.70432901382	543
8.70497107506	543
8.70522594452	543
8.72107696533	-1298
8.81975913048	-331
8.86530303955	-1420
8.86531400681	-1176
8.86550092697	543
8.86621403694	-1298
8.86645412445	-1420
8.86652803421	-1176
8.86673808098	-1298
8.86739802361	-1420
8.86740493774	-1176
8.86758708954	-1298
8.86759209633	-1298
8.86808609962	-1298
8.86834597588	-1298
8.86884403229	-1298
8.86891412735	543
8.86941409111	-1420
8.86942195892	-1420
8.86948299408	-1054
8.8694870472	-1298
8.8697450161	-1298
8.86990499496	-1298
8.87623000145	543
8.89384698868	-1298
8.91999197006	-1298
8.92011499405	-1298
8.92043209076	-1298
8.92152905464	-1298
8.9217209816	-1298
8.92244100571	-1420
8.92245006561	-1176
8.92260193825	-1420
8.92260813713	-1176
8.92322397232	-1298
8.92332315445	-1298
8.92343902588	-1420
8.92344403267	-1176
8.92362809181	-1298
8.924284935	-1420
8.92435312271	-1420
8.9243581295	-1054
8.92444801331	-1298
8.92445206642	-1298
8.92465305328	543
8.92480802536	-1298
8.92551398277	-1420
8.92557692528	-1176
8.92558097839	-1298
8.92568492889	-1298
8.9257850647	543
8.92596912384	-1298
8.92714715004	-1420
8.92718100548	-1176
8.92734408379	-1420
8.92737293243	-1176
8.92758607864	-1298
8.92792892456	-1298
8.92804098129	-1298
8.92822813988	-1298
8.92834210396	-1420
8.92837500572	-1176
8.92837905884	-1298
8.92860507965	-1298
8.92891192436	-1298
8.94351506233	-1298
8.94363093376	543
8.94384002686	-1298
8.98883104324	-1420
8.98884010315	-1176
8.99014401436	-1420
8.9901509285	-1420
8.99022507668	-1054
8.99022912979	-1298
8.99090909958	-1420
8.99091601372	-1176
8.99096107483	-1298
8.99117708206	-1298
8.99127602577	-1298
8.99151015282	-1420
8.99151706696	-1176
8.991574049	-1298
8.99182510376	-1298
8.99197912216	-1298
8.99283409119	-1420
8.99284100533	-1176
8.99298000336	-1420
8.99298501015	-1176
8.99304509163	-1298
8.99323892593	-1420
8.99324202538	-1176
8.99331903458	-1298
8.99343705177	543
9.00040602684	-1298
9.0004940033	-1298
9.00069212914	543
9.00077009201	543
9.00091314316	543
9.02907800674	-1298
9.04418802261	-1298
9.04425096512	-1298
9.04433298111	-1298
9.04448604584	-1420
9.04449105263	-1176
9.04534506798	-1420
9.04535198212	-1176
9.04539203644	-1420
9.04539513588	-1176
9.04593110085	-1298
9.04607105255	-1420
9.04611492157	-1420
9.04611897469	-1054
9.04615402222	-1420
9.04615712166	-1176
9.04699897766	-1420
9.04700613022	-1176
9.05080199242	-1174
9.0882499218	543
9.08850812912	543
9.09351205826	-1298
9.09414696693	-1298
9.09492707253	-1298
9.09567809105	-1298
9.09630894661	-1420
9.09631609917	-1176
9.09652614594	-1298
9.09667897224	-1298
9.09696602821	-1298
9.09711408615	-1298
9.09729003906	-1298
9.09738898277	-1420
9.09744811058	-1176
9.09752607346	543
9.10116696358	-1298
9.11998701096	-1420
9.12004303932	-1176
9.14116096497	1057
9.14181613922	-1298
9.14227509499	-1420
9.14232397079	-1176
9.14254307747	-1298
9.14267206192	-1298
9.14282608032	-1298
9.14289307594	543
9.14297795296	-1420
9.1429810524	-1176
9.14322710037	-1420
9.14323210716	-1420
9.14328813553	-1054
9.14331793785	543
9.14355397224	-1420
9.14355897903	-1176
9.14378094673	-1298
9.14396715164	-1420
9.14400100708	-1176
9.14412403107	-1420
9.14415192604	-1176
9.14423203468	-1420
9.14426398277	-1176
9.14493203163	-1420
9.1449649334	-1420
9.14496898651	-1054
9.14538311958	-1420
9.14539003372	-1420
9.14542293549	-1054
9.14548397064	-1298
9.14564704895	543
9.14637994766	-1298
9.14717793465	-1298
9.14739203453	-1298
9.14765501022	-1298
9.1539349556	-1298
9.16949510574	1057
9.17080807686	543
9.18298506737	-1298
9.21002602577	-340
9.32822704315	-1298
9.34110999107	-1420
9.34116697311	-1176
9.34117412567	-1298
9.34765195847	-1420
9.34767198563	-1176
9.34788012505	-1420
9.34788513184	-1176
9.34885811806	-1298
9.34906291962	-1298
9.34919309616	-1298
9.34928202629	543
9.34940314293	-1420
9.34940695763	-1176
9.34954404831	543
9.35091495514	-1298
9.36147212982	-1298
9.36212801933	-1420
9.36213612556	-1176
9.36321401596	-1420
9.3632209301	-1176
9.3633389473	-1298
9.36361908913	-1298
9.36396598816	-1420
9.36397194862	-1420
9.36406207085	-1054
9.36406612396	-1298
9.36414909363	-1298
9.36426305771	-1298
9.36454415321	-1298
9.36463594437	-1298
9.36485695839	-1420
9.36486411095	-1176
9.36499094963	543
9.36541104317	-1298
9.36573314667	-1298
9.36582994461	-1298
9.3672349453	-1298
9.3674249649	-1298
9.36802101135	-1298
9.36840200424	-1298
9.36880707741	-1298
9.36941695213	-1298
9.36974906921	-1298
9.37103915215	-1298
9.37197494507	-1298
9.37248110771	-1298
9.37270402908	-1298
9.37303495407	-1298
9.37346792221	-1298
9.37410211563	-1298
9.37531495094	-1298
9.37612104416	-1298
9.37624406815	-1298
9.3763589859	543
9.37664604187	-1298
9.37705111504	-1298
9.37792110443	-1420
9.37792801857	-1176
9.37803196907	543
9.37845802307	-1298
9.37870407104	-1298
9.38436794281	-70
9.38929915428	-1420
9.38933300972	-1176
9.39247703552	-1298
9.39270401001	-1298
9.39319705963	-1298
9.39375114441	-1298
9.39384102821	-1298
9.39405608177	-1420
9.39406299591	-1420
9.39412403107	-1054
9.3941719532	-1298
9.39433503151	543
9.39445400238	-1420
9.3944580555	-1176
9.39464306831	-1298
9.39472198486	-1298
9.39501595497	-1298
9.39564108849	-1420
9.39567613602	-1176
9.39581513405	-1420
9.39584493637	-1420
9.39584803581	-1054
9.39604592323	-1420
9.39605093002	-1420
9.39607906342	-1054
9.39718198776	-1298
9.39777612686	-1298
9.39820408821	-1420
9.39824008942	-1176
9.39843201637	-1420
9.39846396446	-1176
9.39924693108	-1298
9.39935994148	543
9.45818710327	1057
9.46459102631	-1298
9.464605093	-1298
9.46475505829	-1420
9.46476006508	-1176
9.46493792534	-1420
9.46494293213	-1176
9.47101211548	-1298
9.47102713585	-1298
9.4712331295	543
9.47129392624	-1298
9.47139811516	-1420
9.47145795822	-1176
9.47170710564	-1298
9.47300195694	-1298
9.47322893143	-1420
9.47329211235	-1176
9.47347712517	-1420
9.47356104851	-1176
9.47356510162	-1420
9.47361898422	-1176
9.47362303734	-1298
9.47463297844	543
9.48571896553	-1420
9.48573493958	-1176
9.48632192612	-1420
9.48632907867	-1176
9.48648905754	543
9.48655605316	-1298
9.48671007156	-1420
9.48671293259	-1176
9.4868350029	-1298
9.48691606522	-1298
9.48714900017	-1420
9.48720908165	-1176
9.48728299141	-1420
9.48731613159	-1176
9.48738002777	-1298
9.48774003983	543
9.50131511688	543
9.51290607452	-401
9.55857515335	-1298
9.55901312828	-1298
9.55958104134	-1298
9.56005096436	-1298
9.57568311691	-1298
9.57619094849	-1298
9.57638502121	-1298
9.57654714584	-1420
9.57655310631	-1420
9.57661414146	-1054
9.57664608955	-1298
9.57678198814	-1298
9.57692098618	-1298
9.5770509243	-1298
9.57714414597	-1298
9.5772550106	-1298
9.57735800743	-1298
9.57756304741	-1420
9.5775680542	-1176
9.5779709816	-1420
9.57797598839	-1176
9.5862390995	543
9.58649206161	543
9.58675193787	-1298
9.58721113205	-1420
9.58724713326	-1176
9.6822271347	-645
9.68285298347	543
9.69106292725	-1298
9.71897792816	-1298
9.74963903427	-1420
9.74966311455	-1176
9.75299811363	543
9.77437496185	1057
9.77472710609	-1298
9.77493715286	-1420
9.7749710083	-1176
9.7754740715	-1298
9.77563714981	-1298
9.78846406937	543
9.80739212036	-1298
9.81436800957	-334
9.83584499359	-1298
9.95969009399	-874
10.0274641514	-1420
10.0274829865	-1176
10.0331890583	-1298
10.0332009792	-1298
10.0334150791	-1298
10.0343079567	-1420
10.0343561172	-1176
10.0347249508	-1298
10.0349731445	-1298
10.0416140556	-1420
10.041686058	-1420
10.0416920185	-1054
10.0417320728	-1420
10.0417361259	-1420
10.0417659283	-1054
10.0417709351	-1420
10.0418040752	-1176
10.0422289371	543
10.042288065	-1298
10.0423979759	-1420
10.0424380302	-1176
10.0583350658	-1298
10.0585031509	-1420
10.0585100651	-1176
10.0586659908	-1298
10.0587539673	543
10.0793249607	-1298
10.0862150192	543
10.0865149498	543
10.0868189335	1057
10.0870380402	1057
10.1277761459	-93
10.1478159428	-1298
10.1565361023	543
10.1568410397	1057
10.176856041	-1420
10.1768739223	-1420
10.1769149303	-1054
10.2145209312	-1420
10.2145791054	-1176
10.2712249756	-96
10.2818701267	-1298
10.2820529938	-1298
10.2822010517	-1298
10.282310009	-1298
10.3103001118	-1298
10.3388450146	-1298
10.3388559818	-1298
10.3393349648	-1420
10.339343071	-1176
10.3394069672	-1298
10.3394751549	-1298
10.3396310806	-1298
10.3396971226	-1298
10.3421521187	-1298
10.3422861099	-1298
10.3960680962	-1298
10.4055290222	-1060
10.4058051109	543
10.5056409836	-1420
10.5056619644	-1176
10.5059690475	-1420
10.5059740543	-1176
10.5060191154	-1298
10.5062451363	-1298
10.5288541317	-755
10.5612690449	543
10.5644991398	-1298
10.6322419643	-1298
10.6881630421	-604
10.7665851116	543
10.8119499683	-1086
10.8522560596	-1298
10.9220099449	-1298
10.922878027	-1298
10.9355640411	-935
10.9796309471	-1298
11.0588569641	-302
11.0594890118	543
11.0667769909	1460
11.0668649673	1139
11.0672221184	543
11.1823329926	-543
11.508382082	-543
11.5088469982	-1298
11.5090470314	-1298
11.5093951225	-1298
11.5097351074	-1298
11.5098590851	-1298
11.5099499226	-1298
11.5101020336	-1298
11.5102369785	-1298
11.5106580257	-1298
11.5109090805	-1420
11.5109410286	-1176
11.5112130642	-1420
11.5112700462	-1420
11.5113239288	-1054
11.517496109	-1420
11.5175349712	-1176
11.5176889896	-1420
11.5177199841	-1176
11.5178909302	-1298
11.5180940628	-1298
11.5181910992	-1298
11.5182759762	543
11.5183250904	-1298
11.5184919834	-1298
11.5188150406	-1298
11.6325500011	-1275
11.6876270771	-1298
11.6990790367	-1298
11.7160260677	-1298
11.776818037	543
11.7771689892	543
11.7774739265	543
11.7777240276	543
11.7953829765	-363
11.816174984	1057
11.9615540504	-543
12.0026021004	-1298
12.0315899849	-1298
12.0409901142	-1298
12.0410630703	-1298
12.0688800812	-1298
12.0730199814	543
12.0986790657	-1298
12.1260380745	-1269
12.1582019329	543
12.1584999561	543
12.1588060856	543
12.1593620777	543
12.1595990658	543
12.2604079247	-543
12.2767460346	543
12.2770290375	543
12.3416121006	-1298
12.3547770977	543
12.3550460339	543
12.3552320004	543
12.3601100445	543
12.3604750633	1460
12.3605360985	1460
12.3605921268	193
12.3607580662	1460
12.3608241081	1139
12.4051799774	-1298
12.4065890312	-1298
12.4359190464	-1298
12.438491106	-180
12.4633729458	-1420
12.4633910656	-1176
12.4642801285	-1298
12.4644110203	-1298
12.4645149708	543
12.5060720444	1057
12.5418839455	543
12.5426900387	543
12.5524399281	-1298
12.5526649952	-1298
12.5530350208	-1298
12.55321908	-1420
12.5532529354	-1176
12.5537900925	-1298
12.5552010536	-1298
12.5554749966	-1298
12.5557320118	-1420
12.5557389259	-1420
12.5558030605	-1054
12.5558071136	-1298
12.5621681213	-1031
12.5669131279	543
12.5673761368	543
12.5811779499	-1298
12.6093161106	-1298
12.685696125	-604
12.7617659569	-1420
12.7617909908	-1176
12.762335062	-1298
12.762499094	-1298
12.7628059387	-1420
12.7628099918	-1176
12.7632660866	-1420
12.7632710934	-1420
12.7633290291	-1054
12.7634301186	-1298
12.765253067	-1420
12.7652599812	-1176
12.7653229237	-1298
12.7841470242	-1420
12.7841660976	-1420
12.7842130661	-1054
12.7842171192	-1298
12.7843599319	-1298
12.7891540527	-1298
12.7892100811	-1298
12.7939739227	-1298
12.7942631245	-1420
12.7942690849	-1176
12.795055151	-1298
12.795153141	-1420
12.7951850891	-1176
12.7955360413	-1420
12.7955420017	-1176
12.7956709862	-1420
12.7956750393	-1176
12.7958340645	-1298
12.7959301472	1057
12.7960519791	-1420
12.7960569859	-1176
12.7961189747	-1298
12.7963049412	-1298
12.7965099812	-1298
12.7968699932	-1420
12.7969300747	-1176
12.7969989777	-1420
12.7970290184	-1176
12.8252251148	-1420
12.8252980709	-1176
12.8257570267	-1298
12.8258259296	-1420
12.8258299828	-1176
12.8259129524	-1298
12.8260281086	-1420
12.8260850906	-1420
12.8260879517	-1054
12.8263199329	-1298
12.8508679867	-1298
12.8560111523	543
12.8561239243	-335
12.9998171329	-1298
12.9998369217	-1298
12.99990201	-1298
12.9999670982	-1298
13.0001580715	-1298
13.0003180504	-1298
13.0004229546	-1298
13.0006849766	-1298
13.0008010864	-1298
13.0010631084	-1298
13.0013689995	-1298
13.0015740395	-1420
13.0016059875	-1176
13.0017399788	-1298
13.0019259453	-1298
13.0021269321	543
13.0022630692	-1420
13.0022690296	-1176
13.0023839474	543
13.0025100708	-1298
13.0028209686	-1420
13.0028531551	-1176
13.0031759739	-1298
13.0035939217	-1298
13.0042340755	-1298
13.0156300068	-1420
13.0156450272	-1176
13.0162200928	-1420
13.0162260532	-1176
13.0164661407	-1420
13.0164730549	-1176
13.0168950558	-1298
13.0173871517	-1298
13.0178630352	-1420
13.0178699493	-1176
13.0184810162	-1298
13.021584034	-1240
13.0247321129	543
13.0311911106	-1298
13.0317230225	-1298
13.0318980217	-1298
13.0321540833	-1420
13.0322170258	-1420
13.0322210789	-1054
13.0323050022	-1298
13.0323090553	-1298
13.03236413	-1420
13.032366991	-1176
13.0325369835	-1420
13.032542944	-1176
13.0327529907	-1298
13.0451300144	-1298
13.0664579868	-1298
13.0671200752	-1420
13.0671601295	-1176
13.0673520565	-1420
13.0673820972	-1176
13.0674600601	-1420
13.0675010681	-1176
13.0679900646	-1420
13.068021059	-1176
13.0680239201	-1298
13.0682380199	-1298
13.07330513	-1298
13.0735590458	543
13.102148056	-1298
13.103071928	543
13.1035950184	1460
13.1036801338	1197
13.1450841427	-610
13.2360899448	1460
13.2361850739	111
13.2462451458	543
13.2465560436	543
13.2468659878	1460
13.2469260693	111
13.2471389771	1460
13.2471990585	111
13.3294770718	-1086
13.341766119	-1298
13.3718380928	-1298
13.3741810322	-1298
13.3749411106	-1298
13.3752810955	-1420
13.3752880096	-1176
13.3753750324	-1420
13.3753800392	-1176
13.3755960464	543
13.3757369518	-1298
13.3761250973	-1298
13.3771309853	-1298
13.3773059845	-1298
13.3778181076	-1420
13.3778240681	-1420
13.3778851032	-1420
13.3778889179	-932
13.3779690266	-1298
13.3781769276	-1420
13.378237009	-1176
13.3782980442	-1298
13.3784439564	-1298
13.3786809444	-1420
13.3787369728	-1176
13.3788831234	-1298
13.3791270256	-1298
13.3859591484	543
13.3866739273	1057
13.4029240608	-1298
13.4358551502	-1420
13.4360029697	-1420
13.4360089302	-1420
13.4360690117	-932
13.4360730648	-1420
13.4361290932	-1176
13.4366540909	-1298
13.4370110035	-1420
13.4370160103	-1176
13.437073946	-1298
13.4393451214	543
13.4531021118	-584
13.4640641212	-1420
13.4641230106	-1176
13.4641280174	-1298
13.4670159817	-1298
13.4672670364	-1420
13.467302084	-1176
13.4675631523	-1298
13.4677181244	-1420
13.4677231312	-1420
13.4677979946	-1054
13.4678020477	-1298
13.4679729939	-1420
13.4679780006	-1176
13.4680600166	-1420
13.4680640697	-1176
13.468184948	543
13.5766410828	-1243
13.5771229267	1057
13.5776441097	543
13.5779180527	543
13.6899120808	-1298
13.690114975	-1298
13.6902730465	543
13.6980209351	-1298
13.7001960278	-935
13.7211050987	-1298
13.7212171555	-1298
13.72164011	-1298
13.7281610966	-1298
13.7282590866	-1298
13.7286601067	-1298
13.7495539188	-1298
13.7523319721	-1298
13.752835989	-1298
13.7592220306	-1298
13.7592720985	-1298
13.7598750591	-1420
13.7599351406	-1176
13.7599821091	-1298
13.7602069378	-1420
13.7602109909	-1176
13.7778611183	-1298
13.7907021046	-1298
13.7909109592	-1298
13.7910499573	-1298
13.7912290096	-1420
13.7912340164	-1176
13.7914590836	-1298
13.7916359901	-1298
13.7960169315	543
13.7961959839	543
13.8190829754	-1298
13.8215930462	-1420
13.8216381073	-1176
13.8217549324	-1420
13.8218181133	-1420
13.821821928	-1054
13.8224849701	-1298
13.8226311207	-1298
13.8227419853	-1298
13.8233280182	-308
13.8501870632	543
13.8505339622	543
13.852437973	-1298
13.863615036	543
13.8638589382	1460
13.863945961	111
13.8781449795	-1298
13.9062440395	543
13.9069700241	543
13.9072449207	543
13.9455699921	-1420
13.9455900192	-1176
13.9472661018	-180
13.9486739635	-1298
13.9762890339	-1298
14.071185112	-575
14.0876410007	-1420
14.0876610279	-1176
14.1241650581	-1298
14.1447451115	-1298
14.2116129398	-1420
14.2116310596	-1144
14.2124841213	-1298
14.2187230587	543
14.2198281288	543
14.2410230637	-1298
14.3350050449	-935
14.3460350037	543
14.3469591141	1460
14.3470220566	1139
14.3472220898	543
14.4589350224	-1086
14.516176939	-543
14.5326941013	-1298
14.5327100754	-1420
14.5327980518	-1176
14.5330209732	-1420
14.5330710411	-1176
14.5331411362	-1298
14.5466220379	1460
14.546833992	111
14.5595941544	-1420
14.5596010685	-1420
14.5596709251	-1054
14.5599849224	-1298
14.5640230179	543
14.5676469803	-1420
14.5676560402	-1176
14.5676910877	-1298
14.5678369999	-1420
14.567868948	-1176
14.5679810047	-1420
14.5680110455	-1176
14.5681760311	543
14.5682411194	-1298
14.5683090687	-1298
14.568434	543
14.5688719749	1057
14.5695400238	543
14.5698571205	1057
14.5876450539	-1298
14.6009960175	-1298
14.6010479927	-1298
14.6013529301	-1298
14.6015560627	-1298
14.6019430161	-1298
14.6038999557	-1298
14.6040761471	-1298
14.6045100689	-1298
14.6046741009	-1420
14.6047320366	-1176
14.6162259579	-1298
14.6224961281	-334
14.6349050999	-1420
14.6349840164	-1420
14.6349880695	-1420
14.6350460052	-932
14.635187149	-1298
14.6629469395	-1298
14.6636710167	543
14.6639330387	1460
14.664000988	111
14.7463519573	-639
14.9542469978	543
14.9761531353	-543
14.9997410774	543
15.0665690899	543
15.0669090748	1460
15.0669801235	1460
15.0670371056	1161
15.0671229362	89
15.0965631008	543
15.096889019	1460
15.096957922	625
15.1003420353	-1298
15.1474819183	-331
15.180314064	543
15.197879076	-1298
15.1979720592	-1298
15.2309551239	-1298
15.2574560642	-1298
15.2712619305	-1208
15.2862451077	-1298
15.3062949181	543
15.3066689968	1460
15.3067450523	111
15.3075299263	1460
15.3076269627	1168
15.3138580322	-1298
15.342318058	-1298
15.3737649918	1460
15.3738780022	111
15.3747489452	543
15.3750619888	543
15.3753340244	543
15.3755729198	1460
15.375633955	625
15.4093561172	-363
15.4373390675	-1298
15.4377729893	-1298
15.438049078	-1420
15.4380850792	-1176
15.43968606	-1298
15.4401021004	-1298
15.467895031	-1298
15.4684839249	-1420
15.4684910774	-1176
15.4686229229	-1420
15.4686279297	-1176
15.4686570168	-1420
15.4688191414	-1176
15.46884799	-1298
15.46895504	1057
15.4691381454	-1298
15.4692640305	-1298
15.4694521427	-1298
15.4965500832	-1298
15.4996161461	-1420
15.4996249676	-1176
15.499737978	-1420
15.4997429848	-1420
15.4997780323	-1054
15.5001890659	-1298
15.5272591114	-1420
15.5272779465	-1420
15.5273270607	-1054
15.5294661522	-1298
15.5296530724	-1298
15.5298471451	-1298
15.5301690102	-1298
15.5360500813	543
15.5608689785	-1188
15.5704810619	-1420
15.5705370903	-1176
15.5710771084	-1298
15.571408987	-1298
15.5714819431	-1420
15.5715129375	-1176
15.5715939999	-1298
15.5986509323	-1298
15.5989100933	-1298
15.6462349892	543
15.6844451427	-1089
15.6976189613	543
15.6979260445	1460
15.6979870796	1460
15.6980409622	193
15.7489471436	-1420
15.7489669323	-1176
15.8080689907	-575
15.8857419491	-1298
15.9318139553	-331
16.0060479641	543
16.0092411041	-1298
16.0120739937	-1298
16.012830019	-1298
16.0137069225	-1298
16.0139200687	-1420
16.013958931	-1176
16.0140209198	-1298
16.0152249336	-1298
16.0154340267	-1298
16.0219559669	-1298
16.0433261395	-1420
16.0433940887	-1420
16.0433990955	-1054
16.0436220169	543
16.0436980724	-1298
16.0439031124	-1298
16.0441060066	-1420
16.0441129208	-1176
16.0443301201	-1420
16.0443360806	-1176
16.0444209576	-1298
16.0445129871	543
16.0502541065	-1298
16.0553779602	-456
16.0999360085	-543
16.3960001469	-543
16.5193719864	-543
17.3578419685	-543
17.4277150631	1460
17.4278171062	625
17.4336740971	1057
17.4479401112	1057
17.4721040726	543
17.5169200897	543
17.5660741329	1460
17.5661780834	625
17.5965099335	543
17.5968310833	1460
17.5969030857	625
17.6675019264	-543
17.6862010956	543
17.6872560978	543
17.6875040531	543
17.7081401348	-1298
17.7082099915	-1298
17.7331569195	-1298
17.7575650215	-1298
17.7613739967	-1298
17.7660000324	543
17.7768039703	-1298
17.8105659485	-1269
17.8160090446	543
17.8950669765	543
17.8955280781	1460
17.8955900669	111
17.8959479332	1460
17.8960199356	111
17.9134280682	-1298
17.9134430885	-1298
17.9136619568	-1298
17.9137380123	-1298
17.9139480591	-1298
17.9141111374	-1298
17.9222450256	-1298
17.9223840237	-1298
17.9424600601	-1420
17.9424791336	-1176
17.9451220036	-1298
17.9454541206	-1420
17.9455070496	-1176
17.953961134	543
17.9543960094	1460
17.9544689655	111
17.9548311234	543
17.9550669193	543
17.9556379318	543
17.9559209347	543
17.9805481434	-1420
17.9805650711	-1176
17.986027956	543
17.9910709858	543
17.9961550236	543
18.037168026	-1420
18.0371890068	-1176
18.0376279354	-1420
18.0376441479	-1420
18.0377249718	-1054
18.0379700661	-1298
18.0381131172	-1298
18.0383050442	-1298
18.0459940434	-1298
18.0460131168	-1420
18.046061039	-1420
18.0460660458	-1054
18.0522201061	543
18.0676159859	-1420
18.0676350594	-1176
18.0689680576	-1420
18.0689749718	-1420
18.0690369606	-1420
18.0690410137	-932
18.083509922	-1298
18.0836400986	543
18.1041009426	-1420
18.1041190624	-1176
18.1044089794	-1298
18.1608850956	-1298
18.1609070301	-1298
18.1611959934	-1298
18.1613280773	-1420
18.1613769531	-1176
18.1615259647	-1298
18.1619870663	-1298
18.1622719765	-1420
18.1623330116	-1176
18.1623380184	-1298
18.1698350906	-1420
18.1698479652	-1176
18.1699330807	-1298
18.1699371338	-1298
18.1700839996	-1420
18.1700890064	-1176
18.1759340763	-1298
18.1899349689	-1298
18.1900439262	-1420
18.1901221275	-1176
18.191368103	543
18.1916351318	1460
18.1916959286	625
18.1922330856	-1420
18.1922490597	-1176
18.1923949718	-1420
18.1923999786	-1176
18.2075481415	-1420
18.207570076	-1176
18.2102451324	-1298
18.2249441147	543
18.2275321484	-1420
18.2275400162	-1420
18.2276139259	-1054
18.2277469635	543
18.2279069424	543
18.2677321434	-1420
18.2677481174	-1176
18.2765760422	543
18.2769150734	543
18.2847509384	-1420
18.2847659588	-1176
18.2850339413	-1298
18.2852039337	-1298
18.2853620052	-1298
18.2855000496	-1298
18.2856810093	-1420
18.2856860161	-1420
18.2858181	-1054
18.2858240604	-1420
18.28591609	-1176
18.2859210968	-1298
18.2932939529	-1420
18.2933020592	-1420
18.2933650017	-1054
18.293473959	-1298
18.2935039997	-1298
18.2936370373	-1420
18.2937009335	-1420
18.2937059402	-1054
18.293774128	-1298
18.2938160896	-1298
18.2955291271	-1298
18.3136920929	-1420
18.3137800694	-1420
18.3137850761	-1054
18.3138780594	-1298
18.3138821125	-1298
18.3155009747	-1420
18.3155059814	-1176
18.3157300949	-1298
18.3158841133	-1420
18.315942049	-1420
18.3159461021	-1054
18.3195810318	543
18.3311431408	-1420
18.3311600685	-1420
18.3312311172	-1420
18.3312349319	-932
18.335766077	543
18.3513510227	-1420
18.3513691425	-1176
18.3514399529	-1420
18.351444006	-1176
18.3570420742	543
18.3914129734	-1298
18.3914310932	-1420
18.391505003	-1420
18.3915090561	-1054
18.408301115	-1420
18.4083189964	-1176
18.4087171555	-1420
18.4087240696	-1176
18.4089031219	-1298
18.4089980125	-1298
18.4092900753	-1420
18.4092960358	-1176
18.4093549252	-1298
18.4095420837	-1420
18.4095749855	-1176
18.4097399712	-1420
18.4098031521	-1176
18.4098060131	-1420
18.4098610878	-1420
18.4098639488	-1054
18.4169120789	-1420
18.4169180393	-1176
18.4170060158	-1298
18.4170100689	-1298
18.4174349308	-1420
18.4174399376	-1176
18.417495966	-1420
18.4175000191	-1176
18.4176459312	-1420
18.4176499844	-1420
18.4177401066	-1054
18.4177429676	-1420
18.4178140163	-1420
18.4178180695	-1054
18.4222290516	543
18.437472105	-1420
18.4374849796	-1420
18.4375560284	-1420
18.4375600815	-1420
18.4376280308	-1420
18.4376349449	-1420
18.4376881123	-1420
18.4376909733	-444
18.4380500317	543
18.4389441013	-1420
18.4389510155	-1176
18.4390521049	-1420
18.4390571117	-1176
18.4392559528	-65
18.441106081	543
18.5635399818	543
18.5646269321	1460
18.5646901131	625
18.5654129982	543
18.5724620819	-1298
18.5908739567	-1420
18.5909309387	-1176
18.598678112	-334
18.6820521355	1460
18.6821460724	1460
18.6822099686	707
18.7060000896	1460
18.7060890198	1139
18.7472310066	-543
18.7593929768	-1298
18.7598559856	-1298
18.7598619461	-1420
18.7599201202	-1176
18.7603070736	-1298
18.7607340813	-1420
18.7607381344	-1420
18.7608289719	-1054
18.760833025	-1298
18.7608859539	-1420
18.760890007	-1176
18.7648980618	-1298
18.7862930298	-1298
18.7864179611	-1298
18.7874519825	-1298
18.7877309322	-1298
18.8702161312	-575
18.8929100037	-1420
18.8929290771	-1176
18.8944420815	-1298
18.8945240974	-1420
18.8945579529	-1176
18.8948271275	-1420
18.8948581219	-1176
18.8949151039	-1420
18.8949429989	-1176
18.8951950073	-1298
18.8953199387	-1298
18.8954501152	-1420
18.8955290318	-1176
18.9207060337	-1298
18.921090126	-1298
18.9213080406	-1298
18.9219620228	-1298
18.9221150875	-1420
18.9221200943	-1176
18.9221789837	-1298
18.9222791195	-1420
18.9223890305	-1176
18.9223930836	-1298
18.9251730442	-1298
18.9257440567	-1420
18.9258100986	-1420
18.9258141518	-1054
18.9259231091	-1420
18.9259269238	-1176
18.9269249439	543
18.9271140099	543
18.9497230053	-1298
18.952903986	-1420
18.9529731274	-1176
18.9583890438	-1298
18.9777889252	-1298
18.9783170223	-1298
18.9797959328	-1298
18.9799420834	-1420
18.9800319672	-1176
18.9800360203	-1298
18.98021698	-1298
18.9806001186	-1298
18.9808881283	-1298
18.9809710979	-1298
18.9811840057	-1298
18.9819920063	-1420
18.9820570946	-1176
18.9861199856	543
18.993678093	-578
18.9939651489	-1298
18.9941260815	-1420
18.9941310883	-1176
18.9942779541	-1298
19.0076289177	-1420
19.0076899529	-1176
19.1102240086	-1298
19.1121480465	-1298
19.1177639961	-758
19.1326749325	543
19.1361119747	1460
19.136177063	111
19.2412519455	-543
19.2417371273	1057
19.2453849316	543
19.285433054	543
19.3726420403	-543
19.5353960991	-543
19.5867960453	-1298
19.5868239403	-1298
19.587100029	-1420
19.5871050358	-1176
19.5872960091	-1298
19.5874660015	-1420
19.5874991417	-1176
19.5876300335	543
19.5878529549	543
19.6241409779	-1420
19.6241559982	-1420
19.6242251396	-1054
19.6245090961	-1298
19.6246581078	-1420
19.6246631145	-1176
19.6248369217	-1420
19.6248419285	-1176
19.6429760456	-1298
19.6988420486	-546
19.7754600048	-1298
19.8027191162	-1298
19.8054170609	-1298
19.8063390255	-1298
19.8071389198	-1420
19.807174921	-1176
19.807311058	-1298
19.8075261116	-1420
19.8075330257	-1176
19.8223500252	-973
19.831359148	-1298
19.8334691525	-1420
19.8334770203	-1176
19.8336880207	-1298
19.8338620663	543
19.8341181278	-1420
19.834125042	-1420
19.834195137	-1054
19.8341989517	-1298
19.85978508	-1298
19.9548270702	-973
19.9644200802	1460
19.964509964	111
20.0261690617	-1420
20.0261900425	-1176
20.0262799263	-1298
20.0555069447	-1298
20.0883691311	-35
20.4412560463	-543
20.4417140484	-1298
20.4419369698	-1298
20.4422111511	-1298
20.442579031	-1298
20.4427580833	-1298
20.4430201054	543
20.4697210789	-1298
20.4735450745	-1298
20.4738781452	-1298
20.4740350246	-1298
20.4741051197	-1298
20.5648851395	-334
20.6883220673	-1057
20.8119609356	-1086
20.8125510216	543
20.8175301552	543
20.9931941032	-543
21.0073821545	543
21.2700619698	-543
21.2989990711	-1298
21.3294229507	-1298
21.4008231163	-1298
21.4225010872	-334
21.6040570736	543
21.6764440536	1057
21.6991660595	543
21.7718520164	-543
22.1591191292	-543
22.2827191353	-543
23.0002520084	543
23.3078460693	-543
23.3465139866	1057
23.3472340107	1057
23.8548150063	-543
24.0362119675	-543
24.2431390285	-543
24.2791919708	-543
24.8000750542	-543
24.9838891029	543
24.9978640079	-543
24.9991960526	543
24.9992611408	543
24.9993181229	543
24.9993810654	543
25.1755521297	-543
25.2992141247	-543
25.6790120602	-543
25.9596221447	-543
