0	1057
4.416670084	-543
9.2721889019	-543
9.3313729763	-1420
9.33142995834	-1316
9.35089707375	-1368
9.4050590992	-1420
9.40513801575	-1316
9.42896509171	-957
9.44330692291	543
9.44572997093	543
9.445966959	543
9.44808888435	543
9.44832801819	543
10.2298130989	-1057
10.269906044	-1420
10.2699611187	-1316
10.2873220444	-1420
10.2873868942	-1420
10.287391901	-1264
10.386893034	-957
10.407738924	543
10.409842968	543
10.4101769924	543
10.5470039845	543
10.5937919617	-543
10.9734759331	-543
11.3520669937	-1420
11.3521380424	-1179
11.3651809692	543
11.3654398918	543
12.3873438835	-543
12.6738739014	-1368
12.6739308834	-1231
12.6761910915	543
13.7109889984	-1420
13.7110490799	-665
15.1131389141	1057
16.5282979012	-543
16.6241099834	-1368
16.6460809708	-1231
16.7011020184	-1420
16.701155901	-1316
16.7629599571	-891
16.7768540382	543
17.0257430077	-543
17.0265500546	1057
17.6333250999	-1420
17.6333429813	-1420
17.6334030628	-787
17.6482830048	-1368
17.750346899	-717
17.8024599552	1057
17.8066170216	1057
18.2948880196	-543
18.3997581005	-1420
18.3998229504	-1420
18.399862051	-1264
18.4035639763	-1420
18.4036068916	-1420
18.4036428928	-1264
18.4116110802	-1189
18.4404389858	543
18.4460580349	543
18.4581210613	543
18.4583590031	543
18.4587020874	543
18.4588959217	543
18.6251211166	-543
18.6808309555	-543
18.726733923	-1368
18.7828121185	-543
18.8336529732	-1260
18.8369379044	1460
18.8370130062	625
18.8698489666	-1368
18.986426115	-717
19.1598200798	-1368
19.1598858833	-1420
19.1599140167	-839
19.1600580215	543
19.1699919701	-1420
19.1700088978	-1316
19.1708650589	-1368
19.1716139317	-1420
19.1716589928	-1316
19.1720321178	-1368
19.1741979122	-1368
19.2769188881	-1420
19.2770080566	-1420
19.2770719528	-1264
19.2771110535	-1420
19.2771539688	-1420
19.2771909237	-1264
19.2869799137	-1420
19.2870409489	-1420
19.2870800495	-1420
19.2870829105	-1212
19.2873289585	543
19.2885069847	-1420
19.2885129452	-1420
19.2885670662	-1264
19.2885689735	-1420
19.2886250019	-1420
19.2886269093	-1264
19.2910950184	-1420
19.2911000252	-1420
19.2911450863	-1420
19.2911469936	-1212
19.3939239979	-1368
19.393955946	-1420
19.3940029144	-1420
19.3940069675	-1264
19.3940420151	-1368
19.3940451145	-1420
19.3940470219	-1420
19.3940479755	-1420
19.3940498829	-27
19.394051075	-1420
19.3940520287	-1316
19.3948450089	543
19.4038629532	-1420
19.4038910866	-1420
19.4040000439	-1264
19.4040029049	-1420
19.4040400982	-1420
19.4040420055	-1264
19.404047966	-1368
19.4041490555	-1368
19.40426898	543
19.405520916	-1420
19.4055271149	-1316
19.4056351185	-1420
19.4056379795	-1420
19.4057478905	-1264
19.4057500362	-1420
19.4057519436	-1420
19.4057528973	-1264
19.4057540894	-1368
19.4058740139	-1420
19.405878067	-1420
19.4058790207	-1264
19.406042099	543
19.5111939907	-1071
19.5840959549	1057
19.6542069912	1057
19.809180975	-1420
19.809262991	-1420
19.8093030453	-787
19.8139789104	-1420
19.8140640259	-1316
19.8149209023	-1368
19.9264070988	-609
19.9271719456	543
20.7926781178	-1420
20.7927050591	-1420
20.7927980423	-787
20.7976300716	-1420
20.7976970673	-1316
20.7977039814	-1420
20.7977519035	-1420
20.7977569103	-1264
20.7978761196	-1368
20.807060957	-1420
20.8071300983	-1316
20.8071370125	-1368
20.8226790428	-1420
20.8226950169	-1316
20.822945118	543
20.8965830803	-1420
20.8965990543	-1316
20.8974740505	1057
20.9095339775	-467
20.9809761047	-1420
20.9810509682	-1316
21.0572829247	-891
21.0675160885	543
21.225646019	-1420
21.225675106	-1316
21.2257499695	-891
21.2392580509	-1368
21.3563449383	-1231
21.9110250473	-543
21.9119000435	1057
22.1966590881	-1420
22.1966910362	-665
