0	243
0.113166093826	-744
0.115424156189	126
0.227653980255	-51
0.228353977203	38
0.339663982391	-1368
0.339733123779	-123
0.341176986694	1057
0.454723119736	-543
0.456329107285	543
0.664082050323	-543
0.665652990341	543
1.00357913971	-543
2.78566408157	543
2.87917017937	543
2.90244007111	543
3.35434794426	-543
3.44848203659	-1368
3.44855594635	-1368
3.44857001305	-1368
3.47087216377	-66
3.53142499924	-1368
3.53150606155	-1368
3.58785915375	-891
3.6123380661	543
3.72887396812	1057
4.10154294968	-543
4.10650610924	-543
4.26029205322	-543
4.35324811935	-1368
4.37698101997	-1231
4.38956403732	543
4.78101205826	-543
4.87119317055	-1368
4.9404489994	-203
6.93784308434	1057
7.45050406456	-543
7.53469610214	-1368
7.53476810455	-1368
7.53478598595	-1368
7.5670030117	-66
7.61890506744	-1368
7.68365097046	-717
7.7161359787	543
8.25073194504	-543
8.25215911865	1057
8.68567895889	-543
8.71344614029	-1368
8.71352314949	-1368
8.80251908302	-1368
8.83012700081	-1094
8.83117794991	543
8.94794201851	1057
9.2458190918	-543
9.45165514946	-543
9.53586316109	-1368
9.53594207764	-1368
9.53655195236	-1368
9.54635095596	1057
9.61234807968	-66
9.66316008568	543
9.89315605164	-543
10.0099620819	-543
10.0244259834	-1368
10.1266701221	-203
10.1299710274	1368
10.1301450729	717
10.2434539795	-543
10.4852869511	-543
10.4864430428	-1368
10.4864959717	-1368
10.4889690876	-1368
10.4890580177	-1368
10.4890749454	-1368
10.4913480282	-1368
10.4913799763	-1368
10.491407156	-1368
10.5730931759	-1368
10.6024000645	-1368
10.6024711132	-1368
10.6034560204	-1368
10.6035280228	-1368
10.6056170464	-1368
10.6056540012	-1368
10.6056859493	-1368
10.6057291031	-1368
10.6058001518	-1368
10.6058249474	-1368
10.6058599949	-1368
10.6058759689	-1287
10.6066300869	543
10.6613631248	-1368
10.6614210606	-1368
10.6615390778	-1368
10.6636371613	-1368
10.6637229919	-1368
10.664055109	-1368
10.7194941044	-1368
10.7195620537	-1368
10.7195990086	-1368
10.7196080685	-1368
10.7200701237	-1368
10.7201080322	-1368
10.7201461792	-1368
10.7201781273	-1368
10.7222709656	-1368
10.7227511406	-873
10.7231719494	1086
10.7563970089	-1368
10.7564511299	-1368
10.7573709488	-1368
10.7574131489	-1368
10.7574379444	-1368
10.7589111328	-1368
10.7589890957	-1368
10.7590000629	-1368
10.7602469921	-1368
10.7602820396	-1368
10.7603080273	-1368
10.7610239983	-1368
10.761316061	-1368
10.7613730431	-1368
10.809803009	-1368
10.8098571301	-1368
10.8098859787	-1368
10.8394031525	-1221
10.8439810276	-1368
10.8440361023	543
10.8440611362	-1368
10.8442161083	-1368
10.8443670273	-1368
10.8444051743	-1368
10.8448159695	-1368
10.9561691284	-1218
11.073745966	1057
11.1912550926	1057
11.4870870113	-543
11.5028090477	-1368
11.5028760433	-1368
11.6036601067	-891
11.6227209568	-1368
11.6227991581	-1368
11.6228189468	-1368
11.7202689648	-66
11.7222061157	543
11.8075859547	-1368
11.8076300621	-1368
11.8076510429	-1368
11.837594986	-609
11.8389191628	1057
11.8997101784	-1368
11.9557521343	-717
11.9562239647	543
12.0915770531	-543
12.0916340351	543
12.0928649902	-1368
12.0940620899	-1368
12.0941281319	-1368
12.0941541195	-1368
12.0955550671	-1368
12.095605135	-1368
12.0956380367	-1368
12.0985591412	-1368
12.0986340046	-1368
12.0986461639	-1368
12.1807041168	-1368
12.1807670593	-1368
12.1808490753	-1368
12.2083981037	-409
12.2084491253	543
12.325273037	-543
12.391741991	-1368
12.3918001652	-1368
12.3918149471	-1368
12.4883410931	-66
12.4971821308	543
12.6507191658	1057
12.6543061733	-543
12.8067171574	1057
12.9105541706	-543
13.0200381279	-1368
13.0200951099	-1368
13.0201101303	-1368
13.0646021366	-66
13.0776951313	-1368
13.1817920208	-1260
13.3005299568	-1086
13.4260959625	-1368
13.4261481762	-717
