0	543
0.235277891159	-543
0.235652923584	543
0.429342031479	-1368
0.429404020309	-1368
0.429419994354	-891
0.443624973297	-1368
0.443670988083	-1368
0.443792819977	-1368
0.57413482666	-66
0.601569890976	543
0.746086835861	543
0.792418956757	-543
0.973979949951	-543
0.974257946014	543
1.15282082558	-1368
1.15287184715	-1231
1.17330598831	543
1.39428901672	-1368
1.39439892769	-717
3.38898992538	543
3.63805103302	-543
3.63837194443	543
3.89061594009	-1368
3.89067482948	-1368
3.89069080353	-891
3.9052529335	-1368
4.03532290459	-1231
4.07070302963	543
4.34674191475	-543
4.34794402122	1057
4.61168193817	-1368
4.61173582077	-1368
4.61174988747	-891
4.6240298748	-1368
4.75626397133	-717
4.81587290764	543
4.99375295639	-543
4.99485683441	543
5.17245483398	-1368
5.17252492905	-1368
5.17253899574	-377
5.31702399254	-1057
5.32986783981	543
5.51068902016	-543
5.51072502136	543
5.69521689415	-543
5.69547891617	543
5.89629983902	-1368
5.89636397362	-717
5.9010078907	1368
5.90114283562	717
6.10020494461	-1368
6.100263834	-1368
6.10027599335	-891
6.10082101822	-1368
6.10086297989	-1368
6.10200595856	-1368
6.10478782654	-1368
6.10495495796	-1368
6.10543203354	-1368
6.1146478653	-1368
6.24545788765	-1368
6.24557590485	-1368
6.24559402466	-1368
6.24560499191	-1368
6.24561500549	-1368
6.24562287331	-1368
6.24563193321	-1368
6.24565196037	-1368
6.2457280159	-1368
6.24575901031	-1368
6.24738883972	543
6.24947690964	-1368
6.24952793121	-1368
6.24955892563	-1368
6.24957680702	-1368
6.24977302551	-1368
6.24981093407	-1368
6.24996399879	-1368
6.25001001358	-1368
6.29842495918	-1368
6.29847598076	-1368
6.39007902145	-1368
6.39012789726	-1368
6.39016890526	-1368
6.3901758194	-1368
6.39021897316	-1368
6.39026498795	-1368
6.39031291008	-1368
6.39034891129	-1368
6.39039087296	-1368
6.39042782784	-1368
6.39047598839	-1368
6.39051580429	-1368
6.39055895805	-1368
6.39060091972	-1368
6.3906378746	-1368
6.3906879425	-1368
6.39072585106	-1368
6.39076590538	-1368
6.39081001282	-1368
6.3908469677	-1368
6.39409089088	-1368
6.39417600632	1086
6.3942220211	-1368
6.39425492287	-1368
6.39427089691	-1368
6.39430189133	-1368
6.39436292648	-1368
6.39439201355	-1368
6.39443898201	-1368
6.39448285103	-1368
6.39451599121	-1368
6.39456701279	-1368
6.39458394051	-827
6.53201293945	1368
6.57657980919	746
6.7216219902	543
6.79583382607	-1368
6.79589486122	-1368
6.79590582848	-891
6.80758190155	-1368
6.80764102936	-1368
6.80773591995	-1368
6.94065880775	-609
6.94274187088	543
7.08518481255	-543
7.16854000092	1086
7.19896697998	-1368
7.19904303551	-1368
7.19959402084	-1368
7.19965481758	-1368
7.19966888428	-1368
7.20572090149	-1368
7.20580387115	-1368
7.20582199097	-1368
7.21237683296	-1368
7.21245193481	-1368
7.21246480942	-1368
7.2124710083	-1368
7.21248698235	-1368
7.2664129734	-981
7.3504588604	543
7.41102981567	-543
7.49695897102	543
7.50286602974	-1368
7.50291991234	-1368
7.51477098465	-1368
7.51482486725	-1368
7.55588102341	-754
7.60005903244	543
7.68068099022	543
7.6977288723	-1368
7.69778299332	-1368
7.70047402382	-891
7.84535980225	-543
7.85497903824	543
7.99660587311	-543
7.99804401398	1368
8.0367770195	746
8.14262890816	-543
8.19821190834	-1368
8.19828796387	-1368
8.21289992332	-1368
8.21295285225	-1368
8.21347784996	543
8.32660198212	-754
8.42327284813	-1368
8.42425394058	-543
8.51057481766	-717
