0	-543
2.91269898415	543
2.93116188049	543
3.08774900436	-543
3.38974690437	543
3.82498502731	-543
3.95701003075	-1420
3.95707893372	-1420
3.95711684227	-787
3.95796895027	-1420
3.9579949379	-1316
3.95835804939	-1368
3.95849490166	543
3.97597885132	-1420
3.97599601746	-1420
3.97605204582	-1264
3.98186087608	-1368
4.00399899483	543
4.01855993271	543
4.01901483536	543
4.01923203468	543
4.01946902275	543
4.01963090897	543
4.07367801666	-1420
4.07369685173	-1420
4.07375097275	-1420
4.07376289368	-1420
4.0737798214	-1420
4.07378482819	-1108
4.07512903214	-1420
4.07514595985	-1420
4.07517886162	-1420
4.07518196106	-1420
4.07519698143	-1420
4.07519984245	-1108
4.07589888573	543
4.09251904488	-1420
4.09253287315	-1420
4.09258699417	-1420
4.09258890152	-1420
4.09262490273	-689
4.16890788078	543
4.16915082932	543
4.23201394081	-543
4.24776601791	543
4.25644683838	-1420
4.25646495819	-1316
4.25710082054	-1368
4.25792098045	-1420
4.2579638958	-1420
4.25796890259	-1264
4.28437399864	-1420
4.28438591957	-1316
4.3386619091	543
4.33919692039	543
4.33938097954	543
4.34850883484	543
4.35743904114	543
4.35781097412	543
4.35799002647	543
4.37269902229	-480
4.51729202271	-1420
4.51730799675	-1316
4.51757788658	-1420
4.51758289337	-1316
4.51797485352	-1368
4.51842904091	-1420
4.51845192909	-1420
4.51845502853	-1264
4.53077483177	-1368
4.53092598915	543
4.53485584259	-169
4.54513502121	-1420
4.54519295692	-1316
4.54556083679	-1368
4.54660797119	-1420
4.54661202431	-1420
4.54665184021	-1264
4.54676795006	543
4.54782390594	-1368
4.54833984375	-1420
4.54838204384	-1316
4.54894900322	-1368
4.54968190193	-1420
4.54968595505	-1316
4.55003499985	-1420
4.55003786087	-1420
4.5500729084	-1264
4.55046582222	-1368
4.55080699921	-1420
4.550812006	-1316
4.57182884216	-1420
4.57184195518	-1420
4.57189393044	-1264
4.57334089279	-1420
4.57336592674	-1420
4.57336783409	-1264
4.57386493683	-1420
4.57387495041	-1316
4.57505297661	-1368
4.58233785629	543
4.63386893272	-1420
4.63388085365	-1420
4.63393783569	-1420
4.63394093513	-1212
4.6339828968	-1420
4.63398599625	-1316
4.63488984108	-1420
4.6348938942	-1316
4.63493299484	-1420
4.63493585587	-1420
4.63496994972	-1264
4.63497304916	-1420
4.63500595093	-1420
4.63500785828	-1264
4.6350839138	-1368
4.63508701324	-1368
4.63536286354	543
4.63547182083	543
4.65140891075	-1420
4.65141582489	-1316
4.65145683289	-1420
4.65145993233	-1316
4.66151785851	-1420
4.66154098511	-1420
4.66159200668	-1264
4.66159391403	-1368
4.66316699982	-1420
4.66317200661	-1157
4.66401791573	1460
4.66406583786	1460
4.66411781311	193
4.77958488464	-543
4.78052902222	1460
4.78058385849	1460
4.78062701225	193
4.90726995468	-1420
4.90728783607	-151
4.90813493729	-1368
4.91170191765	-1420
4.91174292564	-1316
4.92388701439	-1420
4.92394590378	-1420
4.92395091057	-1264
4.93195986748	-1420
4.93196797371	-1420
4.93201303482	-1264
4.93219089508	-1368
4.96145796776	-1420
4.96147298813	-1316
4.98820090294	-1368
4.99392104149	543
4.9942009449	543
4.99471497536	543
4.99495697021	543
4.99544286728	543
4.99568486214	543
4.99615383148	543
4.99639892578	543
5.02373504639	-1039
5.02449202538	1460
5.02454590797	111
5.03999686241	-1368
5.0676009655	-1368
5.09636998177	-1368
5.12810993195	-1368
5.14045381546	-298
5.14421582222	-1368
5.14548301697	543
5.1457388401	543
5.14963984489	-1368
5.18385887146	-1368
5.18402981758	543
5.20017981529	-1368
5.21006703377	543
5.21137094498	543
5.21449804306	-1368
5.24513983727	-1368
5.24529695511	543
5.25694990158	-1218
5.27347993851	-1368
5.27368402481	-1368
5.28853082657	-1368
5.29055500031	-1368
5.29767894745	-1368
5.30869603157	-1368
5.32129096985	-1420
5.321352005	-1316
5.32523989677	-1368
5.3301718235	-1368
5.33874082565	-1368
5.34667992592	-1368
5.34675097466	-1368
5.35333490372	-1368
5.36309504509	-1420
5.36315083504	-1316
5.37342596054	-106
5.37730789185	-1368
5.38305282593	-1368
5.38320493698	543
5.38541293144	-1368
5.39603185654	-1368
5.39981985092	-1368
5.40004682541	-1368
5.41107583046	-1368
5.41293096542	543
5.41319489479	543
5.41419196129	-1368
5.42380285263	-1368
5.42865681648	-1420
5.42866182327	-1316
5.43608999252	-1368
5.43780899048	-1368
5.44752597809	-1420
5.44753885269	-1420
5.44760084152	-1264
5.45453000069	-1368
5.46186304092	-1368
5.46337199211	-1368
5.4707930088	-1420
5.47080397606	-1316
5.4821498394	-1368
5.48486185074	-1368
5.48853492737	543
5.48865795135	543
5.4936478138	-470
5.49755597115	-1368
5.50438284874	-1368
5.50546884537	-1368
5.51575684547	-1368
5.5281829834	-1368
5.53435182571	-1368
5.53802704811	-1420
5.53807592392	-1316
5.54187703133	-1368
5.54278492928	-1368
5.54540801048	-1368
5.54587388039	-1368
5.5550570488	-1368
5.56177186966	-1368
5.56211495399	-1368
5.61427688599	-1018
5.63374781609	543
5.63427686691	543
5.73081803322	-1086
5.9152970314	-1420
5.91531395912	-665
5.91728997231	543
5.91746091843	543
5.93273687363	-1368
5.94702792168	-1420
5.94708204269	-1316
5.94863796234	543
5.9489068985	543
6.0289978981	-1368
6.03052687645	543
6.03079986572	543
6.0317709446	-1326
6.03291702271	543
6.03442597389	543
6.14834284782	-1057
6.15953683853	543
6.15973997116	543
6.2152030468	-1368
6.22788381577	-1368
6.26704287529	-949
6.27360200882	543
6.28364682198	543
6.28383684158	543
6.28404593468	1460
6.28409004211	1139
6.28426599503	1460
6.2843079567	1139
6.28476285934	543
6.28492903709	543
6.2852628231	543
6.28542685509	543
6.28576302528	543
6.28592681885	543
6.28625798225	543
6.28642892838	543
6.40605902672	-1420
6.40607690811	-151
6.40814590454	543
6.40831303596	543
6.47082495689	-1420
6.47084188461	-1420
6.4708969593	-1264
6.47145485878	-1420
6.47147583961	-1420
6.47147893906	-1264
6.47546482086	-1420
6.47546982765	-1316
6.47604584694	-1368
6.47613096237	-1368
6.47633981705	-1368
6.47671890259	-1420
6.47674298286	-1316
6.4771668911	-1420
6.47718882561	-1316
6.4773478508	543
6.47756886482	-1420
6.47757291794	-1316
6.47767400742	-1368
6.47780704498	543
6.477850914	-1368
6.47816491127	-1368
6.47869491577	-1420
6.47869896889	-1316
6.47907996178	-1420
6.4790828228	-1420
6.47911882401	-1264
6.47962284088	-1420
6.47966098785	-1316
6.4796628952	-1368
6.48009800911	-1368
6.48057293892	-1420
6.48060894012	-1316
6.48087787628	-1420
6.48091387749	-1316
6.48098897934	-1368
6.48127484322	-1368
6.48151397705	-1368
6.48183584213	-1420
6.48183894157	-1316
6.48248887062	-1420
6.48249197006	-1420
6.48250985146	-1264
6.48263788223	543
6.48380994797	1460
6.4838578701	1139
6.48511791229	-1420
6.48512101173	-1420
6.48516201973	-1264
6.48522090912	543
6.48574399948	-1420
6.48574781418	-1420
6.4857878685	-1264
6.48668193817	-1420
6.48672389984	-1420
6.48672699928	-1264
6.48684000969	-1420
6.48684287071	-1316
6.48697781563	-1368
6.48704195023	543
6.48938202858	-1420
6.48938798904	-1316
6.48947095871	-1368
6.49087882042	-1420
6.49091887474	-1316
6.49100399017	543
6.4913828373	-1420
6.49138784409	-1420
6.49142694473	-1264
6.49169301987	-1420
6.49171590805	-1316
6.49189400673	-1368
6.49243783951	-1368
6.49250888824	543
6.49317884445	-1420
6.49318385124	-1420
6.49320602417	-1264
6.49351501465	-1420
6.49355602264	-1316
6.49361801147	-1368
6.49715900421	-1420
6.497164011	-1420
6.4972038269	-1264
6.49771785736	-1420
6.49775791168	-1420
6.49776291847	-1264
6.49869084358	-1420
6.4986948967	-1316
6.49883699417	-1420
6.49883985519	-1316
6.49893283844	-1368
6.49958992004	-1420
6.49962997437	-1316
6.49973487854	-1420
6.49977302551	-1316
6.50205993652	-1420
6.5020878315	-1420
6.50208997726	-1264
6.50252103806	-1420
6.50252604485	-1420
6.50254487991	-1264
6.50357794762	-1420
6.50362181664	-1420
6.50362491608	-1264
6.50384998322	543
6.50398802757	543
6.50411391258	-1420
6.5041179657	-1316
6.50463604927	-1368
6.52259993553	-1420
6.52266383171	-1316
6.5226688385	-1368
6.52273797989	-1368
6.58748102188	-1420
6.58749198914	-1420
6.58754181862	-1420
6.58754491806	-1212
6.58757996559	-1420
6.58758282661	-1316
6.58792591095	-1420
6.58792901039	-1420
6.58796691895	-1264
6.58797001839	-1420
6.58800196648	-1316
6.58805394173	-1368
6.59219384193	-1420
6.59221601486	-1420
6.59225201607	-1264
6.59225487709	-1368
6.59256100655	543
6.59276199341	-1420
6.59276485443	-1420
6.59280896187	-1420
6.59281182289	-1212
6.59286499023	543
6.59315991402	-1420
6.59316492081	-1420
6.59318590164	-1420
6.59318804741	-1212
6.59331488609	-1420
6.59331893921	-1316
6.59359693527	-1420
6.59360098839	-1316
6.59368681908	-1420
6.59368991852	-1316
6.59424090385	-1420
6.59424495697	-1316
6.59432291985	-1420
6.59432601929	-1316
6.59446382523	-1420
6.59446692467	-1316
6.59458088875	543
6.59461688995	-1368
6.5947458744	-1368
6.59513187408	-1420
6.59513783455	-1420
6.59515881538	-1420
6.59516096115	-1212
6.5952539444	-1420
6.59525704384	-1316
6.59555482864	-1420
6.59555888176	-1420
6.59564781189	-1264
6.59564995766	-1420
6.59568500519	-1420
6.59568786621	-1264
6.59607100487	543
6.59615898132	-1420
6.59616088867	-1420
6.59616184235	-1420
6.59616589546	-1212
6.59654283524	-1420
6.59654593468	-1316
6.59658384323	-1420
6.596585989	-1316
6.59709787369	-1420
6.59710288048	-1420
6.59719491005	-1264
6.59719800949	-1420
6.59723186493	-1316
6.59732294083	-1420
6.59740304947	-1316
6.59740591049	-1368
6.59753704071	543
6.59766292572	-1420
6.59766697884	-1420
6.59770202637	-1264
6.59770703316	-1368
6.59784293175	543
6.5981798172	-1420
6.59818387032	-1316
6.59823203087	-1368
6.5983710289	-1420
6.59841704369	-1420
6.59841990471	-1264
6.59880304337	-1420
6.59880590439	-1316
6.59894585609	-1420
6.59894895554	-1420
6.59898591042	-1264
6.59898781776	-1368
6.60181999207	-1420
6.60182499886	-1420
6.60190391541	-1264
6.60190701485	-1368
6.60193991661	-1420
6.60194182396	-1316
6.60205602646	-1420
6.60205888748	-1316
6.60222482681	-1420
6.60222887993	-1420
6.60226297379	-1264
6.60226583481	-1368
6.6031999588	-1420
6.60320496559	-1316
6.60322594643	-1420
6.60322785378	-1316
6.60341191292	-1420
6.60341501236	-1420
6.60345196724	-1264
6.60345482826	-1420
6.60349488258	-1316
6.60354399681	-1368
6.60361504555	543
6.60569000244	-1420
6.60569500923	-1316
6.60578203201	543
6.60581803322	-1368
6.60581994057	-1420
6.60582089424	-1316
6.60586500168	-1368
6.60599899292	543
6.60754394531	-1420
6.6075489521	-1420
6.60758781433	-1264
6.60762286186	-1420
6.607640028	-1420
6.60764193535	-1264
6.60788202286	-1420
6.60788488388	-1316
6.60798692703	-1420
6.60799002647	-1420
6.60802197456	-1264
6.60802483559	-1368
6.60818791389	-1420
6.60819101334	-1316
6.60824298859	-1368
6.60902404785	-1368
6.60906195641	-1420
6.60906386375	-1316
6.60928487778	-1420
6.60928797722	-1316
6.60972285271	-1420
6.60972595215	-1420
6.60977888107	-1264
6.60978388786	-1368
6.60985803604	-1420
6.60985994339	-1316
6.60989403725	-1420
6.6098959446	-1316
6.60999393463	-1420
6.60999703407	-1316
6.61355090141	-1420
6.61355495453	-1420
6.61357498169	-1264
6.61372995377	-1420
6.61376690865	-1420
6.61376881599	-1264
6.61380195618	-1368
6.61380386353	-1368
6.61440181732	-1420
6.61440491676	-1420
6.61444091797	-1420
6.61444282532	-1420
6.6144759655	-1160
6.61447787285	-1368
6.61505198479	-1420
6.6150560379	-1420
6.61507296562	-1420
6.61507487297	-1212
6.61528897285	-1420
6.61529183388	-1316
6.61537694931	-1420
6.61538290977	-1316
6.61610984802	-1420
6.61611294746	-1316
6.61621594429	-1420
6.61621785164	-1420
6.61633586884	-1264
6.61633896828	-1420
6.61637187004	-1420
6.61637401581	-1264
6.61641001701	-1420
6.61641287804	-1316
6.61844801903	-1420
6.61845088005	-1316
6.61855387688	-1420
6.61855697632	-1316
6.61864089966	1460
6.618683815	1460
6.61874985695	193
6.61877584457	-1420
6.61877799034	-1316
6.61888384819	1057
6.61900997162	-1420
6.61901187897	-1420
6.6190469265	-1264
6.61905097961	-1368
6.6191599369	-1420
6.61916184425	-1316
6.61927890778	543
6.61960291862	543
6.61976504326	543
6.62017989159	-1420
6.62018299103	-1420
6.62029194832	-1264
6.62029504776	-1420
6.62033891678	-1420
6.62034201622	-1264
6.62074804306	-1420
6.62075185776	-1420
6.6207909584	-1264
6.62083983421	-1368
6.62406897545	543
6.6392519474	-1420
6.63926887512	-1420
6.63930487633	-1420
6.63930702209	-1420
6.63932299614	-1420
6.63932490349	-1108
6.63933897018	-1420
6.63934087753	-1316
6.63939785957	-1420
6.63940095901	-1316
6.650359869	1460
6.65046191216	111
6.65139293671	543
6.70415282249	-1420
6.70416498184	-1420
6.70421504974	-1264
6.70427584648	-1420
6.70431089401	-1316
6.70451998711	-1420
6.70455694199	-1420
6.70456004143	-1264
6.70465993881	-1368
6.70466303825	-1420
6.70469498634	-1420
6.70469784737	-1264
6.70473098755	-1420
6.70473384857	-1420
6.70481085777	-1264
6.70481300354	-1368
6.70489192009	-1420
6.70489382744	-1420
6.70493388176	-1264
6.7049369812	-1420
6.70497083664	-1420
6.70498204231	-1264
6.7087328434	-1420
6.70873689651	-1420
6.70881795883	-1420
6.70881986618	-1212
6.70885396004	-1420
6.70885586739	-1316
6.70888900757	-1420
6.70889186859	-1316
6.70919895172	-1420
6.70920181274	-1316
6.70931792259	-1420
6.70932102203	-1420
6.70935487747	-1264
6.70935702324	-1368
6.70943284035	-1420
6.70943498611	-1316
6.70957493782	-1420
6.70957899094	-1316
6.70966887474	-1420
6.70967197418	-1420
6.7096889019	-1264
6.70972490311	-1368
6.70983481407	-1420
6.70983791351	-1316
6.70995497704	-1420
6.70995783806	-1316
6.71002197266	-1368
6.71043491364	-1420
6.71043801308	-1420
6.71043896675	-1264
6.7106719017	-1420
6.71067595482	-1420
6.71067690849	-1264
6.71067786217	-1420
6.71067881584	-1316
6.71076989174	-1368
6.71077203751	-1420
6.71077299118	-1316
6.71093082428	-1420
6.71093392372	-1420
6.71093392372	-1264
6.7109348774	-1368
6.71107888222	-1368
6.71113491058	543
6.71125984192	543
6.71145296097	-1420
6.71145486832	-1420
6.71145582199	-1264
6.71145701408	-1420
6.71145796776	-1316
6.71158385277	-1420
6.71158695221	-1316
6.71174192429	-1420
6.7117459774	-1316
6.71183300018	543
6.71187281609	-1420
6.71187496185	-1316
6.7120218277	-1420
6.71202492714	-1420
6.71202588081	-1264
6.71218204498	-1420
6.71218585968	-1420
6.71218681335	-1264
6.71220493317	-1368
6.71238994598	-1420
6.71239185333	-1420
6.7123939991	-1264
6.71239495277	-1368
6.71247291565	-1420
6.71259593964	-1420
6.71270084381	-1264
6.71270394325	-1420
6.71270489693	-1316
6.7127058506	-1420
6.71270704269	-1420
6.71270799637	-1264
6.71270895004	-1368
6.71283698082	-1420
6.71285700798	-1316
6.71285891533	-1368
6.71288394928	543
6.71301293373	-1368
6.71319794655	543
6.7133769989	-1420
6.71338391304	-1420
6.71338486671	-1264
6.71349287033	-1420
6.71349692345	-1316
6.71349787712	-1368
6.71360301971	-1420
6.71360492706	-1316
6.71377491951	-1420
6.71377801895	-1420
6.71377897263	-1264
6.71388983727	-1420
6.71389293671	-1420
6.71389389038	-1264
6.71404695511	-1420
6.71404886246	-1420
6.71404981613	-1264
6.71405100822	-1420
6.7140519619	-1316
6.71417784691	-1420
6.71419882774	-1420
6.71420097351	-1264
6.71420192719	-1368
6.7143368721	-1420
6.71433997154	-1316
6.71434092522	-1368
6.71438503265	-1420
6.71438694	-1420
6.71438789368	-1264
6.71443581581	-1368
6.71459889412	-1420
6.71460199356	-1420
6.71460294724	-1264
6.71460485458	-1420
6.71460604668	-266
6.72340393066	-1420
6.7234108448	-1316
6.72672581673	-1368
6.72727203369	1460
6.72731804848	1460
6.72735285759	1161
6.72741103172	1460
6.72744989395	171
6.72788286209	1460
6.72793602943	169
6.72825098038	-1420
6.7282538414	-1316
6.72860693932	543
6.7291200161	-1368
6.72973394394	-1420
6.72977185249	-1316
6.73000693321	-1368
6.73098802567	-1420
6.73099184036	-1420
6.73100996017	-1264
6.73123598099	-1420
6.73127293587	-1316
6.7316968441	-1368
6.73198890686	-1420
6.7319920063	-1316
6.73235797882	-1368
6.73255491257	-1420
6.73257684708	-1316
6.7327568531	-1368
6.73340082169	-1368
6.73343992233	-1368
6.73351383209	-1420
6.73351693153	-1316
6.73367500305	-1420
6.73367786407	-1316
6.73408389091	-1420
6.73408794403	-1316
6.73413681984	-1368
6.73422598839	543
6.73472690582	543
6.73476195335	-1420
6.73476600647	-1420
6.73479986191	-1264
6.74010491371	543
6.77512001991	-1368
6.77529382706	543
6.776034832	-1420
6.77603983879	-1316
6.77670502663	543
6.77682781219	-1420
6.77683281898	-1420
6.77687883377	-1264
6.7774939537	-1368
6.77793502808	-1420
6.77794003487	-1316
6.77836489677	-1368
6.77884292603	-1420
6.77888202667	-1316
6.77916193008	-1368
6.78027486801	-1420
6.78027892113	-1420
6.78031492233	-1264
6.78056883812	-1420
6.78060698509	-1316
6.78106498718	-1368
6.7814040184	-1420
6.7814078331	-1316
6.78190994263	-1368
6.7823908329	-1420
6.78243088722	-1316
6.78255486488	-1368
6.78261899948	543
6.78397893906	-1420
6.78398394585	-1420
6.78402304649	-1264
6.78416800499	-1420
6.78420901299	-1420
6.78421187401	-1264
6.78513598442	-1420
6.78514099121	-1420
6.78518104553	-1264
6.78616786003	-1420
6.78619098663	-1420
6.78619289398	-1264
6.7862739563	543
6.78745484352	-1420
6.7874610424	-1316
6.78813004494	-1420
6.78813481331	-1316
6.78836798668	-1368
6.78875684738	-1420
6.78880000114	-1316
6.78930401802	-1368
6.78959202766	-1420
6.78959584236	-1316
6.7900018692	-1368
6.7907679081	-1420
6.79080796242	-1316
6.79162502289	-1420
6.79164481163	-1316
6.79187488556	-1420
6.79191303253	-1420
6.79191589355	-1264
6.79231381416	-1420
6.79231786728	-1316
6.79238891602	-1368
6.792760849	-1420
6.79279899597	-1420
6.79280090332	-1264
6.79312896729	-1368
6.79343986511	-1368
6.79361104965	-1420
6.79361486435	-1420
6.79364299774	-1264
6.79364585876	-1368
6.79399490356	-1420
6.7940030098	-1420
6.79402494431	-1264
6.79430389404	-1368
6.79444599152	543
6.79458999634	543
6.7946228981	-1368
6.79478883743	-1420
6.79482984543	-1316
6.79497003555	543
6.79530882835	-1420
6.7953119278	-1420
6.79534888268	-1264
6.79535198212	-1420
6.79538798332	-1316
6.79574489594	-1368
6.79600191116	-1420
6.7960050106	-1316
6.79618287086	-1368
6.79643583298	-1420
6.79647684097	-1420
6.79647898674	-1264
6.79730081558	-1420
6.7973048687	-1316
6.79739785194	-1420
6.79740095139	-1316
6.79743790627	-1368
6.79762387276	-1368
6.79778003693	543
6.79788804054	-1420
6.79789185524	-1316
6.79793190956	-1368
6.79802894592	543
6.79818582535	543
6.79839301109	-1420
6.79839682579	-1420
6.79843497276	-1264
6.79895186424	-1420
6.79897403717	-1420
6.79897594452	-1264
6.79911804199	-1420
6.79912185669	-1420
6.79913783073	-1264
6.79945993423	-1420
6.79947900772	-1316
6.79957604408	-1368
6.79987883568	-1420
6.79988288879	-1316
6.79996299744	-1368
6.80032682419	-1368
6.80065083504	-1420
6.80065488815	-1316
6.80104994774	-1420
6.80105400085	-1316
6.80138397217	-1420
6.80138802528	-1316
6.80161595345	-1420
6.80161881447	-1316
6.80166196823	-1368
6.80176091194	-1368
6.80199098587	-1420
6.80199384689	-1316
6.80222582817	-1420
6.80222988129	-1316
6.80247998238	-1420
6.8024828434	-1316
6.80256104469	-1368
6.80269193649	543
6.80290389061	-1420
6.80290794373	-1316
6.80300784111	-1368
6.80374693871	-1420
6.80376982689	-1316
6.80384302139	-1368
6.80427694321	-1368
6.80459284782	-1420
6.80461382866	-1316
6.80461597443	-1368
6.80483984947	-1420
6.80484294891	-1316
6.80506181717	-1368
6.80539989471	-1420
6.80542087555	-1316
6.80555582047	-1368
6.80586791039	-1420
6.80587100983	-1316
6.80597496033	-1368
6.80615997314	543
6.80633687973	543
6.80653691292	-1420
6.80654096603	-1316
6.80657696724	-1368
6.80665493011	-1420
6.80669283867	-1316
6.81583189964	-1368
6.81833100319	-1420
6.81833600998	-1316
6.81837582588	-1368
6.81973981857	-1420
6.81977891922	-1316
6.81984400749	-1368
6.82059288025	543
6.82072401047	543
6.82103204727	-1420
6.82103800774	-1316
6.82125091553	-1368
6.8213698864	-1420
6.82139492035	-1316
6.82147598267	-1368
6.82186698914	-1420
6.82187199593	-1316
6.82199692726	-1368
6.82260894775	-1420
6.8226518631	-1420
6.82265591621	-1264
6.82320094109	-1368
6.82334399223	-1420
6.82336688042	-1420
6.82336902618	-1264
6.82349085808	-1420
6.82413697243	-1316
6.82417392731	-1420
6.82417702675	-1420
6.82420992851	-1264
6.82463097572	-1420
6.82465386391	-1316
6.82477903366	-1368
6.8249669075	-1368
6.82537484169	-1420
6.82541894913	-1316
6.82740998268	1057
6.83102202415	-1104
6.8364470005	-1420
6.83647084236	-1316
6.83671402931	-1368
6.83688902855	543
6.84383583069	-1368
6.84510493279	1057
6.89024090767	-1420
6.8902528286	-1316
6.89031195641	-1368
6.89045381546	543
6.89181995392	-1420
6.89182496071	-1316
6.8927218914	-1420
6.89272689819	-1420
6.89276504517	-1264
6.89314293861	-1420
6.89318203926	-1316
6.89374494553	-1368
6.89411783218	-1420
6.8941218853	-1316
6.89454889297	-1368
6.89493894577	-1420
6.89496397972	-1316
6.89523792267	-1368
6.89531993866	543
6.89652991295	-1420
6.89653587341	-1420
6.89655900002	-1264
6.89709281921	-1420
6.89713191986	-1316
6.89758181572	-1368
6.89808893204	-1420
6.89809203148	-1420
6.89812803268	-1264
6.89850497246	543
6.89884591103	543
6.89888286591	-1420
6.89888501167	-1316
6.89976501465	543
6.89980697632	-1368
6.9005548954	-1420
6.9005959034	-1420
6.90059900284	-1264
6.9012169838	-1420
6.90121984482	-1420
6.90125584602	-1264
6.90217590332	-1420
6.90219688416	-1420
6.90220093727	-1264
6.9026658535	543
6.90294098854	543
6.90317392349	-1368
6.90339994431	543
6.9037399292	-1420
6.90374398232	-1420
6.90378403664	-1264
6.9038438797	543
6.90536999702	-1420
6.90537500381	-1420
6.90540003777	-1264
6.9056968689	-1420
6.90573596954	-1420
6.90573883057	-1264
6.90671682358	-1420
6.90672087669	-1316
6.90675783157	-1368
6.90779590607	-1420
6.90783381462	-1316
6.90786290169	-1368
6.90878582001	-1368
6.90963888168	-1420
6.90967798233	-1316
6.91008687019	-1420
6.9101228714	-1420
6.91012597084	-1264
6.91088604927	543
6.91179990768	-1420
6.91180491447	-1420
6.91184687614	-1264
6.9126958847	1057
6.91335892677	-1420
6.91336393356	-1420
6.91340589523	-1264
6.91372489929	-1368
6.91381597519	543
6.91430687904	-1420
6.91431188583	-1316
6.91434884071	-1368
6.91442704201	-1420
6.91446399689	-1316
6.91555285454	-1420
6.91559004784	-1420
6.91559290886	-1264
6.91611194611	-1420
6.91611599922	-1316
6.91640496254	-1368
6.91646194458	543
6.91658186913	-1368
6.91690802574	-1420
6.9169459343	-1420
6.91694903374	-1264
6.91704392433	-1420
6.91704702377	-1316
6.91728281975	-1368
6.91744303703	-1420
6.91748094559	-1316
6.91793394089	-1368
6.91827893257	-1420
6.91828298569	-1316
6.91840004921	543
6.91979694366	-1368
6.91980195045	-1420
6.91983890533	-1420
6.91984081268	-1264
6.92015695572	-1420
6.92015981674	-1316
6.92052984238	-1368
6.92092084885	-1420
6.92095804214	-1420
6.92096090317	-1264
6.92141199112	-1420
6.92141485214	-1420
6.92145085335	-1264
6.92200899124	-1420
6.92204594612	-1316
6.92204785347	-1368
6.92214798927	-1420
6.9221508503	-1316
6.92269396782	-1368
6.92269682884	-1420
6.92273402214	-1420
6.92273592949	-1264
6.92294883728	543
6.92314386368	-1420
6.92314791679	-1420
6.92316889763	-1264
6.92416787148	-1420
6.9243118763	-1420
6.92431497574	-1264
6.92435193062	-1420
6.92435383797	-1316
6.92438983917	-1368
6.92457294464	-1420
6.92459392548	-1316
6.92482304573	-1368
6.92508792877	-1420
6.92509198189	-1420
6.92512989044	-1264
6.92521190643	543
6.92538690567	-1368
6.92570495605	-1420
6.92572689056	-1316
6.92603683472	-1420
6.92607593536	-1316
6.92607903481	-1368
6.92640185356	-1420
6.926404953	-1420
6.92644286156	-1264
6.92685484886	-1420
6.92689204216	-1420
6.92689490318	-1264
6.92711591721	-1368
6.92747282982	543
6.92766094208	-1420
6.92766594887	-1316
6.927713871	-1368
6.92771697044	-1420
6.92774987221	-1316
6.92790389061	-1368
6.92812085152	-1420
6.92812585831	-1316
6.92834281921	-1368
6.92849397659	-1368
6.92859792709	-1368
6.92932295799	-1368
6.92943382263	-1368
6.950496912	1460
6.95058083534	111
6.9529709816	-949
6.95744204521	543
6.95982694626	-1420
6.95983481407	-1316
6.96022486687	-1420
6.96022891998	-1420
6.96027684212	-1264
6.96100687981	-1420
6.96104693413	-1316
6.96109485626	-1368
6.96116685867	543
6.96234083176	-1420
6.96234488487	-1316
6.96238493919	-1368
6.96288394928	-1368
6.96304392815	-1368
6.9633409977	-1368
6.96350884438	-1420
6.96351289749	-1316
6.96440792084	-1420
6.96441102028	-1420
6.96444582939	-1264
6.96556782722	-1420
6.96560692787	-1420
6.96560883522	-1264
6.96642804146	-1368
6.96648788452	543
6.96716189384	-1420
6.96716785431	-1316
6.96758389473	-1420
6.96758890152	-1316
6.96772789955	543
6.96776795387	-1368
6.96854186058	-1420
6.96856498718	-1316
6.96946597099	-1368
6.96950697899	-1420
6.96950888634	-1420
6.96954393387	-1264
6.9695930481	-1368
6.97096085548	-1420
6.9709649086	-1420
6.97100090981	-1264
6.97150993347	-1420
6.97153401375	-1316
6.97180604935	-1420
6.9718439579	-1420
6.97184681892	-1264
6.97250199318	-1420
6.9725060463	-1420
6.97254395485	-1264
6.97292494774	-1368
6.97348403931	-1420
6.973487854	-1420
6.97352790833	-1264
6.97442483902	-1368
6.97458982468	-1368
6.97474002838	-1368
6.97502493858	-1420
6.97502803802	-1316
6.97544384003	-1368
6.97568798065	-1420
6.97572398186	-1316
6.97583985329	-1368
6.97663784027	-1420
6.97664093971	-1420
6.97667598724	-1264
6.97698688507	-1420
6.97702288628	-1420
6.97702598572	-1264
6.97767782211	-1420
6.9776828289	-1420
6.97771883011	-1264
6.97827291489	-1420
6.9783308506	-1420
6.97833395004	-1264
6.97854399681	543
6.97871685028	543
6.97919583321	-1420
6.97920084	-1420
6.97923994064	-1264
6.97930502892	543
6.97971487045	-1420
6.97972083092	-1316
6.98045682907	-1420
6.98046302795	-1316
6.98065495491	-1420
6.98065781593	-1316
6.98144388199	-1368
6.9814479351	-1420
6.98148393631	-1420
6.98148584366	-1264
6.98203802109	-1420
6.98204088211	-1316
6.98233294487	-1368
6.98242282867	543
6.98254990578	543
6.98278689384	-1420
6.98279094696	-1316
6.98280787468	-1368
6.98294186592	-1420
6.98296189308	-1316
6.98343300819	-1420
6.98345398903	-1316
6.98352885246	-1368
6.98367285728	543
6.98377394676	543
6.98392796516	543
6.984197855	-1368
6.98462581635	-1420
6.98466396332	-1316
6.98490595818	-1420
6.98494291306	-1420
6.9849460125	-1264
6.98526787758	-1368
6.98562693596	-1420
6.98566389084	-1316
6.98602700233	-1368
6.98644185066	-1420
6.9864449501	-1316
6.98652100563	-1368
6.98695087433	543
6.98707795143	-1420
6.98708200455	-1420
6.98710203171	-1264
6.98906493187	-1420
6.98911190033	-1316
6.98934292793	-1368
6.99292302132	-1368
6.99311685562	543
6.99335098267	-1420
6.99335384369	-1420
6.99339604378	-1264
6.99371695518	543
6.99379587173	-1420
6.9937980175	-1316
6.99394702911	-1368
6.99411082268	-1368
6.99448394775	-1420
6.9944870472	-1420
6.99452400208	-1264
6.99478387833	-1420
6.99482488632	-1420
6.99482798576	-1264
6.99499797821	543
6.99516391754	543
6.99532985687	-1420
6.99533486366	-1420
6.99535489082	-1264
6.99576997757	-1420
6.99580693245	-1316
6.99615287781	-1368
6.99617195129	-1368
6.99633288383	-1420
6.99637103081	-1316
6.99665498734	-1420
6.99669194221	-1316
6.99687099457	-1368
6.9971268177	-1420
6.99712991714	-1420
6.99716496468	-1264
6.99764084816	-1420
6.99767804146	-1420
6.99768090248	-1264
6.99785995483	-1368
6.99831199646	-1420
6.99835896492	-1316
6.99854493141	-1420
6.99858283997	-1316
6.99861598015	-1420
6.99863290787	-1316
6.99916791916	-1420
6.99920392036	-1316
6.99920701981	-1368
6.99952793121	-1368
6.99967384338	-1420
6.99970984459	-1316
7.00020503998	-1420
7.00024104118	-1316
7.00024390221	-1368
7.00093698502	-1420
7.00093984604	-1316
7.00117683411	-1368
7.00149798393	-1368
7.00155091286	-1368
7.00174403191	-1368
7.00213003159	-1420
7.00213384628	-1420
7.00216889381	-1264
7.00253295898	-1420
7.00256991386	-1316
7.00258994102	-1368
7.00289797783	543
7.00297689438	-1420
7.00297999382	-1316
7.00307703018	-1368
7.00320696831	543
7.00333690643	543
7.00341701508	-1420
7.00357294083	-1316
7.00359201431	-1368
7.00378084183	-1368
7.00395989418	-1420
7.0039639473	-1316
7.00467681885	-1420
7.00468182564	-1420
7.00472092628	-1264
7.00510692596	-1420
7.00514698029	-1420
7.00514984131	-1264
7.01452803612	-1420
7.01453590393	-1316
7.06621694565	-1420
7.06623387337	-1420
7.06630396843	-1264
7.06662583351	-1420
7.06666994095	-1316
7.06690192223	543
7.06755399704	-1420
7.06755900383	-1420
7.06757998466	-1264
7.0676419735	543
7.0681989193	-1420
7.06820297241	-1316
7.06887698174	-1368
7.06928396225	-1420
7.06933498383	-1316
7.06967592239	-1368
7.07000494003	-1420
7.07000803947	-1316
7.07027292252	-1368
7.07190990448	-1420
7.07195091248	-1420
7.07195401192	-1420
7.07198882103	-1420
7.0719909668	-1160
7.07240581512	-1368
7.07278394699	-1420
7.07280683517	-1420
7.07280898094	-1264
7.07364296913	-1420
7.07364797592	-1420
7.07368803024	-1264
7.07524299622	-1420
7.07529592514	-1420
7.07529997826	-1264
7.07547688484	-1420
7.07548093796	-1316
7.07552790642	-1368
7.07609200478	543
7.07619094849	-751
7.07633781433	543
7.08464503288	-1420
7.08466100693	-1316
7.08482384682	-1368
7.08608698845	-1420
7.08613300323	-1420
7.08613586426	-1264
7.08657884598	-1420
7.08658289909	-1316
7.08706998825	-1368
7.09042096138	543
7.09056186676	543
7.09279990196	-1420
7.09280490875	-1316
7.09327483177	-1368
7.09349894524	-1420
7.09353303909	-1316
7.09387803078	-1368
7.09417581558	-1420
7.0941798687	-1316
7.09461092949	-1420
7.0946149826	-1420
7.09465289116	-1264
7.09481883049	-1368
7.09497284889	-1420
7.09497594833	-1316
7.09522199631	-1420
7.09522485733	-1316
7.09532999992	-1368
7.0954220295	-1368
7.09623384476	-1420
7.09624004364	-1420
7.09627890587	-1264
7.09647297859	-1420
7.09649181366	-1316
7.09677481651	-1368
7.09715390205	-1420
7.0971570015	-1316
7.09755802155	-1368
7.09779787064	-1420
7.0978178978	-1316
7.09784698486	-1368
7.09867286682	543
7.09887886047	543
7.10139799118	-1420
7.10140395164	-1316
7.10599589348	-1420
7.10600185394	-1420
7.10603404045	-1264
7.10610604286	1057
7.10652589798	-1420
7.1065299511	-1316
7.10657191277	-1368
7.11037898064	-1420
7.11040282249	-1316
7.11045598984	-1368
7.11094093323	-1368
7.11125302315	-1420
7.11127400398	-1420
7.11127591133	-1264
7.11265182495	-1420
7.11265587807	-1316
7.11274695396	-1368
7.11365890503	-1420
7.11369991302	-1420
7.11370182037	-1264
7.11426782608	-1420
7.11427092552	-1420
7.11432003975	-1264
7.11454296112	543
7.115046978	-1420
7.11505293846	-1316
7.11541700363	-1368
7.11542201042	-1420
7.11546301842	-1420
7.11546587944	-1264
7.11625099182	-1420
7.11625504494	-1420
7.11629581451	-1264
7.11682987213	-1420
7.11685395241	-1420
7.11685585976	-1264
7.11711287498	-1368
7.12439894676	-1420
7.12443494797	-1316
7.12741994858	-1368
7.1278719902	-1420
7.12787699699	-1316
7.12835288048	-1420
7.12835597992	-1420
7.12840294838	-1264
7.12866187096	-1420
7.12870001793	-1420
7.12870287895	-1264
7.1291680336	-1420
7.1291718483	-1420
7.1292078495	-1264
7.12964701653	-1368
7.12985897064	-1420
7.12986183167	-1316
7.1303589344	-1368
7.1304500103	543
7.13056898117	543
7.13073897362	-1420
7.13074088097	-1316
7.13083696365	543
7.13111782074	-1420
7.13112282753	-1316
7.13120985031	-1368
7.1317088604	-1420
7.13173484802	-1420
7.13173699379	-1264
7.13231182098	-1420
7.13231682777	-1420
7.1323390007	-1264
7.1325750351	-1368
7.13301801682	-1420
7.13302397728	-1316
7.13332700729	-1420
7.13333296776	-1420
7.13337397575	-1264
7.13669896126	-1420
7.13672494888	-1420
7.13672804832	-1264
7.13679099083	-1368
7.15267682076	-1420
7.15272688866	-1316
7.15379691124	-1368
7.15463685989	-1420
7.15464091301	-1420
7.15468001366	-1264
7.15505981445	-1420
7.1550989151	-1316
7.15540385246	-1368
7.15592598915	-1420
7.15592885017	-1316
7.1561229229	543
7.15643596649	-1368
7.15680098534	-1420
7.15682482719	-1316
7.15714001656	-1368
7.15844798088	-1420
7.158452034	-1316
7.15890097618	-1368
7.15890598297	-1420
7.15892481804	-1316
7.15970182419	-1368
7.16043901443	-1420
7.16044282913	-1316
7.16100883484	-1368
7.16178393364	-1420
7.16182303429	-1420
7.16182589531	-1264
7.16396188736	-1420
7.16397094727	-1316
7.16403794289	-1368
7.16447901726	-1420
7.16450095177	-1420
7.16450285912	-1264
7.16474485397	543
7.16491699219	543
7.1654510498	-1420
7.16545581818	-1420
7.1654958725	-1264
7.16653704643	-1420
7.16658186913	-1420
7.16658496857	-1264
7.16784787178	-1368
7.16845488548	-1368
7.16966986656	-1420
7.169672966	-1316
7.17044591904	543
7.17054486275	-1420
7.17054700851	-1420
7.17054796219	-1264
7.17152094841	-1420
7.17156481743	-1420
7.17156791687	-1264
7.1720328331	-1420
7.17203783989	-1316
7.17210793495	-1368
7.1721739769	543
7.17265796661	-1420
7.1726629734	-1420
7.17270588875	-1264
7.17305397987	-1420
7.17309498787	-1420
7.17309784889	-1264
7.17339801788	-1420
7.17340302467	-1420
7.17342495918	-1264
7.17383098602	-1420
7.17387104034	-1420
7.17387390137	-1264
7.17415881157	-1368
7.17447304726	-1420
7.17449188232	-1316
7.17455387115	543
7.17471003532	-1420
7.17471385002	-1316
7.17494893074	-1368
7.17525792122	-1420
7.17529988289	-1420
7.17530298233	-1264
7.17583394051	-1420
7.1758389473	-1420
7.17587995529	-1264
7.17604494095	-1368
7.17648983002	-1420
7.17649483681	-1316
7.17671895027	-1420
7.17672204971	-1316
7.17690896988	-1420
7.1769118309	-1316
7.17732691765	-1368
7.17733001709	-1420
7.17735695839	-1420
7.17735886574	-1264
7.17790794373	-1420
7.17791104317	-1316
7.17850804329	-1420
7.17851281166	-1420
7.17855191231	-1264
7.17868185043	-1420
7.17871999741	-1316
7.17882394791	-1368
7.17923092842	-1420
7.17923402786	-1316
7.17957687378	-1368
7.17981600761	-1420
7.17985296249	-1316
7.17985582352	-1368
7.1805138588	-1420
7.18051695824	-1316
7.18055295944	-1420
7.18055486679	-1316
7.18104100227	-1420
7.1810438633	-1316
7.18108081818	-1420
7.18108391762	-1420
7.18111801147	-1264
7.18134498596	-1368
7.18150186539	-1420
7.18150496483	-1316
7.18189001083	-1420
7.18189287186	-1420
7.18192982674	-1264
7.18254494667	1057
7.18285799026	543
7.18300294876	543
7.18755888939	-1368
7.18772888184	-1420
7.18776392937	-1316
7.18781781197	543
7.18888092041	-1420
7.18888688087	-1420
7.18892788887	-1264
7.18906784058	-1368
7.1893119812	-1420
7.18931484222	-1316
7.18973398209	-1368
7.19004583359	-1420
7.19007396698	-1316
7.19024896622	-1420
7.19026684761	-1316
7.19031882286	-1368
7.19062399864	-1420
7.19062781334	-1316
7.19071292877	-1368
7.1910879612	-1420
7.19112586975	-1420
7.19112896919	-1264
7.1916539669	-1368
7.19210004807	-1420
7.1921210289	-1316
7.19249391556	-1420
7.19253182411	-1420
7.19253396988	-1264
7.19256782532	-789
7.19298291206	-1420
7.19300293922	-1316
7.19349598885	-1368
7.19381690025	-1420
7.19382095337	-1420
7.19385695457	-1264
7.19448804855	543
7.19473981857	-1420
7.19475197792	-1316
7.19483304024	543
7.19486784935	-1368
7.19653081894	-1420
7.19654989243	-1316
7.22702503204	-1420
7.22708892822	-1316
7.22721600533	543
7.227257967	-1368
7.22839403152	-1420
7.22843503952	-1420
7.22843790054	-1264
7.22935581207	-1420
7.22936081886	-1316
7.22944402695	543
7.23002195358	-1420
7.23002696037	-1316
7.23046398163	-1420
7.23046898842	-1420
7.23052787781	-1264
7.23215889931	-1368
7.23224687576	-1420
7.23225092888	-1316
7.23561382294	-1420
7.23563194275	-1420
7.23568582535	-1264
7.23646092415	-1368
7.23735189438	-1420
7.23735690117	-1316
7.23787283897	-1420
7.23787784576	-1420
7.23791885376	-1264
7.23901295662	-1420
7.23905587196	-1420
7.23905992508	-1264
7.28836488724	-1420
7.28839588165	-1420
7.28845787048	-1264
7.30757784843	-1368
7.30930399895	-41
7.31108689308	-1420
7.31113195419	-1420
7.31113481522	-1264
7.31194281578	-1420
7.31194782257	-1316
7.31205296516	543
7.31355404854	-1368
7.3152589798	-1420
7.31530094147	-1420
7.31530404091	-1264
7.31544184685	543
7.31579303741	-1420
7.3157980442	-1420
7.31583881378	-1264
7.31714391708	-1420
7.31718683243	-1420
7.31718993187	-1264
7.31783103943	-1420
7.31783390045	-1316
7.31842398643	-1368
7.31868886948	-1420
7.31872797012	-1316
7.31897497177	-1368
7.31927895546	-1420
7.31928181648	-1420
7.31931900978	-1264
7.31991696358	-1420
7.31995391846	-1316
7.3199570179	-1368
7.32014393806	-1420
7.32014703751	-1420
7.3201918602	-1264
7.32038092613	543
7.32057785988	543
7.32062292099	-1420
7.3206589222	-1316
7.32068800926	-1368
7.32104682922	-1420
7.32108998299	-1420
7.32109284401	-1264
7.32172203064	-1420
7.32172584534	-1420
7.32176804543	-1264
7.32186794281	-1420
7.32188892365	-1316
7.32197594643	-1368
7.3223259449	-1420
7.32232999802	-1316
7.32257986069	-1420
7.32258296013	-1420
7.32259988785	-1264
7.32289385796	-1368
7.32300782204	-1368
7.32332801819	-1420
7.32334685326	-1316
7.32350301743	-1420
7.32354187965	-1420
7.32354402542	-1264
7.32398200035	-1420
7.32398486137	-1420
7.32402086258	-1264
7.32436299324	-1420
7.32440400124	-1420
7.32440686226	-1264
7.32470083237	-1368
7.32504487038	-1420
7.32507491112	-1316
7.32520294189	-1420
7.3252248764	-1316
7.32534003258	-1368
7.32544493675	543
7.32561683655	543
7.32600498199	-1420
7.32600998878	-1420
7.32604789734	-1420
7.32605099678	-1212
7.32625603676	-1368
7.32635498047	-1420
7.32638692856	-1316
7.32651090622	543
7.32695603371	-1420
7.32696199417	-1420
7.32700395584	-1264
7.32715892792	-1420
7.32720184326	-1316
7.32733082771	-1368
7.32758283615	-1420
7.32758688927	-1316
7.32946586609	-1420
7.32947683334	-1316
7.33488702774	543
7.35938286781	-1368
7.35945987701	-1420
7.35951185226	-1420
7.35951399803	-1264
7.35953783989	-1368
7.35967302322	1057
7.36032485962	-1368
7.36062383652	-1420
7.36065793037	-1316
7.36129903793	-1368
7.3618118763	-1420
7.36181688309	-1316
7.36212301254	-1368
7.3653948307	-1420
7.36543703079	-1420
7.36544084549	-1264
7.36634302139	543
7.36646103859	-1420
7.36646485329	-1316
7.36658000946	543
7.36731004715	-1368
7.36797404289	-1420
7.36800599098	-1316
7.36856985092	-1368
7.36914300919	-1420
7.36914682388	-1420
7.36918592453	-1264
7.37122702599	-1420
7.37124991417	-1316
7.37154483795	-1368
7.37166690826	-1420
7.37167000771	-1420
7.37170791626	-1264
7.37260389328	-1420
7.37264299393	-1420
7.37264490128	-1264
7.37378096581	-1420
7.37378501892	-1420
7.37382292747	-1264
7.37660598755	-1420
7.37662696838	-1316
7.37807202339	-1420
7.37809801102	-1316
7.37817192078	543
7.37865996361	-1420
7.37866592407	-1420
7.37869501114	-1264
7.37968301773	-1420
7.37971282005	-1420
7.37971591949	-1264
7.38019490242	-1368
7.38028693199	-1368
7.38036990166	-1368
7.38065695763	-1420
7.38067889214	-1316
7.38074088097	-1420
7.38076090813	-1420
7.38076281548	-1264
7.38099193573	-1420
7.38099598885	-1316
7.38107299805	-1368
7.38165402412	-1420
7.38169503212	-1420
7.38169789314	-1264
7.38196396828	-1368
7.38247203827	-1420
7.3824930191	-1420
7.38249492645	-1264
7.38297104836	-1420
7.38297486305	-1316
7.38328886032	-1420
7.38329291344	-1316
7.38337397575	-1368
7.38348197937	543
7.38371181488	-1368
7.38380789757	543
7.38390088081	-1420
7.38390398026	-1316
7.38407683372	-1368
7.38411402702	543
7.38463497162	-1420
7.38464093208	-1420
7.38468003273	-1264
7.38489985466	-1420
7.38492202759	-1316
7.38526892662	-1420
7.38530802727	-1420
7.38530993462	-1264
7.38571691513	-1420
7.38572096825	-1420
7.38575983047	-1264
7.38607287407	-1368
7.38631081581	-1420
7.38631486893	-1316
7.38633394241	-1368
7.38648581505	-1420
7.38650488853	-1316
7.3866019249	-1368
7.38718390465	-1420
7.38718795776	-1420
7.38722681999	-1264
7.38752484322	-1420
7.38756489754	-1420
7.3875670433	-1264
7.38819289207	543
7.38829183578	-1420
7.38829493523	-1420
7.38829493523	-1264
7.38834404945	-1420
7.3883459568	-1316
7.38840293884	-1368
7.38877797127	-1420
7.38878202438	-1420
7.38881897926	-1264
7.38918590546	-1420
7.38920783997	-1316
7.38928985596	-1368
7.38979482651	-1368
7.3900809288	-1420
7.39010095596	-1316
7.39035987854	-1420
7.39038395882	-1316
7.39059901237	-1420
7.39061784744	-1316
7.39105796814	-1420
7.39109897614	-1420
7.39110088348	-1264
7.39117598534	-1420
7.39117789268	-1316
7.39121198654	-1368
7.39168381691	-1368
7.39179491997	-1420
7.39179801941	-1316
7.39197182655	-1420
7.39197492599	-1316
7.39208698273	-1368
7.3925909996	-1368
7.39284181595	-1420
7.39284586906	-1316
7.39298987389	-1368
7.392993927	-1420
7.39300990105	-1316
7.39338898659	-1420
7.3934109211	-1316
7.39353895187	-1368
7.39386487007	-1420
7.39386892319	-1316
7.39388895035	-1368
7.39408397675	-1368
7.3943259716	-1420
7.39433002472	-1316
7.39888286591	-1420
7.39890003204	-1420
7.39895701408	-1420
7.39895987511	-1212
7.39920783043	543
7.39938092232	543
7.3996219635	543
7.40089488029	-1420
7.40091085434	-1316
7.40116596222	-1368
7.40143990517	-1420
7.40146994591	-1316
7.40174388885	-1368
7.40224504471	-1420
7.40224885941	-1316
7.40237784386	-1368
7.40250992775	-1420
7.40253996849	-1316
7.40287184715	-1368
7.40304088593	-1420
7.40304398537	-1316
7.40311288834	-1368
7.40481901169	-1420
7.40485191345	-1316
7.4050359726	-1368
7.40563488007	-1420
7.40563797951	-1316
7.40571689606	-1368
7.40587186813	-1420
7.40590786934	-1420
7.40591096878	-1264
7.4063398838	-1420
7.40634393692	-1420
7.40638494492	-1264
7.40698289871	-1420
7.40702199936	-1420
7.40702486038	-1264
7.40859389305	-1420
7.40859794617	-1420
7.40863490105	-1264
7.40872502327	-1420
7.40875983238	-1420
7.40876293182	-1264
7.40956783295	-1420
7.40957093239	-1316
7.40968704224	-1368
7.40995502472	-1420
7.40997290611	-1420
7.40997481346	-1264
7.41023588181	-1368
7.41042900085	1057
7.41062998772	543
7.41094398499	543
7.41472291946	-1420
7.41472792625	-1420
7.41474890709	-1264
7.41484689713	-1420
7.41488981247	-1420
7.41489195824	-1264
7.41542696953	-1420
7.41543102264	-1420
7.41547083855	-1264
7.41612482071	-1420
7.41614294052	-1316
7.41659283638	-1368
7.41661190987	-1368
7.41700387001	-1420
7.41702604294	-1316
7.41715788841	543
7.41719603539	-1420
7.41719794273	-1316
7.4172949791	-1368
7.4173309803	543
7.41751003265	543
7.41785502434	-1420
7.4178609848	-1420
7.41788101196	-1264
7.41841697693	-1420
7.4184589386	-1420
7.41846394539	-1264
7.4186809063	-1368
7.41894888878	543
7.41898703575	-1420
7.4189889431	-1316
7.4193239212	-1420
7.41932892799	-1316
7.41953086853	-1368
7.42011094093	-1420
7.42013502121	-1420
7.42013692856	-1264
7.42231297493	-1368
7.42265582085	-1420
7.42267799377	-1316
7.42285895348	-1368
7.42563986778	-630
7.4265370369	543
7.439234972	-1368
7.47619199753	-1420
7.47625303268	-1420
7.47625684738	-1264
7.47652387619	-1420
7.47652697563	-1420
7.47656583786	-1264
7.47794604301	-1420
7.47798585892	-1420
7.47798800468	-1264
7.47953486443	-1420
7.47953796387	-1420
7.47957587242	-1264
7.4802069664	-1420
7.48024487495	-1316
7.48100590706	-1420
7.48104500771	-1420
7.48104691505	-1264
7.48249793053	543
7.48279595375	543
7.48311686516	-1368
7.48401689529	-1420
7.48405194283	-1316
7.48488688469	-1368
7.4851539135	-1368
7.4853219986	-1420
7.48534798622	-1316
7.48662900925	-1420
7.48667502403	-1420
7.48667788506	-1264
7.48678398132	-1420
7.48678684235	-1316
7.48720693588	-1368
7.48732185364	543
7.4875099659	543
7.48760485649	-1420
7.48760700226	-1316
7.48770284653	-1368
7.49108982086	-1420
7.49111294746	-1316
7.49161291122	-1368
7.49786496162	-1420
7.49787688255	-1316
7.49817204475	-1420
7.49817585945	-1420
7.49820399284	-1264
7.49889302254	-1420
7.49891495705	-1316
7.50020885468	-1368
7.50025081635	-1420
7.50025296211	-1420
7.50028681755	-1264
7.50105690956	-1368
7.50190901756	-1420
7.50191283226	-1420
7.50195193291	-1264
7.50252199173	-1420
7.50254201889	-1420
7.50254487991	-1264
7.50350999832	-1420
7.50351381302	-1420
7.50355195999	-1264
7.50441193581	-1420
7.50444984436	-1420
7.5044529438	-1264
7.50519895554	-1368
7.50618600845	-1420
7.50622391701	-1316
7.50639390945	-1420
7.50642800331	-1316
7.5064740181	-1368
7.5065779686	543
7.50672793388	543
7.50699901581	543
7.50727796555	-1420
7.50728201866	-1420
7.50732088089	-1264
7.50776386261	-1420
7.50780701637	-1420
7.50780892372	-1264
7.50789904594	543
7.50841188431	-1368
7.50863099098	-1420
7.50865292549	-1316
7.53398990631	-1420
7.53404784203	-1316
7.53435587883	-1420
7.53438282013	-1316
7.53448390961	543
7.53482890129	-1420
7.53483486176	-1316
7.53485584259	-1368
7.53610897064	-1420
7.53613400459	-1420
7.53613686562	-1264
7.53624296188	543
7.53660583496	-1420
7.53661084175	-1420
7.53663396835	-1264
7.53680992126	-1420
7.53683304787	-1316
7.53721785545	-1368
7.53762698174	-1420
7.53763198853	-1316
7.53790688515	-1368
7.53884792328	-1420
7.53887486458	-1420
7.53887701035	-1264
7.53976392746	-1420
7.53976988792	-1420
7.53982996941	-1264
7.54001498222	-1420
7.54003787041	-1316
7.5403778553	-1368
7.54066300392	-1420
7.54066801071	-1316
7.5410130024	-1368
7.54128289223	-1420
7.54130482674	-1420
7.54130792618	-1264
7.54203987122	-1420
7.54204487801	-1420
7.542085886	-1264
7.54208898544	-618
7.55084991455	-1420
7.55085992813	-1420
7.5508878231	-1264
7.55100798607	543
7.55192494392	-1420
7.55192995071	-1420
7.55199599266	-1264
7.55210185051	-1420
7.55212283134	-1316
7.55248904228	-1368
7.55295181274	-1368
7.55349993706	-1420
7.55352282524	-1316
7.55383181572	-1420
7.55387282372	-1420
7.55387592316	-1264
7.55397701263	543
7.55451798439	-1420
7.55452299118	-1420
7.55456900597	-1264
7.55471682549	-1368
7.55499100685	-1420
7.55499482155	-1316
7.5551970005	-1368
7.55526185036	543
7.55613303185	-1420
7.55613803864	-1420
7.55615782738	-1264
7.55638384819	-1420
7.55640602112	-1316
7.55673098564	-1368
7.55687403679	-1420
7.55687999725	-1316
7.55722093582	-1368
7.55753183365	-1420
7.55755591393	-1316
7.55765390396	-1368
7.55844187737	-1420
7.55844783783	-1316
7.5587079525	-1420
7.55871295929	-1420
7.55873298645	-1264
7.55919599533	-1368
7.55932402611	-1368
7.56086397171	-1420
7.56089186668	-1420
7.56089496613	-1264
7.56098294258	1057
7.56132888794	-1420
7.5613348484	-1316
7.56170701981	-1420
7.5617120266	-1420
7.56173300743	-1264
7.56222200394	-1420
7.56225991249	-1316
7.56230401993	-1368
7.56256985664	543
7.56309294701	-1420
7.56309700012	-1420
7.56313681602	-1264
7.56362199783	-1368
7.56423282623	-1420
7.56423783302	-1420
7.56427788734	-1264
7.56449985504	-1420
7.56452393532	-1316
7.56478595734	-1368
7.56490087509	543
7.56494092941	-1420
7.56494402885	-1316
7.56528496742	-1368
7.56544589996	-1368
7.56585097313	-1368
7.56585693359	-1368
7.56641101837	-1420
7.56641602516	-1316
7.56664896011	-1420
7.56665301323	-1316
7.56669282913	-1368
7.56780695915	-1420
7.56783294678	-1420
7.56783485413	-1264
7.5681450367	-1420
7.56814885139	-1316
7.56816887856	-1368
7.56877803802	-1420
7.56882095337	-1420
7.56882381439	-1264
7.56893491745	543
7.56939101219	-1368
7.56945681572	543
7.56973195076	-1420
7.56973600388	-1316
7.57025194168	-1420
7.57025790215	-1420
7.57031393051	-1264
7.57059288025	-1368
7.57078289986	-1420
7.57078695297	-1316
7.57132601738	-1420
7.57132983208	-1420
7.57136893272	-1264
7.57175993919	-1368
7.57232689857	-1420
7.57233190536	-1316
7.57249689102	-1420
7.57250094414	-1316
7.57261300087	-1368
7.57309794426	-1420
7.57313895226	-1420
7.57314181328	-1264
7.57324099541	543
7.57357287407	-1420
7.57357788086	-1316
7.573802948	-1368
7.57380795479	-1368
7.57442903519	-1420
7.57443594933	-1316
7.57453298569	-1368
7.57463288307	-1420
7.57465291023	-1316
7.57493400574	-1368
7.5751888752	-1420
7.57519388199	-1316
7.57554483414	-1368
7.57562494278	-1420
7.57564687729	-1316
7.58993697166	-1368
7.59078383446	-1420
7.59079098701	-1420
7.59083390236	-1264
7.59109401703	-1420
7.59111499786	-1316
7.5914208889	-1368
7.59195303917	-1420
7.59195804596	-1316
7.59221386909	-1368
7.59233283997	543
7.59239888191	-1368
7.5924539566	-1420
7.59247398376	-1316
7.5925078392	543
7.59411883354	-1420
7.59412503242	-1420
7.59414887428	-1264
7.59460186958	-1420
7.59462690353	-1420
7.5946290493	-1264
7.59889483452	-1368
7.59966897964	-1420
7.59974694252	-1316
7.59975004196	-1420
7.59978699684	-1420
7.59978985786	-1264
7.59990096092	543
7.60082387924	-1420
7.60082793236	-1420
7.600867033	-1264
7.60102701187	-1420
7.60104489326	-1420
7.60104703903	-1264
7.60162997246	-1420
7.60163283348	-1420
7.60166883469	-1264
7.60245394707	-1420
7.60250592232	-1420
7.60250902176	-1264
7.60860800743	-1368
7.61466693878	-1368
7.61488389969	-1368
7.61499500275	543
7.61513090134	543
7.6158759594	-1420
7.61588096619	-1316
7.61594295502	-1368
7.65211892128	-1420
7.65218281746	-1420
7.65218687057	-1264
7.65236902237	543
7.65339183807	-1368
7.65417504311	-1420
7.65419888496	-1316
7.65495204926	-1420
7.6549949646	-1420
7.65499782562	-1264
7.6555929184	-1420
7.65559792519	-1316
7.65927791595	-1368
7.6593439579	543
7.65948200226	-1368
7.66727781296	-1084
7.67080187798	-1420
7.67080688477	-1316
7.67177200317	-1420
7.67177700996	-1420
7.67181587219	-1264
7.67201590538	-1420
7.67204594612	-1316
7.67252802849	-1368
7.67310285568	-1368
7.67331194878	-1420
7.67333292961	-1316
7.68190002441	-1420
7.68194389343	-1316
7.68304300308	-1420
7.68308401108	-1420
7.6830868721	-1264
7.68569803238	-1420
7.68570184708	-1316
7.68618702888	-1368
7.68718600273	-1420
7.68722486496	-1316
7.68736886978	543
7.68829894066	-1420
7.68830490112	-1420
7.68832802773	-1264
7.68914794922	543
7.68976283073	-1368
7.69098687172	-1420
7.69101285934	-1420
7.69101691246	-1264
7.69215703011	-1368
7.69231295586	-1420
7.69233393669	-1316
7.69349098206	-1420
7.69351887703	-1420
7.6935210228	-1264
7.69404101372	-1420
7.69404387474	-1316
7.69439101219	-1420
7.69439482689	-1316
7.72528481483	-1420
7.72530388832	-1316
7.72693586349	543
7.73850703239	-1420
7.73852181435	-1420
7.73860001564	-1264
7.73860192299	-1368
7.7387008667	-1368
7.73876190186	-1368
7.74407601357	-1420
7.74408388138	-1420
7.74412798882	-1264
7.74474787712	-1368
7.74510002136	-1420
7.74511289597	-1316
7.75474691391	-1420
7.75475287437	-1420
7.7547929287	-1264
7.75501704216	-1368
7.75715494156	-1420
7.75715994835	-1420
7.757199049	-1264
7.75776982307	-1420
7.75779294968	-1316
7.75788998604	1057
7.75793600082	-1368
7.77239084244	-1420
7.77243185043	-1316
7.77243494987	-1368
7.7805249691	-1368
7.78715586662	-279
7.87729382515	-1420
7.87731099129	-1316
7.88594889641	543
7.88618087769	543
7.90224003792	-1420
7.90225791931	-1316
7.91166186333	543
7.91185998917	543
7.94007492065	-1368
7.94287204742	-986
8.05922985077	-543
8.22510099411	-1057
8.40843892097	-543
8.45668196678	-1368
8.52498197556	-1231
8.64152884483	-543
8.74901390076	-1368
8.7580769062	-717
8.75849890709	543
8.76137399673	543
8.87442302704	-543
8.91583991051	-1368
8.99166798592	-717
9.03159785271	543
9.05859494209	1057
9.07855081558	1460
9.07863092422	111
9.11538982391	-1420
9.11540484428	-1420
9.11544799805	-787
9.11712884903	-1420
9.11717295647	-1420
9.11717581749	-1264
9.11779093742	-1420
9.11779499054	-1420
9.11783504486	-1264
9.11885881424	-1420
9.11890482903	-1420
9.11890792847	-1264
9.12026596069	-1420
9.12027001381	-1420
9.1203110218	-1264
9.12242603302	543
9.13026404381	-1420
9.13027501106	-1420
9.13033604622	-1264
9.13675904274	-1368
9.17266798019	543
9.1729259491	543
9.17329502106	543
9.17349004745	543
9.20105695724	-543
9.21557688713	543
9.21578598022	543
9.23183894157	-1047
9.23852181435	1460
9.23857283592	111
9.24847388268	1057
9.24870896339	543
9.25848197937	1460
9.25853204727	111
9.26849603653	1460
9.26854801178	111
9.32266902924	-1420
9.32268595695	-1316
9.32427287102	-1420
9.32427787781	-1316
9.32441902161	543
9.32489204407	-1420
9.32489800453	-1420
9.3249399662	-1264
9.32549786568	-1420
9.32553887367	-1316
9.32600092888	-1420
9.3260409832	-1316
9.326597929	-1420
9.32662796974	-1420
9.32663083076	-1264
9.32757687569	-1420
9.3275809288	-1420
9.32761788368	-1264
9.32783293724	-1420
9.32787203789	-1420
9.32787489891	-1264
9.33014798164	-1420
9.33015990257	-1420
9.33019995689	-1264
9.33020281792	-1420
9.33022594452	-1420
9.33022904396	-1264
9.33026003838	-1368
9.33026385307	-1368
9.33050584793	543
9.33886289597	-1420
9.33887600899	-1420
9.33891487122	-1264
9.34852099419	-1420
9.34855604172	-1316
9.35356903076	543
9.35526394844	-96
9.38671803474	-1420
9.3867828846	-1420
9.38678789139	-1264
9.38701701164	-1420
9.38701987267	-1316
9.38850688934	-1420
9.38851094246	-1316
9.38856196404	-1368
9.38917994499	-1420
9.38922190666	-1420
9.3892250061	-1264
9.3893840313	-1368
9.39080882072	-1420
9.39084887505	-1316
9.39187383652	-1368
9.39304304123	-1368
9.39434599876	543
9.39510202408	-1368
9.39634299278	-1420
9.39637684822	-1420
9.39637994766	-1264
9.39825987816	-1368
9.39831900597	543
9.39963197708	-1368
9.40170192719	-1420
9.40175390244	-1316
9.40175700188	-1420
9.40186285973	-1420
9.40186595917	-1264
9.40231990814	-1368
9.40261292458	-1420
9.40263700485	-1316
9.40287494659	-1368
9.40363287926	-1368
9.40417003632	-1420
9.40421390533	-1420
9.40421700478	-1264
9.40477895737	-1368
9.40538692474	-1420
9.40541386604	-1316
9.40586185455	-1420
9.40588092804	-1316
9.40600395203	-1368
9.40663695335	-1420
9.40663981438	-1316
9.40748882294	-1420
9.40749192238	-1316
9.40812897682	-1420
9.40813302994	-1316
9.40891504288	-1420
9.40891885757	-1316
9.40904903412	543
9.40921902657	543
9.40953588486	-1420
9.40954089165	-1420
9.40958189964	-1264
9.41006183624	-1420
9.41008281708	-1316
9.43738794327	-1368
9.4375269413	-1420
9.43753099442	-1316
9.4380209446	-1368
9.4388999939	-1420
9.43894195557	-1420
9.43894481659	-1264
9.43938684464	-1420
9.43939089775	-1316
9.43986487389	-1368
9.44033193588	-1420
9.44037485123	-1316
9.44047188759	-1368
9.44977688789	-1420
9.44979596138	-1316
9.45329284668	-1420
9.45330786705	-1316
9.45366191864	-1368
9.45375990868	543
9.4563908577	-1368
9.4595849514	-1420
9.45961594582	-1316
9.47236204147	-1368
9.47969484329	-1420
9.47970986366	-1316
9.4947988987	-1368
9.4951839447	-1420
9.49521994591	-1316
9.4978928566	-1420
9.49792695045	-1316
9.4983048439	-1420
9.49834799767	-1420
9.49835181236	-1264
9.49847197533	543
9.49959182739	-1420
9.49959683418	-1420
9.4996368885	-1264
9.50021100044	-1420
9.50025391579	-1316
9.50073504448	-1420
9.50077700615	-1420
9.50077986717	-1264
9.50112986565	-1368
9.50121998787	543
9.50125694275	-1420
9.50126791	-1420
9.50126886368	-1264
9.50126981735	-288
9.61798882484	-543
9.66367888451	543
9.66389203072	543
9.68360590935	543
9.69881892204	543
9.69902801514	543
9.77411699295	-543
9.92985892296	-543
9.93860793114	1057
9.93915104866	543
9.93947100639	543
9.93966197968	1057
9.96988296509	-1368
10.0555679798	-717
10.0603609085	-1420
10.0603699684	-1316
10.172039032	-377
10.1837120056	543
10.1842939854	543
10.1844909191	543
10.2050089836	1460
10.2050888538	111
10.2614428997	-1368
10.2631909847	-1420
10.2632489204	-1420
10.2632529736	-1264
10.2636618614	-1420
10.2636668682	-1316
10.2640638351	-1368
10.2648308277	-1368
10.2654500008	-1420
10.2654538155	-1420
10.2654738426	-1264
10.2659788132	-1420
10.2660179138	-1316
10.2664070129	-1368
10.2668049335	-1368
10.2670228481	-1368
10.2673549652	-1368
10.268435955	-1368
10.2685518265	-1368
10.2699489594	-1420
10.2699699402	-1316
10.270182848	-1368
10.27085495	1057
10.2715849876	-1368
10.2717428207	-1368
10.2726569176	-1368
10.2726619244	-1420
10.2726838589	-1316
10.2733278275	-1420
10.2733750343	-1316
10.2737770081	-1420
10.2738180161	-1316
10.2739789486	-1368
10.2752108574	-1368
10.2752149105	-1420
10.2752540112	-1420
10.2752568722	-1264
10.2758219242	-1368
10.2764179707	-1420
10.2764370441	-1316
10.2770969868	-1420
10.2771158218	-1316
10.2778069973	-1420
10.2778449059	-1420
10.2778480053	-1264
10.2783398628	-1420
10.2783439159	-1316
10.2785978317	543
10.2790229321	-1420
10.2790279388	-1316
10.2800269127	-1420
10.2800328732	-1316
10.2807469368	-1420
10.2807519436	-1420
10.2807729244	-1264
10.281085968	543
10.2814359665	-1420
10.2814409733	-1316
10.2819428444	-1420
10.2819478512	-1316
10.2821609974	-1368
10.2828519344	-1368
10.2829349041	543
10.2835988998	-1420
10.2836039066	-1420
10.283643961	-1264
10.2844610214	-1420
10.2845029831	-1420
10.2845058441	-1264
10.2857978344	-1368
10.2863068581	-1420
10.2863488197	-1420
10.2863528728	-1264
10.2867999077	-1420
10.2868049145	-1316
10.2874448299	-1368
10.2884600163	-1420
10.2884860039	-1420
10.2884888649	-1264
10.2890460491	-1368
10.2894949913	-1420
10.2895178795	-1316
10.2901518345	-1420
10.2901718616	-1316
10.2907669544	-1420
10.2907860279	-1316
10.2915148735	-1420
10.291533947	-1316
10.2916269302	-1368
10.2917790413	-1420
10.2917819023	-1316
10.291946888	-1368
10.2922940254	-1368
10.2926318645	-1420
10.292634964	-1316
10.2929618359	-1368
10.2929649353	-1420
10.292981863	-1316
10.2933428288	-1368
10.2935678959	-1420
10.293571949	-1316
10.2937328815	-1420
10.293735981	-1316
10.2938280106	-1368
10.2941679955	-1420
10.2941868305	-1316
10.2943179607	-1368
10.2948989868	543
10.2961449623	-1368
10.2964038849	-1420
10.2964298725	-1316
10.2967479229	-1420
10.2967689037	-1316
10.296833992	-1368
10.2970278263	-1368
10.2974050045	-1420
10.297426939	-1316
10.2976880074	-1420
10.2977089882	-1316
10.2981629372	-1420
10.2982039452	-1420
10.2982070446	-1264
10.2996299267	-1420
10.2996349335	-1316
10.3004069328	-1368
10.3004109859	-1420
10.3004498482	-1420
10.3004519939	-1264
10.3004870415	-932
10.3005828857	-1420
10.3006010056	-1316
10.3008928299	-1368
10.3014090061	-1420
10.3014128208	-1420
10.3014500141	-1264
10.3015158176	-1420
10.3015339375	-1316
10.3018708229	-1368
10.3021998405	-1420
10.30220294	-1316
10.3024859428	-1368
10.3027000427	543
10.3030998707	-1368
10.3032708168	-1420
10.3033139706	-1420
10.3033180237	-1264
10.3034238815	-1420
10.303426981	-1316
10.3035559654	-1368
10.3057370186	-1420
10.3057780266	-1420
10.3057808876	-1264
10.3060438633	-1368
10.306486845	-1420
10.3065259457	-1420
10.306527853	-1264
10.3073649406	-1420
10.3073689938	-1420
10.3074059486	-1264
10.307407856	-1420
10.3074409962	-1420
10.3074429035	-1264
10.3081119061	-1420
10.3081159592	-1316
10.3081610203	-1368
10.3084578514	-1420
10.3084979057	-1420
10.3085010052	-1264
10.3085939884	-1420
10.3085958958	-1316
10.3086810112	-1368
10.3091440201	-1420
10.309180975	-1420
10.309183836	-1264
10.3107059002	-1420
10.3107099533	-1316
10.3108899593	-1420
10.3108949661	-1316
10.3109738827	-1368
10.3136098385	-1420
10.3136520386	-1420
10.3136548996	-1264
10.3144488335	-1420
10.3144528866	-1316
10.3147618771	-1420
10.3147659302	-1420
10.3148028851	-1264
10.314852953	-1368
10.3151829243	-1368
10.3157110214	-1420
10.3157579899	-1316
10.3161449432	-1420
10.3161728382	-1420
10.316174984	-1264
10.3161900043	-1368
10.3184719086	543
10.3232049942	-1420
10.3232119083	-1316
10.359279871	-1420
10.3593058586	-1316
10.3690898418	543
10.3885259628	543
10.4170868397	-772
10.4484159946	-1420
10.4484899044	-1420
10.4484968185	-1264
10.448748827	-1420
10.4487538338	-1316
10.4496238232	-1368
10.4500858784	-1420
10.4501209259	-1316
10.4507098198	-1368
10.4510838985	-1420
10.4510889053	-1316
10.4512178898	-1368
10.4526708126	-1420
10.4526979923	-1316
10.4529440403	-1368
10.4531488419	-1420
10.453152895	-1316
10.4532539845	543
10.4536058903	-1368
10.4536828995	543
10.4540789127	-1420
10.4540839195	-1316
10.4545748234	-1368
10.4552848339	-1420
10.4553279877	-1316
10.4558048248	-1420
10.4558508396	-1420
10.4558539391	-1264
10.456207037	-1368
10.4565958977	-1420
10.4566409588	-1316
10.4569449425	-1368
10.4573688507	-1420
10.4573729038	-1316
10.4574718475	-1368
10.4586129189	-1420
10.4586348534	-1420
10.4586379528	-1264
10.459209919	-1420
10.4592139721	-1316
10.4594750404	-1368
10.4596500397	-1368
10.4597008228	-1368
10.4601249695	-1368
10.4605958462	-1420
10.4605998993	-1316
10.4609599113	-1420
10.4609630108	-1420
10.4609839916	-1264
10.461124897	543
10.4612829685	-1420
10.4612839222	-1420
10.4613239765	-1264
10.4622228146	-1420
10.4622478485	-1316
10.4624638557	-1420
10.4624838829	-1316
10.4624860287	-1368
10.4626560211	543
10.4628000259	-1420
10.4628050327	-1420
10.4628448486	-1264
10.4628498554	543
10.462980032	543
10.4631509781	1057
10.4632518291	-1420
10.4632539749	-1420
10.4632549286	-1264
10.464042902	-1420
10.4640648365	-1316
10.4641258717	-1368
10.4644868374	-1368
10.4651370049	-1420
10.4651629925	-1316
10.4664168358	-1368
10.4719250202	-1420
10.4719450474	-1316
10.4967620373	543
10.5335638523	-606
10.544025898	-1420
10.5440659523	-1316
10.5525949001	-1420
10.5526268482	-1316
10.5814039707	-1420
10.5814499855	-1316
10.5820438862	-1420
10.5820939541	-1420
10.5820968151	-1264
10.5966069698	-1420
10.5966219902	-1420
10.5966780186	-1264
10.5990419388	543
10.599257946	543
10.6060760021	-1420
10.6060888767	-1420
10.6061420441	-1264
10.630918026	-1368
10.6502268314	-989
10.6556780338	-1368
10.7516269684	-1368
10.7577168941	-1368
10.7595419884	-1420
10.7595489025	-1316
10.7603340149	-1420
10.7603378296	-1316
10.7612829208	-1368
10.7622449398	-1420
10.7622950077	-1420
10.7622978687	-1264
10.76262784	543
10.7631409168	-1420
10.7631468773	-1316
10.7642738819	-1368
10.7652528286	-1368
10.7659618855	-1368
10.7667989731	-1420
10.7668409348	-1227
10.7674958706	-1368
10.7682328224	-1368
10.7690758705	-1368
10.769892931	-1420
10.7698969841	-1316
10.7703869343	-1368
10.7705450058	543
10.7710499763	-1420
10.7710549831	-1316
10.7719888687	-1368
10.7726750374	-1420
10.7727198601	-1316
10.7729799747	-1420
10.7730250359	-1420
10.7730278969	-1264
10.7737770081	-1420
10.7737820148	-1420
10.7738208771	-1264
10.7742450237	-1368
10.7742798328	-1368
10.7747359276	-1420
10.7747750282	-1420
10.7747778893	-1264
10.7751710415	-1368
10.7760028839	-1420
10.7760410309	-1420
10.7760438919	-1264
10.7763869762	-1420
10.7763898373	-1420
10.7764258385	-1264
10.7772119045	-1420
10.7772498131	-1420
10.7772529125	-1264
10.7776629925	-1368
10.7781808376	-1420
10.7782199383	-1316
10.7785420418	543
10.7787029743	-1420
10.7787070274	-1316
10.7787740231	543
10.779009819	-1420
10.7790148258	-1420
10.7790539265	-1264
10.7795879841	-1420
10.7796099186	-1316
10.7800049782	-1420
10.78002882	-1316
10.7807319164	-1420
10.7807569504	-1316
10.7808258533	543
10.7812149525	-1420
10.7812199593	-1316
10.7817108631	-1368
10.7817158699	-1420
10.781774044	-1420
10.7817769051	-1264
10.7827630043	-1420
10.7827689648	-1420
10.7828290462	-1264
10.782959938	-1420
10.7829790115	-1316
10.7833800316	-1368
10.783634901	-1368
10.7836740017	-1368
10.7844359875	-1368
10.7862620354	-1420
10.7862839699	-1316
10.7871608734	-1420
10.7871849537	-1420
10.7871878147	-1264
10.7875778675	543
10.7876548767	-1420
10.7876579762	-1316
10.7877378464	543
10.7877738476	-1368
10.7883868217	-1420
10.7884089947	-1420
10.7884118557	-1264
10.7891819477	-1420
10.7891860008	-1316
10.7897160053	-1368
10.7897219658	-1420
10.7897439003	-1316
10.7898528576	-1420
10.7899110317	-1420
10.7899138927	-1264
10.7901778221	-1420
10.7901828289	-1316
10.790282011	543
10.790681839	-1420
10.7906880379	-1316
10.790956974	-1368
10.7910368443	-1368
10.7910859585	-1368
10.7915349007	-1368
10.7919318676	-1420
10.7919359207	-1420
10.7919728756	-1264
10.7922949791	-1420
10.7923338413	-1420
10.7923359871	-1264
10.7928299904	-1420
10.7928328514	-1316
10.7931568623	-1420
10.7931599617	-1420
10.7931969166	-1264
10.7933778763	-1368
10.7936029434	-1368
10.7938740253	-1368
10.7939808369	-1368
10.79438591	-1420
10.7944259644	-1420
10.7944288254	-1264
10.7945928574	-1420
10.7945959568	-1316
10.7947750092	543
10.7949428558	-1420
10.794946909	-1420
10.7949848175	-1264
10.7950239182	543
10.7953779697	-1420
10.7953829765	-1420
10.7954030037	-1264
10.7959530354	-1368
10.7963159084	-1420
10.7963209152	-1316
10.7963399887	-1368
10.7964580059	-1420
10.7964780331	-1316
10.7969889641	-1420
10.7970478535	-1420
10.7970509529	-1264
10.7971580029	543
10.7972919941	-1420
10.7972970009	-1316
10.7975828648	-1368
10.7978718281	-1368
10.7982258797	-1420
10.7982308865	-1316
10.7983038425	-1368
10.7985138893	-1420
10.7985539436	-1420
10.7985570431	-1264
10.799271822	-1420
10.7992758751	-1420
10.7993149757	-1264
10.7997579575	-1420
10.7997829914	-1316
10.8000218868	-1368
10.8001630306	-1420
10.8001668453	-1316
10.800385952	-1368
10.8004808426	-1368
10.800647974	-1420
10.800650835	-1420
10.8006899357	-1264
10.8008348942	543
10.8009459972	543
10.801017046	-1420
10.8011920452	-1316
10.801213026	-1368
10.8014848232	-1420
10.8015048504	-1316
10.8015708923	-1368
10.8017458916	-1420
10.801751852	-1316
10.8023200035	-1368
10.8025438786	-1420
10.8025870323	-1420
10.8025898933	-1264
10.8026969433	543
10.8027758598	-1368
10.8032019138	-1420
10.8032250404	-1420
10.8032269478	-1264
10.8034050465	-1420
10.8034079075	-1316
10.8042559624	-1368
10.8042588234	-1420
10.804297924	-1420
10.8042998314	-1264
10.8051419258	-1420
10.8051459789	-1420
10.8051669598	-1264
10.8057558537	-1420
10.8057799339	-1316
10.8063259125	-1420
10.8063509464	-1420
10.8063540459	-1264
10.8075988293	-1368
10.8077168465	543
10.8085179329	-1368
10.8093979359	-1368
10.8106198311	-1420
10.8106238842	-1316
10.8112690449	-1420
10.8112728596	-1420
10.8113098145	-1264
10.8134558201	-1420
10.8134968281	-1420
10.8134999275	-1264
10.814344883	-1420
10.8143489361	-1420
10.8144028187	-1264
10.8145978451	543
10.8157339096	-1368
10.8164010048	-1368
10.8166120052	-1368
10.8167319298	-1420
10.8167569637	-1420
10.8167598248	-1264
10.8168408871	543
10.8173019886	-1368
10.8174510002	-1420
10.8174738884	-1316
10.8178288937	-1368
10.818395853	-1420
10.8184008598	-1420
10.8184239864	-1264
10.8184900284	-1368
10.8234798908	-1368
10.8319439888	-1368
10.8561758995	-1420
10.8561878204	-1316
10.8569450378	-1368
10.8636569977	543
10.88331604	-384
10.8975589275	-1368
10.9037640095	543
10.9039759636	543
10.9185199738	543
10.919000864	543
10.9192008972	543
10.9319298267	-1368
10.9519939423	-1368
10.9573168755	-1368
10.9586389065	-1368
10.9611878395	-1368
10.9701850414	543
10.9747598171	-1420
10.9747669697	-1316
10.9770019054	-1368
10.9803209305	543
10.986415863	-1368
10.9864869118	543
10.9998488426	-459
10.9999380112	-1368
11.0014369488	-1368
11.017138958	-1420
11.0172009468	-1316
11.024835825	-1368
11.0251228809	-1368
11.0405268669	-1420
11.0405550003	-1316
11.0486218929	-1368
11.0489239693	-1368
11.0535728931	543
11.0674109459	-1420
11.0674278736	-1316
11.1031858921	-1368
11.1049888134	-1368
11.1090090275	-1420
11.1090288162	-1316
11.1100099087	-1368
11.1109828949	-1368
11.1111240387	-1368
11.1163709164	-715
11.1166880131	-1368
11.1225919724	-1420
11.1226518154	-1316
11.1244988441	-1368
11.1336770058	-1420
11.1336958408	-1420
11.1337740421	-1264
11.1402828693	-1368
11.1443698406	-1368
11.1458079815	-1368
11.1459159851	543
11.149698019	-1368
11.154031992	543
11.1542348862	543
11.1606118679	-1420
11.1606259346	-1316
11.1646330357	-1368
11.1679358482	-1368
11.1745128632	-1368
11.1775188446	-1368
11.1799528599	-1420
11.1799578667	-1316
11.1835520267	543
11.1838228703	543
11.1895859241	-1368
11.1908659935	-1368
11.1909749508	543
11.1914110184	543
11.1915998459	543
11.1918029785	1460
11.1918458939	111
11.1973378658	-1420
11.1973419189	-1316
11.1975159645	-1368
11.2031438351	-1420
11.2031669617	-1316
11.207875967	-1368
11.213696003	1460
11.2137498856	111
11.214042902	543
11.2145228386	543
11.221380949	-1420
11.2213869095	-1316
11.2327890396	-88
11.2406728268	-1368
11.2438650131	543
11.2443728447	543
11.3492159843	-203
11.3605270386	-1368
11.3817770481	543
11.3858978748	-1420
11.3859159946	-1316
11.3882739544	543
11.3987579346	-1368
11.39939785	-1420
11.3994529247	-1316
11.399657011	-1420
11.3996949196	-1420
11.399698019	-1264
11.400785923	-1420
11.4007909298	-1316
11.4008259773	-1368
11.4012818336	-1368
11.401996851	-1420
11.402009964	-1316
11.4024579525	-1420
11.4024620056	-1420
11.4024989605	-1264
11.4026730061	-1368
11.4028539658	543
11.4033279419	-1420
11.4033329487	-1316
11.4038579464	543
11.4040420055	-1420
11.4040439129	-1316
11.4041609764	1057
11.4046239853	-1368
11.4047269821	-1420
11.4047489166	-1316
11.4051709175	-1368
11.405477047	-1420
11.405479908	-1316
11.4059510231	-1368
11.4067878723	543
11.406886816	543
11.4070630074	-1420
11.4070689678	-1316
11.4078609943	-1420
11.4078660011	-1420
11.4079079628	-1264
11.4093978405	-1420
11.4094378948	-1420
11.4094409943	-1264
11.4109728336	-1420
11.4109778404	-1316
11.4110000134	-1368
11.4134368896	-1368
11.4142668247	-1420
11.4142708778	-1316
11.414700985	-1420
11.4147050381	-1316
11.4147520065	-1368
11.4159138203	-1420
11.4159548283	-1420
11.4159579277	-1264
11.4163548946	-1368
11.4166998863	-1420
11.416738987	-1420
11.416741848	-1264
11.417361021	-1368
11.4176599979	-1368
11.418325901	-1420
11.4183299541	-1420
11.41837883	-1264
11.4185550213	-1420
11.4185960293	-1316
11.4186859131	543
11.4189209938	-1368
11.4193780422	-1368
11.4194660187	-1368
11.4198439121	-1368
11.4202179909	-1420
11.420222044	-1316
11.4204559326	-1368
11.4205248356	1057
11.4211909771	-1368
11.4212458134	-1420
11.4212670326	-1316
11.4215948582	-1420
11.4216349125	-1316
11.4219789505	-1368
11.4224019051	-1368
11.4227588177	-1420
11.4228019714	-1420
11.4228048325	-1264
11.4231219292	-1420
11.4231250286	-1316
11.4235069752	-1420
11.4235098362	-1316
11.4239640236	-1420
11.4239668846	-1316
11.4240448475	-1368
11.4242138863	-1420
11.4242520332	-1420
11.4242548943	-1264
11.4249098301	-1420
11.4249129295	-1420
11.4249498844	-1264
11.425372839	-1420
11.4254109859	-1316
11.4256339073	-1368
11.4257478714	-1368
11.4258348942	-1420
11.4258718491	-1316
11.4263358116	-1420
11.4263768196	-1420
11.4263799191	-1264
11.4266219139	543
11.4270129204	-1420
11.4270179272	-1316
11.4275548458	-1368
11.4275598526	-1420
11.4275798798	-1316
11.427644968	543
11.4278030396	-1420
11.4278080463	-1316
11.4279060364	-1420
11.4279079437	-1316
11.4279229641	543
11.4279580116	-1368
11.4286270142	-1420
11.4286708832	-1420
11.4286739826	-1264
11.4287769794	-1368
11.4288659096	-1420
11.4288849831	-1316
11.4291338921	-1368
11.4292349815	-1420
11.4292378426	-1316
11.4308919907	-1420
11.4308960438	-1420
11.430934906	-1264
11.4311909676	-1420
11.4312188625	-1316
11.4312930107	-1368
11.4397139549	-1420
11.4397208691	-1420
11.4397859573	-1264
11.4397878647	-1368
11.4435408115	543
11.4686338902	-1151
11.5207719803	-1368
11.574493885	-1368
11.5855219364	-406
11.7324240208	-543
11.7780799866	-1368
11.7790589333	-1368
11.8122758865	-1368
11.8244719505	-1420
11.8245379925	-1420
11.8245449066	-1264
11.8344140053	-1420
11.8344328403	-1316
11.8352129459	-1368
11.8362319469	-1420
11.8362369537	-1316
11.8488278389	-604
11.849023819	543
11.9653599262	-543
12.1027948856	-1368
12.1210889816	-1231
12.127147913	-1368
12.1477479935	-1420
12.1477639675	-1420
12.1478190422	-1264
12.1534729004	-1420
12.1534769535	-1316
12.1586298943	1057
12.1644358635	-1420
12.1644449234	-1420
12.1644909382	-1264
12.1680939198	543
12.1725299358	543
12.1778688431	-1368
12.2375259399	-343
12.3056030273	-543
12.694519043	-543
12.8510239124	-543
13.0336680412	-1420
13.0337338448	-1179
13.0436899662	1057
13.0536358356	543
13.1753149033	543
13.2614839077	-1420
13.2615008354	-151
13.2617189884	-1420
13.2617239952	-1316
13.2618219852	-1368
13.2762839794	-1420
13.2763359547	-1316
13.2862529755	-1420
13.2863018513	-1316
13.3375449181	-1420
13.3376019001	-1420
13.3376200199	-1264
13.3503689766	-1420
13.3504359722	-1316
13.3504729271	-1368
13.3535380363	-1420
13.3535809517	-1316
13.3536000252	-1368
13.377876997	-1018
13.3884968758	543
13.5751729012	-543
13.950906992	-1420
13.950963974	-1179
13.9546320438	543
13.9636819363	1460
13.9637598991	111
14.1307189465	-1420
14.1307349205	-1420
14.1307890415	-787
14.1528749466	-1420
14.1529278755	-1316
14.1530330181	-1368
14.2471020222	-609
14.2487969398	-1420
14.2488338947	-1316
14.2491488457	-1420
14.2491798401	-1316
14.2492389679	-1368
14.2493419647	543
14.2499279976	-1420
14.2499330044	-1316
14.2500238419	543
14.2644870281	-1420
14.2645208836	-1316
14.2645599842	-1420
14.2645618916	-1420
14.2645778656	-1264
14.2706348896	-1420
14.270690918	-1316
14.2707769871	-1368
14.2711620331	-1420
14.2711679935	-1316
14.3301520348	-1420
14.3301758766	-1420
14.3302190304	-1264
14.3312809467	-1420
14.3313059807	-1316
14.3313529491	-1368
14.3321368694	-1420
14.3321428299	-1420
14.3321640491	-1264
14.3331010342	-1420
14.333147049	-1420
14.33314991	-1264
14.3580670357	-1368
14.3633248806	-1116
14.3671019077	543
14.6455419064	-543
14.693969965	-1420
14.6939988136	-151
14.810259819	-543
14.810544014	543
14.986096859	-1420
14.9861240387	-665
14.9865179062	543
15.3895180225	543
15.428896904	-543
16.2098038197	-543
16.3885178566	543
16.3902230263	1057
17.0881979465	-543
17.6046209335	-543
