0	543
0.918499946594	-543
1.372205019	-543
2.00019097328	543
2.000248909	543
2.00027513504	543
2.00029993057	543
3.29191112518	239
3.40387797356	-755
3.40485906601	126
3.51623106003	-51
3.5166349411	38
3.62913703918	-1368
3.62918305397	-143
3.62998890877	1057
3.75068902969	-543
3.75133395195	543
3.84820795059	-543
3.88289999962	-543
3.88439893723	543
4.09549307823	-543
4.09784412384	1057
7.9998550415	543
9.09582400322	-543
9.60289001465	-543
9.63830494881	-1368
9.63834500313	-1368
9.63835597038	-1368
9.65631508827	-1368
9.65634608269	-1368
9.67149996758	543
9.68212795258	-1368
9.68236398697	-1368
9.68238210678	-1368
9.68269395828	1368
9.70042300224	-1368
9.7494289875	-1368
9.74947810173	-1368
9.74948692322	-1368
9.74949502945	-1368
9.74950098991	-1368
9.74952411652	-1368
9.74954509735	-1368
9.74956393242	-1368
9.76727199554	-222
9.76739692688	-1368
9.7674100399	-1368
9.77018713951	-1368
9.7704679966	1368
9.78265690804	522
9.793364048	-1368
9.79338693619	-1368
9.79340600967	-1368
9.79342794418	-1368
9.79412508011	-1368
9.79415297508	-1368
9.86264014244	1368
9.87813901901	-169
9.89357495308	746
10.0562050343	-543
10.0566930771	1368
10.0567529202	-1368
10.0567669868	-1368
10.0567770004	203
10.0568370819	-1368
10.0672609806	-1368
10.067305088	-1368
10.0673139095	-1368
10.0748610497	-1368
10.0748889446	-1368
10.1679029465	-509
10.3008260727	-1368
10.300868988	-1368
10.3008790016	-1368
10.3014960289	1368
10.3015069962	1368
10.3016180992	1368
10.3016240597	580
10.3077111244	-1368
10.3166999817	-1355
10.3301889896	-1368
10.3302221298	-1368
10.3302400112	-1368
10.3323140144	-1368
10.3325109482	-1368
10.3325281143	-1368
10.3483669758	-1368
10.348400116	-1368
10.3762559891	-1368
10.3763129711	-1368
10.3764131069	-1368
10.3764591217	-1368
10.3765101433	-1368
10.3930051327	-1368
10.412635088	1086
10.4181361198	-1368
10.4183499813	-1368
10.4183690548	-1368
10.4206209183	-1368
10.4206490517	-1368
10.4276380539	-686
10.427724123	-1368
10.4277551174	-1368
10.4277760983	-1368
10.4366180897	-1368
10.4620950222	-1368
10.4622349739	-1368
10.4622530937	-1368
10.4648571014	-1368
10.4648880959	-1368
10.4649150372	-1368
10.4649400711	-1368
10.4649569988	-1368
10.4805090427	-1368
10.5064160824	-1368
10.5065090656	-1368
10.5065541267	-1368
10.508450985	-1368
10.5085060596	-1368
10.508562088	-1368
10.5252890587	-1368
10.5253269672	543
10.5253341198	-1368
10.5253391266	-1368
10.5386071205	-636
10.5511529446	-1368
10.5511929989	-1368
10.5511989594	-1368
10.5529539585	-1368
10.5529699326	-1368
10.5529811382	-1368
10.5532801151	-1368
10.5532979965	-1368
10.5533020496	-1368
10.5538659096	1368
10.5538771152	1368
10.5539870262	1368
10.5692529678	-1368
10.569286108	-1368
10.5692949295	-1368
10.6159920692	-1368
10.616024971	-1368
10.6160421371	-1368
10.6621170044	-902
10.6621470451	609
10.773252964	-1086
10.7745010853	1057
10.7751860619	1368
10.7755339146	1368
10.7770049572	1368
10.8857650757	-1086
10.8858020306	124
10.9967451096	1057
11.5190989971	-543
11.668596983	-543
11.7796010971	-543
11.8891761303	-1368
11.890625	-775
11.8937821388	1057
11.9332969189	-1368
11.9599120617	-1368
11.9700961113	-1368
12.0015940666	-182
12.0020360947	1368
12.0052130222	775
12.1064591408	-1368
12.1076381207	1368
12.1125180721	-261
12.1161501408	232
12.1827991009	-1368
12.2277729511	-804
12.2278110981	1057
12.3248620033	-1368
12.3272089958	-1368
12.3283660412	1368
12.3388929367	-978
12.3389251232	746
12.4502050877	-1086
12.6006319523	-1086
12.6888940334	-1368
12.7487740517	-1289
12.7502110004	1057
12.7783439159	-1368
12.8598330021	-1289
12.8800721169	-1368
12.8801081181	1057
12.8812479973	1368
12.9711809158	-261
12.9923269749	232
12.9996371269	543
12.9996750355	543
13.103276968	-543
13.1038439274	543
13.1525220871	-1368
13.2149369717	-1289
13.2149729729	1057
13.3594651222	-543
13.3594989777	1057
13.3598139286	-1368
13.3598430157	-1368
13.3600981236	-1368
13.3601229191	-1368
13.3601880074	-1368
13.3778619766	-1368
13.3778889179	-1368
13.3779089451	-1368
13.4076299667	-1368
13.4076800346	-1368
13.4076869488	-1368
13.4077000618	-1368
13.4077439308	-1368
13.4077620506	-1368
13.4214830399	-1368
13.4215090275	-1368
13.421528101	-1368
13.4480540752	-1368
13.4481449127	-1368
13.4481620789	-1368
13.4659640789	-1368
13.4706771374	-1005
13.4707100391	1086
13.5817329884	-543
13.7325320244	-543
13.8036270142	-1368
13.804764986	1057
13.8220789433	-1368
13.8221020699	-1368
13.8662190437	-1368
13.880548954	-327
13.9469721317	-1368
14.0049259663	-1260
14.0062429905	1057
14.0584020615	-543
14.0784080029	-1368
14.1159229279	-746
14.2658009529	-543
14.2843840122	-1368
14.2844259739	-1368
14.3308780193	-1368
14.3875119686	-1368
14.3954520226	-1355
14.3966310024	1057
14.4428241253	-1368
14.5065150261	-1260
14.5076630116	1057
14.5715000629	-1368
14.5715250969	-1368
14.6174819469	-949
14.7451720238	-1368
14.7520089149	-1368
14.7635939121	-1368
14.7636179924	-1368
14.7790250778	-1368
14.7819919586	-1368
14.7820799351	-1368
14.7959299088	-1368
14.8020570278	-1368
14.8045070171	-285
14.9169061184	-543
14.9177510738	543
14.9353470802	-1368
14.9353759289	-1368
14.9794900417	-1368
14.9795300961	-1368
15.0282690525	-812
15.0286741257	543
15.1060810089	-1368
15.1293740273	-1368
15.129529953	-1368
15.1295599937	-1368
15.1365439892	-1368
15.1365740299	-1368
15.1365919113	-1368
15.1396560669	-393
15.1474640369	-1368
15.1474900246	-1368
15.2506570816	-377
15.4019169807	-543
15.4207980633	-1368
15.4208390713	-1368
15.4642980099	-1368
15.4643230438	-1368
15.4643409252	-1368
15.5167789459	-986
15.5174500942	543
15.5226540565	-1368
15.589427948	-1368
15.5894730091	-1368
15.589482069	-1368
15.589812994	-1368
15.589838028	-1368
15.5898709297	-1368
15.6092319489	-1368
15.6092569828	-1368
15.6280519962	-1255
15.6343369484	-1368
15.634376049	543
15.6343820095	-1368
15.6343910694	-1368
15.6527240276	-1368
15.6528410912	-1368
15.6529130936	-1368
15.7390840054	-704
15.750649929	-1368
15.7506840229	-1368
15.850703001	-377
15.8512599468	543
15.9993629456	543
15.9995319843	543
16.4449419975	-543
16.4454510212	543
16.5577759743	-543
16.9999940395	543
17.0033910275	543
17.1767549515	-543
17.508425951	-543
17.7662050724	-543
17.7765059471	-543
18.5319349766	-543
20.7702350616	-543
20.9542310238	-543
20.9997630119	543
21.0037739277	543
21.9998989105	543
21.999958992	543
22.3174140453	-543
22.9999880791	543
23.709321022	-543
23.7342190742	-1368
23.8340101242	-1231
23.834348917	543
23.8355441093	1368
23.8355591297	1368
23.8356800079	1368
23.8356900215	1368
23.8357989788	1368
23.8358049393	1368
23.8372659683	1368
23.8379831314	1368
23.8386421204	1368
23.9462909698	1313
23.9992139339	543
24.0573890209	1057
24.0729799271	-543
24.0733859539	-1368
24.0734119415	-1368
24.074379921	-1368
24.074420929	-1368
24.0744519234	-1368
24.0919239521	-1368
24.0919499397	-1368
24.0920109749	-1368
24.0921170712	-1368
24.1062159538	1368
24.1864650249	-1368
24.1865091324	746
24.1865160465	-1368
24.1865251064	-1368
24.1865301132	-1368
24.1877529621	-1368
24.187787056	-1368
24.1878240108	-1368
24.1878590584	-1368
24.1878781319	-1368
24.18791008	-1368
24.1879439354	-1368
24.1879720688	-1368
24.2029509544	-1368
24.2029891014	-1368
24.2029950619	-1368
24.2030000687	-1368
24.2030990124	-1368
24.2031209469	-1368
24.2031400204	-1368
24.2031669617	-1368
24.2977349758	-1368
24.2977640629	543
24.2977740765	-1368
24.2977790833	-1368
24.29778409	-1368
24.297796011	-1368
24.297825098	-1368
24.2978620529	-1368
24.297878027	-1368
24.2993340492	-1368
24.2993459702	-1368
24.2994890213	-1368
24.2995150089	-1368
24.2998731136	-1368
24.2998840809	-1368
24.300055027	-1368
24.3000710011	1368
24.3001129627	-1368
24.3002591133	-1368
24.3002989292	-1368
24.3005070686	-1368
24.3005239964	-1368
24.3006980419	-1368
24.3007130623	-1368
24.3140249252	-1368
24.3140480518	-1368
24.3140530586	-1368
24.31407094	-1368
24.3140890598	-1368
24.3141360283	-1368
24.3141739368	-1368
24.3141999245	-1368
24.3142240047	-1368
24.3142430782	-1368
24.3142800331	-1368
24.3143029213	-1368
24.3143229485	-1368
24.3143479824	-1368
24.3145620823	-1368
24.3145880699	-1368
24.3147680759	-1368
24.3147919178	-1368
24.4088609219	-1368
24.4089009762	804
24.4089081287	-1368
24.4089181423	-1368
24.408921957	-1368
24.4089269638	-1368
24.4089701176	-1368
24.4090020657	-1368
24.409029007	-1368
24.4090480804	-1368
24.4090740681	-1368
24.4091229439	-1368
24.4091479778	-1368
24.4091660976	-1368
24.4092750549	-1368
24.4093019962	-1368
24.4098989964	1368
24.4119229317	-1368
24.4119369984	-1368
24.4121220112	-1368
24.4121489525	-1368
24.4123830795	-1368
24.4124090672	-1368
24.4126191139	-1368
24.4126360416	-1368
24.4128320217	-1368
24.4128670692	-1368
24.4130330086	-1368
24.4130659103	-1368
24.4132900238	-1368
24.4133179188	-1368
24.4135110378	-1368
24.4135289192	-1368
24.4137320518	-1368
24.4137699604	-1368
24.4139380455	-1368
24.4139940739	-1368
24.4140350819	1368
24.414041996	1368
24.4141471386	-1368
24.4141569138	1368
24.4141819477	-1368
24.414386034	-1368
24.4144120216	-1368
24.414591074	-1368
24.4146199226	-1368
24.4150109291	1368
24.4150180817	1368
24.4151279926	1368
24.4265859127	-1368
24.428550005	-1368
24.4285731316	-1368
24.4287660122	-1368
24.4287819862	-1368
24.4289939404	-1368
24.429008007	-1368
24.4291870594	-1368
24.4292140007	-1368
24.4293990135	-1368
24.4294250011	-1368
24.4297831059	-1368
24.4297950268	-1368
24.4298400879	-1368
24.4298551083	-1368
24.4302000999	1368
24.4304950237	1368
24.4305040836	1368
24.4307720661	-1368
24.4307971001	-1368
24.431014061	-1368
24.4310700893	-1368
24.4312210083	-1368
24.4312391281	-1368
24.4314610958	-1368
24.4314880371	-1368
24.4316561222	-1368
24.4316720963	-1368
24.431853056	-1368
24.4319050312	-1368
24.4320750237	-1368
24.4321029186	-1368
24.4321079254	-97
24.433658123	-1368
24.4336769581	-1368
24.4337320328	-1368
24.4339699745	1368
24.4395570755	-1368
24.4395730495	-1368
24.4398839474	-1368
24.5202879906	-1368
24.5203211308	1176
24.5203330517	-1368
24.5203409195	-1368
24.5203671455	-1368
24.5203969479	-1368
24.5204820633	-1368
24.5206830502	-1368
24.5207090378	-1368
24.5207841396	-1368
24.5210180283	-1368
24.5210459232	-1368
24.5211241245	-1368
24.5213410854	-1368
24.5213730335	-1368
24.5217421055	-1368
24.5217580795	-1368
24.5219559669	-1368
24.5219841003	-1368
24.5221600533	-1368
24.5221841335	-1368
24.5224001408	-1368
24.5224180222	-1368
24.5226049423	-1368
24.5226380825	-1368
24.5230209827	1368
24.5230300426	1368
24.5231370926	1368
24.523170948	-1368
24.5232210159	-1368
24.5232729912	-1368
24.5301070213	-1368
24.5301430225	-1368
24.5301480293	-1368
24.5452821255	-618
24.5532529354	-1368
24.5532920361	-1368
24.5533061028	-1368
24.5535569191	-1368
24.5535850525	-1368
24.5536360741	-1368
24.5538899899	-1368
24.5539090633	-1368
24.5539870262	-1368
24.5637090206	-1368
24.5637309551	-1368
24.5637450218	-1368
24.5644381046	-1368
24.5644640923	-1368
24.564535141	-1368
24.5938720703	1368
24.6003959179	-1368
24.6006729603	-1368
24.600716114	-1368
24.6007549763	1368
24.6009409428	-1368
24.6009719372	-1368
24.6010069847	-1368
24.6082320213	-1368
24.6082549095	-1368
24.6083660126	-1368
24.6188800335	-1368
24.6189000607	-1368
24.6189160347	-1368
24.6340301037	530
24.6388709545	-1368
24.6391069889	-1368
24.6391310692	-1368
24.6395099163	-1368
24.6395339966	-1368
24.6395540237	-1368
24.6502161026	-1368
24.6502399445	-1368
24.6502590179	-1368
24.6510159969	-1368
24.6641221046	-25
24.6709821224	-1368
24.6710131168	-1368
24.6710560322	-1368
24.6995761395	-1368
24.699600935	-1368
24.7000410557	-1368
24.7012600899	-1368
24.7012870312	-1368
24.7013580799	-1368
24.7187349796	-1368
24.7188611031	-1368
24.743432045	-1368
24.7492880821	-1368
24.7493200302	1086
24.7493360043	-1368
24.749341011	-1368
24.7493641376	-1368
24.7493889332	-1368
24.7494060993	-1368
24.7499101162	-1368
24.7499289513	-1368
24.749958992	-1368
24.7619550228	-1368
24.7619810104	-1368
24.7620000839	-1368
24.7818229198	-14
24.7886741161	-1368
24.7886989117	-1368
24.7887151241	-1368
24.7889249325	-1368
24.788957119	-1368
24.7889780998	-1368
24.7890110016	-1368
24.7890269756	-1368
24.7890610695	-1368
24.7897450924	1368
24.794629097	-1368
24.794656992	-1368
24.7946751118	-1368
24.8070189953	-1368
24.8070540428	-1368
24.8070600033	-1368
24.840996027	-1368
24.841794014	-1368
24.8418159485	-1368
24.8427689075	-1368
24.8428010941	-1368
24.8428220749	-1368
24.8612840176	-1368
24.8613119125	-1368
24.8613641262	-1368
24.8765499592	-1368
24.8765809536	1318
24.8765900135	-1368
24.876595974	-1368
24.876791954	-1368
24.8768010139	-1368
24.8768110275	-1368
24.8771209717	-1368
24.8771541119	-1368
24.8771719933	-1368
24.8775229454	-1368
24.8775470257	-1368
24.8775651455	-1368
24.8805429935	-1368
24.8806550503	-1368
24.8806700706	-1368
24.8806841373	-1368
24.89260602	-33
24.9123499393	-1368
24.9123871326	-1368
24.9124040604	-1368
24.9124281406	-1368
24.9124619961	-1368
24.9124810696	-1368
24.919878006	-1368
24.9199080467	-1368
24.9219660759	-1368
24.9441430569	-1368
24.9441790581	-1368
24.9442269802	-1368
24.9465041161	-1368
24.9465279579	-1368
24.9465460777	-1368
24.9471750259	-1368
24.9471931458	-1368
24.9630279541	-1368
24.9630661011	-1368
24.9630711079	-1368
24.9671530724	-1368
24.9674050808	1368
24.9804930687	-1368
24.9806051254	-1368
24.9806771278	-1368
24.9810409546	-1368
24.9810740948	-1368
24.9810929298	-1368
24.9820179939	-1368
24.9820480347	-1368
24.9820699692	-1368
24.9859240055	-1368
24.9859619141	-1368
24.9859910011	-1368
25.0094230175	-270
25.0094549656	1347
25.0305490494	-1368
25.0305769444	-1368
25.0305991173	-1368
25.0310809612	-1368
25.0311000347	-1368
25.0311200619	-1368
25.0314149857	-1368
25.0314729214	-1368
25.0315270424	-1368
25.0462379456	-1368
25.0462760925	-1368
25.0462830067	-1368
25.0600841045	-1368
25.0601789951	-1368
25.0602190495	-1368
25.0602250099	-1368
25.0602331161	-1368
25.0602519512	-1368
25.060354948	-1368
25.0603969097	-1368
25.0604169369	-1368
25.0632810593	1368
25.0644710064	-1368
25.064494133	-1368
25.0645129681	-1368
25.0880711079	-1368
25.0881180763	-1368
25.0881230831	-1368
25.0913059711	-1368
25.0915601254	-1368
25.0915780067	-1368
25.0922391415	-1368
25.0922601223	-1368
25.092263937	-1368
25.1090319157	-1368
25.1090590954	-1368
25.1090760231	-1368
25.1090800762	-1368
25.1098310947	-1368
25.1098549366	-1368
25.1099030972	-1368
25.1205101013	-91
25.1205420494	1347
25.148430109	-1368
25.148455143	-1368
25.1484749317	-1368
25.1484811306	-1368
25.1484940052	-1368
25.1531500816	-1368
25.1531910896	-1368
25.1531980038	-1368
25.1532039642	-1368
25.1667790413	-1368
25.1668169498	-1368
25.1668229103	-1368
25.193903923	-1368
25.1939370632	-1368
25.1939539909	-1368
25.1949620247	-1368
25.1949830055	-1368
25.1950061321	-1368
25.1959121227	-1368
25.1959271431	-1368
25.1983959675	-1368
25.2138700485	-1368
25.2139089108	-1368
25.2139151096	-1368
25.2316601276	-557
25.2317500114	1086
25.2430839539	-1368
25.2431089878	-1368
25.2431271076	-1368
25.2444720268	-1368
25.2444961071	-1368
25.2444999218	-1368
25.2452189922	-1368
25.2452521324	-1368
25.2452700138	-1368
25.2612819672	-1368
25.261318922	-1368
25.2613251209	-1368
25.2619609833	1368
25.2682220936	1368
25.2905919552	-1368
25.2906160355	-1368
25.2917101383	-1368
25.2917411327	-1368
25.2917599678	-1368
25.3129079342	-1368
25.312951088	-1368
25.3129589558	-1368
25.3245940208	-1368
25.3246200085	-1368
25.3246381283	-1368
25.324641943	-1368
25.3251240253	-1368
25.325150013	-1368
25.3251841068	-1368
25.3254320621	-1368
25.3254590034	-1368
25.3254859447	-1368
25.3300969601	-1368
25.3301200867	-1368
25.3301379681	-1368
25.3434541225	-1368
25.3434870243	-1368
25.3434939384	-1368
25.3437120914	-1368
25.3437449932	-1368
25.3437640667	-1368
25.3440721035	-1368
25.3441040516	-1368
25.3441231251	-1368
25.3441929817	-410
25.3442029953	1007
25.3443360329	-1368
25.3443701267	-1368
25.34613204	-1368
25.376750946	-1368
25.3767940998	-1368
25.3767991066	-1368
25.3770740032	-1368
25.3771209717	-1368
25.3771560192	-1368
25.377352953	-1368
25.3773930073	-1368
25.3774011135	-1368
25.3859870434	1368
25.3898990154	-1368
25.3899300098	-1368
25.3899490833	-1368
25.4338669777	-1368
25.4338951111	-1368
25.4339129925	-1368
25.4346740246	-1368
25.4346990585	-1368
25.4347150326	-1368
25.4353339672	-1368
25.4353630543	-1368
25.435379982	-1368
25.4364590645	1368
25.4498939514	-1368
25.4499161243	-1368
25.4499349594	-1368
25.4502000809	-1368
25.4502329826	-1368
25.4502520561	-1368
25.4505400658	-1368
25.4505579472	-1368
25.4505839348	-1368
25.4508459568	-1368
25.4508810043	-1368
25.4508979321	-1368
25.4545900822	-1368
25.4546201229	-1368
25.4546380043	-1368
25.4559240341	-887
25.4560060501	522
25.4724590778	-1368
25.4724829197	-1368
25.4725010395	-1368
25.5007219315	-1368
25.5007641315	-1368
25.5007691383	-1368
25.5007760525	-1368
25.5007939339	-1368
25.5008299351	-1368
25.5017280579	1368
25.5039300919	-1368
25.5039579868	-1368
25.5039761066	-1368
25.5185201168	-1368
25.5185530186	-1368
25.5185580254	-1368
25.5412619114	-1368
25.5414259434	-1368
25.541451931	-1368
25.5420460701	-1368
25.5420739651	-1368
25.5421020985	-1368
25.5473649502	-1368
25.54748106	-1368
25.5475480556	-1368
25.5605671406	-1368
25.5606079102	-1368
25.5606119633	-1368
25.5670390129	-1195
25.5670609474	804
25.5686950684	-1368
25.5687160492	-1368
25.5697231293	-1368
25.5697410107	-1368
25.569783926	-1368
25.5698149204	-1368
25.5858309269	-1368
25.5858509541	-1368
25.5913391113	-1368
25.5925359726	-1368
25.592566967	-1368
25.5925979614	-1368
25.5926890373	-1368
25.5927069187	-1368
25.5927340984	-1368
25.5930659771	-1368
25.5931200981	-1368
25.5931501389	-1368
25.6096389294	-1368
25.6096589565	-1368
25.6344881058	-1368
25.6439950466	-1368
25.6440279484	-1368
25.6440329552	-1368
25.6445200443	-1368
25.6445569992	-1368
25.6445739269	-1368
25.6447119713	-1368
25.6447350979	-1368
25.644753933	-1368
25.6572799683	-1368
25.6573030949	-1368
25.6573281288	-1368
25.6780850887	-755
25.6781110764	1086
25.6898319721	-1368
25.6898550987	-1368
25.6898720264	-1368
25.6904070377	-1368
25.6904411316	-1368
25.690459013	-1368
25.6905009747	-1368
25.6905190945	-1368
25.6968090534	-1368
25.6968369484	-1368
25.6968550682	-1368
25.7220499516	-1368
25.7228109837	-1368
25.7228479385	-1368
25.7228839397	-1368
25.7233009338	-1368
25.7233269215	-1368
25.7233541012	-1368
25.7237000465	1368
25.7237689495	-1368
25.7237861156	-1368
25.7239470482	-1368
25.7425589561	-1368
25.7425870895	-1368
25.7426359653	-1368
25.7840709686	-1368
25.7841980457	-1368
25.7842710018	-1368
25.7844970226	-1368
25.7845380306	-1368
25.7845549583	-1368
25.7864079475	-1368
25.7864360809	-1368
25.786454916	-1368
25.7904529572	-784
25.7904810905	232
25.8009650707	-1368
25.8009929657	-1368
25.8010339737	-1368
25.8011491299	-1368
25.8011739254	-1368
25.8011960983	-1368
25.8012919426	-1368
25.8013410568	-1368
25.8014400005	-1368
25.8014640808	-1368
25.8014810085	-1368
25.803524971	-1368
25.803550005	-1368
25.803591013	-1368
25.8094060421	-1368
25.828042984	-1368
25.8280820847	-1368
25.8280880451	-1368
25.8491549492	-1368
25.8491880894	-1368
25.8492031097	-1368
25.849435091	-1368
25.8494739532	-1368
25.8495070934	-1368
25.8584740162	-1368
25.8585019112	-1368
25.858520031	-1368
25.8587870598	1368
25.8669729233	-1368
25.8670539856	-1368
25.8670959473	-1368
25.8769719601	-1368
25.8770120144	-1368
25.8770179749	-1368
25.877466917	-1368
25.8775010109	-1368
25.8775179386	-1368
25.899586916	-1368
25.8996200562	-1368
25.8996250629	-1368
25.9014351368	-916
25.9014489651	261
25.91949296	-1368
25.9195189476	-1368
25.9195361137	-1368
25.9493660927	-1368
25.9494030476	-1368
25.9494080544	-1368
25.949723959	-1368
25.9497420788	-1368
25.9673669338	-1368
25.9673900604	-1368
25.9674079418	-1368
25.9895269871	-1368
25.9897260666	-1368
25.9897530079	-1368
25.989841938	-1368
25.9920809269	-1368
25.9921081066	-1368
25.9921300411	-1368
25.9923939705	-1368
25.9924221039	-1368
25.9929521084	-1368
25.9929840565	-1368
25.9930019379	-1368
25.9930291176	-1368
25.9932360649	1368
26.0074810982	-1368
26.0075030327	-1368
26.0075190067	-1368
26.012378931	-594
26.012403965	261
26.0350289345	-1368
26.035061121	-1368
26.0350790024	-1368
26.035326004	-1368
26.0353500843	-1368
26.0358090401	-1368
26.0358719826	-1368
26.0358791351	-1368
26.0359230042	-1368
26.035941124	-1368
26.0359609127	-1368
26.0539031029	-1368
26.0731389523	-1368
26.0731639862	-1368
26.0731799603	-1368
26.0733261108	-1368
26.0733530521	-1368
26.079554081	-1368
26.0795910358	-1368
26.07959795	-1368
26.0796039104	-1368
26.0911669731	-1368
26.091203928	-1368
26.0912101269	-1368
26.1233429909	-557
26.123374939	1086
26.1357500553	-1368
26.1357800961	-1368
26.1357979774	-1368
26.1361119747	-1368
26.1361300945	-1368
26.1361510754	-1368
26.1540980339	-1368
26.154127121	-1368
26.1669781208	-1368
26.1805751324	-1368
26.180617094	-1368
26.1806230545	-1368
26.1808519363	-1368
26.1808791161	-1368
26.1811730862	-1368
26.1812109947	-1368
26.1812450886	-1368
26.1813480854	-1368
26.1813769341	-1368
26.1814029217	-1368
26.1856710911	-1368
26.185696125	-1368
26.1857140064	-1368
26.2218620777	-1368
26.2219600677	-1368
26.2220020294	-1368
26.2220361233	-1368
26.2220609188	-1368
26.2220880985	-1368
26.2222070694	-1368
26.222244978	-1368
26.2222630978	-1368
26.2226340771	1368
26.2354431152	-1124
26.2354769707	261
26.240170002	-1368
26.2402000427	-1368
26.2402179241	-1368
26.2607629299	-1368
26.261111021	-1368
26.2611351013	-1368
26.2611970901	-1368
26.2612140179	-1368
26.2612440586	-1368
26.2792289257	-1368
26.2792680264	-1368
26.2792739868	-1368
26.2792799473	-1368
26.3463249207	-11
26.3465299606	1057
26.3509640694	-1368
26.3509919643	-1368
26.3510091305	-1368
26.3510160446	-1368
26.3510351181	-1368
26.3691351414	-1368
26.3691730499	-1368
26.3691790104	-1368
26.3944649696	-1368
26.4128141403	-1368
26.4226710796	-1368
26.4226920605	-1368
26.4227170944	-1368
26.4227359295	-1368
26.4227631092	-1368
26.422796011	-1368
26.4379770756	-1368
26.4379999638	-1368
26.4380199909	-1368
26.4410839081	-1368
26.4411101341	-1368
26.4411230087	-1368
26.4573121071	-694
26.4744429588	-1368
26.4745600224	-1368
26.4745700359	-1368
26.4746720791	-1368
26.4747099876	-1368
26.4747309685	-1368
26.4751811028	543
26.4762370586	-1368
26.4762649536	-1368
26.521392107	-1368
26.5279569626	-1368
26.5279870033	-1368
26.5279920101	-1368
26.5280380249	-1368
26.5280730724	-1368
26.5280909538	-1368
26.5289359093	-1368
26.5289599895	-1368
26.5291700363	-1368
26.5405049324	-1368
26.5405299664	-1368
26.5719649792	-1368
26.5785930157	-1368
26.5786371231	-1368
26.5786440372	-1368
26.5794050694	-1368
26.5794420242	-1368
26.579458952	-1368
26.579750061	-1368
26.5797650814	-1368
26.5797970295	-1368
26.5864009857	-175
26.5906329155	-1368
26.5906579494	1086
26.5906701088	-1368
26.5906820297	-1368
26.6394679546	-1368
26.6394979954	-1368
26.6395199299	-1368
26.6461031437	-1368
26.6461379528	-1368
26.6461439133	-1368
26.6462209225	-1368
26.6462359428	-1368
26.6462669373	-1368
26.663877964	-1368
26.6639099121	-1368
26.6639521122	-1368
26.7016279697	-1368
26.7016580105	-1368
26.7016880512	-1368
26.7017080784	-1368
26.701718092	-143
26.7017259598	543
26.7065451145	-1368
26.7065730095	-1368
26.75071311	-1368
26.7507419586	-1368
26.8128130436	-783
26.8130970001	543
26.9019680023	-1368
26.9020390511	-1368
26.9020681381	-1368
26.9225540161	-1368
26.9225959778	-1368
26.9248349667	-1368
26.9251840115	-1368
26.9252140522	-1368
26.925246954	-1368
26.9255421162	-1368
26.9255580902	-1368
26.9255859852	-1368
26.9260129929	-1321
26.9269340038	-1368
26.9269649982	-1368
26.9269859791	-1368
26.9272949696	-1368
26.9273200035	-1368
26.9273729324	-1368
26.9277739525	-1368
26.9278049469	-1368
26.9278240204	-1368
26.941879034	-1368
26.9419031143	-1368
26.9419231415	-1368
26.9420099258	-1368
26.9420471191	-1368
26.9420640469	-1368
26.9425411224	543
26.94322896	-1368
26.9432489872	-1368
26.9432780743	-1368
26.94394207	1368
26.9656379223	-1368
26.9658000469	-1368
26.9658250809	-1368
26.9658651352	-1368
26.9658870697	-1368
26.9659061432	-1368
26.9665529728	-1368
26.9670131207	-1368
26.9670369625	-1368
26.967056036	-1368
26.9727890491	-1368
26.9728159904	-1368
26.9728360176	-1368
26.9729261398	-1368
26.9729580879	-1368
26.9765760899	1368
26.9840199947	-1368
26.984112978	-1368
26.9841620922	-1368
26.9850380421	1368
26.9865100384	-1368
26.9865319729	-1368
26.9865560532	-1368
26.9865970612	-1368
26.9866309166	-1368
26.9866490364	-1368
26.995196104	1368
27.0048389435	-1368
27.0048730373	-1368
27.0048940182	-1368
27.0161299706	-1368
27.0163509846	-1368
27.0163760185	-1368
27.016767025	-1368
27.0167911053	-1368
27.0168099403	-1368
27.0184299946	-1368
27.018458128	-1368
27.0184791088	-1368
27.0187029839	1368
27.0211129189	-1368
27.0211319923	-1368
27.0211479664	-1368
27.0211980343	-1368
27.0214469433	-1368
27.0214750767	-1368
27.0215380192	-1368
27.0307350159	-1368
27.0307769775	-1368
27.0307850838	-1368
27.0321650505	-1368
27.0321950912	-1368
27.0322139263	-1368
27.0365691185	-1368
27.0366020203	-1368
27.0367069244	-1368
27.0409729481	-809
27.0549480915	1160
27.0580251217	-1368
27.0580620766	-1368
27.0581059456	-1368
27.0581490993	-1368
27.0581851006	-1368
27.0584280491	-1368
27.0584540367	-1368
27.0584869385	-1368
27.058506012	-1368
27.0591080189	-1368
27.0591390133	-1368
27.0591590405	-1368
27.0632059574	-1368
27.0632331371	-1368
27.0633869171	-1368
27.0637221336	-1368
27.0637469292	-1368
27.0637669563	-1368
27.0642659664	-1368
27.0642969608	-1368
27.064314127	-1368
27.0738139153	-1368
27.0738489628	-1368
27.0738539696	-1368
27.074203968	-1368
27.0742580891	-1368
27.074311018	-1368
27.0743660927	-1368
27.0743970871	-1368
27.0744159222	-1368
27.0754930973	-1368
27.0755240917	-1368
27.0755400658	-1368
27.1051230431	-1368
27.1051599979	-1368
27.1051650047	-1368
27.1052899361	-1368
27.1054770947	1368
27.1055340767	-1368
27.1055510044	-1368
27.1058399677	-1368
27.1058731079	-1368
27.1058909893	-1368
27.1065459251	-1368
27.1065630913	-1368
27.1066670418	-1368
27.1076219082	-1368
27.1076509953	-1368
27.1076691151	-1368
27.1077349186	-1368
27.1083180904	-1368
27.1083431244	-1368
27.1106600761	-1368
27.1106820107	-1368
27.1106989384	-1368
27.1173961163	-1368
27.1174299717	-1368
27.1174359322	-1368
27.1175079346	-1368
27.1175351143	-1368
27.1175689697	-1368
27.1175849438	-1368
27.1180019379	1368
27.1180160046	-1368
27.1180510521	-1368
27.1180889606	-1368
27.118142128	-1368
27.1181890965	-1368
27.1285190582	-1368
27.1285669804	-1368
27.1285729408	-1368
27.1470041275	-1368
27.1474039555	1368
27.1483080387	-1368
27.1483380795	-1368
27.1483631134	-1368
27.1484379768	-1368
27.148471117	-1368
27.1484911442	-1368
27.1485249996	-1368
27.1485431194	-1368
27.1488859653	-1368
27.1489131451	-1368
27.1489429474	-1368
27.1493160725	-1368
27.1499021053	-1368
27.1499199867	-1368
27.149946928	-1368
27.1515109539	-1368
27.1515450478	-1368
27.1515641212	-1368
27.1537101269	-1368
27.1537361145	-1368
27.1537621021	-1368
27.1555500031	-1368
27.1555831432	-1368
27.1556019783	-1368
27.1562421322	-1368
27.1562759876	-1368
27.1563010216	-1368
27.1563200951	-1368
27.1616859436	-1368
27.161714077	-1368
27.1618700027	-1368
27.1618959904	-1368
27.1619129181	-1368
27.1623089314	-1368
27.162334919	-1368
27.162361145	-1368
27.162612915	-1368
27.1626520157	-1368
27.1626961231	-1368
27.1627910137	-1368
27.1665420532	-357
27.1665959358	783
27.1678450108	-1368
27.1678850651	-1368
27.1887221336	-1368
27.1887459755	-1368
27.1887619495	-1368
27.1999270916	-1368
27.1999621391	-1368
27.1999669075	-1368
27.2002389431	-1368
27.2002749443	-1368
27.2002940178	-1368
27.2007360458	-1368
27.2007730007	-1368
27.2007899284	-1368
27.2018170357	-1368
27.2018470764	-1368
27.2018680573	-1368
27.2021780014	-1368
27.2021970749	-1368
27.2022221088	-1368
27.2027349472	-1368
27.2027680874	-1368
27.2027850151	-1368
27.2028150558	-1368
27.2035739422	-1368
27.2036030293	-1368
27.2036209106	-1368
27.2047719955	-1368
27.2048070431	-1368
27.2048199177	-1368
27.2084290981	-1368
27.2084591389	-1368
27.2084789276	-1368
27.2085130215	-1368
27.2085449696	-1368
27.2085621357	-1368
27.2090170383	-1368
27.2090411186	-1368
27.2090580463	-1368
27.2094700336	-1368
27.2095041275	-1368
27.2095420361	-1368
27.2095599174	-1368
27.2095880508	-1368
27.209897995	-1368
27.2099580765	-1368
27.2099750042	-1368
27.2161099911	-1368
27.218020916	-1368
27.2180550098	-1368
27.2180781364	-1368
27.2237069607	1368
27.2389199734	-1368
27.2389469147	-1368
27.2389609814	-1368
27.2410531044	-1368
27.2410700321	-1368
27.2410979271	-1368
27.2413051128	-1368
27.241339922	-1368
27.2413570881	-1368
27.242401123	-1368
27.2424240112	-1368
27.2424449921	-1368
27.2428569794	-1368
27.2428970337	-1368
27.2429161072	-1368
27.2432069778	-1368
27.2432420254	-1368
27.2432610989	-1368
27.2435619831	-1368
27.243596077	-1368
27.2436139584	-1368
27.2446551323	-1368
27.2446811199	-1368
27.244699955	-1368
27.2457411289	-1368
27.2457640171	-1368
27.2457890511	-1368
27.2466609478	-1368
27.2466850281	-1368
27.2467119694	-1368
27.2474250793	-1368
27.2474520206	-1368
27.2474839687	-1368
27.2475030422	-1368
27.2521729469	-1368
27.2522079945	-1368
27.2522170544	-1368
27.2526841164	-1368
27.2527289391	-1368
27.2527420521	-1368
27.2527689934	-1368
27.2527909279	-1368
27.252874136	-1368
27.252915144	-1368
27.2529640198	-1368
27.2530040741	-1368
27.2538890839	-1368
27.253911972	-1368
27.2539401054	-1368
27.2539470196	-1368
27.2539710999	-1368
27.2572190762	1368
27.2648921013	-1368
27.2649240494	-1368
27.2649419308	-1368
27.2664170265	-1368
27.2670350075	-1368
27.2670679092	-1368
27.2670860291	-1368
27.2775800228	-552
27.277616024	1036
27.2880010605	-1368
27.288022995	-1368
27.2880411148	-1368
27.2880759239	-1368
27.2880921364	-1368
27.2881259918	-1368
27.288159132	-1368
27.2881851196	-1368
27.2882070541	-1368
27.2882270813	-1368
27.2882609367	-1368
27.2882881165	-1368
27.2883489132	-1368
27.2883660793	-1368
27.2886791229	-1368
27.2887060642	-1368
27.2887570858	-1368
27.2891280651	-1368
27.2891530991	-1368
27.2891800404	-1368
27.2894699574	-1368
27.2895009518	-1368
27.2895281315	1368
27.2895359993	-1368
27.2895560265	-1368
27.2899119854	-1368
27.2899370193	-1368
27.2899551392	-1368
27.2901251316	-1368
27.2901699543	-1368
27.2902419567	-1368
27.2906019688	-1368
27.2906270027	-1368
27.2906780243	-1368
27.2909600735	-1368
27.2909939289	-1368
27.291011095	-1368
27.2913990021	-1368
27.2914209366	-1368
27.2914400101	-1368
27.2961199284	-1368
27.2961571217	-1368
27.2961630821	-1368
27.2961881161	-1368
27.2962050438	-1368
27.2962341309	-1368
27.2964060307	-1368
27.2964339256	-1368
27.2964661121	-1368
27.2964839935	-1368
27.2965109348	-1368
27.2965660095	-1368
27.2967259884	1368
27.2976100445	-1368
27.2976300716	-1368
27.2976601124	-1368
27.2976970673	-1368
27.297713995	-1368
27.2977619171	-1368
27.2978761196	-1368
27.2979099751	-1368
27.2979280949	-1368
27.3058209419	-1368
27.3058459759	-1368
27.3058619499	-1368
27.316478014	-1368
27.3166410923	-1368
27.3166599274	-1368
27.316685915	-1368
27.3268151283	-1368
27.3268330097	-1368
27.3268489838	-1368
27.3269729614	-1368
27.3269970417	-1368
27.3270170689	-1368
27.3283319473	-1368
27.3283669949	-1368
27.3283839226	-1368
27.3285689354	-1368
27.3286099434	-1368
27.3286280632	-1368
27.3290200233	-1368
27.3290541172	-1368
27.3290719986	-1368
27.3292911053	1368
27.3294551373	-1368
27.329474926	-1368
27.3294999599	-1368
27.3298671246	-1368
27.3298780918	-1368
27.3298830986	-1368
27.3300120831	-1368
27.330037117	-1368
27.3300540447	-1368
27.3304049969	-1368
27.330452919	-1368
27.3304800987	-1368
27.3320491314	-1368
27.3320820332	-1368
27.3320989609	-1368
27.3322279453	-1368
27.3322610855	-1368
27.3322861195	-1368
27.332310915	-1368
27.3323299885	-1368
27.3323631287	-1368
27.3343861103	-1368
27.3344111443	-1368
27.3344299793	-1368
27.3344750404	-1368
27.3345079422	-1368
27.3345270157	-1368
27.3347511292	-1368
27.3347799778	-1368
27.3348281384	-1368
27.3349881172	-1368
27.335021019	-1368
27.3350391388	-1368
27.3358449936	-1368
27.335875988	-1368
27.3358950615	-1368
27.3409850597	-1368
27.3410069942	-1368
27.3410229683	-1368
27.3411939144	-1368
27.3412201405	-1368
27.3412539959	-1368
27.3412780762	-1368
27.3412981033	-1368
27.3413329124	-1368
27.3413569927	-1368
27.3413889408	-1368
27.3414349556	-1368
27.3414521217	1368
27.3419129848	-1368
27.3419370651	-1368
27.3419969082	-1368
27.3420219421	-1368
27.3421680927	-1368
27.3421859741	-1368
27.3422119617	-1368
27.3423941135	1368
27.3429450989	-1368
27.3429710865	-1368
27.3430290222	-1368
27.3535749912	-1368
27.3536069393	-1368
27.3601899147	-1368
27.3703510761	-1368
27.3703699112	-1368
27.3703889847	-1368
27.3704440594	-1368
27.370472908	-1368
27.3704919815	-1368
27.3709270954	-1368
27.3709599972	-1368
27.3709769249	-1368
27.3710210323	-1368
27.3710451126	-1368
27.3710639477	-1368
27.3722851276	-1368
27.3724141121	-1368
27.3724400997	-1368
27.3726670742	-1368
27.3733770847	-1368
27.3734099865	-1368
27.3734331131	-1368
27.3734531403	-1368
27.3738930225	-1368
27.3739259243	-1368
27.3739430904	-1368
27.3741750717	1368
27.3745529652	-1368
27.374571085	-1368
27.3745980263	-1368
27.3746340275	-1368
27.3746581078	-1368
27.3747200966	-1368
27.3751161098	-1368
27.3751411438	-1368
27.3751590252	-1368
27.3752911091	-1368
27.3753259182	-1368
27.3753430843	-1368
27.3761241436	-1368
27.3761560917	-1368
27.3761730194	-1368
27.3762631416	-1368
27.3762991428	-1368
27.3763229847	-1368
27.3763480186	-1368
27.3763670921	-1368
27.3763999939	-1368
27.3773319721	1368
27.3774950504	-1368
27.377530098	-1368
27.3775479794	-1368
27.3776090145	-1368
27.377630949	-1368
27.3776450157	-1368
27.3783640862	-1368
27.3784809113	-1368
27.3785159588	-1368
27.3785331249	-1368
27.3797199726	-1368
27.3797309399	-1368
27.3797421455	-1368
27.3798000813	-1368
27.3798151016	-1368
27.3798429966	-1368
27.3814520836	1368
27.3821461201	1368
27.3842909336	-1368
27.3843181133	-1368
27.3843369484	-1368
27.3843691349	-1368
27.3844339848	-1368
27.3844389915	1368
27.3844721317	-1368
27.3845179081	-1368
27.3845620155	-1368
27.3845889568	-1368
27.384647131	-1368
27.3846571445	-1368
27.384665966	-1368
27.3847119808	-1368
27.3864490986	-1368
27.3864719868	-1368
27.3865010738	-1368
27.388076067	-1368
27.3881130219	-1368
27.3881299496	-1368
27.3884460926	1368
27.3886721134	1368
27.3919811249	-374
27.3920009136	214
27.3924100399	-1368
27.3924400806	-1368
27.3924660683	-1368
27.3927910328	-1368
27.3928089142	-1368
27.3928620815	-1368
27.393155098	-1368
27.39321208	-1368
27.3932290077	-1368
27.4043741226	-1368
27.4046099186	-1368
27.4046370983	-1368
27.412528038	-1368
27.4125430584	-1368
27.412555933	-1368
27.4160909653	-1368
27.416410923	-1368
27.4164381027	-1368
27.4166259766	-1368
27.4166529179	-1368
27.416670084	-1368
27.4174170494	-1368
27.4174511433	-1368
27.417468071	-1368
27.4178221226	-1368
27.4178481102	-1368
27.4178991318	-1368
27.4179289341	-1368
27.4179580212	-1368
27.4179840088	-1368
27.4190311432	-1368
27.4190490246	-1368
27.4190740585	-1368
27.4194960594	-1368
27.4195239544	-1368
27.4195489883	-1368
27.4198360443	-1368
27.4198639393	-1368
27.4198970795	-1368
27.4200649261	-1368
27.4200971127	-1368
27.420126915	-1368
27.4201610088	-1368
27.4204070568	-1368
27.4204239845	-1368
27.4333999157	1368
27.4335479736	-1368
27.4335639477	-1368
27.4335961342	-1368
27.4337611198	-1368
27.4337880611	-1368
27.4338610172	-1368
27.4350829124	-1368
27.4351079464	-1368
27.4411690235	-1368
27.4412651062	-1368
27.4412999153	-1368
27.4413189888	-1368
27.4424779415	-1368
27.442512989	-1368
27.4425599575	-1368
27.4425959587	-1368
27.4531919956	-1368
27.4532210827	-1368
27.4532411098	-1368
27.4532511234	-1368
27.4532790184	-1368
27.4533109665	-1368
27.4534621239	-1368
27.4534890652	-1368
27.4535160065	-1368
27.4538531303	-1368
27.4539039135	1368
27.4539151192	-1368
27.4539470673	-1368
27.4602949619	-1368
27.4603149891	-1368
27.4604809284	-1368
27.4606559277	-1368
27.4606800079	-1368
27.4607400894	-1368
27.4607579708	-1368
27.4607930183	-1368
27.4608471394	-1368
27.4608900547	-1368
27.4609150887	-1368
27.4609351158	-1368
27.4829790592	-1368
27.5029289722	-799
27.5029511452	522
27.5147240162	-1368
27.5147480965	-1368
27.5147640705	-1368
27.5302739143	-1368
27.5303049088	-1368
27.5458989143	-1368
27.5460851192	-1368
27.5461189747	-1368
27.5462400913	-1368
27.5462830067	-1368
27.5463221073	-1368
27.5619790554	-1368
27.5620141029	-1368
27.5620191097	-1368
27.5640120506	-1368
27.5640370846	-1368
27.5640640259	-1368
27.5768470764	-1368
27.5768859386	-1368
27.5768899918	-1368
27.5769650936	-1368
27.576996088	-1368
27.5770220757	-1368
27.5847430229	-1368
27.584774971	-1368
27.5847809315	-1368
27.5943119526	-1368
27.5943319798	-1368
27.5943520069	-1368
27.5947461128	-1368
27.5947780609	-1368
27.5948119164	-1368
27.5948300362	-1368
27.5948619843	-1368
27.5948939323	-1368
27.5950729847	1368
27.6029479504	-1368
27.6029701233	-1368
27.602989912	-1368
27.605659008	-1368
27.6056909561	-1368
27.6057090759	-1368
27.6057350636	-1368
27.6057610512	-1368
27.605795145	-1368
27.6058309078	-1368
27.6058630943	-1368
27.605889082	-1368
27.606828928	-1368
27.6068599224	-1368
27.6068849564	-1368
27.6069049835	-1368
27.6138839722	-152
27.6139130592	804
27.6204631329	-1368
27.6205511093	-1368
27.6206169128	-1368
27.6206679344	-1368
27.6207010746	-1368
27.6207151413	-1368
27.6214721203	-1368
27.6214900017	-1368
27.6215679646	-1368
27.632183075	-1368
27.6322209835	-1368
27.6322259903	-1368
27.6322879791	-1368
27.6323051453	-1368
27.6323349476	-1368
27.6325719357	-1368
27.6325979233	-1368
27.6326270103	-1368
27.6331889629	-1368
27.6332190037	-1368
27.6333179474	-1368
27.6406259537	-1368
27.6406610012	-1368
27.640666008	-1368
27.6645560265	-1368
27.6646640301	-1368
27.664700985	-1368
27.6647269726	-1368
27.6647560596	-1368
27.6647820473	-1368
27.6648271084	-1368
27.6648609638	-1368
27.6648790836	-1368
27.665045023	1368
27.6658830643	-1368
27.6659150124	-1368
27.6659309864	-1368
27.6675319672	-1368
27.6675639153	-1368
27.6676061153	-1368
27.6676230431	-1368
27.6686010361	-1368
27.66862607	-1368
27.6686770916	-1368
27.6687040329	-1368
27.6687390804	-1368
27.6744010448	-1368
27.6744260788	-1368
27.6744401455	-1368
27.6746370792	-1368
27.6746709347	-1368
27.6746881008	-1368
27.6747169495	-1368
27.675041914	-1368
27.6750919819	-1368
27.6754999161	-1368
27.6755321026	-1368
27.6755731106	-1368
27.6755900383	-1368
27.6772351265	-1368
27.6772611141	-1368
27.6813731194	-1368
27.6814870834	-1368
27.6815299988	-1368
27.6815481186	-1368
27.6817719936	-1368
27.6817901134	-1368
27.6823279858	-1368
27.6823689938	-1368
27.6824131012	-1368
27.693308115	-1368
27.6933329105	-1368
27.693349123	-1368
27.6940701008	-1368
27.6942830086	-1368
27.694311142	-1368
27.6943819523	-1368
27.6946201324	-1368
27.6946489811	-1368
27.694726944	-1368
27.6959891319	-1368
27.696007967	-1368
27.696089983	-1368
27.7022459507	-1368
27.7023310661	-1368
27.7023439407	-1368
27.7063031197	-1368
27.7063310146	-1368
27.7063491344	-1368
27.7066299915	-1368
27.7066650391	-1368
27.7066829205	-1368
27.7070829868	-1368
27.7071149349	-1368
27.7071330547	-1368
27.7110319138	-1368
27.711151123	-1368
27.7111611366	-1368
27.7116830349	-1368
27.7117059231	-1368
27.7117240429	-1368
27.7118029594	-1368
27.7123970985	-1368
27.7124240398	-1368
27.7131929398	-1368
27.7132210732	-1368
27.7132380009	-1368
27.7134389877	1368
27.7159750462	-1368
27.7160000801	-1368
27.7160220146	-1368
27.7162599564	-1368
27.7162871361	-1368
27.7163081169	-1368
27.7165420055	-1368
27.7165679932	-1368
27.7165949345	-1368
27.7169020176	-1368
27.7169399261	-1368
27.716958046	-1368
27.7197179794	-1368
27.7197370529	-1368
27.7197561264	-1368
27.7197830677	-1368
27.7198109627	-1368
27.7198429108	-1368
27.7198710442	-1368
27.7199249268	-1368
27.7199540138	-1368
27.7204959393	-1368
27.7205119133	-1368
27.7205469608	-1368
27.720564127	-1368
27.7240970135	-1368
27.7241270542	-1368
27.7249610424	-1138
27.7249729633	1065
27.7295889854	-1368
27.7296159267	-1368
27.7296330929	-1368
27.7298810482	-1368
27.7298920155	-1368
27.7298951149	-1368
27.7300441265	-1368
27.7300670147	-1368
27.7300851345	-1368
27.7377431393	-1368
27.7377729416	-1368
27.7377851009	-1368
27.7378330231	-1368
27.7378590107	-1368
27.737885952	-1368
27.7382190228	-1368
27.7387709618	-1368
27.7387900352	-1368
27.7391171455	-1368
27.7391450405	-1368
27.7391741276	-1368
27.7394571304	-1368
27.7394831181	-1368
27.739511013	-1368
27.7441039085	-1368
27.744122982	-1368
27.7441489697	-1368
27.7450051308	-1368
27.7450389862	-1368
27.7450580597	-1368
27.745100975	-1368
27.7451181412	-1368
27.7451469898	-1368
27.7515990734	-1368
27.7516260147	-1368
27.7516360283	-1368
27.7517039776	-1368
27.7518749237	-1368
27.751899004	-1368
27.7519180775	-1368
27.7526099682	-1368
27.7526359558	-1368
27.7526769638	-1368
27.7530479431	-1368
27.7530739307	-1368
27.7542409897	-1368
27.7542741299	-1368
27.7542989254	-1368
27.7543160915	-1368
27.75466609	1368
27.7555999756	-1368
27.7556171417	-1368
27.7603600025	-1368
27.7606260777	-1368
27.7606520653	-1368
27.7607200146	-1368
27.7614381313	-1368
27.761464119	-1368
27.7615461349	-1368
27.7633960247	-1368
27.7634239197	-1368
27.7634439468	-1368
27.7672219276	-1368
27.7672429085	-1368
27.7672691345	-1368
27.7675480843	-1368
27.7675869465	-1368
27.7676270008	-1368
27.7692260742	-1368
27.7692549229	-1368
27.7692821026	-1368
27.7769570351	-1368
27.7769999504	-1368
27.7770121098	-1368
27.7772300243	-1368
27.777256012	-1368
27.7772860527	-1368
27.7773339748	-1368
27.7775919437	1368
27.7815430164	-1368
27.7815709114	-1368
27.7868409157	-1368
27.7869050503	-1368
27.7869529724	-1368
27.7869620323	-1368
27.7869729996	-1368
27.7869780064	-1368
27.7878899574	-1368
27.7879109383	-1368
27.7879281044	-1368
27.7882220745	-1368
27.7887620926	1368
27.789178133	-1368
27.7892019749	-1368
27.7894880772	-1368
27.7895040512	-1368
27.789550066	-1368
27.7905359268	-1368
27.7906141281	-1368
27.7906279564	-1368
27.7906401157	-1368
27.7912139893	-1368
27.7912480831	-1368
27.7912530899	-1368
27.7915170193	-1368
27.7915410995	-1368
27.7918460369	-1368
27.7918689251	-1368
27.7918870449	-1368
27.7920980453	-1368
27.7921159267	-1368
27.7921509743	-1368
27.7936799526	-1368
27.7936999798	-1368
27.7937231064	-1368
27.7937469482	-1368
27.7943439484	-1368
27.7943711281	-1368
27.7948100567	1368
27.7955229282	-1368
27.7955570221	-1368
27.7955770493	-1368
27.7956221104	-1368
27.7960591316	-1368
27.7960910797	-1368
27.7961089611	-1368
27.7967150211	-1368
27.7968020439	-1368
27.7968099117	-1368
27.7970509529	-1368
27.7970819473	-1368
27.7971029282	-1368
27.7973639965	-1368
27.7973999977	-1368
27.7974190712	-1368
27.7979669571	-1368
27.7979979515	-1368
27.7980699539	-1368
27.7984170914	-1368
27.7984449863	-1368
27.7984640598	-1368
27.800137043	-1368
27.8001580238	-1368
27.8002340794	-1368
27.8036401272	-1368
27.8036720753	-1368
27.8037269115	-1368
27.8043630123	-1368
27.8043899536	-1368
27.8044080734	-1368
27.8059051037	-1368
27.8059411049	-1368
27.80595994	-1368
27.8064310551	-1368
27.8064661026	-1368
27.8064830303	-1368
27.8067560196	-1368
27.8067939281	-1368
27.806812048	-1368
27.8081629276	1368
27.8091061115	-1368
27.8091270924	-1368
27.8091521263	-1368
27.8091731071	-1368
27.8099620342	-1368
27.8099780083	-1368
27.8100380898	-1368
27.8102650642	-1368
27.8102939129	-1368
27.810323	-1368
27.8103890419	-1368
27.8104159832	-1368
27.8129029274	-1368
27.8129239082	-1368
27.8129401207	-1368
27.8130669594	-1368
27.8132081032	-1368
27.8132369518	-1368
27.813313961	-1368
27.8135259151	-1368
27.8135499954	-1368
27.8135700226	-1368
27.8137710094	-1368
27.8137900829	-1368
27.8174901009	1368
27.818887949	1368
27.820235014	-1368
27.8202581406	-1368
27.8202810287	-1368
27.8203010559	-1368
27.8203599453	-1368
27.8203859329	-1368
27.8209319115	-1368
27.8224189281	-1368
27.8224470615	-1368
27.8224680424	-1368
27.8246791363	1368
27.8309080601	-1368
27.8309369087	-1368
27.8309509754	-1368
27.8310389519	-1368
27.8310749531	-1368
27.8310940266	-1368
27.8312449455	1368
27.8320169449	-1368
27.8320419788	-1368
27.8321650028	-1368
27.8321969509	-1368
27.8322150707	-1368
27.8325419426	1368
27.8334739208	-1368
27.833493948	-1368
27.8335299492	-1368
27.8335900307	-1368
27.8336210251	-1368
27.8337430954	-1368
27.8337700367	-1368
27.8361620903	-587
27.8361849785	235
27.8388829231	-1368
27.8389019966	-1368
27.8391649723	-1368
27.8400330544	-1368
27.8400499821	-1368
27.8400540352	-1368
27.8403580189	-1368
27.8403661251	-1368
27.8403730392	-1368
27.8406510353	-1368
27.8406610489	-1368
27.8406689167	-1368
27.8409569263	-1368
27.8409759998	-1368
27.84100914	-1368
27.8413391113	-1368
27.8413500786	-1368
27.8413541317	-1368
27.8416390419	-1368
27.8416731358	-1368
27.8416910172	-1368
27.8418319225	-1368
27.8420500755	-1368
27.8420760632	-1368
27.8431270123	-1368
27.843157053	-1368
27.8431861401	-1368
27.8432109356	-1368
27.8438620567	1368
27.9024789333	-1368
27.902504921	-1368
27.9025359154	-1368
27.902807951	-1368
27.9028251171	-1368
27.9028811455	-1368
27.9032199383	-1368
27.903247118	-1368
27.9033019543	-1368
27.9034540653	-1368
27.9034719467	-1368
27.9035470486	-1368
27.9037871361	-1368
27.9038040638	-1368
27.9038901329	-1368
27.9041199684	-1368
27.9041450024	-1368
27.9042220116	-1368
27.9058549404	-1368
27.9058849812	-1368
27.905903101	-1368
27.9065070152	-1368
27.9065449238	-1368
27.9065630436	-1368
27.9068551064	-1368
27.9068830013	-1368
27.9069330692	-1368
27.9071090221	-1368
27.9071149826	-1368
27.9072101116	-1368
27.9075460434	-1368
27.9075601101	-1368
27.9075710773	-1368
27.9103419781	-1368
27.9103720188	-1368
27.9103770256	-1368
27.9106450081	1368
27.9106531143	-1368
27.9106879234	-1368
27.9107050896	-1368
27.9110090733	-1368
27.9110319614	-1368
27.9110519886	-1368
27.9113309383	-1368
27.9113640785	-1368
27.9113819599	-1368
27.9121921062	-1368
27.9122259617	-1368
27.9122440815	-1368
27.9122900963	-1368
27.9125189781	-1368
27.9125621319	-1368
27.9128661156	-1368
27.9128980637	-1368
27.9129190445	-1368
27.9129741192	-1368
27.9131910801	-1368
27.913216114	-1368
27.9135229588	-1368
27.913547039	-1368
27.913574934	-1368
27.9138679504	-1368
27.9138939381	-1368
27.9139249325	-1368
27.9142050743	-1368
27.9142310619	-1368
27.9142570496	-1368
27.9143099785	-1368
27.914648056	-1368
27.9146800041	-1368
27.9147000313	-1368
27.915802002	-1368
27.9158251286	-1368
27.9158480167	-1368
27.9199080467	1368
27.9218699932	-1368
27.9218990803	-1368
27.9219429493	-1368
27.9300210476	-1368
27.9300639629	-1368
27.9300699234	-1368
27.9309899807	-1368
27.9310131073	-1368
27.9310309887	-1368
27.9313800335	-1368
27.931401968	-1368
27.9314520359	-1368
27.9315829277	-1368
27.9316010475	-1368
27.9318990707	-1368
27.9319250584	-1368
27.9320089817	-1368
27.9322419167	-1368
27.9322590828	-1368
27.9325680733	-1368
27.9325931072	-1368
27.9326210022	-1368
27.9329071045	-1368
27.9329259396	-1368
27.932954073	-1368
27.9330329895	-1368
27.9333240986	-1368
27.9333429337	-1368
27.934016943	-1368
27.9340269566	1368
27.9340479374	-1368
27.9340670109	-1368
27.9341340065	-1368
27.9400210381	-1368
27.9400539398	-1368
27.940071106	-1368
27.9463720322	-1368
27.9464080334	-1368
27.9464509487	-1368
27.9466440678	-1368
27.9466819763	-1368
27.9466991425	-1368
27.9468669891	-1368
27.9468939304	-1368
27.9470949173	-1368
27.9471120834	-1368
27.9473919868	1368
27.9484109879	-1062
27.948444128	219
27.9712131023	-1368
27.971241951	-1368
27.9712600708	-1368
27.9713790417	-1368
27.9713969231	-1368
27.9714260101	-1368
27.9714610577	-1368
27.9714860916	-1368
27.9715390205	-1368
27.9715709686	-1368
27.9715890884	-1368
27.9716179371	-1368
27.9716720581	-1368
27.9717020988	-1368
27.9717209339	-1368
27.9720160961	-1368
27.9720480442	-1368
27.972069025	-1368
27.9722340107	-1368
27.9722621441	-1368
27.9723250866	-1368
27.9726810455	-1368
27.9727139473	-1368
27.9727330208	-1368
27.9729859829	-1368
27.9730210304	-1368
27.9730389118	-1368
27.9733440876	-1368
27.973375082	-1368
27.9733939171	-1368
27.9843459129	-1368
27.9843699932	-1368
27.9843900204	-1368
27.9847970009	-1368
27.9850449562	-1368
27.9850759506	-1368
27.9851360321	-1368
27.9854860306	-1368
27.9855210781	-1368
27.9855389595	-1368
27.9862060547	-1368
27.9862320423	-1368
27.9862589836	-1368
27.9866199493	-1368
27.9866440296	-1368
27.9866631031	-1368
27.9870829582	-1368
27.9871110916	-1368
27.9871530533	-1368
27.98762393	-1368
27.9876570702	-1368
27.9922680855	-1368
27.9922940731	-1368
27.9923090935	-1368
27.992609024	1368
27.9928400517	-1368
27.992857933	-1368
27.9928951263	-1368
27.9929120541	-1368
27.9931509495	-1368
27.9931781292	-1368
27.9932661057	-1368
27.9936110973	-1368
27.9936420918	-1368
27.9936630726	-1368
27.9939329624	-1368
27.9939689636	-1368
27.9940059185	-1368
27.9941799641	-1368
27.9942071438	-1368
27.9942820072	-1368
27.9945340157	-1368
27.9945521355	-1368
27.9948339462	-1368
27.9948670864	-1368
27.9948849678	-1368
27.995182991	-1368
27.9952099323	-1368
27.9952340126	-1368
27.9955229759	-1368
27.9955630302	-1368
27.9955980778	-1368
27.9960930347	-1368
27.9961280823	-1368
27.99614501	-1368
28.0038080215	-1368
28.003827095	-1368
28.0038421154	-1368
28.0038709641	-1368
28.0040769577	-1368
28.0041050911	-1368
28.0042750835	1368
28.0045509338	-1368
28.0045759678	-1368
28.0045931339	-1368
28.0048749447	-1368
28.0049099922	-1368
28.0049290657	-1368
28.0053319931	-1368
28.0053589344	-1368
28.0053861141	-1368
28.0054879189	-1368
28.0061659813	-1368
28.0061929226	-1368
28.0065379143	-1368
28.0065779686	-1368
28.0065960884	-1368
28.0067150593	-1368
28.0105309486	-1368
28.0105550289	-1368
28.0105800629	-1368
28.01060009	-1368
28.0106170177	-1368
28.0106499195	-1368
28.0112469196	-1368
28.0112791061	-1368
28.0112991333	-1368
28.0113320351	-1368
28.0113489628	-1368
28.0113840103	-1368
28.0119240284	-1368
28.0119469166	-1368
28.0119650364	-1368
28.0121901035	1368
28.0126690865	-1368
28.0127339363	-1368
28.012761116	-1368
28.0127789974	-1368
28.0128109455	-1368
28.0128359795	-1368
28.0133569241	-1368
28.0133919716	-1368
28.0134100914	-1368
28.0143311024	-1368
28.0143520832	-1368
28.0143809319	-1368
28.0143990517	-1368
28.0144379139	-1368
28.0144820213	-1368
28.0144989491	-1368
28.0145320892	-1368
28.0145580769	-1368
28.0220849514	-1368
28.0221140385	-1368
28.0221300125	-1368
28.0250780582	-1368
28.0251049995	-1368
28.0251400471	-1368
28.0255229473	-1368
28.0255489349	-1368
28.0255670547	-1368
28.0261230469	-1368
28.0261650085	-1368
28.0261831284	-1368
28.0264730453	-1368
28.0265009403	-1368
28.0265610218	-1368
28.0281391144	-1368
28.0281670094	-1368
28.0286290646	-1368
28.0286660194	-1368
28.0286939144	-1368
28.0287210941	-1368
28.0290179253	-1368
28.029045105	-1368
28.030493021	-1368
28.0305120945	-1368
28.0305171013	-1368
28.0307450294	-1368
28.0307719707	-1368
28.0308039188	-1368
28.0337190628	-1368
28.0337450504	-1368
28.0337710381	-1368
28.040336132	-1368
28.0403671265	-1368
28.0403831005	-1368
28.0403990746	-1368
28.0531270504	-1368
28.0532290936	-1368
28.0533120632	-1368
28.0533289909	-1368
28.053622961	-1368
28.053647995	-1368
28.0536730289	-1368
28.0536789894	-1368
28.054265976	-1368
28.0542869568	-1368
28.054320097	-1368
28.0543470383	-1368
28.0543649197	-1368
28.0544250011	-1368
28.0546700954	-1368
28.05468297	-1368
28.0550210476	-1368
28.0550479889	-1368
28.0550730228	-1368
28.0554509163	1368
28.0563759804	-1368
28.0563950539	-1368
28.0564141273	-1368
28.0565009117	-1368
28.0566310883	-1368
28.0566570759	-1368
28.0567541122	-1368
28.0568730831	-1368
28.0568909645	-1368
28.05717206	-1368
28.0572040081	-1368
28.0572309494	-1368
28.0572469234	-1368
28.0574600697	-1368
28.0574929714	-1368
28.0575120449	-1368
28.057997942	-1368
28.0580301285	-1368
28.0580561161	-1368
28.0584969521	-1368
28.0585269928	-1368
28.0585501194	-1368
28.0587780476	-1368
28.0588080883	-1368
28.0588350296	-1368
28.0597651005	-308
28.0597920418	1044
28.0599689484	-1368
28.0599870682	-1368
28.0600869656	-1368
28.0636930466	-1368
28.0887451172	-1368
28.0978360176	-1368
28.0979690552	-1368
28.0981690884	-1368
28.0983901024	-1368
28.0984239578	-1368
28.0988819599	-1368
28.0988991261	-1368
28.0989201069	-1368
28.099009037	-1368
28.0990509987	-1368
28.0991010666	-1368
28.0994300842	-1368
28.0994579792	-1368
28.0994799137	-1368
28.0995869637	-1368
28.0999100208	-1368
28.0999341011	-1368
28.1004459858	-1368
28.1004710197	-1368
28.100497961	-1368
28.1033520699	-1368
28.1033849716	-1368
28.1034071445	-1368
28.1034240723	-1368
28.1037259102	1368
28.1038780212	-1368
28.1039149761	-1368
28.1039350033	-1368
28.1041250229	-1368
28.1041510105	-1368
28.1041691303	-1368
28.1044650078	-1368
28.1044909954	-1368
28.1156580448	-1368
28.1156880856	-1368
28.1157131195	-1368
28.1228370667	-1368
28.1277139187	-1368
28.1277360916	-1368
28.1278071404	-1368
28.1301059723	-1368
28.1301290989	-1368
28.1301600933	-1368
28.1303091049	-1368
28.1303341389	-1368
28.1303610802	-1368
28.1327240467	-1368
28.1327490807	-1368
28.1327769756	-1368
28.1328709126	-1368
28.132889986	-1368
28.1329250336	-1368
28.1333489418	-1368
28.133384943	-1368
28.1334040165	-1368
28.133480072	-1368
28.1334991455	-1368
28.1335289478	-1368
28.1337890625	-1368
28.1338510513	-1368
28.1338760853	-1368
28.1411850452	-1368
28.1412060261	-1368
28.1412220001	-1368
28.1489441395	-1368
28.1491401196	-1368
28.1491580009	-1368
28.1500871181	-1368
28.15011096	-1368
28.1501290798	-1368
28.1595540047	-1368
28.1595959663	-1368
28.1596019268	-1368
28.1599481106	-1368
28.1599779129	-1368
28.1600301266	-1368
28.1600830555	-1368
28.1601150036	-1368
28.1601340771	-1368
28.1604399681	-1368
28.160474062	-1368
28.1605420113	-1368
28.1605679989	-1368
28.1606419086	-1368
28.1606690884	-1368
28.160697937	-1368
28.1614451408	1368
28.1682150364	-1368
28.1682460308	-1368
28.1682629585	-1368
28.1683990955	-1368
28.168432951	-1368
28.1684539318	-1368
28.1687059402	-1368
28.1687381268	-1368
28.1687560081	-1368
28.1709229946	-1368
28.1709489822	-1368
28.1709549427	-1158
28.1709649563	1065
28.1782040596	-1368
28.1782290936	-1368
28.2285869122	-1368
28.2820050716	-638
28.2833571434	1368
28.2834720612	203
28.3602199554	-1368
28.3669559956	-1368
28.3930599689	-522
28.4049589634	-1368
28.4049921036	-1368
28.4049990177	-1368
28.4052770138	-1368
28.4053120613	-1368
28.4053509235	-1368
28.4299860001	-1368
28.4300260544	-1368
28.4300329685	-1368
28.462594986	-1368
28.462624073	-1368
28.4626469612	-1368
28.4632430077	-1368
28.4943931103	-1368
28.4949810505	543
28.5158600807	-214
28.5226309299	1368
28.5379519463	-1368
28.550180912	-1368
28.5502130985	-1368
28.5685999393	-1368
28.5686340332	-1368
28.5845870972	-1368
28.5868980885	-1368
28.5869591236	-1368
28.5887811184	1368
28.6283109188	-1368
28.6283431053	464
28.6336970329	-430
28.6664209366	-1368
28.6867620945	-1368
28.7052640915	-1368
28.7120690346	-1368
28.7282290459	-1368
28.7466220856	-1368
28.7467329502	543
28.7467780113	-1368
28.7792489529	-509
28.8046340942	-1368
28.8650951385	-1368
28.8774440289	-1368
28.8846240044	-1368
28.8941040039	-928
28.8955039978	-1368
28.9080870152	-1368
28.9199290276	-1368
28.9244520664	-1368
28.9363889694	-1368
28.9428470135	-1368
28.9479730129	-1368
28.9580011368	-1368
28.9683310986	-1368
28.9777510166	-1368
28.9804069996	-1368
28.9997389317	-1368
28.9999251366	-1368
29.000123024	543
29.0061190128	-873
29.01998806	-1368
29.0214400291	-1368
29.0333340168	-1368
29.0398480892	-1368
29.0478880405	-1368
29.0610730648	-1368
29.0623829365	-1368
29.0731220245	-1368
29.0792999268	-1368
29.093380928	-1368
29.0938401222	-1368
29.0938670635	-1368
29.0976960659	-1368
29.1148929596	-1368
29.114923954	543
29.1218559742	-1368
29.1271350384	-1368
29.1272690296	-1368
29.1286020279	-1368
29.1341400146	-433
29.1613340378	-1368
29.1622490883	-1368
29.1667690277	-1368
29.1724839211	-1368
29.1732840538	-1368
29.186809063	-1368
29.1868340969	-1368
29.1868510246	-1368
29.201980114	-1368
29.203576088	-1368
29.210734129	-1368
29.2224011421	-1368
29.2226140499	-1368
29.2321810722	-1368
29.2322049141	543
29.2322149277	-1368
29.2405149937	-1368
29.2682831287	-1368
29.2722270489	-114
29.2872960567	-1368
29.3832991123	-1260
29.5290141106	543
29.7013349533	-543
29.7014739513	-1368
29.7015080452	-1368
29.7200629711	-1368
29.7200930119	-1368
29.7201099396	-1368
29.7654631138	-1368
29.8124611378	-1189
30.3402631283	-543
30.3594801426	-1368
30.4513361454	-1231
30.4526040554	1057
30.5636060238	543
30.7181379795	-543
30.718362093	-1368
30.7183859348	-1368
30.7188460827	-1368
30.7188870907	-1368
30.7189049721	-1368
30.7191269398	1057
30.7371151447	-1368
30.7371361256	-1368
30.7371520996	-1368
30.7634091377	-1368
30.7634460926	-1368
30.7634539604	-1368
30.7816820145	-1368
30.8292999268	-807
30.9381380081	543
30.9920949936	-543
30.9926409721	-1368
30.9926600456	-1368
31.0005369186	543
31.0106110573	-1368
31.0106430054	-1368
31.0106649399	-1368
31.0543539524	-1368
31.0543830395	-1368
31.1031210423	-1363
31.1035749912	543
31.214124918	-543
31.3989460468	-1368
31.398982048	-1368
31.3990111351	-1368
31.4005229473	-95
31.4168760777	-1368
31.4169111252	-1368
31.4189019203	1368
31.4190459251	203
31.4424960613	-1368
31.4592199326	-1368
31.5116231441	-1297
31.7564790249	-543
31.7567100525	-1368
31.7567329407	-1368
31.7571530342	-1368
31.7572140694	-1368
31.7572309971	-1368
31.7578620911	543
31.7750079632	-1368
31.7750389576	-1368
31.7750580311	-1368
31.8006470203	-1368
31.8006811142	-1368
31.8006880283	-1368
31.8006939888	-1368
31.8007030487	-1368
31.8007359505	-1368
31.8187599182	-1368
31.8187999725	-1368
31.818805933	-1368
31.8678870201	-707
31.8687410355	543
31.9797699451	-543
31.9797999859	1086
32.2874441147	-543
32.3069241047	-1368
32.4178900719	-203
32.4184429646	543
32.6362149715	-543
32.6546339989	-1368
32.7658860683	-203
33.8086221218	-543
33.9401509762	543
34.0598230362	543
36.2334029675	-565
