0	543
0.153996944427	-543
0.154233932495	543
0.342633962631	-1420
0.34265089035	-1420
0.342707872391	-787
0.382131814957	543
0.439735889435	-1420
0.439755916595	-1420
0.439812898636	-787
0.440455913544	-1420
0.440491914749	-1420
0.440494775772	-1330
0.474964857101	-543
0.481910943985	-543
0.516234874725	543
0.536101818085	-1420
0.536152839661	-665
0.649194955826	-543
0.649437904358	543
0.650311946869	1460
0.650371789932	625
0.663279771805	-543
0.783623933792	-543
0.827751874924	-1420
0.827832937241	-1420
0.827837944031	-1420
0.82789182663	-1420
0.827893972397	-1420
0.827980995178	-154
0.827982902527	-1348
0.828023910522	-1420
0.828030824661	-859
0.828090906143	-1420
0.828092813492	-1276
0.828127861023	-1420
0.82813000679	-54
0.828410863876	543
0.834689855576	543
0.834780931473	543
0.863241910934	-543
0.924776792526	-1420
0.924806833267	-1420
0.924848794937	-787
0.925050973892	-1420
0.925054788589	-1420
0.925092935562	-1420
0.925094842911	-453
0.925212860107	-1420
0.925216913223	-1420
0.925254821777	-787
0.925450801849	543
0.925610780716	-1420
0.925765991211	-1420
0.92578792572	-1420
0.925799846649	-36
0.925817966461	-1420
0.925820827484	-54
0.925835847855	-1420
0.925837993622	-1276
0.925853967667	-931
0.926001787186	-1420
0.926021814346	-665
0.926132917404	-1420
0.926169872284	-1420
0.926172971725	-787
0.926286935806	-1420
0.926289796829	-1420
0.926325798035	-787
0.926587820053	1460
0.926634788513	111
0.954124927521	-1348
0.959302902222	-1420
0.959357976913	-1420
0.959360837936	-1420
0.959404945374	-1132
0.959407806396	-1348
0.961396932602	-1338
0.961493968964	543
1.02156686783	-1420
1.02158594131	-1420
1.02166986465	-1420
1.02167391777	-1420
1.02172780037	-1420
1.02173185349	-154
1.02177381516	-1420
1.02177596092	-1276
1.02192878723	-1420
1.02193188667	-54
1.02207398415	-1420
1.02207684517	-1420
1.02209591866	-1330
1.022097826	-1348
1.02218079567	-1420
1.02218389511	-917
1.02241396904	-1420
1.02241778374	-1420
1.02241897583	-787
1.02246785164	-1420
1.02247095108	-1420
1.02247190475	-787
1.02259278297	-1420
1.02259588242	-180
1.0419948101	543
1.04227089882	543
1.08651590347	543
1.09369897842	-1420
1.09370589256	-151
1.1104798317	-1420
1.11048984528	-1420
1.11055088043	-787
1.11071586609	-1420
1.11075592041	-1179
1.11123085022	-1420
1.11127090454	-1420
1.11127281189	-787
1.11133694649	-1420
1.11133980751	-1420
1.1113858223	-787
1.11255192757	543
1.11299586296	543
1.1198887825	-1420
1.11989378929	-1420
1.11993288994	-1330
1.12037277222	-1420
1.12041187286	-1420
1.12041378021	-787
1.12064790726	-1420
1.1206510067	-1420
1.1206870079	-816
1.12068891525	-1420
1.1207318306	-1420
1.12073493004	-273
1.12073588371	-1348
1.1208717823	-1420
1.12087488174	-1420
1.12087583542	-1420
1.12087798119	-618
1.13190793991	543
1.13207793236	543
1.18231391907	543
1.23220586777	543
1.24496293068	-543
1.24507689476	543
1.24531888962	1460
1.24536585808	1460
1.24540996552	1161
1.24550199509	1117
1.25114583969	-543
1.26200890541	543
1.28987693787	1460
1.2899749279	111
1.34740877151	-543
1.34769678116	-1420
1.34775781631	-1420
1.34776091576	-787
1.34821391106	-1420
1.34821891785	-1420
1.34826588631	-787
1.35016179085	-1420
1.35020184517	-694
1.35053300858	-1420
1.35058283806	-1420
1.3505859375	-787
1.35063695908	-1420
1.3506398201	-1420
1.35068392754	-787
1.3547577858	-1420
1.35483694077	-1420
1.35483980179	-1330
1.35487699509	-1420
1.35487890244	-1276
1.35491299629	-931
1.35501885414	543
1.3551568985	-1420
1.35517096519	-1420
1.35520982742	-1330
1.35528588295	-1348
1.35584282875	-1420
1.35584688187	-1402
1.35591483116	-1420
1.35592579842	-1420
1.35596680641	-1420
1.35596895218	-453
1.36133384705	-1420
1.36133885384	-1420
1.36137580872	-787
1.36166477203	-1420
1.36170578003	-1420
1.3617169857	-1330
1.36175584793	-1420
1.3617579937	-1420
1.36180186272	-1330
1.36187577248	543
1.36202192307	-1420
1.36205291748	-1420
1.36209177971	-1420
1.36209392548	-453
1.36219000816	543
1.38342785835	-1420
1.38343381882	-665
1.3940038681	-1420
1.39401888847	-209
1.39421892166	543
1.39436793327	543
1.39706397057	-1420
1.39707899094	-1420
1.39712190628	-1420
1.39712381363	-1420
1.39715886116	-1420
1.39716100693	-154
1.39745783806	1460
1.39750695229	1460
1.39754080772	1161
1.39828681946	1117
1.39860796928	-1420
1.39861392975	-180
1.39876580238	-1420
1.39877891541	-665
1.39888691902	1460
1.39893198013	1460
1.39896678925	1161
1.39906477928	1117
1.40577292442	-1420
1.40577888489	-1420
1.40582299232	-787
1.41432499886	-1420
1.41435885429	-1179
1.43826985359	-1420
1.43833088875	-665
1.43833494186	-1420
1.43837189674	-1420
1.43837499619	-787
1.44397592545	-1420
1.44398188591	-1179
1.4451777935	-1420
1.44518399239	-1420
1.44526481628	-787
1.44526791573	-1420
1.44530391693	-1420
1.44530677795	-787
1.44545078278	543
1.44776797295	543
1.45359396935	-1420
1.45360994339	-1208
1.45391082764	-1420
1.45391583443	-1420
1.45395588875	-787
1.46011090279	-1420
1.4601547718	-1420
1.46015691757	-787
1.46771097183	-1420
1.46772789955	-1276
1.46777677536	-1420
1.4677798748	-1420
1.4678299427	-1420
1.46783185005	-841
1.46787595749	-1420
1.46787786484	-694
1.46808481216	543
1.46823191643	543
1.46838283539	543
1.46861886978	1460
1.46866297722	1460
1.46869778633	707
1.47899985313	-1420
1.47901296616	-1420
1.47905492783	-787
1.50169277191	-1420
1.50176596642	-1420
1.50177097321	-1420
1.50180792809	-1420
1.50181078911	-32
1.50294589996	-1420
1.50295090675	-1420
1.5029938221	-787
1.51012778282	-1420
1.51018691063	-665
1.51064491272	-1420
1.51068782806	-1420
1.51068997383	-1330
1.5111618042	-1420
1.51116585732	-1420
1.51118898392	-273
1.51157188416	-1420
1.51161384583	-1420
1.51161694527	-787
1.51168298721	-1420
1.51168489456	-1420
1.51171994209	-787
1.51206088066	-1420
1.51208281517	-151
1.51232385635	543
1.51532292366	-1348
1.51546978951	-1420
1.51551795006	-859
1.51586794853	-1420
1.51591587067	-1420
1.51592087746	-787
1.51698899269	-1420
1.51699590683	-1420
1.51704788208	-787
1.51762390137	-1420
1.51766681671	-1420
1.51766896248	-1420
1.51770377159	-424
1.51795077324	-1420
1.51796984673	-1420
1.51797199249	-787
1.51830077171	-1420
1.51830482483	-1420
1.5183057785	-1330
1.51859688759	1057
1.52272987366	-1420
1.52274990082	-1420
1.52278280258	-787
1.52926182747	-1420
1.52929782867	-1420
1.52930092812	-787
1.54099798203	-1420
1.5410118103	-1420
1.54106879234	-1330
1.54193687439	-1420
1.5419819355	-1420
1.54198479652	-1330
1.54963588715	-1420
1.54965186119	-1420
1.54969000816	-1420
1.54969191551	-453
1.54988193512	543
1.55516600609	-1420
1.55517077446	-1420
1.5552239418	-787
1.55522680283	-1348
1.55545496941	-1280
1.55557584763	-1420
1.55561685562	-1420
1.55561900139	-787
1.56496882439	-1420
1.56499099731	-1420
1.56503987312	-787
1.56510281563	-1420
1.56514286995	-1420
1.5651447773	-787
1.57506489754	-1420
1.57507896423	-1420
1.57513189316	-1420
1.57513380051	-715
1.57516980171	-1420
1.57517194748	-1313
1.57543897629	543
1.59850978851	-1420
1.59852790833	-1420
1.59856581688	-1330
1.59968090057	-1420
1.59971690178	-1420
1.59972000122	-1330
1.60617280006	-1420
1.60618281364	-1420
1.60624289513	-1330
1.61375188828	-1420
1.61381292343	-1420
1.61381697655	-1330
1.61386799812	-1420
1.61386990547	-1420
1.61391496658	-1420
1.61391687393	-1258
1.61395192146	-1420
1.61395382881	-1402
1.6139998436	-1420
1.61405491829	-1420
1.61409187317	-876
1.6145658493	-1420
1.61456990242	-1420
1.61457085609	-1420
1.61457180977	-1420
1.61457300186	-1097
1.61464500427	-1420
1.6146478653	-54
1.61489486694	-1420
1.61489892006	-1420
1.61489987373	-1330
1.61508393288	-1420
1.6150867939	-1420
1.61508893967	-1330
1.6176378727	543
1.61850881577	543
1.62664079666	-1420
1.62666797638	-1420
1.62672281265	-1330
1.62672591209	-1420
1.62676095963	-1420
1.62676286697	-1330
1.62727999687	543
1.63519096375	-1420
1.6352159977	-1420
1.63527488708	-1420
1.63527798653	-1420
1.63531398773	-1420
1.63531589508	-1240
1.63897681236	-1420
1.63898992538	-1420
1.63905096054	-876
1.64128994942	543
1.64654779434	-1420
1.64656591415	-1420
1.64662289619	-1241
1.65401077271	-1420
1.65407800674	-1420
1.65408277512	-1330
1.65423798561	543
1.66151380539	-1420
1.66152596474	-1420
1.66158699989	-1330
1.66158986092	-1420
1.66163492203	-1420
1.66163682938	-1330
1.66197896004	-89
1.66469693184	543
1.67204499245	-1420
1.67205190659	-1420
1.6720969677	-1241
1.67209982872	-1420
1.67213392258	-1420
1.6721367836	-1330
1.67236280441	-1420
1.67236685753	-1420
1.67239689827	-1330
1.69689488411	-1420
1.6969628334	-1420
1.69696593285	-876
1.69700193405	-1420
1.69700479507	-1420
1.69705080986	-1241
1.69758582115	-1420
1.69763183594	-1276
1.69775295258	-1420
1.69778990746	-54
1.6994099617	-89
1.71122789383	-1420
1.7112557888	-1420
1.71125888824	-1241
1.71154499054	543
1.71169996262	543
1.71307778358	-1420
1.71308279037	-1420
1.71312594414	-1330
1.71322393417	-1420
1.71325588226	-1276
1.71325778961	-1420
1.71327400208	-54
1.71345496178	-1420
1.71349596977	-1276
1.71349787712	-1420
1.71353292465	-54
1.71364188194	-1420
1.71368193626	-1420
1.71368384361	-1330
1.71382689476	-1420
1.71382880211	-1420
1.7138299942	-1330
1.71394681931	-1420
1.71398496628	-1420
1.71398687363	-876
1.72343087196	-1420
1.72344088554	-1420
1.72349095345	-1420
1.72349286079	-1420
1.72352790833	-1420
1.72352981567	-1151
1.73235988617	-1420
1.7323679924	-1420
1.73240590096	-1330
1.7324078083	-1420
1.73242378235	-1420
1.73242592812	-1330
1.7325937748	543
1.73588180542	-1420
1.7358880043	-1420
1.73592686653	-1330
1.736317873	543
1.74357700348	-1420
1.74358677864	-1420
1.74362492561	-1330
1.74961686134	-1420
1.74966478348	-1420
1.74966788292	-1330
1.74970388412	-1420
1.74970698357	-1420
1.749740839	-876
1.75815391541	-1420
1.75820183754	-1420
1.75820684433	-1241
1.76173400879	543
1.7676448822	-1420
1.76765084267	-1420
1.76769399643	-1330
1.7677989006	-1420
1.76783800125	-1420
1.76784992218	-1330
1.7711148262	-89
1.79255795479	-1420
1.79263496399	-1420
1.79264092445	-1420
1.79269194603	-1420
1.79269385338	-1420
1.79273080826	-1151
1.79343795776	-1420
1.79349684715	-1420
1.79349994659	-1330
1.79466986656	-1420
1.79468297958	-1420
1.79471588135	-1330
1.79838585854	-543
1.80511498451	-1420
1.80513095856	-1420
1.80513286591	-1420
1.80513381958	-1420
1.80513477325	-1420
1.80513596535	-786
1.80983686447	-1420
1.80984377861	-1420
1.80989098549	-1241
1.80998182297	1057
1.82235193253	-1420
1.82235789299	-1420
1.82240080833	-1330
1.82250595093	-1420
1.82255291939	-1276
1.82261490822	-1420
1.82265090942	-54
1.82276892662	-1420
1.82281279564	-1420
1.82281494141	-1330
1.82313489914	-1420
1.82313799858	-1420
1.82317495346	-1330
1.82353377342	-1420
1.82353687286	-1420
1.82353782654	-1330
1.82378697395	-1420
1.82378983498	-1276
1.8238799572	-1420
1.82388281822	-54
1.82926487923	-1420
1.82926893234	-1420
1.82926988602	-1420
1.82927179337	-1420
1.82927298546	-732
1.82950782776	-1385
1.83343577385	-1420
1.83343982697	-1420
1.83344078064	-1330
1.83348989487	-1420
1.83349180222	-1420
1.83349299431	-1330
1.84052991867	-1420
1.84053492546	-1420
1.84053587914	-1330
1.84093689919	543
1.84112286568	543
1.84654784203	-1420
1.84655594826	-1420
1.84660387039	-1330
1.84671497345	543
1.85517978668	-1420
1.85519599915	-1420
1.85525393486	-1330
1.85525679588	-1420
1.85529184341	-1420
1.85529398918	-1330
1.861743927	543
1.86192989349	543
1.86467885971	-1420
1.86468696594	-1420
1.86473083496	-1330
1.88188791275	-89
1.88496279716	-1420
1.88501191139	-1420
1.88501596451	-787
1.88506293297	-1420
1.88506579399	-1420
1.88510084152	-1241
1.8905749321	-1420
1.89065384865	-1420
1.89065694809	-1330
1.89069890976	-1420
1.89070987701	-1276
1.89074778557	-1420
1.89074993134	-54
1.89140582085	-1420
1.89141178131	-1420
1.89145278931	-1330
1.89155483246	543
1.9013209343	-1420
1.90134191513	-1420
1.90137600899	-1330
1.90683698654	-1420
1.90692591667	-1420
1.90692877769	-1330
1.90696978569	-1420
1.90697288513	-1276
1.90711688995	-1420
1.9071199894	-54
1.91772079468	-1420
1.91772985458	-1420
1.91777992249	-1330
1.92621779442	-1420
1.92628788948	-1420
1.9262919426	-876
1.92630982399	-1420
1.92631196976	-1420
1.92632699013	-1241
1.92649292946	-1420
1.92654085159	-1276
1.92678689957	-1420
1.92683577538	-1402
1.92683792114	-1420
1.92688298225	-1402
1.9268848896	-1348
1.92688679695	-1348
1.92699289322	-1420
1.92699599266	-54
1.92713189125	-1420
1.92713499069	-1420
1.92713594437	-1330
1.92738294601	543
1.93041586876	-1420
1.93042683601	-1420
1.93047690392	-1330
1.93126296997	543
1.9655418396	-89
1.9808678627	-1420
1.98094391823	-1420
1.98094892502	-273
2.00955200195	543
2.02677297592	543
2.09863781929	-543
2.12952899933	543
2.28395295143	-1420
2.28397989273	-665
2.29795980453	543
2.4817738533	-543
2.49177789688	543
2.52666378021	-543
2.52684783936	543
2.62718296051	-1420
2.62720799446	-151
2.7239818573	-1057
2.83516478539	543
2.94343900681	-1420
2.94350981712	-1420
2.94355297089	-787
2.94934296608	543
2.94977784157	543
3.09443187714	-543
3.23232197762	-1420
3.23246788979	-1420
3.23255777359	-1420
3.23264598846	-1420
3.23272895813	-1420
3.23281288147	-154
3.24114584923	-1420
3.24130892754	-1420
3.24140095711	-1420
3.2415728569	-1420
3.24172091484	-1420
3.24172782898	-726
3.24181890488	-1420
3.24182581902	-1420
3.24195790291	-273
3.2419629097	-1420
3.24210786819	-1420
3.24211478233	-273
3.24211788177	-1420
3.24212098122	-1420
3.24212288857	-273
3.24212479591	-1420
3.24216294289	-1420
3.24216580391	-273
3.242166996	-1420
3.24216794968	-1420
3.24216890335	-787
3.2421708107	-1420
3.24217200279	-1179
3.24252581596	543
3.24278092384	543
3.24585294724	-1420
3.2458589077	-1420
3.24591088295	-273
3.24618387222	-1420
3.24627780914	-1420
3.24628186226	-273
3.24631786346	-1420
3.24632096291	-1420
3.24635481834	-273
3.24646186829	-1420
3.24650096893	-1420
3.24650382996	-787
3.2467148304	-1420
3.24671792984	-1208
3.24681997299	-1420
3.24682188034	-1420
3.24685883522	-273
3.24696397781	543
3.24710392952	-1420
3.24710798264	-1420
3.2471549511	-1420
3.24715685844	-1420
3.2471909523	-546
3.25360488892	-1420
3.25365185738	-1420
3.25365495682	-787
3.25372099876	-1420
3.25372290611	-1179
3.25383687019	-1420
3.25383996964	-1420
3.25388598442	-787
3.25397491455	-1420
3.2540128231	-1420
3.25402092934	-787
3.25414681435	-1420
3.25414896011	-1276
3.25424981117	-1420
3.25425195694	-54
3.25436592102	543
3.25451493263	543
3.25467586517	-1420
3.25467991829	-1420
3.25469779968	-787
3.25473999977	-1348
3.25479984283	-1348
3.25500679016	-960
3.25509691238	-1420
3.25509977341	-1420
3.25513887405	-273
3.25982785225	-1420
3.25986886024	-1420
3.25987195969	-787
3.26227593422	-1420
3.26228094101	-1179
3.26232886314	-1420
3.26233196259	-1420
3.2623667717	-787
3.33813786507	-1420
3.33816194534	-1420
3.33822083473	-787
3.33822584152	-1420
3.33825492859	-1420
3.33825993538	-1330
3.3385078907	543
3.33942699432	-1420
3.3394408226	-1420
3.33956098557	-1420
3.33956694603	-453
3.33965182304	-1420
3.33965682983	-1420
3.33973789215	-787
3.34027290344	-1420
3.34041595459	-1420
3.34042191505	-1420
3.34050583839	-1420
3.34051179886	-1420
3.3405148983	-697
3.34051799774	-1420
3.34051990509	-1420
3.34052300453	-1330
3.34061193466	-1420
3.34061479568	-1208
3.34061694145	-1420
3.34061980247	-1276
3.34073781967	-931
3.3419778347	543
3.34235477448	543
3.34256386757	-1420
3.34256792068	-1420
3.34260678291	-787
3.34318089485	-1420
3.34321379662	-1420
3.34321689606	-1241
3.35034799576	-1420
3.3503677845	-1420
3.35040688515	-1330
3.3504087925	-1420
3.35043478012	-1420
3.35043692589	-1330
3.38524389267	-89
3.4215259552	-1057
4.27475190163	-543
4.81496787071	543
4.83090281487	543
4.95634889603	-543
4.95656681061	543
5.10123896599	-1420
5.10125589371	-1420
5.10131597519	-787
5.10148596764	543
5.19723200798	-1420
5.19725990295	-1420
5.19730782509	-787
5.19731092453	-1420
5.19733691216	-180
5.19809985161	-1420
5.19815397263	-1420
5.19815683365	-787
5.29431390762	-1420
5.29433178902	-1420
5.29438900948	-787
5.2948679924	-1420
5.29491090775	-1420
5.29491400719	-1330
5.29531383514	-1420
5.29531788826	-1420
5.29535698891	-1330
5.29593777657	-1420
5.29597687721	-1420
5.29597997665	-1330
5.29651498795	543
5.3308429718	-543
5.33145093918	543
5.33204293251	543
5.49133896828	-1420
5.49135780334	-1420
5.49141383171	-787
5.49342679977	543
5.49418878555	1057
5.6402528286	-1420
5.64028286934	-1420
5.6403567791	-787
5.6405878067	543
5.74721884727	-1420
5.74723982811	-1420
5.74728298187	-787
5.74770092964	-1420
5.74773478508	-209
5.74787187576	543
5.75512099266	543
5.77177286148	-543
5.84414887428	-543
5.94104599953	-1057
6.0507478714	-1348
6.05082082748	-1420
6.05087590218	-859
6.0530128479	543
6.18536400795	-543
6.18547797203	543
6.32863497734	-1057
6.35056996346	543
6.53174591064	-1420
6.53177499771	-1420
6.53184890747	-1420
6.53185486794	-1420
6.53189396858	-1420
6.53189992905	-154
6.53193688393	-1420
6.53194189072	-1208
6.53879189491	-1420
6.53880786896	-1420
6.53889489174	-1420
6.5389008522	-715
6.53894090652	-1251
6.63835191727	-1420
6.63836884499	-1179
6.67479991913	-93
