0	543
0.188081979752	-543
0.189548015594	543
0.390915155411	-543
0.391184091568	-1420
0.391242980957	-1316
0.415876150131	-1420
0.415954113007	-1316
0.415959119797	-1368
0.416051149368	-1368
0.416136980057	-1368
0.416435956955	-1420
0.416440963745	-1316
0.416546106339	543
0.457242012024	543
0.516062021255	543
0.525642156601	-1197
0.726834058762	-543
0.73348402977	543
0.734243154526	1460
0.734358072281	625
0.868345975876	-543
0.913985013962	-1420
0.914066076279	-1420
0.914071083069	-1264
0.914126157761	-1420
0.914129018784	-1316
0.914390087128	-1420
0.914392948151	-1316
0.914642095566	-1368
0.925577163696	-1420
0.925642967224	-1316
0.925647974014	-1368
1.00324606895	-1420
1.00326299667	-1316
1.04859495163	-1420
1.04861116409	-1420
1.04866695404	-1264
1.04867005348	-1420
1.04870605469	-1420
1.04870915413	-1420
1.04874396324	-1212
1.04910612106	-1420
1.04914212227	-924
1.04922294617	543
1.06141614914	-1368
1.07102203369	-1420
1.07106804848	-1316
1.07117700577	-1420
1.07122516632	-1316
1.09995102882	-1420
1.1000161171	-1316
1.13788509369	-1420
1.1379339695	-1420
1.13793802261	-1264
1.18324804306	-1420
1.18326616287	-1420
1.18333101273	-1264
1.18333411217	-1420
1.18337798119	-1420
1.18338108063	-1420
1.18342804909	-1212
1.18342995644	-1420
1.18347501755	-1316
1.18347811699	-1420
1.18352198601	-1316
1.18352413177	-1368
1.18376207352	543
1.18392515182	543
1.20568203926	-1420
1.20569801331	-1420
1.20573616028	-1420
1.2057390213	-1420
1.20576500893	-1420
1.20576810837	-1420
1.20578503609	-1056
1.23466706276	-1420
1.23471808434	-1420
1.23472213745	-1264
1.2725880146	-1420
1.27260494232	-1420
1.27266311646	-1264
1.27266597748	-1368
1.31779193878	-1420
1.31781101227	-1420
1.31784915924	-1420
1.31785202026	-1420
1.31787014008	-1420
1.31787204742	-374
1.31880402565	543
1.35649108887	1460
1.356580019	625
1.37568807602	543
1.55600905418	543
1.5702149868	-543
1.57076907158	-1368
1.57080602646	-1368
1.57098603249	-1368
1.58233594894	-1420
1.58234906197	-1316
1.58240294456	-1420
1.58240604401	-1316
1.58282494545	-1420
1.58283114433	-1316
1.58297109604	-1368
1.58305597305	543
1.58316016197	-1368
1.58329200745	-1368
1.59409403801	-1368
1.59410715103	-1368
1.59424710274	-1368
1.59472799301	-1368
1.59495615959	-1420
1.59496116638	-1316
1.59506201744	-1368
1.59529805183	-1420
1.59533810616	-1316
1.59541916847	543
1.59554696083	-1368
1.59573817253	-1368
1.59579801559	-1368
1.59602499008	-1368
1.59616398811	-1368
1.59633207321	-1368
1.59643006325	-1368
1.6106801033	543
1.6559920311	543
1.67191410065	543
1.68583416939	543
1.7056479454	-1420
1.70566010475	-1420
1.70572495461	-1041
1.70587110519	-1368
1.70608997345	-1368
1.70617508888	-1368
1.7168109417	-1420
1.71681714058	-1316
1.71688604355	-1420
1.71688914299	-1420
1.71690917015	-1264
1.7169110775	-1368
1.71704316139	543
1.7173140049	-1420
1.71731805801	-1316
1.71733808517	-1368
1.72887396812	-1420
1.72890305519	-1316
1.72901296616	-1368
1.72926497459	-1368
1.72941708565	-1368
1.72953796387	-1368
1.72987794876	-1420
1.72990512848	-1316
1.72995495796	-1368
1.73006510735	-1368
1.73017311096	543
1.73031115532	-1420
1.73031616211	-1316
1.73096394539	-1420
1.73096895218	-1316
1.73108005524	-1368
1.73124098778	-1368
1.73131799698	-1420
1.73132205009	-1316
1.73161697388	-1368
1.7316570282	-1368
1.73174095154	543
1.75512695312	543
1.75536108017	543
1.84034109116	-1348
1.89025807381	1460
1.89033412933	111
1.92045807838	-1368
1.92067098618	543
1.92079997063	543
1.92599105835	1460
1.92607116699	1460
1.92610812187	1161
1.92622709274	89
1.93847513199	1460
1.93856406212	1460
1.938601017	1161
1.93875312805	89
2.01528501511	-1318
2.01557898521	543
2.01570796967	1057
2.01685714722	1460
2.01691603661	1460
2.01695203781	1161
2.01772594452	1460
2.017786026	1460
2.01782417297	1250
2.01811814308	1460
2.01817893982	200
2.08768010139	-1420
2.08769798279	-1316
2.08784103394	-1368
2.08791399002	-1368
2.08803796768	-1368
2.08827400208	-1368
2.08865594864	-1420
2.08866095543	-1420
2.08870196342	-1264
2.08905315399	-1368
2.08920812607	-1420
2.08921194077	-1316
2.08989214897	-1420
2.08989810944	-1316
2.09000015259	543
2.09010696411	-1368
2.09035110474	-1420
2.09039402008	-1316
2.09056615829	-1368
2.09087300301	-1420
2.0908780098	-1420
2.09091806412	-1264
2.09119415283	-1368
2.09128594398	543
2.09151315689	-1420
2.09151816368	-1316
2.09215307236	-1420
2.09215807915	-1316
2.09231305122	-1368
2.09241700172	-1368
2.09256100655	-1368
2.09265708923	-1368
2.15053296089	-660
2.15068101883	543
2.2223200798	-1420
2.22233700752	-1316
2.22238302231	-1368
2.2227730751	-1368
2.22304010391	-1420
2.2230451107	-1316
2.22315716743	-1368
2.22331905365	-1368
2.22354507446	-1420
2.22355008125	-1316
2.2238881588	-1420
2.22389411926	-1316
2.22442317009	-1420
2.22442793846	-1316
2.22468614578	-1368
2.22510099411	-1368
2.22518205643	-1420
2.22518396378	-1316
2.2253010273	-1368
2.22549200058	-1368
2.22556996346	-1420
2.2255730629	-1316
2.22592902184	-1368
2.2260890007	-1368
2.22683095932	-1368
2.22692012787	543
2.2270720005	-1420
2.22707700729	-1316
2.22740507126	-1368
2.22753596306	-1420
2.22757411003	-1316
2.22775316238	-1368
2.22795295715	-1420
2.22795605659	-1316
2.22806501389	-1420
2.22806811333	-1316
2.22835111618	-1368
2.23163104057	543
2.32520508766	-1074
2.32549715042	543
2.35770797729	-1368
2.35804700851	-1420
2.35810208321	-1316
2.35848903656	-1368
2.35885000229	-1368
2.35893416405	-1368
2.35903906822	-1368
2.35915112495	-1368
2.35933494568	-1368
2.35956907272	-1420
2.35960698128	-1316
2.35966706276	-1368
2.35985398293	543
2.36007404327	-1420
2.36007809639	-1316
2.36032915115	-1420
2.36033201218	-1316
2.36071896553	-1368
2.36080503464	-1368
2.36096596718	543
2.36100697517	-1420
2.36100912094	-1316
2.36106705666	-1368
2.36129212379	-1420
2.3613140583	-1316
2.36137294769	-1368
2.36254405975	-1368
2.36263298988	-1420
2.36267399788	-1316
2.36298012733	-1420
2.36302304268	-1316
2.36310100555	-1368
2.36316108704	543
2.36335802078	-1420
2.3633620739	-1316
2.3634519577	-1368
2.36354708672	-1368
2.36382508278	-1368
2.36400103569	-1368
2.36755514145	543
2.45974707603	-531
2.49379515648	-1368
2.49384999275	-1368
2.49389696121	-1368
2.49406194687	-1420
2.49406504631	-1316
2.49443006516	-1420
2.49443507195	-1316
2.49498915672	-1368
2.49519395828	-1420
2.49523711205	-1316
2.49532604218	-1420
2.49536514282	-1316
2.49555301666	543
2.49594902992	-1420
2.49595499039	-1420
2.49597716331	-1264
2.49616098404	-1420
2.49618315697	-1316
2.49643611908	-1420
2.49645900726	-1316
2.49654698372	-1368
2.49688315392	-1420
2.49688816071	-1420
2.49691009521	-1264
2.49712300301	-1368
2.49791812897	-1368
2.49809813499	-1420
2.49812102318	-1316
2.49829697609	-1368
2.49845695496	-1368
2.49880003929	-1368
2.49888706207	-1368
2.49896001816	543
2.49901199341	-1420
2.49901413918	-1316
2.49915194511	-1368
2.49922204018	543
2.49930310249	-1368
2.49953103065	-1368
2.51796603203	543
2.59443998337	-531
2.62920212746	-1420
2.62927699089	-1316
2.62928414345	-1368
2.62938213348	-1368
2.62948894501	-1368
2.62986397743	-1368
2.62996315956	-1420
2.62998199463	-1316
2.63018798828	-1368
2.63025403023	-1368
2.63032197952	-1368
2.63078999519	-1368
2.63105106354	543
2.63116812706	-1368
2.63127493858	-1420
2.63131594658	-1316
2.63169407845	-1420
2.63173794746	-1316
2.63190793991	-1368
2.63207197189	-1368
2.63235211372	-1420
2.63241910934	-1316
2.63242197037	-1420
2.63246297836	-1316
2.63254094124	-1368
2.63364195824	-1368
2.63382411003	-1420
2.63386416435	-1316
2.63411617279	-1368
2.63437104225	-1368
2.63469099998	-1368
2.63477516174	-1420
2.63477802277	-1420
2.63479709625	-1264
2.63504695892	-1368
2.63512897491	-1420
2.63513207436	-1316
2.63973116875	543
2.6398460865	543
2.72901296616	-531
2.76491498947	-1368
2.76496505737	-1368
2.76534104347	-1420
2.76544094086	-1316
2.76544499397	-1420
2.7655069828	-1316
2.76558303833	-1368
2.76575803757	-1368
2.76658916473	-1420
2.76664805412	-1420
2.76665210724	-1420
2.76668906212	-1212
2.76687502861	-1368
2.76699614525	-1368
2.76714897156	-1368
2.76736807823	-1368
2.7674369812	-1368
2.76752305031	-1368
2.76779198647	-1368
2.76806306839	-1420
2.76806616783	-1316
2.76810598373	-1368
2.76818704605	-1368
2.76838207245	-1368
2.76941299438	-1368
2.76961493492	-1368
2.7697789669	-1368
2.76983594894	-1368
2.76995301247	-1368
2.77007293701	-1368
2.77026104927	-1420
2.77026510239	-1316
2.77045798302	-1368
2.77095913887	-1368
2.77096295357	-1420
2.77096509933	-1316
2.77110695839	543
2.86340904236	-531
2.86356496811	543
2.90033507347	-1420
2.90035104752	-1420
2.90041303635	-1264
2.90041613579	-1368
2.90066003799	-1368
2.90085911751	-1420
2.90090298653	-1316
2.90095305443	-1368
2.90130901337	-1368
2.90141415596	-1368
2.90153408051	-1420
2.90153813362	-1316
2.90165114403	543
2.90293908119	-1368
2.90303516388	-1420
2.9030790329	-1316
2.90316796303	-1368
2.9033241272	-1368
2.90342402458	-1368
2.90365004539	-1420
2.90365505219	-1316
2.9037361145	-1368
2.90391802788	-1368
2.90415811539	-1420
2.90416312218	-1316
2.90494394302	-1420
2.90494894981	-1316
2.90505313873	-1368
2.90523695946	-1368
2.90531301498	-1368
2.90557909012	-1368
2.90591096878	-1420
2.90591597557	-1316
2.90599513054	-1368
2.90625905991	-1368
2.90632104874	-1420
2.90632510185	-1316
2.99808001518	-531
2.99823498726	543
3.03592514992	-1368
3.03617310524	-1368
3.0363740921	-1368
3.0364780426	-1420
3.03650307655	-1316
3.03655600548	543
3.03659296036	-1368
3.03681397438	-1420
3.03685593605	-1316
3.03691101074	-1368
3.0370349884	-1368
3.03724694252	-1420
3.03729200363	-1316
3.03759002686	543
3.03820705414	-1368
3.03859400749	-1368
3.03877997398	-1420
3.03878498077	-1316
3.03903698921	-1368
3.03917002678	-1420
3.03921413422	-1420
3.03921699524	-1264
3.03955817223	-1368
3.0397901535	-1420
3.03981494904	-1316
3.04001903534	-1368
3.04059314728	-1420
3.04059696198	-1316
3.04082202911	-1368
3.04100012779	-1368
3.04109311104	-1420
3.04109597206	-1316
3.04130411148	-1368
3.04140400887	-1368
3.0418419838	-1368
3.04190707207	-1420
3.04194808006	-1420
3.04194998741	-1264
3.04205393791	543
3.13288497925	-531
3.17182397842	-1420
3.17188715935	-1316
3.17189097404	-1368
3.17194604874	-1368
3.17203116417	-1420
3.17207217216	-1316
3.17218208313	-1368
3.17226099968	-1368
3.172301054	543
3.17240405083	-1368
3.17273497581	-1368
3.17279195786	-1368
3.17306804657	-1368
3.17376303673	-1420
3.17376804352	-1316
3.17401313782	-1368
3.17419505119	-1368
3.17437815666	-1420
3.17438197136	-1316
3.17446613312	543
3.1745891571	-1368
3.17464900017	-1368
3.17467093468	-1368
3.17497611046	-1420
3.17501306534	-1316
3.17505908012	-1368
3.17651104927	-1368
3.17668104172	-1420
3.17670106888	-1316
3.1767809391	-1368
3.17690300941	-1368
3.17716312408	-1420
3.17720103264	-1316
3.1773109436	-1368
3.17731308937	-1368
3.17748212814	-1368
3.17765116692	-1368
3.17779397964	-1368
3.26752996445	-531
3.27422499657	543
3.30695509911	-1368
3.3069691658	-1368
3.30718994141	-1368
3.30728697777	-1368
3.30747294426	-1368
3.30776596069	-1420
3.30778694153	-1420
3.30779099464	-1264
3.30807900429	-1368
3.30808210373	-1368
3.30821299553	-1368
3.30830907822	-1368
3.30917000771	-1368
3.30945014954	-1368
3.30965304375	-1420
3.30965709686	-1316
3.30971503258	-1368
3.30991411209	-1368
3.30998802185	-1368
3.31168413162	543
3.31198811531	543
3.31211709976	543
3.4022500515	-454
3.40245103836	543
3.72135996819	-543
3.72176098824	543
3.76499605179	-1368
3.76501297951	-1420
3.76505112648	-1316
3.85667014122	-95
3.85885906219	543
3.85948300362	543
4.03583407402	-543
4.09633016586	-543
4.21132111549	-543
4.212018013	-1368
4.21215200424	-1368
4.21247816086	-1368
4.21261096001	-1368
4.21287798882	-1368
4.21294808388	-1368
4.2131831646	-1368
4.2229681015	-1420
4.2230181694	-1420
4.2230219841	-1264
4.22327399254	-1368
4.22337293625	-1420
4.22341895103	-1316
4.22368407249	-1368
4.22374916077	-1368
4.22433996201	-1368
4.22443604469	-1368
4.22464203835	-1368
4.22472906113	-1368
4.22494912148	-1368
4.22518897057	-1368
4.22546601295	-1368
4.22556114197	-1368
4.22567296028	-1368
4.22684311867	543
4.22700500488	543
4.23511600494	-1420
4.23513317108	-1316
4.23522400856	-1420
4.235227108	-1316
4.23572206497	-1420
4.23572611809	-1316
4.23596906662	-1368
4.34667396545	-291
4.34701895714	-1368
4.34846711159	-1420
4.3484749794	-1316
4.34850716591	-1368
4.34851002693	-1368
4.34852695465	-1420
4.34853005409	-1316
4.34854793549	-1420
4.34855008125	-1316
4.348706007	-1368
4.34888100624	-1368
4.34897208214	-1420
4.34897613525	-1316
4.35205602646	543
4.35886907578	-1420
4.35888600349	-1420
4.35892605782	-1264
4.35905003548	-1420
4.3590900898	-1420
4.35909295082	-1264
4.35950398445	-1368
4.35975003242	-1420
4.35978913307	-1316
4.3599550724	-1368
4.3602399826	-1420
4.36024308205	-1316
4.36994194984	-1420
4.36995911598	-1420
4.36999702454	-1264
4.37013316154	1057
4.37021613121	-1368
4.37038207054	-1368
4.37045907974	-1368
4.37070608139	-1368
4.3707780838	-1368
4.37100815773	-1420
4.37107014656	-1316
4.37107300758	-1368
4.37115812302	-1368
4.48132014275	-734
4.48314404488	-1420
4.48315000534	-1316
4.48328900337	-1368
4.48339104652	-1368
4.48350214958	-1368
4.48369312286	-1368
4.48377394676	543
4.48404598236	-1368
4.48420000076	-1368
4.4845559597	-1368
4.48483204842	-1420
4.48485708237	-1420
4.48485994339	-1264
4.49507403374	-1420
4.49509096146	-1420
4.4951479435	-1264
4.49515008926	-1368
4.49522900581	-1420
4.49523305893	-1316
4.49535012245	-1368
4.49553203583	-1368
4.49571013451	-1368
4.49582314491	-1368
4.49592804909	-1368
4.49615716934	-1368
4.50544810295	-1368
4.50560498238	-1368
4.50562405586	543
4.50576806068	-1368
4.5057990551	-1368
4.50586295128	543
4.50598716736	-1368
4.50619912148	-1420
4.50624012947	-1316
4.5064561367	-1420
4.50647807121	-1316
4.50652003288	-1368
4.50681304932	-1420
4.50681710243	-1316
4.61784005165	-531
4.61845016479	-1368
4.75331807137	-1231
5.18313407898	-543
5.79646897316	-543
6.11855506897	-543
6.396682024	543
6.45552897453	543
6.46944308281	543
6.52561306953	543
6.52572202682	543
6.57909607887	-543
6.57971000671	-1368
6.7135720253	-746
6.71386504173	543
6.75219202042	-1368
6.75220894814	-1368
6.77700901031	-1368
6.77721500397	-1420
6.77726602554	-1316
6.7774181366	-1368
6.77753400803	543
6.77766013145	-1368
6.77795100212	-1368
6.77840399742	-1368
6.84798812866	-1420
6.84805893898	-1316
6.88717198372	-1420
6.88723397255	-1420
6.88725495338	-1264
6.91201806068	-1420
6.91213512421	-1420
6.91214299202	-1420
6.91223406792	-1212
6.91235899925	-1420
6.91242313385	-1420
6.91242909431	-1264
6.91302704811	-1420
6.91303801537	-1316
6.91313314438	-1368
6.91382312775	543
6.91513800621	543
6.91613912582	543
6.98268914223	-1420
6.98270916939	-165
6.98287606239	543
6.98480606079	543
6.98553800583	1057
7.16233706474	-543
7.16267895699	543
7.16440796852	-1420
7.16442298889	-1316
7.17577600479	-1368
7.17607903481	-1368
7.17629814148	-1420
7.17630600929	-1316
7.29784417152	-1247
7.3089261055	543
7.34154295921	-1420
7.34155011177	-1316
7.44387698174	-920
7.44897794724	543
7.45599198341	543
7.5167491436	-1368
7.52565908432	543
7.58373212814	-261
7.58399510384	543
7.71863508224	-543
7.77547597885	-1420
7.77549099922	-1420
7.77555298805	-1264
7.77555894852	-1420
7.77560210228	-1316
7.77718615532	-1368
7.7773270607	-1368
7.77887010574	-1368
7.78651404381	-1420
7.78658509254	-1316
7.78659105301	-1368
7.7867269516	-1368
7.85297894478	-293
7.98793411255	-1086
8.01123905182	543
8.19433903694	-543
8.19455313683	-1368
8.19462108612	-1368
8.19502401352	-1420
8.19507908821	-1316
8.19508504868	-1368
8.19555807114	-1420
8.19556999207	-1316
8.19566512108	-1368
8.20582699776	-1368
8.20600199699	-1420
8.20600700378	-1316
8.20602703094	-1368
8.32931995392	-1321
8.3297419548	543
9.51817703247	543
