0	543
0.661350011826	-543
1.00007295609	543
2.23924589157	-543
3.00013494492	543
3.24743795395	543
3.51355886459	-543
3.51396799088	543
3.82859492302	-543
3.82879281044	-1420
3.82884097099	-1316
3.82916903496	-1420
3.82923197746	-1420
3.82923388481	-1264
3.84197092056	-1420
3.84198498726	-1420
3.84204101562	-1264
3.8422088623	543
3.86236691475	543
3.90185284615	543
3.95702981949	-1420
3.95704483986	-1203
4.27486491203	-543
4.28206896782	543
4.28457283974	1460
4.28462386131	625
4.41094088554	-543
4.73160886765	-543
4.73167586327	-1420
4.73169493675	-1316
4.7318148613	-1420
4.73186397552	-1316
4.73201584816	-1368
4.74510383606	-1420
4.74516487122	-1420
4.7452018261	-1264
4.77415180206	-1420
4.77420496941	-1420
4.77422380447	-1264
4.80855894089	-1420
4.80863285065	-1420
4.80867791176	-1264
4.81116485596	-1420
4.81121087074	-1420
4.81124782562	-1264
4.81133389473	-1368
4.86008095741	-1420
4.86014890671	-1420
4.86018681526	-1270
4.86036896706	543
5.01831793785	-1420
5.0183339119	-1420
5.01838994026	-439
5.01878595352	-1420
5.01883196831	-1420
5.01883482933	-1264
5.03180980682	-1420
5.03183603287	-1420
5.03190588951	-1264
5.03258299828	1460
5.03265786171	111
5.05827498436	-1420
5.05829191208	-1420
5.05833101273	-1264
5.07625293732	-1420
5.07631802559	-1420
5.07632184029	-1264
5.07645893097	543
5.07677292824	-1420
5.07677793503	-1420
5.07683086395	-1264
5.08481192589	-1420
5.08486485481	-1420
5.08486795425	-1264
5.08500385284	543
5.09679102898	-1368
5.09680581093	-1420
5.09686589241	-1316
5.0988240242	-1368
5.12240481377	543
5.14132499695	-1420
5.14134192467	-1316
5.14174079895	-1420
5.14174389839	-1420
5.14174485207	-1264
5.14635801315	-1058
5.15479683876	-1420
5.15481591225	-1420
5.15487194061	-1264
5.18014597893	-1420
5.1801970005	-1316
5.19350600243	-1368
5.20948290825	-1420
5.20949292183	-1420
5.20954394341	-1264
5.20967793465	543
5.22226285934	-1368
5.25301980972	543
5.28241896629	543
5.28270983696	-488
5.28288698196	543
5.28322386742	543
5.32113599777	543
5.33980083466	1460
5.33990597725	111
5.40819096565	-1420
5.40820097923	-1316
5.41090893745	-920
5.42187380791	-1420
5.42191982269	-1420
5.42192292213	-1264
5.44682598114	-1420
5.44683599472	-1316
5.44910287857	-1420
5.44910788536	-1420
5.4491519928	-1264
5.44923496246	543
5.45008397102	-1420
5.45009899139	-1420
5.45014595985	-1264
5.4501478672	-1420
5.45019292831	-1420
5.45019483566	-1264
5.45047283173	-1420
5.45048689842	-1420
5.45053482056	-1264
5.46115589142	-1420
5.46120500565	-1420
5.46120882034	-1264
5.46133685112	543
5.48765492439	543
5.48847389221	-1420
5.488478899	-1316
5.54988598824	-752
5.55018091202	543
5.55811691284	1460
5.55820083618	1460
5.55823898315	1161
5.55837988853	1117
5.56431484222	-1420
5.56432199478	-1420
5.56438088417	-1264
5.56438398361	-1420
5.56441998482	-1316
5.56456780434	543
5.56461596489	-1368
5.56558799744	-1420
5.56563282013	-1420
5.56563591957	-1264
5.56573581696	-1420
5.5657389164	-1420
5.5657749176	-1264
5.56615185738	-1420
5.56622481346	-1420
5.56623697281	-1264
5.5662779808	-1420
5.56628084183	-1420
5.56631493568	-1264
5.56654500961	543
5.57208585739	1460
5.57213687897	1460
5.57217288017	1161
5.57225894928	1117
5.57737898827	-1420
5.57738399506	-1420
5.57742500305	-1264
5.57785582542	-1420
5.57789492607	-1420
5.57789802551	-1264
5.57818698883	-1420
5.57819890976	-1420
5.57823991776	-1264
5.5782430172	-1420
5.57828593254	-1420
5.57828783989	-1264
5.57852387428	-1420
5.5785279274	-1420
5.57856488228	-1264
5.58196902275	543
5.60541987419	-1420
5.60542988777	-1316
5.60569691658	-1368
5.60581493378	543
5.60593080521	-1420
5.60593485832	-1420
5.60595703125	-1264
5.60596084595	-1420
5.60598802567	-1420
5.60598993301	-1264
5.67395782471	-1368
5.67419695854	-1368
5.67425298691	-1368
5.67449593544	-1420
5.67454195023	-1420
5.67454600334	-1264
5.67480397224	-1420
5.67481589317	-1420
5.67485189438	-1264
5.67602682114	543
5.67621183395	543
5.67825293541	1460
5.67831897736	1460
5.67835497856	1161
5.67843794823	1117
5.67845487595	-210
5.68723988533	1460
5.68732786179	-1420
5.68733096123	-1420
5.6873319149	-1264
5.68735194206	625
5.71292090416	-1368
5.71312880516	543
5.73833084106	-1420
5.73834991455	-1316
5.73839592934	-1420
5.73839902878	-1316
5.7384250164	-1368
5.738904953	-1420
5.73894691467	-1316
5.73895001411	-1420
5.73897600174	-1316
5.73909687996	-1420
5.73913598061	-1316
5.73921585083	543
5.73956799507	-1420
5.73957300186	-1420
5.7396697998	-1264
5.73967289925	-1420
5.73971295357	-1420
5.73971486092	-1264
5.73978686333	-1368
5.73978996277	-1420
5.73983192444	-1316
5.74008798599	-1420
5.74014091492	-1420
5.74014282227	-1264
5.74020886421	-1420
5.74021100998	-1420
5.74025583267	-1264
5.74032187462	543
5.74764299393	-1420
5.74765491486	-1420
5.74770689011	-1264
5.75141000748	-1420
5.75145983696	-1420
5.7514629364	-1264
5.75172686577	-1420
5.75173091888	-1420
5.75176882744	-1264
5.75200295448	-1368
5.8025739193	-1368
5.80298495293	543
5.80680680275	-381
5.80988788605	-1420
5.8099629879	-1316
5.8099668026	-1368
5.8101568222	-1420
5.81016087532	-1420
5.81019997597	-1264
5.81495380402	-1420
5.81500482559	-1316
5.81629395485	-1368
5.81634783745	-1420
5.81635093689	-1420
5.81638979912	-1264
5.81646800041	543
5.82341003418	-1420
5.82342290878	-1316
5.82354593277	-1368
5.8236849308	-1420
5.8237349987	-1420
5.82373785973	-1420
5.82377290726	-1212
5.82421803474	-1420
5.82426381111	-1420
5.82426786423	-1264
5.82452201843	-1420
5.82452702522	-1316
5.82811188698	-1420
5.82811999321	-1316
5.83001995087	-1368
5.83010482788	543
5.83028483391	-1420
5.8302898407	-1316
5.84260582924	-1368
5.85538387299	-1420
5.85545301437	-1420
5.85545802116	-1420
5.85549688339	-1420
5.85549998283	-1160
5.85930395126	-1420
5.85932087898	-1420
5.85936188698	-1264
5.859623909	-1420
5.85967683792	-1316
5.85967993736	-1368
5.85991597176	-1368
5.86048984528	-1420
5.86051893234	-1316
5.86199688911	-1420
5.86205291748	-1420
5.86206483841	-1264
5.86210203171	-1420
5.86210489273	-1316
5.86222195625	-1368
5.86231088638	543
5.86320185661	-1420
5.8632068634	-1420
5.86324596405	-1264
5.8632478714	-1368
5.8638818264	-1420
5.86388587952	-1420
5.86392688751	-1264
5.86392903328	-1420
5.86396384239	-1316
5.86522698402	-1420
5.86526489258	-1420
5.86526799202	-1264
5.86530280113	-1368
5.86558294296	543
5.86832785606	-1420
5.86833500862	-1420
5.86837983131	-1264
5.8686850071	-1420
5.86872601509	-1316
5.86888694763	-1420
5.86893296242	-1420
5.86893486977	-1264
5.8690199852	-1420
5.86902284622	-1420
5.86905789375	-1264
5.87266802788	-1420
5.87273001671	-1420
5.87273287773	-1264
5.87276983261	-1368
5.87289094925	-1368
5.87305188179	-1420
5.87305593491	-1316
5.87326693535	543
5.87350487709	-1420
5.873513937	-1316
5.87370991707	543
5.8750538826	-1368
5.87643003464	-1420
5.87645888329	-1316
5.87646198273	-1368
5.8765308857	-1420
5.87653398514	-1316
5.87660694122	543
5.87683200836	-1420
5.87683701515	-1316
5.87739682198	-1420
5.87740302086	-1420
5.87742590904	-1264
5.87751483917	-1368
5.8875617981	-1420
5.88757300377	-1316
5.88899493217	-1368
5.88909482956	-1368
5.89520692825	-1420
5.89521503448	-1420
5.89526295662	-1264
5.89545202255	-1420
5.89548993111	-1420
5.89549303055	-1264
5.89874792099	-1420
5.89876484871	-1420
5.89880800247	-1420
5.89880990982	-1212
5.89882898331	-1420
5.89883089066	-1316
5.89907503128	-1420
5.89907884598	-1316
5.89918780327	-1420
5.89919090271	-1316
5.89940690994	543
5.9022808075	-1368
5.90535593033	-1420
5.90545487404	-1420
5.90545892715	-1420
5.90551185608	-1212
5.90551495552	-1420
5.90555095673	-1420
5.90555381775	-1264
5.90614581108	-1420
5.9061498642	-1316
5.90627598763	-1368
5.90627980232	-1420
5.90631699562	-1316
5.90641880035	543
5.90653800964	-1420
5.90654182434	-1420
5.90659093857	-1264
5.90846991539	-1420
5.90852284431	-1420
5.90852594376	-1264
5.90864992142	543
5.9140329361	-1420
5.914041996	-1420
5.91411399841	-1264
5.91411781311	-1368
5.91415381432	-1368
5.91483187675	-1420
5.9148709774	-1420
5.91487288475	-1264
5.91492486	-1368
5.91934585571	-1420
5.91938591003	-1316
5.91964888573	543
5.93165588379	-1420
5.93166995049	-1316
5.93790197372	-1420
5.93796396255	-1420
5.93801879883	-1420
5.93802189827	-1420
5.93805885315	-1160
5.93806099892	-1420
5.93812203407	-1316
5.93812394142	-1420
5.93815994263	-1316
5.93816184998	-1368
5.93837881088	-1420
5.93838191032	-1420
5.93842482567	-1264
5.93842792511	-1368
5.93868994713	543
5.94289088249	-1420
5.94289803505	-1420
5.9429500103	-1420
5.94295287132	-1212
5.94420695305	-1420
5.94421100616	-1420
5.94429898262	-1420
5.94430184364	-1212
5.94433689117	-1420
5.94433879852	-1316
5.951390028	-1420
5.95139598846	-1420
5.95143699646	-1264
5.95143985748	-1420
5.95147299767	-1420
5.95147585869	-1264
5.95155286789	-1420
5.95155596733	-1316
5.9517288208	-1420
5.95173287392	-1420
5.95180583	-1264
5.95180797577	-1420
5.95185780525	-1420
5.95186901093	-1264
5.95193195343	-1368
5.95193481445	-1368
5.95220184326	-1420
5.95220589638	-1420
5.95227694511	-1264
5.95227980614	-1420
5.9522819519	-1420
5.95228290558	-1264
5.95247793198	-1420
5.95248103142	-1316
5.95255899429	-1420
5.95256185532	-1316
5.95293283463	543
5.95596194267	-1368
5.95606994629	-1420
5.95611786842	-1420
5.95612096786	-728
5.9562318325	543
5.9581489563	-1420
5.95815491676	-1316
5.95823502541	543
5.96397995949	-1368
5.98448896408	-1368
5.98471999168	-1420
5.98472380638	-1420
5.9847638607	-1264
5.98532485962	-1420
5.9853708744	-1420
5.98537397385	-1264
5.98562097549	-1420
5.98562598228	-1420
5.98566699028	-1264
5.98664879799	-1420
5.98673391342	-1316
5.98673701286	-1368
5.98905801773	-1420
5.98907399178	-1316
5.98911595345	-1368
5.99287581444	1057
5.99445796013	-1420
5.99446487427	-1420
5.99451398849	-1264
5.9947040081	-1368
5.99554491043	-1420
5.99554896355	-1420
5.99561595917	-1420
5.99561882019	-1212
5.9956548214	-1420
5.99565696716	-1316
5.99637103081	-1420
5.9963748455	-1420
5.99641394615	-1264
5.996737957	-1420
5.99675989151	-1316
5.99676299095	-1420
5.99677801132	-1316
5.99688887596	-1420
5.99692893028	-1420
5.99693083763	-1264
5.99754691124	-1420
5.99755096436	-1420
5.99759101868	-1264
5.99795293808	543
5.99830698967	543
5.99998784065	543
6.00620698929	-1420
6.00622081757	-1420
6.00627684593	-1264
6.0116109848	-1420
6.0117058754	-1420
6.01170897484	-1264
6.01174783707	-1420
6.01174998283	-1420
6.01178693771	-1264
6.01193094254	543
6.0252199173	-1420
6.02523779869	-1420
6.02529883385	-1264
6.03215289116	-1368
6.03579282761	-1368
6.03607988358	-1420
6.03611898422	-1420
6.03612184525	-1264
6.0371799469	-1420
6.03718686104	-1420
6.03722882271	-1264
6.04527688026	-1420
6.04532384872	-1420
6.04532694817	-1264
6.05500388145	-1420
6.05501580238	-1316
6.05505800247	-1420
6.05505990982	-1316
6.05521297455	-1368
6.05532503128	543
6.06121182442	-1420
6.06122779846	-1420
6.06130099297	-1264
6.06130385399	-1420
6.06133985519	-1420
6.06134200096	-1264
6.0613758564	-1368
6.06153798103	1057
6.06323695183	-1420
6.06324195862	-1420
6.0632879734	-1264
6.06452202797	-1368
6.06459498405	-1368
6.06808781624	-1420
6.06813597679	-1420
6.06814002991	-1264
6.08415579796	-857
6.08520293236	-1420
6.08525586128	-1316
6.08699297905	-1420
6.08704996109	-1420
6.08705282211	-1264
6.08709192276	-1420
6.08709383011	-1420
6.08712792397	-1264
6.08748292923	-1420
6.08752584457	-1316
6.08786487579	-1420
6.08791995049	-1420
6.08792281151	-1420
6.08795881271	-1212
6.08806395531	-1420
6.08811092377	-1420
6.08811283112	-1264
6.08830690384	543
6.08835697174	-1420
6.08835887909	-1420
6.08835983276	-1264
6.08862495422	-1420
6.08866500854	-1420
6.08866691589	-1264
6.09821987152	-1420
6.09823083878	-1420
6.09830188751	-1264
6.11967086792	-1420
6.11972880363	-1420
6.11973285675	-1264
6.21317791939	-515
6.21333885193	1057
6.24490880966	543
6.25784897804	543
6.37337398529	-543
6.4001660347	543
6.68535995483	-1420
6.68537688255	-491
6.81339001656	-1260
6.82208180428	1057
6.82230782509	543
6.82333898544	543
7.00209879875	543
7.00228190422	543
7.16947388649	-543
7.30187296867	-543
7.30225086212	543
7.34538984299	-1420
7.34540700912	-1420
7.34547281265	-1264
7.35863399506	-1368
7.36308789253	543
7.36448788643	543
7.43071579933	-327
7.72523498535	-1420
7.725304842	-1420
7.72533488274	-439
7.72535181046	-1420
7.72536802292	-1420
7.72539281845	-1264
7.73812389374	-1420
7.73819494247	-1420
7.73823785782	-1264
7.76464891434	-1420
7.76472187042	-1420
7.76476693153	-1264
7.76556587219	-1420
7.76568698883	-1420
7.76577496529	-1264
7.76598381996	-1420
7.76607203484	-1420
7.7660779953	-1264
7.76616001129	-1420
7.76616597176	-1420
7.76624703407	-1264
7.76676487923	543
7.77814888954	-1420
7.77816486359	-1420
7.77822494507	-1264
7.77822995186	-1420
7.77827095985	-1420
7.77827596664	-1420
7.77831196785	-1212
7.77831602097	-1420
7.77835083008	-1316
7.80481100082	-1420
7.80487990379	-1420
7.80488801003	-1264
7.80514097214	543
7.80558681488	-1420
7.80559802055	-1420
7.80564594269	-1420
7.80565094948	-1212
7.8060028553	543
7.80632185936	-1420
7.80633187294	-1420
7.80638098717	-1420
7.80638599396	-1420
7.80642795563	-1160
7.80643701553	-1368
7.80647587776	-1420
7.80647993088	-1316
7.80678796768	-1420
7.80679583549	-1420
7.8068459034	-1264
7.80747699738	-1368
7.81794500351	-1420
7.81796097755	-1420
7.81801986694	-1264
7.81802582741	-1420
7.81806492805	-1420
7.81806993484	-1264
7.81835484505	-1420
7.81836295128	-1420
7.81845283508	-1264
7.81906080246	-1420
7.81916189194	-1420
7.8191678524	-1264
7.81934499741	-1420
7.81935191154	-1420
7.81943488121	-1264
7.8195939064	543
7.81968593597	-1420
7.81969094276	-1420
7.81969380379	-1264
7.82018399239	-1420
7.8203368187	-1316
7.82034301758	-1420
7.82043099403	-1420
7.8204369545	-1420
7.82052898407	-1212
7.82077503204	543
7.84510803223	-1420
7.84512400627	-1420
7.84518384933	-1264
7.84543800354	543
7.84561800957	-1420
7.84562397003	-1420
7.84562587738	-1264
7.84579396248	-1420
7.84579801559	-1420
7.84579992294	-1264
7.84620594978	-1420
7.8462138176	-1420
7.84634494781	-1264
7.84634995461	-1420
7.8464319706	-1316
7.84643793106	-1420
7.84653782845	-1420
7.84654402733	-1420
7.84662699699	-1212
7.84676980972	-1368
7.84690690041	-1420
7.84691381454	-1316
7.84795999527	-1420
7.84797596931	-1420
7.84803390503	-1420
7.84803986549	-1420
7.84807991982	-1420
7.84808492661	-1108
7.84831500053	543
7.85331392288	-1266
7.85857796669	-1420
7.85864686966	-1420
7.85865402222	-1420
7.85869598389	-1420
7.85870099068	-1420
7.85873794556	-1108
7.8599588871	543
7.98659491539	-132
9.03595685959	-543
9.5705909729	543
9.58488297462	543
9.90422487259	-543
9.90447092056	543
9.99911189079	543
9.9992108345	543
10.138646841	-1420
10.1386740208	-1420
10.1387569904	-1420
10.1387598515	-387
10.138794899	-1368
10.1387979984	-1368
10.1390039921	543
10.1522898674	-1420
10.152328968	-1420
10.1523969173	-1264
10.1795368195	-1368
10.2666988373	-1420
10.266726017	-1420
10.2669048309	-1264
10.2669079304	-1420
10.2669568062	-1420
10.2669599056	-1264
10.2669939995	-1420
10.2669959068	-1420
10.2670300007	-1264
10.2670328617	-1420
10.2670738697	-1420
10.2670760155	-1241
10.2682769299	543
10.2687289715	543
10.2842888832	-1420
10.2843129635	-1316
10.3951339722	-920
10.3976738453	543
10.3979218006	1057
10.6681699753	-1420
10.6681969166	-1420
10.6682748795	-439
10.6819498539	-1420
10.6820189953	-1420
10.6820259094	-1264
10.682281971	543
10.7068648338	-1368
10.7223529816	543
10.7959148884	-704
10.7961130142	543
11.0608999729	-543
