0	-543
1.10167694092	543
3.47257494926	-543
3.99195504189	543
4.0301129818	543
4.10161495209	543
4.1017780304	543
4.15370798111	-543
4.534719944	-543
4.83715009689	-543
5.07848906517	-543
6.00131011009	-543
7.53924489021	-543
7.53999090195	-1368
7.54798603058	-1368
7.5480298996	-1368
7.55448794365	-1368
7.61277890205	1057
7.62476611137	1057
7.62858605385	-1420
7.62863206863	-1316
7.63602495193	-1420
7.63609290123	-1420
7.63613009453	-1264
7.67641592026	-1420
7.67646503448	-1316
7.67700505257	-1420
7.67702794075	-1316
7.68498206139	-1368
7.6852118969	-1420
7.68521690369	-1420
7.68525910378	-89
7.80153298378	-1368
7.82117009163	-1368
7.82213306427	-493
7.90490102768	-1368
7.95913290977	-746
7.99184393883	543
7.99411702156	543
8.01605296135	543
8.08010697365	-1368
8.08035707474	-1368
8.08072209358	-1368
8.09623193741	-95
8.1333758831	543
8.20555210114	543
8.20577096939	543
8.29580807686	-543
8.33139109612	-1368
8.35473704338	-1368
8.35513401031	-1368
8.468957901	-725
8.47376298904	543
8.53133106232	-1368
8.61129498482	-1347
8.61337709427	1460
8.61342811584	1139
9.91908192635	-543
10.1933300495	-543
10.3304970264	-1057
10.3306720257	543
10.4277369976	-1420
10.4277551174	-1316
10.441824913	-1420
10.4418408871	-1316
10.4674499035	-812
10.7921409607	-543
11.1016499996	543
11.1068389416	-543
11.106981039	-1368
11.1071128845	-1368
11.1611800194	-1368
11.2437360287	-95
11.3364489079	-1368
11.3733990192	-1420
11.3734519482	-1316
11.3807730675	-1152
11.3880989552	-1368
11.4024279118	-1368
11.4024829865	-1368
11.5176460743	-1152
11.5178320408	543
13.1015939713	543
13.3995289803	1057
13.7736999989	-543
14.081017971	-543
14.1015529633	543
14.5360529423	-543
14.5643570423	-543
15.1015760899	543
15.1016750336	543
15.1383190155	-543
15.3770298958	-543
16.0543000698	-543
16.1015529633	543
18.6763880253	-543
20.0393910408	-543
20.1015300751	543
24.1015250683	543
24.1016640663	543
25.1015160084	543
25.1016099453	543
25.1726388931	-543
25.173402071	1057
25.1735320091	-1420
25.1735389233	-1316
25.1870260239	-1420
25.1870400906	-1316
25.2043049335	-1368
25.2044100761	-1368
25.3096399307	-161
25.4420330524	-1420
25.4420950413	-1316
25.4499969482	-1368
25.4500229359	-1368
25.4504098892	-1368
25.4703900814	-1368
25.4805669785	-1420
25.4806199074	-1316
25.4806499481	-1368
25.4807310104	-1368
25.4809479713	-1368
25.4813659191	-1368
25.4859800339	-894
25.4942400455	-1368
25.4942519665	-1368
25.4991540909	-1368
25.5790910721	-1368
25.5793030262	543
25.5794360638	543
25.6229529381	-298
25.6475150585	1057
25.7185919285	-1368
25.7549049854	-1420
25.7549669743	-1316
25.7735290527	-1420
25.7735800743	-1316
25.7854919434	-1044
26.9887509346	-543
27.0486340523	-1368
27.1015241146	543
27.1257719994	-775
27.1278131008	543
27.1284399033	543
27.3536920547	-543
27.3914439678	-1420
27.3915200233	-1420
27.3915269375	-1264
27.5297150612	-95
27.6776940823	-1420
27.6777610779	-1420
27.6778059006	-1264
27.6861190796	-1368
27.6861929893	-1368
27.6864049435	-1368
27.694742918	-1368
27.694890976	543
27.72417593	-451
27.7811729908	-1420
27.7812390327	-1316
27.7984259129	-1368
27.8147790432	-1368
27.9088299274	-1368
27.9111800194	-1044
27.9429199696	-1368
27.9429380894	-1368
27.9633030891	-1368
27.9633231163	-1368
27.9633700848	-1368
27.9633729458	-1368
27.9633979797	-1368
28.034236908	-1368
28.0483911037	-1110
28.1843669415	-1420
28.1843810081	-1316
28.1855568886	-920
28.1981270313	-1368
28.3228490353	-1260
28.8664400578	-1420
28.866492033	-491
28.8666219711	-1368
28.8667080402	543
28.8809480667	-1368
28.9098699093	-1420
28.9099171162	-1316
28.9265630245	-1368
28.9266269207	-1368
28.9267570972	543
28.957914114	-1420
28.9579329491	-1316
28.9579730034	-1368
29.0033679008	-1420
29.0034079552	-1316
29.0037469864	-1368
29.0038650036	-1368
29.0039861202	-1420
29.0040049553	-423
29.1014869213	543
29.1936590672	-543
29.229129076	-1420
29.2291440964	-1420
29.2292010784	-1264
29.2466650009	-1368
29.2904469967	-1420
29.2904651165	-1316
29.3659420013	-733
29.4940159321	-1368
29.5032589436	-232
29.5609610081	-1420
29.5609779358	-1316
29.581608057	-1420
29.5816240311	-1316
29.5817840099	543
29.5870530605	-1420
29.5870580673	-1316
29.5871620178	-1368
29.6019780636	-1368
29.6176989079	-1420
29.6177179813	-1316
29.6402359009	-488
29.705780983	-543
30.2542760372	-543
30.2932651043	-1420
30.293325901	-1316
30.2933499813	-1368
30.3131759167	-1420
30.3132429123	-1316
30.3311269283	-1368
30.3313910961	543
30.3911581039	-733
30.5882329941	-543
30.5883870125	-1368
30.7252891064	-1231
30.7275600433	543
30.7331650257	543
30.7516679764	543
30.9962830544	-543
31.1729710102	-543
31.7391550541	-543
32.7625660896	543
32.7631039619	1057
32.7635428905	1057
32.8753919601	-543
33.5586121082	-543
33.585283041	-543
33.5855789185	-1368
33.7225160599	-1231
33.8149349689	-1368
33.8593659401	-232
34.0517339706	-543
34.0519309044	543
34.1014540195	543
34.1643249989	-1368
34.1884670258	-232
34.2702550888	-1368
34.3069438934	-1420
34.3070020676	-1316
34.3253920078	-638
34.3440649509	-1368
34.3458349705	-1368
34.3622970581	-1420
34.3623130322	-1316
34.3803861141	-1368
34.4811360836	-1044
34.6163659096	-1368
34.6179099083	-232
34.6201179028	543
34.8282039165	-543
35.00496912	-1057
35.1014719009	543
35.1015729904	543
35.1016209126	543
35.4956350327	-543
35.4959850311	543
36.1014680862	543
36.1015870571	543
36.1085519791	-543
36.2062630653	-1420
36.2063560486	-1316
36.2063961029	-1368
36.2849600315	-1152
36.5292201042	-543
36.6131250858	-543
36.6761820316	-543
37.1014909744	543
37.1016039848	543
37.1016540527	543
37.1016991138	543
37.1017990112	543
37.1018919945	543
37.6741979122	-543
37.6743130684	-1368
37.7092590332	-1420
37.7093260288	-1420
37.7093629837	-1264
37.7195470333	-1420
37.7196030617	-1316
37.7196919918	-1368
37.725112915	-1368
37.7840409279	-543
37.7859449387	-543
37.8113570213	-1420
37.8114318848	-689
37.8173890114	-543
37.8922359943	-543
38.3836510181	-543
38.3838329315	-1368
38.5206959248	-1231
38.520884037	543
38.6652998924	-543
39.0771028996	-543
39.0772519112	-1420
39.0772929192	-1316
39.0773489475	543
39.0884740353	-1420
39.088488102	-1316
39.0885400772	-1420
39.0885429382	-1316
39.088684082	-1368
39.088768959	-1368
39.0948181152	-1368
39.2145209312	-1420
39.2145800591	-1316
39.2145979404	-1368
39.2151079178	-1420
39.2151319981	-1316
39.2156989574	-1368
39.2256419659	-1420
39.2257111073	-1420
39.2257480621	-1264
39.2257819176	-1368
39.2258780003	-1368
39.2260940075	-1420
39.2261168957	-953
39.2262499332	543
39.4876339436	1057
39.8444271088	-543
39.8895339966	-1368
39.8898639679	-1368
40.0212249756	-920
40.0232279301	543
40.0239329338	543
40.2064800262	-543
40.3860449791	-543
41.0066039562	-543
41.0191590786	-543
41.1565239429	-1057
41.1907570362	1057
41.2305150032	1057
41.2328629494	1057
41.2732551098	-1368
41.2736740112	-1368
41.2933840752	-406
41.4666700363	-543
41.5266940594	-1368
41.5905048847	-1420
41.5905590057	-1316
41.6431980133	-1181
41.6513550282	-543
41.8439230919	-543
41.8927719593	-1368
41.8929998875	-1368
41.9809529781	-406
42.0168139935	-543
42.101418972	543
42.1015119553	543
42.2109429836	-543
42.2392370701	-543
42.2769460678	-1368
42.2967340946	-1368
42.2970910072	-1368
42.2971129417	-1368
42.3113958836	-1368
42.3115661144	543
42.3389880657	-1420
42.3390049934	-1316
42.3763399124	-965
42.5508899689	-1368
42.5747220516	-232
42.5748989582	543
43.250191927	-543
43.4299809933	-1057
44.8226830959	-1420
44.8228271008	-1420
44.8228499889	-439
44.8297181129	-1420
44.829777956	-1316
44.8298149109	-1368
44.8385119438	-1420
44.8385570049	-1420
44.8385748863	-1264
44.8590838909	-1368
44.960258007	-1420
44.960308075	-1420
44.9603340626	-1043
45.0683510303	-1420
45.0683979988	-1316
45.0971040726	-949
45.0992228985	543
45.1009950638	543
45.1010529995	543
45.3982739449	-543
45.4001979828	543
45.5351009369	-1420
45.535118103	-1316
45.5383069515	-920
45.6035881042	-1368
45.7193078995	-1347
45.7204110622	1057
45.7741599083	-1368
45.8084321022	-1420
45.8084800243	-1316
45.8563110828	-638
45.8564779758	543
46.1014180183	543
46.401663065	1057
47.044934988	-543
47.0685129166	-1368
47.0837819576	-1368
47.2055630684	-1007
47.2075910568	543
47.2082331181	1460
47.2082800865	625
47.3630619049	-543
47.5399689674	-1057
47.6162149906	-1420
47.6162641048	-1316
47.6227331161	-1368
47.6236689091	-1368
47.6237869263	-1368
47.623871088	-1368
47.6310300827	-1368
47.6310720444	-1368
47.6312251091	543
47.6770250797	-1420
47.6770410538	-291
47.7994070053	-1420
47.7994260788	-1316
47.8074440956	-1368
47.807459116	-1368
47.8075380325	-1368
47.8077690601	-1368
47.8079020977	-1368
47.8079910278	-1368
47.8130400181	-1420
47.8130569458	-1316
47.813117981	-1368
47.8132491112	543
47.8141241074	-1118
47.8745689392	-1368
47.9218120575	-1420
47.9218280315	-1316
47.9908308983	-638
48.4945468903	-543
48.4946050644	-1368
48.4947829247	-1368
48.5086979866	-1368
48.544656992	-1420
48.5447070599	-1316
48.6316540241	-501
48.7666089535	-1420
48.7666590214	-1316
48.7685410976	-920
48.7807040215	-1368
48.8225860596	-1368
48.9054939747	-435
49.0112650394	-1420
49.0113210678	-1316
49.025094986	-1420
49.0251610279	-1420
49.025165081	-1264
49.042386055	-472
49.0425839424	543
49.1017990112	543
49.1018550396	543
49.4837830067	-543
49.48396492	-1368
49.4840819836	-1368
49.4975481033	-1368
49.4977309704	543
49.6211988926	-95
49.7410919666	-1368
49.7978320122	-232
50.025924921	-543
50.4188609123	-543
50.4189169407	-1368
50.4190599918	-1368
50.4347879887	-1368
50.4564321041	-1420
50.4564840794	-1316
50.4701740742	-1368
50.5529220104	-1368
50.5556409359	-965
50.588835001	-1368
50.5888988972	-1368
50.5987539291	-1368
50.5988049507	-1420
50.5988240242	-1316
50.6040349007	-1368
50.60414505	-1368
50.6042521	-1368
50.6926400661	-1052
50.6938569546	-1420
50.693862915	-1316
50.7075738907	-1420
50.7075901031	-1420
50.7076621056	-1264
50.7078239918	543
50.8296871185	-472
51.101375103	543
51.2627398968	-543
51.2627949715	-1368
51.301707983	-1420
51.3017630577	-1316
51.3017909527	-1368
51.3163399696	-1420
51.3163869381	-1316
51.3201510906	-1368
51.3202090263	-1368
51.3202869892	-1368
51.3203849792	-1420
51.3204040527	-1316
51.3205599785	543
51.3297410011	-1368
51.3708510399	-1368
51.3999140263	-1420
51.3999300003	-1316
51.4001429081	543
51.4001829624	-1420
51.4001851082	-597
51.4487540722	-1420
51.448775053	-1316
51.4666121006	-1420
51.4666280746	-1316
51.4666659832	-1368
51.5370020866	-472
54.1013760567	543
54.101473093	543
54.1015210152	543
54.8126440048	-543
54.8480439186	-1368
54.8509809971	-543
54.8569068909	-543
54.9497098923	-1289
55.0931499004	-543
55.479902029	-543
55.5253388882	-543
55.5255060196	-1420
55.5255279541	-1316
55.5421049595	-1368
55.5421640873	-1368
55.5538480282	-1420
55.553896904	-1316
55.5540349483	543
55.555535078	-1368
55.6622610092	-364
57.1013879776	543
60.0208880901	-543
60.1018230915	543
62.1013240814	543
63.101334095	543
64.6564679146	-543
65.0791358948	-543
65.1013150215	543
65.1014609337	543
65.6705930233	-543
66.1004469395	543
69.5418589115	-543
70.1003808975	543
70.8520739079	-543
72.5647909641	-543
72.5656149387	1057
72.6111519337	-1368
72.7025699615	-1318
72.7545540333	1057
72.9879579544	-543
73.0172040462	-1420
73.0172529221	-1316
73.1249079704	-406
73.2622609138	-543
73.2644131184	543
73.2660679817	543
73.4439439774	-543
73.7436749935	-543
73.7636780739	-1420
73.7637279034	-1316
73.880450964	-406
73.8824760914	543
73.8830258846	1057
74.0440380573	-543
74.0665109158	-543
74.3766510487	-543
74.5539870262	-1057
74.8024768829	-543
74.9399869442	-543
74.9407858849	1057
75.1012840271	543
75.3132750988	-543
75.5909950733	-1086
80.2159769535	-543
82.1012859344	543
82.2176139355	-543
84.2286410332	-543
87.1012089252	543
90.4284820557	-543
90.7274580002	-543
93.1011679173	543
95.7695870399	-543
95.9066770077	-1086
96.1003000736	543
96.7309150696	-543
97.0700190067	-543
97.1011600494	543
97.1012599468	543
97.1013090611	543
98.6443080902	-543
98.7541708946	-543
98.7547369003	1057
99.0719089508	1057
99.1011369228	543
99.1173920631	1057
99.1186289787	543
99.1203279495	543
99.1231510639	1460
99.1232030392	111
99.1302909851	1057
99.2565898895	-543
99.29154706	-1420
99.291686058	-1316
99.4162869453	-1368
99.4282839298	-124
99.4342489243	-1368
99.4613668919	-1368
99.5092020035	-1420
99.5092499256	-1316
99.5314269066	-1420
99.5314850807	-1316
99.5341610909	543
99.5413370132	543
99.5617589951	543
99.5620689392	543
99.5623550415	543
99.5650379658	-762
99.5651080608	543
99.5759599209	543
99.5765590668	543
99.5767569542	543
99.7138450146	-1086
99.7159309387	543
99.7177529335	543
99.717979908	543
99.7864630222	-1368
99.7957808971	-1368
99.7958219051	-1368
99.8560519218	-1210
99.9020609856	-543
99.9419078827	-1368
100.032700062	-804
100.200644016	-543
100.200664043	-1368
100.235152006	-1420
100.235168934	-1316
100.337469101	-95
100.475337029	-543
100.612360001	-1057
100.705341101	-543
100.727029085	-1420
100.727046013	-1316
100.749255896	-406
100.79803896	-1368
100.801184893	543
100.81240797	-1420
100.812423944	-1316
100.812460899	-1368
100.886123896	-327
100.88816309	543
100.888731956	1057
100.963346958	-1368
100.999802113	-1420
100.999855042	-1316
101.014379025	-1368
101.02404809	-870
101.028505087	-1368
101.160939932	-232
101.254571915	-1420
101.254589081	-1316
101.268460035	-1368
101.268671989	543
101.297864914	-638
101.485121965	-543
101.491859913	-1368
101.555886984	1057
101.622149944	-232
101.744575024	543
101.744863033	543
101.746738911	-1368
101.761370897	-1368
101.782536983	-1368
101.796284914	543
101.838684082	-696
102.017762899	-543
102.017848969	-1368
102.017990112	-1368
102.026374102	-1420
102.026408911	-1316
102.026767969	-1368
102.03133297	-1368
102.054857969	-1420
102.054917097	-1316
102.069367886	-1420
102.069379091	-1316
102.069411039	-1368
102.06955409	543
102.118823051	-1420
102.118840933	-1316
102.120034933	-1368
102.135725975	-1368
102.155039072	-1420
102.155055046	-83
102.357456923	-543
102.394356966	-1368
102.531491995	-1289
102.54447794	1057
102.552474976	1057
102.599879026	-1420
102.599896908	-1316
102.620830059	-1420
102.62084794	-1316
102.636620998	-1368
102.680721045	-1420
102.680740118	-1316
102.680776119	-1368
102.681981087	-82
102.701220036	-1368
102.802438021	-1368
102.819372892	-464
102.840089083	-1368
102.840105057	-1368
102.856990099	-1368
102.857136965	543
102.907089949	-1368
102.907198906	-1420
102.907201052	-1316
102.956434011	-762
103.036705971	1057
103.123635054	-1420
103.123651028	-1316
103.132138968	-1368
103.132375956	-95
103.133924007	-1420
103.133929968	-1316
103.134006023	-1368
103.135996103	543
103.139137983	-1368
103.140364885	543
103.165419102	-1368
103.165781975	-1420
103.165821075	-1316
103.179670095	-1420
103.179717064	-1316
103.17988205	543
103.202884912	-1368
103.270518064	-1060
103.276480913	543
103.379089117	-1420
103.379106045	-1316
103.407602072	-949
103.418138027	-1368
103.435364962	-1368
103.45017004	-1420
103.45022893	-1316
103.450233936	-1368
103.455358028	-1368
103.47311306	-1420
103.473162889	-1316
103.544509888	-140
103.682193995	-543
103.819391012	-1086
103.820854902	543
104.008342028	-543
104.165803909	-1368
104.180319071	-1368
104.180908918	1057
104.18137002	1057
104.184621096	-102
