0	-543
0.0188348293304	543
0.0189340114594	543
0.0189838409424	543
0.0190308094025	543
0.143447875977	-543
2.01812195778	543
3.78722882271	543
4.19252991676	-543
4.19274902344	543
4.57783293724	-543
4.57838392258	-1420
4.57843780518	-1316
4.57896780968	-1420
4.57900190353	-1316
4.57958102226	-1420
4.57962703705	-1316
4.57971096039	543
4.58019185066	-1368
4.58041787148	-1368
4.58089900017	-1368
4.62186980247	543
4.63166499138	543
4.63487291336	543
4.63670992851	543
4.66514587402	543
4.70655989647	-1420
4.7066218853	-378
4.73047494888	-1368
4.73054981232	-1420
4.73056983948	-1316
4.73114395142	-1420
4.73115086555	-1316
4.73171901703	-1420
4.73172688484	-1316
4.74190783501	543
4.74253797531	-1420
4.74255394936	-1316
4.74301886559	-1368
4.74309301376	543
4.75063490868	-1420
4.7506480217	-1316
4.75118303299	-1368
4.81670093536	-1420
4.81671881676	-1316
4.81678295135	-1420
4.81678581238	-1316
4.81745696068	-1368
4.83464288712	-1420
4.8346529007	-1316
4.83507585526	-1420
4.83507990837	-1316
4.8587038517	-1420
4.8587179184	-331
4.98661088943	-543
4.98689603806	543
5.11563181877	-1086
5.11583995819	543
5.11600494385	543
5.24443793297	-1086
5.24467182159	543
5.24480986595	543
5.37309885025	-1086
5.37329697609	543
5.41526484489	-1368
5.42559790611	-1368
5.42566585541	-1368
5.42677998543	543
5.42779183388	-1368
5.42848181725	543
5.50134801865	-1420
5.50136590004	-1021
5.50816702843	543
5.51295089722	543
5.51848196983	-1368
5.60026884079	-1420
5.60028386116	-1316
5.62965893745	-1181
5.6413769722	543
5.64356780052	543
5.64547181129	543
5.68662881851	-1420
5.68664097786	-1316
5.75821089745	-891
5.76206994057	543
5.78357791901	543
5.79796290398	-1368
5.79945993423	-1420
5.79952788353	-1316
5.81056189537	-1368
5.82054781914	543
5.82573580742	543
5.84351682663	543
5.869328022	-1420
5.86933803558	-1316
5.88659691811	-1276
5.88981199265	543
6.01542901993	-1086
6.01919198036	543
6.13017892838	-1368
6.13950586319	543
6.14287686348	-1368
6.14297294617	543
6.14314985275	543
6.14393782616	-522
6.26316595078	-1368
6.27191090584	-232
6.3878698349	-1420
6.38789701462	-1316
6.38888287544	1460
6.38895082474	111
6.40005087852	-1007
6.40136694908	1057
6.42790198326	-1420
6.42791795731	-1316
6.46184897423	-1368
6.46356701851	1057
6.55594396591	-1123
6.74156880379	-543
6.75587892532	-1420
6.75590491295	-1316
6.75595498085	-1368
6.75638985634	-1368
6.75667190552	-1420
6.75671601295	-1316
6.7573158741	-1420
6.75732088089	-1316
6.75793099403	-1420
6.75793600082	-1316
6.75862598419	-1420
6.75863099098	-1316
6.75925683975	-1420
6.75926089287	-1316
6.75993680954	-1420
6.75994300842	-1316
6.76004195213	543
6.76578688622	-1368
6.76783180237	-1368
6.84202003479	-1420
6.84203982353	-1316
6.84208703041	-1368
6.84258985519	-1368
6.84272193909	-1420
6.8427259922	-1316
6.8428068161	543
6.8434689045	-1420
6.84347295761	-1316
6.84404993057	-1420
6.84405398369	-1316
6.84473490715	-1420
6.84473991394	-1316
6.84537696838	-1420
6.84538197517	-1316
6.84600400925	-1420
6.84600901604	-1316
6.84666085243	-1420
6.84666585922	-1316
6.84677696228	543
6.8472700119	-1368
6.85431003571	-1420
6.85433697701	-1316
6.85473680496	-1368
6.86980581284	-1090
6.9289689064	-1420
6.92898797989	-1420
6.92905092239	-1420
6.92905402184	-1212
6.92966794968	-1420
6.92967295647	-1316
6.930382967	-1420
6.93038797379	-1316
6.9311068058	-1420
6.93111181259	-1316
6.93167686462	-1420
6.93168187141	-1316
6.93233680725	-1420
6.93234181404	-1316
6.93245601654	543
6.93302583694	-1420
6.93302989006	-1316
6.9337220192	-1420
6.93372702599	-1316
6.93383288383	543
6.93437290192	-1420
6.93437695503	-1316
6.93495988846	-1420
6.93496489525	-1316
6.93555998802	-1420
6.93556380272	-1316
6.93624687195	-1420
6.93625092506	-1316
6.93691587448	-1368
6.93719696999	-1368
6.93750882149	-1368
6.94092798233	-1420
6.940969944	-1316
6.94147086143	-1368
6.97459292412	-1420
6.97460603714	-1316
6.97490596771	-1368
6.97516083717	543
6.98654103279	-1368
6.99802398682	-1364
7.01490092278	-1368
7.01565885544	-1420
7.01571583748	-1420
7.01571893692	-1264
7.01575398445	-1420
7.0157558918	-1316
7.01628494263	-1420
7.01628780365	-1316
7.01696681976	-1420
7.01697182655	-1316
7.01763701439	-1420
7.01764082909	-1316
7.01823496819	-1420
7.0182390213	-1316
7.01891994476	-1420
7.01893281937	-1316
7.01963090897	-1420
7.01963496208	-1316
7.02025198936	-1420
7.02025485039	-1316
7.02086186409	-1420
7.02086591721	-1316
7.02157187462	-1420
7.02157592773	-1316
7.02208995819	543
7.02224087715	-1420
7.02224493027	-1316
7.02234482765	543
7.0230050087	-1420
7.02301692963	-1316
7.02306580544	543
7.02348399162	-1420
7.0234978199	-1316
7.02412796021	-1420
7.02413082123	-1316
7.02479887009	-1420
7.0248029232	-1316
7.02497291565	543
7.02557897568	-1420
7.02558398247	-1316
7.02709197998	-1368
7.06136083603	-1420
7.06140995026	-1316
7.06171703339	-1368
7.07369589806	-1420
7.07370495796	-1316
7.07394480705	-1368
7.08689188957	543
7.10140490532	-1420
7.10142803192	-1316
7.10146594048	-1420
7.10146784782	-1316
7.10219097137	-1420
7.10219597816	-1316
7.10285687447	-1420
7.10286092758	-1316
7.10345888138	-1420
7.10346388817	-1316
7.1035759449	543
7.10430002213	-1420
7.10430502892	-1316
7.10480189323	-1420
7.10480690002	-1316
7.10492300987	543
7.10555291176	-1420
7.10555791855	-1316
7.10613584518	-1420
7.10614085197	-1316
7.10681891441	-1420
7.1068239212	-1316
7.10742998123	-1420
7.10743498802	-1316
7.10806488991	-1420
7.1080698967	-1316
7.10868597031	-1420
7.1086909771	-1316
7.1092569828	-1420
7.10926198959	-1316
7.1099460125	-1420
7.10995101929	-1316
7.11060285568	-1420
7.11060595512	-1316
7.11092400551	543
7.11121702194	-1420
7.11122393608	-1316
7.1119120121	-1420
7.1119158268	-1316
7.11255002022	-1420
7.11255598068	-1316
7.11324095726	-1420
7.11324596405	-1316
7.11389994621	-1368
7.1140499115	-1368
7.11452698708	-1420
7.11453199387	-1316
7.11518597603	-1420
7.11519193649	-1316
7.11584687233	-1420
7.11585283279	-1316
7.11594891548	543
7.11652803421	-1420
7.11653280258	-1316
7.11715292931	-1420
7.11715888977	-1316
7.11724996567	543
7.11783695221	-1420
7.11784386635	-1316
7.12572288513	-317
7.14806699753	-1420
7.1481180191	-1316
7.14827680588	-1420
7.14829993248	-1316
7.14894294739	-1420
7.14897584915	-1316
7.1871509552	-1420
7.18720293045	-1316
7.18757796288	-1420
7.18760180473	-1316
7.18805789948	-1420
7.18808293343	-1316
7.18815898895	543
7.18864488602	-1420
7.18864989281	-1316
7.18935489655	-1420
7.18935990334	-1316
7.18998599052	-1420
7.18999195099	-1316
7.1900908947	543
7.19061994553	-1368
7.19082689285	-1368
7.19132590294	-1420
7.19133996964	-1316
7.19192790985	-1420
7.19193196297	-1316
7.19269299507	-1420
7.19269680977	-1316
7.19322299957	-1420
7.1932258606	-1316
7.1938419342	-1420
7.19384694099	-1316
7.19454288483	-1420
7.19454884529	-1316
7.19514799118	-1420
7.19515299797	-1316
7.19576382637	-1420
7.19576787949	-1316
7.19647288322	-1420
7.19647598267	-1316
7.1971309185	-1420
7.19713497162	-1316
7.19776988029	-1420
7.19777393341	-1316
7.19840502739	-1420
7.19840788841	-1316
7.19904780388	-1420
7.19905090332	-1316
7.19974899292	-1420
7.19975280762	-1316
7.20044803619	-1368
7.20144987106	1057
7.20239400864	1460
7.20244288445	1460
7.20247888565	1161
7.20254087448	1460
7.2025809288	1460
7.20262598991	1161
7.2027130127	1177
7.20323300362	543
7.20360684395	543
7.27628993988	-803
7.36315488815	-1368
7.3669359684	543
7.40428900719	543
7.40456986427	-232
7.40498590469	543
7.53281092644	-1086
7.53303980827	543
7.53319501877	543
7.53960490227	543
7.55029797554	1460
7.55040597916	111
7.55379700661	-1368
7.57024502754	543
7.58810091019	543
7.58872890472	543
7.62828683853	-1420
7.62829685211	-1316
7.6613638401	-124
7.67810797691	543
7.69090199471	-1368
7.69111800194	543
7.69126081467	543
7.69282889366	-1420
7.6928358078	-1316
7.69296693802	543
7.69333696365	-1420
7.69334197044	-1316
7.69392180443	-1420
7.69392800331	-1316
7.69464492798	-1420
7.69464993477	-1316
7.69530487061	-1420
7.6953189373	-1316
7.69591593742	-1420
7.69592094421	-1316
7.69660496712	-1420
7.69660997391	-1316
7.69671797752	543
7.70344281197	-1368
7.73069095612	-1368
7.73331594467	543
7.73756480217	-1368
7.73772192001	-1368
7.73846292496	-1420
7.73846888542	-1316
7.73890686035	-1420
7.73891282082	-1316
7.73899483681	543
7.73952484131	-1420
7.7395298481	-1316
7.74024987221	-1420
7.740254879	-1316
7.74032998085	543
7.74090981483	-1420
7.74091482162	-1316
7.7415368557	-1420
7.74154186249	-1316
7.74220895767	-1420
7.74221396446	-1316
7.74288988113	-1420
7.7428958416	-1316
7.74350881577	-1420
7.74351382256	-1316
7.74413180351	-1420
7.74414491653	-1316
7.74477386475	-1420
7.74477982521	-1316
7.74542403221	-1420
7.74542880058	-1316
7.74606895447	-1420
7.74608302116	-1316
7.7467019558	-1368
7.76414585114	-1368
7.76431083679	543
7.79005789757	-434
7.8012919426	-1420
7.80132389069	-1316
7.80178880692	-1368
7.80211591721	-1368
7.80225682259	543
7.80242800713	-1420
7.80243086815	-1316
7.80314397812	-1368
7.80324482918	-1368
7.80379486084	-1420
7.80379986763	-1316
7.80442285538	-1420
7.80442881584	-1316
7.80458402634	543
7.80509090424	-1420
7.8050968647	-1316
7.80517888069	543
7.80578899384	-1420
7.8057949543	-1316
7.80644702911	-1420
7.8064520359	-1316
7.80705595016	-1420
7.80706000328	-1316
7.80717492104	543
7.80770301819	-1420
7.80771684647	-1316
7.80833983421	-1420
7.808344841	-1316
7.80902099609	-1420
7.80902695656	-1316
7.80960988998	-1420
7.80961489677	-1316
7.81031489372	-1420
7.81032085419	-1316
7.81087493896	-1420
7.81087994576	-1316
7.8115439415	-1420
7.81154990196	-1316
7.81186699867	543
7.81228494644	-1368
7.81590199471	-1368
7.83774089813	-1420
7.8377559185	-1316
7.84354901314	-1420
7.84355998039	-1316
7.8436858654	543
7.8438398838	-1368
7.84845399857	-1368
7.84876990318	-1420
7.84877490997	-1316
7.84929394722	-1368
7.84961891174	-1420
7.84965181351	-1316
7.85037684441	-1420
7.85039997101	-1316
7.85084295273	-1420
7.85086798668	-1316
7.85145688057	-1420
7.85149383545	-1316
7.85157895088	543
7.85221099854	-1420
7.852216959	-1316
7.85282588005	-1420
7.85283994675	-1316
7.85344290733	-1420
7.85344791412	-1316
7.85415792465	-1420
7.85416388512	-1316
7.8542778492	543
7.85474181175	-1420
7.85474681854	-1316
7.85548782349	-1420
7.85549283028	-1316
7.85607290268	-1420
7.85608792305	-1316
7.85675191879	-1420
7.85675692558	-1316
7.86223101616	543
7.86370491982	-1420
7.86370992661	-1316
7.86417388916	-1368
7.88166594505	-1368
7.88187789917	543
7.88752603531	-1420
7.88752985001	-1316
7.88766884804	1460
7.88771486282	111
7.88793301582	-1420
7.88793897629	-1316
7.88857698441	-1420
7.8885819912	-1316
7.8892698288	-1420
7.88927483559	-1316
7.88994383812	-1420
7.88994884491	-1316
7.89058589935	-1420
7.89059090614	-1316
7.89117383957	-1420
7.89117884636	-1316
7.8912768364	543
7.89192986488	-1368
7.89210987091	-1368
7.8924138546	-1368
7.89251184464	-1368
7.89257693291	543
7.89311480522	-1420
7.89312887192	-1316
7.8938138485	-1420
7.89381980896	-1316
7.89441800117	-1420
7.89442300797	-1316
7.8950688839	-1420
7.89507389069	-1316
7.89575195312	-1420
7.89575695992	-1316
7.89638185501	-1420
7.8963868618	-1316
7.8970618248	-1420
7.89706683159	-1316
7.89767098427	-1420
7.89767599106	-1316
7.89838886261	-1420
7.8983938694	-1316
7.89848089218	543
7.8989379406	-1420
7.89894294739	-1316
7.89971089363	-1420
7.89971590042	-1316
7.90027403831	-1420
7.90027880669	-1316
7.90099787712	-1420
7.90100288391	-1316
7.90166592598	-1420
7.90167093277	-1316
7.90227794647	-1420
7.90228390694	-1316
7.90290594101	-1420
7.90291190147	-1316
7.90358281136	-1420
7.90358901024	-1316
7.9185860157	-94
7.91866588593	543
7.92893600464	-1420
7.9289419651	-1316
7.92919492722	-1420
7.92919993401	-1316
7.9293179512	543
7.92979001999	-1368
7.9315469265	-1420
7.9315738678	-1316
7.93516802788	-1420
7.93523192406	-1420
7.9352350235	-1264
7.93527197838	-1368
7.93587589264	-1420
7.93591594696	-1316
7.93661689758	-1420
7.93665885925	-1316
7.93716692924	-1420
7.93719696999	-1316
7.93782401085	-1420
7.93786501884	-1316
7.93852186203	-1420
7.9385509491	-1316
7.93913602829	-1420
7.93917393684	-1316
7.93979287148	-1420
7.93983101845	-1316
7.94046282768	-1420
7.94049596786	-1316
7.94110894203	-1420
7.94114089012	-1316
7.94173383713	-1420
7.94176697731	-1316
7.94191980362	543
7.94254302979	-1420
7.94254803658	-1316
7.94313287735	-1420
7.94314694405	-1316
7.94377398491	-1420
7.94377994537	-1316
7.94392490387	543
7.94444799423	-1420
7.94445300102	-1316
7.94455599785	543
7.94507789612	-1420
7.94508290291	-1316
7.94577884674	-1420
7.94578480721	-1316
7.9463570118	-1420
7.94635987282	-1316
7.94715094566	-1420
7.94715499878	-1316
7.94766187668	-1368
7.95119786263	543
7.95964384079	-1420
7.95966100693	-1316
7.95987582207	-1368
7.97188901901	-1368
7.98846697807	-1368
8.02744483948	-1420
8.02748680115	-1316
8.02762389183	-1368
8.02786803246	1057
8.03376698494	-1368
8.03383898735	-1368
8.0339820385	543
8.03407096863	-1368
8.03471183777	-1420
8.03474783897	-1316
8.03513598442	-1420
8.03515982628	-1316
8.03579092026	-1368
8.03983092308	-1420
8.03983592987	-1316
8.03994297981	543
8.04011297226	-1368
8.0411028862	543
8.04676485062	-772
8.05935001373	-1368
8.06252193451	-1420
8.06252789497	-1316
8.0627849102	-1368
8.06313896179	-1368
8.06351399422	-1368
8.07148981094	-1420
8.07158780098	-1316
8.07344985008	543
8.08012580872	-1420
8.0801358223	-1316
8.08033585548	-1368
8.0876019001	-1368
8.09053087234	543
8.10337901115	543
8.10691785812	543
8.11971592903	-1420
8.11972403526	-1316
8.11986398697	543
8.17566585541	-1329
8.17590093613	543
8.18181800842	543
8.21146988869	-1420
8.21152186394	-1316
8.21387982368	1460
8.21394681931	111
8.21868801117	-1368
8.22340488434	-1420
8.22345590591	-1316
8.25125098228	1057
8.26138401031	543
8.26188087463	543
8.27876400948	543
8.3041408062	-617
8.31427383423	543
8.33233094215	-1368
8.36144185066	543
8.37305283546	-1420
8.37305998802	-1316
8.37998390198	-1368
8.43265485764	-356
8.44367194176	543
8.46493601799	-1368
8.47756886482	-1420
8.4776289463	-1316
8.49218583107	-1368
8.52332401276	-1368
8.52355194092	543
8.55113697052	-1420
8.55116081238	-1316
8.55129694939	-1420
8.5513010025	-1316
8.55145597458	1057
8.55190682411	-1420
8.5519118309	-1316
8.55260491371	-1420
8.55261087418	-1316
8.55326080322	-1368
8.56145691872	-1358
8.56173682213	543
8.58524894714	543
8.59360098839	-1420
8.59361195564	-1316
8.61126995087	1460
8.61136484146	1460
8.61140298843	1161
8.6114449501	1460
8.61155796051	1199
8.61189103127	543
8.61211681366	543
8.62699389458	-1368
8.67060494423	-543
8.68951392174	-696
8.71278381348	-1368
8.74121189117	1460
8.7413020134	1460
8.74134683609	1161
8.74139499664	1460
8.74148392677	1199
8.79924798012	-1368
8.81754684448	-406
8.85104894638	-1368
8.85810685158	-1368
8.86795592308	-1368
8.90977191925	543
8.94600296021	-1326
8.98121285439	543
9.01598787308	1057
9.03123497963	543
9.03131198883	543
9.07013583183	-1368
9.07065081596	-1420
9.07069587708	-1316
9.07109689713	-1420
9.07113003731	-1316
9.07184195518	-1420
9.07191085815	-1316
9.07232689857	543
9.07251596451	-1420
9.07252001762	-1316
9.07256484032	543
9.07274699211	543
9.07313990593	-1420
9.07314491272	-1316
9.07378387451	-1420
9.0737888813	-1316
9.07445597649	-1420
9.0744600296	-1316
9.07502794266	-1420
9.07503390312	-1316
9.07587695122	-1420
9.07588291168	-1316
9.07636189461	-1420
9.07636594772	-1316
9.07664203644	543
9.07701086998	-1420
9.07701587677	-1316
9.07774400711	-1420
9.0777490139	-1316
9.07827687263	-1420
9.07827997208	-1316
9.07915401459	-1420
9.07915902138	-1316
9.07959794998	543
9.07963895798	-1420
9.07964086533	-1316
9.08025383949	-1420
9.08025693893	-1316
9.08094286919	-1420
9.0809469223	-1316
9.08156299591	-1420
9.0815680027	-1316
9.08220481873	-1420
9.08220887184	-1316
9.08282995224	-1420
9.08283400536	-1316
9.08351898193	-1420
9.08352303505	-1316
9.08417892456	-1420
9.08418297768	-1316
9.08482885361	-1420
9.08483290672	-1316
9.08547687531	-1420
9.08548092842	-1316
9.0861158371	-1420
9.08612084389	-1316
9.08676290512	-1420
9.08676695824	-1316
9.08719301224	543
9.08742380142	-1420
9.08742690086	-1316
9.08755493164	543
9.08805298805	-1420
9.08805799484	-1316
9.08868694305	-1368
9.08878588676	-1368
9.08958888054	-1420
9.0895960331	-1316
9.090310812	-1420
9.09032082558	-1316
9.09073591232	-1420
9.09074091911	-1316
9.09138894081	-1420
9.09139490128	-1316
9.09199380875	-1420
9.09199881554	-1316
9.09217882156	543
9.09263396263	-1420
9.0926399231	-1316
9.09329891205	-1420
9.09330391884	-1316
9.0940220356	-1420
9.09402894974	-1316
9.09467291832	-1420
9.09467601776	-1316
9.09538984299	-1420
9.09539294243	-1316
9.0959148407	-1420
9.09591794014	-1316
9.0965988636	-1420
9.09660100937	-1316
9.09722280502	-1420
9.09722685814	-1316
9.09782195091	543
9.09791493416	-1420
9.09791898727	-1316
9.09802603722	543
9.0985648632	-1420
9.09856987	-1316
9.09917902946	-1420
9.09918498993	-1316
9.09984397888	-1420
9.09984993935	-1316
9.1005218029	-1368
9.10065793991	-1368
9.10118985176	-1420
9.10119390488	-1316
9.10180401802	-1420
9.10180687904	-1316
9.10251402855	-1420
9.10251688957	-932
9.10331892967	-1420
9.10332393646	-1316
9.10391688347	-1368
9.10554385185	543
9.15653395653	-1420
9.15655088425	-1316
9.15693497658	-1420
9.15694093704	-1316
9.15765786171	-1420
9.1576628685	-1316
9.15841698647	-1368
9.15851593018	-1368
9.15889000893	-1420
9.1589038372	-1316
9.15958690643	-1420
9.15959191322	-1316
9.15970492363	543
9.1602678299	-1420
9.16027188301	-1316
9.16088891029	-1420
9.16089296341	-1316
9.16100001335	543
9.16155695915	-1420
9.16156196594	-1316
9.16217684746	-1420
9.16218185425	-1316
9.16288590431	-1420
9.16288995743	-1316
9.16349196434	-1420
9.16350102425	-1316
9.16414093971	-1420
9.16415381432	-1316
9.16481089592	-1420
9.16481685638	-1316
9.1654419899	-1420
9.16544795036	-1316
9.16619992256	-1420
9.16620492935	-1316
9.16676497459	-1420
9.16676783562	-1316
9.16736102104	-1368
9.16742086411	-1368
9.16803884506	-1420
9.16804289818	-1316
9.16866803169	-1368
9.16875481606	-1368
9.16951990128	-1420
9.16952490807	-1316
9.17012786865	-1420
9.17013192177	-1316
9.17031788826	543
9.17088699341	-1420
9.17090082169	-1316
9.17125201225	-1420
9.17125701904	-1316
9.17191195488	-1420
9.17191791534	-1316
9.1725859642	-1420
9.17259097099	-1316
9.17323184013	-1420
9.17323493958	-1316
9.17394590378	-1420
9.17394995689	-1316
9.17461395264	-1368
9.17742490768	543
9.17761588097	543
9.19371581078	543
9.22401499748	-1420
9.22403287888	-1316
9.22452998161	-1420
9.22453403473	-1316
9.2245759964	-1368
9.22533297539	-1420
9.2253549099	-1316
9.22586488724	-1420
9.22589683533	-1316
9.22663593292	-1420
9.22667503357	-1316
9.22719192505	-1420
9.22722887993	-1316
9.22801303864	-1420
9.22805094719	-1316
9.2285490036	-1420
9.22858691216	-1316
9.22913503647	-1420
9.22916793823	-1316
9.22986197472	-1420
9.22989487648	-1316
9.23051786423	-646
9.23392391205	-1420
9.23393988609	-1316
9.23431801796	-1420
9.23432183266	-1316
9.23509287834	-1368
9.23527288437	-1368
9.23555183411	-1420
9.23555588722	-1316
9.23620295525	-1420
9.23620891571	-1316
9.2368118763	-1368
9.23690199852	-1368
9.23748803139	-1420
9.23749089241	-1316
9.23817586899	-1368
9.23840785027	-1368
9.24201583862	543
9.2424018383	543
9.24336695671	1460
9.24341988564	625
9.24936199188	-1420
9.24937987328	-1316
9.2497189045	-1368
9.29240489006	-1368
9.30124402046	543
9.33921098709	-1368
9.34607386589	-1368
9.34664297104	-1420
9.3466489315	-1316
9.34683299065	-1368
9.34699082375	-1368
9.34758687019	-1368
9.34791398048	-1368
9.34809780121	-1420
9.34811091423	-1316
9.3488638401	-1420
9.34886884689	-1316
9.34953594208	-1420
9.34954094887	-1316
9.35012388229	-1420
9.35012888908	-1316
9.35085988045	-1420
9.35086488724	-1316
9.35152697563	-1368
9.35159301758	-1368
9.35206484795	-1420
9.35207796097	-1316
9.35217285156	543
9.35270786285	-1420
9.35271286964	-1316
9.35341596603	-1420
9.35342001915	-1316
9.35396385193	-1368
9.35413384438	-1368
9.35475587845	-1420
9.35475993156	-1316
9.35541987419	-1420
9.35542297363	-1316
9.35597896576	-1368
9.36176085472	-537
9.36409091949	543
9.38196802139	-1368
9.39347791672	-543
9.41577291489	543
9.42174100876	543
9.43216180801	-543
9.4898788929	-1318
9.53027582169	543
9.61813092232	-543
9.6754720211	1460
9.67556881905	1139
9.69157981873	1460
9.69164586067	625
9.70811796188	-1368
9.72092986107	-1368
9.74669098854	-949
9.75772595406	-1420
9.75775003433	-1420
9.75778889656	-1264
9.75837182999	-1420
9.75841283798	-1316
9.75898194313	-1420
9.75902199745	-1316
9.75960087776	-1420
9.75963902473	-1316
9.76030302048	-1420
9.76034593582	-1316
9.76089501381	-1420
9.76092481613	-1316
9.76115202904	543
9.76131486893	543
9.76152682304	-1420
9.76153993607	-1316
9.7616288662	543
9.76224589348	-1368
9.79606580734	-1420
9.79613780975	-1316
9.79637694359	-1368
9.80527901649	543
9.87530303001	-686
9.97848391533	-543
9.98914194107	-1368
10.0032598972	-261
10.0079770088	-1368
10.0161478519	-1368
10.0188639164	543
10.0190999508	543
10.0194139481	543
10.0261108875	543
10.0313148499	-1420
10.0313208103	-1316
10.0415358543	-1368
10.0620498657	543
10.0652840137	-1368
10.0933849812	-1420
10.0934369564	-1316
10.0936398506	543
10.0937759876	543
10.0951750278	-1420
10.0951800346	-1316
10.0962209702	-1420
10.0962259769	-1316
10.0967609882	-1420
10.0967648029	-1316
10.0973799229	-1420
10.097383976	-1316
10.0980219841	-1420
10.0980260372	-1316
10.0986509323	-1368
10.0988948345	-1368
10.099406004	-1420
10.0994098186	-1316
10.1000058651	-1420
10.1000099182	-1316
10.1006979942	-1420
10.1007018089	-1316
10.1013629436	-1420
10.1013669968	-1316
10.1015369892	1057
10.1021280289	-1420
10.1021339893	-1316
10.1026799679	-1420
10.1026849747	-1316
10.1027839184	543
10.1032409668	-1420
10.1032450199	-1316
10.10389781	-1420
10.1039028168	-1316
10.1053519249	-1420
10.1053569317	-1316
10.1058750153	-1368
10.1108088493	-1368
10.1227869987	-1420
10.1228089333	-1316
10.1312248707	-186
10.1451408863	-1368
10.1874248981	543
10.1985349655	-1420
10.1985399723	-1316
10.1987428665	1057
10.1987919807	-1420
10.1987938881	-1316
10.1989209652	543
10.1994249821	-1420
10.1994299889	-1316
10.2001388073	-1420
10.2001450062	-1316
10.2008168697	-1420
10.2008228302	-1316
10.2009208202	543
10.2015368938	-1420
10.2015419006	-1316
10.2016489506	543
10.2020878792	-1420
10.2020938396	-1316
10.2027189732	-1420
10.2027249336	-1316
10.203565836	-1420
10.2035720348	-1316
10.2040359974	-1420
10.2040419579	-1316
10.2047169209	-1420
10.2047219276	-1316
10.2053618431	-1420
10.2053668499	-1316
10.205919981	-1420
10.2059259415	-1316
10.2066259384	-1420
10.2066318989	-1316
10.2072689533	-1420
10.2072749138	-1316
10.2079148293	-1420
10.2079210281	-1316
10.2080099583	543
10.2085428238	-1420
10.2085490227	-1316
10.2091989517	-1420
10.2092049122	-1316
10.2095189095	543
10.2099440098	-1420
10.2099499702	-1316
10.2105529308	-1420
10.2105588913	-1316
10.2112619877	-1420
10.2112679482	-1316
10.2118649483	-1420
10.2118709087	-1316
10.2125048637	-1420
10.2125098705	-1316
10.2131609917	-1368
10.2184238434	-1420
10.2184519768	-1316
10.21854496	543
10.2189209461	-1368
10.2728939056	-181
10.2730939388	543
10.3372578621	-1368
10.3374688625	543
10.3375279903	-1368
10.3376100063	-1420
10.3376510143	-1316
10.3382968903	-1420
10.3383328915	-1316
10.3389279842	-1420
10.3389530182	-1316
10.3396499157	-1420
10.3396749496	-1316
10.3397638798	543
10.3402378559	-1368
10.3531639576	-1420
10.3532118797	-1316
10.3609158993	-1368
10.3656668663	-1368
10.3657948971	543
10.3785438538	-1368
10.4011869431	-1250
10.4034359455	543
10.4129199982	543
10.4656708241	-1420
10.4656879902	-1316
10.4779260159	-1368
10.481705904	543
10.4823579788	543
10.5289878845	-95
10.5291898251	543
10.6055970192	-1420
10.6056158543	-1316
10.6058278084	-1368
10.6074488163	-1368
10.6138038635	1460
10.6138648987	1460
10.6139008999	1161
10.6139888763	603
10.6522948742	-1368
10.6567959785	-16
10.6659748554	543
10.6714019775	543
10.7171909809	-1368
10.717389822	-1368
10.7174348831	-1368
10.7300410271	-1420
10.7300980091	-1316
10.7301609516	-1368
10.7543718815	543
10.7550868988	543
10.7849299908	-733
10.7918188572	543
10.8725128174	-1368
10.8813028336	543
10.8814809322	543
10.8982830048	-1420
10.8982958794	-1316
10.8985009193	-1368
10.9204349518	-870
10.9412410259	543
10.9417610168	543
10.9679620266	-1368
10.9679780006	-1368
10.9682660103	-1420
10.9682798386	-1316
10.9683828354	543
10.9689619541	-1420
10.9689669609	-1316
10.9696068764	-1420
10.9696109295	-1316
10.9701700211	-1368
10.970263958	-1368
10.9708859921	-1420
10.9708909988	-1316
10.9714868069	-1420
10.9715099335	-1316
10.9764008522	-1368
10.9766669273	-1368
10.9767649174	543
10.9768090248	-1368
10.9771330357	-1420
10.9771749973	-1316
10.9778330326	-1420
10.9778749943	-1316
10.9785268307	-1420
10.9785490036	-1316
10.9791200161	-1420
10.9791619778	-1316
10.9797558784	-1420
10.9797949791	-1316
10.9804208279	-1420
10.9804589748	-1316
10.9810318947	-1420
10.9810769558	-1316
10.9816968441	-1420
10.9817299843	-1316
10.9823298454	-1420
10.9823608398	-1316
10.9824388027	543
10.9830188751	-1420
10.9830229282	-1316
10.9837749004	-1420
10.9837799072	-1316
10.9843068123	-1420
10.9843118191	-1316
10.9849200249	-1420
10.9849228859	-1316
10.9856300354	-1420
10.9856328964	-1316
10.9862949848	-1420
10.9862978458	-1316
10.9869139194	-1420
10.9869179726	-1316
10.9874930382	-1420
10.9874968529	-1316
10.9882199764	-1420
10.9882240295	-1316
10.9888348579	-1420
10.9888389111	-1316
10.9889338017	543
10.9891989231	543
10.9895179272	-1420
10.989522934	-1316
10.9901499748	-1420
10.9901549816	-1316
10.9908359051	-1420
10.9908418655	-1316
10.9914648533	-1420
10.9914698601	-1316
10.992153883	-1420
10.9921588898	-1316
10.992762804	-1420
10.9927690029	-1316
10.9934120178	-1420
10.9934170246	-1316
10.9940798283	-1420
10.9940829277	-1316
10.9947898388	-1420
10.9947929382	-1316
10.9953968525	-1420
10.9953999519	-1316
10.9958689213	543
10.9960339069	-1420
10.9960379601	-1316
10.9967458248	-1420
10.9967520237	-1316
10.9968349934	543
10.9974210262	-1420
10.997426033	-1316
10.9980139732	-1420
10.99801898	-1316
10.9986848831	-1420
10.9986879826	-1316
10.999352932	-1420
10.9993560314	-1316
10.9999549389	-1420
10.9999580383	-1316
11.0006999969	-1420
11.000702858	-1316
11.0012948513	-1420
11.0012989044	-1316
11.0019218922	-1420
11.001926899	-1316
11.0020108223	543
11.0025830269	-1420
11.0025880337	-1316
11.003221035	-1420
11.0032258034	-1316
11.0038948059	-1420
11.0039010048	-1316
11.0045678616	-1420
11.0045728683	-1316
11.0052509308	-1420
11.0052540302	-1316
11.0060198307	-1420
11.0060238838	-1316
11.0065419674	-1420
11.0065448284	-1316
11.0071668625	-1420
11.0071699619	-1316
11.007874012	-1420
11.007876873	-1316
11.0085389614	-1420
11.0085418224	-1316
11.0091338158	-1420
11.0091369152	-1316
11.009791851	-1368
11.0098898411	-1368
11.0100109577	543
11.0101490021	543
11.0104839802	-1420
11.0104939938	-1316
11.0312209129	543
11.0484728813	-447
11.0556879044	-1420
11.0557248592	-1316
11.0560538769	-1420
11.0560779572	-1316
11.0568199158	-1420
11.0568640232	-1316
11.0573630333	-1368
11.0574820042	-1368
11.0580909252	-1420
11.0581328869	-1316
11.0582289696	543
11.0586600304	-1420
11.0586650372	-1316
11.0593419075	-1420
11.0593559742	-1316
11.0599479675	-1420
11.0599520206	-1316
11.0606520176	-1420
11.0606558323	-1316
11.0613489151	-1420
11.0613539219	-1316
11.0619189739	-1368
11.0641849041	-1368
11.0646779537	-1420
11.0646820068	-1316
11.0651619434	-1420
11.0651679039	-1316
11.0657448769	-1368
11.0658619404	-1368
11.0665578842	-1420
11.066562891	-1316
11.0671069622	-1420
11.0671110153	-1316
11.0674469471	543
11.0677130222	-1420
11.0677199364	-1316
11.0681300163	543
11.0685539246	-1368
11.0686469078	-1368
11.0695168972	-1420
11.0695228577	-1316
11.069756031	-1420
11.0697598457	-1316
11.0704329014	-1420
11.0704388618	-1316
11.0711688995	-1420
11.0711858273	-1316
11.0716879368	-1420
11.0716938972	-1316
11.0723860264	-1420
11.0723898411	-1316
11.072925806	-1420
11.0729298592	-1316
11.0735809803	543
11.0736789703	-1420
11.0736808777	-1316
11.0745408535	-1420
11.074546814	-1316
11.0751268864	-1420
11.0751318932	-1316
11.0756659508	-1420
11.0756700039	-1316
11.0762608051	-1420
11.0762658119	-1316
11.076900959	-1420
11.07690382	-1316
11.0776460171	-1368
11.0823729038	-1420
11.0824158192	-1316
11.1183078289	-1368
11.1185159683	543
11.1729679108	-1368
11.1812539101	543
11.1837399006	-1257
11.2177839279	-1420
11.2178590298	-1316
11.2178640366	-1420
11.2178938389	-1316
11.2185618877	-1420
11.2186038494	-1316
11.2192230225	-1420
11.2192640305	-1316
11.2199428082	-1420
11.2199759483	-1316
11.2205688953	-1420
11.2206130028	-1316
11.2211918831	-1420
11.2212250233	-1316
11.2218489647	-1420
11.2218818665	-1316
11.2225329876	-1420
11.2225778103	-1316
11.2232530117	-1420
11.2232859135	-1316
11.2252368927	543
11.227506876	-1368
11.2297179699	-1368
11.229763031	-1368
11.2298359871	543
11.230039835	-1420
11.2300429344	-1316
11.230755806	-1420
11.2307608128	-1316
11.2333369255	-1420
11.2333528996	-1420
11.2333889008	-1420
11.2333920002	-1420
11.2334079742	-1420
11.2334098816	-1420
11.2334258556	-1420
11.2334280014	-1004
11.2340350151	-1420
11.2340400219	-1316
11.2347738743	-1420
11.2347798347	-1316
11.2352998257	-1420
11.2353060246	-1316
11.2360579967	-1420
11.2360639572	-1316
11.2366390228	-1420
11.2366549969	-1316
11.2370638847	1057
11.2372159958	-1420
11.2372188568	-1316
11.2379438877	-1420
11.2379498482	-1316
11.2386898994	-1420
11.2386958599	-1316
11.2392480373	-1368
11.2402579784	-1420
11.2402949333	-1316
11.2408928871	-1368
11.2490239143	-1368
11.2493319511	-1420
11.2493579388	-1316
11.2498648167	-1420
11.2498898506	-1316
11.2613298893	-1420
11.26135993	-1316
11.2779669762	-1420
11.2779998779	-1316
11.3116879463	-192
11.4082639217	543
11.5562288761	-543
11.6400208473	543
11.6468520164	1057
11.6474819183	543
11.6845579147	-1057
11.6857538223	1460
11.6858298779	1460
11.6858859062	1161
11.6859970093	603
11.6875948906	-1368
11.7714300156	-1368
11.8125288486	-464
11.8237738609	543
11.8842179775	-1368
11.8843448162	-1420
11.884406805	-1420
11.8844099045	-1264
11.885008812	-1368
11.8852720261	-1368
11.8858239651	-1368
11.8968958855	-1420
11.8969359398	-1316
11.8972938061	-1368
11.8985109329	-1420
11.8985159397	-1316
11.898665905	-1368
11.8987460136	543
11.899271965	-1420
11.8992769718	-1316
11.899876833	-1420
11.8998818398	-1316
11.9005699158	-1420
11.9005749226	-1316
11.900676012	543
11.9011638165	-1420
11.9011688232	-1316
11.9018139839	-1420
11.9018199444	-1316
11.9025418758	-1420
11.9025468826	-1316
11.9031419754	-1420
11.9031469822	-1316
11.9038228989	-1420
11.9038279057	-1316
11.904489994	-1420
11.9044950008	-1316
11.9134600163	-1420
11.913479805	-1316
11.9139540195	-1420
11.9139590263	-1316
11.914552927	-1420
11.9145579338	-1316
11.9146699905	543
11.9151329994	-1368
11.9258680344	-1420
11.9259078503	-1316
11.9722659588	-1420
11.9722800255	-1316
11.9806678295	-1214
11.9867498875	-1368
12.057309866	-1368
12.0697870255	-1368
12.1147089005	-153
12.1536040306	-1368
12.2255518436	543
12.240653038	-1368
12.2427229881	-978
12.2430479527	543
12.3103499413	-1368
12.3227958679	-1420
12.3228669167	-1420
12.3228728771	-1264
12.3280768394	-1368
12.3282279968	543
12.3284950256	-1420
12.3284988403	-1316
12.328720808	-1368
12.3364048004	-1368
12.3707280159	-256
12.3857638836	543
12.4299459457	1057
12.4619989395	543
12.5653369427	-543
12.5655608177	543
12.6517438889	1460
12.6518340111	625
12.6626520157	-1420
12.6626758575	-1316
12.6936159134	-949
12.7484948635	-1368
12.8721418381	-1420
12.8721690178	-1316
12.872396946	-1420
12.872399807	-217
12.8727538586	543
12.9278318882	-1420
12.927850008	-1316
12.953152895	-1420
12.9531710148	-1316
12.9535329342	-1368
12.9717099667	-1420
12.9717729092	-1316
12.9719099998	-1368
12.9812710285	543
12.9821248055	1460
12.982175827	111
12.9829759598	-1368
13.0005159378	-285
13.0035688877	543
13.1239469051	-1368
13.1283969879	-261
13.1295478344	543
13.1569969654	-1368
13.2563388348	-232
13.281719923	543
13.4327788353	-1086
13.4330019951	543
13.5662579536	-543
13.6074478626	-1368
13.6075229645	-1368
13.607834816	-1420
13.6078588963	-1316
13.6084928513	-1368
13.6127898693	-1420
13.6127979755	-1316
13.6130809784	-1368
13.6154248714	-1420
13.6154689789	-1316
13.6158409119	-1420
13.6158800125	-1316
13.6258330345	-1420
13.6258850098	-1316
13.6260368824	-1368
13.6316578388	-1368
13.6319308281	-1368
13.632131815	-1420
13.6321349144	-1316
13.6327769756	-1420
13.6327810287	-1316
13.6334388256	-1420
13.6334438324	-1316
13.6340718269	-1420
13.6340789795	-1316
13.6347358227	-1420
13.6347420216	-1316
13.6353650093	-1420
13.6353700161	-1316
13.6359949112	-1420
13.6360018253	-1316
13.6366829872	-1420
13.6366889477	-1316
13.6369078159	543
13.6371498108	543
13.6373429298	-1420
13.6373448372	-1316
13.6379668713	-1368
13.6431088448	543
13.644438982	-1368
13.6477968693	1057
13.6524748802	543
13.65553689	-1420
13.6555438042	-1420
13.6555919647	-1264
13.6570489407	-1368
13.657189846	-1368
13.6572988033	543
13.6578288078	-1420
13.6578350067	-1316
13.6583268642	-1420
13.6583409309	-1316
13.6589448452	-1420
13.658949852	-1316
13.659858942	-1368
13.6600058079	-1368
13.6602070332	-1420
13.6602098942	-1316
13.6611919403	-1420
13.6611948013	-1316
13.6614010334	543
13.6615660191	-1368
13.6944348812	-943
13.8223929405	-1057
13.8492159843	543
13.8639769554	543
13.9477698803	-543
13.9487149715	543
13.9649269581	543
13.9940419197	-1368
14.0014958382	-261
14.0016548634	543
14.1109800339	543
14.1295268536	-543
14.2575268745	-543
14.2577199936	543
14.3749408722	-1368
14.3751609325	543
14.3758859634	1057
14.376390934	543
14.3877599239	-1368
14.3879590034	543
14.415968895	-1420
14.4159908295	-1316
14.4161548615	-1368
14.4254980087	-45
14.4265170097	543
14.5535240173	-1086
14.5537538528	543
14.553910017	543
14.5885248184	-1368
14.6549038887	-1420
14.6549208164	-1316
14.6555919647	1057
14.7165260315	-667
14.7186470032	543
14.7203190327	543
14.7671148777	-1420
14.7671339512	-1316
14.7718729973	-1368
14.7803080082	-1368
14.7826168537	543
14.7843968868	543
14.8480198383	-298
14.8581588268	-1368
14.8708438873	-1368
14.8730499744	543
14.8747239113	543
14.9566328526	-1368
14.9568498135	543
14.9574108124	-1420
14.9574170113	-1316
14.9580659866	543
14.9581530094	-1368
14.9602508545	543
14.9770638943	-190
14.9825918674	-1368
14.9854269028	543
15.0212268829	543
15.0213289261	543
15.0683689117	-1420
15.0683858395	-1316
15.106014967	-1181
15.1211578846	543
15.1253528595	543
15.173017025	-1368
15.2225198746	-1420
15.2225358486	-1316
15.2246148586	1460
15.224684	1139
15.2348589897	-211
15.2530210018	-1368
15.2534379959	-1420
15.2534439564	-1420
15.2534799576	-1264
15.2536079884	543
15.2541649342	-1420
15.2541708946	-1316
15.2547609806	-1420
15.2547669411	-1316
15.2554199696	-1420
15.2554340363	-1316
15.255535841	543
15.2561349869	-1420
15.2561409473	-1316
15.2567379475	-1420
15.2567420006	-1316
15.2624278069	-1420
15.2624359131	-1316
15.2629349232	-1368
15.2630679607	-1368
15.2635519505	-1420
15.2635648251	-1316
15.2642409801	-1420
15.2642450333	-1316
15.2648909092	-1420
15.2648949623	-1316
15.265599966	-1420
15.2656040192	-1316
15.2662029266	-1420
15.2662060261	-1316
15.2668859959	-1368
15.2673618793	-1420
15.2674059868	-1316
15.2676198483	-1368
15.268255949	-1420
15.2682600021	-1316
15.2686388493	543
15.2688748837	-1420
15.2688779831	-1316
15.2695269585	-1420
15.2695319653	-1316
15.2696418762	543
15.2701208591	-1368
15.2703080177	-1368
15.3355879784	-1420
15.3356049061	-1316
15.335958004	-1368
15.3635129929	-186
15.4074318409	-1368
15.4333670139	-1420
15.4334490299	-1316
15.4336678982	-1368
15.4813909531	543
15.4916539192	-870
15.5016469955	543
15.5237188339	543
15.541353941	1057
15.5864868164	-1420
15.5865039825	-1316
15.5867550373	543
15.5869119167	-1420
15.5869150162	-1316
15.5873208046	-1420
15.5873258114	-1316
15.5879538059	-1420
15.5879600048	-1316
15.5925149918	-1420
15.5925319195	-1316
15.6102030277	-1368
15.6114258766	-1420
15.6114959717	-1316
15.6119408607	-1420
15.611967802	-1316
15.612557888	-1420
15.6126029491	-1316
15.6132259369	-1420
15.613273859	-1316
15.6139419079	-1420
15.6139678955	-1316
15.6140489578	543
15.6145598888	-1420
15.6145658493	-1316
15.6151788235	-1420
15.6151838303	-1316
15.6158659458	-1420
15.6158709526	-1316
15.6165108681	-1420
15.6165168285	-1316
15.61719203	-1420
15.6171970367	-1316
15.6200208664	-125
15.6228058338	-1368
15.6341209412	-1420
15.6341309547	-1316
15.6351509094	-1420
15.6351568699	-1316
15.6361169815	-1420
15.636122942	-1316
15.6362929344	-1368
15.6364088058	1057
15.6370909214	-1368
15.6378090382	-1368
15.6384370327	-1420
15.6384429932	-1316
15.6390309334	-1420
15.6390359402	-1316
15.6398658752	-1420
15.6398718357	-1316
15.6403739452	-1368
15.6405918598	-1368
15.6409349442	-1420
15.6409399509	-1316
15.6416049004	-1420
15.6416108608	-1316
15.6422049999	-1420
15.6422088146	-1316
15.6428928375	-1420
15.6428990364	-1316
15.6435258389	-1420
15.6435320377	-1316
15.6436228752	543
15.6442289352	-1420
15.6442348957	-1316
15.6449079514	-1420
15.6449139118	-1316
15.6456649303	-1420
15.6456718445	-1316
15.6461689472	-1368
15.646271944	-1368
15.6468608379	-1420
15.6468670368	-1316
15.6723988056	-1420
15.6724209785	-1316
15.6725490093	-1368
15.6729848385	-1368
15.6732749939	-1420
15.6732800007	-1316
15.6738879681	-1368
15.6739468575	-1368
15.674063921	543
15.6742060184	543
15.6746230125	-1420
15.6746280193	-1316
15.6752018929	-1420
15.675208807	-1316
15.6758728027	-1420
15.6758778095	-1316
15.6831829548	-1368
15.6883058548	543
15.6943778992	543
15.696434021	-1420
15.6964478493	-1316
15.6969850063	-1368
15.6978139877	-1420
15.6978428364	-1316
15.6983230114	-1368
15.6986439228	-1368
15.6989269257	-1420
15.6989638805	-1316
15.6996328831	-1420
15.6996679306	-1316
15.700232029	-1420
15.7002589703	-1316
15.7003288269	543
15.7009019852	-1420
15.7009079456	-1316
15.7015299797	-1420
15.7015349865	-1316
15.7022240162	-1420
15.702229023	-1316
15.7028429508	-1420
15.7028479576	-1316
15.7034919262	-1420
15.703496933	-1316
15.7041459084	-1368
15.7042429447	-1368
15.7048068047	-1420
15.7048130035	-1316
15.7092409134	-1368
15.7171609402	1460
15.7172489166	111
15.7206528187	-1420
15.7206690311	-1316
15.7210888863	-1420
15.7210948467	-1316
15.7212088108	1057
15.7217409611	-1420
15.7217459679	-1316
15.7224929333	-1420
15.7224948406	-1316
15.7225120068	1460
15.7225518227	111
15.7231040001	-1420
15.7231068611	-1316
15.7237799168	-1420
15.7237858772	-1316
15.7244448662	-1420
15.7244508266	-1316
15.7249939442	-1420
15.7249999046	-1316
15.7256259918	-1420
15.7256319523	-1316
15.7262618542	-1420
15.7262678146	-1316
15.7269318104	-1420
15.7269380093	-1316
15.7270328999	543
15.7275710106	-1420
15.7275769711	-1316
15.7279770374	1460
15.7280290127	111
15.7282729149	-1420
15.7282779217	-1316
15.7288908958	-1420
15.7288968563	-1316
15.7295439243	-1420
15.7295498848	-1316
15.7301988602	-1420
15.730203867	-1316
15.7309119701	-1420
15.7309179306	-1316
15.7323088646	-1420
15.7323160172	-1316
15.7330048084	-1368
15.7480900288	-513
15.7615478039	543
15.8770020008	-1086
15.9608688354	-1368
15.9609699249	-1368
15.9611628056	-1368
15.9616539478	-1368
15.9617669582	543
15.9619178772	-1420
15.961922884	-1316
15.9625229836	-1420
15.9625279903	-1316
15.9626259804	543
15.9631938934	-1420
15.9631989002	-1316
15.963837862	-1420
15.9638519287	-1316
15.96448493	-1368
15.9703559875	-1420
15.9703819752	-1316
15.970500946	-1420
15.9705228806	-1316
15.971269846	-1420
15.9713129997	-1316
15.9727818966	-1420
15.9728059769	-1316
15.9731659889	-1368
16.0057449341	-723
16.0069069862	-1368
16.0621299744	-1420
16.0621578693	-1316
16.0625598431	-1420
16.0625648499	-1316
16.0632288456	-1420
16.0632348061	-1316
16.0638539791	-1420
16.0638589859	-1316
16.0639638901	543
16.0729458332	-1420
16.0729520321	-1316
16.0734570026	-1420
16.0734598637	-1316
16.0740740299	-1420
16.0740778446	-1316
16.0747199059	-1420
16.0747249126	-1316
16.1340608597	-823
16.146889925	-1368
16.1726438999	-1420
16.1726608276	-1316
16.1728198528	-1420
16.1728229523	-1316
16.1729009151	543
16.1735498905	-1420
16.173555851	-1316
16.1742238998	-1420
16.1742379665	-1316
16.1749019623	-1420
16.1749069691	-1316
16.1750099659	543
16.1755468845	-1420
16.175552845	-1316
16.1761469841	-1420
16.1761608124	-1316
16.1768739223	-1420
16.1768789291	-1316
16.1775259972	-1420
16.177531004	-1316
16.1780948639	-1420
16.1780998707	-1316
16.1789219379	-1420
16.1789360046	-1316
16.1832799911	-1420
16.1832859516	-1316
16.1834228039	-1368
16.1835358143	-1368
16.1842098236	-1420
16.1842238903	-1316
16.1848058701	-1420
16.1848108768	-1316
16.1854829788	-1420
16.1854889393	-1316
16.1855928898	543
16.1860659122	-1368
16.22447896	-1420
16.2245419025	-1316
16.2250328064	-1420
16.2250759602	-1316
16.2328338623	-1368
16.262305975	-91
16.2624108791	543
16.283190012	-1420
16.2832148075	-1316
16.283946991	-1420
16.2839529514	-1420
16.2840209007	-1264
16.2840240002	-1368
16.284621954	-1420
16.2846269608	-1316
16.2853360176	-1420
16.2853410244	-1316
16.2861909866	-1420
16.2861959934	-1316
16.2865848541	-1420
16.2865889072	-1316
16.286703825	543
16.2873430252	-1420
16.2873599529	-1316
16.2878730297	-1420
16.2878780365	-1316
16.2885348797	-1420
16.2885408401	-1316
16.2892138958	-1420
16.2892189026	-1316
16.28982687	-1420
16.2898318768	-1316
16.2906739712	-1420
16.2906799316	-1316
16.2911570072	-1420
16.291162014	-1316
16.2918169498	-1420
16.2918229103	-1316
16.2924888134	-1420
16.2924938202	-1316
16.292596817	543
16.2931690216	-1420
16.2931740284	-1316
16.2937560081	-1420
16.2937610149	-1316
16.2944259644	-1420
16.2944309711	-1316
16.2950878143	-1420
16.2950928211	-1316
16.2951760292	543
16.2956869602	-1420
16.295691967	-1316
16.3071520329	-1420
16.3071568012	-1316
16.3909358978	-961
17.0212349892	543
17.5837619305	543
17.7083640099	1460
17.7084488869	111
17.9075138569	-543
17.9237279892	-543
17.9367549419	-1368
17.9667408466	-1420
17.9667890072	-1316
17.9858839512	-1368
17.9859318733	-1368
17.9985229969	-1420
17.9985589981	-1316
18.0196700096	543
18.0203750134	543
18.0209989548	1057
18.0238399506	-1420
18.023845911	-1316
18.0242869854	-1368
18.0647809505	-1420
18.0648458004	-1316
18.0650060177	-1420
18.0650479794	-1045
18.0722668171	-1420
18.0722739697	-1316
18.0728909969	-1368
18.08441782	-1420
18.0844240189	-1316
18.0849778652	-1368
18.0974109173	-1420
18.0974159241	-1420
18.097465992	-1264
18.0975799561	543
18.1095089912	-1420
18.109513998	-1316
18.1359088421	-1420
18.1359198093	-1420
18.1359829903	-1264
18.1387319565	-1420
18.1387748718	-1316
18.1516788006	-1420
18.1517429352	-1316
18.1586709023	-1420
18.1587300301	-1316
18.1589689255	-1368
18.1712758541	543
18.1713809967	-1420
18.1713869572	-1316
18.1928899288	-1420
18.1929049492	-1316
18.1931040287	-1420
18.1931078434	-1316
18.1935098171	-1420
18.1935148239	-1316
18.1936218739	543
18.1941590309	-1420
18.1941649914	-1122
18.1969058514	-1420
18.1969249249	-1316
18.2003338337	-1368
18.2227778435	-1420
18.2228369713	-1316
18.2248318195	-1368
18.2254259586	-1420
18.2254309654	-1316
18.2259669304	-1420
18.2259719372	-1316
18.22666502	-1420
18.2266700268	-1316
18.2377159595	-1368
18.2444839478	-1368
18.2446088791	543
18.2447998524	-1420
18.2448039055	-1316
18.245402813	-1420
18.2454078197	-1316
18.2459919453	-1368
18.2570598125	-1420
18.2571158409	-1316
18.257119894	-1368
18.2705228329	-1368
18.2706429958	-1368
18.2710878849	-1420
18.2710928917	-1316
18.2711949348	543
18.2717399597	-1420
18.2717459202	-1316
18.2724180222	-1420
18.2724239826	-1316
18.2730829716	-1368
18.2836258411	-1420
18.283675909	-1316
18.2840199471	-1368
18.3111510277	-1420
18.3111689091	-1316
18.3115990162	-1420
18.311604023	-1316
18.3122079372	-1420
18.3122110367	-1316
18.3128798008	-1420
18.3128838539	-1316
18.3135008812	-1420
18.3135068417	-1316
18.3143718243	-1420
18.3143780231	-1316
18.3148248196	-1368
18.3148548603	543
18.3209648132	-1368
18.3223309517	-1056
18.3315179348	-1368
18.3317990303	-1420
18.331840992	-1420
18.331843853	-1264
18.3325579166	-1420
18.3325629234	-1316
18.332670927	543
18.3332288265	-1420
18.3332350254	-1316
18.3338718414	-1420
18.3338778019	-1316
18.343888998	-1420
18.3439068794	-1316
18.3443360329	-1368
18.3583669662	-1420
18.3584048748	-1316
18.3584740162	-1368
18.3585648537	-1368
18.3592250347	-1420
18.3592658043	-1316
18.3598589897	-1420
18.3598988056	-1316
18.3604779243	-1368
18.3706719875	-1420
18.3706798553	-1316
18.3708879948	543
18.3709819317	-1368
18.3710730076	543
18.3959798813	-1420
18.3959929943	-1316
18.3962278366	-1368
18.3983550072	-1420
18.3983819485	-1316
18.3988540173	-1420
18.3988800049	-1316
18.3998429775	-1420
18.399889946	-1316
18.4002659321	-1420
18.4003000259	-1316
18.400867939	-1420
18.4009079933	-1316
18.4016358852	-1420
18.4016768932	-1316
18.4021708965	-1420
18.4022088051	-1316
18.408646822	-1420
18.4086809158	-1316
18.4087758064	543
18.409126997	543
18.4092018604	-1368
18.4174439907	-1420
18.4174799919	-1316
18.4175438881	-1368
18.4178469181	-1368
18.4182839394	-1420
18.4183189869	-1316
18.4188899994	-1420
18.4189138412	-1316
18.4195618629	-1420
18.4195868969	-1316
18.4196608067	543
18.4202148914	-1420
18.4202208519	-1316
18.4208698273	-1420
18.4208760262	-1316
18.4215569496	-1368
18.4218628407	-1368
18.4222140312	-1368
18.4444758892	-1420
18.4445288181	-1316
18.4448008537	-1368
18.4451138973	-1368
18.4454069138	-1420
18.4454488754	-1316
18.4460449219	-1420
18.4460790157	-1316
18.4466888905	-1420
18.4467318058	-1316
18.4473879337	-1420
18.4474270344	-1316
18.4479789734	-1420
18.4480118752	-1316
18.4486839771	-1420
18.4487090111	-1316
18.4492919445	-1420
18.4493308067	-1316
18.4498898983	543
18.4570329189	-1368
18.4595730305	-1044
18.4824738503	-1368
18.4830288887	-1368
18.4830629826	-1368
18.4832279682	543
18.4833958149	543
18.4849648476	-1420
18.484970808	-1316
18.4850549698	543
18.4854719639	-1420
18.4854769707	-1316
18.4862878323	-1420
18.4862949848	-1316
18.4867408276	-1420
18.4867458344	-1316
18.4868359566	543
18.4874019623	-1368
18.4952549934	-1368
18.5874938965	-301
18.7274339199	-1368
18.7400419712	-1368
18.7523059845	-1368
18.7543950081	-182
18.7546889782	-1368
18.7551460266	-1420
18.7551758289	-1316
18.7627279758	543
18.7645788193	-1420
18.7645869255	-1316
18.7739779949	543
18.7746648788	543
18.8129658699	-1368
18.8824110031	-219
18.8829278946	543
19.0103828907	-543
19.015034914	543
19.0195930004	-543
19.1476228237	-543
19.2311389446	-1368
19.2315108776	-1420
19.2315440178	-1316
19.2320790291	-1420
19.2320849895	-1316
19.2327430248	-1420
19.2327480316	-1316
19.2442770004	-1420
19.2443020344	-1316
19.2444698811	-1368
19.2472269535	-1368
19.247440815	-1368
19.2474908829	-1368
19.2476370335	-1368
19.2562599182	-1420
19.2562839985	-1316
19.2564709187	-1368
19.2660269737	-1420
19.2660439014	-1420
19.2661018372	-1420
19.2661049366	-1212
19.2662940025	543
19.2781898975	-1368
19.3157708645	-868
19.3359630108	-1368
19.4149239063	-1368
19.4438598156	-978
19.4440348148	543
19.6270489693	543
19.7041749954	543
19.7048699856	543
19.7243258953	543
19.7410309315	1460
19.7411818504	111
19.751926899	543
19.8218359947	543
19.8225309849	543
19.8514339924	1057
19.9747228622	-543
19.9749088287	543
20.0177018642	543
20.0325188637	-1420
20.0325379372	-1420
20.0326340199	-1264
20.032640934	-1368
20.0329480171	543
20.0331499577	-1420
20.0331590176	-1316
20.0337069035	-1420
20.0337188244	-1316
20.034350872	-1368
20.0442318916	-1420
20.0443019867	-1316
20.0443079472	-1368
20.0445518494	-1368
20.0449049473	543
20.0449938774	-1420
20.0449998379	-1316
20.0607659817	-1368
20.1297609806	-1420
20.1298348904	-1316
20.1300430298	-1420
20.1301348209	-1316
20.130589962	-1420
20.1306419373	-1316
20.130797863	543
20.1311528683	543
20.1312398911	-1420
20.1312468052	-1316
20.1316399574	543
20.1318049431	-1420
20.1318089962	-1316
20.1324398518	-1420
20.1324458122	-1316
20.1330459118	-1368
20.141644001	-1420
20.1416909695	-1316
20.142113924	-1368
20.1516489983	-125
20.1572508812	543
20.1919968128	-1420
20.1920180321	-1316
20.2399330139	-1368
20.2403068542	543
20.2404208183	-1368
20.240831852	-1368
20.2409329414	-1368
20.2410788536	-1420
20.2411298752	-1316
20.2417030334	-1420
20.2418029308	-1316
20.2421429157	1057
20.2424080372	-1420
20.2424178123	-1316
20.2429118156	1057
20.2430038452	-1420
20.2430078983	-1316
20.2437458038	-1420
20.2437579632	-1316
20.2443130016	-1420
20.2443249226	-1316
20.2449388504	-1368
20.2527940273	-1420
20.2528688908	-1316
20.2796869278	-1121
20.2916710377	-1420
20.2916898727	-1316
20.301628828	-1368
20.3042798042	-1368
20.3272178173	-1420
20.3272328377	-1316
20.327685833	-1420
20.3276908398	-1316
20.3283369541	-1420
20.3283410072	-1316
20.3288419247	543
20.329005003	-1420
20.3290088177	-1316
20.3296489716	-1420
20.3296530247	-1316
20.3302600384	-1420
20.3302659988	-1316
20.3309998512	-1420
20.3310039043	-1316
20.33156991	-1420
20.3315749168	-1316
20.332285881	-1420
20.3322918415	-1316
20.3395519257	-1368
20.3511359692	-1420
20.3511948586	-1316
20.3515188694	-1420
20.3515429497	-1316
20.3516328335	1057
20.352025032	543
20.3521978855	-1420
20.3522028923	-1316
20.3528869152	-1420
20.352891922	-1316
20.3535239697	-1420
20.3535289764	-1316
20.3541469574	-1420
20.3541519642	-1316
20.3740179539	-543
20.3780679703	-1368
20.3840429783	-1420
20.3840999603	-1316
20.3966560364	-1368
20.4095749855	-1368
20.4194939137	-265
20.4230089188	-1420
20.4230208397	-1316
20.4355378151	-1420
20.4355540276	-1316
20.4371438026	543
20.4390609264	543
20.4823198318	-1368
20.5161268711	-1420
20.5161869526	-1316
20.5169520378	-1368
20.5174000263	543
20.5254218578	-1368
20.5254719257	-1368
20.5256419182	543
20.5275278091	543
20.5281820297	543
20.5286858082	-1420
20.5286998749	-1316
20.5511808395	-894
20.5691478252	-1368
20.6972358227	-1260
20.7003438473	543
20.7007269859	543
20.8327908516	-1420
20.8328049183	-1316
20.8331120014	-1420
20.8331170082	-1316
20.8333308697	543
20.8337600231	-1420
20.8337650299	-1316
20.8344039917	-1420
20.8344089985	-1316
20.8348228931	543
20.8350858688	-1420
20.8350908756	-1316
20.8351938725	543
20.835739851	-1368
20.8453319073	-1420
20.8453569412	-1316
20.8459758759	-1368
20.8657410145	-1271
20.8789789677	1057
20.8835690022	-1368
20.892870903	-1368
20.9937739372	-949
20.9939789772	543
21.0854258537	-1420
21.0854430199	-1316
21.085670948	543
21.0975530148	-1420
21.0975689888	-1420
21.0976099968	-1264
21.1570518017	-1420
21.1570708752	-1316
21.1615509987	-907
21.2380418777	-1368
21.238065958	-1368
21.2385289669	-1420
21.2385349274	-1316
21.2391448021	-1420
21.2391560078	-1316
21.2398328781	-1420
21.2398459911	-1316
21.2405188084	-1420
21.2405309677	-1316
21.2410848141	-1420
21.2410948277	-1316
21.2417058945	-1368
21.2419698238	-1368
21.2424359322	-1368
21.2430098057	-1420
21.2430379391	-1316
21.2436959743	1057
21.247191906	-1420
21.2472009659	-1316
21.2473349571	543
21.2476739883	-1420
21.2476799488	-1316
21.248404026	-1420
21.2484099865	-1316
21.2485218048	543
21.2489879131	-1420
21.2489938736	-1316
21.2496328354	-1420
21.2496390343	-1316
21.250344038	-1420
21.2503499985	-1316
21.2508950233	-1420
21.2509009838	-1316
21.2516508102	-1420
21.2516570091	-1316
21.2522330284	-1420
21.2522380352	-1316
21.2528979778	-1420
21.2529029846	-1316
21.2535429001	-1368
21.253620863	543
21.2561428547	543
21.3246378899	-1420
21.3246569633	-1420
21.32472682	-1264
21.3297109604	-895
21.3297798634	-1420
21.3297870159	-1316
21.3370678425	-1368
21.4299838543	-1368
21.4308769703	1057
21.4577589035	-841
21.5349140167	-1368
21.5353748798	543
21.5357348919	-1368
21.5359609127	-1420
21.5360069275	-1316
21.5365619659	-1368
21.5366609097	543
21.5435678959	-1420
21.5435760021	-1316
21.5439620018	-1368
21.5593140125	-1420
21.5593829155	-1420
21.5593879223	-1264
21.5597720146	-1420
21.5597770214	-1316
21.560461998	-1420
21.5604670048	-1316
21.5610399246	-1420
21.5610449314	-1316
21.5611479282	543
21.5617728233	-1420
21.5617778301	-1316
21.561880827	543
21.5623908043	-1420
21.5623948574	-1316
21.563092947	-1420
21.5630970001	-1316
21.5637128353	-1420
21.5637190342	-1316
21.5644109249	-1420
21.5644159317	-1316
21.5649878979	-1420
21.5649929047	-1316
21.5798788071	-1368
21.5800459385	-1420
21.5800960064	-1420
21.5800988674	-1264
21.5805850029	-1368
21.5807058811	-1368
21.583701849	-1420
21.5837090015	-1316
21.5840899944	-1368
21.5856359005	-1003
21.5903990269	543
21.5965709686	-1420
21.596585989	-1316
21.5971059799	-1368
21.6213428974	-1420
21.6214339733	-1420
21.6214418411	-1264
21.6217908859	-1368
21.6222770214	-1368
21.6225469112	-1420
21.622551918	-1420
21.6225538254	-1264
21.623167038	-1420
21.6232249737	-1316
21.6239769459	-1368
21.6334788799	-1368
21.6336028576	543
21.6419758797	-1420
21.6419918537	-1316
21.6425628662	-1368
21.6426579952	543
21.6457788944	-1420
21.6457948685	-1420
21.6459009647	-1264
21.6578838825	-1420
21.6579179764	-1316
21.713559866	-354
21.7412769794	543
21.743901968	543
21.7476499081	543
21.7616708279	543
21.7697048187	543
21.7726688385	543
21.7844109535	543
21.8765928745	-543
21.8767888546	543
21.9139590263	543
21.9176199436	543
21.9193079472	543
21.9208188057	543
21.9358468056	543
21.9725599289	-1368
21.9730198383	1057
22.0228319168	-1368
22.0232520103	543
22.0286309719	543
22.0447058678	-522
22.1449918747	-1368
22.1451919079	543
22.1453809738	543
22.1698160172	-1368
22.1700108051	543
22.1701989174	543
22.1703448296	543
22.1797208786	-1368
22.1895058155	-1368
22.1912899017	-1368
22.1913719177	-1368
22.1916148663	-1420
22.1916229725	-1316
22.1920378208	543
22.1923639774	-1420
22.1923718452	-1316
22.1924889088	543
22.1929268837	-1420
22.1929318905	-1316
22.1936578751	-1420
22.1936709881	-1316
22.1943478584	-1420
22.1943569183	-1316
22.1949868202	-1420
22.1949968338	-1316
22.1962118149	543
22.199767828	543
22.2018020153	-1420
22.2018079758	-1316
22.2021379471	-1368
22.2318079472	-1420
22.2318539619	-1316
22.2319309711	543
22.2325940132	-1420
22.23259902	-1316
22.2327530384	-1420
22.2327568531	-1316
22.2328298092	543
22.2335278988	-1420
22.2335329056	-1316
22.2341220379	-1420
22.2341268063	-1316
22.2348489761	-1420
22.2348530293	-1316
22.2349529266	543
22.2354528904	-1420
22.2354578972	-1316
22.2361040115	-1420
22.2361090183	-1316
22.2367248535	-1420
22.2367289066	-1316
22.2373709679	-1420
22.2373759747	-1316
22.2381010056	-1368
22.2382290363	-273
22.2383179665	543
22.2445869446	-1420
22.2445919514	-1316
22.2929348946	-1368
22.2930648327	543
22.367110014	-638
22.3673658371	543
22.3675229549	543
22.4018750191	543
22.4366729259	-1368
22.438601017	-1420
22.4386558533	-1316
22.4390888214	-1420
22.4391248226	-1316
22.4398009777	-1368
22.4450109005	-1420
22.4450159073	-1316
22.4489688873	-1420
22.448982954	-1316
22.4490439892	-1368
22.449146986	543
22.449767828	-1420
22.4497740269	-1316
22.4503879547	-1420
22.4503929615	-1316
22.4510478973	-1368
22.461357832	-1368
22.4617869854	-1368
22.4619059563	-1420
22.4619469643	-1316
22.4728460312	543
22.4791038036	-1420
22.4791119099	-1316
22.4808340073	543
22.488394022	543
22.4887089729	543
22.489030838	543
22.4936959743	-1420
22.4937050343	-1316
22.4940059185	-1368
22.4957399368	-992
22.4999969006	543
22.5153439045	543
22.5174078941	543
22.5322239399	-1368
22.5323908329	543
22.5325269699	543
22.544205904	-1368
22.5645899773	543
22.5768330097	543
22.5771620274	543
22.5777280331	543
22.594933033	-1368
22.6244800091	-1239
22.6276910305	543
22.6442129612	-1420
22.6442308426	-1316
22.644701004	-1420
22.6447060108	-1316
22.6451869011	543
22.6592669487	-1420
22.6592719555	-1316
22.6595928669	-1368
22.6693778038	-1368
22.6697318554	-1420
22.6697378159	-1316
22.6720609665	543
22.694010973	-1368
22.7219109535	-1368
22.7223148346	-1368
22.7263689041	543
22.7414989471	-1420
22.7415049076	-1316
22.7527668476	-417
22.7550640106	-1368
22.7613048553	543
22.7680709362	-1368
22.7722349167	-1420
22.7722818851	-1420
22.7722849846	-1264
22.7725570202	-1368
22.7732708454	-1420
22.7733118534	-1316
22.7772958279	-1420
22.7773430347	-1316
22.7775359154	-1420
22.7775709629	-1316
22.778236866	-1420
22.7782618999	-1316
22.7788929939	-1420
22.7789359093	-1316
22.7796700001	543
22.7803168297	-1420
22.7803218365	-1316
22.7809889317	-1368
22.808382988	-1420
22.8084309101	-1316
22.8085799217	543
22.8087208271	-1368
22.8217940331	-1368
22.8256528378	543
22.8263578415	543
22.8667008877	-1368
22.8811869621	-1303
22.8896799088	543
22.8900258541	1057
22.8943238258	-1368
22.9086978436	-543
22.9525308609	-1368
22.9526908398	543
22.9567828178	543
22.9572618008	543
22.9579999447	543
22.9792609215	-1368
22.9816699028	543
22.9823129177	543
22.9916498661	-1368
23.0098659992	-443
23.0259208679	-1420
23.0259268284	-1316
23.0948238373	-1368
23.0949778557	543
23.0963728428	543
23.1373720169	-1368
23.1380348206	-356
23.1382958889	1057
23.1402709484	-1420
23.1402769089	-1316
23.1407668591	-1420
23.1407709122	-1316
23.140914917	543
23.1414959431	-1420
23.1415009499	-1316
23.1420300007	-1420
23.1420350075	-1316
23.1421208382	543
23.1427359581	-1420
23.1427409649	-1316
23.1433699131	-1420
23.1433749199	-1316
23.1438648701	543
23.1440148354	-1420
23.1440198421	-1316
23.1446948051	-1420
23.1446998119	-1316
23.1453130245	-1420
23.1453168392	-1316
23.1459949017	-1368
23.1514668465	-1420
23.1515119076	-1316
23.1518628597	-1368
23.1553499699	-1420
23.155354023	-1316
23.1556649208	-1420
23.1556699276	-1316
23.1557939053	543
23.1563608646	-1420
23.1563658714	-1316
23.1569948196	-1420
23.1569998264	-1316
23.15710783	543
23.157656908	-1420
23.1576609612	-1316
23.1584339142	-1368
23.158438921	-1368
23.1589848995	-1420
23.1589889526	-1316
23.1595590115	-1368
23.1635298729	-1420
23.1635649204	-1316
23.1641778946	-1368
23.2119088173	-1420
23.2119169235	-1316
23.2393000126	-1368
23.2516789436	-1368
23.2665579319	-563
23.2668719292	-1368
23.2673068047	-1420
23.2673130035	-1316
23.2678589821	-1420
23.2678639889	-1316
23.2685630322	-1420
23.2685689926	-1316
23.2691559792	-1368
23.2733809948	-1420
23.2734110355	-1316
23.2737779617	-1368
23.2865920067	-1420
23.2865979671	-1316
23.2871928215	-1368
23.3740978241	-1368
23.3948400021	-388
23.3950228691	543
23.4764080048	-1420
23.4764230251	-1316
23.4766588211	543
23.4884710312	-1420
23.4884779453	-1316
23.4887490273	-1368
23.5158128738	543
23.5226669312	-45
23.5227608681	543
23.5383570194	-1368
23.5634989738	-1368
23.5829598904	543
23.6422319412	543
23.6506638527	-978
23.6796629429	1057
23.6803069115	543
23.7463898659	543
23.7491588593	-1368
23.778676033	-746
23.8117249012	543
23.8720669746	-1368
23.9065759182	-232
24.0344798565	-543
24.057049036	1460
24.0571680069	111
24.1002659798	1057
24.1106879711	1460
24.1107738018	1139
24.111135006	543
24.1122748852	543
24.11272192	543
24.1131229401	543
24.1135578156	543
24.1139688492	543
24.1148040295	543
24.1152210236	543
24.1603589058	-1368
24.1603758335	-1368
24.1626858711	-1420
24.1626908779	-1316
24.1629698277	-1368
24.1633098125	543
24.1634669304	543
24.1826338768	-1368
24.186054945	-1247
24.3008508682	1057
24.3016059399	543
24.3139309883	-543
24.3180840015	543
24.3534338474	-1420
24.353456974	-1420
24.3535168171	-1420
24.3535199165	-1212
24.3541018963	-1420
24.3541088104	-1316
24.3547449112	-1420
24.3547489643	-1316
24.3555738926	-1420
24.3555779457	-1316
24.3560428619	-1420
24.3560469151	-1316
24.3567259312	-1420
24.3567299843	-1316
24.3573589325	-1368
24.3575568199	543
24.3577139378	543
24.358014822	543
24.3659539223	-1420
24.3659768105	-1316
24.3663818836	-1368
24.3677678108	-1420
24.3678069115	-1316
24.368407011	-1420
24.3684580326	-1316
24.3726358414	-1368
24.3727729321	-1368
24.3732049465	-1368
24.3733899593	1057
24.3734908104	-1420
24.3734939098	-1316
24.3740928173	-1420
24.3740990162	-1316
24.3747849464	-1420
24.3747909069	-1316
24.3748819828	543
24.3754668236	-1420
24.3754818439	-1316
24.3760910034	-1420
24.3760969639	-1316
24.376760006	-1420
24.3767638206	-1316
24.377466917	-1420
24.3774709702	-1316
24.3780260086	-1420
24.3780288696	-1316
24.378661871	-1420
24.3786659241	-1316
24.3792760372	-1368
24.3810999393	-1368
24.3816328049	543
24.3864629269	-1368
24.3933019638	-1420
24.3933479786	-1316
24.3982098103	-1368
24.4108459949	-1368
24.4110598564	543
24.4387738705	-1420
24.4387998581	-1316
24.439303875	-1420
24.4393098354	-1316
24.439909935	-1420
24.4399149418	-1316
24.4405260086	-1420
24.4405319691	-1316
24.4412999153	-1420
24.4413039684	-1316
24.4418709278	-1420
24.4418768883	-1316
24.4425098896	-1420
24.4425148964	-1316
24.4432098866	-1420
24.443215847	-1316
24.4440410137	-1420
24.4440469742	-1316
24.4445009232	-1420
24.4445049763	-1316
24.4451398849	-1368
24.451269865	1057
24.4814779758	-846
24.4914309978	543
24.4917178154	543
24.5021238327	1057
24.526829958	-1368
24.5312979221	543
24.5321798325	543
24.5720808506	543
24.6115329266	-1420
24.6115539074	-1316
24.6117219925	-1368
24.6119959354	543
24.614825964	543
24.6175479889	-1368
24.6204960346	-74
24.6213040352	543
24.655618906	-1368
24.6785650253	543
24.6914188862	543
24.6917729378	543
24.6924188137	543
24.7034938335	-1368
24.704064846	-589
