0	-543
0.157759904861	-543
0.219403982162	-543
1.14741706848	241
1.26764798164	-738
1.27341413498	126
1.39274692535	-51
1.39571905136	38
1.51454901695	-1420
1.51456594467	-63
1.52330899239	1057
1.64372110367	-543
1.64409399033	543
1.77117109299	-543
1.77665710449	543
1.85315895081	543
1.9240629673	-543
1.92458891869	1057
2.07186603546	-543
2.26399993896	-543
2.26426410675	-1420
2.26428604126	-1316
2.26430392265	-1368
2.2653799057	-1368
2.26545906067	-1420
2.26548790932	-1316
2.27593803406	-1368
2.27598595619	-1368
2.27891802788	-1368
2.30801701546	1057
2.31100106239	1057
2.31872701645	1057
2.32304000854	1057
2.35781693459	1057
2.38212490082	-1420
2.38213992119	-1316
2.38217592239	-1420
2.38217902184	-1316
2.3826239109	-1420
2.38262796402	-1420
2.38266611099	-1254
2.38433408737	-1420
2.38436102867	-1420
2.38436293602	-1264
2.38443493843	-1420
2.38443803787	-1420
2.38447713852	-1264
2.38447904587	-1368
2.38460707664	543
2.39411592484	-1420
2.39412403107	-1316
2.39434909821	-1420
2.39435195923	-1316
2.39605593681	1057
2.39706301689	-1368
2.39761090279	-1368
2.500207901	-1420
2.50022506714	-1316
2.5025510788	-1329
2.50694704056	-1420
2.50697493553	-1316
2.51405096054	-1368
2.53491306305	-1368
2.54499793053	543
2.54694390297	543
2.55639505386	-1420
2.55640101433	-1316
2.56131601334	-1368
2.56146407127	543
2.56180596352	543
2.56743597984	-1420
2.56744098663	-1420
2.56747913361	-1264
2.57163310051	-1368
2.57343912125	-1420
2.57344293594	-1316
2.57457590103	543
2.58795690536	-1368
2.59517192841	543
2.59545397758	543
2.59748196602	-1420
2.59748697281	-1420
2.59753704071	-1264
2.61334300041	543
2.61712193489	543
2.6176841259	543
2.62300109863	543
2.62495493889	-309
2.62648391724	543
2.6267080307	543
2.64384007454	543
2.6472029686	543
2.65319013596	543
2.66015410423	-1420
2.66015911102	-1420
2.66019892693	-1264
2.7357199192	-1368
2.74400305748	543
2.74514913559	-327
2.77515912056	-1368
2.79001498222	-1368
2.84983611107	-1368
2.85662794113	543
2.85671591759	543
2.86306405067	-240
3.02298307419	-543
3.84419608116	543
4.55741405487	1057
4.56964707375	1057
4.64354205132	1057
4.64424395561	543
4.64450597763	543
4.64584207535	543
4.64603590965	543
4.68588900566	543
4.69885706902	-543
4.69974112511	-1420
4.69979691505	-1420
4.69983100891	-1420
4.69986510277	-1212
4.69989895821	-1368
4.70281100273	-1368
4.70285892487	-1420
4.70288300514	-1316
4.71103191376	-1368
4.81127309799	-543
4.81706309319	-1420
4.81710791588	-1316
4.81752800941	-1420
4.81756591797	-1420
4.81762099266	-1264
4.81765508652	-1420
4.81769704819	-1316
4.81773090363	-1420
4.81776404381	-1420
4.81781601906	-1264
4.81786394119	-1420
4.81789898872	-1316
4.82078099251	-1420
4.82081508636	-1420
4.82083106041	-1264
4.82084608078	-1420
4.82086110115	-1420
4.82087612152	-1264
4.82285499573	543
4.82325100899	543
4.82907891273	-1420
4.82909297943	-1316
4.93522405624	-1420
4.93524003029	-1420
4.93529295921	-1420
4.93529605865	-1212
4.93550610542	-1420
4.93552398682	-1420
4.93558192253	-1264
4.93558502197	-1420
4.93561792374	-1420
4.93562102318	-1264
4.93570613861	-1420
4.93570804596	-1316
4.93580007553	-1368
4.93587207794	543
4.93616390228	-1420
4.93616890907	-1420
4.93618893623	-1420
4.936191082	-1420
4.93621611595	-1160
4.93631601334	-1420
4.93635296822	-1420
4.93635511398	-1264
4.93638801575	-1368
4.93656611443	-1420
4.93658709526	-1316
4.93874406815	-1420
4.93876504898	-1420
4.93876695633	-1420
4.9387819767	-178
4.93887901306	-1420
4.93891406059	-1420
4.93891692162	-1264
4.93912005424	-1420
4.93912291527	-1420
4.93915605545	-1264
4.93915891647	-1420
4.93919110298	-1316
4.94206905365	543
4.94226098061	543
4.94710707664	-1420
4.94711208344	-1316
4.94719696045	-1420
4.94719910622	-1316
5.05369997025	-1420
5.05375909805	-1420
5.05382204056	-1420
5.05382490158	-1420
5.05386900902	-1160
5.05387210846	-1420
5.05392313004	-1420
5.05392599106	-1420
5.05396008492	-1420
5.05396199226	-1420
5.05399513245	-1108
5.05399799347	-1420
5.05399894714	-1316
5.05399990082	-1420
5.05400109291	-1420
5.05400204659	-1264
5.05401396751	-1368
5.05413913727	-1420
5.05414199829	-1420
5.05414295197	-1264
5.05426907539	-1420
5.05427098274	-1420
5.05427193642	-1264
5.05435109138	-1420
5.05435395241	-1420
5.05435395241	-1264
5.05445194244	-1368
5.05455207825	543
5.05466604233	-1420
5.05466890335	-1316
5.05474591255	-1420
5.05474805832	-1420
5.05474901199	-1264
5.05480694771	-1420
5.05480909348	-1420
5.05480909348	-1420
5.05481004715	-1212
5.05497312546	-1420
5.05497694016	-1316
5.05512309074	-1420
5.05512690544	-1420
5.05512809753	-1264
5.05515408516	-1368
5.05525493622	-1420
5.0552611351	-1316
5.05536007881	-1420
5.05536293983	-1420
5.05536413193	-1420
5.0553650856	-1212
5.05587601662	543
5.05598092079	543
5.05687594414	-1420
5.05688095093	-1420
5.05692005157	-1264
5.05700111389	-1420
5.05702090263	-1420
5.0570230484	-1264
5.05702400208	-1368
5.05718111992	-1420
5.05718398094	-1316
5.05727410316	-1420
5.05727601051	-1420
5.05727696419	-1264
5.05731701851	-1368
5.05742311478	-1368
5.05798697472	543
5.06527304649	-1420
5.0652821064	-1420
5.06533002853	-1420
5.06533193588	-1212
5.1719520092	-1420
5.17196893692	-1420
5.17202210426	-1264
5.172082901	-1368
5.17223191261	-1420
5.17223596573	-1420
5.17231297493	-1420
5.17231607437	-1420
5.1723511219	-1160
5.17235302925	-1420
5.17238593102	-1316
5.17238807678	-1420
5.17244911194	-1316
5.17245197296	-1420
5.17251110077	-1420
5.17251396179	-1264
5.17256593704	-1420
5.17256808281	-1420
5.1726000309	-1420
5.17260313034	-1212
5.17264294624	-1368
5.17271494865	-1420
5.17273402214	-1316
5.17273592949	-1368
5.17280697823	-1420
5.17281007767	-1420
5.17285394669	-1264
5.17285704613	-1420
5.17289996147	-1316
5.17296695709	-1420
5.17303204536	-1316
5.17303395271	-1420
5.17307305336	-1420
5.17307591438	-1420
5.17310905457	-1420
5.17311096191	-1160
5.1731441021	-1153
5.17323613167	543
5.17341208458	543
5.17367291451	543
5.1745569706	543
5.17498111725	1057
5.32649612427	-543
5.42673993111	-1368
5.42766594887	1057
5.44132208824	-1420
5.44133710861	-1420
5.44139790535	-1264
5.46312308311	1057
5.46367502213	1057
5.48496294022	-298
5.48510408401	543
5.48596811295	543
5.65896201134	543
5.66640901566	1460
5.66648292542	111
5.66669797897	543
5.72876000404	-543
5.78330397606	543
5.78357601166	543
5.78380203247	543
5.78403306007	543
5.79841899872	543
5.79867601395	543
5.87082600594	-1420
5.870896101	-1420
5.87094712257	-1264
5.87363290787	-1420
5.8736679554	-1316
5.87715101242	-1368
5.87963199615	-1420
5.87967896461	-1316
5.88321495056	-1368
5.88636302948	-1368
5.88644313812	-1368
5.88665413857	-1089
5.88928198814	-1368
5.89297008514	-1420
5.89302706718	-1316
5.89306402206	-1368
5.89940404892	-1420
5.89944696426	-1420
5.89948296547	-1264
5.89961600304	543
5.90065813065	-1420
5.90066504478	-1420
5.90070390701	-1264
5.90431213379	-1420
5.90435791016	-1420
5.9043610096	-1264
5.90805602074	-1420
5.90806102753	-1420
5.90810012817	-1264
5.91112709045	-1368
5.91276192665	-1420
5.91276693344	-1316
5.91442608833	-1420
5.91443109512	-1420
5.91446995735	-1264
5.91778206825	-1368
5.91789293289	543
5.91925907135	-1420
5.91926503181	-1316
5.92044305801	-1420
5.9204480648	-1316
5.92051506042	-1368
5.9205789566	543
5.92508101463	-1420
5.92508602142	-1420
5.92512702942	-1264
5.92771911621	-1368
5.92853593826	-1368
5.9322271347	-1420
5.93226003647	-1420
5.93226194382	-1264
5.93267703056	-1420
5.93268203735	-1420
5.9327249527	-1264
5.93370008469	-1368
5.96596598625	-1368
6.0008430481	-1368
6.00088810921	-1368
6.00456500053	-700
6.00918197632	-1368
6.01063609123	-1368
6.01072001457	-1368
6.01251411438	-1368
6.03296804428	543
6.11979198456	543
6.12034106255	543
6.12052297592	543
6.12744498253	-870
6.16530895233	-1368
6.17335104942	-1368
6.2344391346	-1368
6.24555897713	-153
6.26878905296	543
6.28429698944	-1368
6.28781795502	543
6.28953790665	543
6.36360692978	-1289
6.37288594246	543
6.45174098015	-1368
6.5415520668	-804
6.56115794182	543
6.59508609772	1460
6.59516596794	111
6.59727311134	543
6.60795712471	-1368
6.69963812828	-746
6.7090549469	543
6.75205111504	-1420
6.75206899643	-1420
6.75213003159	-1264
6.7521340847	-1420
6.75217103958	-1420
6.75217294693	-1264
6.75261497498	-1368
6.75281691551	-1420
6.75286793709	-1316
6.75366806984	-1368
6.75413703918	543
6.75508308411	-1420
6.75508904457	-1316
6.75581812859	-1368
6.75639891624	-1368
6.75654697418	543
6.75737190247	-1368
6.75853991508	-1420
6.75856113434	-1316
6.76084399223	543
6.76134610176	-1420
6.76135206223	-1420
6.76137495041	-1264
6.76144194603	543
6.76180911064	543
6.7643289566	-1420
6.76433801651	-1316
6.76571393013	543
6.7659740448	1460
6.76603412628	1460
6.76607108116	1161
6.76612496376	1117
6.76629495621	1460
6.76633810997	1460
6.76637196541	1161
6.76645112038	603
6.76659703255	-1368
6.7687330246	-1420
6.76878404617	-1316
6.76935505867	543
6.76964306831	543
6.77010893822	543
6.77033400536	543
6.77236700058	-1368
6.77237200737	-1420
6.77240800858	-1316
6.77241110802	-1368
6.78150391579	-1420
6.78152012825	-1420
6.78156399727	-1264
6.78336811066	-1368
6.78359699249	-1420
6.78360199928	-1316
6.78683996201	-1420
6.7868449688	-1420
6.78688406944	-1264
6.78861713409	-1420
6.78865909576	-1420
6.78866100311	-1264
6.79007411003	-1368
6.79016804695	543
6.79080891609	-1420
6.79081392288	-1316
6.79167795181	-1420
6.7916829586	-1316
6.79275012016	-1368
6.79342699051	-1368
6.81782102585	-658
6.81792092323	543
6.84594106674	543
6.90851211548	-1420
6.90852999687	-1316
6.91257095337	-1368
6.91638493538	-1368
6.92059898376	-1368
6.9232749939	543
6.92673206329	-1420
6.92673707008	-1316
6.9596619606	-1368
6.9661450386	-1368
6.97990012169	-973
7.00635290146	-1420
7.00640106201	-1316
7.01336503029	-1368
7.02201104164	-1420
7.02201604843	-1316
7.03215098381	-1368
7.04030108452	-1420
7.04035401344	-1420
7.04035711288	-1264
7.04526090622	-1420
7.04526591301	-1316
7.05226707458	-1368
7.05929303169	-1420
7.05933690071	-1316
7.06296396255	543
7.06487607956	-1368
7.07684993744	-1368
7.08089590073	-1420
7.08090209961	-1316
7.08618497849	-1420
7.08620905876	-1316
7.08768701553	-543
7.09753203392	-1420
7.09754705429	-1420
7.09757995605	-1264
7.09778904915	-354
7.10632300377	-1368
7.11954808235	-1420
7.11961197853	-1420
7.11961698532	-1264
7.12823200226	-1420
7.12823700905	-1316
7.14061808586	-1420
7.14062595367	-1316
7.14066004753	-1368
7.14076709747	543
7.14658093452	-1368
7.14665699005	-1368
7.1467089653	543
7.15220403671	-1368
7.15830612183	-1420
7.15834903717	-1316
7.16460609436	-1368
7.16519403458	543
7.16541695595	543
7.1692481041	-1420
7.16925311089	-1316
7.17372107506	-1368
7.18120408058	-1420
7.18128705025	-1420
7.18128991127	-1264
7.184705019	-1420
7.1847140789	-1316
7.19133090973	-1368
7.19518399239	-1420
7.19525003433	-1420
7.19525313377	-1264
7.22424507141	-1137
7.22439694405	543
7.22575092316	-1420
7.22575712204	-1316
7.23311710358	1057
7.23548293114	-1368
7.24921894073	-1368
7.249325037	-1420
7.24932909012	-1316
7.25393509865	-1420
7.25393891335	-1316
7.25958299637	-1368
7.26362204552	-1368
7.26373791695	-1368
7.2683570385	-1368
7.28094911575	-1368
7.28488397598	-1420
7.28493404388	-1420
7.28493690491	-1264
7.30300593376	-1420
7.30301308632	-1316
7.30303907394	-1368
7.30314397812	543
7.3088760376	-1420
7.30889105797	-1420
7.30894112587	-1264
7.31299591064	543
7.31930303574	-1420
7.31930804253	-1420
7.31934809685	-1264
7.3287460804	-1420
7.32879710197	-1420
7.32880091667	-1264
7.34001612663	-1368
7.34452104568	-1
7.35405111313	-1368
7.35420393944	-1420
7.35424304008	-1316
7.36415410042	-1420
7.36419796944	-1420
7.36420106888	-1264
7.37313103676	-1420
7.3731470108	-1316
7.38308191299	-1420
7.3830909729	-1316
7.38734793663	-1368
7.38842797279	543
7.39198899269	-1420
7.39199399948	-1316
7.39616298676	-1368
7.39625906944	543
7.40373301506	543
7.40569591522	-1368
7.40607905388	-1420
7.40612006187	-1316
7.40967702866	-1420
7.40971803665	-1316
7.41279792786	-1368
7.41835308075	-1368
7.42831707001	-1368
7.43888497353	-1420
7.4388999939	-1420
7.43893408775	-1264
7.44251990318	-1420
7.44255304337	-1316
7.44265198708	543
7.44636797905	-1368
7.45028996468	-1420
7.45034003258	-1316
7.45381999016	-1420
7.4538769722	-1420
7.45388007164	-1264
7.46050906181	-1420
7.46051502228	-1420
7.46056604385	-1264
7.46056890488	-543
7.46070790291	543
7.4628880024	-879
7.46700501442	-1420
7.46705293655	-1420
7.46705698967	-1264
7.48126792908	-1420
7.48127293587	-1420
7.48132205009	-1264
7.48705005646	-1420
7.48709511757	-1420
7.48709797859	-1264
7.49698090553	-1420
7.49698901176	-1420
7.4970331192	-1264
7.49783706665	1460
7.49790000916	111
7.50488996506	-1420
7.50489497185	-1316
7.50793910027	-1368
7.50802493095	543
7.51196408272	-1368
7.51201200485	-1368
7.51499509811	-1420
7.51500296593	-1420
7.51504802704	-1264
7.52417397499	-1420
7.5242190361	-1420
7.52422213554	-1264
7.52818202972	-1368
7.53251099586	-1420
7.53256297112	-1316
7.53491401672	-1368
7.53501009941	543
7.54120898247	-1368
7.54628801346	-1420
7.54631304741	-1316
7.55029010773	-1420
7.55033302307	-1420
7.55033612251	-1264
7.55414605141	-1420
7.5541510582	-1420
7.55419707298	-1264
7.55428409576	543
7.55568313599	-1368
7.55583810806	-1368
7.55595397949	-1368
7.55907297134	-1420
7.55911302567	-1420
7.55911803246	-1264
7.56159210205	-1420
7.56159710884	-1420
7.56164598465	-1264
7.56407904625	-1368
7.56529903412	-1420
7.56530404091	-1316
7.5672121048	-1420
7.56721806526	-1316
7.56734895706	543
7.56964111328	-1368
7.57246899605	-1420
7.5725069046	-1316
7.57424592972	-1420
7.57428693771	-1420
7.57429003716	-1264
7.57868504524	-1420
7.57869100571	-1420
7.5787320137	-1264
7.58424210548	-1420
7.58426690102	-1316
7.58432292938	-1368
7.58508205414	-698
7.59128713608	-1420
7.59134793282	-1420
7.59135198593	-1264
7.59383296967	-1420
7.59383893013	-1420
7.59388995171	-1264
7.59396290779	543
7.59851503372	-1420
7.59852099419	-1420
7.59856200218	-1264
7.59863591194	543
7.60644507408	-1420
7.60645008087	-1316
7.6094019413	-1368
7.61927103996	-1420
7.61929512024	-1316
7.61929798126	-1368
7.62618112564	-1420
7.62618613243	-1316
7.63670706749	-1368
7.63854908943	-1368
7.64511108398	-1368
7.65031790733	543
7.65057110786	543
7.6507229805	-1420
7.65072894096	-1316
7.66375899315	-1420
7.66376590729	-1316
7.664757967	-1368
7.66740703583	-1420
7.66743397713	-1316
7.66935610771	-1368
7.66945409775	543
7.6719751358	-1420
7.67198204994	-1316
7.67413496971	-1368
7.69766807556	-1368
7.69818401337	-1368
7.6986849308	-1368
7.69889807701	-1420
7.69890403748	-1316
7.70311713219	-908
7.70321512222	543
7.7114109993	-1420
7.71142911911	-1316
7.75783610344	1460
7.75797009468	1460
7.75800800323	1161
7.75817704201	603
7.80300998688	1460
7.80309104919	1460
7.80313491821	1161
7.80317592621	1460
7.80325198174	685
7.82932710648	-377
7.84579706192	543
7.85980606079	-1420
7.85982012749	-1420
7.85988593102	-1264
7.95485305786	-1368
7.95523095131	-1420
7.95528101921	-1316
7.95528411865	-1420
7.95531797409	-1420
7.95532011986	-1264
7.95583605766	-1368
7.9561021328	-1420
7.95612096786	-1420
7.95612311363	-1264
7.95622897148	-1420
7.95624399185	-1420
7.95624494553	-1264
7.95677709579	-1420
7.95677995682	-1316
7.956854105	-1368
7.95716190338	-1368
7.95722603798	-1368
7.95738792419	-1420
7.95739102364	-1420
7.95739197731	-1264
7.95809102058	543
7.95842003822	543
7.96436691284	-1158
7.97540807724	543
7.97662401199	-1420
7.97663092613	-1316
7.97666311264	-1368
7.97709107399	-1420
7.9771130085	-1316
7.97782897949	-1368
7.97803902626	-1368
7.97813510895	-1420
7.97815704346	-1316
7.97897410393	-1420
7.97901296616	-1420
7.97901511192	-1420
7.97904992104	-1420
7.9790520668	-1160
7.97908592224	-1368
7.97921299934	543
7.97934293747	-1420
7.97934794426	-1316
7.97943496704	543
7.97953701019	-1368
7.97972607613	-1368
7.97992897034	-1420
7.97993397713	-1316
7.98004508018	-1420
7.9800491333	-1420
7.98008513451	-1264
7.98026490211	-1420
7.98030209541	-1316
7.98030400276	-1368
7.98061990738	-1420
7.98062300682	-1316
7.980727911	-1420
7.98073101044	-1420
7.98078203201	-1264
7.98078393936	-1368
7.98088312149	-1420
7.98088502884	-1316
7.9810769558	-1368
7.98118305206	-1368
7.98126912117	-1368
7.98134803772	-1420
7.98134994507	-1420
7.98135113716	-1264
7.98148703575	-1420
7.9814889431	-1316
7.98163104057	-1420
7.98163294792	-1316
7.98176693916	-1420
7.98176908493	-1420
7.9817700386	-1264
7.98180890083	-1368
7.98339295387	543
7.98601508141	543
7.99949908257	-1368
7.99956893921	-1420
7.99961304665	-1316
8.00027704239	-1368
8.00048708916	-1420
8.00048995018	-1420
8.00055599213	-1264
8.00055909157	-1368
8.00075602531	-1420
8.00075793266	-1316
8.00096392632	-1420
8.00096607208	-1420
8.00099992752	-1264
8.00113511086	-1420
8.0011370182	-1316
8.00151491165	-1420
8.00151801109	-1420
8.00151896477	-1264
8.00229001045	543
8.00246906281	-1368
8.00260210037	543
8.00264906883	-1368
8.00333595276	-1420
8.00337600708	-1420
8.00337910652	-1264
8.00350904465	-1420
8.00351405144	-1316
8.00353312492	-1368
8.00366306305	-1420
8.00370192528	-1420
8.00370502472	-1264
8.00412893295	-1420
8.00413513184	-1420
8.00415492058	-1264
8.07308197021	-1420
8.07313299179	-1420
8.07452392578	-1420
8.07453608513	-1420
8.0745909214	-1160
8.07459497452	-1420
8.07477593422	-1420
8.07477998734	-1420
8.07481598854	-1420
8.07481908798	-1160
8.07485413551	-1420
8.07485699654	-1420
8.07489204407	-1264
8.07489395142	-1420
8.07489609718	-1420
8.07489705086	-1264
8.07491111755	-1420
8.0749130249	-1420
8.07491397858	-1264
8.07491612434	-1420
8.07491707802	-1420
8.07491803169	-1264
8.07491993904	-1420
8.07492113113	-1316
8.07492208481	-1420
8.07492399216	-1420
8.07492494583	-1264
8.07492613792	-1420
8.0749270916	-1420
8.07492804527	-1420
8.07492899895	-1420
8.07492995262	-1420
8.07493901253	-1420
8.07494211197	-1420
8.07494306564	-1420
8.07494401932	-1420
8.07494497299	-1420
8.07494711876	-1420
8.07494807243	-1420
8.07494902611	-1420
8.07494997978	-1420
8.07495212555	-1420
8.07495307922	-1420
8.0749540329	-1420
8.07495498657	-1420
8.07495594025	-1420
8.07495713234	-1420
8.07495808601	-1420
8.0749669075	-582
8.08317995071	-1420
8.08318996429	-1420
8.08319306374	-1420
8.08319401741	-1420
8.08319497108	-1420
8.08319592476	-1420
8.08319711685	-1420
8.0831990242	-1004
8.08338499069	543
8.08353805542	543
8.08376502991	543
8.08404111862	543
8.08424806595	543
8.0938141346	-1420
8.09382891655	-1316
8.09501099586	-1420
8.09501504898	-1316
8.09506201744	-1368
8.09524011612	-1368
8.09612607956	-1420
8.09613013268	-1420
8.09614706039	-1264
8.09627890587	-1368
8.09701800346	-1420
8.09702110291	-1420
8.0970389843	-1264
8.09714007378	-1368
8.09743595123	-1420
8.09743905067	-1420
8.09744000435	-1264
8.10390806198	543
8.1313560009	-1368
8.13563394547	543
8.19293212891	-208
8.19324302673	543
8.19353604317	1460
8.19358897209	111
8.25171804428	543
8.25198101997	543
8.31123900414	-1086
8.31229400635	543
8.32999897003	-1420
8.33002090454	-1316
8.33005809784	-1420
8.33006000519	-1316
8.33016490936	-1420
8.33016991615	-1420
8.33020496368	-1264
8.33027410507	-1368
8.33044600487	-1420
8.33044910431	-1420
8.3304669857	-1264
8.33049798012	-1368
8.3306620121	543
8.33135700226	-1368
8.33172392845	-1420
8.33176493645	-1316
8.33192110062	-1420
8.33196210861	-1316
8.33196401596	-1420
8.33205008507	-1316
8.33205294609	-1368
8.33214998245	-1420
8.33215403557	-1420
8.3321890831	-1264
8.33226513863	-1420
8.33230304718	-1420
8.3323059082	-1264
8.33255410194	-1420
8.33255791664	-1316
8.33261108398	-1368
8.33296990395	-1368
8.33307909966	-1420
8.33308291435	-1316
8.33349895477	543
8.34109807014	-1420
8.34110713005	-1420
8.34115195274	-1420
8.34115505219	-1420
8.34118795395	-1420
8.34119009972	-1108
8.34124207497	-1420
8.34124398232	-1316
8.3413670063	-1368
8.34157013893	-1420
8.341588974	-1316
8.34164690971	-1368
8.34177494049	-1420
8.34177803993	-1316
8.34201693535	-1368
8.34218192101	543
8.34283709526	-1420
8.34284305573	-1316
8.34299492836	-1420
8.34299993515	-1316
8.34301805496	-1420
8.34301996231	-1316
8.34309792519	543
8.34321093559	-1420
8.34321403503	-1420
8.34325003624	-1264
8.34328103065	-1420
8.3432970047	-1420
8.34329891205	-1264
8.34342098236	-1420
8.3434240818	-1420
8.34345912933	-1264
8.34351205826	543
8.34354496002	-1420
8.34354710579	-1316
8.34394311905	-1420
8.34394812584	-1420
8.34398508072	-1264
8.35212111473	-1420
8.35216593742	-1420
8.35216903687	-1264
8.35220193863	-1420
8.3522040844	-1316
8.35226607323	-1368
8.35245394707	-1420
8.35251498222	-1316
8.35251712799	-1420
8.35255098343	-1420
8.3525531292	-1264
8.35262608528	-1368
8.35270595551	543
8.35290598869	-1420
8.35291004181	-1420
8.3529291153	-1264
8.35299491882	-1420
8.3530330658	-1316
8.35503697395	-1368
8.37946009636	-1368
8.38051509857	-1420
8.38054990768	-1420
8.38055300713	-1264
8.38066411018	543
8.38332009315	-1420
8.38332605362	-1420
8.38336491585	-1264
8.394053936	-1420
8.39410209656	-1420
8.39410591125	-1264
8.39505410194	-1368
8.39524912834	-1368
8.39532804489	-1420
8.39533209801	-1316
8.3957130909	-1420
8.39571809769	-1316
8.39597702026	-1420
8.39598107338	-1316
8.39602804184	-1368
8.39612603188	-1420
8.39616703987	-1316
8.39616894722	-1368
8.39744091034	-1420
8.39744591713	-1420
8.39748501778	-1264
8.39776396751	-1420
8.39780402184	-1420
8.39780712128	-1264
8.39784502983	-1368
8.39810204506	-1420
8.39813899994	-1420
8.39814090729	-1420
8.39817404747	-1212
8.39834213257	543
8.39837813377	-1368
8.39869499207	-1420
8.39871692657	-1420
8.39872002602	-1420
8.39873504639	-1212
8.39901804924	-1368
8.39918613434	-1368
8.40063810349	543
8.40645003319	543
8.43059492111	-629
8.43564200401	543
8.48487210274	-1368
8.48572397232	-1368
8.48583102226	-1420
8.4858341217	-1420
8.4858789444	-1264
8.4861240387	-1420
8.48614192009	-1420
8.48614501953	-1264
8.48878693581	-1420
8.4887919426	-1316
8.48885202408	-1368
8.49515604973	-1420
8.4951851368	-1316
8.49518799782	-1368
8.49554395676	-1420
8.49554896355	-1316
8.49558591843	-1420
8.49558901787	-1316
8.49565792084	-1420
8.4956600666	-1316
8.49583911896	-1368
8.495855093	543
8.49603700638	-1420
8.49605798721	-1316
8.49660611153	-1368
8.49680399895	-1420
8.49680805206	-1316
8.49708795547	-1420
8.49709296227	-1316
8.49716496468	-1420
8.49716901779	-1316
8.4983959198	-1420
8.49840211868	-1420
8.49842309952	-1264
8.5029270649	-1368
8.50320410728	-1368
8.50327110291	-1368
8.50372600555	-1420
8.50373005867	-1420
8.50376796722	-1264
8.50383901596	543
8.50593400002	-1368
8.50609111786	-1368
8.50976109505	-1420
8.50976490974	-1316
8.50991106033	543
8.55912208557	-1368
8.60054397583	-418
8.62000513077	-543
8.63674092293	-1420
8.6367559433	-1420
8.6367931366	-1264
8.63716602325	-1368
8.63812613487	-1420
8.63813090324	-1316
8.63828110695	-1368
8.63831806183	543
8.63843107224	-1368
8.63854312897	-1420
8.63858413696	-1316
8.63995099068	-1420
8.63999390602	-1316
8.64016008377	-1368
8.64772200584	-1368
8.66452908516	543
8.71858000755	-728
8.75360012054	543
8.7538330555	543
8.81198906898	543
8.81227397919	543
8.83301901817	1460
8.83308911324	111
8.84562301636	543
8.85344791412	543
8.85373997688	543
8.8540160656	543
8.85420703888	543
8.89342498779	543
8.89368605614	543
8.9141471386	-543
8.93185210228	543
8.97310709953	543
9.02130293846	-1368
9.0505399704	-261
9.14701199532	-1420
9.14703011513	-1420
9.14709305763	-1264
9.15459513664	-1368
9.15855002403	-1368
9.15960693359	-1420
9.15965008736	-1420
9.15965294838	-1264
9.16426992416	-1368
9.16433691978	-1420
9.16436004639	-1316
9.16653299332	-1368
9.16679501534	-1368
9.16841697693	-554
9.17082190514	543
9.17106699944	543
9.17586112022	-1368
9.17595601082	-1368
9.1792049408	-1368
9.19519495964	543
9.2392270565	-1368
9.24371504784	543
9.27014398575	-1368
9.2702729702	543
9.27311992645	-1368
9.28928804398	-1247
9.29519891739	543
9.29579806328	543
9.29599905014	543
9.30546998978	-1420
9.30547595024	-1316
9.31857895851	-1368
9.32225108147	-1368
9.32244110107	543
9.38689398766	-1368
9.38739204407	-1420
9.38745212555	-1420
9.38745594025	-1264
9.3877530098	-1420
9.38775801659	-1316
9.3879430294	-1368
9.38826990128	-1368
9.38838505745	-1368
9.38856101036	-1368
9.3886590004	543
9.38879609108	-1420
9.38880109787	-1316
9.38902306557	-1368
9.38952994347	-1420
9.38957190514	-1420
9.38959312439	-1420
9.38962697983	-1212
9.3896291256	-1368
9.38996195793	-1368
9.39011597633	-1420
9.39014005661	-1316
9.39262008667	-1420
9.39264798164	-1316
9.39279294014	-1368
9.3935739994	543
9.39380407333	543
9.3975019455	-1420
9.39750909805	-1420
9.39755105972	-1264
9.39782810211	-1420
9.39788293839	-1420
9.39788603783	-1264
9.3979871273	-1368
9.39807105064	543
9.39823412895	-1368
9.39828801155	-1420
9.39832997322	-1420
9.39833307266	-1420
9.39836597443	-1212
9.39843010902	-1420
9.39845013618	-1316
9.39854001999	-1420
9.39855909348	-1316
9.39860510826	-1420
9.39864110947	-1316
9.398665905	543
9.39891409874	-1420
9.39891791344	-1316
9.39895510674	-1420
9.39895796776	-1316
9.39899110794	-1368
9.39916300774	-1368
9.39920306206	-1420
9.39920496941	-1316
9.39925599098	-1420
9.39925813675	-1316
9.39935112	543
9.40072607994	-1420
9.40073108673	-1316
9.40085792542	-1368
9.40106797218	-1420
9.4011080265	-1420
9.40110993385	-1264
9.4012670517	-1420
9.40126991272	-1316
9.40134191513	-1368
9.40750598907	-764
9.40863800049	-1420
9.40864300728	-1316
9.40892195702	-1420
9.40892601013	-1420
9.40898108482	-1264
9.40898394585	-1368
9.41134405136	-1420
9.41134905815	-1316
9.41145300865	543
9.46617507935	1460
9.46625494957	1460
9.46629095078	707
9.4666531086	543
9.47291994095	543
9.47788190842	543
9.4780960083	543
9.47938990593	543
9.47957611084	543
9.49541091919	-1368
9.49554896355	543
9.5257730484	-227
9.56193304062	-1420
9.56198596954	-1420
9.56199002266	-1264
9.56565713882	-1420
9.56566309929	-1316
9.56918907166	-1368
9.56943011284	-1368
9.61078810692	543
9.61103606224	1460
9.61108803749	111
9.61767506599	-1368
9.61782813072	-1420
9.6178650856	-1420
9.61786913872	-1420
9.61789608002	-1212
9.61789894104	-1368
9.61823010445	-1420
9.61823606491	-1420
9.61827611923	-1420
9.61827898026	-1212
9.61831307411	-1368
9.61875295639	-1420
9.61877799034	-1420
9.61878108978	-1420
9.61879706383	-1420
9.61879897118	-1160
9.61881494522	-1368
9.61888194084	-1420
9.61892008781	-1420
9.61892294884	-1420
9.61895608902	-1212
9.6190199852	-1368
9.61926102638	543
9.61955904961	-1420
9.6195640564	-1316
9.6197309494	543
9.62051701546	-1368
9.62189102173	-1420
9.62191510201	-1316
9.62231707573	-1368
9.62269091606	-1368
9.62304711342	-1368
9.6233150959	-1368
9.62389612198	-1420
9.62393808365	-1420
9.623939991	-1420
9.62400913239	-1420
9.62401103973	-1420
9.62404608727	-1108
9.62404799461	-1368
9.6240799427	-1420
9.62408208847	-1316
9.62420511246	-1368
9.62428092957	543
9.62438392639	543
9.62497901917	-1420
9.62498497963	-1420
9.6250231266	-1264
9.62880992889	-1420
9.62885308266	-1420
9.62885713577	-1264
9.63230609894	-1368
9.64400911331	-1420
9.64404010773	-464
9.66347694397	543
9.69191408157	-1368
9.70931005478	543
9.71559596062	-1368
9.71619296074	-1368
9.71815705299	-1420
9.71816396713	-1420
9.7182059288	-1264
9.71879005432	-1420
9.71883296967	-1420
9.71883606911	-1264
9.72014212608	-1420
9.72014713287	-1316
9.76208496094	-1263
9.76734209061	-1368
9.79930090904	-1368
9.8006811142	-1420
9.80071496964	-1316
9.80203390121	-1420
9.80205798149	-1316
9.8057050705	-1420
9.80575108528	-1420
9.8057539463	-1264
9.80727791786	-1420
9.80728411674	-1420
9.80732703209	-1264
9.80741596222	1057
9.8095741272	-1420
9.80958104134	-1420
9.80962395668	-1264
9.811439991	-1420
9.81149101257	-1420
9.81149411201	-1264
9.81333708763	-1368
9.81435513496	-1368
9.81445097923	-1368
9.81527090073	-1420
9.81529593468	-1316
9.84565901756	543
9.88021397591	-897
9.88149905205	-1420
9.88155913353	-1316
9.88156199455	-1368
9.88521504402	-1420
9.88523101807	-1420
9.88527703285	-1264
9.88616800308	543
9.88622498512	-1420
9.88622713089	-1316
9.88643193245	-1368
9.88693904877	-1420
9.88696312904	-1316
9.89233613014	-1368
9.89248299599	-1420
9.89249110222	-1316
9.89939308167	-1420
9.89939808846	-1316
9.89943599701	-1368
9.90216398239	-1420
9.90223193169	-1420
9.90223503113	-1264
9.90437602997	-1368
9.90489602089	-1420
9.90494394302	-1316
9.90527796745	-1420
9.90532398224	-1316
9.90532612801	-1368
9.90561008453	-1368
9.90617990494	-1368
9.90633296967	1057
9.90673208237	-1420
9.90673804283	-1316
9.90836906433	-1420
9.90837693214	-1316
9.90911102295	-1368
9.90988707542	-1368
9.90994596481	-1368
9.91055297852	-1420
9.9105899334	-1420
9.91059207916	-1264
9.91173791885	-1368
9.91409111023	543
9.92527198792	1460
9.92534804344	1460
9.92538404465	1161
9.92550206184	603
9.92618203163	543
9.92672610283	-1368
9.92700695992	543
9.92892694473	-1420
9.92893099785	-1316
9.93299412727	1057
9.93375205994	543
9.933989048	543
9.93419098854	543
9.93438196182	543
9.9982419014	-439
10.0029139519	543
10.0198481083	-1420
10.0198619366	-1420
10.0199170113	-1264
10.0218219757	-1420
10.02186203	-1316
10.0261719227	-1368
10.0285069942	-1420
10.0285129547	-1316
10.0319509506	-1368
10.0339491367	-1368
10.0358290672	-1368
10.0390360355	-1368
10.0407049656	-1420
10.0407121181	-1316
10.0412120819	-1420
10.0412259102	-1316
10.0414659977	543
10.041508913	-1368
10.0417649746	543
10.0420529842	543
10.0422449112	543
10.0437300205	-1420
10.0437350273	-1316
10.043833971	-1368
10.0438780785	543
10.0467579365	-1368
10.0468389988	543
10.0477371216	-1368
10.0481889248	543
10.0483880043	543
10.0488739014	-1420
10.0488789082	-1316
10.0501689911	-1368
10.0521349907	-1368
10.052282095	-1420
10.0522871017	-1316
10.0539889336	-1368
10.0564649105	-1420
10.0565099716	-1420
10.0565130711	-1420
10.0565490723	-1212
10.0571820736	-1368
10.0592570305	-1368
10.0593159199	-1420
10.0593400002	-1316
10.0594120026	543
10.0618619919	-1368
10.0640320778	-1420
10.0640590191	-1316
10.0666110516	543
10.0671439171	543
10.0782361031	-1420
10.0782520771	-1316
10.0783429146	-1368
10.0792489052	-1420
10.0792760849	-1316
10.079419136	1460
10.0794680119	111
10.0800011158	543
10.0802710056	-1368
10.0802900791	543
10.0804150105	543
10.081277132	-1420
10.0812830925	-1316
10.0819411278	-1368
10.0825951099	-1368
10.0828940868	-1368
10.0898659229	543
10.0901110172	543
10.0936141014	-1368
10.0940821171	543
10.0943090916	543
10.1096899509	-1368
10.1129031181	543
10.1131470203	543
10.1164820194	-1217
10.1534919739	543
10.1537680626	543
10.1912190914	-1420
10.1912369728	-1316
10.1912720203	-1368
10.1955299377	-1420
10.1955809593	-1316
10.1955840588	-1368
10.2072811127	-1368
10.2074139118	543
10.2115840912	543
10.2141509056	-1420
10.2141559124	-1316
10.2141969204	-1368
10.2238359451	-1368
10.2346510887	-1176
10.2457640171	-1420
10.2458300591	-1420
10.2458660603	-1264
10.2459030151	-1368
10.2479970455	-1420
10.2480409145	-1420
10.248044014	-1264
10.2482469082	-1368
10.2491650581	-1368
10.2499611378	-1368
10.253549099	-1420
10.2535920143	-1316
10.2578511238	-1368
10.2582709789	-1368
10.2586979866	-1368
10.2603230476	-1368
10.2625961304	543
10.2628779411	543
10.2650160789	-1420
10.2650220394	-1316
10.2684381008	-1368
10.3179030418	543
10.3229050636	543
10.3335270882	-1368
10.3527300358	-6
10.3548789024	543
10.3566229343	543
10.3568069935	543
10.3569500446	543
10.3860940933	-1420
10.3861129284	-1316
10.3861501217	-1368
10.3945319653	-1368
10.4104430676	-1368
10.4118030071	-1368
10.4299740791	-1420
10.4299800396	-1420
10.4300210476	-1264
10.4371781349	543
10.4639220238	-1368
10.4709599018	-517
10.4712660313	543
10.4823799133	-1420
10.4823849201	-1420
10.4824280739	-1264
10.4862689972	-1420
10.4862980843	-1316
10.48904109	-1368
10.4891469479	543
10.4907231331	-1420
10.4907300472	-1316
10.4927289486	-1368
10.4968230724	-1368
10.5037519932	-1420
10.5037610531	-1316
10.5037889481	-1368
10.5084519386	-1368
10.51019907	-1368
10.5103881359	-1368
10.5117070675	-1420
10.5117120743	-1316
10.5117790699	-1368
10.5168759823	-1420
10.5169219971	-1420
10.5169250965	-1264
10.524805069	-1420
10.5248110294	-1316
10.5417349339	-1368
10.5891461372	-876
10.5953259468	-1420
10.5953390598	-1316
10.5983641148	-1368
10.5985081196	543
10.6016039848	-1368
10.6019079685	-1368
10.6053619385	-1420
10.6053700447	-1316
10.6108949184	-1368
10.6648480892	-1368
10.6683969498	-1420
10.6684310436	-1316
10.6713709831	-1368
10.6738369465	-1368
10.678841114	-1420
10.6788959503	-1420
10.6788990498	-1264
10.6802880764	-1420
10.6802930832	-1316
10.6816809177	-1368
10.6818261147	543
10.6832389832	-1420
10.6832449436	-1316
10.6839821339	-1368
10.6869659424	-1420
10.6870119572	-1420
10.6870150566	-1264
10.6878969669	-1420
10.6879029274	-1316
10.6891469955	-1368
10.6904039383	-1420
10.6904320717	-1316
10.691049099	-1368
10.6918640137	-1420
10.6918690205	-1420
10.6919090748	-1264
10.6938691139	-1368
10.6939899921	-1420
10.6939940453	-1316
10.6940839291	543
10.695661068	-1420
10.6956670284	-1420
10.6957089901	-1264
10.6976840496	-1420
10.6977300644	-1420
10.6977329254	-1264
10.6986379623	-1420
10.6986439228	-1316
10.7074270248	-621
10.7535150051	1460
10.7535729408	1139
10.7617089748	543
10.7620069981	543
10.7622621059	543
10.774739027	543
10.7750070095	543
10.7752161026	543
10.7754230499	543
10.7756540775	543
10.775867939	543
10.7760651112	543
10.7762999535	543
10.7765190601	543
10.7766959667	543
10.7768790722	543
10.7770729065	543
10.7772650719	543
10.7774541378	543
10.7776329517	543
10.7778170109	543
10.7783880234	543
10.7786180973	543
10.8255319595	-1086
10.8443369865	1460
10.8444159031	111
10.8530731201	1057
10.9113490582	-1368
10.9242799282	-1420
10.9243221283	-1316
10.9293029308	-1368
10.931497097	543
10.9315710068	-1420
10.9315729141	-1316
10.9383189678	1057
10.9392080307	1057
10.9395170212	-1368
10.9414401054	-1368
10.9437460899	-1368
10.9438250065	-1420
10.9438490868	-1316
10.9441931248	-778
10.9463720322	543
10.9508090019	-1420
10.9508240223	-1316
10.9564089775	-1368
10.9599370956	-1420
10.9599919319	-1420
10.959995985	-1420
10.9600310326	-1212
10.9738090038	543
10.9817330837	-1368
10.9839761257	-1420
10.9840269089	-1420
10.9840300083	-1264
10.9848079681	-1420
10.9848129749	-1316
10.9850130081	1460
10.9850621223	111
10.9863200188	-1368
10.9867401123	-1368
10.9867999554	-1368
10.9873390198	-1368
10.9874501228	-1368
10.9876980782	-1368
10.987869978	-1368
10.9882440567	-1420
10.9882631302	-1420
10.9882650375	-1264
10.9883439541	-1420
10.9883480072	-1420
10.9883830547	-1264
10.9885540009	-1420
10.9885709286	-1420
10.9885730743	-1420
10.9885880947	-1212
10.9886660576	-1368
10.9888720512	-1368
10.9889369011	-1420
10.9889540672	-1420
10.9889559746	-1420
10.9889581203	-1212
10.9890749454	-1420
10.9890770912	-1420
10.9890780449	-1264
10.9891951084	-1420
10.9891970158	-1316
10.9892249107	-1420
10.9892270565	-1316
10.9893529415	-1420
10.989356041	-1420
10.9893569946	-1264
10.9893901348	-1368
10.9897420406	-1420
10.989743948	-1316
10.9897830486	-1368
10.989896059	-1368
10.9900009632	-1420
10.9900050163	-1420
10.99000597	-1264
10.9903790951	-1420
10.9903841019	-1316
10.991050005	1057
10.9914131165	543
10.9915940762	543
10.9955439568	543
11.0029289722	543
11.0326120853	543
11.0356280804	543
11.0358600616	543
11.0382509232	1057
11.0623669624	-740
11.0919749737	-1368
11.0952589512	-1420
11.0952649117	-1316
11.0953969955	-1420
11.0954010487	-1316
11.0957570076	543
11.1029241085	-1420
11.1029291153	-1420
11.1029551029	-1264
11.1030950546	543
11.1310560703	-1368
11.1396420002	-1420
11.1397180557	-1420
11.1397221088	-1420
11.13975811	-1212
11.1397600174	-1420
11.1397950649	-1420
11.1397979259	-1264
11.1482861042	-1420
11.1482949257	-1420
11.1483449936	-1264
11.1488471031	543
11.1488981247	-1368
11.149392128	-1420
11.1494131088	-1316
11.1497650146	-1420
11.1498029232	-1420
11.1498060226	-1264
11.1501069069	-1368
11.1506140232	-1420
11.1506540775	-1316
11.1510379314	-1368
11.1513659954	-1420
11.1513700485	-1316
11.151487112	-1368
11.1520631313	-1420
11.1520979404	-1316
11.1527760029	-1420
11.152821064	-1316
11.1529021263	-1368
11.1533339024	-1420
11.1533370018	-1420
11.1533699036	-1264
11.1540420055	543
11.1541419029	543
11.1549859047	-1420
11.1549930573	-1316
11.1557121277	-1420
11.1557171345	-1316
11.1557590961	-1368
11.1560719013	-1368
11.1561861038	-1368
11.1564660072	-1420
11.156525135	-1316
11.1565279961	-1368
11.1577451229	-1368
11.162997961	543
11.1674590111	-1420
11.167470932	-1420
11.1675269604	-1264
11.1689279079	-1368
11.1740550995	-1368
11.1805341244	-1341
11.2250630856	-1368
11.2419331074	-1420
11.2419960499	-1420
11.242000103	-1264
11.245661974	1057
11.2458341122	543
11.2521181107	-1368
11.2555990219	543
11.2784979343	-1368
11.2988650799	-791
11.3609850407	-1368
11.3725011349	1460
11.372576952	625
11.3841280937	1460
11.3842070103	111
11.3901290894	-1368
11.3943440914	1460
11.3944101334	1460
11.3944461346	1161
11.3945391178	89
11.403208971	543
11.4090259075	543
11.4133629799	1460
11.4134199619	1460
11.4134631157	1161
11.4135360718	1460
11.4135789871	685
11.4168400764	-1007
11.4229650497	543
11.4274730682	543
11.4276590347	543
11.4278519154	543
11.5352931023	-543
11.5426800251	-1420
11.5427160263	-1316
11.5655899048	-1420
11.5656609535	-1420
11.5656650066	-1264
11.6050920486	-1420
11.6051080227	-1420
11.6051619053	-1264
11.6483230591	-1420
11.6483409405	-1420
11.6483960152	-1264
11.6533930302	-546
11.7400889397	-1420
11.7401070595	-1420
11.7401621342	-1264
11.7673180103	-1420
11.7673339844	-1316
11.8216750622	-1420
11.8216929436	-1316
11.8217430115	-1368
11.8218910694	543
11.828592062	-538
11.842402935	-1420
11.8424611092	-1316
11.8676159382	-1368
11.9109759331	-1420
11.9109930992	-1316
11.9537041187	-1368
11.9602429867	-132
12.016493082	-1368
12.0165469646	-1368
12.0781960487	-891
12.2026109695	-1420
12.2026269436	-1420
12.2026820183	-1264
12.2297339439	-1368
12.2298870087	-1368
12.2300150394	-1368
12.2342720032	543
12.2436161041	-132
12.2453250885	543
12.2902050018	-1420
12.2902219296	-1420
12.2902760506	-1264
12.3653550148	-1420
12.3653731346	-1420
12.3654339314	-1264
12.3853580952	543
12.3863480091	543
12.4017081261	-132
12.4574289322	-1420
12.457447052	-1420
12.4575099945	-1264
12.537017107	-1368
12.5753099918	-899
12.6382660866	-1368
12.6851289272	-1368
12.6932740211	-464
12.7002561092	-1368
12.7143979073	-1368
12.7239949703	-1368
12.7364649773	-1368
12.740516901	-1368
12.7497711182	-1368
12.7533891201	-1368
12.7613620758	-1368
12.7690820694	-1368
12.7799401283	-1420
12.7799959183	-1420
12.7799999714	-1264
12.7840259075	-1368
12.7842640877	-1420
12.7842860222	-1316
12.792552948	-1368
12.8006370068	-1420
12.8007049561	-1420
12.8007080555	-1264
12.8008890152	543
12.8043310642	-1420
12.8043370247	-1316
12.8082780838	-1368
12.8146569729	-1420
12.8146851063	-1316
12.8147509098	543
12.8183810711	-1332
12.8258159161	-1368
12.8338971138	-1368
12.8414669037	-1420
12.8415119648	-1316
12.8456029892	-1420
12.8456549644	-1420
12.8456590176	-1264
12.8503010273	-1368
12.8559849262	-1420
12.856030941	-1316
12.8618450165	-1368
12.8620269299	543
12.8658459187	-1420
12.8658649921	-1316
12.8688700199	-1368
12.8753590584	-1420
12.8754041195	-1420
12.8754069805	-1264
12.8785071373	-1368
12.8816831112	-1368
12.8845970631	-1420
12.8846020699	-1316
12.8881299496	-1420
12.8881380558	-1420
12.8881790638	-1264
12.8962359428	-1420
12.8962860107	-1420
12.8962891102	-1264
12.9028439522	-1368
12.9089710712	-1368
12.911730051	-1420
12.9117341042	-1316
12.9163229465	-1420
12.916328907	-1316
12.9164459705	-1368
12.9217290878	-1420
12.9217751026	-1420
12.9217779636	-1264
12.9292171001	-1420
12.929224968	-1316
12.9323210716	-1368
12.9352619648	-1420
12.9353060722	-1316
12.9380009174	-1420
12.9380381107	-1420
12.9380419254	-1264
12.9382040501	543
12.9437539577	-1420
12.943762064	-1420
12.9438049793	-1264
12.9438459873	-571
12.9439320564	543
12.9489951134	-1368
12.9543781281	-1368
12.9570970535	-1420
12.957103014	-1316
12.9590089321	-1368
12.9618420601	-1420
12.9618821144	-1316
12.9926290512	-1420
12.9926979542	-1420
12.992702961	-1264
13.0017831326	-1368
13.0109200478	-1368
13.0128679276	-1420
13.0128741264	-1316
13.0149459839	-1420
13.0149531364	-1420
13.0149970055	-1264
13.0173339844	-1368
13.0196609497	-1368
13.0197520256	-1368
13.0225849152	-1368
13.0260341167	-1420
13.0260779858	-1316
13.0283780098	-1368
13.0285019875	543
13.0330691338	-1420
13.033080101	-1420
13.0331320763	-1264
13.035159111	-1420
13.0352020264	-1316
13.0374550819	-1368
13.0424730778	-1368
13.0425789356	543
13.0427639484	543
13.0448820591	-1420
13.0448880196	-1316
13.0455400944	543
13.0469191074	-1368
13.0470490456	543
13.0474069118	1460
13.047451973	111
13.0477240086	1460
13.047768116	111
13.0525610447	-1420
13.0525679588	-1420
13.0526120663	-1264
13.057653904	-1368
13.060172081	-1368
13.0616409779	543
13.0624659061	1460
13.0625491142	111
13.0628700256	1460
13.0629150867	111
13.0646340847	543
13.0647399426	-1420
13.0647449493	-1316
13.0666179657	543
13.0668199062	543
13.0669970512	-1011
13.0725939274	-1368
13.0830960274	543
13.1404130459	1057
13.1431190968	1460
13.1431670189	625
13.1909151077	-1347
13.1970899105	-1420
13.1971459389	-1420
13.197149992	-1264
13.1971859932	-1368
13.1972339153	-1368
13.197535038	-1368
13.2005109787	-1420
13.2005519867	-1420
13.2005550861	-1264
13.204005003	-1368
13.2041170597	-1420
13.204157114	-1316
13.2060620785	-1420
13.206084013	-1420
13.2060859203	-1264
13.2062110901	543
13.2066159248	-1420
13.2066221237	-1316
13.2082331181	-1368
13.2095239162	-1368
13.209594965	-1368
13.210283041	-1420
13.210324049	-1316
13.2128219604	-1420
13.2128720284	-1420
13.2128739357	-1264
13.2135870457	-1420
13.2135899067	-1316
13.2142651081	543
13.2150149345	-1420
13.2150211334	-1420
13.215061903	-1264
13.2165460587	-1420
13.2165880203	-1420
13.2165911198	-1264
13.2166900635	543
13.2174010277	-1420
13.2174069881	-1316
13.218173027	-1368
13.2182569504	-1368
13.2185709476	-1368
13.2189500332	-1368
13.2213180065	-1420
13.2213230133	-1316
13.2299220562	-1420
13.2299380302	-1420
13.2299919128	-1264
13.2331159115	-1368
13.2332539558	-1420
13.2332589626	-1316
13.2388579845	-1420
13.2388689518	-1420
13.2389159203	-1264
13.2390460968	543
13.2485749722	-1368
13.254584074	-1420
13.2546370029	-1316
13.2586860657	-1420
13.2587349415	-1420
13.2587389946	-1264
13.2679879665	-1420
13.2679960728	-1316
13.2774651051	-1420
13.2774779797	-1420
13.2775359154	-1264
13.2822239399	-1420
13.2822649479	-1420
13.2822680473	-1264
13.2824809551	543
13.2979550362	-1368
13.3038129807	-1368
13.3101239204	-1368
13.3156900406	-714
13.3200590611	-1420
13.3200731277	-1316
13.3202710152	543
13.3254609108	-1420
13.3254659176	-1420
13.3255269527	-1264
13.3371620178	-1368
13.3502879143	-1420
13.3502979279	-1420
13.3503460884	-1264
13.3564970493	-1420
13.356539011	-1316
13.3612420559	-1368
13.3675420284	-1420
13.3675529957	-1316
13.3725500107	-1368
13.3730049133	543
13.3735849857	543
13.3762280941	-1420
13.3762340546	-1316
13.3777570724	-1368
13.3808810711	-1420
13.3809189796	-1420
13.3809220791	-1264
13.3810560703	543
13.3817169666	-1368
13.3842709064	-1420
13.3843281269	-1420
13.3843319416	-1264
13.3869569302	-1368
13.3885660172	-1420
13.3886120319	-1316
13.3918249607	-1420
13.391865015	-1316
13.3926270008	-1368
13.3937590122	-1420
13.3937621117	-1316
13.3944239616	543
13.3964591026	-1368
13.3995120525	-1368
13.406594038	-1368
13.4088931084	-1368
13.4105069637	-1368
13.4117870331	-1368
13.4131529331	-1368
13.4139640331	-1368
13.4163041115	-1368
13.4170739651	-1420
13.4171180725	-1316
13.4180059433	-1368
13.4336121082	-766
13.5230190754	1460
13.5231010914	1460
13.5231480598	1161
13.5231909752	1460
13.5232460499	1460
13.5232970715	1161
13.52333498	1460
13.5233790874	231
13.5300660133	543
13.5516059399	-1086
13.5629460812	543
13.563229084	1460
13.5632739067	111
13.5638320446	543
13.564043045	543
13.6707570553	-1086
13.70845294	-1420
13.7085261345	-1420
13.7085330486	-1264
13.7103860378	-1368
13.7104640007	-1368
13.7138259411	-1368
13.7177019119	-1420
13.7177329063	-1316
13.7224180698	-1368
13.7366569042	-1368
13.763518095	-1368
13.7889099121	-148
13.8551259041	-1368
13.8583900928	-1420
13.8584220409	-1316
13.8630750179	-1420
13.8630800247	-1316
13.9074919224	-1044
13.9372501373	1057
13.9605920315	-1368
13.9678881168	543
13.9960620403	-1368
14.0237491131	-1368
14.0302050114	1460
14.0303030014	1139
14.0310230255	543
14.0313429832	543
14.0316939354	543
14.0322389603	1057
14.0326299667	1057
14.0458300114	1057
14.0557990074	-211
14.062951088	1460
14.0630140305	1139
14.0961089134	-1368
14.0961649418	-1368
14.1178300381	-1368
14.1742019653	-1210
14.1840541363	-1368
14.1863510609	-1368
14.1915969849	-1368
14.1917231083	543
14.1935091019	-1368
14.1936759949	-1420
14.1937150955	-1316
14.2009680271	-1420
14.2010269165	-1420
14.2010309696	-1264
14.2033700943	-1368
14.2195580006	-1368
14.219604969	-1420
14.2196090221	-1316
14.2353930473	1057
14.2375531197	-1368
14.2634329796	543
14.2846779823	-1368
14.2858030796	543
14.2924749851	-77
14.430161953	-543
14.4329180717	1460
14.4329679012	1460
14.433011055	707
14.4470019341	-1368
14.4470610619	-1368
14.4474680424	-1420
14.4474730492	-1420
14.4475131035	-1420
14.4475150108	-1212
14.4499359131	-1420
14.449942112	-1420
14.4499819279	-1264
14.4502339363	1460
14.4502820969	625
14.4563579559	-1420
14.4563679695	-1316
14.4580481052	-1420
14.4580519199	-1420
14.4580910206	-1264
14.4586129189	-1368
14.458796978	-1368
14.4589369297	-1368
14.4608709812	-1420
14.4608750343	-1420
14.460914135	-1264
14.4610021114	543
14.4625279903	-1420
14.4625339508	-1420
14.4625749588	-1264
14.464977026	-1368
14.4655809402	-1368
14.4667959213	-1368
14.4690871239	-1368
14.4693799019	-1420
14.4694259167	-1316
14.4696149826	543
14.4708609581	-1420
14.4708690643	-1316
14.4724681377	-1368
14.4729690552	-1420
14.4729990959	-1316
14.5319099426	-1368
14.5321819782	543
14.532861948	543
14.5336649418	1057
14.5513679981	-162
14.5879220963	-1420
14.5879909992	-1420
14.5879950523	-1420
14.5880401134	-1212
14.5880429745	-1420
14.5880770683	-1316
14.5884139538	-1420
14.588447094	-1420
14.588449955	-1264
14.5886969566	-1420
14.5887019634	-1420
14.5887401104	-1264
14.5891411304	-1420
14.5891821384	-1420
14.5891840458	-1264
14.5909800529	-1420
14.5909850597	-1316
14.5913209915	-1368
14.5919399261	-1368
14.592525959	-1420
14.5925290585	-1316
14.5927600861	-1420
14.5927629471	-1316
14.5928549767	-1368
14.5936300755	-1420
14.5936660767	-1316
14.5937879086	543
14.5938329697	-1368
14.5945549011	-1368
14.5948660374	-1420
14.5948719978	-1316
14.5957229137	-1420
14.5957291126	-1420
14.5957689285	-1264
14.5958390236	543
14.5961270332	-1420
14.59613204	-1420
14.5961799622	-1264
14.596323967	-1368
14.5964279175	-1420
14.5964319706	-1316
14.5967569351	-1420
14.5967600346	-1316
14.5968599319	-1420
14.5968630314	-1316
14.6016249657	543
14.6025390625	-1420
14.602545023	-1316
14.6027710438	-1420
14.6027760506	-1316
14.6032299995	-1420
14.6032340527	-1316
14.6032540798	-1368
14.6036069393	-1420
14.603648901	-1420
14.6036520004	-1264
14.6046409607	-1420
14.6046459675	-1420
14.6046850681	-1264
14.6050260067	-1420
14.6050491333	-1316
14.6051149368	543
14.6051530838	-1368
14.6055860519	-1420
14.6056270599	-1316
14.6056900024	-1420
14.6057260036	-1316
14.6058149338	-1420
14.6058359146	-1316
14.6061661243	-1420
14.6062049866	-1420
14.6062169075	-1264
14.6062629223	-1368
14.6064341068	-1420
14.6064519882	-1420
14.606454134	-1264
14.6065559387	-1420
14.6065590382	-1316
14.6067991257	-1420
14.6068019867	-1420
14.6068370342	-1264
14.6072621346	-1368
14.6078379154	-1420
14.6078400612	-1316
14.6082999706	-1420
14.6083059311	-1316
14.6083920002	-1368
14.6088690758	543
14.6090009212	543
14.6114690304	-1420
14.6114749908	-1420
14.6115150452	-1264
14.6138350964	-1420
14.6138861179	-1420
14.613888979	-1264
14.615489006	-1368
14.6162350178	-1420
14.6162590981	-1316
14.6165549755	-1420
14.6165931225	-1316
14.6165959835	-1368
14.6174960136	-1420
14.6174991131	-1420
14.6175150871	-1264
14.6183290482	-1420
14.6183481216	-1420
14.618350029	-1264
14.6195170879	-1368
14.619820118	-1420
14.6198370457	-1316
14.6209049225	-1420
14.6209230423	-1420
14.6209249496	-1264
14.622975111	543
14.6231861115	543
14.6237380505	-1420
14.6237440109	-1420
14.6237840652	-1264
14.6257710457	-1368
14.6260099411	-1420
14.6260149479	-1316
14.6266040802	-1368
14.62667799	543
14.6269791126	-1420
14.6269850731	-1316
14.6273059845	-1420
14.6273109913	-1420
14.6273319721	-1264
14.627835989	-1420
14.6278579235	-1316
14.6279211044	-1420
14.6279809475	-1316
14.6279830933	-1368
14.6280460358	-1368
14.62845397	-1420
14.6284809113	-1420
14.628483057	-1264
14.628631115	-1420
14.6286361217	-1420
14.6286730766	-1264
14.6287269592	-1420
14.628729105	-1316
14.6288349628	-1368
14.6288990974	543
14.6292459965	-1420
14.6292510033	-1420
14.6293051243	-1264
14.6293079853	-1368
14.62936306	-1368
14.6296980381	-1368
14.6298401356	-1420
14.6298429966	-1420
14.629887104	-1264
14.6307270527	-1420
14.6307621002	-1420
14.6307649612	-1264
14.6311519146	-1420
14.6311631203	-1316
14.6312379837	-1368
14.6319479942	-1368
14.6320641041	-1368
14.6325199604	-1368
14.6326599121	-1420
14.6326630116	-1420
14.6326959133	-1264
14.6331300735	-1420
14.633202076	-1316
14.633204937	-1368
14.6335639954	-1420
14.6335670948	-1420
14.6336040497	-1264
14.6337089539	-1420
14.6337120533	-1316
14.6341059208	543
14.6342599392	543
14.6345179081	-1368
14.6345219612	-1420
14.634540081	-1316
14.6346549988	-1368
14.634691	-1420
14.6346940994	-1420
14.6347270012	-1264
14.6351079941	-1420
14.6351299286	-1316
14.6352369785	-1368
14.6353061199	543
14.6355891228	-1420
14.6355950832	-1316
14.635972023	-1368
14.636482954	-1368
14.6366200447	-1420
14.6366250515	-1316
14.6373429298	-1420
14.6373491287	-1316
14.6694841385	-1079
14.6699039936	-1420
14.6699609756	-1420
14.6699640751	-1264
14.6699991226	-1368
14.670085907	-1420
14.670140028	-1316
14.6701431274	-1368
14.670263052	-1420
14.670265913	-1420
14.6703009605	-1264
14.6703031063	-1368
14.6703770161	-1368
14.6704549789	-1420
14.6704950333	-1316
14.6705510616	543
14.6712830067	-1368
14.6713619232	543
14.6719720364	-1368
14.6721789837	-1420
14.672219038	-1420
14.6722221375	-1420
14.6722550392	-1212
14.6722979546	-1368
14.6725029945	-1368
14.6725749969	-1420
14.6725919247	-1420
14.6725940704	-1420
14.6726119518	-1212
14.6726140976	-1420
14.672629118	-1420
14.6726310253	-1264
14.6726460457	-1368
14.672825098	-1420
14.6728711128	-1420
14.6728739738	-1264
14.6729059219	-1368
14.6733090878	-1420
14.673345089	-1316
14.6734099388	-1420
14.6734120846	-1316
14.6735069752	-1420
14.6735100746	-1316
14.6736190319	-1420
14.6736221313	-1316
14.6737260818	-1420
14.6737289429	-1316
14.6737639904	-1368
14.6738469601	-1420
14.6738491058	-1420
14.6738510132	-1264
14.6741499901	543
14.6742811203	-1420
14.674284935	-1420
14.6743030548	-1264
14.6743741035	543
14.6750969887	-1420
14.6751029491	-1316
14.675235033	-1368
14.6769099236	-1368
14.677063942	-1420
14.6770670414	-1316
14.6817090511	-1420
14.6817131042	-1420
14.68177104	-1264
14.6817729473	-1420
14.6818070412	-1316
14.6829020977	543
14.7061300278	-1420
14.7061429024	-1420
14.7062139511	-1264
14.7062160969	-1368
14.7062690258	-1368
14.7063760757	-1420
14.7064831257	-1420
14.706485033	-1264
14.7065200806	-1420
14.7065219879	-1316
14.7065629959	-1420
14.7065649033	-1316
14.7066349983	-1368
14.7066369057	-1420
14.7066719532	-1420
14.706674099	-1420
14.7067079544	-141
14.7067101002	-1420
14.706758976	-1316
14.7067611217	-1420
14.7067949772	-1316
14.7068691254	-1368
14.7070069313	-1420
14.7070100307	-1316
14.7088890076	-1368
14.7089760303	-1368
14.7100970745	-1368
14.7101519108	-1368
14.7102849483	543
14.7104299068	543
14.7107279301	-1420
14.7107319832	-1316
14.7108941078	-1368
14.7109789848	-1368
14.7116620541	-1420
14.7116670609	-1316
14.7117171288	-1420
14.7117199898	-1316
14.7124390602	-1420
14.712444067	-1316
14.7125339508	543
14.7129619122	-1420
14.7129669189	-1316
14.713654995	-1368
14.7137410641	-1368
14.7141001225	-1420
14.7141051292	-1420
14.7141430378	-1264
14.7142000198	-1368
14.7144060135	-1420
14.7144091129	-1316
14.7147791386	-1368
14.7165520191	-1420
14.7165880203	-1420
14.7165911198	-1264
14.7243599892	-1420
14.7243659496	-1316
14.7263000011	543
14.8324859142	-524
14.8419759274	543
15.096378088	-543
15.1039760113	-1368
15.1146540642	-1368
15.1147289276	-1368
15.1949961185	-543
15.214277029	-1181
15.3084990978	-1420
15.3085670471	-1420
15.3086130619	-1264
15.3325650692	-1152
15.5264680386	543
15.5271339417	543
15.529348135	543
15.5506179333	543
15.5833210945	543
15.5836119652	543
15.6721189022	-543
15.6914689541	-1368
15.7303500175	-1420
15.730410099	-1420
15.730453968	-1264
15.7655711174	543
15.7658259869	543
15.768640995	-1368
15.7687470913	543
15.7756240368	-1420
15.7756330967	-1316
15.7804729939	-1368
15.7875299454	-1420
15.7875850201	-1420
15.7875890732	-1264
15.791367054	-177
15.7955789566	543
15.7969200611	-1420
15.7969250679	-1316
15.7970089912	-1368
15.7992269993	543
15.8058481216	543
15.8060810566	543
15.8065240383	543
15.8067190647	543
15.8131511211	-1368
15.837321043	543
15.8475260735	543
15.8530321121	543
15.9104340076	-327
15.9388689995	-1368
16.0084350109	-1368
16.0160140991	1460
16.0160961151	111
16.0169439316	-1420
16.0169489384	-1316
16.024543047	-1368
16.0285139084	-530
16.0419960022	-1368
16.0609500408	-1368
16.0641469955	543
16.0648229122	543
16.0650100708	543
16.0713291168	-1368
16.1191120148	1057
16.1229929924	543
16.1410229206	-1368
16.1466050148	-501
16.1858429909	-1420
16.1858530045	-1420
16.1859130859	-1264
16.1867361069	-1420
16.1867740154	-1316
16.1868059635	-1368
16.187871933	-1420
16.1878750324	-1420
16.1879091263	-1264
16.1887829304	-1368
16.1888821125	-1420
16.1888849735	-1316
16.190112114	543
16.1904659271	-1368
16.196130991	-1420
16.1961770058	-1420
16.1961801052	-1264
16.1965970993	-1368
16.1971130371	-1368
16.1975460052	-1420
16.1975500584	-1316
16.1980400085	-1420
16.198043108	-1316
16.1980950832	-1368
16.1991410255	-1368
16.1994600296	-1420
16.199463129	-1316
16.1998980045	-1368
16.2003629208	-1420
16.200398922	-1316
16.2007899284	-1368
16.2021820545	543
16.2023010254	-1420
16.2023050785	-1420
16.2023620605	-1264
16.2023670673	-1420
16.2024049759	-1316
16.2031199932	-1368
16.2033679485	543
16.2047350407	-1420
16.2047400475	-1316
16.205491066	-1368
16.2064530849	-1420
16.2064831257	-1316
16.2072279453	-1368
16.2090680599	-1420
16.209072113	-1316
16.209939003	-1420
16.2099421024	-1420
16.2099781036	-1264
16.2101149559	543
16.2106919289	-1368
16.2108569145	1057
16.2110741138	-1420
16.2110791206	-1316
16.2117619514	-1368
16.212305069	-1368
16.2133960724	-1420
16.2133989334	-1316
16.214345932	-1420
16.2143490314	-1420
16.214384079	-1264
16.2145159245	-1368
16.215485096	-1420
16.2154870033	-1316
16.2156031132	-1368
16.2164640427	-1420
16.2164981365	-1420
16.2165009975	-1264
16.2172601223	-1368
16.217361927	-1420
16.2173969746	-1316
16.2180299759	543
16.2192709446	-1420
16.2192759514	-1420
16.2192959785	-1264
16.2251400948	-1420
16.2251849174	-1420
16.2251889706	-1264
16.2265980244	-1420
16.2266030312	-1420
16.2266409397	-1264
16.2267260551	543
16.2297239304	-1420
16.2297279835	-1420
16.2297720909	-1264
16.231637001	-1368
16.2318689823	-1420
16.2318730354	-1316
16.2332279682	-1368
16.2344479561	-1420
16.2344961166	-1316
16.234940052	-1420
16.23498106	-1420
16.2349829674	-1264
16.2359681129	543
16.2374370098	-1368
16.238173008	-1420
16.2382159233	-1316
16.2388529778	-1368
16.2402689457	-1368
16.2410030365	-1420
16.2410299778	-1316
16.2413339615	-1368
16.2427620888	-1420
16.2427659035	-1420
16.2428109646	-1264
16.2432279587	-1420
16.2432630062	-1316
16.2436981201	-1368
16.2448251247	-1368
16.2449350357	-1420
16.2449691296	-1316
16.2454829216	-1420
16.2455000877	-1420
16.2455019951	-1264
16.2461919785	543
16.2472090721	-1420
16.2472150326	-1316
16.2475409508	-1368
16.2493081093	-1420
16.249350071	-1420
16.249352932	-1264
16.2497050762	-543
16.2502980232	-1368
16.2506771088	-1368
16.2508149147	-1420
16.2508180141	-1316
16.2509579659	-1420
16.2509610653	-1316
16.2520420551	-1420
16.2520470619	-1316
16.2521409988	-1368
16.2532911301	-1420
16.2533109188	-1316
16.2535459995	-1368
16.2539029121	-1368
16.2540740967	-1368
16.2541279793	543
16.2543239594	543
16.2543771267	-1368
16.2545850277	-1368
16.254709959	-1420
16.2547149658	-1316
16.2555270195	-1368
16.2556009293	543
16.2556359768	-1420
16.2556390762	-1316
16.2567219734	-1368
16.2569990158	-1368
16.2579069138	-1368
16.2582800388	-1368
16.2597169876	-1420
16.2597210407	-1316
16.2599759102	-1420
16.2599790096	-1420
16.2599959373	-1264
16.2607970238	-1368
16.2611160278	-1420
16.2611179352	-1316
16.2617299557	-1368
16.2619600296	-1420
16.2619960308	-1316
16.2624890804	-1368
16.2625770569	543
16.2641620636	-1368
16.2642259598	-1368
16.2646579742	-970
16.2653610706	-1420
16.2653820515	-1316
16.2657721043	-1368
16.266297102	-1420
16.2663021088	-1316
16.2669599056	-1368
16.2670760155	-1420
16.2671129704	-1316
16.2677271366	-1420
16.2677459717	-1316
16.2678561211	-1368
16.2682209015	-1368
16.2682890892	-1420
16.2683241367	-1316
16.2691299915	-1420
16.2691650391	-1420
16.2691681385	-1264
16.2700951099	-1368
16.2701950073	543
16.2704160213	543
16.2706129551	-1368
16.3758659363	543
16.3829290867	-1171
16.3835809231	543
16.5009310246	-1086
16.591725111	-1420
16.5917401314	-1316
16.5917990208	-1368
16.6191260815	-95
16.6235690117	543
16.6240870953	1057
16.7710940838	-543
16.7887809277	-1368
16.7891061306	1057
16.7975070477	1057
16.8416259289	543
16.8456010818	543
16.8456721306	543
16.8457751274	543
16.8458280563	543
16.8892800808	-717
16.9592909813	-1420
16.9593091011	-1316
16.9697349072	-1368
17.0077459812	-1181
17.1503939629	-543
17.2655210495	-1420
17.2655360699	-1316
17.3269200325	-920
17.3291220665	543
17.3369460106	543
17.3427610397	-543
17.5655550957	-543
17.5662250519	1057
17.6632339954	1057
17.6670930386	-1368
17.7237961292	-775
17.7253201008	1057
17.7540640831	-1420
17.7540791035	-1420
17.7541339397	-1264
17.7544710636	-1420
17.7544949055	-1316
17.7554299831	-1368
17.7562270164	-1420
17.7562310696	-1316
17.757185936	-1368
17.7592189312	-1368
17.7593150139	-1368
17.7602910995	-1368
17.7625489235	-1420
17.7625529766	-1420
17.7625930309	-1264
17.7626321316	543
17.7640459538	-1420
17.7640519142	-1316
17.7641410828	543
17.767398119	-1420
17.7674040794	-1420
17.7674500942	-1264
17.7688279152	-1420
17.7688651085	-1316
17.7697429657	-1368
17.7704179287	-1368
17.7704789639	-1368
17.7712979317	-1368
17.7721529007	-1420
17.7721879482	-1316
17.7733011246	-1368
17.7770109177	-1420
17.7770180702	-1420
17.7770600319	-1264
17.7790939808	-1368
17.7791519165	-1420
17.7791550159	-1316
17.7811291218	-543
17.78323102	-1420
17.7832350731	-1420
17.7832729816	-1264
17.786162138	543
17.7867231369	-1368
17.7869019508	-1420
17.7869439125	-1316
17.7908570766	-1420
17.7909200191	-1420
17.7909240723	-1264
17.7924830914	-1420
17.7924890518	-1316
17.7936401367	-1368
17.7949221134	-1420
17.794946909	-1316
17.7958159447	-1368
17.7964589596	543
17.7968509197	-1368
17.7978849411	-1420
17.7979090214	-1316
17.798322916	-1420
17.798363924	-1420
17.7983670235	-1264
17.7984659672	543
17.798607111	-1420
17.7986121178	-1316
17.7997829914	-1420
17.7997889519	-1420
17.7998099327	-1264
17.8001999855	-1420
17.8002400398	-1316
17.8010361195	-1368
17.8019239902	-1368
17.8019969463	-1420
17.8020379543	-1316
17.8036150932	-1420
17.8036489487	-1420
17.8036520481	-1264
17.8073549271	-1420
17.8073689938	-1420
17.8074009418	-1264
17.8089780807	-1420
17.8090260029	-1420
17.8090291023	-1264
17.8106451035	543
17.8122489452	-1368
17.8124361038	-1420
17.8124821186	-1316
17.8146359921	-1420
17.8146629333	-1316
17.8426580429	-1239
17.8454389572	543
17.9672899246	-1086
17.9679949284	1057
17.9685599804	1057
17.9755060673	-543
18.0871241093	-543
18.0923979282	1460
18.092468977	111
18.1061139107	1057
18.2053320408	-1086
18.2546019554	-1420
18.2546191216	-1420
18.2546601295	-1264
18.3237659931	-609
18.3333380222	543
18.3440849781	543
18.3443450928	1057
18.4424951077	-1368
18.4515600204	-232
18.5701479912	-1086
18.6364679337	1057
18.6629071236	1460
18.6629970074	625
18.7316510677	-1086
18.8103690147	-1420
18.8103871346	-1420
18.8104450703	-1264
18.8115389347	-1368
18.8897030354	-327
18.8905739784	543
19.0174629688	-543
19.2523779869	-543
19.2528691292	543
19.398389101	-543
19.5567090511	-1057
19.7144699097	-1086
19.7835240364	1460
19.7836070061	625
19.811259985	-543
19.8486521244	1460
19.8487079144	111
19.9973599911	228
20.1497399807	-746
20.1503179073	126
20.321803093	-51
20.322065115	38
20.4720981121	-1420
20.4721150398	-72
20.4725449085	1057
20.623057127	-543
20.62342906	543
20.7921469212	-543
20.7925720215	543
20.969025135	-543
20.9696910381	1460
20.9697549343	1460
20.9697980881	193
21.3032770157	-543
21.3170950413	-1368
21.3171420097	-1420
21.3171479702	-1316
21.3350770473	-1420
21.3350930214	-1316
21.3464159966	543
21.3543860912	543
21.4836409092	-957
21.4928920269	543
21.4959211349	543
21.5046460629	-543
21.515638113	543
21.5882940292	-1420
21.5883119106	-1420
21.5883669853	-1264
21.5948760509	-1420
21.5949170589	-1420
21.59491992	-1264
21.7026040554	-543
21.7369260788	-1247
21.7546460629	543
21.7548940182	543
21.7552399635	543
21.7729589939	-1368
21.9729850292	-543
21.9769999981	-717
21.9782419205	543
22.0911290646	-543
22.125977993	-543
22.1263999939	543
22.1597490311	-1368
22.1656219959	-1420
22.1656680107	-1316
22.2832651138	-1368
22.3296499252	-1368
22.3306019306	-1368
22.330958128	-1368
22.3310549259	-1420
22.3310780525	-1316
22.3314330578	-1420
22.3314380646	-1316
22.3317010403	-1420
22.3317060471	-1316
22.3360390663	-1420
22.3360540867	-1316
22.3369851112	-1420
22.3369910717	-1420
22.3370120525	-1420
22.3370161057	-1212
22.3372991085	-1420
22.3373029232	-1420
22.3373401165	-1264
22.3375909328	-1420
22.33761096	-1316
22.3391880989	543
22.3481850624	-1420
22.3482019901	-1316
22.3482379913	-1368
22.3483600616	543
22.3487560749	-1368
22.3490381241	-1420
22.3490791321	-1316
22.3494589329	1057
22.3658931255	1057
22.4322290421	-1420
22.4322459698	-1316
22.4793961048	-1420
22.4794139862	-1420
22.4794549942	-1420
22.4794569016	-1212
22.4798779488	-1420
22.4798829556	-1316
22.4799659252	-1368
22.4799699783	-1420
22.4799900055	-1316
22.480353117	-1420
22.4803929329	-1420
22.4803960323	-1264
22.4805109501	543
22.5152919292	-729
22.576925993	-1368
22.5773999691	1057
22.5836451054	-1420
22.5836510658	-1420
22.5836749077	-1264
22.6309149265	-1420
22.6309280396	-1420
22.6309781075	-1264
22.6458849907	543
22.7323520184	-364
22.7352809906	543
22.7360310555	1460
22.7360780239	1460
22.7361130714	707
22.7670929432	1057
22.9950690269	-543
23.0690879822	-1368
23.0738670826	-1368
23.0963020325	-1368
23.1009509563	-1420
23.1009850502	-1316
23.1070449352	-1420
23.1070940495	-1420
23.1071140766	-1264
23.2556490898	-111
23.2576401234	543
23.2588019371	1460
23.2610280514	111
23.4377830029	-543
23.5872340202	-1368
23.7357330322	-203
23.7399659157	1057
23.7404949665	1057
23.9231851101	-543
23.973582983	543
24.0130779743	543
24.0721321106	-543
24.1079559326	-1420
24.1079950333	-1316
24.1080210209	-1368
24.1138651371	-1420
24.1138999462	-1316
24.1140160561	543
24.2624909878	-472
24.2956120968	543
24.3556809425	-543
24.4114470482	-543
24.4435360432	543
24.4618780613	543
24.5234560966	543
24.5236990452	543
24.5734369755	543
24.5736961365	543
24.6035070419	-543
24.8296630383	-543
25.0187211037	1057
25.0191400051	543
25.0193450451	543
25.034621954	-1057
25.0379419327	543
25.0381560326	543
25.0414459705	-1420
25.0414509773	-1420
25.0414910316	-1264
25.0556719303	543
25.194947958	-66
25.2731509209	-543
25.2742760181	-1420
25.2743330002	-1316
25.2743690014	-1420
25.2744030952	-1316
25.2744400501	-1420
25.2744750977	-1316
25.2763030529	-1420
25.2763400078	-1316
25.2830080986	543
25.2844049931	-1368
25.3912930489	-1420
25.391340971	-1316
25.3922441006	-1118
25.4466350079	543
25.4525330067	543
25.4529020786	543
25.453181982	543
25.4537909031	543
25.4540829659	543
25.4559249878	543
25.4562449455	543
25.4564750195	543
25.4864981174	1460
25.4865889549	111
25.6714470387	-543
25.6864991188	-1420
25.6865429878	-1316
25.6887409687	-1420
25.6887750626	-1316
25.7088150978	-543
25.7548151016	-1420
25.754887104	-1420
25.7549319267	-1264
25.7656490803	543
25.765914917	543
25.8269760609	-543
25.8274419308	543
25.8275001049	-1368
25.8285229206	543
25.8290441036	543
25.8292760849	543
25.8772330284	-1368
25.8833811283	1460
25.8834609985	111
25.9156830311	543
25.9643280506	-1420
25.9643449783	-1316
25.971091032	-1420
25.9711050987	-1316
25.9763309956	-543
25.9935090542	-981
26.0329539776	543
26.0531620979	543
26.0574729443	-1420
26.0575239658	-1420
26.0575671196	-1420
26.0576090813	-1212
26.0635330677	-1420
26.063585043	-1420
26.0636229515	-1264
26.1346750259	-1086
26.1449670792	-1368
26.1914291382	-1368
26.2528529167	-203
26.3399720192	-1368
26.4008309841	543
26.4461429119	543
26.4464440346	543
26.4547700882	-227
26.5996339321	-543
26.6201701164	-1086
26.6555259228	1460
26.655600071	625
26.6782519817	-1368
26.8455860615	543
26.8547370434	-543
26.882930994	-746
26.90853405	-543
26.927585125	-1420
26.9276530743	-1316
27.025646925	543
27.0259771347	543
27.0262639523	-543
27.0892119408	-377
27.096476078	543
27.1030421257	1460
27.103096962	625
27.1037650108	543
27.1039690971	543
27.2534251213	-543
27.3329610825	-1420
27.3330149651	-1316
27.3678691387	-1368
27.383286953	543
27.4659249783	-543
27.4831750393	1460
27.4832520485	625
27.4839749336	543
27.4842140675	543
27.4904849529	-1368
27.5150830746	-1420
27.5151450634	-1316
27.5153450966	543
27.5159709454	543
27.5161581039	543
27.6016530991	-1086
27.6774151325	-190
27.6775479317	543
27.6793301105	1057
27.7712979317	-1368
27.7792830467	-1057
27.7800860405	1057
27.7995259762	-232
27.8641309738	-1420
27.8641479015	-1420
27.8642020226	-1264
28.0286440849	-609
28.0346269608	543
28.19246912	-543
28.2994439602	-1057
28.4559309483	-543
28.7305469513	-543
28.7357270718	543
28.8455610275	543
28.8456599712	543
29.206938982	-543
29.7876479626	-543
29.8556051254	543
29.9546129704	-1057
29.9576859474	543
29.9582791328	543
30.1883471012	-1057
30.2030780315	543
30.2443220615	-1368
30.4464280605	-775
30.457504034	543
30.4581239223	543
30.5534729958	543
30.5537610054	543
30.6101839542	-1086
30.6181941032	44
