0	543
0.00010085105896	543
0.000154972076416	543
0.000275850296021	543
0.364302873611	-543
0.56018781662	-543
0.609974861145	-543
0.716246843338	-543
0.999980926514	543
1.99981093407	543
2.13790297508	-543
3.93822193146	543
3.96743702888	543
4.19561100006	-543
4.45365095139	-1420
4.45372390747	-1420
4.45376801491	-787
4.47195196152	-1420
4.47199892998	-1316
4.48814988136	-543
4.51076698303	1057
4.60228300095	-1368
4.60230183601	-1420
4.60233902931	-1420
4.60234189034	-1264
4.60236692429	-1368
4.60560297966	1057
4.61108088493	1057
4.62092590332	-1420
4.62093901634	-1420
4.62099385262	-1420
4.62099599838	-1212
4.62238693237	1057
4.62444901466	1057
4.63815188408	1057
4.75136494637	-1420
4.75138401985	-1420
4.75143885612	-1420
4.75144195557	-1420
4.75148582458	-1420
4.75148892403	-1108
4.75169801712	543
4.76032280922	-1420
4.76033186913	-1316
4.77009701729	-1420
4.77010703087	-1420
4.770154953	-1264
4.77015686035	-1420
4.77019190788	-1420
4.77019381523	-1264
4.77039790154	543
4.77339887619	-255
4.90072083473	-1420
4.90078401566	-1420
4.90084195137	-1420
4.90084481239	-1212
4.90088796616	-1420
4.9008898735	-1420
4.90092396736	-1420
4.90092587471	-1212
4.90097999573	-1420
4.90098285675	-1316
4.90324902534	543
4.90921092033	-1420
4.90921998024	-1420
4.90926885605	-1420
4.90927195549	-1212
4.91900897026	-1420
4.91902303696	-1420
4.91907501221	-1264
4.93750286102	543
4.94021391869	543
4.94243097305	543
4.95608687401	-1368
4.9620950222	543
4.96269893646	543
4.9631998539	543
4.96336603165	543
4.96371102333	543
4.96387791634	543
4.96908593178	-1420
4.96910095215	-1316
4.9794049263	543
4.97962403297	543
5.00028085709	-1420
5.00029301643	-1420
5.00034689903	-1264
5.00034999847	-1368
5.01783800125	543
5.03942084312	543
5.03968882561	543
5.08935594559	-519
5.11251497269	-543
5.11830687523	543
5.16715693474	-1368
5.17329883575	-1420
5.17334794998	-1316
5.17951989174	-1420
5.17956280708	-1316
5.198127985	-1420
5.19818091393	-1316
5.26502180099	-1420
5.26503992081	-1316
5.26649594307	543
5.3321428299	-1368
5.33787202835	1057
5.35381484032	-1368
5.48763298988	-1350
5.48809599876	1460
5.48814201355	111
5.49012899399	543
5.52323484421	-1420
5.52325391769	-1420
5.52331495285	-1420
5.52331781387	-1420
5.5233528614	-1160
5.52352786064	-1420
5.52356696129	-1420
5.52356982231	-1264
5.52363801003	543
5.52371501923	-1420
5.52371788025	-1316
5.52378797531	-1368
5.52398896217	-1420
5.5240278244	-1420
5.52403092384	-1264
5.52906084061	-1420
5.52906894684	-1420
5.52910900116	-1264
5.52944302559	-1420
5.52950191498	-1420
5.52950501442	-1264
5.52954101562	-1420
5.52954292297	-1420
5.52957582474	-1264
5.52964901924	543
5.5297768116	-1420
5.52978086472	-1316
5.52983403206	-1420
5.52983593941	-1420
5.5298769474	-1264
5.52988100052	-1368
5.53018093109	-1420
5.53018593788	-1316
5.53020787239	-1420
5.53033781052	-1316
5.530356884	-1420
5.53035902977	-1316
5.53045487404	-1420
5.53045797348	-1420
5.53049302101	-1420
5.53049492836	-1212
5.53061580658	-1420
5.53061890602	-1316
5.53068184853	543
5.53072094917	-1420
5.5307238102	-1316
5.53088998795	543
5.53092694283	-1368
5.53115081787	-1368
5.53117394447	-1368
5.53121781349	-1368
5.53527498245	-1420
5.53528285027	-1316
5.53534197807	-1420
5.5353448391	-1316
5.54487085342	-1420
5.54488587379	-1316
5.63674902916	-1420
5.63676691055	-1316
5.63695788383	543
5.67233395576	-1420
5.67234992981	-1420
5.67240595818	-1264
5.67253994942	-1420
5.67258000374	-1420
5.67258501053	-1420
5.67264389992	-1212
5.67264795303	-1420
5.67269802094	-1316
5.67270088196	-1420
5.67274880409	-1420
5.67275190353	-1264
5.67278695107	-1420
5.67279291153	-1316
5.67285490036	-1420
5.6728579998	-1316
5.67290282249	-1368
5.672976017	-1368
5.67310881615	-1420
5.67311286926	-1420
5.67314982414	-1264
5.67322182655	-1420
5.67326283455	-1420
5.67326593399	-1264
5.67330384254	-1368
5.67330694199	-1368
5.67354297638	543
5.67372584343	543
5.67794489861	-1420
5.67795181274	-1420
5.67799592018	-1420
5.67799901962	-1212
5.67803287506	-1368
5.67831587791	-1420
5.67835497856	-1420
5.67835783958	-1264
5.67840099335	-1420
5.67840385437	-1316
5.67844581604	-1368
5.67852401733	-1420
5.67854690552	-1316
5.67855095863	-1368
5.67873287201	-1420
5.67873597145	-1420
5.67877197266	-1264
5.67877483368	-1368
5.67883682251	-1420
5.67883992195	-1316
5.67903089523	-1420
5.67903399467	-1420
5.67905282974	-1264
5.67925286293	-1368
5.67937302589	-1420
5.67937588692	-1420
5.67941403389	-1264
5.67944192886	-1368
5.67947793007	-1420
5.67948102951	-1316
5.67959284782	-1420
5.67959594727	-1316
5.6797349453	-1368
5.67978096008	543
5.68075299263	-1420
5.68075799942	-1420
5.68080091476	-1420
5.68080401421	-1212
5.68096780777	543
5.68117284775	-1420
5.68117594719	-1420
5.68124985695	-1264
5.68125200272	-1420
5.68129086494	-1420
5.68129301071	-1264
5.68133187294	-1420
5.68133401871	-1316
5.68152785301	543
5.68337893486	-1368
5.68360495567	-1420
5.6836438179	-1420
5.68364691734	-1264
5.68371796608	-1420
5.68372297287	-1420
5.6837580204	-1264
5.68381786346	-1368
5.68412780762	-1420
5.68413090706	-1316
5.68419599533	-1420
5.68419885635	-1316
5.68457698822	-1420
5.68457984924	-1420
5.68461990356	-1264
5.68462181091	-1368
5.68472886086	-1420
5.6847319603	-1316
5.68516087532	-1368
5.68516397476	-1368
5.6853928566	-1368
5.68669199944	543
5.69351887703	-1420
5.69352889061	-1316
5.69367980957	-1420
5.69368290901	-1316
5.78545999527	-1420
5.78547787666	-1420
5.78553986549	-1420
5.78554296494	-1212
5.78577899933	543
5.82263588905	-1420
5.82265400887	-1420
5.82275795937	-1420
5.82276082039	-1420
5.82281184196	-1420
5.82281494141	-1420
5.82284903526	-1420
5.82285094261	-1004
5.8228828907	-1420
5.82288694382	-1420
5.82296681404	-1264
5.82296991348	-1420
5.82300591469	-1316
5.82300782204	-1368
5.82305288315	-1368
5.82305598259	-1420
5.82310080528	-1420
5.82310390472	-1264
5.82316589355	-1420
5.823168993	-1316
5.82324290276	-1368
5.82324695587	-1420
5.82328486443	-1420
5.82328796387	-1264
5.82332801819	-1420
5.82333087921	-1420
5.82336497307	-1420
5.82336783409	-1212
5.82340097427	-1368
5.82340288162	-1368
5.82350087166	-1420
5.8235039711	-1420
5.82354593277	-1264
5.82354784012	-1420
5.82354998589	-1420
5.82355093956	-1264
5.82363390923	-1420
5.82363581657	-1420
5.82363700867	-1264
5.82386302948	-1420
5.8238658905	-1420
5.82386803627	-1420
5.82386898994	-1420
5.82386994362	-1420
5.82387089729	-1420
5.82387185097	-1056
5.82413887978	-1420
5.82414293289	-1316
5.82428503036	543
5.82473492622	543
5.82538080215	543
5.82549285889	543
5.82597303391	1057
5.82686090469	-1420
5.82686591148	-1316
5.82698082924	-1420
5.82698583603	-1420
5.82704591751	-1264
5.82704901695	-1420
5.82708096504	-1316
5.827231884	-1420
5.82726883888	-1316
5.82727193832	-1420
5.82731294632	-1420
5.82731485367	-1264
5.82737088203	-1420
5.8273730278	-1420
5.82740783691	-1264
5.83071088791	543
5.868268013	1460
5.8683578968	1460
5.86839699745	1161
5.86844801903	1460
5.86853599548	1199
5.86908793449	1057
5.86953783035	1057
5.87004184723	1057
5.87039589882	1057
5.93055582047	-727
6.01551699638	-1368
6.01777982712	-203
6.04053997993	-1368
6.0407500267	-1420
6.04075288773	-1316
6.07196593285	-1420
6.07198095322	-1420
6.07203698158	-1420
6.07203984261	-1212
6.07208395004	-1420
6.07208800316	-1316
6.07223391533	-1420
6.07223796844	-1316
6.07290101051	-1420
6.07290482521	-1316
6.07296895981	-1420
6.07297301292	-1316
6.07323384285	-1368
6.07609581947	-1420
6.07613492012	-1420
6.07613801956	-1420
6.076171875	-1212
6.07638001442	-1420
6.0764169693	-1420
6.07642102242	-1264
6.07646203041	-1420
6.07646489143	-1420
6.07649803162	-1264
6.07833194733	543
6.078373909	-1420
6.07837700844	-1316
6.07843780518	-1368
6.07860803604	543
6.07874894142	-1420
6.07875299454	-1420
6.07879281044	-1264
6.07879686356	-1368
6.07908987999	-1420
6.07909488678	-1316
6.0793068409	-1420
6.07931089401	-1420
6.07934594154	-1264
6.07942080498	-1420
6.07945799828	-1420
6.0794608593	-1264
6.07985782623	-663
6.08025979996	-1368
6.08076786995	1057
6.08096385002	543
6.114579916	-1420
6.11459803581	-1420
6.11465382576	-1264
6.11477088928	-1420
6.11479496956	-1316
6.11497783661	-1368
6.11538982391	-1420
6.1153948307	-1420
6.11544489861	-1264
6.11544799805	-1420
6.11548280716	-1316
6.11556887627	-1368
6.11582994461	-1420
6.11583185196	-1316
6.11590480804	1057
6.11608600616	-1368
6.11657190323	1057
6.11949300766	-1420
6.1194999218	-1420
6.11954283714	-1420
6.11954498291	-1212
6.1198220253	-1420
6.11982584	-1420
6.11987280846	-1264
6.1198759079	-1420
6.11991095543	-1420
6.11991286278	-1264
6.11999702454	-1420
6.11999988556	-1316
6.12008500099	-1368
6.12014889717	-1420
6.12016797066	-1316
6.12027287483	-1420
6.12033081055	-1420
6.12033295631	-1264
6.12036585808	-1368
6.1204199791	-1420
6.12043786049	-1316
6.12054800987	-1420
6.12056684494	-1316
6.12275695801	-800
6.12302994728	543
6.12838983536	-1420
6.12839889526	-1420
6.1284430027	-1264
6.12922596931	1057
6.14084100723	-1420
6.1408560276	-1316
6.14112997055	-1368
6.14670395851	-1368
6.14931988716	543
6.15267682076	1057
6.16296696663	-1420
6.16298389435	-1420
6.16304302216	-1264
6.16651391983	543
6.18031001091	-1420
6.18032598495	-1420
6.180382967	-1264
6.18848085403	543
6.20873689651	543
6.25190401077	-1368
6.26567292213	-243
6.26667499542	543
6.29886102676	-1420
6.29887795448	-1316
6.33300590515	543
6.3375480175	-920
6.34092783928	1460
6.34099197388	111
6.3412539959	543
6.39842796326	-1420
6.39844584465	-1420
6.39850091934	-1264
6.40991187096	1460
6.40999293327	1460
6.41004681587	193
6.42636585236	543
6.42664980888	543
6.42686891556	543
6.42709302902	543
6.42729592323	543
6.42750883102	543
6.45257782936	-1368
6.45813393593	543
6.48715281487	-1420
6.48716688156	-1420
6.48721885681	-1264
6.48732185364	-1368
6.49372887611	-1420
6.49373984337	-1420
6.49377799034	-1264
6.55304193497	1460
6.55312991142	1460
6.55316591263	193
6.55730986595	1460
6.55738782883	1460
6.55746102333	193
6.55929493904	-1205
6.55944991112	1460
6.55949187279	1460
6.55952501297	193
6.5609858036	543
6.56123185158	1057
6.59388899803	1460
6.59396886826	111
6.59487581253	-1368
6.59722995758	543
6.61406183243	-1420
6.61406898499	-1316
6.61426281929	-1420
6.61428999901	-1420
6.61432886124	-1420
6.61433196068	-1420
6.61436486244	-1160
6.61436796188	-1368
6.61476683617	-1420
6.61477184296	-1316
6.61488580704	-1368
6.61534380913	-1420
6.61538696289	-1420
6.61539101601	-1264
6.61542892456	-1420
6.615473032	-1316
6.61551785469	-1368
6.61574888229	-1368
6.61587882042	-1420
6.61588382721	-1316
6.61600089073	-1420
6.61600494385	-1420
6.61604189873	-1264
6.6161108017	543
6.61699199677	-1420
6.61699795723	-1316
6.61707782745	-1420
6.6170809269	-1316
6.61739397049	-1420
6.61739993095	-1420
6.61746382713	-1264
6.61746692657	-1420
6.61750197411	-1316
6.61760997772	543
6.61844801903	-1368
6.61877393723	-1420
6.61880087852	-1316
6.61901283264	-1368
6.61918091774	-1420
6.61918497086	-1420
6.61922287941	-1264
6.61957383156	-1368
6.61972093582	-1420
6.61972498894	-1316
6.61985588074	-1420
6.61985993385	-1316
6.61988186836	-1420
6.6198849678	-1316
6.61996889114	543
6.62010002136	-1420
6.62010383606	-1316
6.6203289032	-1420
6.62033390999	-1316
6.62038803101	-1368
6.62074780464	-1368
6.62113380432	-1420
6.6211400032	-1420
6.62120699883	-1264
6.62123084068	-1420
6.62126684189	-1316
6.62126898766	-1368
6.62134289742	-1420
6.62134599686	-1316
6.62143301964	543
6.62147092819	-1368
6.62147283554	-1420
6.62147402763	-1316
6.62159800529	543
6.62199902534	-1420
6.62200403214	-1420
6.62204289436	-1420
6.6220459938	-1420
6.62208890915	-1420
6.6220908165	-1108
6.62345981598	-1420
6.62346601486	-1316
6.62363100052	-1368
6.62385296822	-1420
6.62389588356	-1420
6.62389802933	-1264
6.62394189835	-1420
6.62394499779	-1316
6.62406992912	-1368
6.62433290482	-1420
6.62438488007	-1420
6.62438702583	-1264
6.62479400635	-1368
6.6250629425	-1420
6.62510490417	-1420
6.62510800362	-1264
6.62522387505	543
6.62614798546	-1420
6.62615394592	-1420
6.62619400024	-1264
6.6267209053	-1420
6.62674593925	-1316
6.62717890739	-1368
6.6299200058	-1420
6.62992501259	-1316
6.63010382652	-1368
6.6303730011	-1420
6.63039803505	-1316
6.63046503067	-1368
6.63054990768	543
6.63097500801	-1420
6.6309800148	-1420
6.63104701042	-1264
6.63104987144	-1420
6.63108992577	-1420
6.63109183311	-1264
6.63144087791	-1420
6.6314458847	-1420
6.63148498535	-1264
6.63157486916	543
6.63168382645	-1368
6.6319630146	-1368
6.63229393959	-1368
6.63245081902	-1368
6.63266301155	-1368
6.6329498291	-1420
6.63299202919	-1420
6.63299489021	-1264
6.63308882713	-1420
6.63309288025	-1420
6.63312888145	-1264
6.64221000671	1460
6.64226293564	111
6.65097284317	-1420
6.65097880363	-1316
6.66934585571	-1368
6.66943883896	-1420
6.66947197914	-1316
6.67163300514	543
6.68733096123	543
6.6882109642	-1368
6.69748783112	543
6.69806003571	543
6.69825291634	543
6.70233297348	-824
6.70453190804	543
6.70473098755	543
6.74163579941	-1420
6.74165081978	-1420
6.74171280861	-1264
6.74171590805	-1420
6.74175786972	-1316
6.74233198166	-1368
6.74255394936	-1368
6.74282979965	-1420
6.74287199974	-1420
6.74287486076	-1420
6.74290895462	-1212
6.743090868	-1420
6.74313187599	-1420
6.74313402176	-1264
6.74323892593	543
6.74397993088	-1420
6.74398493767	-1420
6.74403381348	-1264
6.74536800385	-1368
6.74545192719	543
6.74591493607	-1368
6.74604392052	-1420
6.74608397484	-1420
6.74608683586	-1264
6.74612784386	-1368
6.74634099007	-1420
6.74638295174	-1420
6.74638485909	-1264
6.74650883675	-1420
6.74651288986	-1420
6.74654889107	-1264
6.74658489227	-1368
6.74685001373	-1420
6.74685502052	-1420
6.74689698219	-1264
6.74689984322	-1420
6.74693489075	-1316
6.74721193314	-1420
6.74725103378	-1420
6.74725294113	-1264
6.7481238842	-1368
6.74820685387	-1368
6.7482509613	543
6.74842095375	-1420
6.74842500687	-1316
6.74858593941	-1420
6.74858999252	-1420
6.7486269474	-1264
6.74862980843	-1368
6.75055003166	-1420
6.75055480003	-1316
6.75066900253	-1368
6.75100398064	-1420
6.75108981133	-1420
6.75109291077	-1264
6.75113892555	-1420
6.75114202499	-1420
6.75117492676	-1264
6.7511780262	-1420
6.75123500824	-1316
6.75123691559	-1420
6.75127196312	-1316
6.75135684013	543
6.75141882896	-1420
6.75142097473	-1420
6.75142192841	-1264
6.75154089928	-1420
6.75158381462	-1420
6.75158691406	-1264
6.75162100792	-1420
6.75162291527	-1316
6.7518529892	543
6.75540494919	-1420
6.75541090965	-1420
6.75545287132	-1264
6.76205801964	-1420
6.76210784912	-1420
6.76211190224	-1264
6.76251792908	-1420
6.76252293587	-1316
6.76274490356	-1368
6.76315689087	-1420
6.76318192482	-1316
6.7634909153	-1420
6.76351284981	-1316
6.76368689537	-1368
6.76393580437	-1420
6.76394200325	-1420
6.76398086548	-1264
6.76416993141	-1420
6.76419186592	-1316
6.7644109726	-1368
6.76450395584	1057
6.76471590996	-1420
6.76472091675	-1316
6.76490402222	-1368
6.76502585411	-1420
6.76508402824	-1420
6.76508688927	-1264
6.76512289047	-1368
6.76516699791	-1420
6.76518702507	-1316
6.76525402069	-1420
6.76527500153	-1316
6.76554083824	-1368
6.76568603516	-1420
6.76568984985	-1420
6.76572680473	-1264
6.76583385468	-1420
6.76585483551	-1316
6.76596593857	-1420
6.76598596573	-1316
6.76624584198	-1420
6.76626801491	-1316
6.76643300056	-1368
6.76739382744	-1420
6.76739883423	-1420
6.7674369812	-1264
6.76750588417	543
6.7743639946	-871
6.77449393272	543
6.77841901779	543
6.78005099297	-1420
6.78005695343	-1316
6.78049492836	-1420
6.78049898148	-1316
6.78081202507	-1420
6.78081583977	-1316
6.7811088562	543
6.78123998642	-1420
6.78124284744	-1316
6.7813680172	543
6.78267598152	-1368
6.78275489807	543
6.78574800491	-1420
6.78575396538	-1316
6.79498291016	-1420
6.79499101639	-1316
6.79512000084	543
6.79725599289	-1420
6.79726195335	-1420
6.79731583595	-1264
6.79731893539	-1420
6.79738283157	-1316
6.79738688469	-1368
6.79744696617	-1420
6.79744887352	-1316
6.79760885239	-1420
6.7976129055	-1420
6.79765987396	-1264
6.79766201973	-1368
6.79781889915	543
6.7978579998	-1368
6.79785990715	-1420
6.79786086082	-1316
6.79808497429	-1420
6.79810500145	-1316
6.79846000671	-1368
6.79887700081	-1420
6.7988820076	-1420
6.79891896248	-1264
6.79898285866	-1420
6.79902100563	-1420
6.79902386665	-1264
6.79912590981	543
6.80001187325	-1368
6.80018687248	-1420
6.80020880699	-1316
6.80031299591	-1420
6.80033397675	-1316
6.80042290688	-1368
6.80054402351	-1368
6.80071592331	-1420
6.80073595047	-1316
6.80129790306	-1420
6.80134391785	-1420
6.8013458252	-1264
6.80337381363	-1420
6.80337882042	-1316
6.80340194702	-1368
6.80346989632	543
6.80454587936	-1420
6.80455183983	-1420
6.80459189415	-1264
6.80651593208	-1368
6.80691099167	543
6.80695199966	-1368
6.82584190369	-1420
6.82587885857	-1316
6.82675600052	-1368
6.82696080208	-1420
6.82696580887	-1316
6.84202980995	-1420
6.84203696251	-1420
6.84208202362	-1264
6.84432983398	-1368
6.84529590607	-1368
6.84564185143	-1368
6.8494758606	543
6.84968280792	543
6.85364985466	-229
6.87375092506	-1368
6.87478899956	-1420
6.87479496002	-1420
6.87486290932	-1264
6.87486886978	-1420
6.87490797043	-1316
6.8750898838	-1420
6.87512993813	-1420
6.87513279915	-1264
6.8755300045	543
6.8796620369	-1420
6.87966680527	-1420
6.87970495224	-1264
6.88407588005	-1368
6.88439702988	543
6.89099287987	-1368
6.90133094788	-1271
6.9183318615	-1057
6.93625187874	-1368
6.9563229084	-232
7.05938386917	-1368
7.07426381111	-1368
7.08746695518	1460
7.08753299713	625
7.10002303123	-1420
7.10003685951	-1316
7.11778688431	543
7.12946486473	1057
7.16998291016	543
7.17253184319	-1368
7.17267990112	543
7.17273688316	-1368
7.18807482719	543
7.26481795311	-1247
7.31557583809	-1420
7.31559181213	-1420
7.31564593315	-1264
7.31564903259	-1420
7.3156850338	-1420
7.3156888485	-1264
7.31572985649	-1368
7.31573390961	-1420
7.31578302383	-1316
7.31578803062	-1368
7.31593084335	-1420
7.31593394279	-1316
7.31601691246	-1420
7.31602096558	-1316
7.316218853	-1420
7.31622195244	-1316
7.31676793098	1057
7.31897592545	-1420
7.31903290749	-1420
7.31907582283	-1264
7.31907892227	-1420
7.31912183762	-1420
7.31912493706	-1264
7.31916594505	-1368
7.31916880608	-1420
7.31920289993	-1316
7.31920480728	-1368
7.31939291954	543
7.31942987442	-1368
7.31957697868	-1420
7.31959795952	-1316
7.31970500946	-1420
7.31974101067	-1420
7.31974291801	-1264
7.32048988342	-1368
7.32049393654	-1420
7.32053899765	-1420
7.320540905	-1264
7.38881802559	-1368
7.38896989822	1057
7.42352390289	-1368
7.42395782471	1460
7.42402291298	111
7.43689894676	-1368
7.48949980736	-1368
7.5319519043	-1368
7.53281092644	-1420
7.53286194801	-1420
7.53286600113	-1264
7.53290081024	-1420
7.53290390968	-1420
7.53293681145	-1264
7.53340482712	-1420
7.53344893456	-1420
7.533452034	-1264
7.53377199173	-1420
7.53377485275	-1420
7.53384184837	-1264
7.53384494781	-1420
7.53388285637	-1420
7.53388595581	-1264
7.53827691078	-1368
7.53847503662	-1420
7.53849697113	-1316
7.53858780861	-1420
7.53859090805	-1420
7.53859090805	-1264
7.53867697716	543
7.53885197639	-1368
7.53894495964	-1420
7.53896594048	-1316
7.53909683228	-1420
7.53913497925	-1420
7.53913784027	-1264
7.53976082802	-1420
7.53976583481	-1420
7.53981184959	-1264
7.54001903534	-1368
7.54015994072	-1420
7.54016280174	-1420
7.54019880295	-1264
7.54027986526	1057
7.5406498909	-1420
7.54065489769	-1316
7.54078888893	-1420
7.54079198837	-1420
7.54082894325	-1264
7.54140496254	-1420
7.54144191742	-1420
7.54144382477	-1264
7.54179692268	-1368
7.54225683212	-1420
7.54229402542	-1420
7.54229593277	-1420
7.54232883453	-1420
7.5423309803	-1160
7.54239201546	-1420
7.54243183136	-1316
7.54246902466	-1368
7.54259490967	-1420
7.54263281822	-1420
7.54263496399	-1264
7.54276585579	-1420
7.54276990891	-1316
7.54286599159	-1420
7.54286980629	-1420
7.54290699959	-1264
7.54313087463	543
7.5433139801	-1420
7.54331994057	-1420
7.54337882996	-1264
7.54338288307	-1368
7.54342103004	-1368
7.54360389709	-1368
7.54379081726	-1420
7.54379701614	-1420
7.54383587837	-1420
7.54383897781	-1212
7.54391694069	-1420
7.54391884804	-1420
7.54395294189	-1264
7.54421591759	-1368
7.54433894157	-1420
7.54434490204	-1316
7.54484391212	-1420
7.54484701157	-1420
7.5449090004	-1420
7.54491186142	-1420
7.54494690895	-1420
7.5449488163	-1108
7.54498100281	-1420
7.54498291016	-1420
7.54501485825	-1264
7.55084180832	1057
7.55199098587	1057
7.562322855	-1368
7.5630979538	1057
7.57318401337	-600
7.64816999435	1057
7.68551301956	-543
7.75226402283	-1420
7.75228285789	-1420
7.75233983994	-1420
7.75234293938	-1420
7.7523868084	-1420
7.75238990784	-1108
7.75248003006	-1420
7.75248384476	-1316
7.75261187553	-1368
7.75261592865	-1420
7.75263285637	-1316
7.75273180008	-1420
7.75275087357	-1316
7.75282597542	-1420
7.75284695625	-1316
7.753002882	543
7.75343990326	543
7.75640201569	-1420
7.75641202927	-1316
7.75673890114	-1420
7.75674390793	-1420
7.7567858696	-1420
7.75678801537	-1212
7.7568500042	-1420
7.75685286522	-1316
7.75694489479	-1420
7.75694799423	-1316
7.75701284409	-1420
7.75701594353	-1316
7.75714302063	-1368
7.75720381737	543
7.75735187531	-1368
7.75747394562	-1420
7.75751590729	-1420
7.75754094124	-1420
7.75757598877	-1212
7.75757884979	-1368
7.75780391693	543
7.75792384148	-1368
7.75902891159	-1368
7.75925302505	-1420
7.75925803185	-1316
7.76448202133	1057
7.84963989258	-1368
7.87241387367	-1420
7.87247896194	-1420
7.87248492241	-1264
7.8904299736	1057
7.90909194946	-1368
7.90989780426	-1368
7.91004681587	-1368
7.91322898865	543
7.92033982277	543
7.92363095284	-1368
7.92373681068	-1368
7.92906999588	-1420
7.92907786369	-1316
7.93755698204	1057
7.95990991592	543
7.9981379509	543
7.99847698212	543
7.99876999855	543
7.99897789955	543
8.00466299057	-1420
8.00466895103	-1420
8.00470900536	-1264
8.00486397743	-1420
8.00488686562	-1316
8.00499892235	-1368
8.00505781174	543
8.00537490845	-1420
8.00537991524	-1316
8.00548195839	-1420
8.00548601151	-1316
8.00944685936	-1368
8.02646994591	543
8.06238985062	-263
8.06765389442	543
8.07953381538	-1420
8.07954096794	-1316
8.07957100868	-1368
8.11759090424	543
8.15018582344	-66
8.15032196045	543
8.17550182343	543
8.18301296234	-543
8.18479394913	543
8.24544000626	-1368
8.27441883087	-1420
8.27446889877	-1316
8.27508401871	-1368
8.27664089203	1460
8.27669000626	1460
8.27672386169	707
8.30305695534	-1368
8.30306792259	-1368
8.32151293755	543
8.32293701172	543
8.32313299179	543
8.36281895638	-1420
8.36283683777	-1420
8.36289095879	-1264
8.36298084259	-1420
8.36302089691	-1420
8.36302280426	-1264
8.36417293549	1460
8.36422300339	111
8.36815690994	-1368
8.37656497955	543
8.38294792175	-1420
8.38295292854	-1420
8.38299703598	-1264
8.39847588539	-1368
8.40172791481	543
8.41287088394	-1420
8.41287899017	-1420
8.41293597221	-1264
8.41306495667	543
8.41335701942	543
8.43829798698	-404
8.44976401329	543
8.52866983414	-543
8.53047800064	-1420
8.53052282333	-1316
8.53052783012	-1420
8.53055286407	-1316
8.5306198597	-1368
8.53077697754	-1368
8.53102183342	-1420
8.53104496002	-1316
8.53139591217	-1420
8.53141689301	-1316
8.5314719677	-1420
8.53149294853	-1316
8.53160691261	-1420
8.53162693977	-1316
8.53542089462	-1420
8.53546595573	-1420
8.53547000885	-1264
8.53550481796	-1420
8.5355079174	-1316
8.53570890427	-1420
8.53571200371	-1420
8.53574800491	-1264
8.53628492355	-1368
8.53641986847	-1420
8.53642392159	-1420
8.53645801544	-1264
8.53658795357	-1420
8.53660702705	-1316
8.53692603111	-1420
8.53697180748	-1420
8.53697490692	-1264
8.53700995445	-1420
8.53701281548	-1420
8.53704595566	-1264
8.53711891174	-1420
8.53715586662	-1316
8.53723692894	-1420
8.53728294373	-1420
8.53729486465	-1264
8.53773784637	-1368
8.53774189949	-1368
8.5379588604	-1420
8.53796195984	-1420
8.53799796104	-1264
8.53817892075	-1420
8.53819799423	-1316
8.53824186325	-1420
8.53826093674	-1420
8.53826284409	-1264
8.53850197792	-1420
8.53850603104	-1316
8.53872799873	-1368
8.54081487656	-1420
8.540817976	-1420
8.54081988335	-1264
8.54098200798	-1420
8.54098582268	-1316
8.5410900116	-1420
8.54109287262	-1316
8.54133582115	-1420
8.54133892059	-1316
8.54153990746	-1420
8.54154491425	-1316
8.54170680046	543
8.54183888435	543
8.54187393188	-1368
8.54211091995	543
8.54212594032	-1368
8.54241895676	-1420
8.54243898392	-1316
8.5427968502	543
8.54292082787	543
8.54345583916	-1420
8.54346084595	-1420
8.54347991943	-1264
8.54360985756	-1420
8.54364895821	-1420
8.54365181923	-1264
8.54395580292	-1420
8.54396080971	-1420
8.54399895668	-1264
8.54406690598	543
8.54437589645	-1420
8.54438090324	-1420
8.5444009304	-1420
8.54440283775	-1212
8.54448199272	-1420
8.54448580742	-1316
8.54450798035	-1368
8.54461693764	-1368
8.5447499752	-1420
8.54475498199	-1420
8.54479384422	-1264
8.54500293732	-1420
8.54502391815	-1316
8.54530382156	-1420
8.54534196854	-1420
8.54534482956	-1264
8.54561495781	-1420
8.54561901093	-1316
8.54584383965	-1368
8.5460088253	-1420
8.54602789879	-1316
8.54615497589	-1420
8.54619789124	-1420
8.546200037	-1264
8.54623389244	-1420
8.54623579979	-1316
8.54627084732	-1420
8.54631400108	-1316
8.54640889168	-1420
8.54641199112	-1316
8.54646897316	-1368
8.54659080505	-1420
8.54660892487	-1316
8.54670786858	-1368
8.54727602005	-1420
8.54727888107	-1420
8.54732394218	-1264
8.54860401154	-1420
8.54864096642	-1420
8.54864287376	-1264
8.54874491692	-1420
8.54874682426	-1420
8.54878401756	-1264
8.54878592491	-1368
8.54884386063	-1420
8.54884696007	-1316
8.54894781113	-1420
8.54895091057	-1316
8.54900383949	-1368
8.54915690422	-1420
8.54916000366	-1316
8.54923391342	-1368
8.54937982559	-1420
8.54938292503	-1316
8.54947686195	-1368
8.54961180687	-1420
8.54961490631	-1316
8.54967403412	-1368
8.55023193359	-1420
8.55023598671	-1316
8.55038380623	543
8.55041980743	-1368
8.55084991455	1086
8.55089092255	-1420
8.55089402199	-1420
8.5509288311	-1420
8.55093097687	-1212
8.55103588104	-1420
8.55103993416	-1316
8.55136585236	-1420
8.55136990547	-1420
8.55140590668	-1420
8.55140781403	-1212
8.55146598816	-1420
8.55146789551	-1316
8.55164194107	543
8.55170297623	-1368
8.55177998543	543
8.55203199387	543
8.55208396912	-1420
8.55208683014	-1420
8.55208802223	-1420
8.55208897591	-1212
8.55214691162	-1368
8.5524790287	-1368
8.55267286301	-1420
8.55267691612	-1420
8.552713871	-1264
8.55278992653	-1420
8.55281090736	-1316
8.55298495293	-1420
8.55300498009	-1316
8.55310201645	-1420
8.55312085152	-1316
8.55386281013	-1420
8.55388998985	-1316
8.55389285088	-1368
8.55398082733	-1420
8.55398392677	-1316
8.55411696434	-1368
8.55424785614	543
8.55437898636	543
8.55458593369	-1420
8.5545899868	-1316
8.55474996567	-1420
8.55475401878	-1420
8.55479288101	-1264
8.55479598045	-1368
8.55497193336	-1420
8.55497503281	-1316
8.55499601364	-1368
8.55511689186	-1420
8.55514001846	-1316
8.55514287949	-1368
8.55526781082	-1420
8.55527186394	-1316
8.55537891388	-1368
8.56437087059	-1368
8.59254384041	-1420
8.59255886078	-1420
8.59261083603	-1420
8.5926129818	-1212
8.59266281128	-1420
8.59266591072	-1420
8.59271001816	-1264
8.59277796745	-1368
8.59288692474	-1420
8.59289097786	-1420
8.5929248333	-1264
8.59318184853	-1420
8.59324789047	-1420
8.59325098991	-1264
8.59328985214	-1420
8.59329199791	-1420
8.59332489967	-1264
8.59487581253	-1368
8.59687280655	-1368
8.5969889164	-1420
8.59705495834	-1420
8.59705781937	-1264
8.5970928669	-1368
8.59723591805	-1368
8.59739995003	-1420
8.59740400314	-1420
8.59747600555	-1420
8.59748792648	-1212
8.59753584862	-1420
8.59753799438	-1316
8.59763097763	-1420
8.59763383865	-1316
8.59768080711	-1368
8.59801387787	-1420
8.59808588028	-1420
8.59808897972	-1264
8.5980899334	-1420
8.59809088707	-1420
8.59809184074	-1420
8.59809303284	-1212
8.5981938839	-1420
8.59819698334	-1316
8.59829282761	-1420
8.59829688072	-1316
8.59843993187	543
8.59872603416	543
8.59899091721	543
8.59923100471	543
8.60585188866	-1368
8.67046380043	-1420
8.67048192024	-1420
8.67053699493	-1420
8.67053985596	-1420
8.67058300972	-1160
8.67086982727	-1420
8.67091798782	-1420
8.67092180252	-1264
8.67096495628	-1368
8.671022892	-1420
8.67105984688	-1316
8.67113494873	-1420
8.67116498947	-1316
8.67143988609	-1420
8.67146086693	-1316
8.6715669632	543
8.67387294769	-1368
8.67394685745	543
8.67406797409	-1368
8.67424488068	-1420
8.67428588867	-1420
8.67428898811	-1264
8.67485284805	-1420
8.67485785484	-1420
8.67489790916	-1264
8.67507791519	-1420
8.67511796951	-1420
8.67512083054	-1264
8.67524695396	-1420
8.67525100708	-1420
8.67528700829	-1264
8.67575192451	-1420
8.67580294609	-1420
8.67580580711	-1420
8.67584085464	-1212
8.67584395409	-1420
8.67587590218	-1316
8.67596793175	-1420
8.67600703239	-1420
8.67600893974	-1264
8.67611289024	-1420
8.67611694336	-1420
8.67615294456	-1264
8.67643880844	-1420
8.67646098137	-1316
8.67652702332	-1420
8.67656493187	-1420
8.67656803131	-1264
8.67665696144	-1368
8.67676782608	-1420
8.67678999901	-1316
8.67686390877	-1368
8.67721486092	-1368
8.67809700966	-1420
8.67813682556	-1420
8.678139925	-1264
8.67839384079	543
8.67857193947	-1420
8.67857599258	-1420
8.67861294746	-1264
8.67869997025	-1420
8.67870187759	-1420
8.67870402336	-1264
8.67882084846	-1420
8.67882490158	-1316
8.67897295952	-1420
8.67897582054	-1316
8.67907381058	543
8.67911696434	-1420
8.67911887169	-1316
8.67922282219	-1368
8.67929697037	543
8.68255090714	-1368
8.68274784088	-1368
8.68858599663	-1420
8.68859291077	-1316
8.69044685364	543
8.70827484131	-1323
8.74036693573	543
8.7499628067	543
8.75615882874	-543
8.75873994827	-1420
8.75878000259	-1316
8.76034188271	-1368
8.76048803329	-1420
8.76049184799	-1316
8.76440095901	543
8.76458883286	543
8.83880186081	-957
8.90586280823	-543
8.9599609375	1460
8.96004390717	1460
8.9600880146	1161
8.96012783051	1460
8.96019983292	171
8.96049690247	543
8.96738600731	543
8.97749686241	543
8.97774600983	543
9.08662796021	-543
9.08781480789	-543
9.10381293297	-1368
9.11737298965	-717
9.15931487083	-1420
9.15933585167	-1316
9.15937495232	-1368
9.15949392319	-1420
9.15951681137	-1316
9.15962791443	-1420
9.15962982178	-1420
9.15963101387	-1264
9.1598110199	-1420
9.15984988213	-1420
9.15985298157	-1264
9.16524791718	-1420
9.16525292397	-1316
9.16527891159	-1420
9.16528201103	-1420
9.16530299187	-1264
9.16542196274	-1420
9.1654419899	-1316
9.16552686691	543
9.16563391685	-1420
9.16563796997	-1420
9.16572189331	-1264
9.1657269001	-1420
9.16576194763	-1420
9.16576385498	-1264
9.16581487656	-1368
9.16589999199	543
9.16638493538	-1420
9.16639089584	-1316
9.16660785675	-1368
9.16661286354	-1420
9.16663193703	-1316
9.1670088768	-1420
9.16705203056	-1420
9.16707992554	-1420
9.16711783409	-1212
9.16711997986	-1420
9.16716098785	-1316
9.17002797127	543
9.17077803612	-1420
9.17078399658	-1316
9.17084288597	-1368
9.17094087601	543
9.17105603218	-1368
9.17212581635	-1368
9.17233896255	-1368
9.17821002007	-1420
9.17825484276	-1420
9.1782579422	-1264
9.18487501144	-1368
9.2490298748	543
9.25850987434	-1420
9.25852584839	-1420
9.25858402252	-1264
9.29173398018	-1368
9.33769392967	1057
9.34271883965	-1368
9.34273481369	-1420
9.34278702736	-1420
9.34278893471	-1264
9.34285283089	-1368
9.34315085411	-1368
9.34505987167	543
9.34713983536	543
9.37745189667	-1368
9.40765690804	543
9.43422794342	-1420
9.43424487114	-1316
9.43619680405	543
9.53599596024	-1368
9.53617691994	543
9.57800793648	1057
9.62447881699	-1420
9.62449502945	-1420
9.62454199791	-1264
9.62494897842	543
9.72414493561	1057
9.73659801483	-1420
9.73661088943	-1420
9.73665380478	-1264
9.74896597862	-1420
9.74902200699	-1316
9.77234482765	-543
9.88701701164	-685
9.88753390312	543
9.93279600143	-1368
10.094853878	-1368
10.0955619812	1057
10.0963568687	1057
10.1145479679	1057
10.1196680069	-1368
10.1200618744	-1420
10.1201038361	-1316
10.1570718288	-1368
10.2619550228	-190
10.2638590336	543
10.2641339302	1460
10.264179945	111
10.378813982	-543
10.3795669079	543
10.3800868988	1057
10.5022978783	-1420
10.5023169518	-1420
10.5023739338	-1264
10.5914409161	-1152
10.5940518379	543
10.6153309345	-1420
10.6153459549	-1420
10.6154010296	-1264
10.6191289425	-1368
10.6250629425	-1368
10.6612858772	-1368
10.6761879921	-1420
10.6762049198	-1420
10.6762588024	-1264
10.6782398224	543
10.6784620285	1057
10.6902499199	543
10.7167840004	-1368
10.7190949917	543
10.7193360329	543
10.8089430332	-1368
10.8194098473	1460
10.8194999695	111
10.8200860023	543
10.820335865	543
10.8840088844	-148
10.9217119217	-543
10.9817118645	-543
10.9927449226	543
11.1370170116	-1368
11.1720860004	-1368
11.1722559929	543
11.1779828072	1057
11.2173678875	-1368
11.240350008	1057
11.2446329594	-1420
11.2446398735	-1420
11.2446908951	-1264
11.3436379433	-791
11.3571200371	543
11.4090628624	-1420
11.4090809822	-1420
11.4091238976	-1420
11.409126997	-1420
11.4091439247	-1160
11.4092018604	-1420
11.4092218876	-1316
11.4097158909	-1368
11.4127910137	-1420
11.4127979279	-1420
11.4128408432	-1264
11.4130859375	-1420
11.4131069183	-1316
11.4131729603	-1420
11.4132118225	-1420
11.4132139683	-1264
11.4132699966	-1368
11.413479805	-1420
11.4134988785	-1316
11.4152648449	-1420
11.4153029919	-1420
11.4153058529	-1264
11.4199519157	543
11.5792679787	-64
11.5892608166	-1420
11.5893359184	-1420
11.5893418789	-1264
11.5893878937	-1420
11.589389801	-1420
11.589430809	-1264
11.5895190239	-1420
11.5895478725	-1316
11.5902190208	-1420
11.5902609825	-1420
11.5902638435	-1420
11.5903058052	-1212
11.5907759666	-1420
11.5907959938	-1316
11.5908608437	-1420
11.5908989906	-1420
11.590900898	-1264
11.5909898281	-1420
11.5909929276	-1316
11.5912818909	-1420
11.5912849903	-1420
11.5913209915	-1264
11.591629982	-1420
11.5916688442	-1420
11.59167099	-1264
11.5927278996	-1420
11.5927319527	-1420
11.5927729607	-1264
11.593132019	-1420
11.5931708813	-1420
11.5931739807	-1420
11.5932350159	-1420
11.5932378769	-1420
11.5932729244	-1108
11.5932748318	-1420
11.593307972	-1420
11.5933098793	-1264
11.5940740108	543
11.5942778587	543
11.5945398808	543
11.5949428082	-1368
11.5950829983	-1420
11.5951240063	-1420
11.5951268673	-1264
11.5952618122	-1420
11.5952658653	-1316
11.5952968597	-1368
11.6066739559	1057
11.6260509491	1057
11.7005929947	1057
11.7182679176	1057
11.7550318241	-1272
11.8079628944	543
11.8660359383	-1086
11.8782520294	-1368
11.8782618046	-1368
11.9181058407	-1368
11.9181790352	-1420
11.9182319641	-1420
11.9182338715	-1264
11.96697402	-1368
11.9671390057	543
11.9833419323	-1420
11.9833509922	-1316
12.0185790062	-1368
12.0211758614	-1420
12.0212299824	-1420
12.0212328434	-1264
12.0550010204	-1368
12.1172327995	543
12.1293218136	543
12.1496038437	543
12.1500089169	543
12.1502478123	543
12.1505699158	1460
12.1506149769	111
12.1509099007	1460
12.150952816	111
12.1512198448	543
12.1514289379	543
12.1516568661	1460
12.1516988277	111
12.1524858475	543
12.1526899338	543
12.172878027	543
12.1739230156	543
12.1788508892	1057
12.2322349548	-1242
12.2596948147	543
12.2686560154	543
12.2694180012	543
12.2696578503	543
12.274230957	543
12.2744448185	543
12.3622848988	-1368
12.3622999191	-1420
12.3623378277	-1316
12.3625428677	-1420
12.3625648022	-1316
12.362612009	-1420
12.3626308441	-1316
12.3626959324	-1420
12.3627338409	-1316
12.3630418777	-1420
12.3630650043	-1316
12.3630669117	-1368
12.3632118702	-1420
12.363216877	-1420
12.3632538319	-1264
12.3638188839	-1420
12.3638598919	-1420
12.363863945	-1420
12.3639109135	-1212
12.3639128208	-1420
12.3639569283	-1316
12.3639588356	-1420
12.3640048504	-1316
12.3640789986	-1420
12.3641028404	-1316
12.3641068935	-1368
12.3658568859	-1420
12.3658628464	-1316
12.366134882	-1368
12.3667039871	-1420
12.3667700291	-1420
12.3667728901	-1264
12.3668079376	-1420
12.366809845	-1316
12.3668708801	-1420
12.3668730259	-1420
12.366907835	-1264
12.366973877	-1420
12.3669919968	-1316
12.3684959412	-1368
12.3687238693	-1420
12.3687279224	-1420
12.3688030243	-1264
12.3688058853	-1420
12.3688409328	-1420
12.3688440323	-1264
12.3688769341	-1368
12.3689568043	-1420
12.3689928055	-1420
12.3689959049	-1264
12.3690538406	-1420
12.3690569401	-1316
12.3692660332	-1420
12.3692688942	-1316
12.3693568707	543
12.369478941	-1368
12.36952281	543
12.369661808	-1420
12.3696658611	-1420
12.3697178364	-1420
12.3697218895	-1420
12.3697969913	-1160
12.3698019981	-1368
12.3698039055	-1420
12.3698048592	-1420
12.3698058128	-1264
12.3699069023	543
12.3701519966	-1420
12.3701558113	-1316
12.3701739311	-1420
12.3701770306	-1316
12.3702600002	-1420
12.3702638149	-1316
12.370513916	-1420
12.3705179691	-1316
12.3707158566	-1368
12.3709518909	-1420
12.3709909916	-1420
12.3709938526	-1420
12.3710258007	-1212
12.3710639477	543
12.3714518547	-1420
12.3714559078	-1316
12.3716349602	-1420
12.3716390133	-1316
12.3717758656	-1420
12.371778965	-1316
12.3718619347	-1420
12.3718650341	-1420
12.371901989	-1264
12.3719568253	543
12.372166872	543
12.3732469082	-1368
12.3733379841	-1368
12.3734009266	-1368
12.3738029003	-1368
12.3739109039	-1420
12.3739140034	-1316
12.3740768433	-1368
12.3741300106	-1368
12.3741989136	-1420
12.374202013	-1316
12.3742249012	-1368
12.3742978573	-1368
12.3745260239	-1368
12.3745679855	-1368
12.3747389317	543
12.374778986	-1368
12.3748288155	-1420
12.3748478889	-1420
12.3748500347	-1264
12.3749549389	-1420
12.3749577999	-1316
12.3749790192	-1368
12.3750579357	543
12.3751089573	-1420
12.3751108646	-1316
12.3753688335	-1368
12.3754839897	-1420
12.3755068779	-1316
12.3756070137	-1368
12.3761198521	-1420
12.3761239052	-1316
12.3761458397	-1420
12.3761498928	-1316
12.3762619495	-1368
12.3764789104	-1368
12.3765909672	-1420
12.3765950203	-1316
12.3768520355	-1368
12.3774659634	-1420
12.3775088787	-1420
12.3775110245	-1264
12.3776419163	-1420
12.3776459694	-1316
12.3869099617	-1420
12.3869149685	-1316
12.3873488903	-1420
12.3873519897	-1316
12.3873748779	-1368
12.3891699314	-1420
12.3891899586	-1316
12.3914020061	-1420
12.3914399147	-1420
12.3914430141	-1264
12.391685009	543
12.3918859959	-1420
12.3918898106	-1420
12.3919279575	-1264
12.4339799881	-756
12.4414358139	543
12.455701828	-1368
12.4678719044	543
12.4992208481	-1420
12.4992380142	-1420
12.4992938042	-1264
12.4993958473	-1420
12.4994168282	-1316
12.4996268749	543
12.5054759979	-1420
12.5054798126	-1420
12.5055279732	-1264
12.5063719749	-1420
12.5063979626	-1316
12.5124549866	-1420
12.5124800205	-1316
12.5375828743	-1068
12.5979709625	-1420
12.5979909897	-1316
12.5989768505	543
12.6642198563	-949
12.7606008053	543
12.7870018482	1460
12.7871010303	111
12.7893779278	1057
12.8290798664	-543
12.8373789787	-1420
12.8373978138	-1316
12.946821928	-891
13.0451128483	-1420
13.0451309681	-1316
13.045183897	-1420
13.0451869965	-1420
13.0452218056	-1264
13.0455670357	-1420
13.0455729961	-1316
13.0456259251	-1368
13.0460028648	543
13.0519018173	-1368
13.0521509647	-1368
13.0524709225	-1368
13.0530309677	-1420
13.0530560017	-1420
13.0530598164	-1264
13.0530819893	-1368
13.0534508228	-1368
13.0537159443	-1368
13.0537929535	543
13.0538909435	-1420
13.0538949966	-1316
13.0541498661	-1368
13.0543379784	-1420
13.0543608665	-1316
13.0544829369	-1420
13.0545208454	-1420
13.0545229912	-1264
13.0546238422	543
13.0549509525	-1420
13.0549559593	-1420
13.0550229549	-1420
13.055025816	-1420
13.0550708771	-1160
13.0550730228	-1420
13.0551068783	-1420
13.0551109314	-1264
13.0551428795	-1420
13.0551459789	-1316
13.0551848412	-1368
13.0552430153	-1368
13.0553479195	-1368
13.0555210114	543
13.0557508469	-1420
13.0557589531	-1316
13.0557780266	-1420
13.0557799339	-1316
13.055850029	-1420
13.05585289	-1316
13.055962801	-1420
13.0559668541	-1316
13.0560779572	-1368
13.05615592	-1420
13.0561759472	-1316
13.0563030243	-1420
13.0563409328	-1420
13.0563428402	-1264
13.0564248562	-1368
13.0566048622	-1420
13.056625843	-1316
13.0566968918	-1420
13.0567469597	-1316
13.0568599701	543
13.0569598675	-1420
13.0569698811	-1316
13.0571568012	-1368
13.0573489666	-1420
13.0573890209	-1420
13.0573909283	-1264
13.0574498177	-1420
13.0574529171	-1316
13.0579319	-1420
13.0579349995	-1316
13.0580089092	-1420
13.0580120087	-1316
13.0581018925	-1420
13.0581059456	-1316
13.0581269264	-1368
13.0585048199	-1420
13.0585429668	-1420
13.0585458279	-1420
13.0585818291	-1212
13.058606863	-1368
13.0586428642	-1368
13.0591249466	-1368
13.0593209267	-1420
13.0593268871	-1420
13.0593628883	-1264
13.0594439507	-1420
13.0594639778	-1420
13.0594658852	-1264
13.0594809055	-1368
13.0595548153	-1420
13.0595748425	-1316
13.0597088337	-1420
13.0597469807	-1420
13.0597498417	-1264
13.0597980022	-1368
13.0624938011	543
13.0627298355	543
13.0638558865	-1368
13.0639438629	-1368
13.0639698505	-1368
13.0640058517	543
13.0929059982	-1420
13.0929479599	-1420
13.0930018425	-1420
13.0930039883	-1420
13.0930559635	-1420
13.0930588245	-1420
13.0930938721	-1056
13.0930960178	-1368
13.0931289196	-1420
13.093132019	-1420
13.0931808949	-1264
13.0931839943	-1420
13.0932228565	-1420
13.093225956	-1264
13.0932588577	-1368
13.0934820175	543
13.0935459137	-1368
13.0961709023	-1368
13.096326828	-1368
13.097342968	-1368
13.0974609852	543
13.0975029469	-1420
13.0975058079	-1420
13.097507	-1264
13.0978178978	-1420
13.0978398323	-1316
13.0978429317	-1420
13.0978648663	-1316
13.097867012	-1368
13.0984838009	-1368
13.0987980366	-1420
13.0988368988	-1316
13.0988810062	-1368
13.0992088318	-1420
13.0992128849	-1420
13.0992758274	-1264
13.0992789268	-1420
13.0993139744	-1420
13.0993158817	-1264
13.0996370316	-1420
13.0996398926	-1420
13.0996758938	-1264
13.0997338295	-1420
13.0997638702	-1316
13.1000828743	-1368
13.1003928185	-1420
13.1003959179	-1420
13.1004319191	-1264
13.1008038521	-1368
13.1011400223	-1420
13.1011428833	-1316
13.101241827	-1420
13.1012449265	-1420
13.1012790203	-1264
13.101859808	-1420
13.1018779278	-1316
13.101929903	-1420
13.1019489765	-1316
13.1020448208	-1368
13.102440834	-1420
13.1024439335	-1420
13.102478981	-1264
13.1025328636	-1420
13.1025688648	-1420
13.1025719643	-1264
13.103582859	-1420
13.1035859585	-1420
13.1035909653	-1264
13.1038959026	-1420
13.1039009094	-1316
13.1039910316	-1368
13.104216814	-1420
13.1042208672	-1420
13.1042218208	-1264
13.1044478416	-1420
13.1044509411	-1316
13.1044898033	-1368
13.1051359177	-1420
13.1051399708	-1420
13.1051418781	-1264
13.1062560081	-1368
13.1065158844	-1368
13.1067149639	-1420
13.106719017	-1420
13.1067199707	-1264
13.1068718433	543
13.1069598198	-1420
13.1069638729	-1316
13.1071200371	543
13.1072099209	-1420
13.1072108746	-1316
13.1074979305	543
13.1077599525	543
13.1079440117	543
13.1081500053	-1368
13.1083209515	-1420
13.1083419323	-1316
13.1086218357	-1368
13.1088829041	-1420
13.1088860035	-1316
13.1090788841	-1420
13.1090829372	-1316
13.1092159748	-1420
13.1092200279	-1420
13.109254837	-1264
13.109318018	-1368
13.1099119186	543
13.1101608276	-1368
13.1102898121	-1368
13.110517025	-1420
13.1105229855	-1420
13.110560894	-1264
13.1107769012	-1420
13.1108000278	-1316
13.1110799313	-1420
13.1111228466	-1420
13.1111249924	-1264
13.112667799	-1420
13.1126718521	-1420
13.1127109528	-1264
13.113106966	-1368
13.1132898331	-1368
13.1134049892	-1368
13.1136689186	-1420
13.1136720181	-1420
13.1137068272	-1264
13.1138758659	-1420
13.1138958931	-1316
13.1140489578	-1420
13.114068985	-1316
13.1140708923	-1420
13.1140859127	-1316
13.1142528057	543
13.1142950058	-1420
13.1142969131	-1420
13.1142978668	-1264
13.1143329144	-1368
13.1144750118	-1420
13.1144778728	-1316
13.1145768166	543
13.1179158688	-1420
13.1179258823	-1316
13.2207930088	-1041
13.2259099483	543
13.2573769093	-1368
13.2726268768	-1231
13.3862719536	1460
13.3864018917	625
13.3869040012	1057
13.6074459553	-1368
13.607462883	-1420
13.6074979305	-839
13.6079609394	543
13.6093649864	-1420
13.6093709469	-1420
13.6094110012	-1264
13.6095759869	-1368
13.6096379757	-1420
13.6096408367	-1420
13.6096589565	-1264
13.6141200066	-1420
13.6141939163	-1420
13.6141989231	-1264
13.6142389774	-1368
13.6147258282	-1420
13.6147968769	-1420
13.6147999763	-1420
13.6148378849	-1212
13.6148400307	-1368
13.6153409481	-1420
13.6153450012	-1420
13.6153898239	-1264
13.6153919697	-1420
13.6154270172	-1316
13.6155090332	543
13.6156628132	543
13.7408800125	-404
13.8366680145	-1368
13.8367300034	-1368
13.8440790176	-1420
13.8441319466	-1316
13.9997169971	543
13.9998350143	543
14.001940012	-1297
14.0040719509	543
14.0074768066	543
14.2890589237	-543
14.3878118992	1057
14.4849848747	-1368
14.6491599083	-717
14.6678848267	1460
14.667965889	111
15.1043019295	-543
15.1120169163	1057
15.2217648029	-543
15.3812379837	-543
15.3845348358	1460
15.3845949173	625
15.3901050091	1057
15.6438219547	-543
15.6598598957	1460
15.6599369049	625
16.0002009869	543
16.0003049374	543
16.0003600121	543
16.0340678692	-543
16.1681029797	1057
16.3080849648	1057
16.3087630272	1057
16.3536019325	543
16.358355999	-543
16.3676400185	1460
16.3677098751	111
16.3765029907	-1368
16.3766770363	-1368
16.3826639652	-1368
16.3957350254	1057
16.4294769764	543
16.4363908768	-543
16.5015208721	-1368
16.5048189163	543
16.505330801	1057
16.5060060024	1057
16.5126600266	-1420
16.5126769543	-1316
16.5227828026	1057
16.5312228203	-1368
16.5644500256	-1420
16.5645158291	-1420
16.5645198822	-1264
16.564647913	-1420
16.5646510124	-1420
16.5646958351	-1264
16.5646989346	-1420
16.5647308826	-1316
16.5714218616	-1420
16.5714728832	-1420
16.5714759827	-1264
16.5715110302	-1420
16.5715129375	-1316
16.5716269016	-1420
16.5716300011	-1316
16.5716760159	-1368
16.5718610287	-1368
16.5719869137	-1420
16.5719900131	-1420
16.5720260143	-1264
16.5720279217	-1420
16.5720608234	-1316
16.572136879	-1420
16.5721728802	-1316
16.5723149776	543
16.5726180077	543
16.5738198757	543
16.6096429825	-1420
16.6096680164	-1316
16.6097128391	-1368
16.6100108624	-1420
16.6100518703	-1420
16.6100540161	-1420
16.6100699902	-1420
16.6100718975	-1160
16.6136639118	543
16.6155819893	-1420
16.6155979633	-1316
16.6156330109	-1368
16.6163389683	543
16.6552789211	-895
16.687117815	-1420
16.6872029305	-1420
16.6872069836	-1264
16.6872529984	-1420
16.6872549057	-1420
16.6872889996	-1264
16.6872918606	-1420
16.6873428822	-1316
16.6874639988	-1420
16.6875100136	-1316
16.6875128746	-1368
16.6877529621	-1420
16.687764883	-1316
16.6897759438	-1368
16.6930990219	-1420
16.6931579113	-1316
16.6980919838	-1368
16.6995079517	-1420
16.6995139122	-1316
16.7023048401	543
16.7279520035	-1420
16.7279758453	-1420
16.7280139923	-1264
16.7282810211	-1420
16.7283668518	-1316
16.7283778191	-1420
16.7284338474	-1420
16.7284369469	-1264
16.7284719944	-1368
16.7285690308	-1368
16.7289588451	-1420
16.7289619446	-1420
16.7290258408	-1420
16.7290289402	-1212
16.7290630341	-1420
16.7290649414	-1316
16.7291069031	-1368
16.7291610241	-1368
16.7294509411	-1420
16.7294538021	-1316
16.7295069695	-1368
16.733948946	-1420
16.7339758873	-1316
16.7376258373	543
16.7379219532	543
16.7402310371	543
16.7414159775	543
16.8359568119	-924
16.8364539146	543
16.8647558689	1057
16.8880479336	543
16.9205639362	543
16.9211909771	-1420
16.9211969376	-1420
16.9212479591	-1264
16.9213140011	-1368
16.9217309952	543
17.0037708282	-1368
17.0709969997	-1073
17.0927648544	-1420
17.0927829742	-1420
17.0928618908	-1420
17.0928750038	-1420
17.0929188728	-1420
17.0929219723	-1108
17.0929570198	-1420
17.0929589272	-1316
17.0962948799	-1420
17.096298933	-1420
17.0963368416	-1264
17.0965118408	543
17.1062719822	-1420
17.1062870026	-1316
17.1160669327	-1420
17.116091013	-1316
17.1161458492	-1368
17.1169610023	-1368
17.1170899868	543
17.143255949	-1368
17.1498229504	-1368
17.2524898052	-1200
17.2975318432	1460
17.2975869179	625
17.3021388054	543
17.3025579453	543
17.3033409119	543
17.3035418987	543
17.3041558266	543
17.3044478893	543
17.3047018051	543
17.3049249649	543
17.3969209194	1057
17.5179588795	-1420
17.5180268288	-1420
17.5180568695	-1420
17.5180928707	-1420
17.5181100368	-1420
17.5181360245	-1420
17.5181508064	-579
17.5181658268	-1368
17.523277998	-1420
17.5233240128	-1420
17.5233588219	-1264
17.5331389904	-1368
17.5334379673	-1420
17.5334689617	-1316
17.5341618061	-1420
17.5342128277	-1420
17.5342469215	-1420
17.534250021	-1420
17.5342829227	-1160
17.5353748798	-1420
17.5354130268	-1316
17.5403158665	-1368
17.6044518948	-1368
17.6784119606	-1368
17.6886780262	-1420
17.6887478828	-1420
17.688751936	-1264
17.7227678299	-1368
17.8074698448	-1420
17.8074889183	-1420
17.8075449467	-1420
17.8075478077	-1212
17.815584898	543
17.8424630165	1460
17.8425579071	625
17.8431258202	1057
17.8447568417	1057
17.9758470058	-573
17.9769968987	543
17.9795060158	-1420
17.9795179367	-1316
17.9795658588	-1420
17.9795689583	-1420
17.9796159267	-1264
17.9796178341	-1420
17.9796648026	-1316
17.9797677994	-1368
17.9799029827	-1420
17.9799058437	-1420
17.9799399376	-1264
17.9804849625	543
17.9859879017	-1420
17.9860010147	-1316
18.0057179928	-981
18.0193998814	1057
18.0558729172	-1420
18.0558948517	-1420
18.0559458733	-1264
18.0559489727	-1420
18.0559718609	-1420
18.0559740067	-1420
18.0560028553	-1212
18.0560879707	-1420
18.0561208725	-1316
18.0562548637	-1420
18.0562918186	-1420
18.0562949181	-1264
18.061745882	-1420
18.0617549419	-1420
18.0617809296	-1264
18.061784029	-1368
18.0619618893	-1420
18.0619649887	-1420
18.0619649887	-1264
18.0619659424	-1420
18.061978817	-1420
18.0619800091	-1264
18.0622467995	543
18.0623538494	-1368
18.0624759197	-1420
18.0625238419	-1316
18.0626139641	-1420
18.0626528263	-1420
18.0626549721	-1264
18.063051939	-1368
18.0630569458	-1420
18.0631229877	-1420
18.0631248951	-1264
18.0633029938	543
18.063380003	-1420
18.063382864	-1420
18.0634179115	-1264
18.0634989738	-1420
18.0635199547	-1420
18.063521862	-1264
18.0635368824	-1368
18.063657999	543
18.0636730194	-1368
18.0636758804	-1368
18.0639588833	-1420
18.0639648438	-1420
18.0639848709	-1264
18.0641198158	-1420
18.0641388893	-1316
18.064209938	-1368
18.0643229485	-1420
18.0643258095	-1420
18.0643618107	-1264
18.0692789555	-1420
18.0693519115	-1420
18.069355011	-1264
18.0694329739	-1420
18.0694348812	-1316
18.0694789886	-1368
18.069480896	-1420
18.0695140362	-1316
18.0695159435	-1368
18.0697739124	-1420
18.0697770119	-1316
18.0698068142	-1420
18.06980896	-1420
18.069824934	-1264
18.0705199242	-1420
18.0705599785	-1420
18.0705649853	-1420
18.0706019402	-1212
18.0706038475	-1368
18.0706779957	-1420
18.070679903	-1316
18.0707848072	-1420
18.070786953	-1420
18.0708229542	-1264
18.0709459782	543
18.0709838867	-1420
18.0709860325	-1316
18.0710389614	-1368
18.0711989403	543
18.0713338852	543
18.0714559555	-1420
18.0714578629	-1420
18.0714960098	-1264
18.0717899799	-1420
18.0718610287	-1316
18.071862936	-1420
18.0718979836	-1420
18.0718998909	-1264
18.0723938942	-1420
18.0723979473	-1420
18.0724518299	-1264
18.0724539757	-1420
18.0724878311	-1420
18.0724909306	-1420
18.0725598335	-1212
18.072562933	-1420
18.0726218224	-1420
18.0726249218	-1264
18.0726590157	-1420
18.072660923	-1420
18.0726938248	-1420
18.0726959705	-1212
18.0728290081	-1420
18.0728318691	-1420
18.0728669167	-1264
18.074285984	543
18.0766689777	-1420
18.0766730309	-1420
18.0766990185	-1264
18.0770659447	-1420
18.0770869255	-1316
18.0772058964	-1420
18.0772249699	-1316
18.0799098015	1057
18.1029570103	1057
18.1031069756	-1420
18.1031098366	-1420
18.1031110287	-1264
18.1174449921	-1368
18.1197788715	-1368
18.1386299133	-1420
18.138687849	-1316
18.1441299915	543
18.157148838	-1368
18.1629629135	-1420
18.1630108356	-1316
18.1677029133	543
18.2292618752	-779
18.304265976	-543
18.3703258038	-1420
18.3703448772	-1420
18.3703818321	-1264
18.3713099957	1460
18.3713588715	1139
18.3718829155	1057
18.4148340225	-1420
18.4148509502	-1420
18.4149048328	-1264
18.4162168503	543
18.4180588722	543
18.4195640087	-1368
18.4400458336	543
18.4639699459	-543
18.4755899906	1460
18.4756829739	625
18.5171508789	-1368
18.5183548927	543
18.5353569984	-53
18.5746109486	-1420
18.5746729374	-1420
18.5746769905	-1420
18.5747189522	-1420
18.5747208595	-1160
18.5747609138	-1420
18.5747628212	-1420
18.5747969151	-1264
18.5755808353	-1420
18.5756278038	-1420
18.5756309032	-1264
18.5762779713	-1420
18.5762808323	-1316
18.5764148235	-1420
18.576417923	-1316
18.5766630173	-1420
18.5766658783	-1316
18.5767450333	-1420
18.5767478943	-1420
18.5767729282	-1264
18.5800158978	543
18.5803048611	543
18.580881834	-1420
18.5808880329	-1316
18.5812408924	-1420
18.5812458992	-1316
18.5813469887	-1420
18.5813498497	-1420
18.5813839436	-1264
18.5815439224	-1368
18.5817019939	543
18.581938982	-1420
18.5819439888	-1420
18.581964016	-1264
18.5825078487	-1368
18.5826339722	-1420
18.5826380253	-1316
18.5832660198	-1420
18.5832710266	-1316
18.583439827	-1420
18.5834438801	-1316
18.5835769176	-1420
18.5835800171	-1420
18.583616972	-1264
18.5836188793	-1368
18.5836570263	-1368
18.5837249756	543
18.5894608498	-1368
18.6196899414	-1368
18.632160902	-1368
18.632381916	-1420
18.6324248314	-1316
18.6377949715	-1027
18.6868989468	-1368
18.690433979	543
18.6922779083	-1420
18.6922829151	-1316
18.6924648285	-1368
18.6924788952	-1420
18.6924989223	-1316
18.6925020218	-1368
18.6931948662	-1420
18.6932008266	-1316
18.6932938099	543
18.7161259651	-1368
18.7469320297	-1420
18.7469809055	-1316
18.7682869434	-1368
18.7684118748	-1368
18.7686188221	-1420
18.7686719894	-1420
18.7686748505	-1264
18.7688629627	-1420
18.7688679695	-1316
18.7690470219	-1368
18.7691049576	543
18.769192934	-1368
18.76927495	-1420
18.7693059444	-1420
18.7693078518	-1264
18.7696638107	-1420
18.7696678638	-1420
18.7697029114	-1264
18.8046178818	-1368
18.8463158607	-1368
18.8463330269	-1420
18.846380949	-1420
18.84638381	-1264
18.8474009037	-1420
18.8474068642	-1316
18.8480489254	-1420
18.8480548859	-1316
18.8481018543	-1420
18.8481049538	-1420
18.8481488228	-1264
18.8481519222	-1368
18.8482599258	-1420
18.848263979	-1420
18.8483018875	-1264
18.8483040333	-1368
18.8484368324	543
18.8497238159	-1420
18.8497438431	-1420
18.8497848511	-1264
18.8519358635	543
18.8534078598	-1420
18.8534138203	-1316
18.8546209335	1460
18.8546798229	111
18.8604958057	1057
18.8611738682	1057
18.9184529781	-1420
18.918473959	-1420
18.9185290337	-1264
18.9226799011	-1368
18.9227209091	-1368
18.9229459763	-1368
18.9230840206	-1420
18.9230868816	-1420
18.9231238365	-1420
18.923126936	-1212
18.9232728481	543
18.9242789745	-1420
18.9242839813	-1316
18.9243588448	-1368
18.9249880314	-1368
19.0194749832	-843
19.0907719135	1057
19.0999569893	1057
19.1038370132	1057
19.132172823	1057
19.1504528522	1057
19.1536548138	1057
19.1774439812	543
19.1787810326	-543
19.2614839077	-1086
19.2799298763	543
19.2913229465	1057
19.3007609844	1057
19.3023538589	1057
19.303814888	1057
19.3181610107	1057
19.349809885	-1420
19.349834919	-1316
19.4163239002	-1420
19.41634202	-1420
19.4163959026	-1264
19.417568922	543
19.4189310074	-1420
19.4189369678	-1420
19.41898489	-1264
19.4191479683	-1420
19.4191789627	-1316
19.419508934	-1420
19.4195468426	-1420
19.419549942	-1264
19.4197950363	-1420
19.419798851	-1420
19.419836998	-1264
19.4220538139	-1420
19.4221060276	-1420
19.422107935	-1264
19.422151804	-1368
19.4222598076	543
19.4224359989	-1420
19.4224398136	-1420
19.4224858284	-1264
19.4224889278	-1368
19.4227049351	-1420
19.4227068424	-1316
19.4227268696	-1420
19.4227290154	-1316
19.4258949757	-1420
19.4259009361	-1420
19.4259660244	-1264
19.4259688854	-1368
19.4261100292	543
19.4265608788	-1420
19.4265658855	-1316
19.4267299175	-1420
19.4267339706	-1420
19.4267718792	-1264
19.4268269539	-1420
19.4268460274	-1420
19.4268479347	-1264
19.4269659519	-1420
19.4269688129	-1316
19.4270048141	-1368
19.4305520058	-1420
19.4305949211	-1420
19.4305980206	-1264
19.4323959351	-1420
19.4324009418	-1420
19.4324409962	-1264
19.4325067997	543
19.4666359425	-1259
19.4668018818	543
19.4699440002	543
19.4787499905	543
19.4794178009	543
19.4796748161	543
19.4816288948	543
19.5301299095	-1420
19.5301468372	-1420
19.5302000046	-1264
19.5452158451	-1368
19.5452740192	-1420
19.5452778339	-1316
19.5569398403	-1368
19.5571138859	-1420
19.5571630001	-1420
19.5571658611	-1264
19.5669429302	-1368
19.5672419071	-1420
19.5672769547	-1316
19.5673248768	-1420
19.5673439503	-1316
19.5673890114	543
19.6077399254	1460
19.6078298092	111
19.6091918945	-1368
19.6097159386	-1420
19.6097638607	-1316
19.6152830124	-1420
19.6153078079	-1316
19.621201992	543
19.6374289989	-1420
19.6374359131	-1420
19.637488842	-1264
19.6449768543	-1420
19.6450099945	-1316
19.6614589691	543
19.6852648258	1057
19.7007529736	-1420
19.7007668018	-1420
19.7008218765	-1420
19.7008240223	-1212
19.7013709545	-1420
19.701376915	-1420
19.7014138699	-1264
19.7018139362	-1420
19.701843977	-1316
19.7069618702	543
19.7070598602	-1420
19.7070629597	-1316
19.7534480095	-1420
19.7534608841	-1420
19.7535028458	-1264
19.75629282	1057
19.7602360249	-1420
19.7602519989	-1316
19.7646729946	-1420
19.7646899223	-1316
19.7877669334	1460
19.7878549099	625
19.7992668152	543
19.8245089054	-700
19.8285288811	543
19.829310894	543
19.8295588493	543
19.9259200096	-1368
19.9641509056	-804
20.0074689388	543
20.0238208771	-543
20.0291249752	1057
20.0589869022	-1368
20.0634799004	-1420
20.0635139942	-1316
20.0718798637	-1420
20.0719268322	-1316
20.0775229931	543
20.0990958214	-1420
20.0991208553	-1316
20.1314969063	1460
20.13159585	625
20.1328318119	1057
20.1337609291	1460
20.1338160038	1460
20.1338708401	193
20.2297859192	-1368
20.2358398438	543
20.2971889973	-741
20.3076269627	543
20.3522520065	-1420
20.3522689342	-1420
20.3523259163	-1420
20.3523290157	-1212
20.3532569408	1057
20.3538370132	1057
20.3906970024	-1420
20.3907139301	-1316
20.4452168941	-1420
20.4452338219	-1316
20.4513399601	-1368
20.4517419338	-1420
20.4517869949	-1420
20.451789856	-1264
20.4520499706	-1420
20.4520540237	-1316
20.4530470371	-1420
20.4530518055	-1316
20.4592239857	-1420
20.4592299461	-1316
20.4605438709	543
20.4655578136	-1420
20.4655649662	-1316
20.466812849	1460
20.4668798447	625
20.4821820259	543
20.4831879139	1057
20.4982969761	1057
20.5085859299	-831
20.5112190247	543
20.5767519474	-1368
20.5772910118	-1420
20.5773499012	-1420
20.577354908	-1420
20.5773999691	-1212
20.5774028301	-1368
20.5838518143	-1420
20.5838599205	-1420
20.5839028358	-1264
20.5840218067	-1420
20.5840609074	-1420
20.5840640068	-1264
20.5842750072	-1368
20.6305408478	-952
20.6358909607	-1368
20.6360259056	543
20.6371469498	543
20.6373558044	543
20.637609005	543
20.6382219791	543
20.647578001	-232
20.6476678848	543
20.6751279831	-1420
20.675151825	-1316
20.6813709736	-1420
20.6813869476	-1420
20.6814398766	-1420
20.681442976	-1212
20.6816058159	543
20.7553899288	-1420
20.7554078102	-1316
20.7554650307	-1420
20.7554678917	-1420
20.7555098534	-1264
20.7640218735	-1368
20.7642970085	-1368
20.7643020153	-1368
20.7722909451	-1420
20.772300005	-1316
20.8017640114	-19
20.8201329708	543
20.8229928017	543
20.8276319504	543
20.8279669285	543
20.828250885	543
20.8284819126	1057
20.8366148472	-1420
20.836619854	-1420
20.8366689682	-1264
20.8366718292	-1368
20.8584890366	543
20.8588168621	543
20.8590838909	543
20.8593327999	543
20.889040947	543
20.8932340145	-1368
20.8934149742	-1420
20.89346385	-1420
20.8934659958	-1264
20.8996138573	-1368
20.9013578892	543
20.9769089222	-770
20.997220993	-1420
20.9972980022	-1316
20.9981570244	543
20.9984428883	543
21.0083749294	-891
21.0107569695	-1368
21.0430350304	-1368
21.0643420219	-1420
21.0644009113	-1316
21.1419279575	1057
21.1446168423	-1368
21.1631109715	-1420
21.1631288528	-1420
21.1631658077	-1264
21.1655700207	-1368
21.1656849384	-1368
21.1807789803	543
21.2033748627	-1420
21.2033920288	-1420
21.2034449577	-1264
21.2217469215	1057
21.278523922	1057
21.2935249805	-127
21.2996418476	543
21.3343248367	543
21.352314949	-1420
21.3523278236	-1420
21.3523859978	-1264
21.3576078415	543
21.3578188419	-1368
21.3579030037	543
21.4152069092	-1420
21.415225029	-1316
21.4156768322	-1368
21.4157719612	-1420
21.4158120155	-1420
21.4158239365	-1264
21.4158878326	-1420
21.4158909321	-1420
21.4159259796	-1264
21.4160869122	-1368
21.4164278507	-1420
21.4164319038	-1420
21.416467905	-1264
21.4165668488	-1420
21.4166109562	-1316
21.4166409969	-1368
21.4210808277	-1420
21.4210879803	-1420
21.4211249352	-1264
21.4224009514	543
21.4618368149	543
21.4675090313	543
21.4677348137	543
21.4679589272	543
21.4681248665	543
21.4686229229	1460
21.4686698914	1460
21.4687049389	707
21.4815678596	-1368
21.4817218781	-1420
21.4818029404	-1420
21.4818139076	-1264
21.4818558693	-1420
21.4818589687	-1316
21.4821619987	-1420
21.4821648598	-1316
21.4869399071	-1368
21.487210989	-1420
21.4872589111	-1316
21.4874508381	-1368
21.4947619438	-1420
21.4947769642	-1420
21.4948129654	-1420
21.4948148727	-1212
21.4953119755	-1368
21.4954009056	-1368
21.4955530167	-1368
21.495942831	-1420
21.4960069656	-1316
21.4960179329	-1368
21.4999330044	-1420
21.4999368191	-1420
21.499974966	-1264
21.5000789165	543
21.5002119541	543
21.5053248405	-1368
21.5055158138	-1420
21.5055589676	-1316
21.5062940121	-1420
21.5063428879	-1420
21.5063450336	-1264
21.6070098877	-1159
21.6490559578	1460
21.6491229534	1460
21.6491589546	1161
21.6492009163	1460
21.6492769718	1460
21.6493229866	1161
21.6493928432	663
21.6619138718	-1368
21.6620128155	-1368
21.6802158356	-1368
21.6852648258	-1368
21.690032959	1460
21.6900959015	1139
21.6916098595	-1368
21.7597749233	1057
21.7981369495	-1160
21.950925827	-1420
21.9509429932	-1420
21.9509990215	-1420
21.9510018826	-1420
21.9510369301	-683
21.9512088299	543
21.9513208866	-1420
21.9513230324	-1420
21.9513599873	-1264
21.9561388493	-1420
21.9561839104	-1420
21.9561870098	-1264
21.9648218155	-1368
21.9649698734	-1420
21.9650089741	-1316
21.9659860134	-1420
21.9660329819	-1420
21.9660348892	-1264
21.9674258232	-1420
21.9674298763	-1420
21.9674658775	-1264
21.9675979614	-1420
21.9676339626	-1316
21.9676828384	-1368
21.9706180096	-1420
21.9706230164	-1316
21.9708168507	543
21.9709689617	543
21.9747548103	-1420
21.9747588634	-1316
21.9749958515	-1420
21.974998951	-1316
21.9750728607	-1420
21.9750759602	-1316
21.975263834	-1368
21.9796729088	-1420
21.9797208309	-1316
22.009346962	-1420
22.0094099045	-1316
22.0094139576	-723
