0	-543
0.319411039352	-543
0.462307929993	543
0.462359905243	543
0.782245874405	-543
1.51940608025	1057
1.69616103172	-543
1.77804493904	-1368
1.77812099457	-1368
1.77820396423	-1368
1.78938603401	-1368
1.78983902931	-1368
1.78989005089	-1368
1.817923069	-190
1.82691907883	543
1.86506295204	1368
1.87174105644	1368
1.87596297264	1368
1.88235592842	1368
1.91543698311	1368
1.94835996628	45
2.00454306602	-543
2.02038407326	-1368
2.02918386459	-1368
2.02929091454	-1368
2.02938890457	-1368
2.03294706345	-1368
2.04798388481	-1368
2.0480890274	-1368
2.04815292358	-1368
2.0616569519	-1368
2.06183600426	-1368
2.06189799309	-1368
2.07462406158	-1368
2.07470488548	-1368
2.14182400703	-1368
2.14188289642	-1368
2.14198708534	-1368
2.14213991165	-1368
2.14224386215	543
2.15058207512	-1368
2.15069508553	-1368
2.15078902245	-1368
2.15089702606	-1368
2.15427207947	-1368
2.1543879509	-1368
2.15449285507	-1368
2.15455007553	-1368
2.16953206062	-1368
2.16963505745	-1368
2.16978192329	-1368
2.1698949337	-1368
2.18295192719	-1368
2.18306207657	-1368
2.18316602707	-1368
2.18335199356	-1368
2.18377900124	-1368
2.18392205238	-1368
2.18400597572	-1368
2.18412709236	-1368
2.19595599174	-1368
2.19605493546	-1368
2.1962249279	-1368
2.19631385803	-1368
2.26316785812	-1368
2.26330494881	-1368
2.26336288452	-1368
2.26354789734	-1368
2.26362204552	-1368
2.26373195648	-1368
2.26383399963	-1368
2.26390600204	-1368
2.27195096016	-1368
2.27197599411	1086
2.2720348835	-1368
2.2721850872	-1368
2.27225995064	-1368
2.27240800858	-1368
2.27250599861	-1368
2.272605896	-1368
2.27272701263	-1368
2.27569890022	-1368
2.27581000328	-1368
2.27597308159	-1368
2.27602887154	-1368
2.2761490345	-1368
2.27623701096	-1368
2.27638101578	-1368
2.27651405334	-1368
2.29088902473	-1368
2.29099297523	-1368
2.29111003876	-1368
2.29126191139	-1368
2.29132795334	-1368
2.2914659977	-1368
2.29155993462	-1368
2.29167795181	-1368
2.29181885719	1368
2.3043680191	-1368
2.30444693565	-1368
2.30455303192	-1368
2.30466604233	-1368
2.30480194092	-1368
2.30486106873	-1368
2.3050160408	-1368
2.30514907837	-1368
2.30524492264	-1368
2.30542707443	-1368
2.3055229187	-1368
2.30562806129	-1368
2.30575609207	-1368
2.30583286285	-973
2.30596089363	-1368
2.30606389046	-1368
2.31763601303	-1368
2.31773495674	-1368
2.31782793999	-1368
2.31798291206	-1368
2.31812286377	-1368
2.31817102432	-1368
2.31831789017	-1368
2.31846690178	-1368
2.38472104073	-1368
2.38484287262	-1368
2.38494586945	-1368
2.38504505157	-1368
2.38517689705	-1368
2.38529992104	-1368
2.385379076	-1368
2.38549494743	-1368
2.38563609123	-1368
2.38574886322	-1368
2.38584709167	-1368
2.38596701622	-1368
2.38618397713	-1368
2.38620305061	1368
2.38630604744	-1368
2.38644194603	-1368
2.38653802872	-1368
2.39363503456	-1368
2.39366006851	522
2.39373493195	-1368
2.3938639164	-1368
2.39391994476	-1368
2.39411091805	-1368
2.39416694641	-1368
2.3943400383	-1368
2.39443206787	-1368
2.39454293251	-1368
2.39464402199	-1368
2.39473485947	-1368
2.39491200447	-1368
2.39502501488	-1368
2.39510393143	-1368
2.39701890945	-1368
2.39708209038	-1368
2.39724707603	-1368
2.39732909203	-1368
2.3974070549	-1368
2.39745497704	1368
2.39758300781	-1368
2.39771008492	-1368
2.39788007736	-1368
2.39802503586	-1368
2.39814686775	-1368
2.39825606346	-1368
2.39835190773	-1368
2.39844703674	-1368
2.39857196808	-1368
2.39873790741	-1368
2.41230106354	-1368
2.41241693497	-1368
2.41247701645	-1368
2.41260099411	-1368
2.41272187233	-1368
2.41285896301	-1368
2.412981987	-1368
2.41307401657	-1368
2.41322302818	-1368
2.413367033	-1368
2.41343688965	-1368
2.41356301308	-1368
2.41405701637	-1368
2.41420197487	-1368
2.41468286514	-1368
2.4148349762	-1368
2.41492795944	-1368
2.41502094269	-1368
2.42571306229	-1368
2.42580986023	-1368
2.42591691017	-1368
2.42603588104	-1368
2.42620301247	-1368
2.42626690865	-1368
2.42642593384	-1368
2.42654490471	-1368
2.4266409874	-1368
2.42675495148	-1368
2.42685198784	-1368
2.42698287964	-1368
2.42708396912	-1368
2.42720508575	-1368
2.4273750782	-1368
2.42744708061	-1368
2.42796707153	-1368
2.42804598808	-1368
2.42822408676	-1368
2.42831707001	-1368
2.42840790749	-1368
2.42853593826	-1368
2.42863988876	-1368
2.42868995667	1368
2.42880296707	-1368
2.42885899544	-1368
2.42924189568	-1368
2.42939305305	-1368
2.42964291573	-1368
2.42982292175	-1368
2.43016004562	-1368
2.43025898933	-1368
2.43046808243	-1368
2.43060398102	-1368
2.43906188011	-1368
2.43911790848	-1368
2.43920898438	-1368
2.43937397003	-1368
2.43947291374	-1368
2.43962693214	-1368
2.43971300125	-1368
2.43982791901	-1368
2.43992590904	-1368
2.44002389908	-1368
2.44017696381	-1368
2.44018793106	1368
2.4402718544	-1368
2.44039297104	-1368
2.44049191475	-1368
2.44083499908	-1368
2.4409558773	-1368
2.46199607849	1368
2.50608801842	-1368
2.50618004799	-1368
2.50633788109	-1368
2.50640702248	-1368
2.50655794144	-1368
2.50668406487	-1368
2.506772995	-1368
2.50689888	-1368
2.50727295876	-1368
2.50737500191	-1368
2.50747203827	-1368
2.50761508942	-1368
2.50769805908	-1368
2.50783896446	-1368
2.50788402557	1368
2.50798392296	-1368
2.50804805756	-1368
2.50821495056	-1368
2.50832986832	-1368
2.50841593742	-1368
2.50855398178	-1368
2.50865101814	-1368
2.5087659359	-1368
2.50889587402	-1368
2.50902104378	-1368
2.50919008255	-1368
2.50928497314	-1368
2.50941896439	-1368
2.50956606865	-1368
2.51004195213	-1368
2.51018404961	-1368
2.51027607918	-1368
2.51038908958	-1368
2.51526999474	-1368
2.51529693604	704
2.51534700394	-1368
2.51550102234	-1368
2.51562595367	-1368
2.5157289505	-1368
2.515873909	-1368
2.51608991623	-1368
2.51618504524	-1368
2.51633501053	-1368
2.51641798019	-1368
2.51652693748	-1368
2.51665997505	-1368
2.51704287529	-1368
2.517111063	-1368
2.51748394966	-1368
2.51750993729	-48
2.52296805382	-1368
2.5230820179	-1368
2.52314996719	-1368
2.58010387421	-1368
2.58023095131	-1368
2.58031892776	-1368
2.58263492584	-1368
2.58273005486	-1368
2.5828909874	-1368
2.58377289772	-1368
2.58391594887	-1368
2.58401107788	-1368
2.58648896217	-1368
2.58659791946	-1368
2.58696889877	-1368
2.58755588531	-1368
2.58766889572	-1368
2.58781504631	-1368
2.59005689621	-1368
2.59016394615	-1368
2.5902929306	-1368
2.59122204781	-1368
2.59132194519	-1368
2.59147906303	-1368
2.59278297424	-1368
2.59299993515	-1368
2.59308695793	-1368
2.5930929184	1368
2.59507989883	-1368
2.59514904022	-1368
2.59530186653	-1368
2.59934902191	-1368
2.59943008423	-1368
2.599588871	-1368
2.60074400902	-1368
2.60090208054	-1368
2.60102105141	-1368
2.60297989845	-1368
2.60306501389	-1368
2.60320401192	-1368
2.60336995125	-1368
2.60349202156	-1368
2.60366797447	-1368
2.60665893555	-1368
2.60677289963	-1368
2.60687589645	-1368
2.60701203346	-1368
2.60819005966	-1368
2.60829806328	-1368
2.60943889618	-1368
2.60951805115	-1368
2.60964989662	-1368
2.610049963	-1368
2.61021995544	-1368
2.6103348732	-1368
2.6120929718	-1368
2.61217999458	-1368
2.61226892471	-1368
2.61240696907	-1368
2.61281394958	-1368
2.61292290688	-1368
2.61369991302	-1368
2.61378407478	-1368
2.61392307281	1368
2.61394500732	-1368
2.61402797699	-1368
2.61463809013	-1368
2.61482095718	-1368
2.61487007141	-1368
2.6168448925	-1368
2.61691594124	-1368
2.61706089973	-1368
2.61803793907	-1368
2.6181678772	-1368
2.61829090118	-1368
2.61850595474	-1368
2.61861991882	-1368
2.6188750267	-1368
2.61976099014	-1368
2.61980986595	-1368
2.62019085884	-1368
2.6207909584	-1368
2.62090706825	-1368
2.62104105949	-1368
2.6210398674	1368
2.62268304825	-1368
2.62326407433	-1368
2.62340903282	-1368
2.62497401237	-1368
2.62505102158	-1368
2.62515592575	-1368
2.62588500977	-1368
2.62597990036	-1368
2.62610006332	-1368
2.62738990784	-1368
2.62747097015	-1368
2.62761902809	-1368
2.63677287102	240
2.63864707947	-1368
2.63870787621	-1368
2.63886499405	-1368
2.6440050602	-230
2.69744801521	-1368
2.69746994972	-1368
2.71862006187	-1368
2.71870493889	-1368
2.7188410759	-1368
2.71959996223	-1368
2.71970105171	-1368
2.72062897682	-1368
2.72364187241	-1368
2.72375297546	-1368
2.72460603714	-1368
2.72575306892	-1368
2.72589206696	-1368
2.73077487946	-1368
2.73091101646	-1368
2.75136208534	-543
2.75903487206	-1368
2.75905895233	543
2.76519298553	-48
2.77787995338	-1368
2.89914894104	-1289
2.89926791191	543
2.90760993958	1368
3.02932596207	1289
3.29955101013	-543
3.31900286674	-1368
3.31915807724	-1368
3.3798558712	-1368
3.38005495071	-1368
3.3801920414	-1368
3.38036704063	-1368
3.3809158802	-1368
3.38968396187	-1368
3.40901589394	1057
3.44030094147	-1284
3.46200799942	543
3.53052306175	543
3.59852004051	-1368
3.59864497185	-1368
3.59885001183	-1368
3.59976387024	-1152
3.65174794197	543
3.74626398087	1368
3.77292299271	232
3.80356693268	-543
3.96427607536	-543
3.99686789513	-1368
3.99694895744	-1368
3.99702095985	-1368
4.02546095848	-1368
4.02557206154	-1368
4.02561807632	-1368
4.02634000778	-1368
4.02643203735	-1368
4.02726101875	-1368
4.02779507637	-1368
4.02792406082	-1368
4.02920889854	-1368
4.0351588726	543
4.0435230732	-1368
4.0436000824	-1368
4.0443789959	-1368
4.04676294327	-1368
4.0468890667	-1368
4.0470020771	-1368
4.04719400406	-1368
4.04815387726	-1368
4.04905796051	-1368
4.04922008514	-1368
4.04940199852	-1368
4.04949808121	-1368
4.04963707924	1368
4.04963994026	-1368
4.05586004257	-1368
4.05601906776	-1368
4.05611991882	-1368
4.05708003044	-1368
4.05725598335	-1368
4.05734491348	-1368
4.06528496742	-1368
4.06541800499	-1368
4.06549787521	-1368
4.07188391685	-1368
4.07200288773	-1368
4.07211399078	-1368
4.11795186996	-423
4.17105102539	775
4.2392308712	-1086
4.28588891029	-1368
4.32986998558	543
4.36071801186	-1347
4.45120787621	543
4.50122308731	-1368
4.50141692162	-1368
4.50147891045	-1368
4.50323200226	-1368
4.50339889526	-1368
4.50344705582	-1368
4.50372004509	1368
4.50372600555	1368
4.50385689735	1368
4.51027798653	-1368
4.5104238987	-1368
4.51051092148	-1368
4.51569890976	-1368
4.51574397087	-1368
4.52053999901	-1368
4.52065396309	-1368
4.52076101303	-1368
4.57261896133	-699
4.57265496254	66
4.63610506058	-1368
4.69413900375	-746
4.69416499138	1057
4.73822188377	-1368
4.7383248806	-1368
4.73844695091	-1368
4.74992704391	-1368
4.75009799004	-1368
4.75095701218	-1368
4.75144290924	-1368
4.7515900135	-1368
4.75254487991	-1368
4.75289607048	-1368
4.7530169487	-1368
4.75931596756	-1368
4.75939893723	-1368
4.75950503349	-1368
4.75967407227	-1368
4.75981497765	-1368
4.76045799255	-1368
4.76068401337	1368
4.76109290123	-1368
4.76124787331	-1368
4.76152396202	-1368
4.76611804962	-1368
4.76622700691	-1368
4.76715302467	-1368
4.77017903328	-1368
4.77021694183	-1368
4.77035808563	-1368
4.77136397362	-1368
4.77152109146	-1368
4.77235889435	-1368
4.77274107933	-1368
4.77285194397	-1368
4.772990942	-1368
4.77415990829	-1368
4.77428007126	-1368
4.77440285683	-1368
4.7745320797	-1368
4.77462387085	-1368
4.77472090721	-1368
4.77575206757	-1368
4.77591085434	-1368
4.77599906921	-1368
4.77689099312	-1368
4.77700996399	-1368
4.77707195282	-1368
4.77993392944	-1368
4.78004598618	-1368
4.78012299538	-1368
4.7821969986	-1368
4.78231906891	-1368
4.78240394592	-1368
4.78683495522	-1368
4.78816509247	-1368
4.78915190697	-1368
4.78926706314	-1368
4.79026603699	-1368
4.79044604301	-1368
4.79048299789	-1368
4.79078006744	1368
4.79300308228	-1368
4.7931189537	-1368
4.79320502281	-1368
4.79605793953	-1368
4.79621601105	-1368
4.79627299309	-1368
4.79664206505	-1368
4.79958105087	-1368
4.80087900162	-1368
4.80180287361	-1368
4.80183887482	-1368
4.80354499817	-1368
4.80364704132	-1368
4.80371689796	-1368
4.80461192131	-1368
4.80573105812	-1368
4.80581498146	-1368
4.80657291412	-1368
4.807117939	-1368
4.80719590187	-1368
4.80769491196	-1368
4.80841803551	-1368
4.80852198601	-1368
4.80856704712	-1368
4.80884885788	-1368
4.80899786949	-1368
4.80961894989	-1368
4.80982303619	1368
4.81057906151	-1368
4.81070899963	-1368
4.81134104729	-1368
4.81140589714	-1368
4.81152486801	-1368
4.81176304817	-1368
4.81218194962	-1368
4.81227087975	-1368
4.81236886978	-1368
4.81245589256	-1368
4.81261587143	-1368
4.81270885468	-1368
4.81279492378	-1368
4.81289291382	-1368
4.81308293343	-1368
4.81326198578	-1368
4.81344008446	-1368
4.81349301338	-1368
4.81407189369	-1368
4.81418895721	-1368
4.81434607506	-1368
4.81438994408	-1368
4.81451487541	-1368
4.81466507912	-1368
4.81477189064	-1368
4.81489992142	-1368
4.81503796577	-1368
4.81522607803	-1368
4.81533098221	-1368
4.81548500061	-1368
4.81563687325	-1368
4.8156440258	-141
4.81565594673	1326
4.8160738945	-1368
4.81612300873	-1368
4.81628608704	-1368
4.81638407707	-1368
4.81765198708	-1368
4.81782603264	-1368
4.81792902946	-1368
4.81854104996	-1368
4.81864094734	-1368
4.81879091263	-1368
4.81935095787	-1368
4.81950092316	-1368
4.81993889809	-1368
4.82003688812	-1368
4.8201379776	-1368
4.82027888298	-1368
4.82052397728	-1368
4.82079601288	-1368
4.82093000412	-1368
4.82122087479	-1368
4.82154107094	-1368
4.82167601585	-1368
4.82179307938	-1368
4.82187795639	-1368
4.8234128952	-1368
4.82351493835	-1368
4.82631897926	-1368
4.85964107513	-1368
4.85976004601	-1368
4.85982894897	-1368
4.85996699333	-1368
4.8712079525	-1368
4.87128996849	-1368
4.87140202522	-1368
4.87153697014	-1368
4.87178087234	1368
4.87215900421	-1368
4.87228107452	-1368
4.87240195274	-1368
4.87256002426	-1368
4.87283492088	-1368
4.87294697762	-1368
4.87307190895	-1368
4.87317585945	-1368
4.8741440773	-1368
4.87426400185	-1368
4.87434101105	-1368
4.87449407578	-1368
4.88078403473	-1368
4.88080787659	-1368
4.8809530735	-1368
4.88111305237	-1368
4.88119697571	-1368
4.88133597374	-1368
4.8814239502	-1368
4.88151502609	-1368
4.88168287277	-1368
4.88176608086	-1368
4.88186502457	-1368
4.88196897507	-1368
4.88295698166	-1368
4.8830769062	-1368
4.88318300247	-1368
4.88330197334	-1368
4.88345098495	-1368
4.88356208801	-1368
4.8873898983	-1368
4.88744997978	-1368
4.8876490593	-1368
4.8877530098	-1368
4.88838887215	-1368
4.88855004311	-1368
4.88860797882	-1368
4.88873100281	1368
4.88873887062	-1368
4.89152598381	-1368
4.89666986465	-1368
4.91709709167	-1368
4.91791605949	-1368
4.92390489578	-1368
4.92407298088	-1368
4.93108701706	-1368
4.93140602112	-1368
4.93153905869	-1368
4.9336130619	1368
4.93584489822	-1368
4.9359600544	-1368
4.93608808517	-1368
4.93728399277	-1284
4.9372959137	1326
4.94346189499	-1368
4.95225000381	-1368
4.95233607292	-1368
4.95240592957	-1368
4.95615196228	-1368
4.95622897148	-1368
4.95727491379	-1368
4.95747995377	-1368
4.95752000809	-1368
4.95986604691	-1368
4.95996689796	-1368
4.96010899544	-1368
4.96387887001	-1368
4.96399307251	-1368
4.96414089203	-1368
4.96710801125	-1368
4.96873402596	-1368
4.96891403198	-1368
4.96898293495	-1368
4.97076702118	-1368
4.97091388702	-1368
4.97283792496	-1368
4.97390007973	-1368
4.97400593758	-1368
4.97528100014	-1368
4.97608208656	-1368
4.97626209259	-1368
4.97692298889	-1368
4.97872686386	-1368
4.9788479805	-1368
4.97900986671	-1368
4.97970485687	-1368
4.97980093956	-1368
4.98120307922	-1368
4.98215198517	-1368
4.98224806786	-1368
4.98325395584	-1368
4.98487496376	-1368
4.98499107361	-1368
4.98608088493	-1368
4.98636293411	1368
4.98805689812	-1368
4.98947787285	-1368
4.98953795433	-1368
4.99160599709	-1368
4.99171495438	-1368
4.9918320179	-1368
4.99533486366	-1368
4.99545907974	-1368
4.99554896355	-1368
4.9998190403	-1368
4.99990487099	-1368
5.00002098083	-1368
5.00420498848	-1368
5.00426506996	-1368
5.00441598892	-1368
5.00805187225	-1368
5.00818395615	-1368
5.00832104683	-1368
5.01188087463	-1368
5.01203107834	-1368
5.01211500168	-1368
5.01404690742	-1368
5.01420807838	-1368
5.0179400444	-1368
5.02027201653	-1368
5.02278494835	-1368
5.02291893959	-1368
5.0246219635	-1368
5.02473902702	-1368
5.02485990524	-1368
5.02871894836	-1368
5.0287899971	-1368
5.02892899513	-1368
5.03132295609	-1368
5.03144693375	-1368
5.03152799606	-1368
5.03339004517	-1368
5.03703999519	-1368
5.03717303276	-1368
5.03719687462	-1368
5.03772997856	1368
5.03792786598	-1368
5.03810691833	-1368
5.03813195229	-1368
5.03968191147	-1368
5.03980588913	-1368
5.03993797302	-1368
5.04122495651	-1368
5.04136800766	-1368
5.04144597054	-1368
5.04471707344	-1368
5.0448448658	-1368
5.04494094849	-1368
5.04593586922	-1368
5.04601407051	-1368
5.04616189003	-1368
5.04867696762	-1368
5.04948186874	-1368
5.04959702492	-1368
5.0496969223	-1368
5.0503950119	-1368
5.05054306984	-1368
5.05125999451	-1368
5.0513279438	-1368
5.05148291588	-1368
5.05198192596	-1368
5.05211687088	-1368
5.05221700668	-1368
5.05378198624	-1368
5.05386805534	-1368
5.05402302742	-1368
5.05476403236	-1368
5.05487394333	-1368
5.05500197411	-1368
5.05523300171	1368
5.05575704575	-1368
5.05586504936	-1368
5.05768609047	-1368
5.05776190758	-1368
5.05788707733	-1368
5.05873894691	-1368
5.05886793137	-1368
5.05898785591	-1368
5.05899906158	-186
5.05900788307	783
5.05995202065	-1368
5.06008887291	-1368
5.06017708778	-1368
5.0613899231	-1368
5.06236886978	-1368
5.06246209145	-1368
5.06258201599	-1368
5.06340098381	-1368
5.06351590157	-1368
5.06363987923	-1368
5.06467986107	-1368
5.06486296654	-1368
5.06489801407	-1368
5.06654286385	-1368
5.0666270256	-1368
5.06678009033	-1368
5.07000398636	-1368
5.07141494751	-1368
5.07155394554	-1368
5.07288599014	-1368
5.07301998138	-1368
5.07313895226	-1368
5.07519197464	-1368
5.07532787323	-1368
5.0753929615	-1368
5.07732796669	-1368
5.07748508453	-1368
5.0775718689	-1368
5.07899808884	-1368
5.07991790771	-1368
5.08007597923	-1368
5.08020305634	-1368
5.08260297775	-1368
5.08277106285	-1368
5.08282589912	-1368
5.0829539299	1368
5.08381485939	-1368
5.08391094208	-1368
5.08401107788	-1368
5.08543992043	-1368
5.08552002907	-1368
5.08563303947	-1368
5.08633589745	-1368
5.0865240097	-1368
5.08657193184	-1368
5.08737301826	-1368
5.08747291565	-1368
5.08809900284	-1368
5.0889070034	-1368
5.08906888962	-1368
5.08961486816	-1368
5.09016299248	-1368
5.09208703041	-1368
5.09221291542	-1368
5.09275102615	-1368
5.09289693832	-1368
5.09303808212	-1368
5.10101699829	-1368
5.10109090805	-1368
5.10124206543	-1368
5.10504198074	-1368
5.10515809059	-1368
5.10522794724	-1368
5.1091170311	-1368
5.10924696922	-1368
5.10929894447	-1368
5.11423897743	-1368
5.11433506012	-1368
5.11448788643	-1368
5.1189968586	-1368
5.11910295486	-1368
5.11913585663	-1368
5.13385295868	-1368
5.18021297455	-42
5.18024492264	1347
5.26757001877	1368
5.30208206177	746
5.34565496445	-543
5.43257498741	-543
5.46181297302	543
5.46511101723	-1368
5.46517705917	-1368
5.46532797813	-1368
5.58638596535	-1152
5.59166288376	543
5.75162386894	-543
5.75166392326	543
5.9749379158	-543
5.98175096512	-543
6.13982605934	-543
6.14163303375	543
6.32906007767	-543
6.48783993721	-543
6.51644492149	543
6.67531704903	-543
6.69107794762	-1368
6.81216597557	-232
7.46214103699	543
10.4627969265	543
