0	543
1.26760292053	-543
1.46810984612	543
1.99241900444	-543
1.99949789047	543
1.99959993362	543
1.99968886375	543
1.99980998039	543
2.15328502655	-543
2.15351891518	543
2.17995500565	-543
2.78971600533	-543
2.80406785011	543
3.31497788429	-543
3.50789785385	-543
3.50812101364	543
3.54529690742	-543
4.16887283325	-1380
4.16889381409	-1420
4.16893482208	-827
4.31826996803	-1057
4.50736999512	-543
4.51031589508	543
4.53710889816	543
4.53968095779	543
5.0623319149	-543
5.06251597404	543
5.21186089516	-543
5.44286990166	-543
5.4431078434	543
5.5963640213	-1420
5.59638094902	-151
6.12396383286	-1420
6.12398481369	-151
6.12417984009	543
6.21269083023	-1380
6.24036693573	-1380
6.27367687225	-382
6.47902393341	-543
6.48113584518	543
7.13748288155	-543
7.137830019	543
7.97439098358	-1420
7.97441291809	-1420
7.97447085381	-787
7.99945282936	543
8.0557038784	-1420
8.05579280853	-1340
8.0558578968	-1380
8.09036588669	-1380
8.12349891663	-221
8.27283096313	-1420
8.27288985252	-1340
8.27411389351	-1420
8.27416181564	-1340
8.27420783043	-1420
8.27423501015	-1340
8.27426981926	-1380
8.27437996864	-1380
8.2859518528	543
8.30012893677	543
8.31332302094	543
8.31543493271	543
8.31719899178	543
8.3276078701	543
8.33186388016	-927
8.33940291405	543
8.34089589119	543
8.34351801872	543
8.34979891777	543
8.36277484894	543
8.37099289894	543
8.37262201309	543
8.38203787804	543
8.38366293907	543
8.38979697227	543
8.39048194885	-1380
8.39067387581	-1420
8.39070987701	-1340
8.40421080589	543
8.48866081238	-30
8.50329780579	543
8.6074090004	1057
8.60774898529	543
8.66996598244	543
8.67966580391	543
8.79733991623	-1057
8.79754185677	1057
8.82321190834	-543
8.91462898254	-1380
8.91487193108	543
8.91504502296	543
8.93382287025	-1380
8.93405795097	1460
8.93412280083	111
8.94692587852	-983
8.94711685181	543
8.94727993011	543
8.99959301949	543
9.10072398186	-1086
9.10096287727	543
9.10112094879	543
9.18163299561	-1380
9.18188691139	543
9.18205881119	543
9.24986886978	-249
9.25006389618	543
9.39944601059	-543
9.39963793755	543
9.4403989315	-1380
9.44064593315	543
9.44178390503	543
9.44537997246	-1420
9.44539380074	-1420
9.44543385506	-1300
9.44562292099	543
9.44678592682	-1380
9.44787788391	-1420
9.44790482521	-1340
9.44820690155	-1380
9.4516658783	543
9.45936584473	543
9.46096396446	543
9.54916286469	-500
9.55111694336	-1380
9.56512093544	-1420
9.56513690948	-1420
9.56517291069	-1300
9.56714892387	543
9.56775999069	1460
9.56781792641	1460
9.56786799431	193
9.70077085495	-1278
9.70303988457	543
9.70496892929	543
9.80113196373	-1420
9.80114889145	-1340
9.812458992	-1420
9.81247496605	-1420
9.81251096725	-1300
9.81296181679	-1420
9.81300997734	-1420
9.81301498413	-1300
9.81321883202	-1380
9.81447196007	-1380
9.81498098373	-1420
9.8149869442	-1340
9.81546592712	-1380
9.81604599953	543
9.82942581177	543
9.83299183846	543
9.8354640007	543
9.83765101433	543
9.83793783188	1460
9.83798289299	111
9.84068393707	1460
9.84225988388	111
9.85039687157	-311
9.91830801964	-1420
9.91832280159	-1340
9.9183588028	-1420
9.91836285591	-1420
9.91838693619	-1300
9.91844797134	-1380
9.92763280869	-1420
9.92764091492	-1340
9.92767596245	-1380
9.92786884308	-1380
9.92889595032	-1420
9.92892003059	-1420
9.92892289162	-1300
9.92893886566	-1380
9.93105387688	543
9.93934297562	543
9.94263601303	543
9.94935393333	543
9.95032000542	-1420
9.95032501221	-1420
9.95036792755	-1300
9.95037102699	-1380
9.95939898491	543
9.96133494377	-1420
9.96133995056	-1340
9.96139597893	543
9.96143293381	-1420
9.96144199371	-1340
9.9616549015	-1420
9.96165800095	-1340
9.96212387085	-1380
9.96219301224	-1420
9.96223497391	-1340
9.96395087242	543
9.97114801407	543
9.97316193581	543
9.9736199379	543
9.97417593002	543
9.97953891754	543
9.99931883812	543
9.99938988686	-784
10.0467679501	-1380
10.0567038059	543
10.0647728443	543
10.150261879	-1306
10.1556890011	-1420
10.1557450294	-1420
10.1557488441	-1300
10.1582648754	-1420
10.1582689285	-1340
10.1605448723	-1380
10.1618719101	543
10.2002699375	-1380
10.271821022	-1420
10.2718448639	-1340
10.2854750156	-1380
10.2894539833	543
10.3007910252	-911
10.3123679161	-1380
10.3177099228	-1420
10.3177168369	-1340
10.3177468777	-1380
10.3217689991	-1420
10.3217959404	-1340
10.3275568485	-1380
10.3320310116	-1380
10.3378548622	-1380
10.356482029	-1420
10.3564908504	-1340
10.4166989326	-1420
10.4167158604	-1340
10.4193768501	-1380
10.4226098061	-1380
10.4263999462	-1380
10.4333369732	-1420
10.4333808422	-1340
10.4343798161	-1380
10.4392409325	-1380
10.4444730282	-1380
10.4460778236	-1380
10.4519088268	-1118
10.45322299	-1380
10.4563360214	-1420
10.4563879967	-1420
10.4563908577	-1300
10.4594638348	543
10.4989650249	-543
10.5140748024	-1380
10.5348579884	-1420
10.5349090099	-1420
10.5349140167	-1420
10.5349338055	-1260
10.5349369049	-1380
10.536552906	-1380
10.5574219227	-1420
10.5574908257	-1340
10.5574958324	-1380
10.557528019	-1380
10.5577068329	543
10.6022429466	-237
10.6043148041	543
10.6503908634	-1380
10.6506259441	1057
10.7883758545	-543
10.7914078236	-734
10.7915890217	1057
10.9411330223	-543
10.9863939285	-1380
11.1300168037	-1248
11.1320109367	543
11.1403448582	543
11.2206878662	-1380
11.2791249752	-1219
11.2915380001	543
11.3075168133	-543
11.3415248394	-1420
11.3415369987	-1340
11.4284818172	-867
11.4745969772	1057
11.4755828381	543
11.4796228409	543
11.4800570011	543
11.5778779984	-1420
11.5778939724	-1340
11.5859060287	-1380
11.6176819801	-1145
11.6359050274	-1380
11.6359169483	-1380
11.6384208202	-1380
11.6393988132	-1380
11.6400690079	-1380
11.640668869	-1380
11.6415708065	-1380
11.642305851	-1420
11.6423368454	-1340
11.6924498081	-1380
11.6928408146	-1420
11.6928739548	-1340
11.6943249702	-1380
11.696808815	-1380
11.6975769997	-1380
11.7006909847	-1420
11.7006959915	-1340
11.7009768486	1057
11.7031350136	-1380
11.750936985	-1380
11.7515528202	-1380
11.7525708675	-1380
11.754873991	-1380
11.7563538551	-1380
11.7578318119	-1380
11.7584760189	-1380
11.7590630054	-1380
11.7666859627	-224
11.8195610046	-1380
11.9163229465	-1219
11.9994459152	543
11.9995529652	543
11.9997708797	543
12.0657129288	-543
12.0695979595	543
12.1435170174	-1420
12.1435329914	-1420
12.1435778141	-1300
12.2138879299	-1380
12.2151060104	-793
12.2157218456	543
12.3693299294	-543
12.3695399761	543
12.5185618401	-543
12.635463953	-1420
12.6354818344	-1340
12.6675179005	-353
12.7625908852	-1380
12.8686549664	-705
12.886494875	-1380
12.8890688419	-1380
12.8902189732	543
12.9529118538	-543
12.9994699955	543
13.0057477951	-1420
13.0057590008	-1340
13.0177109241	-221
13.0196809769	543
13.5237388611	-543
13.6119728088	1460
13.6120679379	1460
13.6121048927	1161
13.6121478081	1460
13.6122629642	1460
13.6123018265	1161
13.6123728752	1460
13.61241889	1460
13.6124629974	1161
13.6125319004	209
13.6797988415	-1420
13.6798598766	-151
13.9329679012	-543
13.9342617989	1460
13.9343159199	1139
13.9361770153	1460
13.9362258911	1460
13.9363160133	1161
13.9363849163	89
13.9368879795	1057
13.9629759789	543
13.9748518467	543
14.0339570045	543
14.0371088982	543
14.0423548222	543
14.0724668503	1057
14.0752279758	543
14.0766618252	1460
14.076723814	111
14.0827059746	-1057
14.089676857	1460
14.0897498131	111
14.1011638641	543
14.1046438217	543
14.1252009869	543
14.1401228905	543
14.1546788216	543
14.1569378376	543
14.1842110157	543
14.1971478462	543
14.2060608864	543
14.2184438705	543
14.2331278324	-1057
14.3992350101	-543
14.3997578621	-1380
14.4001529217	-1380
14.4003889561	-1380
14.400895834	-1380
14.4022469521	-1380
14.5162689686	-1420
14.51628685	-1340
14.5333619118	-1420
14.5333819389	-1340
14.5334179401	-1420
14.5334198475	-1340
14.5337269306	-1380
14.5339348316	543
14.5342698097	-1420
14.5342848301	-1340
14.5343339443	-1380
14.5345489979	543
14.5347709656	-1380
14.5351369381	1460
14.5362329483	-1380
14.5362818241	1460
14.5363469124	707
14.5370078087	1460
14.5370938778	1460
14.5371568203	1161
14.5372538567	1460
14.537309885	1460
14.5373690128	767
14.5488488674	-706
14.5572338104	-1380
14.5582029819	543
14.560240984	-1380
14.5951797962	-1380
14.5952630043	-1420
14.5952768326	-1340
14.5954988003	543
14.6329169273	-1420
14.6329369545	-1340
14.6724348068	-1420
14.672454834	-1340
14.6747398376	-1420
14.6747479439	-1340
14.6749010086	-1380
14.6788849831	-1380
14.6843810081	-1420
14.6843898296	-1340
14.6855759621	-1380
14.6878848076	-1380
14.6886568069	-1420
14.6886649132	-1340
14.6893248558	-1380
14.6894118786	543
14.7061998844	-251
14.7493159771	-1380
14.8551268578	-191
14.987487793	-1420
14.9875159264	-1420
14.987610817	-1300
14.9980809689	-1380
14.9997429848	-1420
14.9997498989	-1340
15.0010488033	543
15.0013139248	1460
15.0014369488	-1420
15.0014398098	-1340
15.0014638901	1460
15.001532793	1161
15.0015799999	-1380
15.0016829967	603
15.0036199093	-1380
15.0042338371	-824
15.0045788288	-1420
15.0045838356	-1340
15.0046927929	-1380
15.0048999786	-1380
15.0056200027	-1380
15.0057928562	-1380
15.0093548298	543
15.0220608711	543
15.0233669281	-1380
15.0244748592	543
15.0268847942	543
15.0275528431	543
15.0338709354	543
15.0341129303	1460
15.034170866	111
15.0345909595	543
15.0667598248	-1420
15.0667819977	-1340
15.0669867992	543
15.0819399357	-1420
15.0819590092	-1340
15.0882768631	543
15.0885639191	-1380
15.0887877941	543
15.0889108181	-1380
15.0894138813	-1380
15.0898180008	-1380
15.0947139263	543
15.0963799953	543
15.1153748035	-1420
15.1153960228	-1420
15.1154849529	-1300
15.1155238152	-1380
15.1155920029	-1420
15.1155979633	-1340
15.1182448864	543
15.1186888218	1460
15.1187548637	1460
15.1188158989	193
15.1510448456	-1420
15.1510679722	-1340
15.1511878967	-1380
15.1513428688	-1420
15.151419878	-1340
15.1534438133	-1380
15.1534719467	-386
15.1593968868	543
15.1676390171	543
15.1681199074	1460
15.1681778431	1460
15.1682519913	193
15.1693868637	543
15.1910738945	-1380
15.1918628216	-1420
15.1919028759	-1340
15.1920049191	-1380
15.1953508854	-1380
15.1974239349	-1380
15.1974568367	-1380
15.1981749535	-1420
15.1982338428	-1340
15.1997969151	-1380
15.200152874	-1420
15.2001578808	-1340
15.2002928257	-1380
15.2008368969	-1420
15.2008938789	-1340
15.2008979321	-1380
15.2032318115	543
15.212018013	543
15.2208678722	543
15.2211828232	1460
15.2212438583	625
15.2242548466	543
15.2316908836	543
15.231967926	1460
15.232036829	625
15.2326278687	1460
15.2393269539	1460
15.2393829823	193
15.2401199341	1460
15.2401778698	1460
15.2402358055	193
15.2416038513	1460
15.2416758537	1460
15.2418029308	193
15.2647898197	-1380
15.2698688507	-1420
15.2699379921	-1340
15.2706458569	-1380
15.2792220116	543
15.2837188244	543
15.2840030193	1460
15.2840788364	1460
15.2841629982	193
15.3027639389	-591
15.3044779301	-1420
15.3045659065	-1340
15.3229618073	543
15.3233098984	543
15.3398449421	-1380
15.3462259769	-1420
15.3462879658	-1340
15.3464899063	-1420
15.3465218544	-1420
15.3465249538	-1300
15.3466999531	-1380
15.363699913	-1380
15.3694148064	543
15.3730289936	543
15.3824739456	543
15.3834018707	543
15.3844418526	543
15.3850419521	543
15.3871178627	-1380
15.4515299797	-957
15.4679088593	-1380
15.4679818153	-1380
15.4681479931	-1380
15.470446825	543
15.4724678993	543
15.4732990265	-1380
15.5073039532	-1420
15.5073869228	-1340
15.5373308659	-1380
15.5379118919	-1420
15.5379188061	-1340
15.5387439728	-1420
15.5387508869	-1340
15.5398118496	-1380
15.5404119492	-1380
15.5404579639	-1380
15.5405209064	-1380
15.5409398079	-1380
15.5414078236	-1380
15.542361021	-1380
15.5426208973	-1420
15.5426599979	-1420
15.5426638126	-1300
15.5430428982	-1380
15.5432798862	-1380
15.543407917	543
15.5559508801	-1420
15.5559778214	-1340
15.5892369747	-1420
15.5892519951	-1340
15.589468956	543
15.5976829529	-1380
15.6022248268	-577
15.6241018772	-1380
15.6582028866	-1420
15.6582679749	-1340
15.6592819691	-1420
15.6593279839	-1340
15.6601388454	-1380
15.6604709625	-1380
15.6607778072	-1420
15.6608099937	-1420
15.6608138084	-1300
15.6615538597	-1420
15.6615598202	-1340
15.6616148949	-1380
15.7064678669	-1380
15.7064878941	-1380
15.7067239285	-1380
15.7076098919	-1380
15.712198019	-1380
15.7124009132	-1380
15.7245159149	-1380
15.7514970303	-1105
15.7604389191	-1420
15.760447979	-1420
15.7604978085	-1300
15.7607479095	-1380
15.7626218796	-1420
15.7626569271	-1340
15.7639188766	-1380
15.7649478912	-1380
15.7683370113	-1380
15.7691028118	543
15.7723989487	-1420
15.7724080086	-1340
15.774189949	-1380
15.7811579704	-1420
15.7812228203	-1340
15.7834079266	-1380
15.7896687984	-1380
15.7900738716	-1380
15.7987828255	-1380
15.7987999916	-1420
15.7988438606	-1340
15.799063921	543
15.801584959	-1380
15.8017089367	-1380
15.8280158043	-1420
15.8280439377	-1420
15.8281259537	-1300
15.8281300068	-1380
15.8319449425	543
15.832531929	-1380
15.8453578949	-1420
15.8454220295	-1340
15.8851399422	-1420
15.8852128983	-1420
15.8852169514	-1300
15.8856649399	-1420
15.8856699467	-1340
15.8866817951	-1420
15.8866868019	-1340
15.8888309002	543
15.8891818523	-1420
15.8891890049	-1420
15.8892188072	-1300
15.890007019	-1420
15.8900668621	-1340
15.8909249306	-1420
15.8909578323	-1340
15.8911378384	-1380
15.8915598392	-1420
15.8915657997	-1340
15.8917889595	-1420
15.89179492	-1420
15.8918340206	-1300
15.8919038773	-1420
15.891933918	-1340
15.8986768723	-1420
15.8987438679	-1420
15.8987488747	-1300
15.8991158009	543
15.9010767937	-569
15.940666914	-1380
15.9417200089	-1380
15.9425740242	-1380
15.9437358379	-1420
15.9437408447	-1340
15.9438278675	-1380
15.9441769123	-1380
15.9449388981	543
15.9535729885	-1420
15.9535899162	-1340
15.9537298679	-1420
15.9537398815	-1340
15.9538428783	-1380
15.9802849293	-1380
16.0077250004	-1420
16.0077497959	-1340
16.0091209412	-1380
16.0106649399	-1420
16.0106978416	-1340
16.0118458271	-1420
16.0118858814	-1420
16.0118899345	-1300
16.0120208263	543
16.0122718811	-1420
16.0122787952	-1340
16.0124249458	-1380
16.0133059025	-1420
16.0133399963	-1340
16.0151917934	-1420
16.0152509212	-1420
16.0152549744	-1300
16.017428875	-1420
16.0174338818	-1420
16.0174908638	-1300
16.0204269886	-1420
16.020457983	-1340
16.0211408138	-1420
16.0211718082	-1340
16.0213279724	543
16.0234129429	543
16.0487589836	-1380
16.0599930286	-1380
16.0611298084	-1420
16.061136961	-1340
16.0620388985	-1380
16.0635929108	-1420
16.0636279583	-1340
16.0637049675	-1380
16.0739688873	-1380
16.0741138458	-1420
16.0741620064	-1340
16.0742199421	543
16.0900068283	-774
16.1309599876	-1420
16.1310038567	-1340
16.1310639381	-1380
16.1316099167	-1420
16.1316828728	-1340
16.1317489147	-1380
16.1336779594	-1420
16.1336858273	-1420
16.1337168217	-1300
16.1363499165	-1420
16.1363890171	-1340
16.1363940239	-1380
16.1374390125	-1420
16.1374468803	-1420
16.1374759674	-1300
16.1401219368	-1420
16.1401758194	-1340
16.1403319836	-1380
16.1408309937	-1420
16.1408369541	-1420
16.1408920288	-1300
16.1414718628	-1420
16.1415028572	-1340
16.1416378021	-1380
16.142236948	-1380
16.1427989006	-1420
16.1428318024	-1340
16.1430640221	543
16.1433138847	543
16.1649308205	-1420
16.1649489403	-1340
16.1653490067	-1380
16.1803839207	-1380
16.1812739372	-1380
16.1820499897	-1380
16.1835730076	-1380
16.1871619225	-1420
16.1872208118	-1420
16.187224865	-1300
16.1880879402	-1380
16.1906378269	543
16.1910150051	-1380
16.1947159767	-1380
16.1978778839	-1420
16.1978948116	-1340
16.1997449398	-1380
16.2394518852	-1183
16.24523592	-1420
16.2452468872	-1340
16.245620966	-1380
16.2478878498	-1420
16.24792099	-1340
16.2480649948	-1380
16.2498719692	-1420
16.249879837	-1340
16.2523598671	-1380
16.2524878979	-1380
16.2526500225	-1380
16.254117012	-1420
16.2541759014	-1420
16.2541799545	-1300
16.2550837994	-1380
16.2558178902	-1380
16.2567558289	1460
16.2568199635	625
16.2569909096	-1380
16.2570450306	543
16.2574088573	-1380
16.2582228184	-1380
16.2582559586	-1380
16.2589809895	-1380
16.2594649792	-1380
16.2595398426	-1380
16.2597630024	-1380
16.2601258755	-1380
16.2602808475	543
16.2708380222	543
16.2723488808	543
16.3101708889	-1380
16.3110449314	-1380
16.3193399906	-1420
16.3193519115	-1340
16.3205289841	-1380
16.3218560219	-1380
16.3234620094	-1380
16.3249289989	543
16.3250648975	-1380
16.3272008896	-1420
16.3272359371	-1420
16.3272399902	-1300
16.3279268742	-1420
16.3279340267	-1420
16.3279650211	-1300
16.3286209106	-1420
16.3286728859	-1340
16.3288338184	-1380
16.353664875	-1420
16.3536839485	-1340
16.3636829853	-1380
16.3785059452	-1420
16.3785848618	-1340
16.3785898685	-1380
16.3794059753	-1380
16.380384922	-1420
16.3804318905	-1340
16.3816158772	-1420
16.3816759586	-1340
16.3818240166	-1380
16.3832190037	-1420
16.3832249641	-1340
16.3833229542	-1380
16.3847990036	-1380
16.3849208355	-1380
16.3849329948	-1380
16.3851809502	-1380
16.3857049942	-1380
16.3859148026	-1380
16.3868730068	543
16.3886508942	-1231
16.389425993	-1380
16.3922758102	-1380
16.3934619427	-1380
16.3935558796	-1380
16.3942739964	-1380
16.3994150162	543
16.4197838306	-1380
16.4199249744	-1380
16.4415519238	-1420
16.4415738583	-1340
16.4422588348	-1380
16.4426388741	-1380
16.4431538582	-1380
16.4437630177	-1380
16.4448888302	-1420
16.4448978901	-1340
16.4451439381	-1420
16.4451467991	-1340
16.4455299377	-1380
16.4458370209	-1380
16.446354866	-1380
16.4468719959	-1380
16.4472799301	-1380
16.4801678658	-1380
16.4828929901	-1420
16.4829008579	-1340
16.4833099842	-1380
16.5057790279	-1380
16.5059969425	-1380
16.5068128109	-1380
16.506994009	-1380
16.5071759224	-1380
16.5086898804	-1380
16.5088620186	543
16.5089979172	543
16.5120739937	-1380
16.5121538639	-1380
16.5135889053	-1380
16.5151998997	-1380
16.5170819759	-1380
16.5177509785	-1380
16.5177779198	-1380
16.5189118385	-1380
16.5197629929	-1380
16.521201849	-1380
16.5220019817	-1380
16.5233328342	-1380
16.5242629051	-1380
16.5258498192	-1420
16.5258748531	-1340
16.526624918	-1380
16.527534008	-1380
16.5286309719	-1380
16.5288968086	543
16.5292818546	-1380
16.5297269821	-1380
16.5379219055	-962
16.5506439209	-1380
16.5619108677	-1380
16.5638558865	-1380
16.5731389523	-1380
16.5731549263	-1380
16.5743038654	-1420
16.574311018	-1340
16.5760710239	-1380
16.5801568031	-1380
16.581084013	-1380
16.5830287933	-1420
16.5830798149	-1420
16.5830829144	-1300
16.5843529701	-1380
16.5858769417	-1420
16.5859079361	-1340
16.586140871	-1380
16.5920238495	543
16.5948038101	543
16.5971758366	-1420
16.597181797	-1340
16.6415998936	-1420
16.6416168213	-1420
16.6416728497	-1300
16.6424939632	-1420
16.6425158978	-1340
16.6428678036	-1380
16.6464459896	-1380
16.6465539932	-1420
16.6465988159	-1420
16.6466019154	-1300
16.6473419666	-1420
16.6473510265	-1340
16.6489739418	-1420
16.6489818096	-1420
16.6490240097	-1300
16.6500368118	-1420
16.6500778198	-1420
16.6500818729	-1300
16.6507070065	-1420
16.6507108212	-1420
16.6507539749	-1300
16.6516368389	-1380
16.6523878574	-1420
16.6524000168	-1340
16.6525189877	543
16.6567869186	543
16.6569719315	543
16.6618928909	-1420
16.6618988514	-1420
16.6619398594	-1300
16.6778919697	-1420
16.6779308319	-1340
16.6781790257	-1380
16.6873149872	-1243
16.6905059814	-1420
16.6905457973	-1340
16.6905498505	-1380
16.6913490295	-1380
16.6943738461	-1380
16.6946239471	543
16.6953148842	-1420
16.6953208447	-1340
16.6955459118	-1380
16.6961698532	-1420
16.6962108612	-1340
16.6962139606	-1380
16.696710825	-1380
16.697701931	-1380
16.6978189945	-1420
16.6978228092	-1340
16.7211489677	-1420
16.7211639881	-1420
16.7212100029	-1300
16.7290430069	-1420
16.7291238308	-1340
16.7291278839	-1420
16.7291970253	-1340
16.7291998863	-1420
16.7292449474	-1340
16.7294118404	543
16.7634990215	-1420
16.7635128498	-1340
16.7635760307	-1380
16.7647919655	-1420
16.7648229599	-1340
16.7648258209	-1380
16.7661268711	-1420
16.7661309242	-1420
16.7661700249	-1300
16.76983881	543
16.7714400291	-1420
16.7714498043	-1420
16.7714998722	-1420
16.771502018	-1260
16.7735278606	-1420
16.7735369205	-1340
16.7756149769	-1420
16.7756228447	-1420
16.7756679058	-1300
16.777493	-1380
16.7796700001	543
16.7800359726	-1420
16.7800438404	-1340
16.7800688744	-1380
16.7801249027	543
16.7807109356	-1420
16.7807159424	-1420
16.7807588577	-1300
16.793186903	-1420
16.7932329178	-1340
16.8000190258	543
16.8011069298	-1420
16.8011128902	-1340
16.8011419773	-1420
16.8011448383	-1340
16.8012609482	-1380
16.8049998283	-1420
16.8050429821	-1420
16.8050458431	-1300
16.8056709766	543
16.8073928356	-1420
16.8073987961	-1420
16.8074409962	-1300
16.8074429035	-1380
16.8075909615	543
16.8078598976	543
16.8117129803	-1380
16.8117899895	-1380
16.8121259212	-1420
16.8121299744	-1340
16.812297821	-1380
16.8367679119	-1042
16.8368318081	-1420
16.8368368149	-1340
16.8368639946	-1380
16.837348938	-1420
16.837376833	-1340
16.8373808861	-1380
16.8645319939	-1420
16.8645479679	-1420
16.8645918369	-1300
16.8663349152	-1420
16.8663628101	-1340
16.8664288521	-1380
16.8678598404	-1420
16.867866993	-1420
16.8678920269	-1300
16.8678939342	-1420
16.8679158688	-1340
16.8680047989	543
16.8683419228	-1380
16.8684079647	543
16.8732588291	-1380
16.8758308887	-1420
16.8758819103	-1420
16.8758850098	-1300
16.8805339336	-1420
16.8805499077	-1420
16.8805828094	-1300
16.8850438595	-1420
16.8850739002	-1340
16.8850769997	-1380
16.8851969242	543
16.8933589458	-1420
16.89336586	-1420
16.8934099674	-1300
16.8971018791	-1420
16.8971478939	-1420
16.8971509933	-1300
16.9011049271	-1420
16.9011178017	-1340
16.9011499882	-1380
16.9038980007	-1420
16.9039440155	-1420
16.9039468765	-1300
16.9086239338	-1420
16.9086298943	-1340
16.9088199139	-1380
16.9127879143	-1420
16.9128258228	-1340
16.9129159451	-1380
16.9154939651	-1420
16.9154989719	-1420
16.9155378342	-1300
16.9193069935	-1380
16.9220600128	-1420
16.9220650196	-1340
16.9221730232	543
16.9263048172	-1420
16.926309824	-1340
16.9265198708	-1380
16.9283778667	-1380
16.9508509636	-1420
16.9508719444	-1340
16.9520328045	-1420
16.9520390034	-1420
16.9520869255	-1300
16.9552259445	-1380
16.9557409286	-1380
16.9557459354	-1380
16.9761810303	-1420
16.9761958122	-1420
16.976238966	-1300
16.9773068428	-1380
16.9814939499	-1420
16.981500864	-1340
16.9862070084	-1420
16.9862129688	-1340
16.9863579273	-1420
16.9863939285	-1420
16.9864449501	-1300
16.9864478111	-1380
16.9865109921	-1380
16.9865128994	-1420
16.9865579605	-1340
16.9866569042	-1420
16.9866960049	-1420
16.9866979122	-539
16.9869058132	-1380
16.9869728088	543
16.9877309799	543
16.9908130169	-1420
16.9908208847	-1340
16.9908528328	-1380
16.9946098328	-1420
16.9946448803	-1340
16.9953567982	-1420
16.9954009056	-1420
16.9954049587	-1300
16.9955108166	543
16.9970350266	-1420
16.9970529079	-1340
16.99710989	-1380
16.9971129894	-1380
16.9971468449	-1380
17.0039918423	-1420
17.0040369034	-1420
17.0040419102	-1300
17.0139739513	-1420
17.0139839649	-1420
17.0140149593	-1300
17.017359972	-1420
17.0174059868	-1420
17.0174088478	-1300
17.0252699852	-1420
17.0252878666	-1420
17.0253639221	-1300
17.0253670216	-1380
17.0254039764	-1420
17.0254058838	-1420
17.0254378319	-1420
17.0254409313	-1260
17.0256519318	543
17.0267028809	-1380
17.0273878574	-1420
17.0274100304	-1340
17.0274939537	-1380
17.0750408173	-1420
17.0750579834	-1340
17.0751638412	-1380
17.0759418011	-1420
17.0759768486	-1340
17.075979948	-1380
17.0772209167	-1420
17.0772268772	-1420
17.077270031	-1300
17.0959818363	-1420
17.0960278511	-1340
17.0961558819	543
17.104238987	-1380
17.1086089611	-1380
17.1086409092	-1380
17.1087448597	-1380
17.1097488403	-1420
17.1097528934	-1420
17.1097929478	-1300
17.1142139435	-1420
17.1142728329	-1340
17.114276886	-1380
17.1153669357	-1420
17.115377903	-1420
17.1154270172	-1300
17.1189029217	-1420
17.1189579964	-1420
17.1189630032	-1300
17.1197648048	-1380
17.1198208332	-1420
17.119841814	-1340
17.1199419498	-1380
17.1200180054	543
17.1201360226	-1420
17.1201508045	-1340
17.1202499866	-1420
17.1202509403	-1340
17.1202960014	-1380
17.1327238083	-1420
17.1327748299	-1420
17.1327798367	-1300
17.1338980198	-1420
17.1339049339	-1340
17.134226799	-1380
17.1345219612	-1420
17.1345729828	-1420
17.1345758438	-1300
17.1346309185	-1380
17.1346340179	-1380
17.1347498894	543
17.1350989342	-1420
17.135103941	-1340
17.1352329254	543
17.1353440285	543
17.1357429028	-401
17.1460678577	-1420
17.1460988522	-1340
17.1487669945	-1380
17.1489210129	-1420
17.1489238739	-1340
17.1493508816	-1420
17.1493558884	-1420
17.1493959427	-1300
17.1510789394	-1380
17.1512649059	-1380
17.1513178349	-1380
17.1526060104	-1380
17.1618700027	1460
17.1619288921	1460
17.1619739532	707
17.1634140015	1086
17.1713399887	1460
17.1713988781	111
17.1732478142	-1420
17.1732518673	-1340
17.1736688614	1460
17.1737170219	111
17.1741888523	-1420
17.1741938591	-1340
17.1742179394	-1380
17.1745579243	-1420
17.1745989323	-1420
17.1746008396	-1300
17.1794018745	1057
17.1932430267	-1420
17.1932499409	-1420
17.1932928562	-1300
17.1932959557	-1380
17.2002429962	-1420
17.2002499104	-1420
17.2003009319	-1300
17.2003028393	-1380
17.200565815	-1380
17.2018399239	-1420
17.2018659115	-1340
17.2019538879	-1380
17.2020349503	543
17.2076289654	-1420
17.2076339722	-1340
17.2076749802	-1380
17.2126538754	-1420
17.212695837	-1420
17.2126989365	-1300
17.2127377987	-1420
17.2127399445	-1420
17.212774992	-1300
17.2129368782	543
17.2132799625	-1420
17.2132849693	-1420
17.2133250237	-1300
17.2212970257	-1420
17.2213819027	-1340
17.2213869095	-1420
17.2214238644	-1420
17.2214269638	-1300
17.2214608192	-1380
17.2215578556	543
17.2227799892	543
17.2264750004	-1420
17.2264800072	-1340
17.2265369892	-1380
17.2265398502	-1380
17.2265748978	-1380
17.2272088528	-1380
17.2275838852	-1420
17.2275879383	-1340
17.2276239395	-1380
17.2317078114	-1420
17.2317619324	-1420
17.2317647934	-1300
17.2323539257	543
17.2325329781	-1380
17.2326309681	-1420
17.2326529026	-1340
17.2381038666	543
17.2418959141	-1420
17.2419068813	-1340
17.2422399521	-1420
17.2422440052	-1420
17.2422809601	-1420
17.2422828674	-1260
17.2435200214	-1420
17.2435259819	-1340
17.2448308468	-1420
17.2448379993	-1340
17.2448618412	-1380
17.2449398041	543
17.2451019287	-1380
17.2451789379	-1420
17.2452068329	-1340
17.2563660145	543
17.2654368877	-1420
17.265447855	-1340
17.2661278248	-1380
17.2662010193	-1380
17.2851798534	-1047
17.3021819592	-1420
17.3022229671	-1420
17.3022258282	-1300
17.3030948639	-1420
17.303098917	-1340
17.3031179905	-1380
17.3040938377	-1380
17.3042898178	-1420
17.3042938709	-1340
17.306303978	-1420
17.306319952	-1420
17.3063549995	-1300
17.30742383	-1420
17.3074748516	-1340
17.3075449467	-1380
17.3119599819	-1420
17.3119649887	-1340
17.3119909763	-1380
17.3128628731	543
17.3147549629	-1420
17.3147628307	-1340
17.3147888184	-1380
17.3156628609	543
17.3197669983	-1420
17.3197829723	-1340
17.3198208809	-1380
17.3204939365	-1420
17.320524931	-1340
17.3207099438	-1380
17.3209168911	543
17.3214190006	-1420
17.3214240074	-1420
17.3214638233	-1300
17.321532011	543
17.3217628002	543
17.3245358467	-1420
17.3245418072	-1420
17.3245828152	-1300
17.324862957	-1420
17.324903965	-1420
17.324906826	-1300
17.3262138367	543
17.3297419548	-1420
17.3297488689	-1420
17.3297898769	-1300
17.3317728043	-1420
17.331799984	-1340
17.3318037987	-1380
17.3319728374	-1380
17.3322098255	-1420
17.3322370052	-1340
17.343528986	-1420
17.3435919285	-1420
17.3435969353	-1300
17.3443818092	-1420
17.344386816	-1340
17.3452408314	543
17.3453979492	-1380
17.346601963	543
17.3468129635	543
17.3527479172	-1420
17.3527548313	-1340
17.3530509472	-1380
17.3531827927	-1420
17.3532068729	-1340
17.3532109261	-1420
17.3532328606	-1340
17.3534009457	-1380
17.3563950062	-1380
17.3746228218	-1380
17.3747489452	-1420
17.3747518063	-1340
17.3759498596	-1420
17.3759558201	-1340
17.376210928	-1420
17.3762149811	-1340
17.3763508797	543
17.3781189919	-1420
17.3781299591	-1340
17.4017708302	-1420
17.4017868042	-1340
17.4018309116	-1380
17.411823988	-1380
17.4124119282	-1420
17.4124159813	-1340
17.4124429226	-1420
17.412446022	-1340
17.4130268097	-1380
17.4130318165	-1380
17.4130539894	-1380
17.4133188725	-1380
17.4168698788	-1420
17.4168748856	-1340
17.4170308113	-1380
17.4171769619	543
17.4189419746	543
17.4237279892	-1420
17.4237368107	-1340
17.4238288403	-1380
17.4297308922	-1420
17.4297590256	-1340
17.4302299023	-1380
17.4347980022	-842
17.4349579811	543
17.4355080128	-1420
17.4355130196	-1340
17.4355618954	-1380
17.436661005	-1420
17.4366858006	-1340
17.4368088245	-1420
17.4368338585	-1420
17.4368360043	-1300
17.4368510246	-1380
17.4371378422	-1420
17.4371759892	-1420
17.4371788502	-1300
17.4419248104	543
17.4430608749	-1420
17.4430680275	-1340
17.4432208538	543
17.4432959557	-1380
17.4433410168	543
17.4437789917	-1420
17.4437849522	-1340
17.4438118935	-1420
17.4438149929	-1340
17.4440839291	-1420
17.4440889359	-1340
17.4460349083	-1420
17.4460399151	-1420
17.446089983	-1300
17.4462718964	-1420
17.4462959766	-1340
17.4462988377	-1380
17.4718739986	-1420
17.4718909264	-1420
17.4719288349	-1300
17.4724760056	-1420
17.4725179672	-1340
17.4725198746	-1380
17.4731318951	-1380
17.473184824	-1380
17.4733757973	-1380
17.4744529724	-1380
17.4745299816	-1380
17.4747738838	-1420
17.474793911	-1340
17.4761698246	-1420
17.4761970043	-1340
17.4897739887	543
17.5064430237	-1420
17.5064518452	-1340
17.5065557957	-1380
17.5074279308	-1420
17.5074698925	-1420
17.5074729919	-1300
17.5087909698	-1420
17.5087959766	-1340
17.5194489956	543
17.5202558041	-1380
17.5203428268	543
17.5204539299	-1420
17.5204570293	-1420
17.5205028057	-1300
17.5206978321	543
17.5242419243	-1420
17.5242478848	-1340
17.5244278908	-1380
17.5251338482	-1420
17.5251758099	-1340
17.5251789093	-1380
17.5293819904	-1420
17.5293869972	-1420
17.5294339657	-1300
17.5294368267	-1380
17.5297608376	-1380
17.5298979282	-1380
17.5328810215	-1420
17.5328848362	-1340
17.5330460072	-1380
17.5422108173	-1420
17.5422608852	-1420
17.5422649384	-1300
17.5476369858	-1420
17.5476558208	-1420
17.5477049351	-1300
17.5477178097	-1380
17.5484838486	-1420
17.548486948	-1340
17.5494220257	-1380
17.5495209694	-1380
17.5496439934	-1380
17.5523879528	-1420
17.5524330139	-1340
17.5524358749	-1380
17.5537040234	-1420
17.5537149906	-1340
17.5537638664	-1380
17.5538358688	-1380
17.5546929836	543
17.5549628735	543
17.5593450069	-1420
17.5593500137	-1420
17.5593719482	-1300
17.5619289875	-1420
17.5619828701	-1340
17.5619859695	-1380
17.5625510216	-1420
17.5625548363	-1420
17.5625920296	-1300
17.5626997948	-1380
17.5628190041	-1420
17.5628218651	-1340
17.566628933	-1420
17.5666339397	-1340
17.5667908192	-1380
17.5671288967	543
17.5672659874	543
17.5674049854	-1420
17.5674078465	-1420
17.5674519539	-1300
17.5676369667	543
17.5820410252	-1420
17.5820508003	-1340
17.5821549892	-1380
17.5846040249	-214
17.5851788521	-1420
17.5851838589	-1420
17.5852248669	-1300
17.5860199928	-1420
17.5860497952	-1340
17.5860528946	-1380
17.5869100094	-1420
17.5869150162	-1340
17.5870919228	-1380
17.6003170013	543
17.6086599827	-1420
17.6086649895	-1420
17.6087079048	-1300
17.608951807	-1420
17.6089799404	-1340
17.60907197	-1380
17.610257864	-1420
17.6102678776	-1340
17.6271858215	-1420
17.6271979809	-1340
17.627368927	543
17.6297938824	543
17.6406509876	-1380
17.6408119202	-1420
17.6408388615	-1340
17.6425349712	-1420
17.642565012	-1340
17.642567873	-1380
17.6437809467	543
17.6441628933	-1380
17.6442480087	-1420
17.6442759037	-1340
17.6455609798	-1420
17.6455910206	-1340
17.6458339691	-1420
17.6458878517	-1340
17.6458909512	-1380
17.6468019485	-1380
17.6502590179	-1420
17.6503000259	-1420
17.650302887	-1300
17.6511859894	-1420
17.6511898041	-1420
17.651227951	-1300
17.6527388096	543
17.6748440266	-1420
17.6748538017	-1340
17.6748838425	-1380
17.6755759716	-1420
17.6755988598	-1340
17.6756019592	-1380
17.6757099628	-1420
17.6757128239	-1340
17.6758289337	-1380
17.6786010265	-1380
17.6786370277	-1380
17.6786899567	-1380
17.6791489124	-1380
17.6793777943	-1380
17.6801249981	-1420
17.6801288128	-1340
17.6802389622	-1380
17.6839139462	-1420
17.6839549541	-1420
17.6839578152	-1300
17.6844799519	-1420
17.684484005	-1340
17.6849138737	-1380
17.6850538254	543
17.6852338314	543
17.6853718758	543
17.6856458187	-1380
17.6860048771	-1420
17.6860289574	-1420
17.6860318184	-1300
17.6873939037	-1420
17.6873989105	-1420
17.6874399185	-1300
17.687502861	-1380
17.6876869202	-1420
17.687691927	-1340
17.6879398823	543
17.6882398129	-1420
17.6882448196	-1420
17.6882948875	-1300
17.7032358646	-1380
17.703275919	-1420
17.7032799721	-1340
17.7037639618	-1420
17.7037739754	-1340
17.7039518356	-1380
17.7042589188	-1420
17.7042999268	-1420
17.7043018341	-1300
17.7049529552	-1420
17.704957962	-1420
17.7049958706	-1300
17.7055079937	-1380
17.7057700157	-1420
17.7057728767	-1340
17.7322030067	543
17.7344219685	-1033
17.7457540035	-1420
17.7457928658	-1420
17.7457959652	-1300
17.7459139824	543
17.7470388412	-1420
17.747043848	-1340
17.7470698357	-1380
17.758605957	-1420
17.7586548328	-1420
17.758658886	-1300
17.7588169575	543
17.774930954	-1420
17.774946928	-1420
17.7750108242	-1300
17.7754588127	-1420
17.7754859924	-1340
17.7754878998	-1380
17.7756409645	543
17.7757718563	-1420
17.7757749557	-1420
17.7757959366	-1300
17.775895834	-1420
17.7759158611	-1340
17.7760219574	-1380
17.7799479961	-1420
17.7799530029	-1420
17.7799999714	-1300
17.7804088593	-1420
17.780454874	-1420
17.7804570198	-1300
17.7877418995	-1420
17.7877509594	-1340
17.7877998352	-1380
17.7904138565	-1420
17.7904548645	-1420
17.7904579639	-1300
17.7908530235	-1420
17.7908568382	-1420
17.7909018993	-1300
17.7923908234	-1420
17.7924108505	-1340
17.7948307991	-1420
17.7948658466	-1340
17.7950649261	-1380
17.7961418629	-1420
17.796145916	-1420
17.7961838245	-1300
17.7975389957	-1380
17.7977118492	543
17.7978789806	543
17.7990000248	-1420
17.7990059853	-1420
17.7990469933	-1300
17.7991039753	543
17.8015608788	-1380
17.8017759323	-1380
17.8018019199	-1380
17.8020730019	-1420
17.8021118641	-1420
17.8021140099	-1300
17.8054440022	-1420
17.8054490089	-1340
17.8057799339	-1380
17.8087449074	543
17.8106470108	-1420
17.8106508255	-1420
17.8106899261	-1300
17.8127288818	-1420
17.8127539158	-1340
17.8131690025	-1380
17.8148519993	-1380
17.8149440289	543
17.8149819374	-1420
17.8149838448	-1340
17.8230969906	-1420
17.823102951	-1420
17.8231430054	-1300
17.8246159554	-1420
17.8246519566	-1340
17.8248739243	-1380
17.8256249428	-1420
17.8256309032	-1340
17.825745821	-1380
17.8287248611	-1420
17.8287489414	-1340
17.8289279938	543
17.8298399448	-1420
17.8298459053	-1340
17.8311669827	543
17.8543019295	-1420
17.8543138504	-1340
17.8543670177	-1380
17.8553040028	-1420
17.8553287983	-1340
17.855711937	-1380
17.8567948341	-1420
17.8567998409	-1340
17.856897831	543
17.8701169491	-1380
17.87012887	-1420
17.8701689243	-1340
17.8707609177	-1420
17.8708050251	-1420
17.8708088398	-1300
17.87093997	543
17.8810119629	-1420
17.8810279369	-1420
17.8810839653	-1420
17.8810868263	-1260
17.8825109005	-1420
17.8825190067	-1340
17.882545948	-1380
17.8827188015	-1420
17.8827428818	-1340
17.88367486	-904
17.8837769032	543
17.8855659962	-1380
17.8855729103	-1420
17.885602951	-1340
17.8927547932	-1420
17.8928229809	-1340
17.8928279877	-1380
17.8944709301	-1420
17.8944749832	-1340
17.8945147991	-1380
17.9118089676	-1420
17.9118540287	-1420
17.9118568897	-1300
17.9129428864	-1380
17.9130899906	-1380
17.9140470028	-1420
17.9140508175	-1340
17.9140889645	-1380
17.9151120186	-1420
17.9151308537	-1340
17.9153017998	-1380
17.9163088799	-1420
17.916312933	-1340
17.9163877964	-1380
17.917028904	-1420
17.9170498848	-1340
17.9173109531	543
17.9174468517	543
17.9187488556	-1420
17.9187598228	-1340
17.9190578461	-1380
17.9234209061	-1420
17.9234468937	-1420
17.9234499931	-1300
17.9245858192	-1420
17.924590826	-1340
17.9247298241	-1380
17.9247758389	543
17.9292190075	-1380
17.9318377972	-1420
17.9318699837	-1340
17.9345788956	-1420
17.9346468449	-1340
17.934650898	-1380
17.9359049797	-1380
17.9359138012	-1420
17.9359409809	-1340
17.9371659756	-1420
17.9371910095	-1340
17.937281847	-1380
17.937680006	-1380
17.951128006	-1420
17.951169014	-1420
17.951171875	-1300
17.9514789581	-1420
17.9514830112	-1340
17.9530107975	543
17.953125	543
17.9541549683	-1420
17.9541728497	-1340
17.9542078972	-1380
17.9559409618	-1420
17.9559819698	-1420
17.9559848309	-1300
17.9569108486	-1420
17.9569149017	-1420
17.9569528103	-1300
17.9616718292	-1380
17.9616999626	-1380
17.9618659019	-1380
17.9624929428	-1380
17.9625599384	-1420
17.9625999928	-1340
17.9639589787	-1420
17.9639987946	-1420
17.9640009403	-1300
17.964111805	-1420
17.9641149044	-1420
17.9641518593	-1300
17.9797987938	-1380
17.9799208641	-1380
17.9801549911	-1380
17.9884109497	-1420
17.9884159565	-1340
17.9885129929	-1380
17.9900829792	-1420
17.9901239872	-1420
17.9901268482	-1300
17.9921889305	-1420
17.99219203	-1420
17.9922759533	-1300
17.9922788143	-1380
17.9923238754	-1380
17.9928958416	-1420
17.9929349422	-1420
17.9929378033	-1300
17.9931249619	543
17.993311882	543
17.9948089123	-1420
17.9948148727	-1420
17.9948539734	-1300
18.0135688782	-1420
18.0136179924	-1340
18.0136208534	-1380
18.0143790245	-1420
18.0143837929	-1420
18.0144298077	-1300
18.0145030022	543
18.0153639317	-1380
18.0154700279	-1420
18.0154910088	-1340
18.0163378716	-1420
18.0163609982	-1340
18.0163638592	-1380
18.0172169209	-1420
18.0172269344	-1340
18.0173308849	-1380
18.0181469917	-1380
18.0198228359	-1420
18.019826889	-1340
18.0205979347	-1420
18.0206007957	-1420
18.0206480026	-1300
18.0207219124	543
18.0210599899	-1420
18.0210638046	-1340
18.0210828781	-1380
18.0309329033	-1420
18.0309789181	-1420
18.0309820175	-1300
18.0320699215	-1420
18.0320749283	-1340
18.0321140289	-1380
18.0321779251	-1380
18.0323939323	-1420
18.0323989391	-1420
18.0324478149	-1300
18.0324549675	-1380
18.0325558186	-1380
18.0325598717	-1380
18.0326039791	-1380
18.0326859951	543
18.032782793	-1380
18.0332407951	-118
18.0374269485	-1420
18.0374338627	-1340
18.037457943	-1380
18.0605089664	-1420
18.0605688095	-1420
18.060571909	-1300
18.0615918636	-1420
18.0615959167	-1420
18.0616328716	-1300
18.0663819313	-1420
18.0664038658	-1340
18.0665988922	-1380
18.0666799545	-1420
18.0666828156	-1420
18.066701889	-1300
18.0668280125	543
18.0672748089	-1420
18.0672798157	-1340
18.0681200027	-1380
18.0681858063	543
18.0711119175	-1380
18.0711188316	-1380
18.0712349415	-1420
18.0712389946	-1340
18.0714128017	-1420
18.0714168549	-1340
18.0737988949	-1420
18.0738039017	-1420
18.0738430023	-1300
18.0742228031	-1380
18.0744888783	-1420
18.0744988918	-1340
18.1043009758	-1380
18.1058688164	-1420
18.1059169769	-1340
18.1059229374	-1380
18.106014967	543
18.107503891	-1420
18.1075158119	-1340
18.1076447964	-1380
18.1078689098	-1420
18.107888937	-1340
18.1079559326	-1380
18.1101899147	-1380
18.1103858948	-1380
18.1107068062	-1380
18.1107108593	-1380
18.1118769646	-1420
18.1118810177	-1340
18.1121017933	-1380
18.1124999523	-1380
18.1125237942	-1420
18.1125268936	-1340
18.1132647991	543
18.1140868664	-1420
18.1140928268	-1340
18.1141178608	-1380
18.1159999371	-1380
18.1160299778	-1420
18.1160387993	-1340
18.1171598434	-1420
18.117166996	-1340
18.1172018051	-1380
18.1173160076	-1420
18.1173379421	-1340
18.1173398495	-1380
18.117456913	543
18.1175649166	-1420
18.1175689697	-1340
18.1178719997	-1380
18.1193349361	-1420
18.11936903	-1420
18.119371891	-1300
18.1200709343	-1380
18.1212258339	-1380
18.1212658882	-1380
18.1213328838	-1380
18.1214029789	-1380
18.1217010021	-1380
18.1247718334	1460
18.1248269081	111
18.1250059605	543
18.126557827	-1380
18.126636982	-1380
18.1270458698	543
18.1275248528	-1380
18.1299908161	1057
18.1306040287	543
18.1310479641	543
18.1359817982	-1380
18.1361830235	-1420
18.1362149715	-1340
18.1368470192	-1420
18.1368699074	-1340
18.1369609833	-1380
18.1374189854	543
18.1420588493	-1380
18.1422069073	-1420
18.1422338486	-1340
18.1426119804	-1420
18.1426358223	-1340
18.1427638531	-1380
18.1447169781	-1420
18.1447229385	-1340
18.1448249817	-1380
18.1752028465	-1420
18.1752538681	-1340
18.1752579212	-1380
18.175994873	-1420
18.1759989262	-1420
18.1760349274	-1300
18.1764559746	-1420
18.1764748096	-1340
18.1766679287	-1380
18.1808338165	543
18.1826908588	-1343
18.1899340153	-1420
18.1899809837	-1340
18.2042498589	-1420
18.2043039799	-1340
18.2048208714	-1420
18.2048459053	-1340
18.2049069405	-1380
18.2050080299	543
18.205247879	-1380
18.205398798	-1420
18.2054288387	-1340
18.2090108395	-1420
18.2090568542	-1420
18.2090599537	-1300
18.2094209194	-1380
18.2095899582	-1380
18.2142119408	1057
18.2215628624	-1420
18.2215709686	-1340
18.222673893	-1420
18.2226798534	-1340
18.2227067947	-1380
18.2236638069	-1420
18.2237079144	-1420
18.2237110138	-1300
18.2238328457	543
18.224711895	-1420
18.2247178555	-1340
18.2248849869	-1380
18.2268588543	-1380
18.2289428711	-1420
18.2289550304	-1340
18.2300348282	-1380
18.2301549911	-1380
18.2303338051	-1380
18.2322030067	-1380
18.2323060036	543
18.2324318886	-1420
18.2324409485	-1340
18.2434368134	1460
18.2435069084	1139
18.2460939884	-1420
18.2461109161	-1340
18.2461388111	-1420
18.2461438179	-1340
18.2461628914	-1380
18.2462368011	-1380
18.246876955	-1380
18.2482438087	-1420
18.2482659817	-1340
18.2482709885	-1380
18.2483689785	-1420
18.2483718395	-1340
18.2497608662	-1380
18.2499959469	543
18.2501459122	543
18.2512168884	-1420
18.2512228489	-1420
18.2512648106	-1300
18.2517108917	-1380
18.2526478767	-1420
18.2526528835	-1340
18.2527489662	-1380
18.2542319298	-1420
18.2542579174	-1340
18.2543289661	-1380
18.255977869	-1380
18.2560408115	-1420
18.2560799122	-1340
18.257750988	-1420
18.2577769756	-1340
18.2580039501	-1380
18.2613158226	-1420
18.2613229752	-1340
18.2613618374	-1380
18.2626488209	-1420
18.2626779079	-1340
18.2629139423	-1380
18.2639098167	-1420
18.2639138699	-1420
18.2639508247	-1300
18.2648689747	543
18.2652997971	-1420
18.2653048038	-1340
18.2654428482	-1380
18.2983109951	-1420
18.2983789444	-1340
18.2983829975	-1380
18.3073379993	-1380
18.3083198071	-1380
18.3084189892	543
18.3097839355	-1420
18.309803009	-1420
18.3098578453	-1300
18.3111917973	-1380
18.3114898205	-1380
18.3117268085	-1380
18.3139708042	-1420
18.3139820099	-1340
18.3142869473	-1380
18.3258748055	-1420
18.325925827	-1420
18.3259298801	-1300
18.3321809769	-1420
18.3321919441	-1340
18.3322949409	-1380
18.3324978352	-330
18.332983017	-1420
18.3329880238	-1340
18.3331749439	-1380
18.3334858418	-1420
18.3335080147	-1340
18.3335978985	-1380
18.334581852	-1380
18.3347659111	-1380
18.3347918987	-1380
18.3364298344	543
18.3430099487	-1420
18.3430268764	-1420
18.3430838585	-1300
18.3450698853	-1420
18.3451128006	-1420
18.3451159	-1300
18.3452658653	543
18.3471059799	-1380
18.3471889496	-1420
18.3472177982	-1340
18.3473420143	-1420
18.3473629951	-1340
18.3803019524	-1380
18.381554842	-1420
18.3815619946	-1340
18.3815848827	-1380
18.3816709518	543
18.3824458122	-1380
18.3825309277	-1380
18.3827369213	-1380
18.3835499287	-1420
18.3835749626	-1340
18.3838479519	-1380
18.3839678764	-1420
18.3839709759	-1420
18.3839888573	-1300
18.3846750259	-1420
18.3846979141	-1340
18.3847789764	-1380
18.3853459358	-1420
18.3853509426	-1340
18.3855929375	-1380
18.3856749535	-1380
18.3858098984	-1380
18.3868999481	-1380
18.3880589008	-1420
18.3880629539	-1420
18.3880999088	-1300
18.388687849	-1420
18.3887197971	-1340
18.3887238503	-1380
18.3892250061	543
18.3894519806	543
18.3934259415	-1420
18.3934328556	-1420
18.393476963	-1300
18.3939819336	-1420
18.3940048218	-1340
18.3940730095	-1380
18.3947768211	-1420
18.3947808743	-1340
18.3949580193	-1380
18.3958349228	-1380
18.3964109421	-1420
18.3964149952	-1340
18.3965268135	-1380
18.3966670036	-1380
18.3967738152	-1380
18.3969259262	543
18.3970777988	543
18.3972508907	-1420
18.3972558975	-1340
18.3972887993	-1380
18.398239851	1460
18.3982899189	111
18.3985908031	-1420
18.3985939026	-1420
18.3986339569	-1300
18.3989269733	543
18.4099638462	-1420
18.4099798203	-1340
18.4100208282	-1380
18.4125568867	-1420
18.412599802	-1420
18.4126029015	-1300
18.4127259254	543
18.413479805	-1420
18.4134848118	-1340
18.4137690067	-1380
18.4138748646	-1420
18.4138979912	-1420
18.4138998985	-1300
18.414098978	-1420
18.4141039848	-1420
18.4141428471	-1300
18.4149148464	-1380
18.445472002	-1420
18.4454879761	-1340
18.457616806	-1420
18.4576349258	-1340
18.4577100277	-1380
18.4578039646	-1420
18.4578528404	-1420
18.4578549862	-1300
18.4581069946	-1420
18.4581108093	-1420
18.45814991	-1300
18.4581840038	543
18.4815859795	-417
18.5100948811	-1380
18.5119049549	-1420
18.5119109154	-1420
18.5119588375	-1300
18.5120308399	1057
18.5144608021	-1380
18.5161859989	-1420
18.5162189007	-1340
18.516685009	-1380
18.5178828239	-1420
18.5178890228	-1340
18.5179128647	-1380
18.5190398693	-1420
18.5190718174	-1340
18.5190749168	-1380
18.5203208923	-1420
18.5203258991	-1340
18.5206398964	-1380
18.5207149982	543
18.522674799	-1420
18.5226798058	-1420
18.5227198601	-1300
18.5244150162	-1420
18.5244438648	-1340
18.5246989727	-1380
18.5248308182	-1420
18.5248348713	-1420
18.5248718262	-1300
18.5265359879	-1420
18.5265798569	-1420
18.5265829563	-1300
18.5272259712	-1380
18.527230978	-1380
18.5273067951	-1380
18.5275609493	-1380
18.5275888443	-1380
18.5278198719	-1380
18.5296728611	-1420
18.5296778679	-1340
18.5297038555	-1380
18.5299649239	-1380
18.5308139324	-1420
18.5308179855	-1340
18.5323967934	-1380
18.5325059891	-1420
18.5325319767	-1340
18.5330119133	-1420
18.5330529213	-1420
18.5330560207	-1300
18.5332698822	543
18.5363948345	-1420
18.5364170074	-1340
18.5364589691	-1420
18.5364608765	-1340
18.5364778042	-1380
18.5366549492	543
18.5373399258	-1420
18.5373458862	-1340
18.5373718739	-1380
18.5375549793	-1380
18.5377399921	-1380
18.5378379822	-1380
18.5569648743	543
18.5899629593	543
18.5953259468	543
18.6031010151	543
18.6100299358	543
18.629668951	543
18.6306078434	-218
18.6484940052	-1420
18.6485509872	-1420
18.6485548019	-1300
18.6683218479	-1420
18.6683399677	-1420
18.6683979034	-1300
18.66898489	-1420
18.6690099239	-1340
18.6697278023	-1380
18.6700429916	-1420
18.6700468063	-1340
18.6701688766	-1420
18.6701729298	-1340
18.6703388691	-1380
18.6715288162	-1380
18.6725618839	-1420
18.6725709438	-1340
18.6725900173	-1380
18.6751558781	-1420
18.6751828194	-1340
18.6752419472	-1380
18.6762769222	-1380
18.6763439178	-1420
18.6763899326	-1340
18.6766769886	-1380
18.6768839359	-1420
18.676887989	-1340
18.6774249077	543
18.6779608727	-1420
18.6779658794	-1420
18.6780049801	-1300
18.6790049076	-1420
18.6790299416	-1340
18.679101944	543
18.6793458462	-1420
18.679350853	-1420
18.679391861	-1300
18.6796078682	-1380
18.6806519032	-1420
18.6806578636	-1420
18.6806988716	-1300
18.6822860241	-1420
18.6823108196	-1340
18.6824798584	-1380
18.6833229065	-1420
18.6833269596	-1420
18.6833648682	-1300
18.6836988926	-1420
18.6837408543	-1420
18.683743	-1300
18.6847770214	-1380
18.6848959923	-1420
18.6849229336	-1340
18.6851229668	543
18.6867628098	-1420
18.6867749691	-1340
18.6870789528	-1380
18.6882588863	-1420
18.6882920265	-1340
18.6884219646	-1420
18.6884498596	-1420
18.6884520054	-1300
18.6884670258	-1420
18.6884689331	-1340
18.6885778904	-1380
18.6886198521	543
18.6894187927	543
18.6896510124	-1420
18.6896548271	-1340
18.6896748543	-1380
18.6904959679	-1420
18.6905210018	-1340
18.6905958652	543
18.6907069683	-1380
18.6914508343	-1420
18.6914730072	-1420
18.6914749146	-1300
18.6916868687	-1420
18.6916909218	-1340
18.6925430298	-1380
18.6935658455	-1420
18.6935968399	-1340
18.693985939	-1380
18.6944439411	-1420
18.6944489479	-1340
18.694535017	543
18.6952857971	-1380
18.695291996	-1420
18.6953129768	-1340
18.6962578297	-1380
18.6986188889	-1420
18.6986238956	-1420
18.6986429691	-1300
18.7012119293	-1420
18.7012588978	-1420
18.7012619972	-1300
18.7031748295	-1420
18.7031810284	-1340
18.7032887936	-1380
18.7036578655	-1380
18.7038547993	-1380
18.704379797	-1380
18.7044899464	-1420
18.7045049667	-1340
18.7045278549	-1380
18.7046890259	-1380
18.7048900127	543
18.7272949219	-1420
18.7273099422	-1340
18.7274479866	-1380
18.7667119503	-1420
18.7667279243	-1420
18.7667768002	-1300
18.7731089592	-1420
18.7731359005	-1340
18.7731728554	-1380
18.7733769417	543
18.7749710083	-1420
18.7749788761	-1340
18.7750220299	-1380
18.777782917	-1380
18.7778170109	-1380
18.7779829502	-1380
18.778455019	-1420
18.7784600258	-1420
18.7784979343	-1300
18.7797629833	-540
18.7804288864	-1380
18.7805848122	-1380
18.7806229591	-1380
18.780700922	543
18.7814819813	-1420
18.781498909	-1340
18.7815258503	-1380
18.783605814	-1420
18.783646822	-1420
18.7836499214	-1300
18.7849979401	-1380
18.7850999832	543
18.7851388454	-1420
18.7851419449	-1340
18.7856538296	-1380
18.7858729362	-1420
18.7858948708	-1340
18.785959959	543
18.7971999645	-1420
18.7972137928	-1340
18.7974770069	543
18.7976160049	1057
18.7981059551	-1420
18.7981109619	-1420
18.7981510162	-1300
18.7985868454	-1420
18.798609972	-1340
18.7987658978	-1420
18.7988078594	-1420
18.7988109589	-1300
18.7993648052	-1380
18.7999618053	-1420
18.7999899387	-1340
18.8001389503	-1380
18.8015649319	543
18.8035268784	-1420
18.8035387993	-1340
18.8037889004	-1380
18.8048098087	-1420
18.804833889	-1340
18.8051040173	-1420
18.8051259518	-1340
18.8052937984	-1380
18.8056259155	-1380
18.8059518337	-1420
18.805975914	-1340
18.8060679436	-1380
18.8064990044	-1420
18.8065049648	-1340
18.8066658974	-1420
18.8066709042	-1340
18.8066940308	-1380
18.8135938644	-1380
18.856566906	-1420
18.8565819263	-1340
18.8568580151	-1380
18.8573129177	-1420
18.8573458195	-1340
18.8574178219	-1380
18.9121379852	-1420
18.9121568203	-1420
18.9121918678	-1300
18.912350893	543
18.9213798046	-1420
18.921391964	-1340
18.9214220047	-1380
18.9215369225	543
18.9232218266	-1380
18.9233148098	-1380
18.9233429432	-1380
18.9234378338	543
18.9235429764	-1420
18.9235470295	-1340
18.9240469933	-1380
18.92461586	-1420
18.9246399403	-1340
18.9247028828	-1380
18.9248168468	543
18.9254648685	1057
18.9260020256	543
18.9260728359	-1380
18.9261419773	-1420
18.9261689186	-1340
18.9266049862	-1420
18.9266579151	-1420
18.9266619682	-1300
18.926707983	-1380
18.926710844	-1420
18.926748991	-1340
18.9268519878	543
18.9289388657	-589
18.9349119663	-1420
18.9349598885	-1420
18.9349639416	-1300
18.9361848831	-1420
18.9361898899	-1420
18.9362308979	-1420
18.9362339973	-1420
18.9362688065	-1220
18.9369139671	-1380
18.9376268387	-1420
18.9376339912	-1340
18.9378340244	-1380
18.9396049976	-1380
18.9399399757	-1380
18.9424118996	543
18.9441449642	-1420
18.9441509247	-1340
18.9441788197	-1380
18.9468297958	-1420
18.9468679428	-1340
18.9468719959	-1420
18.9469029903	-1340
18.9469568729	-1420
18.9469778538	-1340
18.9478709698	-1420
18.9478929043	-1340
18.9479529858	-1380
18.948153019	-1420
18.9481580257	-1340
18.9481818676	-1380
18.948294878	543
18.9493257999	-1420
18.9493319988	-1340
18.9494140148	-1380
18.9496209621	-1420
18.9496598244	-1420
18.9496619701	-1300
18.9532268047	-1420
18.9532399178	-1420
18.9532728195	-1300
18.9533908367	543
19.0009059906	-1420
19.0009188652	-1420
19.0009717941	-1300
19.0011689663	-1420
19.0011928082	-1340
19.0013749599	-1380
19.0533809662	-1420
19.0533978939	-1420
19.0534338951	-1300
19.0546078682	-1380
19.0548779964	-1420
19.0548818111	-1340
19.0620229244	-1380
19.0637128353	-1380
19.0637588501	-1380
19.0638267994	543
19.0639379025	-1380
19.0652418137	-1420
19.0652849674	-1420
19.0652878284	-1300
19.0653958321	543
19.0675098896	-1380
19.0713469982	-1420
19.0713908672	-1420
19.0713939667	-1300
19.0723350048	-1420
19.0723400116	-1340
19.0724298954	-1380
19.073515892	-1420
19.0735578537	-1420
19.0735609531	-1300
19.0744838715	-1420
19.0744948387	-1340
19.0746729374	-1380
19.0752048492	-1380
19.0788998604	-15
19.0952219963	-1420
19.0952699184	-1340
19.0959739685	-1420
19.0960149765	-1420
19.0960168839	-1300
19.0973880291	-1420
19.0973918438	-1420
19.0974359512	-1300
19.0974388123	-1420
19.0974838734	-1340
19.0975379944	-1380
19.0998928547	-1380
19.1010308266	-1420
19.1010580063	-1340
19.1015799046	-1420
19.1016027927	-1340
19.1017580032	-1380
19.1027779579	-1380
19.1037290096	-1420
19.1037929058	-1420
19.1037960052	-1300
19.1045258045	-1420
19.1045298576	-1420
19.1045680046	-1300
19.1046350002	543
19.1048059464	543
19.1062829494	-1380
19.1063508987	-1420
19.1063928604	-1340
19.1080348492	-1420
19.1080858707	-1420
19.1080889702	-1420
19.1081228256	-1420
19.1081259251	-1220
19.108798027	543
19.1212248802	-1420
19.1212418079	-1420
19.1212749481	-1300
19.228279829	-1168
19.6567699909	-1420
19.6568419933	-1420
19.6568789482	-787
19.6584889889	-1420
19.6585288048	-1420
19.6585459709	-1300
19.6596448421	-1420
19.6597139835	-1340
19.6597559452	-1420
19.6597909927	-1340
19.6598248482	-1420
19.659858942	-1340
19.6609909534	-1420
19.6610219479	-1340
19.661041975	-1380
19.661151886	543
19.6622509956	-1420
19.6622629166	-1340
19.6626520157	-1380
19.6641368866	-1420
19.66416502	-1340
19.6652338505	-1380
19.6653318405	-1380
19.6654028893	543
19.666301012	-1380
19.6663060188	-1420
19.6663470268	-1420
19.6663489342	-1300
19.6666548252	-1420
19.666659832	-1340
19.666754961	543
19.6669068336	-1380
19.6676650047	-1420
19.6676959991	-1340
19.6677968502	-1380
19.6680028439	-1420
19.6680078506	-1340
19.6685009003	-1380
19.6692759991	-1420
19.6693139076	-1340
19.6693170071	-1380
19.6697189808	-1420
19.6697227955	-1340
19.6698448658	-1380
19.6717619896	-1420
19.6717920303	-1420
19.6717948914	-1300
19.6723628044	-1420
19.6723678112	-1340
19.6724629402	-1380
19.6726849079	-1420
19.6727249622	-1420
19.6727290154	-1300
19.6729958057	1057
19.6737248898	-1420
19.6737289429	-1340
19.6737580299	-1380
19.6739308834	1057
19.6747419834	-1420
19.6747479439	-1420
19.6747899055	-1300
19.6755449772	-1420
19.6755759716	-1340
19.6756448746	543
19.6776909828	-1420
19.6776969433	-1340
19.6778619289	-1380
19.6818377972	543
19.7736179829	-1420
19.7736399174	-1340
19.7736928463	-1420
19.7736968994	-1340
19.7740437984	-1420
19.7740488052	-1340
19.7746338844	-1420
19.7746388912	-1420
19.7746758461	-1300
19.7752289772	-1380
19.7756040096	-1420
19.7756090164	-1420
19.7756597996	-1300
19.775744915	-1420
19.7757668495	-1340
19.775769949	-1380
19.7759289742	543
19.7759759426	-1380
19.7760899067	-1420
19.7761099339	-1340
19.7762160301	-1420
19.7762389183	-1340
19.7763338089	-1380
19.776417017	-1420
19.7764208317	-1340
19.7765469551	-1380
19.777173996	543
19.7773189545	-1420
19.7773218155	-1420
19.7773599625	-1300
19.7774949074	-1380
19.7776138783	-1380
19.77775383	-1420
19.777794838	-1420
19.777810812	-1300
19.7778539658	-1380
19.7780117989	-1380
19.7781288624	-1380
19.7782659531	543
19.7783830166	543
19.7795848846	-1420
19.7795908451	-1340
19.780798912	543
19.7810769081	-1420
19.7810828686	-1340
19.7811079025	-1420
19.781111002	-1340
19.7813060284	-1380
19.7814548016	-1380
19.7820990086	-1420
19.782104969	-1420
19.7821438313	-1300
19.7822768688	-1380
19.7824327946	-1420
19.7824368477	-1340
19.7832570076	-1420
19.7832598686	-1340
19.7832889557	-1380
19.7836818695	-1420
19.7837018967	-1340
19.7838568687	-1420
19.7839789391	-1420
19.7839829922	-1420
19.7840158939	-1260
19.7840189934	-1380
19.7840518951	-1420
19.7840538025	-1340
19.7842237949	-1420
19.7842278481	-1340
19.7842288017	-1380
19.7850739956	-1420
19.7850768566	-1420
19.7850778103	-1300
19.7855470181	-1420
19.7855498791	-1420
19.7855520248	-1300
19.7855529785	-1380
19.7857098579	-1420
19.7857198715	-1340
19.7858698368	-1420
19.7858729362	-1340
19.7860348225	-1420
19.7860379219	-1340
19.7876269817	-1420
19.787678957	-1420
19.7876830101	-1300
19.7876839638	-1420
19.7876858711	-1340
19.7878408432	-1380
19.7887859344	-1420
19.7887899876	-1420
19.7887918949	-1420
19.7887928486	-1420
19.7887938023	-1420
19.7887949944	-1180
19.7890069485	543
19.7891049385	-1420
19.7891068459	-1340
19.78926301	-1420
19.7892668247	-1420
19.7892680168	-1300
19.7893660069	-1380
19.7894599438	-1380
19.7898709774	-1420
19.7898750305	-1420
19.7898769379	-1300
19.7898778915	-1380
19.7903950214	543
19.7907028198	1460
19.7907619476	140
19.791271925	543
19.8060779572	-1420
19.8060939312	-1420
19.8061490059	-1420
19.8061518669	-1420
19.8061928749	-1220
19.8061959743	-1380
19.806773901	543
19.8078978062	-1420
19.8079040051	-1420
19.8079578876	-1420
19.8079609871	-1420
19.8080029488	-1220
19.8080058098	-1380
19.808152914	543
19.8082838058	543
19.8088169098	-1420
19.8088219166	-1340
19.8089578152	-1420
19.8089618683	-1420
19.8090088367	-1300
19.8090648651	-1420
19.8090867996	-1340
19.8090889454	-1302
19.8092110157	543
19.8902609348	-1420
19.8902800083	-1420
19.8903429508	-1300
19.8905940056	-1420
19.8906269073	-1340
19.8907728195	-1380
19.8913538456	-1420
19.8913578987	-1340
19.8917880058	-1380
19.8922498226	-1420
19.8922929764	-1340
19.8922948837	-1420
19.8923308849	-1420
19.8923339844	-1300
19.8925919533	-1420
19.8925969601	-1340
19.8927109241	-1380
19.8944089413	-1420
19.8944339752	-1340
19.8946130276	-1380
19.8947808743	-1420
19.8947880268	-1340
19.8948118687	-1380
19.8950018883	-1420
19.8950238228	-1340
19.8951258659	-1420
19.8951478004	-1420
19.8951499462	-1300
19.8951649666	-1380
19.8955338001	-1420
19.8955600262	-1340
19.8955619335	-1380
19.8956708908	-1420
19.8956799507	-1340
19.8957948685	-1380
19.8963878155	-1420
19.8964128494	-1340
19.8970508575	-1420
19.8970918655	-1420
19.897094965	-1300
19.8979549408	-1420
19.8979589939	-1340
19.8979799747	-1380
19.8982658386	-1380
19.8984308243	-1420
19.8984348774	-1340
19.89980793	-1420
19.8998119831	-1340
19.9001560211	-1420
19.9001588821	-1420
19.9001610279	-1300
19.9003989697	-1380
19.9006848335	-1420
19.900687933	-1420
19.9006919861	-1300
19.9006929398	-1380
19.9008419514	-1420
19.9008438587	-1340
19.9008848667	-1420
19.9008889198	-1340
19.9009900093	-1380
19.9010698795	543
19.9011909962	-1420
19.9011938572	-1340
19.9011969566	-1380
19.9013068676	-1420
19.9013090134	-1340
19.9013998508	543
19.9015309811	543
19.9015758038	-1380
19.901665926	-1420
19.9016699791	-1420
19.9016718864	-1300
19.9016749859	-1420
19.9016759396	-1340
19.9017879963	543
19.9018929005	-1420
19.9018948078	-1340
19.9019680023	-1380
19.9020578861	-1420
19.9020619392	-1420
19.9020638466	-1300
19.9020659924	-1420
19.9021568298	-1340
19.9022660255	-1380
19.9023759365	-1380
19.9025318623	-1420
19.9025588036	-1340
19.9027619362	-1380
19.902848959	543
19.9030408859	543
19.9030799866	-1420
19.9030828476	-1420
19.9030838013	-1300
19.903085947	-1420
19.9030869007	-1420
19.9030878544	-1300
19.9032180309	-1380
19.9032599926	543
19.903703928	-1420
19.9037089348	-1420
19.9037518501	-1300
19.9037539959	-1380
19.9044239521	-1420
19.9044349194	-1340
19.9045639038	-1380
19.9050979614	-1420
19.9051208496	-1340
19.9052898884	-1380
19.9224998951	1057
19.9227619171	543
19.9227929115	-1380
19.9228618145	-1380
19.922894001	-1420
19.9228949547	-1420
19.9229187965	-1300
19.9230589867	-1420
19.9230999947	-1420
19.9231028557	-1300
19.9232559204	543
19.923407793	543
19.9235398769	543
19.923593998	-1420
19.923596859	-1340
19.9237718582	-1420
19.9237759113	-1420
19.9238388538	-1300
19.9238419533	-1380
19.9239339828	-1420
19.9239368439	-1420
19.9239737988	-1300
19.9239759445	-1380
19.9247000217	-1420
19.9247050285	-1340
19.9248600006	-1420
19.924893856	-1420
19.9249739647	-1300
19.9249768257	-1380
19.9250128269	-1420
19.9250159264	-1340
19.9250938892	-1420
19.9250969887	-1340
19.9252018929	-1380
19.92552495	-1420
19.9255478382	-1340
19.9256830215	-1420
19.9257209301	-1420
19.9257240295	-1300
19.92603302	-1420
19.9260368347	-1340
19.9397139549	543
19.94165802	543
19.9422059059	543
19.9559128284	543
19.9692349434	-207
20.0082859993	-1420
20.0083589554	-1420
20.0083639622	-1420
20.0084068775	-1420
20.008409977	-1420
20.008450985	-1180
20.0086510181	543
20.0167059898	-1380
20.02125597	-1380
20.0213630199	-1380
20.0214660168	-1380
20.022539854	-1420
20.0225520134	-1340
20.0227239132	-1380
20.0235588551	-1420
20.023583889	-1340
20.0238158703	-1380
20.0685458183	-1420
20.0685589314	-1340
20.0686028004	-1380
20.0687258244	543
20.0689308643	-1380
20.0702738762	-1420
20.0703289509	-1340
20.0708220005	-1380
20.0708529949	-1420
20.0708558559	-1340
20.0710558891	-1380
20.0711848736	-1420
20.0712199211	-1340
20.0713458061	-1420
20.0713849068	-1420
20.0713880062	-1300
20.1186339855	-976
20.179610014	-1420
20.1796247959	-1420
20.1796629429	-1300
20.1950159073	-1420
20.195029974	-1420
20.1950638294	-1300
20.1989159584	-1420
20.1989660263	-1420
20.198969841	-1300
20.1992058754	543
20.1994428635	-1420
20.1994478703	-1420
20.1994869709	-1300
20.2008910179	-1420
20.2009139061	-1340
20.2010028362	543
20.2010478973	-1420
20.2010629177	-1340
20.2011208534	-1380
20.2012689114	-1380
20.2016589642	-1420
20.2016639709	-1340
20.2018790245	-1380
20.2033510208	-1380
20.2044579983	-1420
20.2044630051	-1340
20.2045378685	543
20.2063498497	-1420
20.2063548565	-1340
20.2063779831	-1380
20.2081530094	-1420
20.208231926	-1420
20.2082359791	-1300
20.2082769871	-1380
20.2082788944	-1380
20.2093448639	-1380
20.2100009918	-1420
20.2100288868	-1420
20.2100307941	-1300
20.2122118473	-1420
20.2122228146	-1340
20.2123968601	-1380
20.2132129669	-1420
20.2132408619	-1340
20.2141158581	-1420
20.2141559124	-1420
20.2141578197	-1300
20.2142670155	543
20.2169809341	-1420
20.2169859409	-1420
20.2170248032	-1300
20.2182018757	-1380
20.2189929485	-1420
20.2189979553	-1340
20.2190229893	-1380
20.2190799713	-1380
20.2193598747	-1420
20.2193629742	-1340
20.2210907936	543
20.2679820061	-424
20.2699518204	-1420
20.2699868679	-1340
20.2702229023	-1380
20.2935068607	-1420
20.2935209274	-1340
20.2935600281	-1380
20.3197898865	-1380
20.3199799061	543
20.3265588284	-1380
20.3269248009	-1420
20.3269538879	-1340
20.3273689747	-1420
20.3274109364	-1420
20.3274137974	-1300
20.3308229446	543
20.3372077942	543
20.3380789757	-1420
20.3380839825	-1420
20.3381378651	-1300
20.3385050297	-1380
20.3385980129	-1420
20.3386080265	-1340
20.3520989418	543
20.361825943	543
20.3639550209	-1380
20.3642950058	543
20.3693459034	543
20.3927159309	543
20.4090118408	-1420
20.4090199471	-1420
20.4090678692	-1300
20.4092698097	-1380
20.4097318649	-1380
20.4135489464	543
20.4172849655	-1003
20.504611969	-1380
20.5054848194	-1380
20.5131919384	543
20.5175089836	-543
20.5264868736	-1380
20.5370600224	1057
20.5664508343	-1116
20.5710248947	543
20.5810439587	543
20.6436088085	-1380
20.6702568531	-1420
20.6703038216	-1420
20.6703100204	-1300
20.6716458797	-1380
20.6721959114	-1380
20.6791279316	543
20.6882019043	1460
20.6882920265	111
20.6994178295	-1380
20.7162759304	-794
20.8119618893	-1380
20.8121228218	-1380
20.812721014	-1380
20.8133778572	-1380
20.8141818047	-1420
20.8141868114	-1340
20.8164567947	-1420
20.8164608479	-1340
20.8166499138	-1380
20.8177649975	-1380
20.819355011	-1380
20.8200600147	543
20.8207578659	-1380
20.8208658695	543
20.8213889599	-1420
20.8214008808	-1340
20.8572838306	-1380
20.8615000248	-1380
20.8616080284	543
20.8651659489	-428
20.8701469898	543
20.8820228577	-1380
20.9963309765	-1420
20.9963479042	-1340
21.016740799	-59
21.0212860107	543
21.1129128933	-1380
21.1129379272	-1380
21.1656689644	-411
21.1718277931	1460
21.171890974	111
21.1859109402	-1380
21.2344357967	-1380
21.2542409897	1460
21.2543308735	625
21.3192498684	-925
21.4683258533	-543
21.478648901	543
21.527769804	-1420
21.5277879238	-1420
21.5278449059	-1300
21.5280909538	-1380
21.5290060043	-1380
21.5448210239	-1380
21.6301758289	-1146
21.6357548237	-1380
21.6899228096	1057
21.7794039249	-1248
21.7796149254	-1380
21.7804968357	-1380
21.780687809	-1380
21.7807929516	543
21.7811069489	-1380
21.7822430134	-1380
21.7824578285	-1380
21.7829380035	-1420
21.782968998	-1340
21.7831330299	-1380
21.7831590176	-1380
21.818158865	-1380
21.8191969395	-1380
21.8203978539	-1380
21.8223459721	-1380
21.8227620125	-1420
21.8228058815	-1420
21.8228089809	-1300
21.8244709969	-1380
21.82462883	543
21.8251078129	-1420
21.8251128197	-1340
21.8262298107	-1420
21.8262360096	-1340
21.8275868893	-1420
21.8275918961	-1340
21.8281328678	-1420
21.8281378746	-1340
21.8290150166	-1380
21.8291699886	-1380
21.8326749802	-1380
21.8420410156	-1380
21.8686988354	-1420
21.8687148094	-1340
21.8690350056	-1420
21.8690400124	-1340
21.872084856	-1380
21.8726170063	-1380
21.872825861	543
21.8735539913	-1380
21.8737769127	-1380
21.8768568039	-1380
21.8779768944	-1380
21.8782598972	-1380
21.8799309731	-1420
21.8799629211	-1340
21.8802759647	-1380
21.8809628487	-1380
21.8810009956	543
21.8811109066	-1380
21.8816678524	-1380
21.8824009895	-1380
21.882876873	-1380
21.8911669254	-1420
21.8911759853	-1340
21.8967659473	-1380
21.9156298637	543
21.9193849564	-1420
21.9193909168	-1340
21.9206438065	-1420
21.9206478596	-1340
21.9207828045	543
21.9212229252	-1380
21.9219489098	-1420
21.9219939709	-1420
21.9219968319	-1300
21.9223408699	-1380
21.9224219322	-1380
21.9226930141	-1420
21.9226989746	-1340
21.9227228165	-1380
21.9228889942	-1380
21.9285099506	-262
21.9288439751	543
21.9423718452	-1380
21.9436578751	-1380
21.9445300102	-1380
21.9462029934	-1380
21.9477629662	-1380
21.9654259682	-1380
21.9665210247	-1380
21.9667680264	-1380
21.9667928219	-1380
21.96824193	543
21.9692118168	-1420
21.969219923	-1420
21.9692668915	-1300
21.9711978436	-1420
21.9712338448	-1340
21.9712369442	-1420
21.971257925	-1340
21.971351862	543
21.9720959663	-1420
21.9721019268	-1340
21.9934508801	-1420
21.9934668541	-1420
21.9935050011	-1300
22.0161979198	-1420
22.0162518024	-1420
22.0162558556	-1300
22.02105093	1460
22.0211160183	111
22.0677499771	-1420
22.0677669048	-1420
22.0678219795	-1300
22.0679860115	543
22.0929348469	-1356
22.1379489899	-1380
22.2874548435	-1219
22.301350832	543
22.4878818989	-1420
22.4879009724	-1420
22.4879379272	-1300
22.4881198406	543
22.4888379574	-1380
22.4897940159	-1380
22.4898610115	-1420
22.4898638725	-1340
22.4901058674	-1380
22.4906020164	-1380
22.5022268295	-1380
22.5027530193	-795
22.5344288349	-1380
22.5350129604	-1420
22.5350458622	-1340
22.5365428925	-1380
22.5366139412	-1380
22.5402460098	-1380
22.5403609276	543
22.5409948826	-1420
22.5409998894	-1420
22.5410399437	-1300
22.5418298244	-1380
22.5419178009	543
22.5427558422	-1380
22.5428988934	-1420
22.5429279804	-1340
22.5439100266	-1380
22.54398489	-1380
22.6139960289	-1420
22.6140158176	-1340
22.614948988	-1380
22.6202998161	-1380
22.6205608845	-1380
22.6206588745	-1380
22.6210179329	-1380
22.6212778091	-1380
22.6216309071	-1420
22.621696949	-1420
22.62169981	-1300
22.6217570305	-1380
22.6218960285	543
22.6223618984	-1380
22.6245918274	-1380
22.6298668385	-1380
22.6306359768	-1380
22.6315529346	-1380
22.6336607933	-1380
22.633687973	-1380
22.6337509155	-1380
22.6430749893	-543
22.6518058777	-256
22.670347929	-1420
22.6704180241	-1420
22.6704208851	-1420
22.6704688072	-1260
22.670470953	-1380
22.6705319881	-1380
22.6707010269	-1420
22.6707038879	-1340
22.6707038879	-1380
22.692401886	1460
22.6924858093	625
22.7354598045	-1380
22.7356059551	543
22.8194890022	-252
22.819963932	543
23.0633628368	-1420
23.0633809566	-1420
23.0634179115	-787
23.0635428429	543
23.2127687931	-543
23.2146439552	543
23.2149269581	543
23.2981739044	-1420
23.2981848717	-1420
23.2982399464	-1300
23.4008200169	-544
23.4228358269	-1380
23.5498838425	-191
23.5600659847	543
23.5606639385	543
23.6956748962	1057
23.6962859631	1460
23.6963429451	1460
23.6964240074	193
23.6990149021	-1057
23.8616638184	-543
24.0076799393	-1420
24.007696867	-1340
24.0965650082	-353
24.1246218681	-1420
24.1246378422	-1420
24.1246728897	-1300
24.2455558777	-30
24.2807519436	-1420
24.2807588577	-1340
24.3947899342	-867
24.3977708817	-1380
24.5437970161	-191
24.6929788589	-543
24.6932578087	543
24.7467639446	-543
24.9794127941	1460
24.9794948101	1460
24.9795379639	193
24.9803578854	543
25.1998670101	543
25.2526619434	-543
25.3662488461	-1380
25.3662648201	-1420
25.3663208485	-827
25.5152590275	-543
25.5172319412	543
25.5613369942	-1380
25.561729908	-1380
25.5622289181	-1380
25.5636298656	-1420
25.5636568069	-1340
25.5636599064	-1420
25.5636780262	-1340
25.621696949	-1420
25.621753931	-1340
25.6315348148	-1420
25.6315748692	-1340
25.6665158272	-472
25.6839230061	-1380
25.6847589016	-1380
25.6858079433	-1420
25.6858308315	-1340
25.687322855	-1420
25.6873288155	-1340
25.6874248981	543
25.6877958775	-1380
25.6878509521	-1420
25.6878778934	-1340
25.6879370213	543
25.6882688999	-1380
25.6889638901	-1380
25.6889908314	-1380
25.6891038418	-1380
25.6892559528	-1420
25.6892619133	-1340
25.6896560192	543
25.7259218693	-1380
25.7491118908	-1420
25.7491779327	-1420
25.7491819859	-1300
25.7492179871	-1420
25.7492198944	-1340
25.7494859695	543
25.7567508221	543
25.7651679516	543
25.7801280022	543
25.7835168839	-1380
25.8080608845	-1420
25.8081188202	-1340
25.808123827	-1380
25.8083219528	-1380
25.8084449768	543
25.8084938526	-1420
25.8084969521	-1340
25.8088858128	-1420
25.8088998795	-1340
25.808921814	-1420
25.8089239597	-1420
25.8089389801	-1300
25.8093829155	-1380
25.8098628521	-1380
25.8108668327	-1420
25.8108928204	-1340
25.8109610081	-1380
25.8116669655	-1420
25.8116719723	-1340
25.8125607967	-1380
25.8138968945	-1380
25.8144798279	-1420
25.814483881	-1340
25.8193979263	543
25.8223249912	543
25.8332710266	-1316
25.8334069252	543
25.9000267982	-1380
26.0234940052	-191
26.172770977	-543
26.1730179787	543
26.2332348824	-1420
26.2332508564	-1340
26.2333137989	-1380
26.2336888313	-1380
26.2340819836	-1420
26.2340888977	-1340
26.234112978	-1420
26.234115839	-1340
26.2400679588	-1380
26.241245985	-1380
26.2432949543	-1380
26.2433638573	-1420
26.2434198856	-1340
26.243885994	-1380
26.2448108196	-1380
26.245223999	-1420
26.2452549934	-1340
26.2459549904	-1380
26.2464449406	543
26.2480578423	-1420
26.248062849	-1340
26.2487668991	-1380
26.2613289356	-1380
26.2631189823	-1420
26.2631258965	-1340
26.2695529461	-1420
26.2695598602	-1340
26.2697308064	-1380
26.2712519169	-1420
26.2712829113	-1340
26.2761440277	-1380
26.2762629986	-1380
26.2764539719	-1380
26.2787549496	-1420
26.2787618637	-1340
26.2813549042	-1380
26.321849823	-741
26.3221600056	543
26.3497948647	-1420
26.3498179913	-1340
26.3499858379	-1420
26.3499908447	-1420
26.35004282	-1300
26.350178957	-1380
26.3502979279	1057
26.3503348827	-1380
26.3507969379	-1420
26.3508429527	-1420
26.3508458138	-1300
26.3516218662	-1420
26.3516318798	-1340
26.3518829346	-1380
26.3521358967	-1420
26.3521590233	-1340
26.3521609306	-1420
26.3521769047	-1340
26.3525118828	-1380
26.3528878689	543
26.3582658768	-1420
26.3582839966	-1420
26.3583498001	-1300
26.3583528996	-1380
26.3585488796	-1380
26.3595910072	543
26.4709517956	-563
26.4711008072	543
26.4715218544	543
26.6208519936	-1086
26.6244978905	543
26.6247169971	543
26.6424407959	1460
26.6425218582	111
26.8608198166	-1420
26.8608388901	-1420
26.860875845	-787
26.8631498814	543
26.9313290119	-1380
26.9332740307	543
26.9360058308	-1420
26.9360120296	-1420
26.9360527992	-1300
26.9384758472	543
26.9397618771	543
26.9774668217	-1420
26.9774799347	-1340
26.9994828701	543
27.0098588467	-1380
27.0108628273	-1366
27.0126459599	543
27.0134329796	-1420
27.01343894	-1340
27.0141108036	-1380
27.0142807961	-1380
27.0163989067	-1380
27.0167958736	543
27.0187458992	-1380
27.0212638378	-1380
27.022012949	543
27.0236208439	-1420
27.0236339569	-1340
27.0269958973	-1380
27.0289919376	-1380
27.0944488049	-1420
27.0944650173	-1340
27.0946259499	543
27.1597869396	-369
27.1602389812	543
27.2480130196	-1420
27.2480299473	-1340
27.2827038765	-1380
27.2844069004	-1420
27.2844610214	-1340
27.2845129967	-1380
27.2855229378	-1380
27.2856998444	-1420
27.2857239246	-1340
27.2874248028	-1380
27.2875859737	-1420
27.2875900269	-1340
27.28774786	-1380
27.2997629642	543
27.3004069328	-1420
27.300413847	-1420
27.3004579544	-1300
27.3028848171	-1380
27.3048448563	543
27.3057878017	-1420
27.3057999611	-1340
27.3059849739	-1380
27.3060610294	-1380
27.3064379692	-1420
27.306442976	-1340
27.3072788715	-1380
27.3085138798	-1380
27.3110659122	-1380
27.3123259544	-1420
27.3123469353	-1340
27.3451058865	543
27.3497598171	-946
27.3646018505	-1380
27.3654689789	543
27.4706988335	-1420
27.4707188606	-1340
27.4719288349	-1420
27.4719347954	-1340
27.4719629288	-1380
27.4756608009	543
27.4906778336	543
27.4914278984	543
27.5148468018	-574
27.5301208496	543
27.5304918289	543
27.6132068634	-1380
27.7048428059	-763
27.7293889523	-1380
27.845389843	-1380
27.8472290039	-1380
27.8487658501	-1380
27.8498189449	-1420
27.8498418331	-1340
27.850001812	-1380
27.8501749039	-1420
27.8501849174	-1340
27.8502979279	-1380
27.8526928425	-1380
27.8528239727	-1420
27.8528280258	-1340
27.8539919853	-1420
27.8539979458	-1340
27.8542199135	-1420
27.8542239666	-1340
27.8603048325	-1380
27.8620150089	-1420
27.8620409966	-1340
27.8642690182	-1380
27.8649878502	543
27.866658926	-1380
27.8688788414	-1380
27.8699250221	1460
27.8699758053	111
27.8704237938	-1380
27.8715529442	-1380
27.8734519482	-1380
27.874737978	-1420
27.874765873	-1340
27.8773438931	-1380
27.8778049946	-1380
27.8787119389	-1420
27.8787438869	-1340
27.8787469864	-1380
27.8819029331	-931
27.8848919868	-1420
27.8849368095	-1420
27.884939909	-1300
27.8849749565	-1380
27.8851528168	543
27.8852679729	-1420
27.8852698803	-1340
27.885589838	-1380
27.8880069256	-1420
27.8880310059	-1340
27.8880999088	543
27.8886728287	-1380
27.8888568878	-1420
27.8888800144	-1340
27.8895900249	-1420
27.8896110058	-1340
27.8897018433	-1380
27.8912148476	-1380
27.9628379345	-1420
27.962859869	-1420
27.962898016	-1300
27.9997208118	543
28.0034809113	-1420
28.0034899712	-1420
28.0035347939	-1300
28.0309228897	-857
28.0599048138	543
28.2305250168	-1057
28.2394998074	1057
28.2497208118	1460
28.2497859001	111
28.3001139164	-543
28.3300478458	-1380
28.3797647953	-705
28.3943669796	543
28.4013459682	543
28.5301718712	-543
28.6156289577	-1380
28.6816129684	-191
28.6824018955	1460
28.6824510098	111
28.6829879284	543
28.7185738087	-1380
28.7187848091	543
28.7193439007	-1420
28.7193498611	-1340
28.7198169231	-1380
28.7200369835	543
28.7201669216	-1420
28.7201709747	-1340
28.720291853	-1380
28.7207739353	-1380
28.7207980156	-1380
28.7209208012	543
28.7212748528	-1380
28.7215368748	-1380
28.721613884	543
28.721957922	-1380
28.7323930264	-1380
28.8308339119	-912
28.849588871	-1380
28.9453887939	-1420
28.945401907	-1340
28.9457929134	-1380
28.9459388256	543
28.9662458897	-1380
28.9682250023	543
28.9689698219	1460
28.9690170288	1460
28.9690518379	1161
28.9691560268	1117
28.9809579849	-926
29.0019009113	543
29.1307749748	-1420
29.130795002	-1420
29.1308310032	-787
29.1567549706	-1420
29.1567718983	-1420
29.1568169594	-1300
29.1610109806	-1420
29.1610178947	-1340
29.1660268307	-1420
29.1660339832	-1340
29.166189909	543
29.1696448326	-1420
29.1696519852	-1340
29.1718389988	-1380
29.1751539707	-1420
29.1751918793	-1340
29.1774458885	-1380
29.1964108944	-543
29.2458429337	-1380
29.2462449074	-1380
29.2502319813	-1380
29.2506709099	-1380
29.2508568764	-1380
29.252696991	-1380
29.2527289391	-1420
29.2527329922	-1340
29.2528729439	543
29.2542829514	-1420
29.2542889118	-1420
29.2543289661	-1300
29.2543969154	-1380
29.2545928955	-1380
29.2596299648	-1380
29.2597668171	543
29.2691688538	-1380
29.26917696	-1420
29.2692079544	-1340
29.2800388336	-271
29.43460989	-1057
29.4503288269	-1380
29.4505739212	543
29.4507060051	543
29.4508378506	-1380
29.4509220123	543
29.4524738789	-1380
29.4529869556	-1380
29.4530718327	543
29.4534859657	-1420
29.4534919262	-1340
29.4554679394	-1380
29.4568798542	-1380
29.4574959278	-1380
29.4607980251	-1380
29.4636409283	-1420
29.4636468887	-1340
29.4636719227	-1420
29.4636759758	-1340
29.4639480114	-1380
29.4649128914	-1380
29.4651958942	-1380
29.4653530121	-1380
29.465626955	-1380
29.4658308029	-1420
29.4658558369	-1340
29.46585989	-1380
29.4723699093	-1380
29.472452879	543
29.4747359753	-1380
29.4783279896	-1380
29.4793288708	-1380
29.4877359867	-1420
29.4877679348	-1340
29.4904108047	-1420
29.4904358387	-1340
29.4905288219	-1380
29.4927890301	-1420
29.4927949905	-1340
29.4974730015	-1420
29.4974780083	-1340
29.498363018	-1420
29.4983680248	-1340
29.4984710217	543
29.5178439617	-1380
29.5220808983	-1420
29.5221178532	-1340
29.5224428177	1057
29.5245149136	-1380
29.5271630287	-1380
29.5272688866	543
29.5297908783	-1380
29.5325570107	-1380
29.5338280201	-1380
29.5352168083	-1380
29.5370910168	-1420
29.5371057987	-1340
29.5371389389	-1380
29.5378818512	-1380
29.5650918484	-1420
29.5651028156	-1420
29.5651359558	-1300
29.5659799576	-1380
29.5676219463	-1380
29.5678009987	-1380
29.5690078735	-1380
29.5699529648	-1420
29.5699830055	-1340
29.5699858665	-1380
29.5859320164	-260
29.5878479481	543
29.5880959034	543
29.6004128456	543
29.664978981	-1420
29.6649959087	-1420
29.6650309563	-1300
29.6677060127	-1420
29.6677489281	-1420
29.6677529812	-1300
29.6710820198	-1380
29.6734468937	-1420
29.6734750271	-1340
29.6978390217	-1380
29.7050349712	1460
29.7051029205	111
29.7126638889	-1420
29.7126789093	-1340
29.7146458626	-1420
29.7146539688	-1340
29.7147579193	543
29.7175858021	-1380
29.7204539776	-1380
29.7234919071	-1380
29.7262728214	-1420
29.7263150215	-1420
29.7263178825	-1300
29.726526022	543
29.7283840179	-1420
29.7283899784	-1420
29.728443861	-1300
29.7363488674	-563
29.8294899464	-1380
29.8529598713	-1420
29.8530108929	-1340
29.8548598289	-1420
29.8548898697	-1340
29.8562428951	-1380
29.8573617935	-1380
29.8584308624	-1420
29.8584568501	-1340
29.8610749245	-1420
29.8611018658	-1340
29.8626070023	-1420
29.8626348972	-1340
29.864109993	-1380
29.8641848564	-1380
29.8649308681	543
29.8650438786	543
29.8656289577	-1420
29.8656349182	-1340
29.8657159805	-1380
29.866973877	-1380
29.8690328598	-1380
29.8715128899	-1380
29.8727338314	-1380
29.8747878075	-1420
29.8748168945	-1340
29.8760609627	-1420
29.8761048317	-1420
29.8761079311	-1300
29.8778569698	-1420
29.8778629303	-1340
29.877961874	543
29.8800828457	-1380
29.8809409142	-1380
29.882791996	-1380
29.8828718662	543
29.8846988678	-1380
29.8851978779	-1420
29.885226965	-1340
29.8869318962	-1420
29.8869559765	-1340
29.8890399933	-1420
29.8890697956	-1340
29.8904969692	-1420
29.8905320168	-1340
29.8933370113	-1420
29.893381834	-1340
29.896958828	-1380
29.8993008137	-1380
29.9004838467	-1380
29.9019470215	-1420
29.9019539356	-1340
29.9048948288	-1380
29.9068748951	-1380
29.9069738388	543
29.9086329937	-1420
29.9086368084	-1340
29.909621954	-1380
29.9119768143	-1380
29.9265608788	-540
29.9457809925	-1420
29.9458208084	-1340
29.999423027	543
29.9995260239	543
29.9995818138	543
30.0902190208	-1420
30.0902378559	-1340
30.0903019905	-1380
30.09085989	1460
30.0909049511	111
30.0946178436	-926
30.1012508869	543
30.13971591	1460
30.1398069859	1460
30.1398518085	1161
30.1399488449	89
30.206733942	-1420
30.2067530155	-1420
30.2068099976	-1420
30.2068128586	-1260
30.2193930149	543
30.243489027	-1420
30.2435078621	-1340
30.2437059879	543
30.2440979481	-1420
30.2441029549	-1340
30.2451360226	-1380
30.2456610203	543
30.2466659546	543
30.2469418049	543
30.2533318996	543
30.2829098701	-633
30.304874897	-1380
30.3055047989	-1420
30.3055119514	-1340
30.30605793	-1420
30.3060638905	-1420
30.3061108589	-1300
30.3250229359	-1420
30.3250880241	-1420
30.3250930309	-1300
30.3778758049	-1380
30.4402728081	-1420
30.4402899742	-1340
30.4407639503	1460
30.4408259392	111
30.453815937	-149
30.4818320274	1460
30.4819118977	1460
30.4819498062	193
30.529873848	1057
30.5319719315	1460
30.5320308208	625
30.5643877983	-1380
30.5848100185	-1420
30.5848779678	-1340
30.5857717991	-1380
30.5870838165	-1380
30.5873329639	-1380
30.5882878304	-1380
30.588493824	-1380
30.5899288654	1460
30.5900039673	111
30.5905468464	543
30.6072938442	-1380
30.6105120182	-1420
30.6105690002	-1420
30.6105718613	-1420
30.6106069088	-1260
30.6106688976	-1380
30.6329138279	-560
30.6334838867	-1380
30.6345000267	-1420
30.6345119476	-1340
30.6346240044	-1380
30.6374537945	-1420
30.6375098228	-1340
30.6375129223	-1380
30.6436338425	543
30.6598279476	543
30.7005038261	-1420
30.7005338669	-1340
30.7005829811	-1380
30.7059648037	-1420
30.7060089111	-1420
30.7060120106	-1300
30.7062029839	1057
30.7077629566	-1380
30.707878828	-1420
30.7079029083	-1340
30.7100470066	-1380
30.7101798058	-1420
30.7101829052	-1340
30.7102878094	-1380
30.7104859352	-1380
30.7137138844	-1380
30.715143919	-1380
30.7161610126	-1380
30.7171278	-1420
30.7171599865	-1340
30.7171638012	-1380
30.7172398567	-1380
30.7173838615	-1380
30.7175469398	-1380
30.7179458141	-1420
30.7179718018	-1340
30.7179749012	-1380
30.7219889164	543
30.7258899212	-1420
30.7258968353	-1340
30.7474899292	-1380
30.747797966	-1420
30.7478380203	-1340
30.7489650249	-1420
30.7489910126	-1340
30.7502858639	-1380
30.7509229183	-1420
30.7509279251	-1340
30.7512238026	-1380
30.7819349766	-744
30.7821187973	1057
30.8160068989	-1420
30.8160259724	-1420
30.8160698414	-1300
30.818076849	-1380
30.8193409443	-1420
30.8193469048	-1340
30.8201668262	-1420
30.820171833	-1340
30.8254849911	-1380
30.8276028633	-1380
30.8303189278	-1380
30.8303329945	-1380
30.8335719109	-1380
30.8376970291	-1420
30.8377408981	-1340
30.8404350281	-1380
30.8420968056	-1380
30.843380928	-1380
30.8445467949	-1380
30.8446519375	543
30.8447070122	-1380
30.8456308842	-1380
30.8475430012	-1380
30.8489630222	-1380
30.8512208462	-1380
30.8539979458	-1380
30.8565509319	-1380
30.8584308624	-1420
30.8584568501	-1340
30.8587968349	-1380
30.8711028099	-1380
30.8717148304	-1380
30.873693943	-1380
30.8747198582	-1380
30.8763329983	-1380
30.8793489933	-1380
30.8804349899	-1420
30.8804388046	-1340
30.8820269108	-1380
30.8833959103	-1380
30.8839769363	-1380
30.8847780228	1057
30.9309020042	-697
30.9347908497	-1380
30.9363319874	-1380
30.9391469955	-1380
30.9391758442	-1380
30.941231966	-1380
30.9429049492	-1380
30.9448289871	-1420
30.9448637962	-1340
30.9450249672	-1380
30.9481267929	-1420
30.9481389523	-1340
30.9496219158	-1420
30.9496278763	-1340
30.9512829781	-1420
30.9512879848	-1340
30.9518518448	-1380
30.9544448853	-1420
30.9544668198	-1340
30.9545519352	-1380
30.9546318054	543
31.0530018806	-1420
31.0530238152	-1420
31.0530798435	-1300
31.0539009571	1460
31.0539898872	111
31.05636096	543
31.0797770023	-401
31.0826289654	-1420
31.0826749802	-1340
31.0827558041	-1380
31.0891389847	-1420
31.0891489983	-1420
31.0892188549	-1300
31.0892219543	-1380
31.0965929031	-1420
31.0966088772	-1340
31.0969078541	-1420
31.0969128609	-1340
31.101888895	543
31.1027989388	-1380
31.1031799316	-1380
31.1032598019	543
31.1053140163	-1380
31.1065709591	-1380
31.1821119785	1460
31.1821889877	111
31.1891269684	-1380
31.1891419888	-1420
31.1891698837	-1340
31.1972768307	-1380
31.2038078308	1460
31.2038869858	1460
31.2039248943	707
31.2316329479	-400
31.2398269176	1460
31.2399008274	111
31.3149778843	-1380
31.3894338608	-191
31.3896889687	543
31.548208952	-1380
31.5494639874	543
31.550798893	543
31.5708549023	543
31.5921490192	-220
31.6655788422	-1380
31.6700139046	543
31.6705338955	543
31.749024868	-1420
31.7490448952	-1340
31.7490808964	-1380
31.7497339249	-1420
31.7497599125	-1340
31.750041008	-1380
31.750658989	-1380
31.7510249615	-1420
31.7510509491	-1340
31.7516288757	-1380
31.7521488667	-1380
31.7526769638	-1380
31.7536787987	-1420
31.7536849976	-1340
31.7543208599	-1380
31.7549798489	-1420
31.754999876	-1340
31.7558569908	-1380
31.7560839653	-1380
31.7565469742	-1420
31.7565658092	-1340
31.7568368912	-1380
31.7573449612	-1380
31.7574009895	543
31.7581758499	-1380
31.7591898441	-1380
31.7598938942	-1380
31.7615778446	-1420
31.7616209984	-1340
31.7624118328	-1420
31.76243186	-1340
31.7631988525	-1380
31.7638478279	-1380
31.7642469406	-1380
31.7649288177	-1380
31.7650568485	543
31.7652099133	543
31.7661328316	-1380
31.7674379349	-1420
31.7674868107	-1420
31.7674899101	-1300
31.7675259113	-1380
31.7809898853	-125
31.7820308208	-1380
31.8721728325	-1420
31.8721909523	-1340
31.8725588322	-1380
31.8736100197	-1380
31.8740348816	-1380
31.8746027946	-1380
31.8754668236	-1420
31.8755099773	-1340
31.8771729469	-1380
31.8782069683	-1380
31.8796038628	-1380
31.8814208508	-1380
31.8815019131	-1380
31.8833789825	-1420
31.883384943	-1340
31.8834819794	-1420
31.8834848404	-1420
31.8835029602	-1300
31.8835778236	543
31.8836560249	-1380
31.8838069439	-1380
31.8839199543	-1420
31.8839228153	-1340
31.8841638565	-1380
31.8842689991	-1420
31.8842890263	-1340
31.8848259449	-1380
31.8853709698	-1380
31.8854238987	543
31.8859319687	-1380
31.8860058784	-1380
31.8865098953	-1380
31.8871538639	-1380
31.8872230053	543
31.8877439499	-1420
31.8877489567	-1340
31.888561964	-1380
31.8890588284	-1380
31.8893139362	-1380
31.889605999	-1380
31.9026618004	-1380
31.9300298691	-962
31.9379270077	-1420
31.937942028	-1340
31.9982259274	-1420
31.9982478619	-1340
31.9993419647	-1420
31.9993479252	-1340
32.0004878044	-1380
32.0008859634	-1420
32.0009260178	-1340
32.0019538403	-1380
32.0020558834	-1420
32.0020599365	-1340
32.0030238628	-1380
32.0037457943	-1420
32.0038440228	-1340
32.0038468838	-1380
32.0040678978	-1380
32.0046789646	-1380
32.0051429272	-1380
32.0059738159	-1380
32.0077419281	-1380
32.0089039803	543
32.0091187954	-1420
32.0091228485	-1340
32.0793199539	-107
32.1026508808	-1420
32.1026918888	-1340
32.1026968956	-1380
32.1082279682	-1380
32.1083769798	543
32.108907938	-1420
32.1089129448	-1340
32.1089730263	-1380
32.1094408035	-1380
32.1098568439	-1380
32.1102108955	-1380
32.1112799644	-1380
32.1114640236	543
32.1116318703	543
32.1119019985	1460
32.111951828	111
32.1123888493	-1380
32.1127598286	-1420
32.1127998829	-1340
32.1133928299	-1380
32.1135108471	-1420
32.1135139465	-1340
32.1218049526	-1380
32.1944658756	-1420
32.1944828033	-1340
32.2520029545	-1134
32.2523210049	1057
32.2530639172	543
32.2535908222	543
32.4028158188	-1057
32.4032928944	543
32.5912518501	-1057
32.7803549767	-1086
32.7809948921	543
32.8416118622	-1420
32.8416290283	-1420
32.8416838646	-1300
32.8421850204	1460
32.8422348499	111
32.9062399864	543
32.9257400036	1460
32.9258358479	111
32.9315109253	-1087
32.9337108135	543
32.939455986	543
32.9994969368	543
32.9996068478	-1420
32.9996368885	-1420
32.9996829033	-1300
33.0017018318	543
33.0805859566	-30
33.0825169086	543
33.1493899822	-1380
33.1494088173	-1380
33.150952816	-1380
33.1514530182	-1380
33.1514778137	-1420
33.1514799595	-1340
33.1519169807	-1380
33.1527218819	-1380
33.1528258324	-1380
33.1528990269	543
33.1538248062	-1380
33.1545109749	-1380
33.1551878452	-1420
33.155192852	-1340
33.1552689075	543
33.1560938358	-1380
33.1583008766	-1380
33.1610000134	-1380
33.1623449326	-1380
33.1632080078	-1380
33.1636128426	-1420
33.16365695	-1340
33.2302179337	-77
33.2361168861	-1380
33.2661390305	-1380
33.3795688152	-925
33.3801338673	543
33.3842988014	-1380
33.3900389671	-1420
33.3900849819	-1340
33.3949189186	543
33.414899826	-1380
33.4154939651	-1380
33.4155859947	-1420
33.4155888557	-1340
33.4157140255	-1420
33.4157168865	-1420
33.4157578945	-1300
33.4169008732	-1380
33.41700387	543
33.4200088978	-1380
33.4307458401	-1380
33.430795908	-1420
33.4307999611	-1420
33.4308178425	-1300
33.4602718353	543
33.4696187973	1460
33.4696838856	111
33.5063118935	-1420
33.5063288212	-1340
33.5294229984	-180
33.5354018211	-1380
33.6506419182	-1380
33.6531789303	543
33.678508997	-382
33.6787350178	543
33.827685833	-1086
33.9236958027	-1420
33.9237129688	-1420
33.9237668514	-1300
33.9250948429	543
33.9768338203	-1087
33.9790098667	543
33.9797298908	543
33.9994649887	543
34.0210709572	-543
34.069026947	-1380
34.073666811	-1420
34.0737268925	-1420
34.0737309456	-1300
34.0739798546	543
34.0741119385	1057
34.1259629726	-764
34.1857469082	-1380
34.2752258778	-191
34.4204440117	-1380
34.4246008396	-220
34.4282360077	543
34.4624569416	1460
34.4625408649	625
34.5314629078	-1420
34.5314810276	-1420
34.5315458775	-1300
34.5737388134	-30
34.6244139671	-1420
34.6244339943	-1420
34.6244719028	-1300
34.6265468597	543
34.6922979355	-1380
34.6942880154	543
34.6951320171	543
34.7615878582	-793
34.7695798874	543
34.9116029739	-1057
34.9802298546	543
35.0625309944	-543
35.0627388954	543
35.0830109119	543
35.1002168655	543
35.2131547928	-1057
35.2136750221	1460
35.213727951	111
35.3336589336	-1380
35.3623127937	-763
35.3929228783	543
35.5117218494	-1057
35.9848279953	-1420
35.9848918915	-151
36.101184845	-1420
36.1012749672	-1340
36.1085410118	543
36.1337280273	-353
36.2143399715	-1380
36.219192028	-1380
36.2197928429	1460
36.2198469639	1460
36.2198848724	193
36.3353528976	543
36.3379797935	-411
36.6642668247	1057
36.6650729179	1057
36.8564279079	-1420
36.8564839363	-665
37.229973793	-543
37.2303349972	543
37.6699678898	1057
37.9709379673	-1420
37.9709649086	-1420
37.9710848331	-787
38.1199998856	-1057
38.3089728355	-543
38.311041832	543
39.0242509842	-543
39.0250790119	543
39.7407829762	-1380
39.7407968044	-1420
39.7408308983	-313
39.8571918011	-563
