0	543
0.999079227448	543
1.56509709358	-543
2.86931300163	-543
3.68007707596	543
3.69218921661	543
3.85951018333	-543
4.1280310154	-543
4.13968205452	543
4.54521822929	-1420
4.54524302483	-1420
4.54529500008	-787
4.5573182106	-1420
4.55738806725	-1316
4.55739212036	-1368
4.57803702354	543
4.58125114441	-1420
4.5812561512	-1316
4.60974907875	543
4.61047101021	543
4.61066007614	543
4.66484308243	-443
4.83496022224	-543
4.86204600334	-1420
4.86209321022	-1316
4.87404918671	-1420
4.8740940094	-1420
4.87413716316	-1264
4.87956404686	543
4.90012407303	-1420
4.90013408661	-1316
4.90018606186	-1368
4.93610405922	-1420
4.93616104126	-1420
4.93616509438	-1264
4.98064112663	-1368
4.98160815239	-264
5.0043990612	-1420
5.00441217422	-1316
5.02549600601	-1420
5.02551317215	-1420
5.02555513382	-1264
5.07632017136	-1368
5.10030508041	-1420
5.10032606125	-1316
5.10045003891	-1368
5.10057616234	543
5.10152816772	-683
5.11286711693	-1420
5.11291122437	-1316
5.12238311768	-1368
5.13207507133	-1420
5.13208007812	-1316
5.14002513885	-1368
5.14820504189	-1420
5.14825820923	-1316
5.15600013733	-1368
5.17751312256	-1368
5.18445014954	-1368
5.18466210365	-1368
5.19232702255	-1420
5.19237518311	-1420
5.1923789978	-1264
5.19348621368	1460
5.19353604317	111
5.20002317429	-1368
5.20880508423	-1368
5.21716618538	-1368
5.21731114388	543
5.2250931263	-1420
5.22511816025	-1316
5.23255801201	-1420
5.23256802559	-1420
5.23261404037	-1420
5.23261713982	-198
5.24863314629	-1420
5.24864315987	-1420
5.24869418144	-1264
5.25667905807	-1368
5.26433515549	-1420
5.26434111595	-1316
5.36816811562	-132
5.36832118034	543
5.4535150528	-1368
5.46061110497	-1420
5.46066617966	-1420
5.46067118645	-1264
5.46853113174	-1420
5.46854305267	-1420
5.4685921669	-1264
5.48279619217	-1368
5.48287510872	-1420
5.48288106918	-1316
5.4884622097	-886
5.49476504326	-1420
5.49482703209	-1316
5.50068306923	-1368
5.51598906517	-1420
5.51600313187	-1420
5.51605606079	-1264
5.52247714996	-1420
5.52251005173	-1316
5.53080010414	-1368
5.53098201752	543
5.53651118279	-1420
5.53651809692	-1316
5.54350399971	-1368
5.54900503159	-1420
5.54904103279	-1316
5.55574822426	-1368
5.56896710396	-1420
5.56898403168	-1420
5.56904006004	-1264
5.56915616989	543
5.57675909996	-1420
5.57676911354	-1316
5.58228111267	-1420
5.58228802681	-1316
5.58925318718	-1420
5.58926510811	-1420
5.58931612968	-1264
5.5957159996	-1420
5.59577012062	-1420
5.59577417374	-1264
5.61509418488	-739
5.61510920525	-1420
5.61517310143	-1316
5.6154820919	543
5.62450003624	-1368
5.62481117249	1460
5.62486100197	1460
5.62489700317	1161
5.62645316124	89
5.63111805916	-1420
5.63112401962	-1316
5.6374130249	-1368
5.64989519119	-1420
5.64996123314	-1420
5.64996504784	-1264
5.65670609474	-1420
5.65671420097	-1316
5.66249918938	-1368
5.66984701157	543
5.67097115517	-1420
5.67097711563	-1316
5.67696022987	-1368
5.67758202553	1057
5.68379807472	-1420
5.68380522728	-1316
5.69036006927	-1368
5.69047403336	543
5.70475816727	-1420
5.70478415489	-1316
5.7110350132	-1420
5.71105003357	-1420
5.71108317375	-1264
5.71638512611	-1420
5.71645116806	-1420
5.71645712852	-1264
5.72994804382	-1420
5.72996616364	-1420
5.73002505302	-1264
5.73016905785	543
5.73464822769	-428
5.74468302727	-1420
5.74474716187	-1420
5.74475216866	-1264
5.75438308716	-1420
5.75440216064	-1420
5.75443911552	-1264
5.75665616989	-1420
5.75670218468	-1420
5.7567050457	-1264
5.76008415222	-1420
5.7600941658	-1420
5.76014113426	-1264
5.76026320457	543
5.76357913017	-1420
5.76359701157	-1316
5.82407522202	-1420
5.82410311699	-1316
5.82846212387	-1368
5.82885313034	-1420
5.82889699936	-1316
5.82896900177	-1368
5.83573913574	-1368
5.83581209183	-1368
5.84025812149	-1420
5.84026408195	-1420
5.84030508995	-1264
5.84561800957	-1420
5.84565711021	-1316
5.84606122971	-1420
5.84609413147	-1316
5.84618616104	-1420
5.84618806839	-1316
5.8463101387	543
5.84957408905	-1420
5.84957909584	-1420
5.84961414337	-1264
5.84972810745	-1368
5.84984016418	543
5.84993004799	-1368
5.85385012627	-1368
5.85388922691	-1420
5.85389208794	-1316
5.85399222374	543
5.85705304146	-1420
5.85705804825	-1420
5.85710215569	-1264
5.86179304123	-1368
5.86186122894	-1420
5.86186408997	-1316
5.86199116707	-1368
5.864164114	-1420
5.86420321465	-1420
5.86420702934	-1408
5.8738181591	-1368
5.87497711182	-1420
5.87503314018	-1316
5.87503600121	-1368
5.8791642189	1057
5.88701415062	-1420
5.88704419136	-1420
5.88709807396	-1264
5.88724422455	543
5.94367003441	-1420
5.94368600845	-1420
5.94374322891	-1264
5.99355506897	-401
5.99573922157	543
5.99770116806	543
5.99956703186	543
5.99962306023	543
6.00834012032	543
6.11807703972	-1420
6.11809420586	-1420
6.11815619469	-1264
6.12829899788	-66
6.20517802238	-1368
6.21146917343	543
6.21501111984	543
6.216173172	543
6.28753614426	-775
6.44731712341	-1057
6.45064806938	543
6.56705617905	-543
6.68701720238	-543
6.8233602047	-1368
6.82439208031	543
6.84623122215	-746
6.85612201691	543
6.97548723221	-1420
6.97550606728	-1316
6.97564601898	-1420
6.9756500721	-1316
6.98554706573	-1420
6.98556113243	-1420
6.98560118675	-1420
6.98560404778	-1212
6.98562121391	-1420
6.9856262207	-1316
6.98596119881	543
6.99689221382	-1368
6.99957919121	543
6.9996612072	543
7.02851104736	-1089
7.10279202461	1057
7.12369418144	1460
7.12379717827	625
7.14791202545	-1057
7.16049003601	1460
7.16056323051	625
7.30089521408	543
7.32120800018	1057
7.32144808769	1460
7.32153010368	111
7.32597017288	-1420
7.32598304749	-1420
7.3260140419	-273
7.33088707924	-1420
7.33094406128	-1316
7.33623218536	-1420
7.33629608154	-1420
7.33629918098	-1264
7.35246801376	-1420
7.35248422623	-1420
7.35254001617	-1264
7.37719511986	-1420
7.37725710869	-1316
7.37726211548	-1368
7.39281415939	-1368
7.40719413757	-1420
7.40727519989	-1420
7.40727901459	-1264
7.41286802292	-1420
7.4128780365	-1420
7.41291022301	-1264
7.42366909981	543
7.4239192009	-1420
7.42392301559	-1420
7.42396807671	-1264
7.43483614922	-1420
7.43490099907	-1420
7.43490600586	-1264
7.44485521317	-1368
7.44574308395	-217
7.45048618317	-1420
7.45049118996	-1316
7.4565911293	-1420
7.45659708977	-1420
7.45663905144	-1264
7.46954917908	-1420
7.46958613396	-1316
7.46967411041	543
7.47541117668	-1420
7.47541904449	-1316
7.48144817352	-1420
7.48146009445	-1420
7.48151016235	-1264
7.48279619217	543
7.48822021484	-543
7.49374008179	-1420
7.49376320839	-1420
7.49379920959	-1264
7.49876403809	-1420
7.49880409241	-1316
7.49880719185	-1368
7.51252102852	-1420
7.51253914833	-1420
7.51257514954	-1264
7.51279211044	543
7.52181506157	-1420
7.52182102203	-1420
7.52186107635	-1264
7.53328514099	-1368
7.53832006454	-1420
7.5383272171	-1316
7.53862810135	1460
7.53868508339	111
7.54277920723	-1420
7.54278302193	-1420
7.54282212257	-1264
7.54954314232	543
7.55047702789	-1420
7.55048322678	-1420
7.55052709579	-1264
7.55964207649	1460
7.55970811844	111
7.56183314323	-1420
7.56183815002	-1420
7.56187915802	-1264
7.56552910805	-705
7.56962704659	543
7.58018517494	-1420
7.58019304276	-1420
7.58024001122	-1264
7.58566617966	-1420
7.58571505547	-1420
7.58571815491	-1264
7.58999800682	543
7.59024214745	543
7.60036110878	-1420
7.60036921501	-1420
7.60040616989	-1264
7.60050606728	543
7.61351418495	-1420
7.61352705956	-1420
7.61357808113	-1264
7.6157450676	543
7.63123703003	-1420
7.6312520504	-1316
7.63131999969	-1368
7.63687419891	-1420
7.63692712784	-1420
7.63693022728	-1264
7.64831805229	-1420
7.64832401276	-1420
7.64836907387	-1264
7.66194820404	-1420
7.66200208664	-1420
7.66200613976	-1264
7.6743710041	-1368
7.68234801292	-1420
7.68239617348	-1316
7.69100308418	-1420
7.69105410576	-1420
7.6910572052	-1264
7.69984507561	-1203
7.70455503464	543
7.70572113991	-1420
7.7057261467	-1316
7.70576620102	-543
7.71170115471	-1368
7.71717000008	-1420
7.71721601486	-1316
7.7231991291	-1368
7.73648810387	-1420
7.7364962101	-1420
7.73654007912	-1264
7.74724602699	-1420
7.74729609489	-1316
7.75080108643	-1368
7.7541000843	-1368
7.75415802002	-1368
7.75779414177	-1368
7.76033616066	-1420
7.76037812233	-1316
7.7623231411	-1368
7.76456403732	543
7.76469302177	543
7.766903162	-1420
7.76690816879	-1420
7.76694822311	-1264
7.76961612701	-1420
7.76965713501	-1316
7.77194213867	-1368
7.77441215515	-1420
7.77441620827	-1420
7.77446722984	-1264
7.77907204628	-1420
7.77912306786	-1316
7.7791261673	-1368
7.78311014175	-1420
7.78312206268	-1420
7.78315114975	-1264
7.78404402733	-1420
7.78407812119	-1316
7.78420901299	-1368
7.7877831459	-1420
7.78778815269	-1420
7.78782820702	-1264
7.78804922104	543
7.78960204124	-1420
7.78960800171	-1420
7.7896502018	-1264
7.79132699966	-1368
7.79251408577	-1420
7.79252099991	-1316
7.79338717461	-1420
7.79339122772	-1316
7.79349017143	-1368
7.79519510269	-1420
7.79525113106	-1420
7.79526209831	-1264
7.79723215103	-1420
7.7972381115	-1420
7.79728221893	-1264
7.79746818542	543
7.79910612106	-1368
7.79918813705	543
7.79935503006	-1420
7.79936003685	-1316
7.80007219315	-1368
7.80017399788	-1420
7.80020713806	-1316
7.80162000656	-1420
7.80166220665	-1420
7.801664114	-1264
7.80235600471	-1368
7.80324721336	-1368
7.80331301689	-1368
7.8044090271	-1368
7.80607414246	-1420
7.80607914925	-1420
7.80611920357	-1264
7.80681800842	-1420
7.80685305595	-1316
7.8075761795	-1368
7.80827713013	-1368
7.809030056	-1420
7.80905222893	-1316
7.80910921097	-1368
7.8097782135	-1368
7.81046009064	-1420
7.81050109863	-1420
7.81050419807	-1264
7.81100821495	-1420
7.81101107597	-1316
7.81168723106	543
7.81172323227	-1368
7.81231713295	-1420
7.81234121323	-1316
7.81326723099	-1368
7.81385016441	-1420
7.8138551712	-1316
7.81446909904	-1368
7.81454515457	-1420
7.81456804276	-1316
7.81460022926	543
7.81559801102	-1368
7.81640815735	-1368
7.81720900536	-1420
7.8172121048	-1316
7.81740307808	-1420
7.81740617752	-1316
7.81747722626	-1368
7.81798315048	-1420
7.81800317764	-1316
7.81907510757	-1420
7.81911420822	-1420
7.81911611557	-1264
7.8191511631	-1368
7.8195772171	543
7.82534503937	-1420
7.82535219193	-1316
7.82547521591	-1420
7.82547903061	-1420
7.82549715042	-1264
7.82549905777	-1368
7.83765506744	-1368
7.83783102036	-1368
7.83786416054	-1368
7.8380150795	-1368
7.83808016777	543
7.83828306198	-1420
7.83828806877	-1316
7.85644412041	-1420
7.85646009445	-1420
7.85654020309	-1420
7.85654306412	-1212
7.856580019	-1420
7.85658216476	-1420
7.85662412643	-1264
7.85662722588	-1368
7.86690306664	-1420
7.86691117287	-1420
7.86696004868	-1264
7.86696314812	-1368
7.87402510643	-1420
7.87403106689	-1316
7.87416505814	-1368
7.87426114082	-1368
7.87439203262	543
7.87456011772	543
7.87778711319	-1420
7.87779211998	-1420
7.87783622742	-1237
7.88006806374	-1420
7.88011622429	-1420
7.88012003899	-1420
7.88015604019	-1212
7.88651013374	-1420
7.8865442276	-1420
7.88654708862	-1264
7.88658213615	-1420
7.8865840435	-1420
7.88660001755	-1264
7.88942718506	-1420
7.88955712318	-1420
7.88956022263	-1264
7.88959622383	-1420
7.88959908485	-1316
7.88963222504	-1368
7.89430713654	-1420
7.89437913895	-1420
7.89438319206	-1264
7.89444208145	-1420
7.89444518089	-1293
7.89451313019	-1420
7.89451503754	-1316
7.89455223083	-1368
7.89455413818	-1368
7.89871311188	-1420
7.89872002602	-1420
7.8987622261	-1264
7.89876413345	-1368
7.90293812752	-1420
7.90295100212	-1420
7.90298819542	-1264
7.90299105644	-1420
7.90310001373	-1420
7.9031021595	-1264
7.90313816071	-1420
7.90314006805	-1316
7.90382218361	-1420
7.90382504463	-1420
7.90390515327	-1264
7.9039080143	-1368
7.90406322479	543
7.90452313423	543
7.90520119667	1460
7.90524816513	111
7.90748119354	-1420
7.90748715401	-1420
7.90752005577	-1264
7.90752220154	-1420
7.90753912926	-1420
7.90754103661	-1264
7.90755605698	-1368
7.90762019157	-1368
7.9077091217	543
7.9093811512	-1420
7.90938711166	-1316
7.90940999985	-1420
7.90941214561	-1420
7.90942811966	-1264
7.909471035	-1368
7.91210913658	-1368
7.91345906258	-1420
7.91350221634	-1420
7.91350507736	-1264
7.94637918472	-1420
7.946393013	-1420
7.94645309448	-1264
7.96605205536	-1420
7.96611118317	-1316
7.96626114845	543
7.96689605713	-1420
7.96690201759	-1420
7.96695423126	-1264
7.96722817421	-1420
7.96728301048	-1420
7.96728801727	-1264
7.96896219254	-1368
7.96905112267	543
7.96919608116	-1420
7.9691991806	-1420
7.9692401886	-1264
7.96938300133	-1420
7.96940612793	-1316
7.96986413002	-1368
7.97017908096	-1420
7.97018408775	-1316
7.97057318687	-1420
7.97057819366	-1420
7.97061800957	-1264
7.97062110901	-1368
7.97737812996	-1420
7.9773850441	-1316
7.97742009163	-1368
7.97750520706	543
7.9779510498	-1420
7.97795701027	-1316
7.97819113731	-1368
7.97819709778	-1420
7.97823619843	-1316
7.97823905945	-1368
7.97918820381	-1420
7.9791932106	-1420
7.97924613953	-1264
7.97950100899	-1368
7.98001003265	-1420
7.9800131321	-1316
7.98032212257	-1420
7.98032617569	-1316
7.99167609215	-1420
7.99168419838	-1316
7.99180412292	543
8.00959420204	543
8.01411819458	-1152
8.01974105835	1057
8.02187299728	1057
8.08551621437	-1420
8.08553814888	-1316
8.08609223366	-1420
8.08609819412	-1420
8.08614206314	-1264
8.08632016182	-1420
8.08635401726	-1420
8.08635616302	-1264
8.08648109436	543
8.08680820465	-1420
8.08681416512	-1316
8.08691310883	-1420
8.08691620827	-1316
8.09036922455	543
8.09202814102	-543
8.09628915787	-1420
8.09629511833	-1420
8.09635615349	-1264
8.09635901451	-1420
8.09647917747	-1420
8.09648108482	-1264
8.09651708603	-1420
8.0965192318	-1316
8.09656214714	-1420
8.09656500816	-1316
8.09659910202	-1368
8.09675621986	543
8.10174703598	543
8.11092710495	543
8.11113619804	543
8.13419413567	-1353
8.14212203026	543
8.14234900475	543
8.20399999619	-1420
8.20402908325	-1316
8.23113417625	543
8.23139619827	543
8.25404000282	-891
8.26420712471	-1420
8.26424717903	-1316
8.27493810654	-1368
8.2800052166	543
8.28021502495	543
8.2958791256	543
8.29614210129	543
8.29640722275	543
8.29660010338	543
8.32684111595	-1368
8.37399411201	-1355
8.38202905655	-1368
8.38224220276	-1368
8.38472819328	543
8.3851981163	543
8.39303421974	-1368
8.41267204285	-1420
8.41273903847	-1420
8.41274404526	-1264
8.41390013695	-1420
8.41391420364	-1316
8.42714118958	-1368
8.46289110184	-1368
8.46295809746	-1420
8.46296215057	-1316
8.4822781086	543
8.48292016983	543
8.48439407349	543
8.48514223099	-1368
8.4853219986	543
8.49398517609	-1039
8.50527906418	543
8.50562620163	543
8.50875306129	-1368
8.51251006126	543
8.5446331501	1057
8.56066703796	-1420
8.5606751442	-1316
8.57008600235	543
8.5703701973	543
8.57064008713	543
8.57086920738	543
8.57824206352	543
8.57850718498	543
8.57878518105	543
8.57897210121	543
8.59213900566	-1368
8.61415910721	-1326
8.65498304367	543
8.65522503853	543
8.6647632122	543
8.66500520706	543
8.67496609688	543
8.67522716522	543
8.68860507011	543
8.68885207176	543
8.69219708443	-1368
8.69739413261	543
8.70159101486	-1368
8.70560121536	-1420
8.70564317703	-1316
8.70952820778	-1368
8.70971012115	-1368
8.72017216682	543
8.72046709061	543
8.72075104713	543
8.72096800804	543
8.72253513336	-543
8.73396706581	-1247
8.75724720955	543
8.75963401794	543
8.77970409393	-1420
8.77972102165	-1420
8.77977514267	-1264
8.78913617134	-1368
8.79347705841	-1420
8.7934820652	-1420
8.79352402687	-1264
8.80538320541	-1420
8.80544710159	-1420
8.80545115471	-1264
8.80973410606	1460
8.80978918076	625
8.81327700615	-1368
8.81643605232	-1420
8.81647801399	-1420
8.81648111343	-1264
8.82358908653	-1368
8.83463001251	-1368
8.83472418785	-1420
8.83472800255	-1316
8.83798909187	543
8.8405520916	-1420
8.84055805206	-1420
8.84061121941	-1264
8.85171103477	-1420
8.85176801682	-1420
8.85177206993	-1264
8.85373806953	-130
8.86055421829	543
8.86349511147	543
8.87011623383	543
8.8703391552	543
8.87040615082	-1420
8.87041115761	-1316
8.87143206596	-1420
8.87143707275	-1420
8.87156701088	-1264
8.87157011032	-1420
8.87160515785	-1316
8.87201905251	-1420
8.87206506729	-1420
8.87206816673	-1264
8.87240719795	-1368
8.87331700325	543
8.88002920151	-1420
8.88004207611	-1420
8.88009619713	-1264
8.88564920425	543
8.88958716393	-1420
8.88959503174	-1420
8.88964319229	-1264
8.89127016068	-1368
8.8918170929	-1368
8.90986919403	-1420
8.90992712975	-1420
8.90993118286	-1264
8.91107821465	543
8.9346370697	543
8.94222021103	-1420
8.94223117828	-1420
8.942289114	-1264
8.94683218002	543
8.94720101357	543
8.94746518135	543
8.9476981163	543
8.94788408279	543
8.97365403175	-760
8.97480201721	-1420
8.97485423088	-1316
8.98534917831	-1368
8.98602700233	543
8.98621606827	543
8.98626303673	-1368
8.98949718475	1086
9.00460314751	-1420
9.00462818146	-1316
9.01888418198	-1420
9.01889920235	-1420
9.01895618439	-1264
9.03206110001	-1368
9.06711816788	-1420
9.06713700294	-1316
9.07117915154	-1420
9.07118916512	-1316
9.09356713295	-699
9.10717511177	-1420
9.1072371006	-1316
9.10724115372	-1368
9.10742211342	-1420
9.10742616653	-1316
9.11237716675	-1420
9.11238312721	-1420
9.11242818832	-1264
9.11243414879	-1368
9.11957001686	543
9.12358117104	-1368
9.127202034	-1420
9.12725019455	-1420
9.12725305557	-1264
9.12918806076	-1368
9.14067721367	-1368
9.15218806267	-1368
9.15224719048	-1368
9.19579410553	1460
9.19589018822	111
9.20438408852	1057
9.21272802353	543
9.21328616142	-1308
9.21564912796	1057
9.23119211197	543
9.27410006523	-1368
9.27515411377	1460
9.27745103836	111
9.33350419998	-1289
9.34185910225	543
9.34247708321	543
9.34271502495	543
9.35281419754	-1420
9.35282111168	-1316
9.40821814537	-1368
9.41204118729	-1420
9.41209506989	-1316
9.41310119629	-1420
9.41314816475	-1420
9.41315221786	-1264
9.41563105583	-1420
9.4156370163	-1420
9.41568207741	-1264
9.41867804527	-1420
9.4187271595	-1420
9.41873121262	-1264
9.41980099678	543
9.42012214661	543
9.42234706879	-1420
9.42235207558	-1420
9.4224011898	-1264
9.42629313469	-1368
9.4283452034	-1420
9.42835021019	-1316
9.42976808548	-1368
9.42983818054	-1420
9.42987012863	-1316
9.42993307114	543
9.43256402016	-1420
9.43257021904	-1420
9.4325940609	-1264
9.43428111076	-1368
9.43587303162	-1420
9.43587708473	-1316
9.43607902527	543
9.43721818924	-1368
9.44052505493	-1420
9.44057202339	-1420
9.44057512283	-1264
9.44410610199	-1420
9.44411015511	-1316
9.4485001564	-1420
9.44850921631	-1420
9.44855618477	-1264
9.45021104813	-1420
9.45024514198	-1316
9.45192718506	-1368
9.45306611061	-178
9.45408606529	-1368
9.45676803589	543
9.47325801849	-1420
9.47327613831	-1420
9.47331500053	-1264
9.47400403023	543
9.47422409058	1057
9.49506211281	-1368
9.4963850975	-1368
9.50979018211	1057
9.53973221779	-1368
9.55952715874	543
9.57320022583	-965
9.57468914986	543
9.57494401932	543
9.63865423203	-1420
9.63867211342	-1420
9.63872909546	-1264
9.64842319489	543
9.65462112427	543
9.69296121597	-609
9.7323281765	-1368
9.74101305008	1057
9.77920508385	-1368
9.78403806686	-1420
9.7840950489	-1420
9.78409814835	-1264
9.79044604301	1057
9.80074501038	-1420
9.80075407028	-1420
9.80080914497	-1264
9.81251716614	-53
9.86631417274	-1420
9.86633205414	-1420
9.86638903618	-1264
9.87826418877	543
9.8785431385	543
9.92319202423	-1368
9.92666220665	543
9.92690420151	543
9.93224620819	-1326
9.98420619965	-1368
9.99960517883	543
9.99970817566	543
10.0522642136	-746
10.0524570942	543
10.1080751419	-1368
10.1209080219	-1420
10.1209640503	-1420
10.1209690571	-1264
10.1720690727	-298
10.3312861919	-543
11.5023441315	543
11.5030581951	1057
11.5036830902	543
11.5039319992	1057
11.5428161621	1057
11.5436160564	543
11.5497112274	543
11.648578167	-543
11.6845400333	-1368
11.7688760757	-746
11.8109390736	-1368
11.8743531704	-1420
11.8744342327	-1420
11.8744871616	-1264
11.875688076	543
11.8885550499	-298
11.9996111393	543
12.0660750866	-543
12.066478014	1057
12.2451820374	-1420
12.2451970577	-1420
12.2452661991	-273
12.2625551224	-1368
12.3041510582	-1420
12.304169178	-1316
12.3648581505	-1123
12.3850140572	1057
12.3871860504	1057
12.3913011551	1057
12.4029521942	1057
12.4107091427	1057
12.4211871624	1057
12.4296982288	1057
12.4348311424	1057
12.4418292046	1057
12.4501202106	1057
12.45225811	1057
12.4546661377	1057
12.4626100063	1057
12.4683442116	1057
12.4762721062	1057
12.48498106	-543
12.4855790138	1057
12.4956161976	1057
12.4978010654	1057
12.5050501823	1057
12.5070772171	1057
12.5153751373	1057
12.517370224	1057
12.5265331268	1057
12.529004097	1057
12.5568151474	-1420
12.5568311214	-1420
12.55686903	-1264
12.5815181732	-1368
12.5931050777	-1420
12.5931141376	-1316
12.611271143	543
12.6168510914	-1420
12.6168751717	-1420
12.6169102192	-1264
12.6298182011	-1368
12.6328821182	-1420
12.6328880787	-125
12.6335630417	-1420
12.6335690022	-1316
12.6341741085	543
12.6452322006	-1420
12.6452531815	-1316
12.6460180283	-1368
12.6508710384	543
12.653496027	-1420
12.6535010338	-1316
12.6666791439	543
12.6691021919	543
12.669200182	-1368
12.6761171818	543
12.6822180748	-1368
12.6863322258	543
12.690320015	-1420
12.6903290749	-1420
12.6903781891	-1264
12.6907360554	543
12.6919481754	543
12.6941690445	543
12.7025401592	543
12.7043640614	-1368
12.7127211094	543
12.7129991055	543
12.7152061462	-1420
12.715211153	-1316
12.7184011936	-1368
12.7185361385	543
12.7197921276	543
12.7270720005	-1420
12.7270770073	-1316
12.7271301746	-1368
12.7400550842	543
12.7403311729	543
12.7409961224	543
12.7434082031	-1420
12.7434160709	-1316
12.7436330318	543
12.7534840107	-1063
12.756016016	543
12.7569680214	543
12.7571752071	1057
12.7728090286	543
12.7731151581	-1420
12.7731211185	-1316
12.7742550373	543
12.7745401859	543
12.7756130695	543
12.7759752274	543
12.7814872265	-1420
12.781493187	-1420
12.7815279961	-1264
12.7834820747	-1368
12.8022320271	-1420
12.8022542	-1420
12.8022871017	-1264
12.8054511547	543
12.8169522285	-1420
12.8169691563	-1420
12.8170051575	-1264
12.8193762302	543
12.8200480938	-1368
12.8225262165	-1368
12.8251261711	543
12.8284301758	-1368
12.8360071182	543
12.8397250175	-1420
12.8397340775	-1420
12.8397841454	-1264
12.8532500267	-1368
12.860435009	543
12.8793590069	-1287
12.8842720985	-1420
12.8843021393	-1316
12.8995652199	-1420
12.8996040821	-1420
12.8996081352	-1264
12.9055821896	543
12.9088680744	-1368
12.909014225	-1368
12.9095990658	543
12.9278721809	-1420
12.9278810024	-1420
12.9279282093	-1264
12.9284551144	543
12.9339962006	-1420
12.9340000153	-1316
12.9572501183	-1368
12.9723980427	-1420
12.9724740982	-1316
12.9820082188	-1420
12.9820590019	-1316
12.9934720993	-1420
12.9935081005	-1316
12.9993591309	-1113
12.9996631145	543
13.0046520233	543
13.0078670979	-1420
13.0078721046	-1316
13.0346460342	-1368
13.0368721485	543
13.0371301174	-543
13.0458700657	-1368
13.0480952263	1057
13.0487852097	543
13.0490050316	543
13.0604012012	-1368
13.0673911572	1057
13.0681831837	543
13.0684380531	543
13.0711791515	-1420
13.0711841583	-1316
13.0783541203	-1368
13.0857150555	-1420
13.0857582092	-1420
13.0857610703	-1264
13.0917830467	-1368
13.0966150761	543
13.0968551636	-1368
13.0969932079	1057
13.1023271084	543
13.110022068	-1368
13.1249480247	-1271
13.1252031326	-1420
13.1252081394	-1316
13.1282942295	1057
13.133010149	-1420
13.1330161095	-1420
13.1330580711	-1264
13.1338691711	543
13.1341340542	543
13.1344571114	543
13.1347911358	543
13.1383931637	-1420
13.1384072304	-1316
13.1520090103	-1420
13.1520161629	-1420
13.1520621777	-1264
13.1572911739	-1368
13.1612401009	543
13.1694881916	543
13.1701931953	1057
13.1705350876	1057
13.1712222099	543
13.1714651585	543
13.183175087	-1368
13.2016961575	543
13.216340065	-1420
13.2163522243	-1420
13.2164061069	-1264
13.2355651855	-1368
13.2378160954	543
13.244669199	-19
13.282916069	-1420
13.2829802036	-1420
13.2829840183	-1264
13.2838811874	-1420
13.2838861942	-1420
13.2839272022	-1264
13.2882561684	-1420
13.2883150578	-1420
13.2883191109	-1264
13.288446188	543
13.3006491661	1057
13.3014140129	-1420
13.3014202118	-1316
13.3144741058	-1420
13.3144881725	-1316
13.3258330822	-1368
13.3431122303	-1368
13.3441371918	-1368
13.3452911377	-1420
13.3453161716	-1316
13.348703146	-1368
13.3634722233	-1368
13.3642342091	-375
13.3818950653	-543
13.390581131	543
13.3945012093	-1368
13.3954370022	1460
13.3955070972	625
13.3996181488	1460
13.3996751308	1460
13.399711132	1161
13.3998291492	603
13.4069871902	543
13.4072442055	543
13.4074962139	543
13.407736063	543
13.4148712158	543
13.4152071476	543
13.4155261517	543
13.4157781601	543
13.4160721302	543
13.4162712097	543
13.4202971458	-1420
13.4203021526	-1420
13.4203441143	-1264
13.4325082302	543
13.432806015	543
13.4382901192	-1368
13.4562320709	543
13.4576120377	543
13.4578390121	543
13.4591720104	1057
13.4736971855	-1368
13.5151350498	-1247
13.5278542042	543
13.528632164	-1368
13.5347239971	1057
13.5679731369	-1368
13.5774981976	1057
13.5836892128	-1420
13.5836970806	-1316
13.5929791927	-1368
13.5930650234	-1368
13.6016111374	-1368
13.6043810844	-1420
13.6044890881	-1420
13.6044940948	-1264
13.6104240417	-1420
13.6104381084	-1420
13.6104781628	-1264
13.6208031178	-1420
13.6208641529	-1316
13.6249070168	1057
13.6277031898	-1368
13.6278870106	-1420
13.627915144	-1420
13.627918005	-1264
13.6347541809	-288
13.6373620033	543
13.6376721859	-1420
13.6376771927	-1420
13.637720108	-1264
13.6404340267	543
13.664427042	1460
13.66933918	111
13.6856100559	-1420
13.6856310368	-1316
13.6928792	543
13.6983561516	1057
13.698923111	543
13.6991491318	1057
13.6998510361	543
13.7001621723	543
13.7097201347	543
13.7100260258	543
13.7104330063	543
13.710693121	543
13.7110230923	543
13.7112522125	543
13.7117171288	543
13.7119312286	1057
13.7536802292	-1368
13.7575621605	-704
13.7577440739	543
13.7854011059	1057
13.7862610817	543
13.7866070271	543
13.7869141102	543
13.787168026	543
13.7981162071	-1368
13.8015201092	543
13.8017041683	543
13.848293066	-1368
13.8530030251	543
13.8605761528	543
13.8608510494	543
13.8616611958	-1368
13.8773450851	-696
13.9124560356	-1368
13.9324212074	-1420
13.9324600697	-1316
13.9424741268	543
13.9427521229	543
13.9486141205	-1368
13.9559111595	-1368
13.9605431557	-1368
13.9613060951	543
13.9615540504	1057
13.9644320011	-1420
13.9644370079	-1316
13.9741711617	-1368
13.9770040512	-1368
13.9879081249	-1368
13.9918651581	1460
13.9973611832	-1321
13.9974131584	1460
13.9974582195	193
14.0012340546	543
14.0195951462	1460
14.0196750164	1139
14.020070076	543
14.0207920074	543
14.0210430622	543
14.0212521553	543
14.0231130123	-1420
14.0231192112	-1316
14.0264651775	543
14.0267541409	543
14.0599200726	-1420
14.0599322319	-1316
14.0688931942	-1368
14.0734519958	-1420
14.0735061169	-1420
14.0735092163	-1264
14.077450037	-1368
14.0814471245	-1420
14.0814831257	-1316
14.0849680901	-1368
14.0898752213	-1368
14.0941832066	1460
14.0942850113	1460
14.0943250656	193
14.0947730541	543
14.0949931145	543
14.10714221	543
14.1104121208	-1420
14.1104290485	-1420
14.1104660034	-1264
14.1168401241	543
14.1169400215	-19
14.1188440323	543
14.190680027	-1368
14.1948041916	543
14.1951460838	543
14.2065382004	-1420
14.2065460682	-1316
14.2200171947	-1420
14.2200260162	-1316
14.2226130962	543
14.2228860855	1057
14.2366800308	-1015
14.246915102	1057
14.2474651337	1057
14.2670590878	-1420
14.2670781612	-1316
14.2695231438	-1368
14.2697081566	-1368
14.2700901031	-1368
14.2703011036	-1368
14.271707058	543
14.2754890919	-1420
14.2754981518	-1316
14.2816781998	-543
14.2857069969	-1368
14.2959661484	543
14.297219038	-1368
14.2996821404	1057
14.3136630058	-1368
14.3248720169	543
14.3273990154	1057
14.3293120861	1057
14.3383071423	-1368
14.3398320675	543
14.3456990719	1460
14.3457581997	111
14.3466670513	1057
14.3566670418	-380
14.3799440861	-1368
14.3979561329	-1368
14.3987350464	1057
14.3993191719	1057
14.4335401058	-1420
14.4335641861	-1316
14.4350972176	1057
14.4465260506	-1368
14.4593651295	-1368
14.4765520096	-1247
14.4783041477	1057
14.48467803	1057
14.5088682175	-1368
14.5100810528	1057
14.5111222267	-1420
14.5111281872	-1316
14.5229921341	-1368
14.5487110615	543
14.5709600449	-1368
14.5773301125	1057
14.5842120647	-1368
14.5897431374	1057
14.596173048	-248
14.5983982086	1057
14.6326122284	-1368
14.6334249973	1057
14.6408140659	-1368
14.6427950859	-1368
14.6526861191	1057
14.6539530754	1460
14.6540031433	111
14.6547131538	-1368
14.6865742207	-1368
14.7159740925	-588
14.7213070393	543
14.7661201954	-1420
14.7661361694	-1316
14.7758882046	-1368
14.7777431011	1057
14.7783050537	1057
14.7793900967	-1368
14.7830471992	-1368
14.7855951786	-1368
14.7956900597	-1368
14.8359022141	-422
14.8408970833	1057
14.8704931736	-1368
14.95591712	-1289
14.9717841148	-1368
15.0094931126	-1368
15.0202670097	-1420
15.0202832222	-1316
15.0224380493	-1420
15.0224530697	-1316
15.0314900875	-1368
15.0318310261	543
15.0363790989	543
15.0614330769	543
15.0757620335	-393
15.0797080994	543
15.1007130146	-1368
15.1381640434	-1420
15.1381931305	-1420
15.1381962299	-1264
15.1387710571	-1420
15.1387841702	-1316
15.1430630684	543
15.145676136	-1368
15.1464672089	543
15.1511101723	-1420
15.1511161327	-1316
15.1577801704	-1368
15.1891782284	-1368
15.1952371597	-575
15.2723171711	-1420
15.2723350525	-1316
15.3079102039	-1368
15.3149909973	-95
15.3265690804	543
15.3268752098	543
15.3609650135	-1368
15.3620421886	1057
15.3985641003	-1420
15.3985791206	-1316
15.4087121487	-1420
15.4087331295	-1420
15.4087741375	-1264
15.4340641499	-1420
15.4341351986	-1316
15.4347960949	-538
15.4464662075	-1420
15.4464821815	-1316
15.4622671604	-1368
15.47610116	-1368
15.4761781693	-1420
15.4761860371	-1316
15.4869711399	-1420
15.486987114	-1316
15.5663611889	-1023
15.6054401398	-1368
15.7144341469	-1368
15.726142168	-978
15.8454880714	1057
15.8461380005	-1057
16.06164217	1057
16.0945231915	-1057
16.122492075	1460
16.1225850582	111
16.3849000931	-1420
16.3849170208	-151
16.4069120884	-1368
16.505628109	-717
16.5178630352	543
16.6375770569	-543
16.7977890968	-1057
16.7985010147	543
16.8929691315	-1368
16.9184141159	-232
16.9355721474	543
16.9362030029	1057
17.0396652222	-543
17.2044651508	-1057
17.2113871574	1057
17.2653040886	-1420
17.2653110027	-1420
17.2653360367	-1264
17.2827510834	-1368
