0	-543
0.329605102539	-543
0.663084030151	543
2.40131306648	-543
2.45299315453	543
2.66509509087	543
2.66519713402	543
4.03887605667	-543
4.03909111023	543
4.25334501266	-543
4.29516100883	-543
4.66537809372	543
5.37993001938	-543
5.65336704254	-543
5.66269516945	543
5.66287207603	543
5.66293716431	543
5.98245000839	-543
6.2017660141	-543
6.22918105125	-543
6.66505503654	543
7.66264295578	543
7.66273903847	543
7.6627869606	543
7.66284298897	543
7.88027596474	-543
11.3447489738	-543
11.6650900841	543
12.5218789577	-543
12.6626441479	543
12.6627850533	543
15.3533041477	-543
15.6663179398	543
16.6626501083	543
16.662801981	543
17.420591116	-543
18.7190971375	-543
19.9622700214	-543
20.6625590324	543
20.8355891705	-543
21.8100659847	-543
21.9018499851	-543
23.4481360912	-543
23.6650731564	543
23.66518116	543
23.6652290821	543
23.6654751301	543
24.1053750515	-543
24.6625831127	543
28.6651239395	543
31.7680740356	-543
34.6625590324	543
35.263559103	-565
36.1196889877	-543
37.6651420593	565
37.6652441025	543
41.3578300476	-543
42.846788168	-543
43.0544371605	-543
43.6651360989	543
44.6651411057	543
47.6644949913	543
47.6646010876	543
48.6630430222	543
49.6625750065	543
49.798345089	-543
49.9178290367	-543
51.6651649475	543
53.3217301369	-543
54.6625850201	543
55.0736689568	-543
55.6651451588	543
56.6651501656	543
56.917137146	-543
56.9481861591	-543
57.6651489735	543
58.7209789753	-543
59.6651451588	543
64.6091461182	-543
64.66259408	543
65.6654541492	543
66.6625909805	543
66.6626989841	543
69.1055181026	-543
69.665156126	543
72.2125179768	-543
79.4294281006	-543
79.4674780369	-1420
79.4675350189	-1316
79.4755890369	-1368
79.4757220745	543
79.5503621101	-124
79.551213026	543
79.5530970097	543
79.5592210293	543
79.8603870869	-543
79.872647047	543
80.0938510895	-543
80.1100800037	-1368
80.2266380787	-232
80.5528261662	543
80.7173130512	-543
80.7175440788	543
81.2704241276	-543
81.2719080448	-1420
81.2719621658	-1316
81.3060369492	-1368
81.3881521225	-95
81.3892409801	543
81.665168047	543
86.7520251274	-543
87.2784740925	-543
87.2787849903	543
87.9406089783	-543
87.9446949959	-1420
87.9447951317	-1316
87.9863541126	-1368
88.0613100529	-124
88.3201041222	-543
88.4364540577	-1086
88.4884531498	543
88.5128970146	543
88.5241420269	543
88.5656480789	543
88.6626210213	543
88.749101162	-543
88.749325037	543
88.8655359745	-543
88.8657250404	543
88.9658031464	-1368
88.9660050869	543
89.0085999966	-1368
89.0088610649	-1368
89.0211770535	-1239
89.0235910416	543
89.0251150131	543
89.12885499	-1420
89.1288721561	-1316
89.1375391483	-435
89.2474279404	-1368
89.2476711273	543
89.2480759621	-1420
89.2480809689	-1316
89.2500021458	543
89.2540481091	-638
89.2559571266	543
89.2564580441	543
89.2859580517	543
89.370691061	-543
89.4370369911	-1368
89.487185955	-1318
89.4892749786	-1420
89.4893300533	-1316
89.5000510216	543
89.5328290462	-1368
89.5819821358	-1368
89.5929801464	543
89.5932610035	543
89.6037390232	-356
89.6054971218	543
89.7092740536	-1368
89.7095229626	-1368
89.709608078	543
89.7097139359	-1368
89.7098550797	-1420
89.7098939419	-1316
89.7201960087	-1420
89.7202589512	-1420
89.720263958	-1420
89.7202990055	-954
89.7532680035	-1420
89.753319025	-1316
89.8265910149	-1420
89.8266100883	-1420
89.826665163	-1420
89.8266680241	-1420
89.8267030716	-1160
89.826706171	-1420
89.8267400265	-1316
89.826941967	543
89.8270680904	543
89.8366799355	-1420
89.8366961479	-1420
89.8367500305	-1420
89.8367519379	-1212
89.8367869854	-1368
89.9180750847	-1420
89.9180920124	-1420
89.918156147	-1264
89.9430510998	-1420
89.9430840015	-1316
89.9431600571	-1420
89.9431631565	-1420
89.9431970119	-1264
89.9432010651	-1368
89.9532320499	-1420
89.9532470703	-1420
89.9532990456	-1420
89.953302145	-1420
89.9533369541	-1420
89.9533390999	-1420
89.9533820152	-1056
89.9533860683	-1368
89.9536249638	543
90.034635067	-1420
90.0346550941	-1420
90.0347180367	-1420
90.0347220898	-1420
90.0347650051	-1160
90.0347671509	-1368
90.0597741604	-1420
90.0597901344	-1420
90.0598461628	-1420
90.0598480701	-1212
90.0598900318	-1420
90.0598919392	-1420
90.0599250793	-1420
90.0599291325	-1420
90.0599830151	-1160
90.0602059364	543
90.0603780746	543
90.0698480606	-1420
90.0698721409	-1420
90.0699250698	-1420
90.0699281693	-1212
90.069961071	-1420
90.0699641705	-1420
90.0699961185	-1420
90.0699980259	-1420
90.0700440407	-1160
90.1218869686	-1420
90.1219000816	-1316
90.1514210701	-1420
90.1514370441	-1420
90.151496172	-1420
90.151499033	-1212
90.1764011383	-1420
90.1764161587	-1420
90.1764700413	-1420
90.1764719486	-1420
90.1765151024	-1420
90.1765201092	-1108
90.1765539646	-1420
90.1765570641	-1316
90.1767761707	543
90.1861770153	-1420
90.1861920357	-1420
90.186259985	-1264
90.1862630844	-1420
90.1862990856	-1420
90.1863019466	-547
90.2307341099	1460
90.2308299541	625
90.6707279682	-543
90.6721611023	-1420
90.6722130775	-1316
90.6732170582	-1420
90.6732571125	-1316
90.6743969917	-1368
90.674986124	-1420
90.6749920845	-1316
90.6755020618	-1368
90.6755821705	543
90.7259831429	-1420
90.7260010242	-1420
90.7260601521	-1264
90.7454431057	-1420
90.7455101013	-1420
90.7455129623	-1420
90.7455480099	-1212
90.7897250652	-1420
90.7898111343	-1420
90.7898540497	-1420
90.789896965	-1212
90.789937973	-1420
90.7899780273	-1316
90.7900209427	-1368
90.7902140617	543
90.8024480343	-1420
90.8024730682	-1420
90.8025090694	-1420
90.8025121689	-3
90.8424839973	-1420
90.8425011635	-1420
90.8425559998	-1264
90.8431539536	543
90.8437001705	543
90.8440420628	543
90.8619000912	-1368
90.9063141346	-1420
90.906329155	-1420
90.9063799381	-1264
90.9120881557	-1420
90.9120931625	-1420
90.9121351242	-1264
90.9188320637	-372
90.9189579487	543
90.9318270683	-1420
90.9318420887	-1316
90.951818943	-1368
90.9564211369	-1420
90.9564771652	-1316
90.9685790539	-1368
90.9781720638	-1420
90.9781911373	-1316
90.9802200794	-1420
90.9802260399	-1420
90.980257988	-1264
90.9803371429	543
90.9952299595	-1420
90.995246172	-1420
90.9952919483	-1420
90.9952940941	-1420
90.9953100681	-1160
91.0261530876	-1420
91.0262391567	-1420
91.0262441635	-1420
91.0262811184	-1420
91.0262839794	-1160
91.0263190269	-1368
91.0264911652	543
91.0376341343	-1420
91.0376451015	-1420
91.0376951694	-1420
91.0376980305	-1212
91.053992033	-1420
91.0540130138	-1420
91.0540571213	-1420
91.0540599823	-1212
91.0824460983	-1420
91.0824580193	-1420
91.0825099945	-1420
91.0825121403	-1212
91.1067750454	-1420
91.1068379879	-1420
91.1069011688	-1264
91.1069030762	-1420
91.1069381237	-1420
91.1069409847	-1264
91.106981039	-1420
91.1069829464	-1316
91.10718894	543
91.1174621582	-1420
91.1174750328	-1420
91.1175320148	-1420
91.1175351143	-1212
91.1175711155	-1368
91.1510021687	-1420
91.1511280537	-1420
91.1511330605	-1264
91.1511671543	-1420
91.1511700153	-1316
91.1512031555	-1420
91.1512060165	-1420
91.1512379646	-1420
91.1512401104	-1212
91.1514120102	543
91.1615331173	-1420
91.1615490913	-1420
91.161604166	-1420
91.1616070271	-1212
91.1616411209	-1368
91.1663889885	543
91.1788849831	-1420
91.1788980961	-1420
91.1789469719	-1420
91.1789491177	-1212
91.1789829731	-1368
91.2232220173	-1420
91.2232379913	-1420
91.2233381271	-1264
91.2233409882	-1420
91.2233760357	-1420
91.223377943	-1264
91.2234110832	-1420
91.2234139442	-1420
91.2234461308	-1264
91.2340061665	-1420
91.2340400219	-1420
91.2341561317	-1420
91.2341589928	-1212
91.2342031002	-1420
91.2342059612	-1420
91.2342531681	-1264
91.2342560291	-1420
91.2342910767	-1420
91.2342939377	-1420
91.2343270779	-1212
91.234331131	-1368
91.2345409393	543
91.2347459793	543
91.2782781124	-1420
91.2782919407	-1420
91.278345108	-1420
91.2783479691	-1420
91.2783839703	-1160
91.2784559727	-1420
91.2785110474	-1420
91.2785129547	-1420
91.2785480022	-1420
91.2785511017	-1160
91.2785930634	-1420
91.2785949707	-1420
91.2786281109	-1017
91.2788619995	543
91.2994370461	-1420
91.2994530201	-1420
91.2995100021	-1420
91.2995131016	-1420
91.299546957	-1160
91.3192260265	-1420
91.3192839622	-1420
91.3192870617	-1420
91.3193221092	-1212
91.3193249702	-1420
91.3193581104	-1316
91.342151165	-1420
91.3422260284	-1316
91.3422300816	-1420
91.3422760963	-1420
91.3422789574	-1420
91.3423130512	-1420
91.3423149586	-1160
91.3425559998	543
91.3504390717	-1420
91.3504440784	-1420
91.3504850864	-1264
91.3506000042	-1420
91.3506309986	-1316
91.3506331444	-1368
91.3712999821	-1420
91.3713121414	-1420
91.371366024	-1420
91.3713691235	-1420
91.3714101315	-1420
91.3714129925	-1108
91.37144804	-1420
91.3714511395	-1420
91.3714840412	-1264
91.3752231598	543
91.3865959644	-1420
91.3866100311	-1420
91.3866651058	-1264
91.3868000507	543
91.3951179981	-1420
91.3951439857	-1420
91.3952000141	-1420
91.3952031136	-1420
91.395236969	-1420
91.3952391148	-1420
91.3952720165	-1056
91.3952741623	-1420
91.3953070641	-1420
91.3953089714	-1420
91.3953471184	-1420
91.3953490257	-131
91.4107589722	-1420
91.4107739925	-1420
91.4108259678	-1420
91.4108281136	-1420
91.4108631611	-1420
91.4108660221	-1420
91.4108979702	-1420
91.410900116	-1004
91.4109330177	-1368
91.4110920429	543
91.4273869991	-1368
91.427503109	-1368
91.4277901649	-1368
91.4280591011	-1368
91.4283390045	-1368
91.4285261631	-1368
91.4286251068	543
91.4412741661	-1368
91.4414491653	-1420
91.44156003	-1420
91.4415640831	-1264
91.4416069984	-1420
91.4416091442	-1420
91.4416439533	-1264
91.4416460991	-1368
91.4653651714	-1420
91.4653820992	-1420
91.4654250145	-1420
91.4654271603	-1212
91.4654419422	-1420
91.465444088	-1420
91.4654581547	-1420
91.465460062	-1420
91.4654729366	-1420
91.4654750824	-1108
91.4656190872	543
91.4659211636	543
91.4660429955	543
91.4785580635	-1420
91.4785759449	-1420
91.4786300659	-1264
91.4786331654	-1420
91.4786670208	-1420
91.4786691666	-1420
91.4787020683	-1212
91.5014760494	-1420
91.5015499592	-1420
91.501554966	-1420
91.5015900135	-1420
91.5016021729	-1160
91.5016419888	-1420
91.5016441345	-1420
91.5016789436	-1420
91.5016810894	-1212
91.5017149448	-1420
91.5017170906	-1316
91.5019750595	543
91.5116670132	-1420
91.5116989613	-1420
91.5117580891	-1264
91.5117609501	-1420
91.5118069649	-1316
91.5118100643	-1420
91.511852026	-1316
91.5118541718	-1420
91.511893034	-1065
91.5120711327	543
91.5271971226	-1368
91.5272121429	-1420
91.5272829533	-1420
91.5272860527	-1420
91.5273189545	-1212
91.5273220539	-1368
91.5380859375	-1420
91.5380949974	-1316
91.53829813	543
91.5448081493	-1420
91.5448279381	-1420
91.5449039936	-1264
91.544907093	-1420
91.5449509621	-1420
91.5449540615	-1264
91.54500103	-1368
91.5450029373	-1420
91.5450940132	-1420
91.5451080799	-1264
91.5451431274	-1368
91.5579781532	-1420
91.558052063	-1420
91.5580570698	-1420
91.5580990314	-1420
91.5581009388	-1160
91.5703520775	-1420
91.5703670979	-1420
91.5704610348	-1420
91.5704641342	-1212
91.5704989433	-1420
91.5705010891	-1420
91.5705349445	-1264
91.5707099438	543
91.5712161064	1057
91.5818769932	-1420
91.5818991661	-1420
91.5819580555	-1264
91.5819611549	-1420
91.5819971561	-1420
91.5820000172	-1420
91.5820360184	-1212
91.5820381641	-1420
91.5820870399	-1420
91.5820901394	-1264
91.5821650028	-1420
91.5821681023	-1316
91.5824229717	543
91.6178569794	-1368
91.6280560493	-331
91.7420561314	-1420
91.7420840263	-1316
91.7767989635	-1368
91.7787730694	543
91.7794339657	543
91.7861120701	-1420
91.7861189842	-1316
91.7905170918	-530
91.792320013	543
91.7929279804	543
92.0205230713	-543
92.1150820255	-1420
92.1151349545	-1316
92.1159360409	-1368
92.116558075	-1420
92.1165890694	-1316
92.1241121292	-1420
92.1241509914	-1420
92.1241681576	-1264
92.1251730919	-1420
92.1252140999	-1420
92.1252491474	-1264
92.1274211407	-1420
92.1274621487	-1420
92.1274981499	-1264
92.1370229721	-1420
92.1370511055	-1316
92.1797311306	-19
92.1799299717	543
92.2671539783	-1368
92.2961480618	-775
92.3328299522	543
92.5432469845	-543
92.5582799911	-1420
92.5583570004	-1316
92.5965740681	-1368
92.5968310833	543
92.6746790409	-1181
94.2137191296	543
94.4506680965	-543
94.4523570538	-1420
94.4523820877	-1316
94.4631841183	-1420
94.4632620811	-1420
94.4632999897	-1264
94.4647920132	-1420
94.4648399353	-1316
94.4847481251	-1368
94.4977769852	-1368
94.5688040257	-1420
94.5688750744	-1420
94.5689229965	-1420
94.568967104	-1420
94.5690009594	-1160
94.5812139511	-1420
94.5812990665	-1420
94.5813031197	-1264
94.581346035	-1420
94.5813479424	-1420
94.5813829899	-1264
94.5813851357	-1368
94.5816249847	543
94.6101989746	-1420
94.6102149487	-1316
94.622838974	-1420
94.6228649616	-1316
94.6852610111	-1420
94.6852910519	-1316
94.6853461266	-1420
94.6853489876	-1420
94.6853761673	-1264
94.6853780746	-1420
94.6853950024	-1316
94.6977751255	-1420
94.6978499889	-1420
94.6978549957	-1420
94.6978900433	-1420
94.6979010105	-1160
94.697945118	-1420
94.6979470253	-1420
94.6979801655	-1264
94.6981620789	543
94.6983139515	543
94.7080659866	-1420
94.7080819607	-1316
94.7345161438	-1420
94.7345430851	-1420
94.734662056	-1264
94.7547900677	-1420
94.7548680305	-1420
94.754873991	-1264
94.8019709587	-1420
94.8019919395	-1420
94.802090168	-1420
94.802093029	-1212
94.8021440506	-1368
94.80214715	-1420
94.8021869659	-1316
94.8021900654	-1420
94.8022351265	-1420
94.8022379875	-1264
94.8025071621	543
94.8143341541	-1420
94.8143479824	-1420
94.8143970966	-1420
94.8143999577	-1212
94.8144330978	-1420
94.8144359589	-1420
94.814469099	-1264
94.8144710064	-1420
94.8145041466	-1420
94.8145060539	-1264
94.8511321545	-1420
94.8511641026	-1420
94.8512351513	-1420
94.8512401581	-1212
94.8712179661	-1420
94.8712339401	-1420
94.8712761402	-1420
94.8712780476	-1420
94.8712940216	-1160
94.871297121	-1420
94.8713109493	-1316
94.8716001511	543
94.8717980385	543
94.9187481403	-1420
94.9187650681	-1420
94.9188251495	-1420
94.91883111	-1420
94.9188661575	-1160
94.9188711643	-1368
94.9189059734	-1420
94.9189109802	-1420
94.9189519882	-1264
94.918956995	-1420
94.9189910889	-1420
94.9189960957	-1420
94.9190299511	-1420
94.9190349579	-1160
94.930932045	-1420
94.9309461117	-1420
94.9311029911	-1420
94.9311089516	-1212
94.9311909676	-1420
94.9311959743	-1420
94.9313030243	-1420
94.9313089848	-1420
94.9313931465	-1160
94.9313981533	-1420
94.9314770699	-1420
94.9314820766	-1420
94.9315590858	-1212
94.931784153	543
94.9878900051	-1420
94.9879090786	-1420
94.9879369736	-1420
94.987940073	-1420
94.9879550934	-1420
94.9879570007	-1420
94.9879710674	-1056
94.9879729748	-1368
94.9881701469	-1420
94.9881739616	-1316
94.9882011414	-1420
94.9882030487	-1420
94.9882171154	-1264
94.9883580208	543
94.9886000156	543
95.0354070663	-1420
95.0354249477	-1420
95.0354821682	-1420
95.0354881287	-1420
95.0355229378	-1420
95.0355291367	-1108
95.0475621223	-1420
95.0475780964	-1316
95.0476341248	-1420
95.0476391315	-1420
95.0476789474	-1420
95.0476839542	-1420
95.0477170944	-1420
95.0477230549	-1108
95.0477559566	-1420
95.0477609634	-1420
95.0477950573	-1420
95.0478000641	-1420
95.0478601456	-1420
95.047866106	-1108
95.0479030609	-1420
95.0479080677	-1420
95.0479619503	-1264
95.0479681492	-1420
95.0480020046	-1316
95.0485401154	543
95.1046741009	-1420
95.1047029495	-1420
95.1047730446	-1420
95.1047790051	-1420
95.1048159599	-1420
95.1048209667	-1108
95.1048550606	-1420
95.1048600674	-1420
95.1048929691	-402
95.1054120064	543
95.1056380272	543
