0	-543
2.27659511566	-543
2.84252500534	-543
2.91329693794	543
3.21284008026	-543
5.52530407906	543
5.52539992332	543
5.52544808388	543
6.38081598282	-543
6.38113808632	543
6.66497707367	-543
6.76390004158	-543
6.8451089859	-1420
6.8451359272	-1420
6.84527993202	-787
7.02573394775	-1057
7.02683496475	543
7.02830505371	543
7.04981589317	543
7.34818196297	-543
7.35536408424	543
7.49719810486	-543
7.55903410912	-1380
7.67788696289	-705
7.81914401054	-543
7.8193628788	543
8.30062699318	-1420
8.30064702034	-1340
8.30080890656	-867
8.48271989822	-1057
8.48359203339	543
8.68169403076	1057
8.84368991852	-543
9.2511920929	-543
9.52537107468	543
9.52547502518	543
9.52553009987	543
9.52565598488	543
9.62137889862	-543
9.62177300453	543
10.105576992	-1420
10.1055960655	-1420
10.1056358814	-787
10.1406059265	-1380
10.2469139099	-705
10.2865099907	543
10.3134100437	543
10.3168768883	543
10.3731310368	543
10.5040259361	-543
10.5042378902	543
10.5253610611	543
10.5254600048	543
10.5491490364	-543
10.6455960274	-1086
10.6458220482	543
10.6459701061	543
10.735804081	-543
10.786837101	-543
10.7870190144	543
10.7896010876	-1420
10.7896060944	-1340
10.8623290062	-1380
10.8982079029	-1420
10.8982551098	-1340
10.898663044	-1380
10.9007310867	543
10.9018380642	543
10.9281060696	-31
10.9303410053	543
10.9356429577	543
10.9635961056	-1420
10.9636108875	-1340
11.0696280003	-867
11.0741701126	-1420
11.0742230415	-1340
11.0887839794	543
11.0910220146	543
11.1096758842	-1380
11.1669659615	-543
11.1885480881	-1420
11.1885728836	-1340
11.1919710636	543
11.2082970142	543
11.2155508995	-412
11.2244548798	543
11.3664600849	-1086
11.3666689396	543
11.4862809181	-1380
11.492937088	543
11.5080308914	-792
11.5081300735	543
11.5899670124	-1380
11.5904989243	-1420
11.5905439854	-1420
11.5905480385	-1300
11.5905740261	-1420
11.5905768871	-1340
11.5905919075	-1420
11.5905940533	-1340
11.5907371044	543
11.6253418922	-1420
11.625369072	-1340
11.626760006	-1420
11.6267650127	-1340
11.6498990059	-1420
11.6499168873	-1420
11.6499800682	-1420
11.6499829292	-1260
11.6502149105	543
11.7317130566	-1420
11.7317299843	-1420
11.7318110466	-1420
11.7318229675	-1420
11.7318789959	-1420
11.731883049	-1420
11.7319419384	-1140
11.7319459915	-1380
11.731990099	-1420
11.73199296	-1340
11.732074976	-1380
11.7320780754	-1420
11.7321140766	-1420
11.732115984	-1300
11.7321510315	-1420
11.7321538925	-1340
11.7669110298	-1420
11.7669260502	-1420
11.7669780254	-1420
11.7669808865	-1260
11.7671709061	543
11.7682950497	-1380
11.7685220242	-1420
11.7685649395	-1420
11.7685680389	-1300
11.7686829567	543
11.7915248871	-1420
11.7915399075	-1420
11.791590929	-1420
11.7915940285	-1260
11.7916359901	-1420
11.7916378975	-1420
11.7916719913	-1420
11.7916750908	-1260
11.8735311031	-1420
11.8735558987	-1420
11.8736109734	-1420
11.8736150265	-1420
11.8736391068	-1420
11.8736410141	-1180
11.8736600876	-1420
11.8736619949	-1420
11.8736948967	-1300
11.8736979961	-1420
11.8737139702	-1340
11.8738429546	-1420
11.8738889694	-1420
11.8738920689	-1300
11.8739600182	-1420
11.8739628792	-1340
11.873996973	-1380
11.8740799427	-1420
11.8741700649	-1420
11.874186039	-1300
11.874268055	-1420
11.874270916	-1420
11.8743040562	-1300
11.8743059635	-1380
11.8743810654	-1420
11.8743839264	-1420
11.8744249344	-1300
11.8744280338	-1420
11.8744618893	-1420
11.874464035	-1300
11.8744978905	-1178
11.8749220371	543
11.8752789497	543
11.8754570484	543
11.939002037	1460
11.9390859604	625
11.946680069	543
11.9471459389	543
12.1333420277	-1420
12.1333661079	-151
12.1353321075	-1380
12.1354310513	-1420
12.1354680061	-1340
12.1358969212	-1380
12.1365311146	-1420
12.1365358829	-1340
12.1366770267	-1420
12.1366810799	-1340
12.1369280815	-1420
12.1369330883	-1340
12.1370849609	-1420
12.1370890141	-1340
12.1371979713	-1420
12.1372020245	-1420
12.1372210979	-1300
12.1373019218	-1380
12.1383419037	-1420
12.1383469105	-1340
12.1384880543	543
12.1660869122	-1420
12.1661150455	-1340
12.1671369076	-1420
12.1671431065	-1420
12.167165041	-1300
12.1688830853	-1420
12.1689279079	-1420
12.1689310074	-1300
12.1694369316	-1420
12.1694428921	-1340
12.1696898937	-1420
12.1696949005	-1340
12.1697840691	-1420
12.1697859764	-1420
12.1698210239	-1300
12.2016260624	-1420
12.2016789913	-1340
12.2018170357	543
12.2021100521	-1380
12.2023689747	543
12.2053980827	-1380
12.2054839134	543
12.2748188972	-1007
12.426582098	-1420
12.4265980721	-1420
12.4266500473	-1420
12.4266519547	-1420
12.4266860485	-1420
12.4266889095	-1420
12.4267220497	-1420
12.4267249107	-1420
12.4267580509	-1060
12.4269380569	543
12.4269928932	-1420
12.4269959927	-1420
12.4269959927	-1300
12.4271440506	-1420
12.4271850586	-1420
12.4271869659	-1300
12.4283819199	-1420
12.4283950329	-1340
12.4287250042	-1420
12.428730011	-1420
12.4287691116	-1300
12.4288330078	-1420
12.4288609028	-1340
12.4289140701	543
12.4294319153	-1420
12.4294369221	-1340
12.4295139313	-1380
12.4296588898	-1380
12.4308109283	-1420
12.4308168888	-1340
12.4311130047	-1380
12.4315080643	-1380
12.4321649075	-1420
12.432174921	-1340
12.4327409267	-1420
12.4327459335	-1420
12.4327659607	-1300
12.4335260391	-1420
12.4335451126	-1340
12.434032917	-1420
12.4341080189	-1420
12.4341108799	-1300
12.4341640472	-1380
12.4342849255	1057
12.4589259624	-1257
12.4611489773	-1420
12.461204052	-1340
12.4616858959	-1420
12.4617249966	-1420
12.4617269039	-1420
12.4617669582	-1420
12.4617700577	-1220
12.4618020058	-1380
12.462321043	-1380
12.463103056	-1420
12.4631090164	-1420
12.4631490707	-1420
12.4631509781	-1260
12.4635050297	-1380
12.4644289017	-1420
12.4644780159	-1420
12.4644811153	-1300
12.4645318985	-1420
12.4645340443	-1340
12.4650409222	-1380
12.4652850628	-1420
12.4653348923	-1420
12.4653379917	-1300
12.4653708935	-1380
12.4654009342	543
12.4657189846	-1380
12.466326952	-1420
12.4663689137	-1420
12.4663720131	-1300
12.467320919	-1420
12.4673259258	-1340
12.4679129124	-1420
12.4679169655	-1420
12.4679539204	-1300
12.4683599472	-1380
12.4684789181	-1420
12.4684829712	-1420
12.4685189724	-1300
12.4686849117	-1420
12.4687039852	-1340
12.4691638947	-1380
12.4716789722	1057
12.497303009	-1420
12.497328043	-1340
12.4973640442	-1380
12.4977350235	-1420
12.4977600574	-1340
12.4980130196	-1380
12.4982149601	-1420
12.4982190132	-1420
12.4982569218	-1420
12.4982590675	-1260
12.4984560013	-1420
12.4984610081	-1340
12.5682480335	-1420
12.5682840347	-1420
12.5683369637	-1420
12.5683400631	-1420
12.5683751106	-1420
12.5683779716	-1420
12.5684130192	-1140
12.5684149265	-1420
12.5684499741	-1420
12.5684530735	-1300
12.5684859753	-1420
12.5684878826	-1420
12.5685219765	-1300
12.5685238838	-1380
12.5685589314	-1380
12.5687201023	543
12.5687680244	-1420
12.5687699318	-1420
12.5687708855	-1300
12.569026947	-1420
12.5690860748	-1420
12.5690889359	-1420
12.5691320896	-1260
12.569133997	-1420
12.5692059994	-1340
12.5692090988	-1380
12.5692510605	-1420
12.5692539215	-1420
12.5692870617	-1300
12.5692899227	-1420
12.5693221092	-1340
12.5694310665	1057
12.5699579716	-1420
12.5699629784	-1340
12.5703721046	-1380
12.5703771114	-1420
12.57041502	-1420
12.5704169273	-1300
12.5704510212	-1380
12.5706501007	-1420
12.5706760883	-1420
12.5706789494	-1300
12.5706939697	-1420
12.5706961155	-1420
12.5707108974	-1300
12.5707790852	543
12.5708179474	-1380
12.570939064	-1420
12.5709760189	-1420
12.5709788799	-1300
12.5710120201	-1380
12.5711181164	-1420
12.5711390972	-1340
12.5712630749	-1380
12.5712840557	-1380
12.5721929073	-1420
12.5722169876	-1340
12.5723669529	-1420
12.5723879337	-1340
12.5732469559	-1420
12.5733149052	-1420
12.5733180046	-1420
12.5733530521	-1260
12.5736260414	-1420
12.5736649036	-1420
12.5736670494	-1300
12.5736999512	-1380
12.5742650032	-1420
12.5743041039	-1420
12.574311018	-1300
12.5743451118	-1420
12.5743470192	-1340
12.5743820667	-1380
12.5749740601	-1420
12.5749969482	-1420
12.574999094	-1300
12.5750150681	-1380
12.5753378868	-1420
12.5753610134	-1340
12.5753939152	-1420
12.5754098892	-1340
12.5754959583	-1420
12.5755140781	-1340
12.5760490894	-1420
12.5760691166	-1340
12.5763919353	1057
12.5834870338	543
12.6027970314	-1380
12.6029069424	-1420
12.6029660702	-1420
12.6029689312	-1420
12.6030020714	-1260
12.6030039787	-1380
12.6033370495	-1420
12.6033420563	-1420
12.6033799648	-1420
12.6033830643	-1382
12.6040589809	1057
12.6493959427	-1420
12.6494100094	-1340
12.6535139084	-1380
12.6540029049	-1420
12.654045105	-1340
12.6542019844	-1420
12.6542410851	-1340
12.6542439461	-1380
12.6545529366	-1420
12.6545569897	-1420
12.6545948982	-1300
12.6546449661	-1380
12.6558830738	-1420
12.6558868885	-1340
12.6560680866	-1380
12.6565549374	-1420
12.6565980911	-1340
12.6573450565	-1380
12.6574580669	-1420
12.6574618816	-1340
12.6574990749	-1380
12.658039093	543
12.6834609509	-1420
12.683480978	-1340
12.6835250854	-1380
12.6836628914	543
12.6840510368	-1420
12.6840560436	-1340
12.6842200756	-1420
12.6842238903	-1340
12.6845259666	-1420
12.6845300198	-1420
12.6845679283	-1420
12.6845700741	-1260
12.6846210957	-1380
12.6851680279	-1420
12.6852231026	-1340
12.6852710247	-1380
12.6856179237	-1420
12.6856219769	-1340
12.6861650944	-1380
12.6863119602	-1420
12.6863338947	-1340
12.6864480972	543
12.687333107	-1420
12.6873381138	-1340
12.6874139309	543
12.6881361008	-1420
12.6881420612	-1340
12.6885199547	-1420
12.6885240078	-1340
12.6885819435	-1380
12.6897211075	-1420
12.6897449493	-1340
12.6900639534	-1380
12.6902909279	-1380
12.6903510094	-1380
12.6908009052	-1380
12.6909520626	-1380
12.6910829544	-1380
12.6913609505	-1380
12.7262399197	-1420
12.7262508869	-1340
12.7448320389	-1321
12.7449901104	543
12.7628970146	-1380
12.9042949677	-734
12.927079916	543
13.0889029503	-543
13.2552309036	-1420
13.2552518845	-1420
13.2553100586	-787
13.2905130386	-1380
13.3965098858	-705
13.5253350735	543
13.6721549034	-543
15.9277529716	543
16.1132850647	-1420
16.113339901	-1340
16.1134729385	-1420
16.1135029793	-1340
16.1139330864	-1420
16.1139550209	-857
16.1142909527	-1420
16.1143119335	-1340
16.1144299507	-1380
16.1490700245	-1380
16.1492669582	543
16.2550489902	-1420
16.2550780773	-1420
16.255120039	-1420
16.2551219463	-1260
16.2551379204	-1420
16.2551400661	-1420
16.255177021	-1300
16.2551920414	-1380
16.2554938793	-1380
16.2555749416	-1380
16.2557799816	-1420
16.2557868958	-1340
16.2559549809	-1420
16.2559599876	-1420
16.2560229301	-1420
16.2560279369	-1420
16.2560880184	-1420
16.2560920715	-1180
16.2562940121	543
16.2905900478	-1420
16.2906050682	-1340
16.3966701031	-1420
16.3967909813	-1420
16.3969070911	-1420
16.3969140053	-1420
16.3970460892	-1420
16.3970530033	-1420
16.397133112	-1420
16.3971390724	-1100
16.3972430229	-1420
16.3972499371	-1420
16.3973701	-1300
16.3973770142	-1420
16.3974599838	-1420
16.3974659443	-1300
16.3975439072	-1420
16.397548914	-1420
16.3976519108	-1420
16.3976590633	-1260
16.3978919983	-1420
16.3978979588	-1340
16.3979780674	-1420
16.3979840279	-1340
16.3980619907	-1420
16.3980669975	-1340
16.3981471062	-1420
16.3981609344	-1340
16.3982429504	-1420
16.3982489109	-1420
16.3983290195	-1420
16.39833498	-1420
16.3984138966	-1220
16.3984200954	-1420
16.398514986	-1420
16.3985209465	-1420
16.3985989094	-1260
16.3986051083	-1380
16.3998639584	543
16.4065039158	543
16.4067358971	543
16.4324729443	-1420
16.4324970245	-1420
16.4325649738	-1420
16.4325699806	-1260
16.5380740166	-1420
16.5380949974	-1420
16.5381679535	-1420
16.538175106	-1420
16.5382139683	-1420
16.5382199287	-1420
16.5382559299	-1140
16.5382609367	-1420
16.5382950306	-1420
16.5383000374	-1420
16.5383369923	-1260
16.5383429527	-1380
16.5385630131	-1420
16.5385708809	-1420
16.5387029648	-1300
16.5387089252	-1420
16.5387899876	-1420
16.538795948	-1420
16.5388760567	-1420
16.5388820171	-1220
16.5389630795	-1420
16.5389690399	-1420
16.5392889977	-1300
16.5392949581	-1420
16.5393779278	-1420
16.5393838882	-1420
16.5395040512	-1420
16.5395100117	-1420
16.539607048	-1420
16.5396120548	-1140
16.5397810936	-1380
16.5397870541	-1420
16.5399239063	-1420
16.5399301052	-1300
16.5400938988	-1420
16.5400989056	-1340
16.540102005	-1380
16.5401060581	-1420
16.5401079655	-1420
16.5401110649	-1420
16.5401129723	-1420
16.5401148796	-1420
16.5401170254	-1420
16.5401198864	-1140
16.5401420593	-1380
16.5401470661	-1420
16.5401489735	-1420
16.5401599407	-1420
16.5401630402	-1420
16.5401659012	-1220
16.540168047	-1420
16.5401699543	-1420
16.5401730537	-1420
16.5401749611	-1420
16.5401771069	-1420
16.5402729511	-1180
16.5402760506	-1420
16.5402789116	-1420
16.5402810574	-1420
16.5402829647	-1260
16.5406570435	-1420
16.5406649113	-1420
16.5406689644	-1420
16.5406711102	-1420
16.5406739712	-1420
16.5406761169	-1420
16.5406780243	-1420
16.5406799316	-1420
16.5406820774	-1420
16.5406839848	-1020
16.541230917	543
16.5415968895	543
16.5420451164	543
16.5428659916	543
16.5434288979	543
16.5486850739	-1380
16.5488059521	-1380
16.550909996	543
16.5738620758	-1420
16.573882103	-1420
16.5739450455	-1420
16.5739479065	-1420
16.5739638805	-1420
16.5739750862	-1180
16.5739979744	-1380
16.5739998817	-1380
16.6798810959	-1420
16.679915905	-20
16.6810569763	543
17.2337050438	1057
17.5244278908	543
