0	543
0.0694839954376	-543
1.00008606911	543
1.3136100769	543
1.70735192299	-543
2.1386950016	-543
4.69808197021	-543
4.83709001541	-543
4.83727908134	543
5.35762405396	-543
5.35798501968	-1420
5.3580930233	-1316
5.37913393974	-1368
5.48452305794	-95
5.48638701439	543
5.48940896988	543
5.51304101944	543
5.78455996513	-543
5.78700113297	543
5.9591319561	-543
5.97951197624	-543
5.98043107986	-1368
6.00755500793	543
6.10704708099	-1318
6.27399206161	-543
6.2742190361	543
6.78387093544	-543
6.78389406204	-1420
6.78394699097	-1316
6.8052611351	-1368
6.91034603119	-95
6.91113805771	543
7.1109559536	1057
7.43039011955	-543
7.4307410717	543
7.95355391502	-543
7.95357108116	-1420
7.95361709595	-1316
7.97549390793	-1368
8.00514101982	543
8.0052421093	543
8.00529694557	543
8.08018898964	-1123
8.12798094749	543
8.13673090935	-543
8.16007900238	543
8.16834592819	543
8.20455098152	543
8.30395007133	-543
8.30419397354	543
8.43057799339	-1086
8.43079996109	543
8.43094491959	543
8.55622911453	-1368
8.5562479496	-1368
8.55647206306	543
8.55652093887	-1368
8.55688309669	-95
8.67559909821	-1420
8.67562603951	-1420
8.67566204071	-1264
8.67806601524	543
8.67922997475	543
8.68316411972	-638
8.68520212173	543
8.68678307533	543
8.71419095993	-1420
8.71420192719	-1316
8.80961894989	-920
8.80983304977	-1420
8.809871912	-1316
8.81168007851	543
8.82730793953	543
8.83149409294	-1368
8.93698692322	-1181
8.93910694122	543
8.94807100296	543
8.94820404053	-1368
9.00515604019	543
9.01327490807	-1368
9.02644610405	543
9.06348109245	-464
9.06910896301	-543
9.07402396202	543
9.2020740509	-1368
9.20809006691	543
9.27722811699	-1420
9.27725410461	-1420
9.27729892731	-1264
9.27802300453	-1420
9.27806305885	-1420
9.27806591988	-1264
9.28516101837	543
9.2931330204	-1420
9.29314303398	-1420
9.29319691658	-1420
9.29320001602	-332
9.29339003563	543
9.30036401749	-1368
9.36805200577	-1420
9.36811995506	-1316
9.40382599831	-1420
9.40389299393	-1420
9.40392899513	-1420
9.40393209457	-1212
9.40448307991	-1368
9.4045779705	543
9.404763937	-1420
9.40476799011	-1420
9.40480613708	-1264
9.4198820591	-1420
9.41996598244	-1420
9.41997003555	-1420
9.42000603676	-1420
9.42000794411	-1420
9.42004299164	-1108
9.46994996071	-1420
9.4699640274	-1316
9.4946000576	-1420
9.49461603165	-1420
9.49466896057	-1264
9.53039908409	-1420
9.53041505814	-1420
9.53047013283	-1420
9.53047204018	-1420
9.53050708771	-1160
9.53069210052	543
9.53115296364	-1420
9.53115701675	-1420
9.53122496605	-1420
9.5312359333	-1212
9.53127002716	-1368
9.54643893242	-1420
9.54650306702	-1420
9.54650807381	-1420
9.54654192924	-1212
9.54654502869	-1420
9.54658508301	-1316
9.54658794403	-1368
9.54680109024	543
9.59670591354	-1420
9.59672212601	-1420
9.59675693512	-1264
9.62114906311	-1420
9.62121891975	-1420
9.62122297287	-1420
9.62128806114	-1212
9.62144112587	543
9.64009094238	-543
9.65702795982	-1420
9.65704512596	-1420
9.65710091591	-1420
9.65710306168	-1420
9.65713691711	-1420
9.65714097023	-1108
9.65771698952	-1420
9.65772199631	-1420
9.65777897835	-1264
9.65778207779	-1420
9.65781712532	-1316
9.67315196991	-1420
9.67324495316	-1420
9.67324900627	-1420
9.6732840538	-1420
9.67328596115	-1160
9.67333006859	-1420
9.67333292961	-1420
9.6733751297	-1264
9.67337799072	-1368
9.67364811897	543
9.71315097809	-1420
9.71316599846	-1316
9.72322702408	-1420
9.72324204445	-1420
9.723279953	-162
9.78706693649	1460
9.78715801239	625
9.78891992569	543
10.0604901314	-543
10.0606839657	-1420
10.0607039928	-1316
10.0717930794	-1420
10.0718450546	-1316
10.0725390911	-1368
10.0726840496	-1420
10.0727610588	-1316
10.0727961063	-1368
10.0728290081	-1368
10.0729579926	543
10.0731039047	-1420
10.0731079578	-1420
10.0731370449	-1264
10.074285984	-1420
10.0743291378	-1420
10.0743319988	-1264
10.0817909241	-1420
10.081799984	-1420
10.0818459988	-1264
10.0818479061	-1420
10.0818810463	-1420
10.0818839073	-1264
10.0819289684	-1368
10.0820519924	-1420
10.0820810795	-1316
10.0822091103	543
10.08740592	-1420
10.0874149799	-1316
10.0874640942	-1368
10.0882320404	543
10.0887770653	543
10.0891280174	543
10.0946409702	-1368
10.0949950218	-1420
10.0950369835	-1316
10.1873040199	-1420
10.1873300076	-1420
10.1873929501	-1420
10.1873960495	-1420
10.1874399185	-1160
10.1984570026	-1420
10.1984710693	-1420
10.1985249519	-1264
10.199326992	-1420
10.1993319988	-1420
10.199434042	-1420
10.1994359493	-1212
10.1994791031	-1420
10.1994810104	-1420
10.1995429993	-1264
10.1995460987	-1420
10.1995890141	-1316
10.1997110844	-1420
10.1997470856	-1316
10.200343132	543
10.2005491257	543
10.2007079124	-1420
10.2007210255	-1420
10.200758934	-1264
10.2007629871	-1368
10.208286047	-1420
10.2083001137	-1420
10.2083389759	-1264
10.2083411217	-1420
10.2083609104	-1420
10.2083630562	-1420
10.2083790302	-1212
10.2084491253	-1368
10.208589077	-1420
10.2085931301	-1316
10.2086279392	-1368
10.2086789608	-1368
10.2088239193	543
10.2139840126	-1420
10.2139940262	-1420
10.2140219212	-1264
10.2157640457	-1420
10.2158041	-1316
10.2215600014	-1420
10.2216119766	-1420
10.2216160297	-1264
10.2216329575	-1368
10.3140859604	-1420
10.3141109943	-1420
10.314166069	-1420
10.3141689301	-1420
10.3142030239	-1160
10.3142061234	-1368
10.3144230843	543
10.3250720501	-1420
10.3250880241	-1420
10.3251430988	-1420
10.3251459599	-1212
10.3253009319	543
10.3257689476	-1420
10.3257730007	-1420
10.3258121014	-1420
10.3258140087	-1212
10.3259570599	-1420
10.3259699345	-1316
10.3261051178	-1420
10.3261079788	-1316
10.3262720108	-1420
10.3262839317	-1316
10.3263189793	-1420
10.326321125	-1316
10.3264369965	-1420
10.3264400959	-1420
10.3264739513	-1264
10.3271169662	-1420
10.3271729946	-1420
10.3271760941	-1264
10.3272099495	-1368
10.3280200958	543
10.3349380493	-1420
10.3349480629	-1420
10.3350241184	-1264
10.3350269794	-1420
10.3350789547	-1420
10.3350820541	-1264
10.3351290226	-1420
10.335132122	-1420
10.3351941109	-1264
10.3351960182	-1420
10.335242033	-1316
10.3352439404	-1368
10.3352971077	-1420
10.335299015	-1316
10.3405411243	-1420
10.3405559063	-1420
10.34060812	-1264
10.3406100273	-1420
10.3406441212	-1420
10.3406460285	-1420
10.3406860828	-1212
10.3424670696	-1420
10.3425121307	-1420
10.3425159454	-1264
10.3442459106	543
10.3444240093	543
10.3480401039	-1420
10.3480651379	-1420
10.348097086	-1420
10.3480989933	-1212
10.3880839348	-1420
10.3881099224	-1316
10.4407470226	-1420
10.4407660961	-1420
10.4408230782	-1420
10.4408259392	-1420
10.440860033	-1420
10.4408631325	-1108
10.4410669804	543
10.4518139362	-1420
10.4518289566	-1420
10.4518830776	-1420
10.4518859386	-1420
10.4519190788	-1160
10.4519219398	-1368
10.4522359371	-1420
10.4522409439	-1420
10.4522891045	-1264
10.4522910118	-1368
10.4526491165	-1420
10.4526529312	-1316
10.4528369904	-1420
10.4528400898	-1316
10.4528579712	-1420
10.4528620243	-1316
10.452944994	-1420
10.4529480934	-1420
10.4529831409	-1264
10.4530930519	-1420
10.4531369209	-1420
10.453150034	-1264
10.4531960487	-1420
10.4531989098	-1420
10.4532430172	-1264
10.4532449245	-1368
10.4533140659	-1368
10.4537949562	-1420
10.4538171291	-1316
10.4538199902	-1368
10.4539370537	-1368
10.4539740086	543
10.4540779591	543
10.4615409374	-1420
10.461550951	-1420
10.4615960121	-1264
10.4616780281	-1368
10.4618439674	-1420
10.4618470669	-1420
10.4618971348	-1420
10.4618990421	-1420
10.4619510174	-1420
10.4619529247	-1108
10.4619851112	-1368
10.4619870186	-1420
10.462031126	-1316
10.462141037	-1420
10.4622609615	-1420
10.4622631073	-1264
10.4622950554	-1420
10.4622969627	-1420
10.4623279572	-1420
10.4623301029	-1212
10.4623661041	-1420
10.4623680115	-1420
10.4624009132	-1264
10.462403059	-1368
10.4625089169	543
10.4627690315	543
10.4671459198	-1420
10.4671530724	-1420
10.4671969414	-1264
10.4671990871	-1420
10.4672319889	-1316
10.4686329365	-1420
10.4686989784	-1420
10.4687011242	-1264
10.4687359333	-1368
10.4747741222	-1368
10.474998951	-1420
10.4750030041	-1420
10.4750299454	-1420
10.4750330448	-1212
10.4751091003	543
10.5147340298	-1420
10.5147509575	-1420
10.5148119926	-1264
10.5674240589	-1420
10.5674419403	-1420
10.5674829483	-1420
10.5674860477	-1212
10.5675089359	-1420
10.5675110817	-1420
10.5675270557	-1264
10.5676870346	543
10.5783059597	-1420
10.5783140659	-1420
10.5783569813	-1264
10.5787160397	-1420
10.5787479877	-1420
10.5787510872	-1264
10.5790450573	-1420
10.5790491104	-1420
10.5791239738	-1420
10.5791261196	-1212
10.5791599751	-1368
10.5793190002	543
10.5794570446	-1420
10.5794599056	-1420
10.5794799328	-1264
10.5795440674	-1420
10.5795829296	-1420
10.5795850754	-1264
10.5796530247	-1420
10.579654932	-1420
10.5796709061	-1264
10.5799379349	-1368
10.5799820423	-1420
10.5799851418	-1420
10.5800180435	-1420
10.5800209045	-1228
10.580121994	-1420
10.5801250935	-1420
10.5801920891	-1264
10.5801949501	-1420
10.5802340508	-1420
10.5802369118	-1264
10.5802710056	-1420
10.5802741051	-1420
10.5803070068	-1264
10.5804870129	-1420
10.5805079937	-1420
10.5805101395	-1264
10.5806090832	-1420
10.5806119442	-1420
10.58061409	-1264
10.5808961391	543
10.5810379982	543
10.5812180042	543
10.588326931	-1420
10.5883369446	-1420
10.5883851051	-1420
10.5883870125	-1212
10.5886390209	-1420
10.5886421204	-1420
10.5886850357	-1420
10.5886881351	-1420
10.5887300968	-1160
10.5889730453	-1420
10.5890080929	-1316
10.5890100002	-1420
10.5890951157	-1420
10.5890979767	-1264
10.5891499519	-1420
10.5891530514	-1420
10.5892250538	-1264
10.5892269611	-1420
10.58928895	-1420
10.5892910957	-1264
10.589343071	-1368
10.5893449783	-1420
10.5893881321	-1420
10.5893900394	-1264
10.5894320011	-1420
10.5894429684	-1420
10.5894451141	-1264
10.5896160603	-1420
10.5896201134	-1420
10.589621067	-1420
10.5896220207	-1212
10.5898239613	543
10.5900130272	543
10.5902190208	543
10.5907139778	1057
10.5934920311	-1420
10.5934960842	-1420
10.5935361385	-1264
10.5935380459	-1368
10.5936019421	-1420
10.5936040878	-1420
10.5936501026	-1264
10.595042944	-1420
10.5950751305	-1420
10.5950779915	-1264
10.706756115	-131
10.7505021095	-1368
10.7634949684	-1420
10.7635200024	-1316
10.7865219116	-1420
10.7865400314	-1316
10.7886850834	543
10.7894089222	543
10.8343889713	-530
10.8371081352	543
10.8373999596	543
10.9612290859	-1086
11.0403740406	-1420
11.0403900146	-1420
11.0404660702	-1264
11.0404779911	-1420
11.0405130386	-1316
11.0405170918	-1368
11.0545220375	-1420
11.0545330048	-1316
11.0545680523	-1368
11.0547039509	543
11.0628769398	-1420
11.0628831387	-1420
11.0629239082	-1264
11.0878911018	-836
11.1682190895	-1368
11.2144401073	-775
11.2290809155	543
11.4138729572	-1420
11.4138920307	-1420
11.413932085	-439
11.4492919445	-1368
11.5403809547	-1123
11.7344601154	-543
11.9998850822	543
12.0000600815	543
12.4501059055	-543
13.1366510391	-543
13.1907680035	-543
13.7562739849	543
13.9230389595	-543
13.9231050014	-1420
13.9231419563	-1420
13.9231579304	-1264
13.9232420921	-1420
13.9232709408	-1316
13.9234189987	543
13.9369699955	-1420
13.9369900227	-1420
13.9370260239	-1264
13.9456129074	-1368
14.0050969124	543
14.0496380329	-1420
14.0496640205	-1420
14.0497300625	-1420
14.0497329235	-1420
14.0497770309	-1420
14.0497801304	-1420
14.0498120785	-1056
14.0498139858	-1420
14.049847126	-1316
14.0634949207	-1420
14.0635509491	-1420
14.0635550022	-1420
14.0635709763	-1212
14.0674989223	543
14.1120929718	-1420
14.1121110916	-1316
14.1763830185	-1420
14.1764059067	-1420
14.1765170097	-1420
14.1765201092	-1420
14.1765539646	-1420
14.1765570641	-1108
14.1765890121	-1420
14.1765921116	-1420
14.1766250134	-1264
14.1766269207	-1368
14.1766619682	-1420
14.176664114	-1420
14.1766979694	-1264
14.1768419743	543
14.1900689602	-1420
14.19008708	-1420
14.1901419163	-1420
14.1901450157	-1420
14.1901779175	-1160
14.1903190613	543
14.2387480736	-1420
14.2387681007	-1420
14.238822937	-1264
14.3029770851	-1420
14.3029870987	-1420
14.3030369282	-1420
14.3030409813	-1212
14.3031001091	-1420
14.3031029701	-1420
14.3031430244	-1420
14.3031461239	-1420
14.3031840324	-1160
14.3031871319	-1420
14.3032250404	-1420
14.3032281399	-1264
14.3034930229	-1420
14.3035020828	-1420
14.3035891056	-1264
14.3035950661	-1420
14.3036730289	-1316
14.3041059971	543
14.3166029453	-1420
14.3166179657	-1420
14.3167200089	-1420
14.3167259693	-1420
14.316806078	-1420
14.3168110847	-1420
14.3168890476	-1056
14.3170831203	543
14.3655481339	-1368
14.3656051159	-1420
14.365639925	-1420
14.3656430244	-1264
14.4299221039	-1420
14.4299390316	-1420
14.42999506	-1420
14.4300010204	-1212
14.4300420284	-1420
14.4300479889	-1420
14.4300811291	-1420
14.4300861359	-1212
14.430120945	-1420
14.4301259518	-1420
14.4301650524	-1420
14.4301700592	-1212
14.4302039146	-1420
14.4302079678	-1316
14.4302411079	-1368
14.4304380417	-1420
14.4305291176	-1420
14.430535078	-1264
14.4306149483	-1420
14.4306199551	-1420
14.4306969643	-1264
14.4307019711	-1368
14.4312560558	543
14.4429340363	-1420
14.4429500103	-1420
14.4430069923	-1420
14.4430119991	-1212
14.4430770874	-1420
14.4430820942	-1316
14.4431180954	-1420
14.4431231022	-1420
14.4431550503	-1264
14.4433939457	543
14.4438080788	543
14.4923970699	-1420
14.4924190044	-1420
14.4924790859	-1420
14.4924850464	-1420
14.4925210476	-1420
14.4925260544	-1108
14.5566370487	-1420
14.5566470623	-1420
14.5566821098	-1420
14.5566840172	-1420
14.5567090511	-1420
14.5567109585	-1108
14.5567281246	-1368
14.556730032	-1420
14.5567529202	-1316
14.5567550659	-1420
14.5567800999	-1316
14.5569069386	-1420
14.5569360256	-1316
14.5569391251	-1420
14.5569529533	-1420
14.5569560528	-1264
14.5570781231	-1420
14.5570809841	-1420
14.5571269989	-1264
14.5571289062	-1420
14.55717206	-1420
14.5571739674	-1264
14.5572400093	-1420
14.5572419167	-1420
14.5572760105	-1264
14.5574100018	-1420
14.557418108	-1316
14.5577840805	543
14.5594711304	543
14.5695660114	-1420
14.5695729256	-1420
14.5696299076	-1420
14.5696320534	-1212
14.5696649551	-1420
14.5696680546	-1420
14.569699049	-1420
14.5697009563	-1212
14.5697479248	-1420
14.5697500706	-1420
14.5697910786	-1264
14.5697939396	-1368
14.569824934	-1420
14.5698270798	-1316
14.5699770451	543
14.6190481186	-1215
