0	543
0.358820915222	-543
2.07337999344	1057
2.27920794487	-543
2.32234787941	-1420
2.32240390778	-1316
2.39201998711	-891
2.39431595802	543
2.40371108055	543
2.4268488884	543
2.42723703384	543
2.42759108543	543
2.60781407356	-543
2.76044392586	-543
2.79264092445	-1420
2.79268598557	-1316
2.81839108467	-1420
2.81844902039	-1316
2.8733189106	-1326
2.87349200249	543
2.87584590912	543
2.87603902817	543
3.00292491913	543
3.00302886963	543
3.21306300163	-543
3.37733387947	-543
3.39341902733	1057
3.70002889633	-543
3.73939108849	-1420
3.73943901062	-1316
3.85221290588	-891
3.85424304008	543
3.85481905937	543
4.11989808083	-543
4.33139610291	-1420
4.33146095276	-1420
4.33150100708	-787
4.36956095695	-1420
4.36963295937	-1420
4.36967086792	-1264
4.39498806	-1420
4.39506101608	-1316
4.42656207085	-1420
4.42661190033	-1316
4.44251894951	1057
4.44405508041	-1368
4.44415593147	-1023
4.44500994682	-1420
4.44501399994	-1316
4.45554995537	1057
4.46146702766	-1420
4.46147489548	-1316
4.55713391304	-1268
4.55727696419	543
4.67000102997	-543
4.6951239109	-1368
4.69529390335	-1368
4.69547700882	-1368
4.78280305862	-66
4.78466200829	543
4.85118889809	-1420
4.8512070179	-1420
4.85125207901	-1264
4.89566707611	-609
4.89759588242	543
4.89819598198	1460
4.89825391769	625
5.01849794388	-543
5.17164707184	-543
5.24816989899	-1420
5.24818587303	-1316
5.24849009514	-1368
5.24861001968	-1420
5.24865007401	-1316
5.27357292175	-1420
5.27358794212	-1420
5.27362298965	-1264
5.28942108154	-1420
5.28943705559	-1316
5.28949999809	-1420
5.28951406479	-1316
5.28973293304	543
5.28983306885	-1420
5.28983688354	-1316
5.29040002823	-1420
5.29040598869	-1420
5.29045295715	-1264
5.29053997993	-1420
5.29057908058	-1420
5.2905819416	-1264
5.29070687294	543
5.29934000969	-1420
5.29935693741	-1316
5.29941105843	-1420
5.29941391945	-1316
5.32442307472	-528
5.3282699585	-1420
5.32831907272	-1316
5.36110901833	-1420
5.36117601395	-1420
5.36118102074	-1420
5.36122298241	-1212
5.36140298843	-1420
5.36148190498	-1420
5.36148405075	-1264
5.36152791977	-1420
5.36153006554	-1420
5.36156606674	-1264
5.361743927	543
5.38646197319	-1420
5.38647794724	-1420
5.3865249157	-1264
5.38652801514	-1420
5.38655209541	-1420
5.38655400276	-1264
5.40239310265	-1420
5.40241003036	-1420
5.40247106552	-1420
5.40247392654	-1212
5.40251088142	-1420
5.40251302719	-1420
5.40255498886	-1420
5.40255689621	-1212
5.40259099007	-1420
5.40259289742	-1316
5.40285801888	543
5.40289402008	-1420
5.4028968811	-1316
5.40308499336	543
5.40316700935	-1368
5.4033908844	-1368
5.40351700783	-1420
5.40355992317	-1420
5.40359687805	-1264
5.40359997749	-1420
5.40363502502	-1420
5.40363693237	-1420
5.40367102623	-1212
5.40367293358	-1420
5.40370488167	-1316
5.40370702744	-1368
5.41209602356	-1420
5.41210508347	-1420
5.41215586662	-1264
5.41215896606	-1420
5.4121940136	-1420
5.41219592094	-1264
5.41223096848	-1420
5.41223287582	-1316
5.4124341011	543
5.44123601913	-1420
5.44124889374	-1420
5.44132304192	-1420
5.44132590294	-1420
5.44138097763	-1160
5.44138288498	-1368
5.47392892838	-1420
5.47394704819	-1420
5.47401189804	-1420
5.47401499748	-1212
5.47405099869	-1420
5.47405409813	-1420
5.47408795357	-1264
5.47409009933	-1368
5.47413086891	-1420
5.47413301468	-1316
5.47424888611	-1420
5.47425103188	-1420
5.47429394722	-1264
5.47429609299	-1420
5.47429704666	-1420
5.47429990768	-1264
5.47443008423	-1420
5.47443389893	-1420
5.47443509102	-1264
5.47455406189	-1368
5.4747068882	543
5.47485589981	543
5.49935793877	-1420
5.49937701225	-1420
5.49943304062	-1264
5.49943590164	-1368
5.4996099472	-1420
5.49961400032	-1420
5.4996509552	-1420
5.49965310097	-1420
5.49968791008	-1160
5.49969100952	-1420
5.49972391129	-1316
5.51513195038	-1368
5.51519989967	-1420
5.51520395279	-1420
5.51526808739	-1420
5.51526999474	-1420
5.51532387733	-1160
5.5153260231	-1420
5.51537394524	-1420
5.515376091	-1420
5.51541090012	-1212
5.51541304588	-1420
5.51544594765	-1420
5.51544809341	-1264
5.51544904709	-1368
5.51550388336	-1420
5.51551890373	-1420
5.5155210495	-1264
5.5155210495	-1420
5.51552200317	-1316
5.51568007469	-1420
5.51572799683	-1420
5.51572990417	-1420
5.51572990417	-1420
5.51573109627	-1160
5.51573204994	-1368
5.51582193375	543
5.51605391502	543
5.51616597176	543
5.51629090309	-1420
5.51629400253	-1420
5.51633095741	-1264
5.5164270401	-1420
5.51646709442	-1420
5.51646995544	-1420
5.5165040493	-1212
5.51650905609	-1420
5.51654291153	-1316
5.51661205292	-1420
5.5166490078	-1420
5.51665091515	-1420
5.51668405533	-1212
5.51674795151	-1420
5.51679992676	-1420
5.5168030262	-1264
5.51680397987	-1420
5.51680493355	-1316
5.51693987846	-1420
5.51694297791	-1420
5.51694393158	-1264
5.51694488525	-1368
5.51720094681	543
5.52478909492	-1368
5.52494287491	-1368
5.52507090569	-1420
5.52507400513	-1420
5.52511096001	-1420
5.52511286736	-1420
5.52515387535	-1420
5.52515602112	-1108
5.52518987656	-1420
5.52519202232	-1420
5.52525401115	-1264
5.52525687218	-1420
5.5252969265	-1420
5.52530002594	-1420
5.52530097961	-1212
5.52534604073	-1420
5.52534890175	-1420
5.52535009384	-1264
5.53307199478	543
5.53323698044	543
5.55396199226	-1420
5.55397987366	-1420
5.55402898788	-1264
5.55403089523	-1368
5.55405688286	-1420
5.55405902863	-1420
5.554074049	-1264
5.55407691002	-1420
5.5541009903	-1420
5.55410289764	-1264
5.55411887169	-936
5.56307291985	543
5.58257603645	-1368
5.5868370533	-1420
5.58690094948	-1420
5.58690500259	-1264
5.58694887161	-1420
5.58695197105	-1420
5.5869948864	-1264
5.58699703217	-1368
5.58725595474	-1420
5.58725905418	-1420
5.58729600906	-1264
5.58729887009	-1420
5.58733201027	-1316
5.60793805122	-1420
5.6080019474	-1420
5.60800600052	-1264
5.60817408562	543
5.61666893959	-1420
5.61668586731	-1316
5.61740088463	-1420
5.61740493774	-1316
5.61773705482	-1420
5.61773991585	-1316
5.61817908287	-1420
5.61818194389	-1420
5.61821699142	-1264
5.6186978817	-1420
5.61871504784	-1420
5.61871695518	-1264
5.61900186539	-1420
5.61900496483	-1420
5.6190059185	-1264
5.61923503876	-1368
5.6194589138	543
5.6201338768	-1420
5.6201479435	-1316
5.62048506737	-1420
5.62049007416	-1420
5.62053203583	-1420
5.62053394318	-1212
5.62073087692	-1420
5.62073588371	-1316
5.62084197998	-1420
5.62084507942	-1420
5.6208820343	-1264
5.62093400955	543
5.62110495567	-1368
5.62133002281	-1420
5.62136292458	-1316
5.62146091461	-1420
5.62152004242	-1420
5.62152290344	-1264
5.62155890465	-1368
5.63411808014	-1368
5.69523501396	-492
5.70293188095	543
5.70325088501	543
5.8733689785	1057
6.01063990593	-1420
6.01065707207	-1420
6.01072192192	-787
6.01107001305	-1420
6.01111197472	-1316
6.01114201546	-1368
6.02313899994	-1420
6.02315497398	-1420
6.02320194244	-1264
6.0234348774	-1420
6.02347588539	-1316
6.02355194092	-1420
6.02357292175	-1420
6.02357506752	-1264
6.02444601059	-1420
6.02445101738	-1420
6.0244910717	-1264
6.02514004707	-1420
6.02518391609	-1420
6.02518701553	-1264
6.02530193329	543
6.02543401718	-1420
6.0254368782	-1420
6.02547502518	-1264
6.02577495575	-1420
6.02579903603	-1420
6.02580094337	-1420
6.02581787109	-1420
6.02582001686	-1160
6.02588701248	-1368
6.03602910042	-1420
6.03608703613	-1420
6.03609108925	-1264
6.0361289978	-1420
6.03613209724	-1316
6.04951500893	-1368
6.04988193512	-1420
6.04991388321	-1420
6.04991698265	-1264
6.05000090599	543
6.05036401749	-1420
6.05036902428	-1420
6.05041003227	-1264
6.05049204826	543
6.05057907104	-1420
6.05058193207	-1316
6.05073595047	-1368
6.05103898048	-1420
6.05107998848	-1316
6.06126308441	-1420
6.06131100655	-1420
6.06131505966	-1264
6.06148099899	-1420
6.06148505211	-1420
6.06152486801	-1264
6.06181287766	-1420
6.06183695793	-1420
6.06183886528	-1264
6.06211590767	-1420
6.06211996078	-1420
6.06215906143	-1264
6.06249189377	543
6.06253290176	-1420
6.06253504753	-1316
6.0626270771	-1368
6.06279301643	-1420
6.06284308434	-1420
6.06284594536	-1264
6.06315207481	-1368
6.06359195709	-1420
6.06363391876	-1420
6.0636370182	-1264
6.06403803825	-1420
6.06404399872	-1316
6.06413292885	-1368
6.06434607506	-1420
6.06436896324	-1316
6.06455802917	-1368
6.06457901001	-1420
6.06458187103	-1316
6.06459903717	-1368
6.06466507912	543
6.07126688957	-1420
6.07128190994	-1316
6.07144403458	543
6.08746910095	-1420
6.087485075	-1420
6.08754205704	-1264
6.08855605125	-1420
6.08859705925	-1316
6.08867192268	-1368
6.0890378952	-1420
6.08904194832	-1316
6.0890789032	-1368
6.08923792839	-1420
6.08928704262	-1316
6.08940696716	-1368
6.0899579525	-1420
6.08996200562	-1420
6.08999800682	-1264
6.09022498131	-1420
6.09026288986	-1420
6.0902659893	-1264
6.09036707878	543
6.09065103531	-1420
6.09065508842	-1420
6.09069108963	-1264
6.09834289551	-1420
6.09839010239	-1420
6.09839487076	-1264
6.09934997559	-1368
6.09950208664	-1420
6.09952902794	-1316
6.09970998764	-1420
6.09974908829	-1420
6.09975194931	-1264
6.10045099258	-1420
6.10045409203	-1420
6.10049200058	-1264
6.10073900223	-1420
6.10076808929	-1420
6.10077095032	-1264
6.10114693642	-1368
6.10148501396	543
6.10157108307	-1368
6.10162806511	543
6.10166597366	-1368
6.1021668911	-1420
6.10220694542	-1420
6.10220909119	-1264
6.10359692574	-1420
6.10360097885	-1316
6.10363507271	-1368
6.10449790955	-1368
6.1046230793	-1420
6.10462594032	-1316
6.10552287102	-1368
6.10588002205	-1420
6.10591602325	-1316
6.10621500015	-1420
6.10621809959	-1420
6.10621905327	-1264
6.10695791245	-1420
6.10696005821	-1420
6.10696196556	-1264
6.10726094246	-1420
6.1072640419	-1420
6.10726499557	-1264
6.10751986504	543
6.1075720787	-1368
6.10816192627	-1420
6.10820508003	-1420
6.10820698738	-1264
6.11432909966	-1420
6.11434602737	-1420
6.11438298225	-1264
6.11450600624	-1420
6.11452698708	-1316
6.11459994316	-1368
6.11465001106	-1368
6.11470389366	-1368
6.11475205421	-1368
6.11484694481	543
6.11502599716	-1420
6.11503005028	-1316
6.11511898041	-1368
6.11985206604	543
6.12329697609	-448
6.12768793106	-1420
6.12773489952	-1316
6.12777090073	-1368
6.12889289856	-1420
6.12889909744	-1420
6.12894105911	-1420
6.12894392014	-1420
6.12897896767	-1420
6.12898087502	-1108
6.12917709351	-1420
6.1291809082	-1316
6.12951803207	-1420
6.1295208931	-1316
6.12953901291	-1368
6.13037800789	-1420
6.13040208817	-1316
6.13047599792	543
6.1305270195	-1368
6.13076305389	-1368
6.13119101524	-1420
6.13119602203	-1316
6.13253998756	-1420
6.13254308701	-1420
6.13258004189	-1264
6.1362490654	-1420
6.13627696037	-1316
6.13636493683	-1420
6.13640403748	-1316
6.13709187508	-1420
6.13713407516	-1316
6.13719987869	-1368
6.13829088211	-1420
6.1382958889	-1316
6.14066696167	-1420
6.14067292213	-1420
6.14071393013	-1264
6.14084792137	543
6.21653795242	-1420
6.21655607224	-1420
6.21660995483	-1264
6.21676707268	543
6.21754002571	-1420
6.2175450325	-1420
6.21758508682	-1264
6.21923995018	543
6.21947908401	543
6.2232670784	-1420
6.22327303886	-1316
6.22332000732	-1368
6.22338294983	-1420
6.22342705727	-1316
6.22414493561	-1420
6.22418403625	-1316
6.24040603638	-1027
6.24529004097	-1420
6.24529600143	-1316
6.24615502357	-1368
6.27287101746	-1420
6.27291893959	-1316
6.28563308716	-1420
6.28570008278	-1420
6.28570389748	-1264
6.28573989868	-1368
6.28588104248	543
6.29517507553	-1420
6.29518890381	-1420
6.29525399208	-1264
6.29824900627	-1368
6.3580789566	-409
6.35893297195	543
6.58288407326	-1420
6.58290100098	-1420
6.58295607567	-787
6.5843770504	-1420
6.58440208435	-1316
6.58448290825	-1368
6.5909640789	-1420
6.59097003937	-1316
6.59287500381	-1420
6.59288406372	-1420
6.5929479599	-1420
6.59295105934	-1212
6.59299707413	-1420
6.59300088882	-1316
6.59303498268	-1420
6.59303689003	-1316
6.59307193756	-1420
6.59307408333	-1316
6.59329509735	543
6.59349703789	543
6.60868787766	-1420
6.60870409012	-1420
6.60874009132	-1264
6.64731001854	-1420
6.64737701416	-1420
6.64738202095	-1264
6.69568395615	-462
6.70298290253	-1368
6.8157749176	-717
6.81616187096	543
7.16198205948	-1420
7.16199994087	-1420
7.16206097603	-787
7.16206407547	-1420
7.16210699081	-1316
7.16211009026	-1368
7.17284989357	-1420
7.17286896706	-1420
7.17292404175	-1264
7.17292690277	-1420
7.17296099663	-1420
7.17296290398	-1264
7.17319607735	543
7.1734790802	-1420
7.17348408699	-1420
7.17352700233	-1264
7.18713903427	-1420
7.18721389771	-1420
7.18721795082	-1264
7.20089006424	-1420
7.20090198517	-1316
7.20095300674	-1368
7.20103406906	-1420
7.20107102394	-1316
7.20107388496	-1368
7.20245194435	-1420
7.20245695114	-1420
7.20247793198	-1264
7.20254707336	543
7.20350408554	-1420
7.20350909233	-1420
7.20354604721	-1264
7.20383691788	-1420
7.20386099815	-1420
7.2038640976	-1264
7.21420192719	-1420
7.21421003342	-1420
7.21425795555	-1264
7.21436095238	543
7.21500706673	-1420
7.21501302719	-1420
7.21504306793	-1420
7.21504592896	-1212
7.21511006355	-1420
7.21511292458	-1316
7.21576499939	-1420
7.21577000618	-1420
7.21581101418	-1264
7.21587491035	-1420
7.21591186523	-1316
7.21591496468	-1368
7.22647190094	-1368
7.24836707115	-1420
7.24841189384	-1316
7.24873995781	-1420
7.24876308441	-1316
7.24884104729	543
7.24896597862	-1368
7.25046300888	-1420
7.2505068779	-1420
7.25050997734	-1264
7.25136709213	-1420
7.25137090683	-1316
7.25140810013	-1368
7.25198793411	-1368
7.25232100487	-1420
7.25232505798	-1316
7.25255703926	-1420
7.25256109238	-1420
7.25258088112	-1264
7.25266289711	543
7.2747399807	-843
7.29580998421	543
7.65375995636	-1420
7.65377807617	-1420
7.65383291245	-787
7.65480709076	-1420
7.65485787392	-1420
7.65486097336	-1264
7.65497303009	543
7.65938401222	-1420
7.65938901901	-1316
7.65957093239	-1420
7.65957593918	-1316
7.65969204903	-1420
7.65969491005	-1316
7.67945599556	-1420
7.6794719696	-1420
7.67952799797	-1264
7.6928088665	-1420
7.69286203384	-1420
7.69286608696	-1264
7.69313693047	-1420
7.69314098358	-1316
7.6933529377	-1368
7.69356989861	-1420
7.69361305237	-1420
7.69361495972	-1264
7.69369387627	-1420
7.69369697571	-1420
7.69371509552	-1264
7.69380903244	543
7.69729089737	-1420
7.69729709625	-1420
7.69733786583	-1264
7.69857907295	-1420
7.6986219883	-1420
7.69862389565	-1264
7.69933104515	-1420
7.69933605194	-1420
7.69935703278	-1264
7.69968104362	-1420
7.69972300529	-1420
7.69972586632	-1264
7.69982504845	543
7.70556092262	-1420
7.70557188988	-1420
7.70559692383	-1264
7.73189401627	-1420
7.73197603226	-1420
7.73198103905	-1420
7.73202204704	-1212
7.73202395439	-1420
7.7320599556	-1316
7.73206210136	-1368
7.73227310181	543
7.73243808746	-1420
7.73244094849	-1316
7.73265194893	-1420
7.73265695572	-1316
7.73279500008	-1368
7.73766803741	-1420
7.73770999908	-1420
7.7377140522	-1264
7.73850297928	-1420
7.73850703239	-1420
7.73854398727	-1264
7.73922491074	-1368
7.7394349575	-1420
7.73943805695	-1316
7.73973608017	-1420
7.73974108696	-1420
7.73977899551	-1264
7.73983693123	-1368
7.73993301392	543
7.73998689651	-1420
7.73998904228	-1420
7.73998999596	-1264
7.7401330471	-1420
7.74015593529	-1316
7.74029493332	-1368
7.74042797089	-1420
7.74043107033	-1420
7.74046802521	-1264
7.74049186707	543
7.75703787804	-1420
7.7570540905	-1420
7.75710701942	-1264
7.76637887955	-282
7.77096009254	-1420
7.77096700668	-1316
7.77102899551	-1368
7.77125191689	-1420
7.77129101753	-1420
7.77129292488	-1264
7.77175498009	-1420
7.7717590332	-1420
7.77179694176	-1264
7.77184796333	543
7.77213096619	-1420
7.77213597298	-1316
7.77225708961	-1420
7.77225995064	-1316
7.77239394188	-1420
7.77239704132	-1316
7.77257490158	-1420
7.77257990837	-1316
7.77267408371	-1368
7.7729818821	-1420
7.77302289009	-1420
7.77302598953	-1264
7.77313494682	-1420
7.77313804626	-1316
7.77323007584	543
7.77345991135	-1368
7.77378988266	-1420
7.77381300926	-1420
7.77381491661	-1264
7.77410387993	-1420
7.77410697937	-1420
7.77414393425	-1264
7.77665686607	-1368
7.79245400429	-1420
7.79246592522	-1420
7.79251599312	-1264
7.79251909256	-1420
7.792552948	-1420
7.79255509377	-1264
7.79274702072	543
7.80319499969	1057
7.8054599762	-1420
7.80546593666	-1316
7.80557203293	-1420
7.80557394028	-1420
7.80557489395	-1420
7.80557608604	-1212
7.80574607849	543
7.80587887764	-1420
7.80588388443	-1420
7.80592107773	-1264
7.80592489243	-1368
7.80635499954	-1420
7.80636000633	-1316
7.88405799866	-745
8.0990319252	1057
8.10728096962	1057
8.31613302231	-543
8.37375402451	-1420
8.37382602692	-1316
8.42107105255	-1368
8.4232878685	543
8.42495298386	543
8.4335038662	543
8.46842193604	-66
8.48008489609	-1420
8.48014998436	-1420
8.48015403748	-1264
8.53383803368	543
8.53408789635	543
8.59275698662	-66
8.6047129631	543
8.70562791824	-543
8.81850409508	-543
8.87406587601	-1368
8.92859601974	-1368
8.93052387238	1057
8.93139791489	543
8.93196105957	543
8.93217897415	543
8.97150206566	-464
9.19928097725	-543
9.20055699348	-1420
9.20059990883	-1316
9.22161507607	-1420
9.22168207169	-1420
9.22172689438	-1264
9.22464299202	-1420
9.22469592094	-1420
9.22473406792	-1264
9.22476887703	-1368
9.25053501129	-1368
9.2506210804	-1368
9.27634000778	-1420
9.27640795708	-1316
9.28665208817	1057
9.28941607475	1057
9.31203389168	-981
9.31219696999	543
9.31416606903	543
9.50541806221	-1057
9.65617609024	-1420
9.65619397163	-1420
9.65624690056	-1264
9.67638301849	-609
9.69754099846	543
9.69920706749	543
9.78983902931	-543
9.98457407951	-543
10.1461288929	-1057
10.1471819878	543
10.3486778736	-1420
10.3486950397	-151
10.3736820221	1057
10.5753679276	-543
10.6393740177	-1420
10.6394400597	-1420
10.6394798756	-1264
10.6414909363	543
10.7282960415	-66
10.7301619053	543
10.9248309135	-1057
10.9258849621	543
11.0388391018	-543
11.2070970535	-1057
11.213135004	1057
11.4135658741	-543
11.4579560757	-1420
11.4580008984	-1316
11.4940190315	-1368
11.4961130619	543
11.5649280548	-66
11.5668189526	543
11.7223138809	-1057
11.7233278751	543
11.8363280296	-543
12.0053679943	-543
12.0166139603	543
12.2542700768	-1420
12.2542939186	-665
13.5418179035	-543
14.0006299019	543
14.1134500504	-543
14.8047719002	1057
15.0405249596	-543
