0	1057
0.457862138748	-543
0.653862953186	-543
0.653970956802	-1368
0.654004096985	-1368
0.76503610611	-920
0.774618148804	543
0.885813951492	1057
1.16045713425	-543
1.32118201256	-543
1.51938199997	-543
1.51941204071	-1368
1.63067507744	-717
1.63874912262	1057
2.02701210976	-543
2.18699407578	-543
2.18706512451	-1368
2.29837608337	-203
2.30265712738	543
2.74318599701	-543
2.81962800026	543
2.93092107773	543
3.18961310387	-543
3.40757417679	-543
3.40773010254	-1368
3.40776109695	-1368
3.5188741684	-377
3.63050913811	-543
3.64203715324	543
3.75342416763	543
3.99354815483	-543
4.30660104752	-543
4.30673694611	-1368
4.30675911903	-1368
4.38647317886	-1368
4.38653898239	-1368
4.38655400276	-1368
4.38656401634	-1368
4.3865981102	-1368
4.41795396805	-1334
4.45310902596	1057
4.57116913795	-543
4.73370909691	-543
4.73377609253	-1368
4.73381400108	-1368
4.8450820446	-920
5.54203510284	-543
5.54211306572	-1368
5.54213309288	-1368
5.63798904419	-1368
5.63807797432	-1368
5.63810515404	-1368
5.63813114166	-1368
5.63816809654	-1368
5.63820314407	-1368
5.63822507858	-1368
5.63949894905	543
5.65402817726	-1368
5.65409207344	-915
5.66542196274	1368
5.75080609322	1260
6.20732307434	-543
6.2879421711	-1368
6.28801703453	-1368
6.28804802895	-1368
6.28808403015	-1368
6.28810501099	-1368
6.28836107254	-1368
6.288449049	-1368
6.28848409653	-1368
6.28904008865	543
6.35519099236	-567
6.38304615021	-1368
6.38312005997	-1368
6.39996504784	-1368
6.4000389576	-1368
6.40005707741	-1368
6.40006899834	-1368
6.40007400513	-1368
6.40010905266	-1368
6.40015006065	-1368
6.400192976	-1368
6.40023803711	-1368
6.40028309822	-1368
6.40033197403	-1368
6.40037202835	-1368
6.40041303635	-1368
6.40112996101	543
6.47814917564	-1368
6.4781999588	-1368
6.47823309898	-1368
6.49457097054	-1368
6.4946501255	-1368
6.49467015266	-1368
6.51163601875	-1368
6.51167416573	-1368
6.51170516014	-1368
6.51178908348	-1368
6.51182413101	-1368
6.51185917854	-1368
6.51188802719	-1368
6.51193213463	-1368
6.51194000244	-1029
6.5518951416	543
6.57297706604	-1368
6.57301497459	-1368
6.5730509758	-1368
6.57309603691	-1368
6.57313704491	-1368
6.57318997383	-1368
6.57494807243	-1368
6.57499504089	-1368
6.57505202293	-1368
6.58941507339	-1368
6.58944797516	-1368
6.58948612213	-1368
6.60591602325	-1368
6.60597515106	-1368
6.60600996017	-1368
6.62346601486	-359
6.6680700779	-1368
6.66812205315	1086
6.6681470871	-1368
6.66815805435	-1368
6.66818118095	-1368
6.66822314262	-1368
6.66827607155	-1368
6.66875600815	-1368
6.66877508163	-1368
6.6688041687	-1368
6.66915512085	-1368
6.66920614243	-1368
6.66924405098	-1368
6.68435096741	-1368
6.68438816071	-1368
6.68444514275	-1368
6.6845459938	-1368
6.6846010685	-1368
6.73480916023	-1308
6.76314616203	-1368
6.76319313049	-1368
6.76343417168	-1368
6.76347708702	-1368
6.76353096962	-1368
6.7641980648	-1368
6.76423215866	-1368
6.76428604126	-1368
6.76445007324	-1368
6.76480317116	-1368
6.76484203339	-1368
6.7648870945	-1368
6.76492595673	-1368
6.779515028	-1368
6.77956700325	1086
6.77957701683	-1368
6.77958416939	-1368
6.77959394455	-1368
6.84649515152	-1279
6.85861206055	-1368
6.85866713524	-1368
6.85870099068	-1368
6.85871315002	-1368
6.85872411728	-1368
6.85875797272	-1368
6.85945796967	-1368
6.85949206352	-1368
6.85952711105	-1368
6.859634161	-1368
6.85969495773	-1368
6.85974001884	-1368
6.85996317863	-1368
6.85999202728	-1368
6.86003112793	-1368
6.86006903648	-1368
6.87451601028	-1368
6.87455511093	-1368
6.95342612267	-1368
6.95345807076	543
6.95347213745	-1368
6.95347905159	-1368
6.95396018028	-1368
6.95397400856	-1368
6.95400094986	-1368
6.95403194427	-1368
6.95406699181	-1368
6.95410203934	-1368
6.95457601547	-1368
6.95462203026	-1368
6.95466804504	-1368
6.95492601395	-1368
6.95496106148	-1368
6.95515608788	-1368
6.95519304276	-1368
6.95521807671	-1368
6.95810604095	-1368
6.95814609528	-1368
6.97050404549	-1368
6.97053313255	-228
6.97913408279	-1368
6.97916412354	-1368
6.97934103012	1368
7.04913401604	-1368
7.04920911789	-1368
7.04925298691	-1368
7.04929804802	-1368
7.04939198494	-1368
7.04942011833	-1368
7.04983901978	-1368
7.05009007454	-1368
7.0501101017	-1368
7.05014514923	-1368
7.05023503304	-1368
7.05026507378	-1368
7.05047702789	-1368
7.05048704147	-1368
7.05052304268	-1368
7.05060815811	-1368
7.06487607956	-1368
7.06489300728	-1368
7.06493210793	-1368
7.07451415062	-1368
7.07454609871	1318
7.07455611229	-1368
7.07456111908	-1368
7.08174514771	-644
7.08711504936	543
7.14508104324	-1368
7.14516115189	-1368
7.14519715309	-1368
7.14521598816	-1368
7.14524817467	-1368
7.14579296112	-1368
7.14584207535	-1368
7.14585113525	-1368
7.14594817162	-1368
7.14598298073	-1368
7.14602708817	-1368
7.14607405663	-1368
7.14620709419	-1368
7.14624500275	-1368
7.14628410339	-1368
7.14637207985	-1368
7.14642500877	-1368
7.14656400681	1368
7.16979694366	-1368
7.16985416412	-1368
7.16989898682	-1368
7.16990303993	-1368
7.23114705086	-64
7.23121094704	261
7.23971796036	-1368
7.23977208138	-1368
7.23980212212	-1368
7.3356051445	-1368
7.33566617966	-1368
7.33568906784	-1368
7.33577299118	-1368
7.33579611778	-1368
7.33585500717	-1368
7.33588194847	-1368
7.33590507507	-1368
7.33594202995	-1368
7.33596301079	-1368
7.33600115776	-1368
7.33601903915	-1368
7.33604717255	-1368
7.33608317375	-1368
7.33611106873	-1368
7.33613801003	-1368
7.33616995811	-1368
7.33619999886	-1368
7.33626103401	-1368
7.33629012108	-1368
7.33631801605	-1368
7.33635115623	-1368
7.33638000488	-1368
7.33640694618	-1368
7.33643698692	-1368
7.33650302887	-1368
7.33652496338	-1368
7.33655595779	-1368
7.33658194542	-1368
7.33661317825	-1368
7.33687710762	-1368
7.33690714836	-1368
7.33693695068	-1368
7.33886218071	1368
7.34243416786	-879
7.34250402451	261
7.36062598228	-1368
7.36071109772	-1368
7.36075615883	-1368
7.43110203743	-1368
7.43115997314	-1368
7.43122506142	-1368
7.43123698235	-1368
7.43125796318	-1368
7.44731998444	-1368
7.44740009308	-1368
7.44741296768	-1368
7.44745898247	-1368
7.44749999046	-1368
7.44754815102	-1368
7.4475941658	-1368
7.45414614677	-417
7.45422697067	543
7.4552230835	-1368
7.45526909828	-1368
7.52600908279	-1368
7.52606701851	-1368
7.52610015869	-1368
7.52619814873	-1368
7.5262260437	-1368
7.52625417709	-1368
7.52660608292	-1368
7.52663898468	-1368
7.52665615082	-1368
7.52695608139	-1368
7.52723002434	-1368
7.5272591114	-1368
7.52752494812	-1368
7.52755999565	-1368
7.52757811546	-1368
7.55107617378	-1368
7.56540203094	-570
7.56547117233	1086
7.57026600838	1368
7.63558506966	-1368
7.63561797142	-1368
7.63566398621	-1368
7.67677497864	-95
7.67680215836	261
7.73097515106	-1368
7.73103117943	-1368
7.78817009926	-920
7.79596209526	543
7.94693994522	543
8.03835916519	-543
8.03843712807	-1368
8.03849101067	-1368
8.03858399391	-1368
8.03861618042	-1368
8.03878307343	-1368
8.03904795647	-1368
8.03907012939	-1368
8.03909802437	-1368
8.1335310936	-1368
8.1335940361	-1368
8.13363409042	-1368
8.13364195824	-1368
8.13365411758	-1368
8.13366007805	-1368
8.13366699219	-1368
8.13367199898	-1368
8.13368797302	-1368
8.13374209404	-1368
8.13377904892	-1368
8.13380503654	-1368
8.13386797905	-1368
8.13397502899	-1368
8.13400816917	-1368
8.13404512405	-1368
8.13410902023	-1368
8.13416910172	-1368
8.13578104973	543
8.14991497993	-992
8.1675131321	-543
8.22871398926	-1368
8.22877311707	-1368
8.22881102562	-1368
8.22900795937	-1368
8.22907114029	-1368
8.22911095619	-1368
8.22916817665	-1368
8.2291970253	-1368
8.22924900055	-1368
8.22929096222	-1368
8.22933101654	-1368
8.22934603691	-1368
8.22937512398	-1368
8.22946405411	-1368
8.22949314117	-1368
8.22953796387	-1368
8.22955417633	-1368
8.29915809631	-1279
8.29920315742	1086
8.32402515411	-1368
8.32408094406	-1368
8.32411813736	-1368
8.3241341114	-1368
8.32414698601	-1368
8.32415413857	-1368
8.32417201996	-1368
8.32419610023	-1368
8.32422399521	-1368
8.3242521286	-1368
8.32428312302	-1368
8.32432198524	-1368
8.32434296608	-1368
8.32438111305	-1368
8.32444310188	-1368
8.32447004318	-1368
8.32452702522	-1368
8.32455396652	-1368
8.3245871067	-1368
8.32500910759	-1368
8.32503604889	-1368
8.32510304451	-1368
8.41043496132	-209
8.41050505638	1086
8.41937994957	-1368
8.41944408417	-1368
8.43437409401	-1368
8.43449115753	-1368
8.4345240593	-1368
8.43454909325	-1368
8.4345741272	-1368
8.43460512161	-1368
8.52176499367	-538
8.52182507515	1086
8.53012108803	-1368
8.53018212318	-1368
8.53022003174	-1368
8.53033399582	-1368
8.53036117554	-1368
8.53039598465	-1368
8.5304350853	-1368
8.53047013283	-1368
8.53050518036	-1368
8.53053212166	-1368
8.5305621624	-1368
8.53059697151	-1368
8.53064799309	-1368
8.53069400787	-1368
8.53070902824	-1368
8.53073215485	-1368
8.53075814247	-1368
8.53079414368	-1368
8.63310003281	-968
8.63318109512	543
9.17650508881	-543
9.17656707764	-1368
9.28803801537	-203
9.28941202164	543
9.71758508682	-543
9.7176451683	-1368
9.71768116951	-1368
9.71768903732	-1368
9.71774315834	-1368
9.71777915955	-1368
9.71782112122	-1368
9.71786594391	-1368
9.71889305115	543
9.80923295021	-1368
9.80934596062	-1368
9.80938196182	-1368
9.82916617393	-1368
9.82923913002	-1368
9.82925009727	-1368
9.82926416397	-1368
9.82927012444	-641
9.83003902435	543
9.90448307991	-1368
9.90458703041	-1368
9.90465307236	-1368
9.90468597412	-1368
9.90470814705	-1368
9.90471601486	-1368
9.92078399658	-1368
9.92084813118	-1368
9.92089009285	-1368
9.94046616554	-1368
9.94054198265	-1368
9.94055294991	-1368
9.94056415558	-1368
9.94056916237	-1368
9.94060015678	-1184
9.99951601028	-1368
9.99955105782	-1368
9.99957799911	-1368
9.9999370575	543
10.0159111023	-1368
10.0159680843	-1368
10.0159950256	-1368
10.0160050392	-1368
10.0160150528	-1368
10.0160200596	-1368
10.0223860741	-1368
10.0224421024	-1368
10.0224709511	-1368
10.0914030075	-322
10.0944671631	-1368
10.0945241451	-1368
10.0945711136	-1368
10.0945789814	-1368
10.0945920944	-1368
10.0945990086	-1368
10.094753027	-1368
10.0947871208	-1368
10.0948090553	-1368
10.1162281036	-1368
10.1162831783	543
10.1163041592	-1368
10.1163129807	-1368
10.1897089481	-1368
10.1898071766	-1368
10.18988204	-1368
10.1899950504	-1368
10.1900429726	-1368
10.190071106	-1368
10.1906070709	-1368
10.1907141209	-1368
10.1907429695	-1368
10.2027649879	-1121
10.2115850449	-1368
10.2116229534	-1368
10.2847189903	-1368
10.2847759724	543
10.2848031521	-1368
10.2848131657	-1368
10.2849431038	-1368
10.2851350307	-1368
10.285588026	-1368
10.2856311798	-1368
10.2856810093	-1368
10.2857830524	-1368
10.285834074	-1368
10.2858781815	-1368
10.3064000607	-1368
10.3064830303	-1368
10.3065280914	-1368
10.3226981163	-77
10.3804261684	-1368
10.3804850578	-1368
10.3805191517	-1368
10.3807210922	-1368
10.3807501793	-1368
10.3807790279	-1368
10.3808121681	-1368
10.3808851242	-1368
10.3809299469	-1368
10.4343850613	-227
10.4344460964	1086
10.5457999706	-543
10.5458700657	543
10.7377941608	543
11.4788150787	-543
11.4788639545	-1368
11.4788980484	-1368
11.5904359818	-377
11.6691479683	-1368
11.6692020893	-1368
11.6693611145	-1368
11.6697361469	-1368
11.6697690487	-1368
11.6698040962	-1368
11.6698379517	-1368
11.6698789597	-1368
11.6699440479	-1368
11.702008009	-1368
11.7020850182	-1368
11.7026021481	543
11.7804961205	-1368
11.7805531025	-1368
11.7805819511	-1368
11.7806580067	-1368
11.7807040215	-1368
11.7807440758	-1368
11.7809531689	-1368
11.7809860706	-1368
11.7810189724	-1368
11.781111002	-1368
11.781126976	-1368
11.7811491489	-1368
11.7811801434	-1368
11.7811861038	-557
11.8599171638	-1368
11.8599779606	-1368
11.860268116	-1368
11.860419035	-1368
11.860450983	-1368
11.8605051041	-1368
11.8608181477	543
11.8919229507	-1368
11.8919701576	-1368
11.8920040131	-1368
11.8924219608	-256
11.9551379681	-1368
11.9552199841	-1368
11.9556491375	-1368
11.9556980133	-1368
11.9557349682	-1368
11.9559140205	-1368
11.955974102	-1368
11.9559850693	-1368
12.0038011074	-1052
12.0038530827	543
12.0502371788	-1368
12.0502951145	-1368
12.0503370762	-1368
12.0521011353	-1368
12.0521790981	-1368
12.0521931648	-1368
12.0522069931	-1368
12.0522129536	-1368
12.0522320271	-1368
12.0978691578	543
12.1151850224	-198
12.115252018	543
12.1458859444	-1368
12.1459431648	-1368
12.1459751129	-1368
12.1464281082	-1368
12.1464879513	-1368
12.1464970112	-1368
12.1638541222	-1368
12.1639111042	-1368
12.1639530659	-1368
12.1639611721	-1368
12.2209391594	231
12.2267279625	-1002
12.2412540913	-1368
12.2413611412	-1368
12.2413799763	-1368
12.2414209843	-1368
12.2414600849	-1368
12.2425031662	543
12.3355460167	-1368
12.3356060982	-1368
12.3356370926	-1368
12.3366851807	-1368
12.3367350101	-1368
12.3367471695	-1368
12.3367609978	-1368
12.3367979527	-1368
12.3368420601	-1368
12.3448131084	-751
12.3470511436	126
12.3526301384	-1242
12.3948311806	543
12.4306280613	-1368
12.4306850433	-1368
12.4314651489	-1368
12.4316799641	-1368
12.4317159653	-1368
12.431730032	-1368
12.431759119	-1368
12.4317851067	-1368
12.4639539719	-1052
12.4708909988	-51
12.4719750881	38
12.5267989635	-1368
12.5268490314	543
12.5268759727	-1368
12.5268881321	-1368
12.5273761749	-1368
12.5274190903	-1368
12.5274419785	-1368
12.5948400497	-1348
12.5949389935	-151
12.5966551304	1057
12.621297121	-1368
12.6213541031	-1368
12.6213870049	-1368
12.6213951111	-1368
12.6214051247	-1368
12.6214110851	-1368
12.6220550537	-1368
12.6222820282	-1368
12.6223230362	-1368
12.6223590374	-1368
12.6223990917	-1368
12.6224300861	-1368
12.6315159798	-483
12.6780540943	543
12.7164151669	-1368
12.7164690495	-1368
12.7165050507	-1368
12.7165210247	-1368
12.7165329456	-1368
12.717605114	-1368
12.7176480293	-1368
12.7176930904	-1368
12.7177250385	-1368
12.7177741528	-1368
12.7266600132	-543
12.7282340527	543
12.7328500748	-1368
12.7428770065	-32
12.8115360737	-1368
12.8115880489	543
12.8116030693	-1368
12.8116121292	-1368
12.8126151562	-1368
12.8126499653	-1368
12.812677145	-1368
12.8134140968	-1368
12.8134610653	-1368
12.8134710789	-1368
12.8134829998	-1368
12.8540320396	-973
12.8738560677	-543
12.8757250309	543
12.9619719982	543
13.124215126	1057
13.1340689659	-543
13.3148190975	1057
13.6877501011	-543
13.9231290817	-543
13.9232060909	-1368
13.9232320786	-1368
14.0182321072	-1368
14.0183050632	-1368
14.0183200836	-1368
14.030823946	543
14.0344209671	-472
14.0643019676	1368
14.1756191254	-543
14.1756560802	746
14.3502120972	-543
14.3502440453	543
14.5434110165	-543
14.6700310707	-1368
14.6913831234	-1289
14.6929841042	543
14.8026759624	-543
14.9228820801	1057
15.0164091587	-543
15.0164580345	-1368
15.0164880753	-1368
15.0165009499	-1368
15.0165109634	-1368
15.1270580292	-1368
15.1271390915	-1368
15.127177	-1368
15.1276230812	-1334
15.1281599998	543
15.2362411022	-1368
15.2388141155	-232
15.2947690487	1057
15.4061911106	1086
15.5736100674	-543
15.723263979	-1057
15.8347671032	-543
15.8798000813	-1368
15.879858017	-1368
15.946210146	-920
15.9615850449	543
15.9752120972	-1368
16.0575211048	-232
16.0739300251	543
16.361068964	-543
16.5112540722	-1086
16.5133731365	543
16.856924057	-543
17.0073440075	-1057
17.0497181416	1057
17.3770160675	-543
17.5600340366	-543
17.5601670742	-1368
17.5601949692	-1368
17.6714229584	-377
17.6809329987	543
17.7826449871	-543
17.7925181389	543
18.0463681221	-543
18.1952021122	-1086
18.1977131367	543
18.5140750408	-543
18.6632471085	-543
18.6778810024	543
18.7892861366	543
19.0182349682	-543
19.1822440624	-543
19.1823410988	-1368
19.1823961735	-1368
19.2783370018	-1368
19.2879731655	543
19.2934231758	-95
19.3992230892	543
19.650660038	-543
19.7619760036	-543
19.7642650604	543
19.8731920719	-543
20.104665041	-543
20.1330561638	543
20.5262379646	-543
20.5262970924	-1368
20.5263330936	-1368
20.6214830875	-1368
20.6215679646	-1368
20.6375999451	-1297
20.7487649918	-543
