0	543
0.307503938675	-543
0.307728052139	543
0.519730091095	543
0.600395917892	-543
0.620722055435	-1420
0.620738983154	-1420
0.620800018311	-787
0.620922088623	543
0.623070955276	543
0.643128871918	543
0.732894897461	-543
0.742630958557	543
0.964861869812	-543
0.965044975281	543
1.10130691528	-543
1.10149407387	543
1.21398305893	-543
1.36528587341	-1057
1.36880993843	543
1.42969894409	-1420
1.42971491814	-1316
1.45295906067	-1368
1.45503497124	543
1.47734808922	-66
1.48618602753	543
1.52971291542	543
1.59455299377	-1057
1.75216603279	-543
1.75238204002	543
1.93832206726	-543
2.09050488472	-1057
2.09200692177	543
2.40724802017	-543
2.42095899582	543
2.73639392853	-543
2.73660588264	543
3.0542640686	-1420
3.05428600311	-1420
3.05434203148	-787
3.16638803482	-543
3.16832399368	543
3.16853404045	543
3.48288393021	-543
3.49851298332	-543
3.64578700066	-1420
3.6458530426	-1420
3.64589691162	-99
3.64633488655	-1420
3.64637088776	-1316
3.6470220089	-1420
3.64704489708	-1420
3.64706206322	-1264
3.69237208366	-1420
3.69245195389	-1316
3.73035097122	543
3.7429420948	543
3.75811886787	-1420
3.75813508034	-88
3.77844905853	-1420
3.77848291397	-1420
3.77853703499	-1264
3.77853989601	-1368
3.77878689766	-1368
3.82520008087	-1368
3.8253428936	543
3.87027788162	-646
4.023209095	-543
4.02343702316	543
4.13542890549	-543
4.13563704491	543
4.25365495682	-1420
4.25367593765	-1420
4.25377297401	-787
4.3658490181	-543
4.36775898933	-1420
4.36776399612	-1316
4.36830091476	543
4.39075088501	-1368
4.47989702225	-66
4.48182106018	543
4.48242998123	1460
4.48247790337	625
4.59757304192	-543
4.74931502342	-543
4.76913809776	-1420
4.76919698715	-1316
4.76940703392	-1420
4.76941108704	-1316
4.76952791214	543
4.76982402802	-1420
4.76982808113	-1316
4.76989293098	-1368
4.7698969841	-1368
4.77000188828	-1368
4.79246091843	-1368
4.81159591675	-1368
4.8145430088	-1420
4.81460094452	-1316
4.8814868927	-1420
4.88150405884	-1420
4.88156509399	-1264
4.88156795502	-1368
4.88169503212	-1420
4.88169693947	-1316
4.88193488121	543
4.88199400902	-1420
4.88199687004	-1316
4.88209009171	-1368
4.88225507736	-1420
4.88229608536	-1316
4.88242292404	-1368
4.88495802879	-1368
4.90475487709	-1420
4.90481209755	-1316
4.90481591225	-1368
4.92694807053	-1420
4.92696404457	-1420
4.92700099945	-1264
4.9270029068	-1368
4.99376392365	-1420
4.99378108978	-1420
4.99384903908	-1264
4.9938519001	-1368
4.99394798279	-1368
4.99407601357	-1420
4.99411702156	-1316
4.99425387383	-1420
4.99429488182	-1316
4.99440193176	-1368
4.99444293976	543
4.99449300766	-1368
4.99462604523	-1420
4.99462795258	-1316
4.99464297295	543
4.99480891228	-1368
4.99717402458	-1420
4.99722099304	-1316
4.99735808372	-1368
4.99738287926	-1368
5.0169839859	-1420
5.01703095436	-1316
5.02182006836	-1368
5.03930497169	-1420
5.03931689262	-1420
5.03938603401	-1264
5.03939008713	-1368
5.03942608833	-1368
5.03959298134	-1420
5.03963303566	-1316
5.03969192505	543
5.10614395142	-1420
5.10618710518	-1316
5.10625696182	-1368
5.1062810421	-1368
5.10632395744	-1420
5.10632705688	-1316
5.10646104813	-1420
5.10646510124	-1316
5.10660290718	-1368
5.10678291321	-1420
5.10682106018	-1316
5.10688900948	-1368
5.10699105263	-1368
5.10719108582	-1368
5.10719490051	-1368
5.10729694366	-1368
5.1074180603	-1368
5.10780501366	-1368
5.10810089111	543
5.10825800896	543
5.10952091217	-1420
5.10952806473	-1420
5.10954999924	-1264
5.10974788666	-1368
5.1097779274	-1368
5.10992598534	-1368
5.11004209518	-1420
5.11004590988	-1316
5.12928009033	-1420
5.12929606438	-1316
5.15161204338	-1368
5.15174102783	-1420
5.15183806419	-1420
5.15184092522	-1264
5.15187692642	-1420
5.15189194679	-1316
5.15200209618	-1420
5.15200591087	-1316
5.15216398239	-1368
5.15222191811	543
5.15226197243	-1368
5.152354002	-1368
5.15245103836	-1368
5.2184779644	-1420
5.21851301193	-1420
5.21858096123	-1264
5.21858406067	-1368
5.21862697601	-1420
5.21863007545	-1316
5.2188179493	-1420
5.21882200241	-1316
5.21897387505	-1368
5.21903204918	-1368
5.2191259861	-1368
5.21926903725	-1368
5.21938109398	-1368
5.21948409081	-1368
5.21959209442	-1368
5.21970105171	-1420
5.21970391273	-1316
5.21978092194	-1368
5.21990203857	-1368
5.21999406815	-1368
5.22009110451	-1368
5.22023105621	-1420
5.22023391724	-1316
5.22030210495	-1368
5.22265410423	-1368
5.22288703918	-1420
5.2228910923	-1316
5.22345089912	-1368
5.22371697426	-1368
5.22383499146	-1368
5.22394394875	-1368
5.22404789925	-1368
5.22418403625	-1368
5.22428297997	-1368
5.22450494766	-1368
5.22479987144	-1368
5.22562503815	543
5.22579503059	543
5.22596907616	543
5.24191498756	-1420
5.24193191528	-1316
5.2419860363	-1368
5.24198889732	-1368
5.26412200928	-1420
5.26415109634	-1420
5.26421308517	-1264
5.2642159462	-1368
5.26435399055	-1420
5.26435709	-1316
5.26445508003	-1368
5.26460790634	-1368
5.26468110085	-1420
5.26469087601	-1316
5.26479697227	-1368
5.26488399506	-1368
5.26494693756	543
5.26499390602	-1368
5.26517105103	-1420
5.26519298553	-1316
5.26574087143	-1368
5.33077192307	-1420
5.33079195023	-1316
5.33093500137	-1368
5.33093905449	-1368
5.33099293709	-1368
5.33117198944	-1420
5.3312048912	-1316
5.33120894432	-1368
5.33134388924	543
5.33138298988	-1368
5.33138489723	-1368
5.33156490326	-1420
5.33156895638	-1316
5.33161687851	-1368
5.33175802231	-1368
5.33186388016	-1368
5.33190703392	543
5.33209109306	-1420
5.33209395409	-1316
5.33220601082	-1368
5.33228087425	-1368
5.33241295815	-1420
5.33241701126	-1316
5.33251309395	-1368
5.33282804489	-1420
5.33285403252	-1420
5.33285593987	-1264
5.33287501335	-1368
5.33294200897	-1368
5.3330719471	-1368
5.33315992355	-1368
5.3332669735	-1368
5.33339309692	-1420
5.33344507217	-1316
5.3334748745	-1368
5.33363509178	-1368
5.33377599716	543
5.33489990234	-1420
5.33490490913	-1316
5.33501887321	-1368
5.33509802818	-1368
5.33520698547	-1368
5.33530402184	-1368
5.33618593216	-1420
5.3361890316	-1420
5.33622598648	-1264
5.33622789383	-1368
5.33627510071	-1368
5.33641195297	-1420
5.33644795418	-1316
5.33660197258	-1420
5.33660507202	-1316
5.33670496941	-1368
5.33683490753	-1368
5.33693408966	-1368
5.33783197403	543
5.33806610107	543
5.3384718895	-1420
5.33847808838	-1316
5.35436892509	-1420
5.35439300537	-1420
5.35443091393	-1264
5.35443401337	-1368
5.35445809364	-1368
5.35458898544	-1368
5.35855007172	-1368
5.37650609016	-1368
5.37655210495	-1368
5.37674593925	-1368
5.37693405151	-1368
5.37715196609	-1368
5.37736201286	-1368
5.37759590149	-1420
5.37768507004	-1316
5.37773299217	-1368
5.37777090073	-1420
5.37777304649	-1420
5.37782096863	-1264
5.37797808647	-1420
5.3780169487	-1316
5.37803387642	-1420
5.37808895111	-1420
5.37809205055	-1264
5.37812495232	-1420
5.37812709808	-1420
5.37812900543	-1264
5.37812995911	-1368
5.37824988365	543
5.37838697433	-1420
5.37839007378	-246
5.37850093842	543
5.44301009178	-1368
5.5304479599	-717
5.53102087975	543
5.60221195221	1057
5.69304394722	543
5.8222720623	-1420
5.82228803635	-1420
5.82232499123	-787
5.82238602638	-1368
5.82253503799	-1368
5.82263207436	-1368
5.82277202606	-1420
5.82277488708	-1316
5.82295393944	-1420
5.82295799255	-1316
5.82306194305	-1368
5.87455606461	-1420
5.87462806702	-1316
5.87466597557	-1368
5.87601208687	-1420
5.87605595589	-1316
5.8771378994	-1368
5.8772289753	-1420
5.87724900246	-1316
5.87788796425	543
5.8795440197	-1420
5.87954998016	-1316
5.88489198685	-1368
5.88512086868	-1420
5.88520407677	-1316
5.88520789146	-1368
5.88638305664	-1420
5.88638997078	-1316
5.88648891449	-1368
5.88782501221	-1420
5.88789606094	-1316
5.88789987564	-1368
5.88810896873	543
5.8934340477	-1420
5.89346003532	-1316
5.89350891113	-1368
5.91387987137	-1420
5.91394710541	-1316
5.91407203674	-1420
5.91409492493	-1316
5.91415786743	-1368
5.91428089142	543
5.91438698769	-1420
5.9143910408	-1316
5.91479992867	-1420
5.91480398178	-1316
5.91489195824	-1368
5.91506409645	-1420
5.91508507729	-1316
5.91552209854	-1368
5.91564393044	-1420
5.91564798355	-1316
5.91681599617	-1420
5.91682100296	-1420
5.91686296463	-1264
5.9180829525	-1420
5.91812300682	-1316
5.91817808151	-1368
5.91873908043	-1368
5.91884708405	-1368
5.92203497887	543
5.92698192596	-1420
5.92699503899	-1316
5.93435692787	-363
5.93685293198	-1420
5.93690991402	-1316
5.93740606308	-1420
5.93747591972	-1316
5.93747806549	-1368
5.93772387505	-1420
5.93772697449	-1316
5.96027398109	-1368
5.96028995514	-1420
5.96032500267	-1316
5.96039891243	-1368
5.96058607101	-1368
5.96060395241	543
5.96135592461	-1420
5.96141004562	-1316
5.96161794662	-1420
5.96163988113	-1316
5.96164298058	-1368
5.96174502373	543
5.96182107925	-1368
5.96215510368	-1368
5.96235394478	-1368
5.96252202988	-1420
5.96256089211	-1316
5.96294093132	-1420
5.96297907829	-1420
5.96298193932	-1264
5.96320104599	-1420
5.96320509911	-1420
5.96324491501	-1264
5.96400594711	-1368
5.96466708183	-1420
5.96467089653	-1316
5.96475410461	-1368
5.96520090103	-1420
5.96522402763	-1316
5.9656829834	-1368
5.96581888199	-1420
5.96583008766	-1316
5.96814703941	543
5.98368501663	-1420
5.98370504379	-1420
5.98378586769	-1264
5.98378896713	-1368
5.98389291763	-1368
5.98421597481	-1368
5.9846200943	-1420
5.984623909	-1316
5.98469090462	-1368
5.98482203484	-1368
5.98495101929	-1368
5.98537492752	543
5.98664307594	-1368
6.00630807877	-1420
6.00635504723	-1316
6.00653290749	-1368
6.00662088394	-1368
6.00690603256	-1420
6.00694799423	-1316
6.00694990158	-1368
6.00711894035	-1368
6.00734496117	-1368
6.00765395164	-1420
6.00765800476	-1316
6.00776696205	-1368
6.00789809227	-1420
6.00790905952	-1316
6.00849699974	-1368
6.00860905647	-1420
6.0086119175	-1316
6.01032805443	-1368
6.01043987274	-1420
6.01044392586	-1316
6.01077198982	-1368
6.01092505455	-1420
6.01094603539	-1316
6.01094794273	-1368
6.01124000549	-1368
6.01137089729	-1368
6.01148891449	-1368
6.01180887222	-1420
6.01181292534	-1316
6.0119099617	-1368
6.0198469162	543
6.02012705803	543
6.02951598167	-1420
6.02953886986	-1316
6.02960395813	-1420
6.02960801125	-1316
6.02983593941	-1368
6.03006792068	-1420
6.03009700775	-1316
6.03029799461	-1420
6.03032708168	-1316
6.03984308243	543
6.04660987854	-857
6.0468120575	543
6.06229686737	543
6.3819000721	-1420
6.38191699982	-1420
6.38197088242	-787
6.47011995316	-1368
6.47244000435	543
6.4730899334	543
6.49414801598	-1260
6.49444699287	543
6.69731402397	-543
6.81129789352	-1420
6.81136703491	-1420
6.81141090393	-787
6.81152296066	-1420
6.8115260601	-1316
6.81177687645	-1368
6.81201100349	-1420
6.812032938	-1316
6.81211400032	-1368
6.81226587296	-1368
6.81236100197	-1368
6.85298490524	-1420
6.85300707817	-1316
6.85304498672	-1368
6.85341501236	-1368
6.85389590263	-1420
6.85394096375	-1420
6.85394406319	-1264
6.85398006439	-1368
6.85412788391	543
6.85426807404	-1420
6.85427188873	-1316
6.85432696342	-1368
6.85437393188	-1368
6.9009540081	-1368
6.92346405983	-947
6.92865204811	-1368
6.92880988121	-1368
6.92884492874	-1420
6.92884993553	-1316
6.92896294594	1057
6.92901992798	-1368
6.92913007736	-1420
6.92915391922	-1316
6.92925596237	-1368
6.92959499359	-1368
6.92975187302	-1368
6.92977404594	-1368
6.93010902405	-1368
6.93069887161	-1420
6.9307050705	-1316
6.93081402779	-1420
6.9308180809	-1316
6.93095803261	-1368
6.93131494522	-1420
6.93134307861	-1316
6.93134593964	-1368
6.93164587021	-1420
6.931650877	-1316
6.93176198006	-1368
6.93179488182	543
6.93191790581	-1368
6.93223500252	-1420
6.93225908279	-1316
6.93233203888	-1368
6.93256807327	-1420
6.93257308006	-1420
6.93261098862	-1264
6.95158100128	-1420
6.95162892342	-1316
6.95168399811	-1368
6.95181107521	-1368
6.95191001892	-1368
6.952023983	-1368
6.95247006416	-1420
6.95251202583	-1420
6.95251488686	-1264
6.97865796089	-1420
6.97867393494	-1316
6.97871589661	-1368
6.98041200638	-1420
6.98045802116	-1316
6.98046088219	-1368
6.98047804832	-1420
6.98047995567	-1316
6.98049592972	-1368
6.98049998283	-1420
6.98051595688	-1316
6.98051905632	-1368
6.98053503036	-1420
6.98053693771	-1316
6.98053789139	-1368
6.98059201241	-1420
6.98059487343	-1316
6.98069500923	-1368
6.98104786873	-1420
6.98105192184	-1316
6.98116397858	-1368
6.98180508614	-1420
6.98180890083	-1316
6.98191308975	-1368
6.98201107979	-1368
6.98214793205	-1368
6.9898879528	1057
6.99019193649	543
7.03577399254	-1420
7.03578495979	-314
7.07226204872	543
7.40958309174	-1420
7.4096019268	-1420
7.40968489647	-787
7.40982294083	-1420
7.40984606743	-1316
7.40993595123	543
7.41044402122	-1420
7.41044902802	-1316
7.41059303284	-1368
7.411247015	-1368
7.4117410183	-1368
7.41189098358	-1368
7.41250300407	-1368
7.41283202171	-1368
7.41308403015	-1368
7.41312503815	-1368
7.41350698471	-1420
7.4135119915	-1316
7.41464591026	-1368
7.41476893425	-1420
7.41480898857	-1316
7.41620397568	-1420
7.41623592377	-1420
7.41623902321	-1264
7.41791296005	543
7.41809105873	543
7.4386370182	-1368
7.45448207855	-1420
7.45453190804	-1420
7.45453596115	-1264
7.45519900322	-1420
7.45520401001	-1316
7.45531892776	-1368
7.45583891869	-1368
7.45600700378	-1420
7.4560110569	-1316
7.45654606819	-1368
7.45664095879	-1420
7.45666193962	-1316
7.45739793777	-1368
7.45747590065	-1368
7.52192902565	-1420
7.52196002007	-1420
7.52199697495	-1264
7.52200007439	-1368
7.52210307121	-1420
7.52210688591	-1316
7.52221894264	543
7.52274990082	-1420
7.52275395393	-1316
7.52285194397	-1368
7.52300786972	-1368
7.52363204956	-1368
7.52382993698	-1368
7.52430391312	-1420
7.52430891991	-1316
7.52441287041	-1368
7.52443695068	543
7.52454805374	-1368
7.5252199173	-1420
7.52524399757	-1316
7.52535605431	-1368
7.52546787262	-1368
7.52551007271	-1368
7.52557897568	-1420
7.52558302879	-1316
7.52568507195	543
7.52573895454	-1368
7.52706694603	-1420
7.52708888054	-1316
7.52717399597	-1368
7.52727293968	-1368
7.52772092819	-1420
7.52774310112	-1316
7.5278339386	-1368
7.52794003487	-1368
7.54678606987	-1368
7.56681895256	-1420
7.56683492661	-1420
7.56688904762	-1264
7.56759405136	-1420
7.56763601303	-1420
7.56763887405	-1264
7.56781697273	-1368
7.56839394569	-1420
7.5684170723	-1316
7.56849598885	543
7.56884288788	-1368
7.56896591187	-1368
7.56939196587	-1368
7.56950092316	-1368
7.56987810135	-1420
7.56989192963	-1316
7.56994700432	-1420
7.56995010376	-1316
7.57017207146	-1420
7.57018589973	-1316
7.57023596764	-1368
7.57027697563	-1368
7.57040309906	543
7.6344730854	-1420
7.63449501991	-1316
7.63453793526	-1368
7.6345410347	-1420
7.63455986977	-1316
7.63483405113	-1420
7.63486504555	-1316
7.63492298126	-1368
7.63502907753	543
7.63519287109	-1420
7.63519597054	-1316
7.63553309441	-1368
7.63559007645	-1368
7.6356959343	-1420
7.63569903374	-1316
7.63647198677	-1368
7.63647699356	-1368
7.636729002	-1420
7.63673305511	-1420
7.63677287102	-1264
7.63677501678	-1368
7.63686490059	-1420
7.63686800003	-1316
7.63738703728	-1420
7.63739109039	-1316
7.63751888275	-1368
7.63754010201	543
7.63773298264	-1368
7.6377389431	-1420
7.63775897026	-1316
7.63794589043	-1420
7.63796687126	-1316
7.63803696632	-1368
7.63816308975	-1368
7.63825798035	-1368
7.6383459568	-1368
7.63926696777	-1420
7.63930892944	-1420
7.63931202888	-923
7.63941001892	543
7.85050487518	543
7.87184500694	543
8.10657787323	-543
8.10677194595	543
8.25265908241	-543
8.25286102295	543
8.36659193039	-1420
8.36661601067	-1420
8.36668395996	-787
8.36897802353	543
8.47898507118	-543
8.4880130291	543
8.61351203918	-1368
8.61372303963	-1420
8.61376905441	-1316
8.61387610435	543
8.63016295433	-66
8.63207292557	543
8.7423350811	-543
8.74451208115	543
8.85464596748	-543
8.96703410149	-1057
8.96808409691	543
9.08063292503	-1057
9.08156490326	1057
9.24169397354	-543
9.26868605614	-1420
9.26876187325	-1316
9.26876807213	-1368
9.26883292198	-1420
9.26883602142	-1316
9.2697429657	-1420
9.26974797249	-1420
9.26978802681	-1264
9.31226205826	-1368
9.38090109825	-1226
9.4103140831	1057
9.415143013	543
9.4465200901	-1368
9.49317407608	-203
9.62278389931	-1057
9.82717609406	-543
9.82743191719	543
10.0544149876	-1420
10.0544359684	-151
10.1003820896	-1368
10.1666660309	-1231
10.1687350273	543
10.1717078686	543
10.3512530327	-543
10.5034310818	-543
10.6553759575	-1057
10.6564810276	543
10.8839879036	-1420
10.8840079308	-151
10.9097349644	543
11.0931780338	-543
11.0933718681	543
11.3090660572	-1420
11.3090829849	-1420
11.309128046	-787
11.3110449314	543
11.4234609604	-543
11.4253220558	543
11.5379500389	-1057
11.5388178825	543
11.6512680054	-543
11.8232960701	-1057
11.8271799088	543
12.019026041	-543
12.0192210674	543
12.2312428951	-1420
12.2312600613	-1179
12.2321200371	-1368
12.232475996	-1420
12.23250103	-1316
12.232503891	-1368
12.2775940895	-1420
12.2776100636	-1316
12.2778179646	543
12.3005950451	-1368
12.3027009964	543
12.3435630798	-306
12.3453938961	543
12.6490950584	-1057
12.650662899	543
12.7613248825	-543
12.9131848812	-543
12.9321548939	543
13.1576170921	-1420
13.1576440334	-665
13.8148958683	-543
13.9664030075	-543
17.0401909351	-543
