0	-543
3.56010103226	543
4.029733181	-543
4.02993011475	543
4.50079202652	-543
4.5011370182	543
4.51817107201	543
4.65764498711	-543
5.11958217621	-543
5.12470197678	543
5.27722597122	-543
5.60771512985	-543
5.60806417465	-1380
5.64498209953	543
5.64676308632	-1420
5.64676904678	-1340
5.67489218712	543
5.70657396317	-1380
5.72720098495	543
5.72729206085	543
5.76416802406	-851
5.94506716728	-543
5.95471715927	543
5.95612096786	1460
5.95616817474	625
6.11264014244	-543
6.12478303909	543
6.12618207932	1057
6.2574930191	-1380
6.25751113892	-1420
6.25756311417	-1420
6.25756597519	-1300
6.28309011459	-279
6.29513502121	-1420
6.295181036	-1420
6.29518508911	-1300
6.35372304916	-1420
6.35374116898	-1340
6.41420602798	-1420
6.41422796249	-1420
6.41428303719	-1420
6.4142870903	-1260
6.43928599358	-1420
6.43930101395	-1420
6.43935513496	-1300
6.44227004051	1057
6.44820904732	1057
6.45133113861	-1420
6.45133709908	-445
6.47470903397	-1380
6.54753112793	-1420
6.54755711555	-1340
6.58587908745	-1380
6.60775017738	-1365
6.64510297775	-1380
6.76418709755	-734
6.76438212395	543
6.88024306297	-1380
6.88031005859	-1420
6.88036417961	-1340
6.88036704063	-1420
6.88038396835	-1340
6.88051509857	543
6.91548418999	-1420
6.91550111771	-1420
6.91556406021	-1300
6.91770100594	-1380
6.92035913467	-1263
6.98637318611	-1380
6.98693108559	-1420
6.98693704605	-1420
6.9869890213	-1300
7.06675505638	-1420
7.06677699089	-1420
7.06683397293	-1300
7.07663106918	-881
7.07716202736	543
7.09488415718	543
7.45957708359	-543
7.49741506577	-1420
7.49748516083	-1340
7.55700397491	-1420
7.55707001686	-1340
7.56477808952	543
7.65373110771	-1278
7.68606495857	543
7.83476614952	1460
7.83484601974	111
7.86745810509	-543
7.8747010231	543
7.87822699547	1460
7.87829208374	625
7.91525316238	543
8.13716197014	-543
8.24464511871	-1420
8.24471902847	-1340
8.24475717545	-1380
8.24482297897	-1420
8.24487304688	-1340
8.24500107765	-1420
8.24500417709	-1340
8.25738811493	-1420
8.25743317604	-1340
8.33257508278	-1420
8.33263111115	-1340
8.40139198303	-1420
8.40146517754	-1420
8.40151000023	-1420
8.40155100822	-1420
8.40159201622	-1250
8.40186500549	543
8.40208697319	543
8.40279006958	543
8.41327500343	543
8.55768704414	-1086
8.72598314285	-543
8.79583311081	-1420
8.79586315155	-1340
8.82035708427	-1380
8.83074498177	543
8.83333611488	-1380
8.83495402336	543
8.89261817932	-1420
8.89263415337	-1340
8.92141699791	-147
9.07761216164	-543
9.08479714394	543
9.23412513733	-543
9.43822002411	-543
9.44472312927	543
9.60163998604	-543
9.85560107231	-543
10.0519580841	-543
10.0525941849	543
10.3584601879	-543
10.3587479591	-1420
10.3587961197	-1340
10.3590919971	-1380
10.3591160774	-1380
10.3592271805	-1420
10.3592641354	-1340
10.3610491753	-1420
10.3610730171	-1340
10.457005024	-1420
10.4571111202	-1420
10.45718503	-1300
10.4572291374	-1380
10.4572689533	-1380
10.5151851177	-1420
10.5153231621	-1420
10.5153970718	-1420
10.5154461861	-1260
10.5154910088	-1420
10.5155351162	-1340
10.5155751705	-1380
10.5155801773	-1420
10.515581131	-1340
10.5155820847	-1380
10.5158281326	543
10.5171611309	-1420
10.5171661377	-1420
10.5172059536	-1300
10.6132819653	-912
10.6675481796	543
10.7086281776	543
11.1221010685	-543
11.1223320961	543
11.2716631889	-543
11.2782540321	-543
11.2784011364	543
11.4188301563	-1380
11.4349000454	-249
11.5389111042	-1380
11.5390529633	543
11.5911700726	-1277
11.5931360722	543
11.5938100815	543
11.7490200996	-1380
11.7864620686	-792
11.8455150127	-1380
11.9426491261	-220
11.9437050819	543
11.9452490807	543
12.0989370346	-543
12.130117178	-1420
12.1301810741	-1420
12.1301870346	-1420
12.1302421093	-1420
12.1302449703	-1220
12.1678349972	-1420
12.1678500175	-1420
12.1679050922	-1300
12.226899147	-1380
12.2568640709	-691
12.3323881626	1057
12.4163761139	-543
12.6224410534	-543
12.6226711273	543
12.7793021202	-543
12.9758269787	-543
12.9795930386	543
13.1361341476	-543
13.2108361721	-1380
13.307585001	-1380
13.3084170818	543
13.3314740658	-411
13.3316681385	543
13.7807121277	-543
13.8081371784	-1380
13.818516016	-1380
13.8276131153	543
13.8776299953	-1420
13.8776531219	-1340
13.9368531704	-308
13.9484570026	543
13.9487071037	543
14.292881012	-543
14.2931041718	543
14.4489741325	-543
14.6446180344	-1086
14.645678997	543
14.6487100124	-543
14.7261571884	543
14.7262570858	543
14.7263071537	543
14.7263519764	543
14.8007769585	-543
14.9978699684	-543
15.1562931538	-1086
15.1776580811	543
15.2686049938	-543
15.4740409851	-543
15.474241972	543
15.7707149982	-543
15.8381171227	-543
15.8711361885	-1420
15.871183157	-1340
15.9664411545	-896
15.968624115	543
15.9703371525	543
16.2463231087	-543
16.2901170254	-543
16.4943580627	-543
16.690474987	-543
16.6911780834	543
16.9997751713	-543
17.0160751343	543
17.4873809814	-543
17.4930131435	543
17.9537200928	-543
17.9542810917	-1420
17.9543919563	-1420
17.9544010162	-1420
17.9544870853	-1420
17.9544930458	-1220
17.9916889668	-1420
17.9917070866	-1420
17.9917550087	-1300
18.0509259701	-1380
18.0512750149	543
18.1105110645	-1420
18.1105279922	-1298
18.1125020981	-1380
18.1197550297	-543
18.1498310566	-1420
18.1498970985	-1340
18.2284200191	-543
18.2665810585	-146
18.275001049	543
18.7272331715	543
18.7567930222	-543
18.7569270134	543
19.228482008	-543
19.2291240692	-1420
19.2291891575	-1340
19.2294201851	-1420
19.2295300961	-1420
19.2295370102	-1300
19.2655441761	-1420
19.2655689716	-1420
19.2656850815	-1300
19.3255171776	-1380
19.385463953	-1420
19.3855290413	-1298
19.4441840649	-1420
19.4442520142	-1420
19.4442951679	-1300
19.5415320396	-59
19.7265360355	543
19.786262989	-543
20.6402921677	-543
20.726044178	543
