0	-543
2.37090110779	543
2.62890696526	-543
2.62919712067	543
2.90748000145	-543
2.91350197792	-1420
2.91357493401	-1316
2.9223549366	-1368
3.04435110092	-1152
3.04655504227	543
3.04852104187	543
3.05578398705	543
3.30705094337	-543
3.47762608528	-1086
3.477891922	543
3.47803711891	543
3.58568191528	543
3.63610601425	-543
3.65123009682	-1368
3.78205704689	-1260
3.87542510033	-1420
3.87549114227	-1420
3.87553191185	-1264
3.88480496407	-1368
3.95274090767	-327
3.95471596718	543
3.95525193214	543
4.22813200951	-543
4.39881396294	-543
4.41003608704	543
4.70081591606	-543
4.70102310181	543
5.00701904297	-543
5.01306009293	-1420
5.01309609413	-1316
5.02193713188	-1368
5.1438639164	-1152
5.14580893517	543
5.14633798599	543
5.44130396843	-543
5.57435393333	-1420
5.57443499565	-1420
5.57448410988	-1264
5.57453107834	-1420
5.57456707954	-1316
5.57848906517	-1420
5.57853507996	-1420
5.57857108116	-1264
5.5884270668	-1368
5.61192393303	-1420
5.61198997498	-1316
5.70535707474	-1420
5.70543313026	-1420
5.70547103882	-1420
5.70551395416	-87
5.73873305321	543
5.74678397179	543
5.75516605377	543
5.76776099205	1057
6.0205540657	-543
6.0207259655	543
6.05008411407	-1420
6.05010008812	-1420
6.05015301704	-1420
6.05015611649	-1420
6.05017995834	-1420
6.05018210411	-1108
6.05037307739	543
6.05054402351	543
6.05587911606	-1420
6.05588698387	-1420
6.05592894554	-1264
6.05939102173	-1420
6.05943393707	-1420
6.05943703651	-1264
6.05956411362	543
6.12762904167	-1368
6.12817811966	-1420
6.12823009491	-1316
6.18099999428	-1420
6.18106102943	-1420
6.18112707138	-1264
6.18118000031	-1420
6.18121504784	-1420
6.18121790886	-1420
6.18125391006	-1420
6.18125700951	-1160
6.18129205704	-1368
6.18129491806	-1420
6.18133211136	-1420
6.18133497238	-975
6.18159198761	543
6.21394109726	-1420
6.21396803856	-1420
6.21405291557	-1420
6.21405601501	-1212
6.21409893036	-1368
6.23081612587	-543
6.23626613617	-1420
6.23632407188	-1316
6.23632907867	-1368
6.23658514023	-1420
6.23658895493	-1316
6.23664093018	-1368
6.23674201965	-1368
6.23689198494	-1420
6.23689603806	-1316
6.23702907562	543
6.25902414322	-1420
6.25904798508	-1316
6.29221701622	-1420
6.29223299026	-1420
6.29228806496	-1420
6.29229092598	-1212
6.29252910614	543
6.31191492081	-1420
6.31193804741	-1420
6.31202197075	-1420
6.31202411652	-1420
6.31207203865	-1420
6.312073946	-1420
6.31211209297	-1056
6.31211400032	-1368
6.31215906143	-1420
6.31216096878	-1420
6.31219506264	-1264
6.31219696999	-1420
6.31223106384	-1420
6.31223392487	-1420
6.31223511696	-462
6.31460595131	543
6.3242931366	-1368
6.32443594933	543
6.324696064	-1368
6.33933091164	543
6.33965396881	-1420
6.33965802193	-1316
6.40307998657	-1368
6.40393209457	-1420
6.40398693085	-1420
6.40399003029	-1264
6.40437412262	-1420
6.40437793732	-1316
6.40877604485	-1420
6.40878009796	-1420
6.40883898735	-1420
6.40884208679	-1212
6.41586995125	-1420
6.41587996483	-1420
6.41593194008	-1264
6.41811013222	543
6.41837596893	-1420
6.41838097572	-1316
6.4202029705	543
6.4220559597	-1368
6.43732309341	-1420
6.43737196922	-1316
6.44267702103	-325
6.48047304153	-1420
6.48048400879	-1420
6.48053598404	-1264
6.48069405556	-1420
6.48073410988	-1316
6.48570108414	-1420
6.48579502106	-1420
6.48580002785	-1264
6.48636293411	-1420
6.48638105392	-1316
6.4864590168	-1368
6.48743510246	1057
6.49970602989	-1368
6.50105905533	-1420
6.50110197067	-1316
6.55855202675	-1420
6.55856895447	-1420
6.55865907669	-1264
6.55866193771	-1420
6.55871605873	-1316
6.55871891975	-1368
6.56419301033	-1420
6.56420707703	-1420
6.56426811218	-1420
6.56427097321	-1212
6.57235002518	-1420
6.57235503197	-1420
6.57239603996	-1264
6.57253098488	543
6.573554039	-167
6.5764040947	-1420
6.57645702362	-1316
6.57646012306	-1368
6.57658195496	-1420
6.5765850544	-1316
6.58220291138	-1420
6.58220791817	-1420
6.58224797249	-1420
6.58225011826	-1212
6.58725500107	-1368
6.64605903625	-1420
6.64607906342	-1420
6.64613413811	-1420
6.64613604546	-1212
6.64616298676	-1420
6.64616513252	-1316
6.64636898041	1057
6.65998196602	-1420
6.66000795364	-1420
6.66005396843	-1264
6.66092014313	-1420
6.66097211838	-1420
6.6609749794	-1264
6.6734380722	-1368
6.68821191788	-1420
6.68825602531	-1316
6.69339895248	-1368
6.70313692093	-1420
6.70315098763	-1316
6.70426702499	-971
6.70892310143	543
6.70941996574	543
6.74087810516	-1368
6.74110507965	543
6.74126911163	543
6.83513903618	-261
7.06537008286	-543
7.08028697968	-1368
7.09916090965	-1420
7.09923410416	-1420
7.09929394722	-1420
7.09933114052	-1420
7.09936594963	-1160
7.09960794449	543
7.09976601601	543
7.10057091713	543
7.10503697395	-1420
7.10504698753	-1420
7.10509395599	-1264
7.10509610176	-1368
7.10545492172	-1420
7.10545992851	-1420
7.10550093651	-1264
7.10558390617	-1420
7.10560393333	-1420
7.1056060791	-1264
7.11354398727	-1420
7.11356091499	-1420
7.11360502243	-1420
7.11360812187	-1420
7.11362409592	-1420
7.11362600327	-1108
7.11364102364	-1420
7.11364293098	-1420
7.11365795135	-1264
7.11387991905	543
7.11482596397	543
7.12854409218	-1420
7.12855601311	-1316
7.12872195244	543
7.21088004112	-225
7.39643597603	-543
7.40213704109	-1420
7.40214204788	-1316
7.41151595116	-1368
7.4200360775	-1368
7.42004513741	-1420
7.42009496689	-1316
7.42024803162	-1420
7.42024993896	-1316
7.42031002045	-1368
7.42382311821	-1420
7.42382907867	-1420
7.42387104034	-1420
7.42387413979	-1212
7.42435407639	-1420
7.42435908318	-1420
7.42442107201	-1264
7.42460012436	-1420
7.42460203171	-1420
7.42460203171	-1264
7.42460298538	-1368
7.42460393906	-1368
7.42479491234	543
7.43480992317	-1420
7.43482112885	-1420
7.43486905098	-1264
7.43505191803	-1420
7.43508195877	-1316
7.43508505821	-1420
7.43510913849	-1316
7.43663096428	-1420
7.43669605255	-1420
7.43669891357	-1264
7.44255495071	-1420
7.44256901741	-1420
7.44262599945	-1264
7.4427690506	543
7.44988894463	-1420
7.44989800453	-1420
7.44994711876	-1264
7.49968314171	-1368
7.5101890564	543
7.53337907791	-800
7.53392910957	543
7.57716202736	543
7.61005592346	543
7.63810491562	543
7.63865709305	543
7.72735691071	1057
7.73259902	543
7.7374651432	543
7.74197292328	543
7.75872898102	1460
7.75882792473	625
7.78609013557	543
7.7918920517	-543
7.79201602936	543
7.79240703583	1057
7.85921406746	1460
7.85931801796	1460
7.85936903954	193
7.90094208717	543
7.90153002739	543
7.90193891525	543
7.91628193855	543
7.92025995255	-1420
7.9202671051	-1420
7.92032194138	-1264
7.92337393761	-95
7.92350196838	543
7.96292591095	-1368
7.96315693855	543
7.96532011032	1057
7.96580600739	543
8.04728507996	-1368
8.04753303528	543
8.04768800735	543
8.06208109856	-1368
8.06228709221	543
8.0624320507	543
8.09107208252	-1420
8.09108304977	-1420
8.09114408493	-1264
8.09276103973	-1368
8.09295105934	543
8.09345293045	-596
8.10616493225	543
8.10650801659	543
8.10671901703	543
8.19540405273	-1368
8.19574403763	1460
8.19582295418	-1420
8.19582605362	-1420
8.19582700729	-1420
8.19582796097	-1420
8.19582891464	-1160
8.19584798813	1139
8.20030093193	-1420
8.20036697388	-1420
8.20037198067	-1264
8.20340895653	-1420
8.20341610909	-1420
8.20345902443	-1264
8.20346093178	-1420
8.20349693298	-1420
8.20349907875	-1264
8.21026110649	-1420
8.21026992798	-1420
8.21031904221	-1420
8.21032094955	-1212
8.2104871273	-1420
8.21049904823	-1420
8.2105550766	-1264
8.21055793762	-1368
8.21062302589	-1420
8.21062612534	-1316
8.21087908745	543
8.21689009666	-1420
8.21690511703	-1420
8.21696090698	-1264
8.22563409805	-1420
8.22571110725	-1316
8.23562598228	543
8.23801207542	-1348
8.23851704597	543
8.27215504646	-1368
8.27691102028	-1420
8.27695512772	-1316
8.28717303276	-1368
8.29921913147	543
8.30702495575	-1420
8.30703091621	-1420
8.30706310272	-1264
8.31585097313	-1420
8.31591105461	-1420
8.31591391563	-1264
8.31891107559	-543
8.33157801628	543
8.33847403526	-1420
8.33848810196	-1420
8.33855390549	-1264
8.34080290794	543
8.35041213036	543
8.35313892365	-1368
8.36851096153	543
8.36945390701	-359
8.37188410759	543
8.37235307693	543
8.41573810577	543
8.43408107758	-1420
8.43409204483	-1316
8.43415212631	-1368
8.44217014313	-1368
8.44855499268	-1420
8.44857811928	-1316
8.44881796837	-1420
8.44882202148	-1316
8.45027709007	543
8.47020602226	-1368
8.47244095802	-1368
8.47515392303	543
8.48784613609	-1420
8.4878590107	-1420
8.48791408539	-1264
8.50010704994	-699
8.50958704948	543
8.55121707916	-1368
8.55724000931	-1420
8.55727601051	-1316
8.55936813354	543
8.56603097916	-1420
8.56603598595	-1316
8.57884311676	-543
8.58240699768	543
8.58666205406	-1420
8.58669900894	-1420
8.58675098419	-1420
8.58675408363	-1420
8.58678007126	-1420
8.58678197861	-1108
8.58794999123	543
8.59268593788	-1420
8.59270000458	-1420
8.59275603294	-1264
8.59577894211	543
8.60058999062	543
8.60098600388	-1420
8.60099101067	-1420
8.60103297234	-1264
8.6057240963	-1368
8.60784196854	543
8.63083291054	-1368
8.63848209381	543
8.63926410675	543
8.67066812515	-317
8.67087292671	543
8.7024230957	-1368
8.72042107582	-1368
8.72896695137	543
8.8332490921	-1065
8.83809494972	543
8.83831501007	543
8.89248895645	-1368
8.99162101746	-1368
8.99184894562	543
8.99321103096	-522
9.03307104111	-1368
9.1019051075	-1368
9.10210895538	543
9.10892891884	1057
9.10923409462	1057
9.11005997658	1057
9.11036491394	1057
9.11065196991	1057
9.11093497276	543
9.1112139225	543
9.12409591675	-1065
9.17788290977	-1368
9.17901706696	543
9.25477313995	-804
9.25619292259	1460
9.25624895096	625
9.32374501228	-1420
9.32377195358	-1420
9.32383704185	-1264
9.3855650425	-638
9.38760495186	543
9.38821005821	1057
9.430134058	-1420
9.43015098572	-1420
9.4301879406	-1264
9.43132400513	1057
9.43662691116	-1420
9.43665504456	-1420
9.43671107292	-1264
9.43762111664	-543
9.43882608414	-1420
9.43886613846	-1316
9.43934607506	-1420
9.43936991692	-1316
9.4395160675	-1368
9.44471907616	-1420
9.44472908974	-1420
9.44479894638	-1264
9.44971203804	-1420
9.44978404045	-1420
9.44978904724	-1264
9.44992804527	-1420
9.4499399662	-1420
9.44999098778	-1264
9.44999313354	-1368
9.45007801056	-1420
9.45007991791	-1420
9.45011496544	-1264
9.45020198822	543
9.45552110672	-1420
9.45552897453	-1316
9.45569610596	-1368
9.4597299099	-1420
9.45977497101	-1420
9.45977902412	-1264
9.46403002739	-1420
9.46403408051	-1420
9.46407198906	-1264
9.46978998184	-1368
9.47014498711	-1420
9.47015810013	-1420
9.47021603584	-1264
9.47021913528	-1420
9.47026395798	-1316
9.47452807426	-1420
9.47457814217	-1420
9.47458100319	-1264
9.47551393509	-1368
9.48059892654	-1420
9.48064398766	-1420
9.48065590858	-1420
9.48069310188	-1212
9.48069500923	-1420
9.4807600975	-1420
9.48077702522	-1264
9.4808139801	-1420
9.48081707954	-1316
9.4815120697	-1420
9.48151803017	-1420
9.48156094551	-1264
9.48164391518	543
9.48180699348	543
9.48942303658	-1420
9.48942899704	-1420
9.48946094513	-1264
9.49121212959	-1420
9.49130010605	-1420
9.4913110733	-1420
9.49135303497	-1212
9.49135494232	-1420
9.49138903618	-1316
9.49741506577	-1368
9.51636695862	-1420
9.51638913155	-1316
9.56075000763	-1420
9.56078505516	-1420
9.56082510948	-1420
9.5608279705	-1212
9.5673520565	-1420
9.56737208366	-1420
9.56740999222	-1420
9.56741309166	-1212
9.56743001938	-1420
9.56743311882	-1420
9.56745004654	-1420
9.56745195389	-1212
9.56962800026	-1420
9.56963396072	-1420
9.56967902184	-1420
9.56968212128	-1212
9.57013392448	-1420
9.57013893127	-1420
9.57019209862	-1264
9.57019495964	-1368
9.57031702995	543
9.57535600662	-1420
9.57537102699	-1420
9.57544612885	-1264
9.57544803619	-1420
9.57548999786	-1420
9.57549214363	-1264
9.57552599907	-1420
9.57552790642	-1316
9.57941794395	543
9.5810239315	-1368
9.58125305176	-1420
9.58130598068	-1316
9.58130908012	-1420
9.5814139843	-1420
9.58141708374	-1420
9.58145213127	-1420
9.58145499229	-1420
9.58148813248	-1420
9.5814909935	-1420
9.58152413368	-1420
9.58152604103	-107
9.58340096474	543
9.59625411034	-1368
9.59750199318	1057
9.63175606728	-1420
9.63177704811	-1420
9.63184595108	-1264
9.63186812401	-1420
9.63191509247	-1316
9.63191699982	-1368
9.63729810715	-1420
9.63730406761	-1420
9.6373500824	-1264
9.63760590553	543
9.64602994919	-1420
9.64604902267	-1420
9.6461019516	-1420
9.64610505104	-1212
9.64614892006	-1420
9.64615106583	-1316
9.64626812935	-1420
9.64627099037	-1420
9.64631509781	-1264
9.64645195007	543
9.65220594406	-1420
9.65221595764	-1420
9.65226602554	-1264
9.65911102295	-1420
9.65917110443	-1420
9.65917396545	-1264
9.65920090675	-1420
9.6592040062	-1420
9.65923094749	-1420
9.65923309326	-1212
9.65932607651	-1420
9.65932798386	-1316
9.65946102142	543
9.66101408005	-1420
9.66101813316	-1420
9.66105914116	-1264
9.66399097443	543
9.66488409042	-1368
9.67592096329	-1420
9.67599201202	-1420
9.67599606514	-1264
9.68615293503	-1420
9.68617510796	-1420
9.68623709679	-1264
9.68683505058	-1368
9.6874499321	-1368
9.68745493889	-1420
9.68749713898	-1420
9.68749904633	-1264
9.68770694733	-1420
9.68771100044	-1316
9.68774294853	-1368
9.68811202049	-1368
9.68845105171	-1420
9.68845391273	-1420
9.68849205971	-1420
9.68849396706	-1212
9.68852901459	-1420
9.68853092194	-1316
9.69062900543	-1420
9.69063711166	-1420
9.69068002701	-1264
9.69567513466	543
9.69843292236	-1420
9.69844007492	-1420
9.69848799706	-1420
9.69849014282	-1212
9.69865608215	1057
9.6988260746	-1420
9.6988401413	-1420
9.6988799572	-1420
9.69888210297	-1420
9.69891810417	-1160
9.70026707649	543
9.70420908928	-1420
9.70421600342	-1420
9.7042620182	-1264
9.70541596413	-1420
9.70546007156	-1420
9.70546293259	-1264
9.70562696457	543
9.71148109436	543
9.71203899384	-1281
9.71832990646	543
9.71990990639	-1420
9.71991705894	-1420
9.71995997429	-1420
9.71996307373	-1420
9.71999907494	-1160
9.72028112411	-1420
9.72031998634	-1420
9.72032213211	-1264
9.72548699379	-1368
9.72565793991	543
9.73708510399	-1420
9.73709797859	-1420
9.73715090752	-1420
9.73715400696	-1212
9.73719000816	-1420
9.73719191551	-1420
9.73723506927	-1420
9.73723697662	-1212
9.74033403397	-1420
9.74033999443	-1420
9.74038791656	-1264
9.7430729866	-1368
9.75551509857	-1420
9.75553798676	-1420
9.75559401512	-1264
9.75559711456	-1420
9.75563406944	-1420
9.75563597679	-1264
9.75581002235	-1420
9.7558131218	-1420
9.75584101677	-1264
9.756098032	543
9.75879502296	-1420
9.75880098343	-1420
9.75884604454	-1264
9.77004098892	-1420
9.77011203766	-1420
9.77011609077	-1264
9.77435898781	-1420
9.77436304092	-1420
9.77441096306	-1264
9.77456712723	543
9.77462291718	-1420
9.77463412285	-1420
9.77463507652	-1264
9.77944207191	-1420
9.77949595451	-1420
9.77950000763	-1264
9.78924107552	-1420
9.78926301003	-1420
9.78929901123	-1264
9.79206109047	-1368
9.79827094078	-1420
9.79828906059	-1316
9.80396604538	-1368
9.81360006332	-1420
9.81364202499	-1316
9.81390309334	-1420
9.81394696236	-1420
9.8139500618	-1420
9.81398510933	-1212
9.81888103485	-1420
9.81893205643	-1420
9.81893610954	-1264
9.82735204697	543
9.82863903046	1460
9.82869100571	1460
9.82872700691	193
9.83407092094	-1420
9.83407711983	-1420
9.83413004875	-1264
9.84450292587	-1420
9.8445649147	-1420
9.84456801414	-1264
9.84462404251	-1420
9.84462594986	-1420
9.84466314316	-1264
9.84477996826	543
9.84888505936	-1420
9.84889006615	-1420
9.84893393517	-1264
9.84900212288	543
9.85057902336	-991
9.85066604614	543
9.85783600807	-1420
9.85784196854	-1420
9.85788607597	-1264
9.88257312775	-1420
9.88261508942	-1316
9.89135098457	-1368
9.89159393311	-1420
9.8915989399	-1420
9.89163899422	-1420
9.89164209366	-1212
9.89178013802	-1368
9.89682006836	-1420
9.89685893059	-1420
9.89686203003	-1420
9.896889925	-1212
9.89880609512	-1420
9.89883303642	-1316
9.91237807274	-1368
9.91311502457	-1420
9.91312098503	-1420
9.91316199303	-1264
9.91879892349	-1420
9.91884493828	-1420
9.91884803772	-1264
9.9421479702	-1368
9.942289114	543
9.98170495033	-1368
9.98213291168	-1420
9.98217606544	-1316
9.98232412338	-1420
9.98234701157	-1316
9.98239398003	-1368
9.98264598846	543
9.98283600807	543
9.98332905769	543
9.98782801628	-1420
9.98783493042	-1420
9.9878821373	-1264
9.98839402199	-676
9.99653100967	-1420
9.99654006958	-1420
9.9965839386	-1264
10.0956349373	-1368
10.0960049629	543
10.0961589813	543
10.1048269272	1057
10.1273500919	-870
10.1275610924	543
10.1277210712	543
10.2483141422	-1368
10.2485179901	543
10.2486710548	543
10.2587299347	-261
10.2589039803	543
10.286864996	-1368
10.2871479988	543
10.287320137	543
10.389580965	-1318
10.3898289204	1057
10.3899741173	543
10.4132330418	-1420
10.413257122	-1420
10.4132931232	-1264
10.4133710861	-1420
10.4134130478	-1316
10.4184250832	-1420
10.4184799194	-1420
10.4184839725	-1264
10.4186499119	543
10.4272689819	-1368
10.5074729919	-1368
10.5076949596	543
10.5140609741	-1420
10.514070034	-1420
10.5141220093	-1264
10.5204911232	-69
10.5222289562	-1420
10.5222349167	-1316
10.5695080757	543
10.5713570118	-1368
10.5755989552	543
10.5763950348	543
10.5776729584	-1420
10.5776789188	-1316
10.5798749924	543
10.5804769993	543
10.5862460136	-1420
10.5862569809	-1420
10.5863089561	-1264
10.588835001	543
10.6160840988	-1420
10.6161000729	-1420
10.616161108	-1264
10.6249599457	-1420
10.6250181198	-1420
10.6250219345	-1264
10.6253430843	543
10.628319025	543
10.6335339546	-1420
10.6335449219	-1420
10.6335980892	-1264
10.6354160309	543
10.6395981312	543
10.6454589367	-1368
10.6511991024	-27
10.6514389515	-1420
10.6514430046	-1316
10.6526899338	543
10.6542580128	-1368
10.6663920879	543
10.66664505	543
10.6669080257	543
10.6674480438	543
10.6886861324	-1420
10.6886980534	-1420
10.688751936	-1264
10.6928110123	-1420
10.6928601265	-1316
10.6978471279	543
10.700314045	-1420
10.7003231049	-1420
10.7003691196	-1264
10.7022531033	543
10.7025461197	543
10.7028450966	1460
10.702892065	111
10.7168591022	-1420
10.7168829441	-1420
10.7169220448	-1264
10.7196419239	543
10.7318711281	-1368
10.7326180935	-1420
10.7326691151	-1420
10.7326719761	-1264
10.7395009995	543
10.7403409481	-1420
10.7403459549	-1316
10.782118082	-1005
10.7842681408	543
10.8277361393	-1420
10.8277490139	-1316
10.8278341293	-1368
10.8628671169	-543
10.8668811321	543
10.8733980656	-1420
10.8734149933	-1316
10.8856580257	543
10.8864989281	543
10.8880240917	-1368
10.8975889683	543
10.9128580093	-248
10.9129920006	543
10.9870080948	-543
10.9879169464	543
11.0215821266	-1368
11.0438809395	-1347
11.0570659637	-1420
11.0570890903	-1316
11.0705320835	-1368
11.0963521004	-1368
11.1113839149	-1368
11.1155490875	-66
11.1272730827	543
11.1277329922	543
11.1279900074	543
11.1484830379	-1420
11.1484980583	-1316
11.1611709595	-1368
11.1612949371	543
11.1747250557	-1036
11.1857669353	543
11.1884131432	543
11.1886780262	543
11.2365710735	-1368
11.23960495	-66
11.2456159592	543
11.2468130589	543
11.2470350266	543
11.2473471165	543
11.2477900982	543
11.248071909	543
11.2486929893	543
11.3056130409	-804
11.3497650623	-1368
11.3636169434	-543
11.3745930195	-1420
11.3746340275	-1316
11.3856990337	1057
11.3890480995	543
11.3901860714	543
11.4129841328	-1420
11.4129939079	-1420
11.4130449295	-1264
11.4189999104	543
11.4277989864	-1420
11.4278049469	-1316
11.4361801147	543
11.4363589287	-770
11.4381079674	-1368
11.4425449371	-1420
11.4425561428	-1316
11.4710450172	543
11.4789431095	-1420
11.47894907	-1420
11.478992939	-1264
11.4843919277	-1420
11.4844350815	-1420
11.4844379425	-1264
11.4895091057	543
11.4899849892	543
11.4902539253	543
11.4908730984	543
11.4934899807	-1368
11.5071411133	-1368
11.5081701279	-1420
11.5081760883	-1316
11.5112440586	1460
11.5113120079	111
11.5130181313	-543
11.5281000137	-1420
11.52810812	-1420
11.5281569958	-1264
11.5375800133	-1368
11.5433621407	-1420
11.5433690548	-1420
11.5434160233	-1264
11.5523109436	-1368
11.5617289543	543
11.5673429966	-1324
11.606208086	543
11.6245179176	-1368
11.6362941265	-1420
11.6363499165	-1316
11.6372680664	-543
11.6390209198	1057
11.6391060352	543
11.6408491135	543
11.6411049366	543
11.6636590958	-1368
11.6664531231	543
11.6693110466	543
11.6787090302	-1420
11.6787171364	-1316
11.694216013	543
11.6979401112	-762
11.7036890984	543
11.7276039124	543
11.7281410694	-1368
11.74832201	543
11.7579669952	-1368
11.7926459312	-1368
11.8010280132	-543
11.8058760166	543
11.8132889271	-1368
11.8151109219	543
11.8215150833	543
11.829059124	-472
11.8462910652	543
11.8468770981	543
11.9150791168	-1420
11.9150960445	-1420
11.9151520729	-1420
11.9151549339	-1420
11.9151930809	-1160
11.9153721333	543
11.9155640602	543
11.9205079079	-1420
11.9205150604	-1420
11.9205579758	-1264
11.9297420979	-1368
11.9305200577	-1368
11.9516649246	-1368
11.9599850178	-459
11.9650719166	-232
11.9652519226	543
11.9665191174	-1420
11.9665341377	-1420
11.9665749073	-1264
11.9669690132	1057
11.9800040722	543
12.0322420597	-1368
12.0324680805	543
12.0325350761	-1368
12.0326099396	543
12.0327899456	543
12.0907449722	-617
12.0909380913	543
12.0919620991	-1420
12.0919680595	-1420
12.0920140743	-1264
12.0921001434	543
12.0923421383	-1420
12.0923469067	-1420
12.092386961	-1264
12.0972089767	-1420
12.0972530842	-1420
12.0972559452	-1264
12.1059839725	-1368
12.106169939	-1420
12.1062049866	-1316
12.1199409962	-1368
12.1201100349	543
12.1308391094	-1368
12.1326029301	-1057
12.1346840858	-1420
12.1347169876	-1316
12.1425180435	543
12.1459779739	-1368
12.1461889744	-1420
12.1462700367	-1420
12.146271944	-1420
12.1463179588	-1212
12.1463210583	-1420
12.1463549137	-1316
12.1464390755	-1420
12.1464760303	-1316
12.1493411064	1057
12.15133214	543
12.1518769264	-1368
12.1594820023	543
12.1607661247	-1420
12.1607720852	-1316
12.1609089375	543
12.1630289555	1057
12.1660480499	-1368
12.1755239964	-1420
12.175565958	-1316
12.1759741306	543
12.1874039173	1057
12.1932489872	-1420
12.1932580471	-1420
12.1933050156	-1264
12.214482069	543
12.221501112	-763
12.2237949371	543
12.2246749401	543
12.2290949821	543
12.231413126	543
12.2320129871	543
12.2429790497	-1420
12.2430040836	-1420
12.2430400848	-1420
12.2430419922	-1420
12.2430579662	-1420
12.243060112	-1108
12.2432479858	543
12.2486450672	-1420
12.2486770153	-1420
12.2487370968	-1264
12.2489500046	543
12.2516069412	-1420
12.2516179085	-1420
12.2516701221	-1264
12.2585930824	-1368
12.2823209763	-1368
12.2971730232	-1420
12.2972431183	-1420
12.2972481251	-1264
12.3121130466	-1420
12.3121271133	-1316
12.3140170574	543
12.3142530918	543
12.3240020275	-1420
12.3240249157	-1420
12.3240640163	-1420
12.3240671158	-1212
12.32427001	-1420
12.3242731094	-1420
12.3243119717	-1264
12.3270881176	543
12.3359761238	1057
12.338711977	-1420
12.3387179375	-1316
12.3522109985	-515
12.3628671169	-1420
12.362965107	-1420
12.3629701138	-1264
12.3630161285	-1420
12.3630180359	-1316
12.363214016	543
12.3648519516	-1420
12.3648979664	-1420
12.3649361134	-787
12.3706049919	543
12.3708879948	543
12.3715391159	-1368
12.3716340065	-1420
12.3716859818	-1316
12.3980419636	-1420
12.3980989456	-1420
12.3981029987	-1264
12.39812994	-1420
12.3981330395	-1420
12.3981490135	-1264
12.4002211094	543
12.4012520313	1057
12.4038441181	-1420
12.4038500786	-1420
12.4038939476	-1264
12.4106891155	-1368
12.4130039215	-1368
12.4131491184	543
12.4168760777	543
12.4649341106	-1420
12.4649479389	-1420
12.4650099277	-1264
12.4650130272	-1420
12.4650499821	-1316
12.4652240276	543
12.4654140472	543
12.4705491066	-1420
12.4705600739	-1420
12.4705970287	-1420
12.4705989361	-1212
12.4794790745	-1420
12.4794940948	-1420
12.4795360565	-1264
12.4798491001	-1420
12.4798910618	-1420
12.4798939228	-1264
12.4802489281	-1420
12.4802539349	-1420
12.4802761078	-1264
12.4833669662	-199
12.4862661362	-1420
12.4862720966	-1420
12.4863119125	-1264
12.4888529778	-543
12.4906790257	543
12.4908781052	1057
12.4929690361	-1420
12.4930729866	-1420
12.4930770397	-1264
12.4931221008	-1420
12.4931240082	-1420
12.4931881428	-1264
12.49319911	-1368
12.4932389259	-1420
12.4932410717	-1316
12.4933509827	543
12.4935331345	543
12.4943830967	-1420
12.4943881035	-1420
12.4944300652	-1264
12.4947519302	543
12.4962050915	543
12.5078029633	-1420
12.5078270435	-1420
12.5078611374	-1420
12.5078639984	-1212
12.5089831352	-1420
12.5089900494	-1316
12.5240030289	-1368
12.6040461063	-1368
12.6043291092	543
12.604473114	543
12.6101920605	-1420
12.6102011204	-1316
12.6142420769	-420
12.6151790619	-1057
12.6379270554	-1420
12.6380031109	-1420
12.6380069256	-1264
12.638240099	543
12.6401970387	543
12.6404879093	1057
12.6408340931	-1420
12.6408390999	-1420
12.6408801079	-1264
12.64585495	543
12.64605093	543
12.6462659836	543
12.6464369297	543
12.6586179733	-1420
12.6586301327	-1316
12.7098739147	-1368
12.7248249054	-1368
12.7250289917	543
12.7393000126	-543
12.745098114	-61
12.8431959152	-1368
12.8444371223	543
12.8449790478	543
12.8492231369	-1420
12.8492290974	-1316
12.8581719398	-1420
12.8581800461	-1316
12.8757970333	-588
12.877696991	543
12.8787219524	1057
12.883685112	-1420
12.8836951256	-1420
12.8837380409	-1264
12.9058361053	1460
12.9059309959	111
12.9214141369	-1368
12.923418045	543
12.9446921349	-1057
12.966397047	-1368
12.9665570259	543
12.9721939564	-1420
12.9722211361	-1316
12.9737501144	-1368
12.9887559414	-1420
12.9888350964	-1420
12.9888401031	-1264
12.9915211201	543
12.9918289185	1460
12.9918761253	625
13.0066390038	-807
13.0101110935	543
13.025990963	543
13.0437030792	-1420
13.0437300205	-1316
13.0861330032	1057
13.1312720776	-1368
13.1315140724	543
13.1326100826	543
13.1340990067	-1420
13.1341059208	-1316
13.1373100281	-1102
13.1587080956	-543
13.1608760357	-1368
13.1878080368	-1420
13.1878259182	-1420
13.1878700256	-1264
13.1878731251	-1368
13.1880860329	-1368
13.1938340664	-1420
13.1938891411	-1420
13.1938929558	-1420
13.1939280033	-1212
13.2024331093	-1420
13.2024989128	-1420
13.2025039196	-1264
13.244838953	-1368
13.2597749233	-1420
13.2598369122	-1316
13.2681851387	-1221
13.2788760662	-1368
13.2886059284	-1368
13.2935779095	-1368
13.2976760864	1057
13.3047599792	-1420
13.3047671318	-1420
13.3048250675	-1264
13.3048269749	-1420
13.3048701286	-1420
13.304872036	-1264
13.3074519634	543
13.308494091	543
13.3101410866	543
13.3103640079	-1420
13.3103780746	-1420
13.310418129	-1264
13.3193230629	-1420
13.3193860054	-1420
13.3193891048	-1420
13.319425106	-1212
13.3201520443	-1420
13.3201730251	-1420
13.3201761246	-1264
13.3201920986	-1368
13.320250988	-1368
13.3250191212	-1420
13.3250370026	-1420
13.3250389099	-1264
13.3252661228	543
13.3255000114	543
13.3323540688	-1420
13.3323681355	-1420
13.3324270248	-1420
13.3324301243	-1212
13.332529068	-1420
13.332531929	-1316
13.3325679302	-1368
13.3327200413	-1420
13.3327400684	-1316
13.3343529701	-1420
13.3343911171	-1420
13.3343939781	-1264
13.3386750221	-1368
13.3486189842	-1420
13.3486950397	-1420
13.3486981392	-1264
13.3487660885	-1420
13.3487679958	-1420
13.3488149643	-1264
13.3488180637	-1420
13.3488740921	-1316
13.3489749432	543
13.3533959389	-1420
13.3534030914	-1420
13.3534479141	-1264
13.3546729088	-1368
13.358948946	543
13.3611121178	-1420
13.3611171246	-1420
13.3611841202	-1264
13.3611860275	-1420
13.3612220287	-1420
13.3612251282	-1264
13.3613510132	-1420
13.3613541126	-1316
13.3613829613	-1368
13.3616919518	-1420
13.3617420197	-1420
13.361743927	-1420
13.3617789745	-1420
13.3617880344	-1160
13.3624780178	543
13.3682219982	-1368
13.3732359409	-1420
13.3733451366	-1420
13.3733479977	-1264
13.3733859062	-1420
13.3733971119	-1420
13.373431921	-1264
13.3734340668	-1420
13.3734679222	-1316
13.373470068	-1368
13.37936306	-1420
13.3793690205	-1420
13.3794140816	-1264
13.3880460262	-1420
13.3880901337	-1316
13.3880929947	-1368
13.3888580799	-1420
13.388862133	-1316
13.3894870281	-1420
13.3894910812	-1420
13.3895299435	-1264
13.3902490139	543
13.3920581341	-1420
13.3920640945	-1420
13.3921079636	-1420
13.392111063	-1212
13.3928339481	543
13.3980200291	-1368
13.4014680386	-1420
13.4015130997	-1420
13.4015169144	-1420
13.4015529156	-1212
13.4016771317	-1420
13.4017250538	-1420
13.4017269611	-1264
13.401761055	-1368
13.4077470303	-1420
13.4078149796	-1420
13.407818079	-1264
13.4094629288	-847
13.4170129299	543
13.4186680317	-1368
13.4191129208	-1420
13.4191770554	-1420
13.4191799164	-1420
13.4192399979	-1420
13.4192430973	-1420
13.4192800522	-1420
13.4192819595	-1056
13.424339056	-1420
13.4243431091	-1420
13.4243869781	-1264
13.4244720936	543
13.4278149605	-1420
13.4278230667	-1316
13.4349610806	-1420
13.434967041	-1420
13.4350199699	-1264
13.4351289272	543
13.4352779388	-1420
13.4352810383	-1420
13.4353189468	-1420
13.4353210926	-1212
13.4354720116	543
13.4422540665	-1420
13.4422659874	-1316
13.4423179626	-1420
13.4423201084	-1316
13.4425261021	543
13.4438250065	-1368
13.4449350834	543
13.445608139	543
13.4459850788	543
13.4527380466	-1420
13.4527430534	-1316
13.452903986	-1368
13.453099966	-1420
13.4531450272	-1420
13.4531481266	-1420
13.4531829357	-1212
13.4585931301	-1420
13.4586510658	-1420
13.4586539268	-1420
13.4586980343	-1420
13.4587011337	-1160
13.4602370262	543
13.5212631226	-1368
13.5213730335	-1420
13.5214650631	-1420
13.5214679241	-1264
13.5215089321	-1420
13.5215129852	-1316
13.5217111111	543
13.5275280476	-1420
13.5275440216	-1420
13.5275890827	-1420
13.5275909901	-1212
13.5368931293	-1420
13.5369200706	-1420
13.5369780064	-1420
13.5369811058	-1420
13.537017107	-1420
13.5370209217	-1420
13.5370559692	-1420
13.537058115	-1004
13.5424039364	-1420
13.5424180031	-1420
13.5424749851	-1420
13.5424771309	-1212
13.5427350998	543
13.5481650829	-437
13.5519089699	-1420
13.551970005	-1420
13.5519740582	-1264
13.5732610226	-1420
13.5732760429	-1316
13.5734679699	543
13.587996006	-1368
13.595746994	543
13.595813036	543
13.6029241085	-1368
13.6031570435	543
13.6658840179	1057
13.6826601028	-451
13.7362999916	543
13.776237011	543
13.7898709774	-1368
13.8528630733	-1347
13.861066103	543
13.8613100052	543
13.8764510155	1460
13.8765380383	1460
13.8765759468	1161
13.8766210079	1460
13.8766679764	1460
13.876748085	767
13.9078450203	-1368
13.908064127	543
13.9222941399	-1420
13.9223101139	-1316
13.9837319851	-153
14.0982301235	-1368
14.1048009396	543
14.1061930656	-1368
14.1063621044	543
14.1065270901	1057
14.10988307	-1420
14.1098949909	-1316
14.1249449253	-1420
14.1249620914	-1420
14.1250100136	-1264
14.1261470318	1057
14.1281559467	1057
14.1649200916	-1420
14.164935112	-1316
14.168129921	1057
14.1693270206	-944
14.1742010117	-1420
14.1742520332	-1420
14.1742560863	-1420
14.174298048	-1420
14.1742999554	-1160
14.1792969704	-1368
14.1807219982	-1420
14.1807630062	-1420
14.1807649136	-1264
14.1807830334	-1420
14.1807990074	-1420
14.1808159351	-1264
14.1809089184	543
14.1865460873	-1420
14.1865539551	-1420
14.1865899563	-1264
14.194478035	-1368
14.2491440773	1460
14.2492339611	625
14.2709920406	1460
14.2710850239	111
14.2843129635	-1420
14.2843279839	-1316
14.2961471081	1460
14.2962310314	111
14.300303936	-1084
14.3063371181	543
14.319562912	1057
14.3230340481	543
14.3570549488	-1420
14.3570759296	-1420
14.357129097	-1264
14.4311430454	-1181
14.4314639568	543
14.4343209267	543
14.4362940788	1057
14.4402730465	-1420
14.440279007	-1420
14.4403240681	-1264
14.4425880909	-1420
14.4426350594	-1420
14.4426379204	-1264
14.4488549232	-1368
14.4533159733	-1420
14.4533700943	-1420
14.453373909	-1264
14.4928860664	-1420
14.4929039478	-1420
14.4929599762	-1264
14.4949569702	543
14.4957199097	1460
14.4957680702	111
14.5621519089	-699
14.5703411102	-1368
14.572188139	543
14.5724110603	1460
14.5724570751	111
14.5737309456	-1368
14.5739989281	1057
14.6929619312	-1036
14.7187309265	-1368
14.7226669788	-1057
14.7295939922	1057
14.7565069199	-1420
14.756524086	-1420
14.7565820217	-1420
14.7565851212	-1420
14.7566199303	-1420
14.7566230297	-1420
14.7566571236	-1056
14.7566599846	-1420
14.7566940784	-1316
14.7578589916	543
14.7618749142	-1368
14.7640321255	-1368
14.7677719593	-1420
14.7677869797	-1316
14.7696809769	-1368
14.8238050938	-1076
14.8532190323	1057
14.9012079239	-1368
14.9404060841	-1420
14.9404709339	-1420
14.9404771328	-1264
14.9487810135	-1368
14.9508399963	-1420
14.9508969784	-1420
14.9509010315	-1264
14.9542839527	-169
14.9543740749	543
14.9570579529	-1420
14.9570701122	-1420
14.9571199417	-1264
14.9654750824	-1368
15.0432929993	-1368
15.0580050945	-1368
15.0852110386	-248
15.2131500244	-1420
15.2131710052	-1420
15.213228941	-1420
15.2132320404	-1420
15.2132670879	-1160
15.2134349346	543
15.2157981396	-1015
15.2297439575	-1420
15.229804039	-1420
15.2298169136	-1264
15.229845047	-1420
15.2298469543	-1420
15.2298700809	-1264
15.2303090096	-1368
15.2308981419	-1368
15.2311351299	-1420
15.2312159538	-1316
15.2312190533	-1420
15.231292963	-1420
15.2313039303	-1264
15.2313449383	-1368
15.231347084	-1420
15.2313821316	-1316
15.2342059612	-1420
15.2342829704	-1420
15.2342860699	-1264
15.2343239784	-1420
15.2343261242	-1316
15.2343599796	-1420
15.2343621254	-1316
15.2344779968	543
15.2346310616	-1420
15.2346329689	-1316
15.2413680553	-1420
15.2413809299	-1420
15.2414340973	-1420
15.2414360046	-1212
15.2415909767	543
15.2428340912	-1420
15.2428379059	-1420
15.2428770065	-1264
15.2431499958	-1420
15.2431979179	-1316
15.2435741425	-1420
15.2436249256	-1420
15.2436270714	-1420
15.2436640263	-1420
15.2436659336	-1420
15.2436990738	-1108
15.243776083	543
15.2489299774	-1368
15.2508919239	-1420
15.2509529591	-1420
15.2509560585	-1420
15.2509989738	-1212
15.2510011196	-1420
15.2510359287	-1420
15.2510380745	-1264
15.2511870861	-1420
15.2511899471	-1316
15.2549290657	-1420
15.2549359798	-1420
15.2549800873	-1264
15.2598030567	-1420
15.2598540783	-1420
15.2598569393	-1264
15.2599930763	543
15.2636370659	-1420
15.2636430264	-1420
15.263684988	-1264
15.2786591053	-1420
15.2787370682	-1316
15.3469679356	-1212
15.6493110657	1057
16.6561000347	1057
17.5500450134	543
17.6562080383	1057
17.6568551064	1057
17.7374999523	-543
17.7377400398	543
17.7443981171	-543
17.9780600071	-543
17.9930860996	-1420
17.993144989	-1316
18.1088831425	-920
18.1090481281	543
18.1112189293	543
18.115776062	543
18.268376112	-543
18.2689011097	543
18.39935112	-543
18.399864912	543
18.5299789906	-1086
18.6596779823	1057
18.660597086	-543
18.661262989	1057
18.8285911083	-543
18.9593710899	-543
19.0749211311	-1368
19.1298360825	-261
19.1439831257	543
19.1562159061	1057
19.3069751263	-543
19.3073461056	543
19.5356090069	-543
19.5595200062	-1420
19.5595929623	-1316
19.5675969124	-1420
19.5676600933	-1420
19.567663908	-1264
19.5857539177	543
19.6449620724	-1368
19.6597571373	-1420
19.6598320007	-1316
19.6907401085	-1226
19.6937670708	543
19.6947419643	1057
19.8587350845	-543
20.0771179199	-543
20.0833039284	-1420
20.0833649635	-1316
20.092359066	-1368
20.2144811153	-1152
20.2325150967	1057
20.4572041035	-543
20.4574210644	-1420
20.4574711323	-1316
20.4575359821	-1420
20.4575750828	-1420
20.4575769901	-1264
20.4634139538	-1420
20.46342206	-1420
20.4634680748	-1264
20.4635601044	543
20.4721329212	-1368
20.4956259727	-543
20.5881750584	-256
20.6128001213	543
20.6191570759	1057
20.6403930187	543
20.6772511005	543
20.7083599567	543
20.7684221268	-543
20.7686159611	543
20.8603360653	-1420
20.8603579998	-1420
20.8603990078	-1420
20.8604021072	-1420
20.8604199886	-1160
20.8653640747	-1420
20.8654010296	-1420
20.865404129	-1264
20.8655691147	-1368
20.8747329712	-1420
20.8747630119	-1420
20.8747661114	-1420
20.8747839928	-1212
20.8750109673	543
20.9388139248	-1039
20.9391291142	543
20.9394390583	543
20.9412660599	543
20.9609820843	1460
20.9610569477	111
21.0464861393	-1420
21.0465040207	-1316
21.0469329357	543
21.0471510887	-1368
21.0612230301	-1420
21.0612950325	-1316
21.0706260204	-45
21.0769050121	543
21.0774459839	543
21.1002860069	-1368
21.162432909	-1420
21.1624519825	-1420
21.1625161171	-1420
21.1625189781	-1212
21.1702580452	-1368
21.2086610794	-306
21.2110109329	543
21.2126939297	543
21.2685489655	-1368
21.2687740326	543
21.3177099228	-1420
21.3177270889	-1420
21.317786932	-1420
21.3177931309	-1212
21.3255820274	-1420
21.3256061077	-1420
21.3256931305	-1264
21.3299529552	1057
21.3324539661	-1368
21.3394019604	-886
21.3425090313	-1420
21.3425159454	-1316
21.3473389149	-1368
21.3558170795	1057
21.3569200039	543
21.367866993	543
21.4530920982	-1368
21.4603099823	543
21.4608790874	543
21.469866991	-327
21.5426599979	-1420
21.5426719189	-1420
21.5427320004	-1264
21.5489490032	-1420
21.5489919186	-1420
21.548995018	-1264
21.5491540432	543
21.5543830395	-1368
21.5573239326	-1368
21.5589721203	543
21.6006560326	-625
21.6112210751	-1420
21.6112780571	-1420
21.6112821102	-1264
21.6213629246	543
21.6237509251	-1368
21.6238410473	543
21.6969881058	-1368
21.7003629208	543
21.701084137	543
21.7312791348	-103
21.7313771248	543
21.8089830875	-1420
21.8089931011	-1420
21.8090391159	-1264
21.8174519539	-1420
21.8175029755	-1316
21.862019062	-559
21.8622040749	543
21.8649029732	543
21.9928269386	-1086
21.9929380417	543
21.9964399338	1460
21.9964959621	111
21.9972310066	543
21.9977469444	543
22.1239330769	-1086
22.1280419827	-1368
22.1541690826	-1368
22.1554889679	543
22.1590299606	543
22.2546780109	-978
22.2547841072	543
22.2655100822	-1368
22.2804319859	-1368
22.2836000919	543
22.3857009411	-1036
22.3859400749	543
22.3872420788	543
22.516559124	-543
22.5167350769	543
22.5812211037	543
22.5932891369	-1368
22.5998270512	-1420
22.5999419689	-1316
22.6082060337	-1420
22.6082780361	-1316
22.647439003	-45
22.7211840153	-1420
22.7212049961	-1420
22.7213160992	-1264
22.7291989326	-1368
22.7783000469	-327
22.7808930874	543
22.7811849117	543
22.8286759853	-1368
22.9092869759	-1289
22.9197261333	1057
23.0400409698	-543
23.2107150555	-543
23.2119369507	1460
23.2120571136	111
23.2131299973	543
23.2198419571	543
23.2202210426	543
23.3435409069	-543
23.3450479507	1057
23.3462071419	543
23.4742720127	-543
23.5043981075	-1368
23.504693985	543
23.5812680721	543
23.6049101353	-261
23.6763160229	-543
23.7356040478	-543
23.829668045	-1420
23.8296840191	-1420
23.8297450542	-1264
23.830121994	543
23.838105917	-1368
23.9059331417	-870
23.9101419449	543
23.9104149342	1460
23.910462141	111
24.0850999355	-543
24.0913131237	-1368
24.1000390053	-1368
24.1022400856	543
24.2220640182	-435
24.3380949497	-1368
24.3529319763	-261
24.3572700024	543
24.3584430218	543
24.3627591133	543
24.3632321358	543
24.4835669994	-543
24.6140739918	-1368
24.6251890659	-261
24.7557599545	-543
24.7560100555	543
24.8265879154	-543
24.9265940189	-543
24.9416370392	-1368
25.0724050999	-1260
25.0748639107	543
25.0774960518	543
25.2402169704	-543
25.427421093	-543
25.4422121048	-1368
25.4423229694	543
25.5729060173	-232
25.574960947	914
