0	-543
1.25382900238	543
1.4266500473	-543
1.5699441433	-543
2.79804515839	-543
3.25399112701	543
3.8027381897	1057
4.03772902489	-543
4.13887906075	-1420
4.13893198967	-1316
4.15011811256	-920
4.2260119915	-1368
4.26026201248	543
4.26221513748	-746
4.26439905167	543
4.27019119263	543
4.30037117004	543
4.30074810982	543
4.30110001564	543
4.43009710312	-543
4.5018851757	-543
4.67048811913	-543
4.76526904106	-1420
4.7653400898	-1316
4.78295898438	-920
4.81177020073	-1368
4.89548897743	-746
4.89749908447	543
4.89933204651	543
4.89952898026	543
5.05549311638	-543
5.07849001884	-543
5.13215303421	-543
6.25394320488	543
6.3004860878	543
6.93859815598	-543
6.94498801231	543
6.94508314133	543
7.1788380146	-543
7.19066810608	1057
7.34955716133	-543
7.41869997978	-543
7.52389216423	-1420
7.52395105362	-1316
7.57053804398	-920
7.61130809784	-1368
7.68263697624	-746
7.68465900421	543
7.68526601791	543
7.91085219383	-543
8.04333209991	-1420
8.04338312149	-1316
8.04394316673	-1420
8.04400205612	-1316
8.04404711723	-1368
8.04963517189	-1420
8.04967904091	-1420
8.0496981144	-1264
8.06345415115	-1052
8.12816405296	-1420
8.12822508812	-1316
8.15559720993	-1420
8.15566706657	-1420
8.1557071209	-1264
8.17558097839	-472
8.23519015312	543
8.23838114738	1057
8.24769902229	1057
8.25182914734	1057
8.47084903717	-543
8.47092199326	-1420
8.47094416618	-1316
8.4711329937	543
8.47206115723	-1420
8.47206616402	-1316
8.47211909294	-1368
8.47731399536	-1420
8.47738099098	-1316
8.47739315033	-1368
8.48616099358	-1420
8.48616814613	-1420
8.48621320724	-1264
8.48633313179	543
8.55136919022	-1420
8.55138802528	-1420
8.55144309998	-1420
8.55144619942	-1420
8.55146408081	-1420
8.55146718025	-1108
8.55537199974	-1420
8.55537819862	-1420
8.55542302132	-1264
8.55553007126	-1420
8.55558109283	-1316
8.55561900139	-1420
8.55564713478	-1316
8.55575108528	543
8.583340168	-1420
8.58336615562	-1420
8.58342313766	-1420
8.58342599869	-1420
8.58346319199	-1420
8.58346509933	-1108
8.58422517776	-1420
8.58423018456	-1420
8.58426117897	-1420
8.58426403999	-1212
8.58442306519	-1420
8.58443617821	-1316
8.58975601196	-1420
8.58977413177	-487
8.63864302635	-1420
8.63866019249	-1316
8.63898301125	-1420
8.63898801804	-1420
8.63903403282	-1264
8.63913917542	543
8.63919019699	-1368
8.63948106766	-1420
8.63951516151	-1316
8.63963603973	-1368
8.6402451992	-1368
8.64037418365	543
8.66362810135	-1420
8.66364502907	-1420
8.66369199753	-1420
8.66369509697	-1420
8.66372418404	-1420
8.66372609138	-1420
8.6637442112	-1420
8.66374611855	-1004
8.66377305984	-1420
8.66377711296	-1420
8.66379308701	-1264
8.66379618645	-1368
8.66405105591	543
8.66774702072	-1420
8.66776609421	-1420
8.66781616211	-1420
8.66781902313	-1420
8.66785407066	-1420
8.6678571701	-1108
8.66800904274	-1420
8.66801309586	-1420
8.66804599762	-1264
8.66804814339	-1368
8.66817498207	-1420
8.66817903519	-1316
8.66821503639	-1420
8.66821718216	-1316
8.69566702843	-1420
8.6956820488	-1420
8.69579410553	-1264
8.69579815865	-1420
8.69584703445	-1420
8.69584918022	-1420
8.69588518143	-1420
8.69588708878	-1160
8.69592213631	-1420
8.69592499733	-1316
8.69596600533	-1368
8.69874215126	543
8.70179605484	-998
8.70187902451	1057
8.70292019844	543
8.75055098534	543
8.75316405296	543
8.77720808983	-1420
8.77722406387	-1420
8.77728414536	-1264
8.77784013748	543
8.77804803848	543
8.7794752121	-1420
8.77951812744	-1316
8.78119111061	-1368
8.78394913673	-1420
8.78395318985	-1316
8.78411316872	-1368
8.78483700752	-1420
8.78487706184	-1316
8.78600811958	-1368
8.7869181633	-1368
8.78788208961	-1420
8.78793120384	-1316
8.78803920746	-1368
8.78857707977	-1420
8.78858113289	-1316
8.78874206543	-1368
8.78961801529	-1420
8.78965115547	-1316
8.78973007202	-1368
8.79083418846	-1420
8.79083800316	-1316
8.79106616974	-1368
8.79280614853	-1420
8.79288101196	-1316
8.7928841114	-1368
8.79333519936	-1420
8.79334115982	-1316
8.79359412193	-1368
8.79422402382	543
8.79451608658	-1420
8.79452109337	-1316
8.79463219643	-1368
8.79553699493	-1420
8.79557514191	-1316
8.79597806931	-1420
8.79600214958	-1316
8.79638910294	-1420
8.79642415047	-1316
8.79649710655	1057
8.79659509659	-1368
8.79717707634	-1420
8.79720211029	-1316
8.79739618301	-1368
8.79784107208	-1420
8.7978451252	-1316
8.79799008369	-1368
8.79875206947	-1368
8.79899501801	-1368
8.79907608032	-1420
8.79909801483	-1316
8.79943609238	-1368
8.81416916847	-1267
8.8502972126	543
8.85087013245	543
8.85111713409	543
8.94552016258	-543
8.99448108673	-543
9.02063703537	-543
9.07413816452	-543
9.13341617584	-1420
9.13343501091	-1420
9.13350105286	-1420
9.1335041523	-1420
9.13355398178	-1160
9.13356614113	-1420
9.13360404968	-1316
9.13368105888	-1420
9.13371920586	-1316
9.13413214684	-1420
9.13418102264	-1420
9.13418412209	-1420
9.13427615166	-1420
9.13427805901	-1420
9.13428020477	-1420
9.13428115845	-1056
9.13428211212	-1420
9.1342830658	-1420
9.13428401947	-1264
9.13969707489	-1420
9.13971018791	-1420
9.13971304893	-1264
9.14006900787	543
9.14618611336	-209
9.15012812614	543
9.20232820511	-543
9.20427799225	543
9.20784115791	-1420
9.2078461647	-1316
9.20795297623	543
9.21415114403	-1368
9.24257111549	-1420
9.24263715744	-1420
9.24264121056	-1264
9.26811909676	543
9.29834604263	-190
9.31089901924	543
9.31116318703	543
9.33166909218	-1368
9.41057014465	-746
9.55791306496	-543
9.64904618263	-1368
9.71022701263	-232
10.7214992046	543
10.7217700481	543
10.9879541397	-543
10.9880280495	-1420
10.9880661964	-1420
10.9881160259	-1264
10.9881441593	-1420
10.9881691933	-1316
10.9971811771	-1420
10.9972331524	-1420
10.9972720146	-1264
11.0811522007	-1420
11.0812380314	-1316
11.081277132	-1368
11.0814330578	-1420
11.0814750195	-1420
11.0814931393	-1264
11.0815210342	-1368
11.1001341343	-1420
11.1001579762	-1420
11.1002612114	-1420
11.1002640724	-1420
11.1003081799	-1160
11.1003110409	-1368
11.100356102	-1420
11.1003580093	-1316
11.1004199982	-1420
11.100425005	-1316
11.1004631519	-1368
11.1004650593	-1368
11.1006360054	543
11.1096580029	-1420
11.1096651554	-1420
11.1097090244	-896
11.1098241806	543
11.1712031364	-1420
11.1712291241	-1316
11.1935331821	-1368
11.2219359875	-638
11.2223310471	543
11.2407801151	1057
11.3007190228	1057
11.3261170387	543
11.3551290035	1057
11.3557171822	1057
11.4472780228	1057
11.4524021149	1057
11.4567520618	1057
11.4601261616	1057
11.4785461426	1460
11.4786720276	1139
11.504073143	1057
11.5345740318	-543
11.5347671509	-1420
11.5348269939	-1316
11.5752470493	1460
11.5753719807	1460
11.5754151344	193
11.5938210487	1057
11.5943391323	1057
11.5946931839	1057
11.5974891186	-1368
11.5978090763	1057
11.5984151363	1057
11.601845026	1057
11.6041080952	-1420
11.6041162014	-1420
11.6041650772	-1264
11.6229641438	-1368
11.6319591999	-1420
11.631975174	-1420
11.6320400238	-1264
11.646903038	-546
11.6489760876	543
11.6497621536	543
11.6993231773	-1420
11.6993420124	-1420
11.6994102001	-1420
11.6994130611	-1212
11.7016711235	543
11.7083611488	543
11.7473170757	-1368
11.7555150986	-1368
11.7570970058	-1420
11.7571020126	-1316
11.7580959797	-1420
11.7581021786	-1316
11.7581670284	-1368
11.7602441311	543
11.7603800297	-1420
11.7603850365	-1316
11.7615711689	-612
11.7637610435	-1420
11.763805151	-1420
11.763808012	-1264
11.7641220093	-1420
11.7641251087	-1316
11.7795341015	543
11.8009860516	-1368
11.821914196	-1368
11.8219740391	-1420
11.8219790459	-1316
11.8220000267	-1420
11.8220021725	-1316
11.8221302032	-1368
11.826592207	-1420
11.8266370296	-1420
11.8266410828	-1264
11.8269681931	-1368
11.827008009	543
11.8271121979	-1420
11.8271160126	-1316
11.8272252083	-1368
11.8274111748	-1420
11.827447176	-1420
11.827450037	-1264
11.827507019	-1420
11.8275101185	-1316
11.8280360699	-1420
11.8280410767	-1420
11.8280830383	-1264
11.8306491375	543
11.8330571651	-1368
11.8331990242	-1368
11.833368063	-1368
11.8343231678	-1368
11.8369681835	543
11.84040308	-1420
11.8404080868	-1316
11.847520113	-1420
11.8475301266	-1420
11.8475761414	-1264
11.8475790024	-1420
11.8476161957	-1316
11.8492920399	543
11.851776123	-1420
11.8517920971	-1316
11.8600931168	543
11.8607130051	543
11.8609340191	1057
11.8611810207	1057
11.863006115	-543
11.8633861542	543
11.8635780811	543
11.8677752018	-1420
11.8677802086	-1420
11.8678209782	-1420
11.8678240776	-1212
11.8692309856	-1368
11.8737711906	-1077
11.8888480663	543
11.8895280361	543
11.8897740841	543
11.9075911045	-1420
11.9076061249	-1316
11.9076621532	-1368
11.9078140259	-1420
11.9078691006	-1420
11.9078722	-1420
11.9079351425	-1420
11.9079370499	-1420
11.907982111	-1420
11.9079840183	-1056
11.9080321789	-1420
11.9080350399	-1316
11.9080710411	-1420
11.9080731869	-1316
11.9080750942	-1420
11.9080770016	-1420
11.9080791473	-1264
11.9086661339	-1420
11.9086689949	-1420
11.908670187	-1420
11.908670187	-1212
11.9086711407	-1368
11.908919096	543
11.9150841236	-1420
11.9151000977	-1316
11.9344291687	-1420
11.9344902039	-1420
11.9345560074	-1420
11.9345591068	-1420
11.9346110821	-1420
11.9346141815	-1108
11.9346690178	-1420
11.9346711636	-1420
11.9347071648	-1264
11.9347100258	-1420
11.9347481728	-1420
11.9347500801	-1264
11.9381279945	543
11.93881917	-1420
11.9388341904	-1420
11.938888073	-1420
11.9388899803	-1420
11.9389281273	-1160
11.9389300346	-1420
11.9389750957	-1420
11.9389770031	-1264
11.9392220974	543
11.9393031597	-1368
11.9395110607	-1368
11.9396710396	-1420
11.9396760464	-1420
11.9397251606	-1420
11.9397280216	-1212
11.939822197	-1420
11.939825058	-1420
11.9398610592	-1264
11.939863205	-1420
11.9399549961	-1420
11.9399580956	-1264
11.9399940968	-1420
11.9399960041	-1316
11.940043211	-1420
11.940046072	-1420
11.9400470257	-1264
11.9400479794	-1368
11.9402070045	-1420
11.9402110577	-1420
11.9402120113	-1264
11.9403171539	-1420
11.940320015	-1420
11.940321207	-1264
11.9457421303	-1420
11.9457530975	-1420
11.9458050728	-1420
11.9458081722	-1212
11.9466090202	-1420
11.9466149807	-1420
11.9466691017	-1264
11.9466722012	-1368
11.9530739784	-1420
11.9530901909	-1420
11.9531550407	-1420
11.9531581402	-1212
11.9568140507	543
11.9597520828	-1420
11.959758997	-1420
11.9598441124	-1420
11.9598460197	-1212
11.9598851204	-1420
11.9598870277	-1316
11.9630661011	543
11.9637541771	543
11.9639492035	543
11.9643380642	543
11.9645221233	543
11.9858431816	-285
11.9919931889	543
11.9922761917	-1368
11.9926130772	-1420
11.9926509857	-1420
11.9926540852	-1264
11.9944519997	-543
11.9986131191	-1368
12.0101461411	543
12.0185220242	-1368
12.0319051743	543
12.1047019958	-219
12.1205279827	-1368
12.1325039864	-1368
12.1326160431	543
12.1328730583	543
12.1537191868	-1368
12.1621210575	-522
12.1640431881	-1420
12.1640501022	-1420
12.164096117	-1264
12.164098978	-1420
12.1641461849	-1316
12.1641490459	-1420
12.1642410755	-1316
12.164276123	-1420
12.1643052101	-1316
12.1699399948	-1368
12.174446106	-1420
12.1745011806	-1420
12.1745591164	-1420
12.1745631695	-1212
12.1746110916	-1420
12.174612999	-1420
12.1746530533	-1264
12.1746571064	-1368
12.1746940613	-1368
12.1786990166	543
12.180685997	-1420
12.1806931496	-1316
12.1810331345	-1368
12.191147089	-1420
12.1912260056	-1316
12.1912310123	-1420
12.1912531853	-1316
12.1912641525	-1368
12.191655159	-1420
12.1916611195	-1316
12.1917521954	-1420
12.1917641163	-1420
12.1918029785	-1420
12.191806078	-1212
12.1919519901	543
12.1974229813	-1420
12.1974310875	-1420
12.1974802017	-1264
12.1994462013	-1368
12.2037801743	-1420
12.203785181	-1316
12.203826189	-1368
12.2040760517	543
12.2100331783	-1420
12.2100431919	-1316
12.2103691101	-1420
12.2103731632	-1420
12.2104141712	-1264
12.2107200623	-1420
12.2107679844	-1316
12.211053133	-1368
12.2151181698	-1420
12.2151219845	-1420
12.2151620388	-1264
12.2151641846	-1420
12.2152011395	-1420
12.2152030468	-1264
12.2165150642	-1368
12.2213060856	-1420
12.2213420868	-1316
12.2214829922	543
12.2231850624	-1420
12.2231900692	-1420
12.2232351303	-1264
12.2314341068	1057
12.2318150997	543
12.232060194	543
12.241945982	-1420
12.2419571877	-1420
12.2419991493	-1264
12.2445611954	-47
12.2548670769	-1420
12.254887104	-1316
12.2717711926	1057
12.2720379829	1057
12.2722651958	543
12.2725071907	1057
12.272824049	543
12.2818160057	543
12.2821371555	543
12.2999169827	-1420
12.2999250889	-1316
12.3060321808	-1368
12.3072450161	-1368
12.3217980862	543
12.3233320713	1057
12.3236911297	543
12.3249189854	543
12.3301479816	543
12.3318531513	-522
12.3672950268	-501
12.3674330711	543
12.4413490295	-1368
12.4424951077	1460
12.4425470829	625
12.4599101543	-261
12.4704320431	-1368
12.5190451145	-804
12.543443203	-1368
12.543459177	-1420
12.5435070992	-1316
12.5436520576	-1420
12.5437030792	-1420
12.5437049866	-1264
12.5437681675	-1368
12.5478281975	-1420
12.547837019	-1420
12.5478830338	-1264
12.5478861332	-1420
12.5479221344	-1316
12.5480031967	-1368
12.5503921509	-1420
12.5504059792	-1420
12.5504469872	-1264
12.5621922016	-1420
12.5622010231	-1420
12.5622491837	-1264
12.5652360916	-1420
12.5652461052	-1420
12.5652961731	-1420
12.5652980804	-1212
12.5653340816	-1420
12.565335989	-1420
12.5653710365	-1264
12.5653731823	-1368
12.5656712055	543
12.5713350773	-1420
12.571352005	-1420
12.5714120865	-1264
12.5767800808	-1420
12.576829195	-1420
12.5768330097	-1264
12.5827300549	-1420
12.5827460289	-1420
12.5828111172	-1264
12.5880331993	-543
12.5908970833	-1420
12.5910010338	-1420
12.5910379887	-1420
12.5910611153	-1420
12.5910630226	-1160
12.5910811424	-1420
12.5910840034	-1316
12.5938560963	-1420
12.5938711166	-1420
12.5939331055	-1420
12.5939362049	-1420
12.5940041542	-1420
12.5940070152	-1108
12.5940220356	-1420
12.5940241814	-1316
12.594025135	-1368
12.5941162109	-1420
12.5941281319	-1420
12.5941290855	-1264
12.5944430828	543
12.594700098	543
12.5966961384	-1420
12.5967102051	-1420
12.596750021	-1264
12.5976071358	543
12.6075670719	-1368
12.6076951027	-1420
12.6077671051	-1316
12.6077702045	-1368
12.607817173	-1420
12.607820034	-1316
12.6113791466	-1368
12.6113831997	-1420
12.6114251614	-1420
12.6114270687	-1420
12.6114621162	-1212
12.6196241379	-1420
12.6196630001	-1316
12.619808197	543
12.6198670864	-1420
12.6198689938	-1420
12.6198701859	-1264
12.6199431419	-1420
12.6199440956	-1420
12.6199481487	-1264
12.6257061958	-1420
12.6257140636	-1316
12.6258351803	543
12.6258850098	-1368
12.6311872005	-725
12.6324892044	-1420
12.632502079	-1420
12.6325411797	-1264
12.6368980408	-1420
12.6369540691	-1420
12.6369581223	-1264
12.6484780312	-1420
12.6484880447	-1316
12.649159193	543
12.6492362022	543
12.6521031857	-1420
12.6521091461	-1420
12.6521651745	-1264
12.6521680355	-1368
12.6524000168	-1368
12.6543290615	543
12.6549830437	1460
12.6550381184	625
12.6656110287	-1368
12.6656250954	-1420
12.6656801701	-1316
12.6659331322	-1368
12.6660370827	-1368
12.6661760807	-1368
12.6663281918	-1368
12.6667890549	-1420
12.6668670177	-1420
12.6668701172	-1264
12.6669180393	-1420
12.6669301987	-1420
12.666998148	-1264
12.6670000553	-1368
12.667042017	-1368
12.6671750546	543
12.6673572063	-1420
12.6673622131	-1420
12.6674041748	-1264
12.6700880527	-1420
12.6701340675	-1420
12.6701381207	-1264
12.6703891754	-1420
12.6703920364	-1420
12.6704289913	-1264
12.6705470085	-1368
12.6706740856	-1420
12.6706771851	-1316
12.6719040871	-1420
12.6719081402	-1420
12.6719470024	-1264
12.6802170277	543
12.6948020458	-1420
12.6948180199	-1316
12.6949751377	-1420
12.6949791908	-1420
12.6950221062	-1420
12.6950252056	-1420
12.695043087	-1160
12.695141077	543
12.6997601986	-1420
12.6997671127	-1420
12.6998109818	-1264
12.7010791302	-1420
12.7011392117	-1316
12.7011420727	-1368
12.7012619972	-1368
12.7446830273	-400
12.7495141029	-1420
12.7495310307	-1420
12.749571085	-1264
12.7500700951	1057
12.8078150749	-543
12.8619041443	-609
12.863877058	543
12.8773260117	-1420
12.8773400784	-1316
12.8773920536	-1368
12.877395153	-1420
12.8774311543	-1316
12.8861730099	-1420
12.8862249851	-1420
12.8862290382	-1264
12.8975961208	-1420
12.8976070881	-1420
12.897657156	-1264
12.8997321129	-1420
12.8997871876	-1420
12.8997900486	-1420
12.8998270035	-1420
12.8998291492	-1160
12.8999450207	543
12.9037070274	-1420
12.9037120342	-1420
12.9037520885	-1264
12.9038310051	543
12.9085481167	-1420
12.9085600376	-1420
12.9086201191	-1264
12.9141972065	-1368
12.9169261456	-1420
12.916932106	-1316
12.9202141762	-1368
12.9204721451	-1420
12.9205091	-1316
12.9278931618	-1368
12.9308300018	-1420
12.9308531284	-1316
12.9314110279	-1368
12.9352641106	-1368
12.9355690479	-543
12.9362010956	-1420
12.936204195	-1316
12.9363231659	543
12.9373781681	-1420
12.9373831749	-1316
12.9375040531	-1368
12.9375631809	543
12.9385521412	-1420
12.9385581017	-1316
12.9387910366	-1368
12.9392020702	-1420
12.9392261505	-1316
12.9393241405	-1368
12.9394221306	-1368
12.9397220612	-1420
12.9397611618	-1316
12.9399030209	-1368
12.9401481152	-1420
12.9401521683	-1420
12.9402031898	-1264
12.9403669834	-1420
12.9404230118	-1420
12.9404261112	-1264
12.9404292107	-1420
12.9404301643	-1316
12.940431118	-1368
12.9405910969	-1420
12.9405941963	-1316
12.940639019	-1420
12.9406421185	-1316
12.9407231808	-1420
12.9407260418	-1316
12.9415831566	543
12.9417250156	543
12.9456861019	-1420
12.9457051754	-1420
12.9457461834	-1264
12.9627799988	-1368
12.9689211845	-1420
12.9689280987	-1420
12.9689722061	-1264
12.9689750671	-1368
12.9690949917	-1420
12.9690990448	-1316
12.9753520489	-1420
12.9753601551	-1420
12.9754049778	-1264
12.9849441051	-1420
12.9850170612	-1420
12.9850289822	-1420
12.985076189	-1212
12.9850811958	-1368
12.9854261875	-1420
12.9854300022	-1316
12.9855070114	-1420
12.9855110645	-1420
12.9855451584	-1264
12.9861311913	-1420
12.9861760139	-1420
12.9861791134	-1264
12.9863090515	543
12.9864242077	-1368
12.9891440868	-40
12.9901900291	-1420
12.9902880192	-1420
12.9902911186	-1264
12.9903290272	-1420
12.9903321266	-1316
12.9903950691	-1420
12.9903969765	-1316
12.9904410839	-1420
12.9904441833	-1316
12.9963212013	-1420
12.9963262081	-1420
12.9963681698	-1264
12.996486187	543
13.0130701065	543
13.0177750587	-1420
13.0177822113	-1316
13.0178091526	-1420
13.01781106	-1316
13.0636191368	-1368
13.0721449852	543
13.1013481617	-794
13.2134490013	-543
13.2723309994	543
13.2742071152	1460
13.2742781639	1460
13.2743279934	1161
13.274394989	1460
13.2744619846	1460
13.2744979858	1161
13.2746210098	1177
13.2770910263	1057
13.2796571255	1057
13.2965741158	-1368
13.2965991497	-1420
13.296639204	-1316
13.3114750385	1460
13.3115520477	111
13.3189899921	-1420
13.3190000057	-1420
13.3190569878	-1264
13.3832871914	-190
13.3839731216	543
13.3845000267	1057
13.4970359802	-1086
13.5544140339	-1368
13.5548291206	-1420
13.5548341274	-1316
13.5551440716	-1368
13.5554711819	-1420
13.5554850101	-1420
13.5555281639	-1264
13.5614380836	-1420
13.5614562035	-1420
13.5615141392	-1264
13.5617291927	543
13.5667760372	-1420
13.5667831898	-1420
13.5668261051	-1264
13.5744709969	-1420
13.5745270252	-1316
13.5747561455	-1420
13.5748000145	-1420
13.5748031139	-1264
13.5749440193	-1420
13.5749471188	-1316
13.5750842094	-1420
13.5750870705	-1316
13.5751550198	-1420
13.575165987	-1316
13.5752542019	543
13.5756649971	543
13.5906171799	-1420
13.5906422138	-1420
13.5907020569	-1264
13.5907051563	-1420
13.5908031464	-1420
13.5908071995	-1264
13.5908911228	-1420
13.5908939838	-1316
13.5909621716	-1368
13.5909650326	-1420
13.5910410881	-1420
13.5910441875	-1264
13.6121480465	543
13.6151111126	543
13.6266620159	543
13.6269130707	-1420
13.6269190311	-1420
13.626953125	-1264
13.6302421093	543
13.6325311661	543
13.6326460838	-1368
13.6391401291	-1420
13.6391751766	-1316
13.6524591446	-1127
13.6619381905	543
13.6643869877	543
13.6645851135	543
13.6782422066	543
13.6795871258	543
13.681333065	543
13.6835901737	-1420
13.6836111546	-1316
13.6911151409	-1420
13.6911389828	-1420
13.6911911964	-1264
13.6944210529	543
13.7150630951	543
13.7154181004	543
13.7262032032	543
13.7412490845	543
13.741767168	543
13.7423419952	543
13.7497951984	-1420
13.7498061657	-1316
13.7498531342	-1368
13.7511970997	543
13.7528531551	543
13.7538561821	-1420
13.7539010048	-1316
13.7540450096	-1368
13.7563271523	543
13.7598412037	-1420
13.7598490715	-1316
13.770359993	543
13.7721860409	543
13.7743611336	543
13.7746059895	-1039
13.815320015	543
13.8155720234	-1368
13.8183271885	543
13.8185551167	543
13.8220860958	-1420
13.8220930099	-1316
13.8318831921	-543
13.9069662094	1460
13.9070789814	111
13.9078609943	-667
13.9084811211	-1420
13.9085462093	-1420
13.908550024	-1420
13.9086241722	-1212
13.9086260796	-1368
13.9100580215	543
13.9182050228	-1420
13.9182100296	-1420
13.9182531834	-1264
13.9518041611	-1368
13.9520530701	-543
13.957914114	-1368
13.9635071754	-543
13.9680681229	-1368
13.9707581997	-1368
13.9749991894	-1420
13.9750549793	-1200
13.9782021046	-1420
13.978249073	-1420
13.9782521725	-1264
13.988574028	-524
13.9908239841	-1420
13.9908320904	-1316
13.9936871529	-1368
14.0201630592	-939
14.0265421867	-1368
14.0672810078	543
14.0771751404	-1368
14.0801911354	-1347
14.0900971889	1460
14.0901460648	111
14.1092200279	-512
14.1112589836	543
14.1277441978	-1368
14.1277701855	-1420
14.127808094	-1316
14.1300702095	543
14.1303231716	543
14.1321120262	543
14.1322741508	-1102
14.140114069	1460
14.1401741505	111
14.1444880962	543
14.1447491646	543
14.1449620724	543
14.1485350132	543
14.1489131451	543
14.149212122	543
14.1595101357	543
14.1598041058	543
14.1820430756	-1368
14.1820611954	-1420
14.1821081638	-1316
14.1822280884	-1420
14.1822681427	-1420
14.18227005	-1264
14.1823949814	-1420
14.1823980808	-1316
14.1824791431	-1368
14.1843950748	-1420
14.1844420433	-1316
14.1846370697	-1420
14.1846761703	-1316
14.1854510307	1057
14.1906211376	-1420
14.1906440258	-1420
14.1906781197	-1264
14.2009620667	543
14.2014901638	543
14.202242136	543
14.2025980949	543
14.2116160393	-1420
14.2116320133	-1420
14.2116980553	-1420
14.211700201	-1212
14.2121040821	-1420
14.2121071815	-1316
14.212182045	-1368
14.2131750584	-1420
14.2132251263	-1316
14.2132279873	-1368
14.2141120434	-1420
14.2141170502	-1316
14.2143599987	-1368
14.2144560814	-1368
14.21530509	543
14.2156100273	-1420
14.2156150341	-1316
14.2162201405	-1420
14.2162251472	-1316
14.2163100243	-1420
14.21631217	-1420
14.2163519859	-1264
14.2164189816	-1420
14.2164571285	-1316
14.2166650295	-1368
14.2187461853	-1420
14.21875	-1316
14.2188630104	-1368
14.2189970016	-1368
14.219214201	-1420
14.2192192078	-1316
14.220031023	-1420
14.2200369835	-1420
14.2200701237	-1264
14.2201461792	543
14.2248380184	-1420
14.2248439789	-1420
14.2248771191	-1264
14.2248799801	-1420
14.2249062061	-1420
14.2249090672	-1264
14.2251601219	-1420
14.225164175	-1420
14.2252039909	-1264
14.2252061367	-1368
14.2252600193	-1420
14.2252621651	-1316
14.226886034	-1368
14.2270150185	-1368
14.2270619869	-1368
14.2304890156	543
14.2446370125	-1162
14.2501120567	543
14.2515699863	-1420
14.2515761852	-1316
14.2517771721	-1368
14.2924602032	-543
14.2994852066	-543
14.3569171429	-638
14.3711349964	-1420
14.3711431026	-1316
14.3803501129	543
14.3828279972	-1368
14.3901941776	-524
14.4057409763	-1420
14.4057919979	-1316
14.4076480865	-1420
14.4076809883	-1420
14.4076831341	-1420
14.4077100754	-1212
14.4077591896	-1420
14.4077951908	-1420
14.4077980518	-1264
14.4100520611	-1420
14.4100561142	-1316
14.414440155	-1420
14.4144451618	-1420
14.4144861698	-1264
14.416052103	-1420
14.416077137	-1316
14.4208250046	-543
14.4223520756	-1420
14.4223949909	-1420
14.4223980904	-1264
14.42258811	1057
14.4228022099	543
14.4384741783	543
14.4388041496	543
14.4408781528	-1368
14.4540760517	-1420
14.4541471004	-1316
14.454447031	-1420
14.4544820786	-1316
14.454791069	-1420
14.4548339844	-1316
14.4548370838	-1368
14.4551460743	-1420
14.4551591873	-1316
14.4551911354	-1368
14.4553220272	-1368
14.455340147	543
14.4557449818	-1420
14.4557890892	-1316
14.4559881687	-1368
14.4622809887	-1420
14.4622871876	-1316
14.4632630348	-1420
14.4632680416	-1420
14.4633100033	-1264
14.4653730392	-1420
14.4654231071	-1420
14.4654271603	-1264
14.4688560963	-1420
14.468870163	-1316
14.4689052105	-57
14.4698081017	-1420
14.4698340893	-1316
14.4700551033	-1368
14.4860391617	-1420
14.4860479832	-1316
14.4861171246	-1368
14.5107810497	-1368
14.5108520985	-1420
14.5108561516	-1420
14.5108840466	-1264
14.5108861923	-1368
14.510969162	-1420
14.510972023	-1420
14.5110170841	-1264
14.5111291409	-1420
14.5111670494	-1316
14.5152170658	-1420
14.5152571201	-1420
14.5152599812	-1264
14.5152959824	-524
14.5156919956	1057
14.5172240734	-1368
14.5181701183	543
14.5266971588	-524
14.5267941952	543
14.5814361572	-889
14.6019380093	-1420
14.6019949913	-1316
14.680150032	543
14.6802492142	543
14.6879191399	543
14.6882050037	543
14.6884431839	543
14.688680172	543
14.6888971329	-57
14.6890339851	543
14.68927598	543
14.6894741058	543
14.6896891594	543
14.6902852058	543
14.6905081272	543
14.6920361519	543
14.6922540665	543
14.6935431957	-406
14.6961290836	543
14.6973731518	-1420
14.6973791122	-1420
14.6974341869	-1264
14.6974360943	-1420
14.6974730492	-1316
14.7017490864	1057
14.7023630142	543
14.7025930882	543
14.7033209801	-1420
14.7033259869	-1420
14.7033691406	-1264
14.717564106	1057
14.7182161808	543
14.7184560299	543
14.7418270111	1057
14.7420680523	543
14.7422959805	543
14.7560451031	-1368
14.7587840557	-1420
14.7588431835	-1420
14.7588469982	-1420
14.7588829994	-1212
14.7776041031	-1420
14.7776601315	-1420
14.7776641846	-1264
14.7825951576	-1368
14.7840600014	-1368
14.785610199	543
14.7905499935	-1420
14.7905600071	-1316
14.7906470299	-1368
14.7908391953	543
14.8058350086	-64
14.8681190014	-1420
14.8681361675	-1316
14.8741881847	-1368
14.8903710842	-543
14.9179801941	-95
14.9227352142	-524
14.931923151	543
14.9362831116	-19
14.944163084	-524
14.9500331879	-1048
14.9501290321	-1048
14.950163126	-1048
14.9540681839	-524
14.9579269886	543
14.9598531723	-1048
14.9639492035	543
14.9666771889	-1420
14.9666941166	-676
14.9731211662	-1048
14.9762670994	-524
14.978413105	-1368
14.9809670448	-524
14.9856390953	-1420
14.9856929779	-1420
14.9856960773	-304
14.9857401848	-524
14.9872322083	-543
14.9900810719	-1420
14.9901530743	-1420
14.9901571274	-1420
14.9901950359	-1212
14.9901981354	-1368
14.997120142	-1420
14.9971261024	-1316
14.9975371361	543
15.0088720322	543
15.0301370621	-111
15.0317971706	-1420
15.0318620205	-1316
15.0318741798	-1368
15.0428249836	543
15.0476272106	-524
15.047919035	-1420
15.0479230881	-1420
15.0479691029	-1264
15.049049139	-1368
15.0556411743	-1420
15.0556530952	-1316
15.0562670231	-1420
15.0562720299	-1420
15.0563151836	-1264
15.0563180447	-1420
15.0563631058	-1420
15.056374073	-1264
15.0564391613	-1420
15.0564420223	-1316
15.0566020012	543
15.058437109	-524
15.058879137	543
15.059112072	-1368
15.0627779961	-1420
15.062787056	-1420
15.0628330708	-1264
15.0633730888	-1420
15.06340909	-1420
15.0634121895	-1264
15.0700480938	-1420
15.0700540543	-1420
15.0701031685	-1264
15.0702140331	543
15.0706450939	-1420
15.0706501007	-1316
15.0707280636	-1368
15.0736260414	543
15.0770721436	-1420
15.0771400928	-1420
15.0771431923	-1264
15.0788061619	-49
15.0919020176	543
15.1009659767	-1420
15.1009709835	-1420
15.1010291576	-1420
15.1010320187	-1212
15.1010580063	-1420
15.1010601521	-1316
15.1051080227	-1420
15.1051139832	-1316
15.10521698	-1420
15.1052191257	-1420
15.1052641869	-1264
15.1052660942	-1368
15.1053290367	-1368
15.1054930687	1460
15.1055481434	111
15.1056671143	1460
15.1057140827	625
15.1057460308	-1420
15.1057491302	-1316
15.1057879925	543
15.105984211	1057
15.1060340405	-1368
15.1073961258	-1420
15.1074430943	-1420
15.1074461937	-1264
15.1140160561	543
15.1152710915	-261
15.1200180054	543
15.1205031872	543
15.1281740665	-1368
15.1284890175	-1420
15.1285231113	-1420
15.1285262108	-1420
15.1285450459	-1212
15.1285471916	-1368
15.1285641193	-1368
15.128688097	-1420
15.1287281513	-1420
15.1287310123	-1264
15.1346571445	-1420
15.1346771717	-1420
15.1347410679	-1420
15.1347432137	-1212
15.1347789764	-1420
15.1347820759	-1316
15.1356611252	543
15.1440601349	-830
15.1701331139	1460
15.1702251434	1460
15.1702620983	707
15.1703271866	1057
15.1865580082	-1420
15.1865730286	-1316
15.2680990696	543
15.2828111649	-949
15.2901420593	543
15.298992157	-543
15.3188841343	-543
15.3596441746	-524
15.3695662022	-543
15.3706321716	-524
15.4168140888	-524
15.4272041321	-543
15.4281461239	-524
15.4352481365	-543
15.4420831203	1057
15.4549510479	-524
15.4684541225	-524
15.4689891338	-524
15.471309185	-524
15.5407350063	-1368
15.5415751934	-1420
15.5416309834	-1420
15.5416350365	-1264
15.5417640209	543
15.5464441776	-1420
15.5464510918	-1420
15.5464971066	-1264
15.5527122021	-1420
15.5527591705	-1316
15.5547142029	-828
15.5592961311	-1368
15.5920190811	-152
15.5968601704	543
15.5971651077	543
15.6126191616	-1420
15.6126320362	-1420
15.6126890182	-1264
15.6135041714	-1420
15.6135511398	-1420
15.6135551929	-1264
15.6164281368	-1368
15.616653204	-1420
15.6166870594	-1420
15.6166980267	-1264
15.6167180538	-1420
15.6167211533	-1316
15.617454052	-1368
15.617732048	-1368
15.6178040504	-1368
15.6182391644	-1420
15.6182880402	-1316
15.6182920933	-1368
15.6191461086	-1420
15.6191520691	-1316
15.6192700863	-1368
15.6226971149	543
15.6282269955	-1420
15.6282320023	-1420
15.6283280849	-1264
15.6283311844	-1420
15.6283681393	-1420
15.6283700466	-1264
15.628467083	-1368
15.628631115	-1420
15.6286790371	-1316
15.6287381649	-1368
15.6288871765	-1420
15.6288900375	-1316
15.6289260387	-1368
15.6325089931	543
15.6347010136	-1420
15.6347091198	-1420
15.6347110271	-1264
15.6414301395	-1420
15.6414480209	-1420
15.6414980888	-1420
15.6415011883	-1420
15.6415200233	-1160
15.6671981812	-1272
15.6673910618	543
15.6700870991	1057
15.670320034	543
15.6867311001	543
15.7106971741	1460
15.7107901573	1460
15.71083498	193
15.7108981609	543
15.7301661968	543
15.7302341461	1057
15.7323861122	543
15.7327661514	543
15.7331550121	543
15.7334151268	543
15.754720211	-1368
15.7795250416	-746
15.8917992115	-1086
16.031222105	-1420
16.0312490463	-1420
16.0312972069	-1264
16.031799078	-1420
16.0318040848	-1420
16.0318980217	-1264
16.0319011211	-1420
16.0319390297	-1420
16.0319421291	-1264
16.0325510502	543
16.0377590656	-1420
16.0377640724	-1420
16.0378069878	-1264
16.0445079803	-1420
16.0445621014	-1316
16.0445652008	-1368
16.0480680466	-1368
16.0481681824	-1420
16.0482029915	-1316
16.0513081551	-454
16.0584440231	-1368
16.0681681633	-1420
16.0682210922	-1316
16.0687530041	-1420
16.0688011646	-1316
16.0692141056	-1420
16.0692811012	-1316
16.0692830086	-1368
16.0755062103	-1420
16.0755109787	-1420
16.0755519867	-1264
16.075715065	543
16.0789000988	-1420
16.0789091587	-1420
16.0789570808	-1264
16.0792620182	-1368
16.0798430443	-1420
16.0798480511	-1420
16.0799210072	-1264
16.0799241066	-1420
16.0799779892	-1420
16.079980135	-1264
16.0801301003	543
16.080242157	-1420
16.0802540779	-1420
16.0802931786	-1264
16.0869071484	-1420
16.0869531631	-1316
16.0869569778	-1368
16.089687109	-1420
16.0896902084	-1316
16.0907452106	-1420
16.090749979	-1420
16.0907931328	-1264
16.0931341648	543
16.0947551727	543
16.0949749947	-1368
16.0951740742	543
16.0953171253	-1420
16.0958499908	543
16.0958931446	-1316
16.0961492062	543
16.0983021259	-1420
16.0983090401	-1420
16.0983550549	-1264
16.1010451317	-1368
16.1011412144	-1420
16.1011450291	-1420
16.1011750698	-1264
16.1012489796	-1420
16.1012980938	-1420
16.1013000011	-1264
16.1014420986	543
16.1017141342	543
16.1019980907	543
16.1023139954	543
16.1025140285	543
16.1099121571	-1420
16.1099281311	-1420
16.1099731922	-1264
16.1099760532	-1420
16.1100251675	-1316
16.1100270748	-1368
16.1102571487	-1368
16.1104750633	-1420
16.1105091572	-1420
16.1105110645	-1420
16.1105380058	-1212
16.1105411053	-1420
16.1105601788	-1420
16.1105639935	-1264
16.110678196	-1420
16.1106820107	-1420
16.1107201576	-1264
16.1107850075	543
16.1131091118	-1368
16.1136310101	-1420
16.1136980057	-1420
16.1137011051	-1264
16.1137402058	-1420
16.1137421131	-1420
16.1137781143	-1264
16.1202960014	543
16.126116991	-1420
16.1261231899	-1420
16.1261661053	-1264
16.1301190853	-1420
16.1302201748	-1420
16.1302230358	-1264
16.1302599907	-1420
16.1302621365	-1420
16.1303360462	-1264
16.1303391457	-1420
16.1303780079	-1316
16.130436182	-1420
16.1304550171	-1316
16.1304581165	-1368
16.1305789948	-1420
16.1305820942	-1316
16.1322979927	-1420
16.1323111057	-1316
16.1328651905	-1368
16.1328690052	-1420
16.1328701973	-1420
16.132871151	-1264
16.1331021786	-1420
16.1331050396	-1420
16.1331071854	-1264
16.1332981586	543
16.1336021423	543
16.133754015	543
16.1339030266	-1420
16.1339070797	-1420
16.133947134	-1264
16.1416501999	-1420
16.1417059898	-1420
16.141710043	-1264
16.1422131062	543
16.1427900791	-1420
16.1427960396	-1420
16.1428182125	-1264
16.1429271698	-1420
16.1429669857	-1420
16.1429700851	-1264
16.1430439949	543
16.1477301121	-1420
16.1477351189	-1420
16.1477770805	-1264
16.1507511139	-1420
16.1507971287	-1420
16.1507999897	-1264
16.1508181095	-1420
16.1509490013	-1420
16.1509900093	-1264
16.1510109901	-1420
16.1510510445	-1316
16.1510531902	-1368
16.1548261642	-1420
16.1548471451	-1420
16.1548480988	-1264
16.1553530693	-1368
16.1554310322	-1420
16.1554350853	-1420
16.155436039	-1264
16.1557321548	543
16.162197113	-1420
16.1622231007	-1316
16.1645841599	-1420
16.164607048	-1420
16.1646640301	-1264
16.1649169922	543
16.1695621014	-1368
16.1696610451	-1420
16.1697080135	-1316
16.1708400249	-284
16.1816930771	543
16.2023961544	543
16.2025201321	543
16.2191061974	-1368
16.2198560238	1057
16.2320010662	1057
16.2355442047	1057
16.2945070267	-232
16.3007400036	543
16.3048341274	-543
16.3106629848	1057
16.3718240261	1057
16.4097101688	1057
16.4328980446	-543
16.4339540005	1057
16.436398983	1057
16.4399371147	-543
16.4508810043	1460
16.4509751797	1139
16.4788432121	543
16.5227651596	-1368
16.5401930809	-1420
16.5402719975	-1420
16.5402760506	-1264
16.5513579845	-1368
16.5554530621	-1420
16.5555090904	-1316
16.5584330559	-1420
16.5584750175	-1420
16.5584790707	-1264
16.5637540817	-546
16.5825312138	543
16.5923631191	543
16.6009180546	1057
16.6457910538	-1368
16.6619710922	1057
16.6703970432	-1368
16.6721541882	1057
16.7137331963	-493
16.7249491215	-543
16.7656881809	-1368
16.7701129913	-1420
16.770168066	-1420
16.7701711655	-1264
16.7719039917	-1420
16.7719080448	-1316
16.7732861042	-1368
16.7733571529	543
16.7735722065	543
16.7746691704	-1420
16.7746751308	-1316
16.7759461403	-1368
16.7771999836	-1420
16.7772481441	-1316
16.7780301571	-1368
16.7798240185	-1420
16.7798299789	-1316
16.7828071117	543
16.7833809853	-1368
16.7837731838	-1420
16.7838110924	-1316
16.7842240334	-1368
16.7893030643	-1420
16.789317131	-1316
16.7893540859	-1368
16.8137490749	1057
16.8181509972	-1420
16.818157196	-1316
16.8184120655	-1368
16.8211190701	1057
16.823248148	543
16.8244791031	-1368
16.8247551918	-1420
16.8248000145	-1316
16.8300461769	543
16.850315094	1460
16.8504061699	111
16.877931118	-1000
16.8904771805	1460
16.8905460835	625
16.9103181362	1460
16.9103929996	111
16.9106090069	-1368
16.9184291363	543
16.9194481373	1057
16.9332799911	1057
16.9988591671	-1420
16.9988751411	-1316
17.0001761913	543
17.0007221699	1057
17.0031301975	-696
17.0979301929	-1368
17.1344380379	-1368
17.1441750526	-493
17.1446480751	1460
17.144701004	111
17.1475729942	1057
17.1551790237	-1368
17.1617991924	-1420
17.1618700027	-1420
17.1618750095	-1420
17.1619131565	-1212
17.2120370865	-1420
17.2120471001	-1420
17.2120790482	-1264
17.2141900063	543
17.2144551277	1460
17.2145020962	111
17.2186541557	-1420
17.2186701298	-1420
17.2187180519	-1264
17.2464179993	-543
17.2512300014	-1368
17.2574532032	-981
17.2599630356	-524
17.2784130573	-1368
17.3046491146	-1420
17.3046751022	-1316
17.305270195	1057
17.3112170696	-1368
17.3121981621	1057
17.3261890411	-1420
17.3262021542	-1420
17.3262581825	-1264
17.3326570988	-1368
17.3329591751	543
17.3628680706	-1368
17.3630781174	-1420
17.3630809784	-1316
17.3632919788	-1420
17.3633751869	-1316
17.3633770943	-1368
17.3634541035	-1368
17.3680109978	-1420
17.3680641651	-1420
17.3680679798	-1264
17.3694241047	-85
17.3704462051	-1368
17.3818831444	-19
17.3858931065	-1420
17.3859012127	-1420
17.3859450817	-1264
17.3920681477	-1420
17.3921201229	-1420
17.3921229839	-1264
17.4120130539	543
17.4128811359	543
17.4149260521	-1368
17.4540071487	-1368
17.4746851921	1057
17.4818921089	-828
17.4841520786	543
17.4908189774	543
17.5113019943	543
17.5476021767	-1368
17.5945720673	-1318
17.599642992	-1420
17.5997099876	-1316
17.6033480167	543
17.6061780453	543
17.6064300537	543
17.6096651554	-1368
17.6383240223	-1420
17.6383981705	-1420
17.6384031773	-1264
17.643228054	-543
17.6434249878	543
17.6502330303	-1420
17.6502430439	-1420
17.6502811909	-1264
17.6540501118	543
17.6543312073	-1368
17.6545541286	-1420
17.6545879841	-1316
17.6549060345	543
17.6551780701	543
17.6653811932	-1368
17.7067689896	-554
17.788351059	-1420
17.7883679867	-1420
17.7884280682	-1264
17.7885370255	-1420
17.7885861397	-1316
17.7887811661	-1368
17.7915940285	-1420
17.7916030884	-1420
17.7916390896	-1264
17.7922329903	-1420
17.7922821045	-1420
17.7922852039	-1264
17.7923641205	-1368
17.7926340103	-1420
17.7926371098	-1316
17.7926850319	-1368
17.7929010391	-1420
17.7929050922	-1316
17.7944171429	-1420
17.7944221497	-1316
17.7944800854	-1368
17.7975749969	-1368
17.7977371216	-1420
17.7977411747	-1316
17.7979571819	1057
17.7982711792	543
17.8002150059	1057
17.8041200638	-1368
17.8147680759	-1420
17.8148591518	-1420
17.814863205	-1420
17.8149080276	-1212
17.8149111271	-1420
17.8149759769	-1420
17.8149931431	-1264
17.8150310516	-1420
17.8150341511	-1420
17.8150680065	-1264
17.8179461956	-1420
17.8180201054	-1420
17.8180232048	-1264
17.8180241585	-1420
17.8180260658	-1420
17.8180360794	-1264
17.8183951378	-1420
17.8184001446	-1420
17.8184490204	-1420
17.8184521198	-1212
17.8184890747	-1420
17.8184921741	-1420
17.8185360432	-1264
17.8189771175	-115
17.8192441463	1057
17.8209440708	-1420
17.8209500313	-1316
17.8210690022	-1368
17.8268971443	-543
17.8303301334	-1420
17.8304162025	-1420
17.8304190636	-1264
17.8304581642	-1420
17.8304600716	-1420
17.8304960728	-1264
17.8339321613	-1420
17.834031105	-1420
17.8340342045	-1264
17.8340730667	-1420
17.8340761662	-1420
17.8341121674	-1264
17.8342142105	543
17.8418400288	-1420
17.8418571949	-1420
17.8418860435	-1264
17.8862740993	-1420
17.8862872124	-1316
17.931358099	-317
18.0000281334	-1368
18.0436470509	-1347
18.1192140579	-1420
18.1192290783	-1316
18.1253581047	-1368
18.1557741165	-95
18.2579891682	543
18.2678861618	-543
19.7561540604	-543
20.1809570789	543
20.181759119	543
20.2190291882	1460
20.2300651073	1460
20.2301430702	1161
20.2302381992	1057
20.2302980423	89
20.2310240269	1057
20.2329411507	543
20.4589819908	-543
20.4595041275	543
20.5714371204	-1086
20.5720391273	543
20.6952900887	-1420
20.6953082085	-1420
20.695374012	-1264
20.7236061096	-638
20.7427082062	543
20.750221014	543
20.8159999847	-1368
20.816163063	543
20.8357231617	-804
20.9451401234	-543
21.0294799805	-543
21.0730931759	-543
21.073923111	1057
21.2211301327	1460
21.2212200165	1460
21.2212591171	193
21.457545042	-543
21.5696630478	-1057
21.5815351009	1057
21.5902941227	1057
21.8356261253	-543
21.9846730232	-1420
21.9847280979	-1316
21.9873580933	-920
22.028345108	-543
22.0897982121	-1420
22.089869976	-1420
22.0898900032	-1264
22.0929000378	543
22.0995151997	1057
22.0996232033	-638
22.160902977	-1368
22.1609890461	-1368
22.220687151	1460
22.2207779884	625
22.251363039	-920
22.2537691593	543
22.2538449764	543
22.253895998	543
22.4124259949	-543
22.5575971603	-543
22.5790441036	-543
22.5791711807	-1420
22.5792310238	-1316
22.6741571426	-1368
22.6919929981	-1123
22.7104351521	1057
23.0706942081	-543
23.0707271099	-1368
23.0710229874	-1420
23.0710260868	-1420
23.071075201	-1264
23.0710780621	-1368
23.0712461472	543
23.0783240795	-1368
23.078510046	-1420
23.078548193	-1316
23.1834712029	-1420
23.1835231781	-175
23.2031450272	1057
23.2304701805	1057
23.2334229946	1057
23.2521710396	1057
23.2754981518	1057
23.2762961388	1057
23.305642128	543
23.540115118	-543
23.5401370525	-1420
23.5401861668	-1420
23.5401890278	-1420
23.5402071476	-1212
23.5403590202	-1368
23.547755003	-1420
23.547770977	-1316
23.5478332043	-1368
23.6302990913	-1368
23.6525921822	-1420
23.6526651382	-1420
23.652711153	-1420
23.6527531147	-1420
23.652793169	-1420
23.6528320312	-1108
23.6528730392	-1420
23.6529121399	-1316
23.6529550552	-1420
23.6530430317	-373
23.6535611153	1057
23.6551060677	-1420
23.6551201344	-1316
23.6616110802	-1368
23.6617422104	-1368
23.6757421494	1460
23.6758520603	111
23.6834771633	-1368
23.6897110939	-1368
23.7001831532	-1420
23.7001941204	-1316
23.7005901337	543
23.7042791843	543
23.7119691372	543
23.7132091522	543
23.7135231495	543
23.7202341557	543
23.7206521034	543
23.7422749996	-1368
23.7455370426	-1368
23.7647280693	-1420
23.7647349834	-1420
23.7647900581	-1264
23.7651472092	-525
23.7735040188	543
23.7742781639	543
23.7745251656	543
23.8147830963	-1368
23.8683271408	-543
23.8782291412	-746
23.8823239803	543
23.882597208	543
23.9963309765	-543
24.0130250454	-543
24.0381710529	-1420
24.038241148	-1420
24.0382502079	-1264
24.0445771217	-1420
24.0445921421	-1420
24.0446531773	-1264
24.0617470741	1057
24.0659770966	-1420
24.065983057	-1420
24.0660099983	-1264
24.073043108	-1420
24.0730750561	-1316
24.0876150131	1057
24.0992820263	-1420
24.0992901325	-1316
24.125783205	-1068
24.1277320385	543
24.2379961014	-543
24.2534081936	543
24.3508760929	-543
24.5023481846	-1420
24.502363205	-1420
24.5024731159	-1264
24.5110421181	-124
24.5437841415	543
24.5470991135	543
24.5532610416	543
24.6230740547	-543
24.8025360107	-543
25.3391590118	-543
25.7404680252	543
25.7910401821	543
25.7912011147	-543
25.7914030552	543
25.9203181267	543
25.9205601215	543
26.0631861687	-543
26.3020892143	-543
26.3057951927	1460
26.3058772087	111
26.3067910671	543
26.3071792126	543
26.3074769974	543
26.3077089787	543
26.5093240738	-543
26.5908939838	543
26.5912241936	1057
26.7472109795	-543
26.790938139	-1420
26.7910091877	-1420
26.7910561562	-1264
26.7913680077	543
26.8049621582	-1368
26.8278551102	-1368
26.8323981762	543
26.8326091766	543
26.8453171253	-1420
26.8453240395	-1420
26.8453500271	-1264
26.8515021801	543
26.8991320133	-111
26.9146411419	-1368
27.0163910389	-1289
27.0219681263	-543
27.1478490829	-543
27.2535660267	543
27.3052990437	-543
27.3066310883	1460
27.3067500591	111
27.3078491688	1057
27.3130500317	1057
27.313436985	543
27.4776961803	-543
27.591561079	-543
27.6278619766	-1368
27.6355531216	-1420
27.6355621815	-1316
27.6802301407	-1420
27.6802370548	-1316
27.6865460873	-1420
27.6865711212	-1420
27.6866831779	-1264
27.6928532124	-1368
27.7400100231	-857
27.7501020432	543
27.7515439987	1460
27.7515950203	111
