0	-543
1.90045499802	543
1.92052316666	543
2.13996005058	-543
2.25662398338	543
2.38348817825	-1420
2.38355207443	-151
2.38489508629	-1420
2.38494801521	-1420
2.38499498367	-787
2.40022206306	-1420
2.40027117729	-1179
2.40364217758	-1420
2.40371417999	-151
2.40382504463	-1368
2.40389418602	-1420
2.40391302109	-839
2.40408110619	-1420
2.40413212776	-1208
2.41611099243	-1420
2.41616415977	-1420
2.41618108749	-273
2.41618514061	-1420
2.41620016098	-1420
2.41620206833	-273
2.4219660759	-1420
2.42198014259	-1420
2.42203211784	-273
2.42211413383	-1420
2.42211699486	-1420
2.42211699486	-273
2.42235517502	-1420
2.42235803604	-1420
2.42239403725	-273
2.42244100571	543
2.42752313614	-1420
2.42753219604	-1420
2.42757797241	-273
2.42777919769	-1420
2.42782211304	-1420
2.42782497406	-273
2.43415999413	-1420
2.43416810036	-1420
2.43421697617	-273
2.43452811241	-1420
2.43457007408	-1420
2.43457317352	-273
2.44139099121	-1420
2.44140005112	-1420
2.44145202637	-273
2.44145917892	-1420
2.4414961338	-151
2.44161915779	-1420
2.44164609909	-151
2.44169807434	543
2.44198703766	-1420
2.44199204445	-1420
2.44202899933	-273
2.4420311451	-1420
2.44207310677	-1420
2.44207501411	-302
2.44217610359	543
2.44704198837	-1420
2.44704818726	-1316
2.44717001915	-377
2.44729208946	-1420
2.44733119011	-1420
2.44733405113	-273
2.44738411903	-1420
2.44738698006	-151
2.44750213623	-1420
2.44750618935	-151
2.45379805565	-1420
2.45380306244	-1420
2.45385813713	-273
2.45386004448	-1420
2.45389318466	-1420
2.45389604568	-302
2.45448517799	-1420
2.45449018478	-1420
2.45452809334	-1420
2.45453119278	-424
2.46136617661	-1420
2.46137213707	-151
2.4615020752	543
2.46161103249	-1420
2.46161603928	-151
2.4618241787	-1420
2.46182799339	-151
2.46206998825	-1420
2.46207404137	-1420
2.46211004257	-302
2.46225309372	-1420
2.46227312088	-151
2.46233415604	-1420
2.46235513687	-151
2.46261811256	-1420
2.46265602112	-1420
2.46265816689	-273
2.46276402473	-1420
2.46276712418	-1420
2.46280217171	-273
2.46557617188	-1420
2.46561408043	-151
2.46586418152	-1368
2.46592211723	-203
2.46611118317	-1420
2.46614909172	-1420
2.46615099907	-273
2.46722698212	-1420
2.46723198891	-1420
2.46726799011	-273
2.46731901169	-1420
2.46735596657	-1420
2.46735906601	-273
2.46758508682	-1420
2.46758818626	-1420
2.46762418747	-273
2.4679350853	543
2.46806406975	543
2.47406101227	-1420
2.47406697273	-1420
2.47412204742	-273
2.47435116768	-1420
2.47442412376	-1420
2.47442698479	-273
2.47447800636	-1420
2.4744811058	-1420
2.47451519966	-273
2.481965065	-1420
2.48203516006	-1420
2.48203802109	-273
2.48207306862	-1420
2.48207497597	-1420
2.48210811615	-273
2.48234319687	-1420
2.48238015175	-1420
2.48238301277	-273
2.48255801201	-1420
2.48256111145	-1420
2.48259401321	-273
2.48265600204	-1420
2.4826900959	-1420
2.48269319534	-273
2.48330998421	543
2.48883414268	-1420
2.48884797096	-1420
2.48888111115	-273
2.48897218704	-1368
2.48929214478	-1420
2.48929715157	-1420
2.48937511444	-1420
2.48937702179	-598
2.48942399025	-1420
2.48942708969	-1420
2.48949313164	-1420
2.48949599266	-424
2.48953008652	-1420
2.48953199387	-151
2.48958110809	-1420
2.48958301544	-151
2.48972201347	-1420
2.48972606659	-151
2.48983812332	543
2.48992705345	-1420
2.48993110657	-1420
2.48996710777	-273
2.49002504349	543
2.49014115334	-1420
2.49014616013	-1420
2.49018311501	-273
2.49023509026	-1420
2.4902741909	-1420
2.49027609825	-273
2.49051809311	-1420
2.49052214622	-1420
2.4905591011	-273
2.49078011513	-1420
2.49080014229	-151
2.49098300934	-1420
2.49100208282	-151
2.49119019508	-1420
2.49122810364	-1420
2.49123096466	-273
2.49133419991	-1420
2.49133706093	-1420
2.49137115479	-273
2.4944190979	-1420
2.49449896812	-1420
2.49450302124	-1420
2.49453306198	-1420
2.49453616142	-546
2.50212311745	-1420
2.50213503838	-1420
2.5021841526	-273
2.50230312347	543
2.50247216225	-1420
2.50247597694	-1420
2.5024971962	-273
2.50263619423	-1420
2.50267410278	-1420
2.50267720222	-273
2.50297808647	-1420
2.50298213959	-1420
2.50301814079	-273
2.50316810608	-1420
2.50320601463	-1420
2.5032081604	-273
2.50908017159	-1420
2.50909614563	-1420
2.50913119316	-273
2.5092561245	-1420
2.50929403305	-1420
2.50929713249	-273
2.50950312614	-1420
2.50950813293	-1420
2.50954413414	-273
2.50962519646	-1420
2.50966119766	-1420
2.50966596603	-273
2.5098130703	-1420
2.50981497765	-1420
2.50985217094	-273
2.50991010666	-1420
2.50992918015	-151
2.51020503044	-1420
2.51022315025	-151
2.51033306122	-1420
2.5103521347	-151
2.51039814949	543
2.51071405411	-1420
2.51071715355	-151
2.51075315475	-1420
2.5107550621	-1420
2.51078915596	-273
2.51089000702	-1420
2.51092410088	-1420
2.51092600822	-273
2.51102018356	-1420
2.51102304459	-151
2.51119017601	-1420
2.51119303703	-1420
2.51122713089	-787
2.51146697998	-1420
2.51147007942	-1316
2.51157712936	-1420
2.51158118248	-1420
2.51158213615	-165
2.51183700562	-1420
2.51184010506	-151
2.51192116737	543
2.51223015785	-1420
2.51223397255	-1420
2.51223516464	-273
2.51223611832	-1420
2.51223707199	-1420
2.51223897934	-273
2.5124809742	-1368
2.5125951767	-1420
2.51259899139	-325
2.51279115677	-1420
2.51279401779	-1420
2.51279616356	-273
2.51309919357	-1420
2.51310110092	-1420
2.51310300827	-273
2.51354718208	-1420
2.51355004311	-1420
2.51355099678	-273
2.51392507553	-1420
2.51392817497	-1420
2.51393008232	-273
2.51835203171	543
2.51943898201	543
2.60131597519	-1057
2.60147714615	543
2.65937399864	-1420
2.65939307213	-665
2.6614151001	-1420
2.66142106056	-1420
2.66147518158	-787
2.66337108612	-1420
2.66342997551	-1420
2.66343307495	-787
2.66632914543	-1420
2.66634011269	-1316
2.66636919975	-1420
2.6663711071	-14
2.66901707649	-1420
2.66902303696	-1420
2.66906309128	-1330
2.67314910889	-1420
2.67319917679	-1420
2.67320203781	-1420
2.67323708534	-453
2.67416000366	-1420
2.67418408394	-1420
2.67418718338	-787
2.67428398132	543
2.73475503922	-1420
2.73477602005	-1420
2.73482203484	-787
2.73727297783	-1420
2.7373251915	-1420
2.73732805252	-787
2.74080514908	-1420
2.74081110954	-694
2.74211406708	-1420
2.74211907387	-1420
2.74215912819	-787
2.74357318878	-1420
2.74361515045	-1420
2.74361801147	-787
2.74554204941	-1420
2.74554920197	-1420
2.74558997154	-1330
2.7474591732	-1420
2.74750614166	-1420
2.74750900269	-1330
2.7476401329	543
2.74971318245	-1420
2.74971914291	-1420
2.74976015091	-1420
2.74976301193	-453
2.75022315979	543
2.75035715103	-1420
2.75036215782	-1420
2.75040006638	-787
2.75094604492	-1420
2.75096702576	-1316
2.75101113319	-1420
2.75102996826	-14
2.751486063	-1420
2.75150513649	-1316
2.75245809555	-1420
2.75249814987	-14
2.75250005722	-1420
2.75253415108	-1420
2.75253605843	-1420
2.75256919861	-453
2.75263214111	-1420
2.75266909599	-1420
2.75267100334	-787
2.75298714638	-1420
2.75299119949	-694
2.75308299065	543
2.75327014923	-1420
2.75327420235	-1420
2.75330901146	-787
2.75339317322	-1420
2.7534301281	-1420
2.75343203545	-787
2.75373697281	-1420
2.7537419796	-1420
2.75378203392	-787
2.75382113457	-1420
2.75385713577	-1420
2.75385904312	-787
2.75397205353	-1420
2.75397610664	-1316
2.75409317017	-1420
2.75409698486	-14
2.7543451786	-1420
2.75435018539	-1316
2.75438714027	-1420
2.75438904762	-14
2.75453019142	543
2.75468707085	-1420
2.75469017029	-1420
2.7547249794	-1420
2.75472807884	-453
2.75481104851	-1420
2.75481319427	-1316
2.75491905212	543
2.75505018234	-891
2.75524115562	-1420
2.75529813766	-1420
2.75530099869	-1420
2.75533413887	-1278
2.75533604622	-1420
2.7553691864	-1382
2.75565910339	-1420
2.75569915771	-1316
2.75575017929	-1420
2.7557861805	-1420
2.75578808784	-505
2.75584101677	-1420
2.75584316254	-839
2.75611305237	-1368
2.75615119934	-1368
2.75623106956	-1420
2.75623297691	-1382
2.75632309914	-1420
2.75632619858	-839
2.75644803047	-1420
2.75645208359	-151
2.75659298897	-1420
2.75659608841	-1420
2.75663113594	-787
2.75685119629	-1420
2.75685405731	-1420
2.75685596466	-787
2.75733017921	543
2.75736904144	-1420
2.75737118721	-1420
2.75737214088	-1330
2.7577381134	-1420
2.75777697563	-1420
2.75778007507	-1330
2.75797104836	-1368
2.75808596611	-1420
2.75812196732	-1420
2.75812411308	-505
2.75820708275	-1420
2.7582089901	-1420
2.75824213028	-787
2.75848197937	-1368
2.75858902931	-1420
2.75859212875	-1382
2.75874209404	-1420
2.75874400139	-1420
2.75874519348	-1330
2.75908899307	-1420
2.75909209251	-1316
2.7592010498	-1420
2.75920319557	-557
2.76550316811	543
2.76561403275	543
2.76633000374	-1420
2.76633501053	-1420
2.7663731575	-787
2.76660513878	-1368
2.76666808128	-1368
2.76672506332	-1420
2.76674413681	-14
2.77182102203	-1420
2.77188801765	-1420
2.77189207077	-1420
2.7719271183	-967
2.77207016945	543
2.89272499084	-1057
2.94589114189	543
2.95430397987	543
3.35626912117	-543
3.52006316185	-1420
3.52013015747	-1420
3.52017712593	-273
3.65932798386	-1057
3.68467617035	1057
3.87584614754	-543
3.92583608627	-1420
3.92589998245	-1420
3.92593717575	-1330
3.92841100693	543
3.94554805756	543
4.06496715546	-543
4.06721305847	543
4.16755604744	-543
4.4189081192	-1057
4.4199590683	543
4.55951118469	-543
4.73794317245	-1057
4.74809598923	1057
4.94073605537	-543
4.9770720005	-1420
4.97713398933	-1179
5.00852918625	-1420
5.00859713554	-665
5.01155304909	543
5.01592516899	543
5.19959902763	-543
5.24154806137	-543
5.49183797836	-1057
5.49296808243	543
5.70234513283	-1420
5.70236206055	-1420
5.70245909691	-273
5.70262908936	-1420
5.70264911652	-1179
5.70271611214	543
5.70749306679	-1420
5.70749998093	-1420
5.70754003525	-273
5.72308301926	-1420
5.72312402725	-151
5.72349214554	-1420
5.72355318069	-1420
5.72355604172	-273
5.72359800339	-1420
5.72360014915	-151
5.7238509655	-1420
5.72385501862	-1420
5.72389411926	-787
5.72734904289	-1420
5.72738409042	-1420
5.72738718987	-787
5.72752714157	-1420
5.72753000259	-1316
5.72759914398	543
5.72763299942	-1420
5.72763514519	-1420
5.72763609886	-165
5.74418711662	-1420
5.74423599243	-1420
5.74424004555	-787
5.74431204796	-1420
5.74431419373	-1420
5.7443151474	-787
5.74548006058	-1420
5.74550414085	-694
5.74712300301	-1420
5.74714612961	-1420
5.74714899063	-273
5.74771809578	-1420
5.7477221489	-1420
5.74776005745	-787
5.74800205231	-1420
5.74804401398	-1420
5.74804711342	-787
5.74814915657	543
5.76420712471	-1420
5.76422715187	-1420
5.76428508759	-1330
5.76542115211	-1420
5.76547813416	-1420
5.76548218727	-1330
5.76563310623	543
5.76685905457	-1420
5.7668659687	-723
5.76765012741	-1420
5.7676551342	-1179
5.76805901527	-1420
5.76806402206	-1420
5.76810312271	-273
5.7685251236	-1420
5.7685739994	-1420
5.76857709885	-787
5.76883411407	-1420
5.76883912086	-1420
5.76887607574	-787
5.76945519447	-1420
5.76947712898	-1420
5.76947999001	-1330
5.76956510544	543
5.87008118629	-1420
5.87009906769	-180
6.00591897964	-543
7.25660419464	543
7.9872751236	1057
8.08356809616	-543
8.25158405304	-543
8.25329113007	-1420
8.25333309174	-1179
8.2549932003	-1420
8.2550470829	-151
8.25694298744	-1420
8.25699019432	-1420
8.25702500343	-302
8.25789999962	-1420
8.25793600082	-151
8.25867199898	-1420
8.25869011879	-1179
8.32685613632	1057
8.38701605797	-1420
8.3870871067	-1420
8.38713097572	-273
8.52617502213	-1057
8.54700398445	-1420
8.54702305794	-1179
8.54737114906	-1420
8.54737615585	-1420
8.54741597176	-273
8.55975103378	-1420
8.55976700783	-1420
8.55982208252	-787
8.56712603569	-1420
8.56713414192	-1420
8.56717705727	-273
8.56731200218	543
8.56734418869	-1368
8.56795716286	-1420
8.56798005104	-839
8.5684530735	-1420
8.56847500801	-151
8.56872010231	-1420
8.56876111031	-1420
8.56876301765	-816
8.56889605522	-1420
8.56889915466	-1420
8.56894111633	-787
8.5689971447	543
8.57989215851	-1420
8.57990813255	-1420
8.57994198799	-302
8.57994413376	-1420
8.57995915413	-1179
8.58002901077	-1420
8.58006596565	-1420
8.58006811142	-787
8.58912110329	-1420
8.58913612366	-1316
8.58922100067	-1420
8.58922505379	-528
8.60032010078	-1420
8.6003370285	-1420
8.60044908524	-1420
8.60045218468	-1420
8.60048604012	-546
8.60048913956	-1368
8.60052800179	-1420
8.60053110123	-839
8.60077905655	-1420
8.60078406334	-1420
8.60082602501	-302
8.60082912445	-1420
8.60087108612	-1420
8.60087299347	-787
8.60104703903	543
8.61440610886	-1420
8.61442303658	-1420
8.6144630909	-1420
8.61446499825	-424
8.61502099037	-1420
8.61502599716	-1420
8.61506319046	-787
8.61514401436	543
8.61597919464	-1420
8.61598300934	-1316
8.61675906181	-1420
8.61676311493	-14
8.61680006981	-1420
8.61680316925	-1420
8.61683511734	-1330
8.62336206436	-1420
8.62343215942	-1420
8.62343502045	-1359
8.62348914146	-1420
8.62349104881	-1420
8.623524189	-787
8.62363815308	543
8.62392401695	-1420
8.62392807007	-1179
8.62424111366	-1420
8.62424516678	-1420
8.62428212166	-787
8.62431812286	-1368
8.6245880127	-1420
8.62459301949	-839
8.63216114044	-1420
8.63216614723	-1316
8.63222503662	-1420
8.63222718239	-14
8.63234400749	-1420
8.63234710693	-1316
8.63245916367	-1420
8.63246297836	-14
8.73864412308	-1420
8.73866319656	-1420
8.73872613907	-1420
8.73872900009	-453
8.73877120018	-543
8.73897099495	543
8.7394721508	1057
8.73991703987	1057
9.08765411377	-1420
9.08767318726	-1179
9.08792519569	-1420
9.08792901039	-1420
9.08796715736	-816
9.08894610405	-1420
9.08898115158	-151
9.08928704262	-1420
9.08932805061	-1420
9.08933115005	-273
9.09434318542	-1420
9.09435915947	-1208
9.09454607964	543
9.09463310242	-1420
9.09463620186	-1420
9.09465718269	-787
9.09496212006	-1420
9.09500312805	-1179
9.10899710655	-1420
9.10906100273	-1420
9.10906505585	-1420
9.10910916328	-1420
9.10911202431	-1060
9.10928201675	543
9.10938310623	-1420
9.10938501358	-1420
9.10938596725	-1420
9.10938715935	-424
9.10951209068	-1420
9.10951209068	-1420
9.10951304436	-787
9.11055803299	-1420
9.11058211327	-180
9.11091804504	-1420
9.11095404625	-1420
9.11095619202	-273
9.1110291481	-1420
9.11103200912	-1316
9.11125016212	-891
9.11137509346	-1420
9.11142706871	-1179
9.12871003151	-1420
9.12876915932	-1420
9.12877202034	-273
9.1288151741	-1420
9.12881803513	-151
9.12897801399	543
9.12902212143	-1420
9.12902402878	-1420
9.12902498245	-787
9.12909698486	-1420
9.12909913063	-1420
9.12909913063	-787
9.12952613831	-1420
9.1295311451	-1420
9.12956905365	-302
9.12976717949	-1420
9.12979006767	-151
9.13004899025	-1420
9.1300880909	-1420
9.13009119034	-787
9.1301240921	-1368
9.13020610809	543
9.13024115562	-1420
9.13024306297	-839
9.13033914566	-1368
9.13042712212	-1368
9.13044714928	-1420
9.13044905663	-14
9.13074302673	-1420
9.13074803352	-1316
9.13079309464	-1420
9.13079619408	-14
9.1308760643	543
9.13120007515	-1420
9.13120508194	-1316
9.13125801086	-1420
9.13126111031	-14
9.21587610245	1057
9.24078798294	1057
9.27002000809	-1057
9.27289199829	543
9.27361011505	543
9.48498606682	-1420
9.48500299454	-151
9.48561215401	-1420
9.4856171608	-151
9.50730013847	-1420
9.50731801987	-1179
9.50736403465	-1420
9.50736808777	-180
9.50751018524	543
9.50805616379	543
9.50849914551	1057
9.52677512169	-1420
9.52679109573	-151
9.65620613098	-1420
9.65622711182	-1420
9.65626597404	-273
9.65919613838	543
9.65989303589	1057
9.74130511284	-1420
9.74132418633	-694
9.76594400406	-1420
9.76596212387	-151
9.79958796501	-1057
9.80277919769	543
9.89574503899	-1420
9.8957631588	-1420
9.89582705498	-302
9.92673397064	-1420
9.92678403854	-665
9.92875003815	543
10.0120999813	-1420
10.0121181011	-1420
10.0121741295	-1330
10.012253046	-1420
10.0122551918	-1420
10.0122561455	-302
10.0123682022	-1420
10.0123710632	-1179
10.012499094	-1420
10.0125031471	-1420
10.0125200748	-787
10.0126621723	543
10.0317130089	-1420
10.0317320824	-1208
10.0320830345	-1420
10.0320870876	-1420
10.0321261883	-787
10.0630500317	-1420
10.0631000996	-1420
10.0631041527	-302
10.0632691383	543
10.2194859982	-1420
10.2195050716	-151
10.2198121548	-1420
10.2198171616	-1179
10.2203581333	-1420
10.2203631401	-1420
10.2204031944	-787
10.2207071781	-1420
10.2207319736	-1420
10.2207341194	-1420
10.2207500935	-424
10.2397041321	-1420
10.2398149967	-1179
10.2398190498	-1420
10.239855051	-1420
10.2398581505	-787
10.2401170731	-1420
10.2401220798	-1420
10.240167141	-787
10.2402369976	543
10.2403841019	-1420
10.240388155	-1420
10.2404279709	-1330
10.2408900261	-1420
10.2409110069	-180
10.2413630486	-1420
10.2414081097	-1420
10.2414109707	-273
10.241656065	-1420
10.2416610718	-1420
10.2416980267	-787
10.2418601513	-1420
10.241890192	-1179
10.2420370579	-1420
10.2420749664	-1420
10.2420780659	-787
10.2421901226	-1420
10.2421929836	-1420
10.2422301769	-787
10.2422909737	543
10.2425479889	-1420
10.242552042	-1420
10.2425889969	-1420
10.2425920963	-764
10.2426249981	-1420
10.2426280975	-839
10.2427210808	543
10.2609601021	-1420
10.2609751225	-1420
10.261038065	-787
10.2611751556	-1420
10.2612130642	-694
10.2617471218	-1420
10.2617881298	-1420
10.2617900372	-1420
10.2618789673	-424
10.2618811131	-1420
10.2619149685	-1420
10.2619171143	-787
10.2624790668	-1420
10.2624840736	-1420
10.262524128	-816
10.262732029	-1420
10.2627720833	-1420
10.2627751827	-787
10.2628750801	543
10.2935020924	-1420
10.2935171127	-1420
10.2935631275	-787
10.3823940754	-543
10.4180121422	543
10.5216460228	-543
11.0514080524	-1420
11.0515429974	-1420
11.0515880585	-787
11.0536592007	543
11.0576660633	1057
11.1905779839	-1420
11.1905941963	-151
11.2565681934	543
11.4953401089	-543
11.8974452019	-1420
11.897536993	-1420
11.8975830078	-273
11.9281280041	-1420
11.9281980991	-665
13.2555379868	543
13.2557110786	543
13.2898111343	-543
14.2181391716	-543
14.2745990753	1057
14.407307148	-543
