0	-543
1.60171103477	543
1.6017780304	543
3.24767303467	-543
3.6884059906	543
3.84395909309	-543
3.84422397614	543
4.15892004967	-543
4.15943193436	-1380
4.15949010849	-1380
4.17351102829	-1380
4.28542995453	-544
4.28690505028	543
4.41313290596	543
4.51838302612	-543
4.51952910423	-1380
4.51956605911	-1380
4.51986002922	-1380
4.51988506317	-1380
4.52060890198	-1380
4.52066397667	-1380
4.52130699158	-1380
4.52133107185	-1380
4.54057502747	1086
4.56418991089	-1380
4.60226202011	543
4.64576292038	-119
4.64599609375	1380
4.70544290543	249
4.77171993256	-543
4.83211493492	543
4.8661429882	-1380
4.86622095108	-1380
4.88061499596	-1380
4.93817996979	-631
4.98791790009	-1380
4.98799395561	1086
4.98802399635	-1380
5.00148010254	-1380
5.00154089928	-1380
5.00194406509	-1380
5.06424808502	-412
5.11163806915	-1380
5.11166000366	-1380
5.12776899338	-1380
5.1277859211	1086
5.17651605606	-1380
5.22890591621	-793
5.29340910912	543
5.310338974	-1380
5.31040096283	-1380
5.31065511703	-1380
5.31072497368	-1380
5.31140899658	-1380
5.32512998581	-1380
5.35550189018	-1117
5.48192596436	-1086
5.48533296585	543
5.63512301445	-543
5.63521099091	-1380
5.63601088524	-1380
5.63608598709	-1380
5.63646101952	-1380
5.63649201393	-1380
5.63720107079	-1380
5.63724207878	-1380
5.63800311089	-1380
5.64488601685	-1380
5.64495491982	-1380
5.64966893196	-1380
5.64973497391	-1380
5.76129889488	-1119
6.64754104614	1380
6.6475520134	1380
6.64769601822	353
6.71236300468	-543
6.77460002899	1057
6.97254109383	-543
6.98708891869	-1380
6.98807907104	543
7.09860610962	-763
7.11437702179	1057
7.42774295807	-543
7.59322309494	-543
7.59419202805	543
7.9061961174	-543
7.9068570137	-1380
7.90689706802	-1380
7.90967512131	543
7.92070388794	-1380
8.03288412094	-573
10.8228559494	-543
11.1457180977	-543
11.5061991215	-543
